Time (s), esn 0 individual current (A)
0.62, 5.3008966E-4
1.24, 5.3008966E-4
1.86, 5.3008966E-4
2.48, 5.3008966E-4
3.1, 5.3008966E-4
3.72, 5.3008966E-4
4.3269033, 5.3008966E-4
4.946903, 5.3008966E-4
5.5669036, 5.3008966E-4
6.1869035, 5.3008966E-4
6.8069034, 5.3008966E-4
7.4269032, 5.3008966E-4
8.046904, 5.3008966E-4
8.6669035, 5.3008966E-4
9.286903, 5.3008966E-4
9.906903, 5.3008966E-4
10.526903, 5.3008966E-4
11.146903, 5.3008966E-4
11.766903, 5.3008966E-4
12.386903, 5.3008966E-4
13.006904, 5.3008966E-4
13.626904, 5.3008966E-4
14.246903, 5.3008966E-4
14.866903, 5.3008966E-4
15.486903, 5.3008966E-4
16.106903, 5.3008966E-4
16.726904, 5.3008966E-4
17.346903, 5.3008966E-4
17.966904, 5.3008966E-4
18.586903, 5.3008966E-4
19.206903, 5.3008966E-4
19.826902, 5.3008966E-4
20.439707, 5.300802E-4
21.059294, 5.2996125E-4
21.67888, 5.2967266E-4
22.298468, 5.292137E-4
22.918055, 5.285845E-4
23.537642, 5.2778545E-4
24.157228, 5.268167E-4
24.776815, 5.2567845E-4
25.396402, 5.243713E-4
26.01599, 5.228954E-4
26.635576, 5.212515E-4
27.255163, 5.194399E-4
27.87475, 5.174615E-4
28.494337, 5.153165E-4
29.113924, 5.1300594E-4
29.733511, 5.105305E-4
30.353098, 5.078908E-4
30.972685, 5.05088E-4
31.592272, 5.0212286E-4
32.21186, 4.989964E-4
32.831444, 4.9570954E-4
33.451035, 4.922634E-4
34.070618, 4.886591E-4
34.69021, 4.848976E-4
35.30979, 4.809806E-4
35.929382, 4.769091E-4
36.548965, 4.7268413E-4
37.168556, 4.683076E-4
37.78814, 4.637807E-4
38.40773, 4.5910463E-4
39.027313, 4.5428143E-4
39.646904, 4.4931215E-4
40.266487, 4.4419893E-4
40.886078, 4.3894295E-4
41.50566, 4.3354614E-4
42.12525, 4.2801027E-4
42.744835, 4.2233715E-4
43.364426, 4.1652852E-4
43.98401, 4.1058636E-4
44.6036, 4.0451257E-4
45.223183, 3.9830906E-4
45.842773, 3.9197787E-4
46.462357, 3.8552124E-4
47.081947, 3.7894095E-4
47.70153, 3.7223936E-4
48.32112, 3.654186E-4
48.940704, 3.584809E-4
49.560295, 3.514285E-4
50.180016, 3.4460291E-4
50.800014, 3.428689E-4
51.420017, 3.428689E-4
52.040016, 3.428689E-4
52.660015, 3.428689E-4
53.280014, 3.428689E-4
53.900017, 3.428689E-4
54.520016, 3.428689E-4
55.140015, 3.428689E-4
55.760017, 3.428689E-4
56.380016, 3.428689E-4
57.000015, 3.428689E-4
57.620014, 3.428689E-4
58.240017, 3.428689E-4
58.860016, 3.428689E-4
59.480015, 3.428689E-4
