Time (s), esn 0 individual current (A)
0.62, -1.254984E-4
1.24, -1.46207E-4
1.86, -1.4094361E-4
2.48, -1.3969795E-4
3.1, -1.4095186E-4
3.72, -1.438753E-4
4.3269033, -1.4366196E-4
4.946903, -1.4393403E-4
5.5669036, -1.4409157E-4
6.1869035, -1.4681501E-4
6.8069034, -1.4602534E-4
7.4269032, -1.470785E-4
8.046904, -1.4620577E-4
8.6669035, -1.4810462E-4
9.286903, -1.4828937E-4
9.906903, -1.4730265E-4
10.526903, -1.4942538E-4
11.146903, -1.4906478E-4
11.766903, -1.4854646E-4
12.386903, -1.496692E-4
13.006904, -1.4838767E-4
13.626904, -1.4864285E-4
14.246903, -1.5036434E-4
14.866903, -1.4881438E-4
15.486903, -1.4944015E-4
16.106903, -1.4813083E-4
16.726904, -1.4684375E-4
17.346903, -1.5120138E-4
17.966904, -1.494245E-4
18.586903, -1.5041718E-4
19.206903, -1.4945703E-4
19.826902, -1.4818167E-4
20.439707, -1.4904073E-4
21.059294, -1.4965096E-4
21.67888, -1.4917243E-4
22.298468, -1.4711653E-4
22.918055, -1.5026223E-4
23.537642, -1.4954849E-4
24.157228, -1.4891231E-4
24.776815, -1.5143165E-4
25.396402, -1.4980805E-4
26.01599, -1.4882002E-4
26.635576, -1.4875135E-4
27.255163, -1.4962266E-4
27.87475, -1.4857895E-4
28.494337, -1.4833022E-4
29.113924, -1.4788003E-4
29.733511, -1.4846103E-4
30.353098, -1.4879798E-4
30.972685, -1.4598996E-4
31.592272, -1.4865093E-4
32.21186, -1.4775792E-4
32.831444, -1.4937691E-4
33.451035, -1.4518594E-4
34.070618, -1.456227E-4
34.69021, -1.4808823E-4
35.30979, -1.4627064E-4
35.929382, -1.4682421E-4
36.548965, -1.4680404E-4
37.168556, -1.4619641E-4
37.78814, -1.4396172E-4
38.40773, -1.4560643E-4
39.027313, -1.4276641E-4
39.646904, -1.430476E-4
40.266487, -1.4359855E-4
40.886078, -1.4146688E-4
41.50566, -1.4385187E-4
42.12525, -1.4061094E-4
42.744835, -1.4106702E-4
43.364426, -1.4043624E-4
43.98401, -1.3946313E-4
44.6036, -1.3837268E-4
45.223183, -1.3799308E-4
45.842773, -1.3697878E-4
46.462357, -1.3598625E-4
47.081947, -1.3752548E-4
47.70153, -1.3632953E-4
48.32112, -1.3594996E-4
48.940704, -1.341944E-4
49.560295, -1.3326075E-4
50.180016, -1.3139426E-4
50.800014, -1.3372515E-4
51.420017, -1.333463E-4
52.040016, -1.3391436E-4
52.660015, -1.3068135E-4
53.280014, -1.308874E-4
53.900017, -1.2877221E-4
54.520016, -1.2892514E-4
55.140015, -1.288164E-4
55.760017, -1.2876761E-4
56.380016, -1.288036E-4
57.000015, -1.2880772E-4
57.620014, -1.2907271E-4
58.240017, -1.2902248E-4
58.860016, -1.3002208E-4
59.480015, -1.2782525E-4
