Time (s), esn 1 individual current (A)
0.62, 3.3576664E-5
1.24, 3.3915716E-5
1.86, 3.4299035E-5
2.48, 3.391411E-5
3.1, 3.3575896E-5
3.72, 3.4414905E-5
4.3269033, 3.371899E-5
4.946903, 3.4157347E-5
5.5669036, 3.3591547E-5
6.1869035, 3.4093555E-5
6.8069034, 3.4482608E-5
7.4269032, 3.4462708E-5
8.046904, 3.3584292E-5
8.6669035, 3.3950586E-5
9.286903, 3.4437177E-5
9.906903, 3.3814737E-5
10.526903, 3.369474E-5
11.146903, 3.4520453E-5
11.766903, 3.3814413E-5
12.386903, 3.3746343E-5
13.006904, 3.4163724E-5
13.626904, 3.3843397E-5
14.246903, 3.3744585E-5
14.866903, 3.3681423E-5
15.486903, 3.4113604E-5
16.106903, 3.406496E-5
16.726904, 3.432258E-5
17.346903, 3.374343E-5
17.966904, 3.3882E-5
18.586903, 3.3940574E-5
19.206903, 3.3659388E-5
19.826902, 3.3573135E-5
20.439707, 3.3957695E-5
21.059294, 3.378997E-5
21.67888, 3.4025612E-5
22.298468, 3.444343E-5
22.918055, 3.4031153E-5
23.537642, 3.3538337E-5
24.157228, 3.410525E-5
24.776815, 3.3702487E-5
25.396402, 3.365834E-5
26.01599, 3.2943095E-5
26.635576, 3.330823E-5
27.255163, 3.3363256E-5
27.87475, 3.3236665E-5
28.494337, 3.3513745E-5
29.113924, 3.267814E-5
29.733511, 3.251536E-5
30.353098, 3.3313954E-5
30.972685, 3.239799E-5
31.592272, 3.296792E-5
32.21186, 3.167132E-5
32.831444, 3.257852E-5
33.451035, 3.2468768E-5
34.070618, 3.1889926E-5
34.69021, 3.1188796E-5
35.30979, 3.16772E-5
35.929382, 3.0783325E-5
36.548965, 3.0514351E-5
37.168556, 2.9834582E-5
37.78814, 3.0915682E-5
38.40773, 2.956E-5
39.027313, 2.9170642E-5
39.646904, 2.8613325E-5
40.266487, 2.8787703E-5
40.886078, 2.8016482E-5
41.50566, 2.758755E-5
42.12525, 2.7436354E-5
42.744835, 2.661619E-5
43.364426, 2.5795784E-5
43.98401, 2.6238931E-5
44.6036, 2.604942E-5
45.223183, 2.518101E-5
45.842773, 2.476731E-5
46.462357, 2.4922008E-5
47.081947, 2.4834784E-5
47.70153, 2.411837E-5
48.32112, 2.363477E-5
48.940704, 2.2738865E-5
49.560295, 2.2415732E-5
50.180016, 2.1486208E-5
50.800014, 2.2280496E-5
51.420017, 2.1666532E-5
52.040016, 2.1684727E-5
52.660015, 2.1839573E-5
53.280014, 2.2374112E-5
53.900017, 2.1680366E-5
54.520016, 2.26813E-5
55.140015, 2.1889016E-5
55.760017, 2.2336555E-5
56.380016, 2.1654963E-5
57.000015, 2.1587055E-5
57.620014, 2.2311142E-5
58.240017, 2.1564205E-5
58.860016, 2.2085165E-5
59.480015, 2.2325301E-5
