Time (s), esn 1 individual current (A)
0.62, -4.6969075E-5
1.24, -5.40954E-5
1.86, -5.27611E-5
2.48, -5.1261624E-5
3.1, -4.998427E-5
3.72, -5.1696992E-5
4.3269033, -5.166431E-5
4.946903, -5.258389E-5
5.5669036, -5.270562E-5
6.1869035, -5.321171E-5
6.8069034, -5.2840544E-5
7.4269032, -5.1680574E-5
8.046904, -5.2975687E-5
8.6669035, -5.385178E-5
9.286903, -5.380128E-5
9.906903, -5.3054016E-5
10.526903, -5.4661632E-5
11.146903, -5.340837E-5
11.766903, -5.4138884E-5
12.386903, -5.4867152E-5
13.006904, -5.3523894E-5
13.626904, -5.3600244E-5
14.246903, -5.467855E-5
14.866903, -5.349054E-5
15.486903, -5.426054E-5
16.106903, -5.4746233E-5
16.726904, -5.4000902E-5
17.346903, -5.444566E-5
17.966904, -5.4525335E-5
18.586903, -5.4570566E-5
19.206903, -5.438029E-5
19.826902, -5.356614E-5
20.439707, -5.3731284E-5
21.059294, -5.394727E-5
21.67888, -5.393628E-5
22.298468, -5.4965913E-5
22.918055, -5.331545E-5
23.537642, -5.4228232E-5
24.157228, -5.3909298E-5
24.776815, -5.3381318E-5
25.396402, -5.4289398E-5
26.01599, -5.408778E-5
26.635576, -5.403783E-5
27.255163, -5.4022155E-5
27.87475, -5.354693E-5
28.494337, -5.5245466E-5
29.113924, -5.4029962E-5
29.733511, -5.3280128E-5
30.353098, -5.340005E-5
30.972685, -5.430149E-5
31.592272, -5.3781023E-5
32.21186, -5.3451782E-5
32.831444, -5.361772E-5
33.451035, -5.3055035E-5
34.070618, -5.4009237E-5
34.69021, -5.3752738E-5
35.30979, -5.329154E-5
35.929382, -5.3468415E-5
36.548965, -5.3258515E-5
37.168556, -5.365119E-5
37.78814, -5.1499534E-5
38.40773, -5.2504125E-5
39.027313, -5.2605166E-5
39.646904, -5.114251E-5
40.266487, -5.0643746E-5
40.886078, -5.1338993E-5
41.50566, -5.1268195E-5
42.12525, -5.1195224E-5
42.744835, -5.1521813E-5
43.364426, -5.0048373E-5
43.98401, -5.0161198E-5
44.6036, -5.051562E-5
45.223183, -4.9385704E-5
45.842773, -4.8952752E-5
46.462357, -4.9560065E-5
47.081947, -4.9967377E-5
47.70153, -4.8280715E-5
48.32112, -4.78177E-5
48.940704, -4.7468762E-5
49.560295, -4.8261438E-5
50.180016, -4.843111E-5
50.800014, -4.6664947E-5
51.420017, -4.7474587E-5
52.040016, -4.697942E-5
52.660015, -4.576557E-5
53.280014, -4.5524477E-5
53.900017, -4.6024023E-5
54.520016, -4.4621484E-5
55.140015, -4.6188976E-5
55.760017, -4.5516983E-5
56.380016, -4.5756155E-5
57.000015, -4.531277E-5
57.620014, -4.516451E-5
58.240017, -4.50832E-5
58.860016, -4.5552482E-5
59.480015, -4.6099263E-5
