Time (s), esn 1 individual current (A)
0.62, -1.8570058E-4
1.24, -1.9373267E-4
1.86, -1.8674791E-4
2.48, -1.8605337E-4
3.1, -1.8371751E-4
3.72, -1.8280004E-4
4.3269033, -1.8311755E-4
4.946903, -1.8456538E-4
5.5669036, -1.8362113E-4
6.1869035, -1.8253572E-4
6.8069034, -1.8185179E-4
7.4269032, -1.8176192E-4
8.046904, -1.8111346E-4
8.6669035, -1.811573E-4
9.286903, -1.833005E-4
9.906903, -1.8079724E-4
10.526903, -1.8042058E-4
11.146903, -1.8153993E-4
11.766903, -1.810244E-4
12.386903, -1.806749E-4
13.006904, -1.8285147E-4
13.626904, -1.8057873E-4
14.246903, -1.797004E-4
14.866903, -1.7984801E-4
15.486903, -1.7769633E-4
16.106903, -1.8197934E-4
16.726904, -1.8173704E-4
17.346903, -1.781161E-4
17.966904, -1.7915979E-4
18.586903, -1.8099886E-4
19.206903, -1.7890711E-4
19.826902, -1.7903566E-4
20.439707, -1.7953625E-4
21.059294, -1.8073649E-4
21.67888, -1.8099287E-4
22.298468, -1.7931314E-4
22.918055, -1.7880747E-4
23.537642, -1.7987039E-4
24.157228, -1.7844125E-4
24.776815, -1.7982771E-4
25.396402, -1.7771339E-4
26.01599, -1.7788463E-4
26.635576, -1.7528345E-4
27.255163, -1.7835949E-4
27.87475, -1.7292812E-4
28.494337, -1.7360803E-4
29.113924, -1.7341225E-4
29.733511, -1.7372501E-4
30.353098, -1.7102277E-4
30.972685, -1.7012545E-4
31.592272, -1.6810425E-4
32.21186, -1.6834385E-4
32.831444, -1.6424476E-4
33.451035, -1.6652381E-4
34.070618, -1.6217555E-4
34.69021, -1.6199767E-4
35.30979, -1.5976769E-4
35.929382, -1.5809873E-4
36.548965, -1.5681231E-4
37.168556, -1.5406543E-4
37.78814, -1.5371382E-4
38.40773, -1.5285713E-4
39.027313, -1.4965217E-4
39.646904, -1.4721171E-4
40.266487, -1.4511235E-4
40.886078, -1.4287775E-4
41.50566, -1.4097012E-4
42.12525, -1.3921355E-4
42.744835, -1.3548964E-4
43.364426, -1.3335788E-4
43.98401, -1.2976989E-4
44.6036, -1.2906574E-4
45.223183, -1.2436193E-4
45.842773, -1.2297457E-4
46.462357, -1.2131103E-4
47.081947, -1.1911036E-4
47.70153, -1.16049516E-4
48.32112, -1.1294149E-4
48.940704, -1.10782654E-4
49.560295, -1.0720341E-4
50.180016, -1.0394237E-4
50.800014, -1.0345455E-4
51.420017, -1.0361608E-4
52.040016, -1.0378042E-4
52.660015, -1.032144E-4
53.280014, -1.0338785E-4
53.900017, -1.0358608E-4
54.520016, -1.0335999E-4
55.140015, -1.0339446E-4
55.760017, -1.0207611E-4
56.380016, -1.0520609E-4
57.000015, -1.0247159E-4
57.620014, -1.0298165E-4
58.240017, -1.0355035E-4
58.860016, -1.0433504E-4
59.480015, -1.033895E-4
