Time (s), esn 0 net current (A), esn 0 collected current (A), esn 0 emitted current (A)
0.62, 8.7401415E-5, -4.4268824E-4, -5.3008966E-4
1.24, 1.6991355E-5, -5.130983E-4, -5.3008966E-4
1.86, 1.9342346E-5, -5.107473E-4, -5.3008966E-4
2.48, 1.8529165E-5, -5.115605E-4, -5.3008966E-4
3.1, 2.2183496E-5, -5.0790614E-4, -5.3008966E-4
3.72, 1.7904391E-5, -5.121853E-4, -5.3008966E-4
4.3269033, 1.3009873E-5, -5.170798E-4, -5.3008966E-4
4.946903, 1.2709624E-5, -5.1738E-4, -5.3008966E-4
5.5669036, 1.43226E-5, -5.157671E-4, -5.3008966E-4
6.1869035, 8.54123E-6, -5.2154844E-4, -5.3008966E-4
6.8069034, 1.0947997E-5, -5.191417E-4, -5.3008966E-4
7.4269032, 9.334547E-6, -5.2075513E-4, -5.3008966E-4
8.046904, 9.582255E-6, -5.205074E-4, -5.3008966E-4
8.6669035, 7.788879E-6, -5.223008E-4, -5.3008966E-4
9.286903, 4.8076786E-6, -5.25282E-4, -5.3008966E-4
9.906903, 5.189399E-6, -5.249003E-4, -5.3008966E-4
10.526903, -2.0500831E-6, -5.3213973E-4, -5.3008966E-4
11.146903, 5.4201173E-6, -5.2466954E-4, -5.3008966E-4
11.766903, -1.104819E-7, -5.3020014E-4, -5.3008966E-4
12.386903, 1.7592251E-6, -5.2833045E-4, -5.3008966E-4
13.006904, 7.653442E-6, -5.224362E-4, -5.3008966E-4
13.626904, 4.304926E-8, -5.300466E-4, -5.3008966E-4
14.246903, -3.7156767E-6, -5.3380535E-4, -5.3008966E-4
14.866903, 2.5804338E-6, -5.275092E-4, -5.3008966E-4
15.486903, 1.0616476E-6, -5.29028E-4, -5.3008966E-4
16.106903, 3.0239255E-7, -5.2978727E-4, -5.3008966E-4
16.726904, 6.1746086E-6, -5.2391505E-4, -5.3008966E-4
17.346903, 1.6163441E-6, -5.284733E-4, -5.3008966E-4
17.966904, -9.2928155E-7, -5.3101894E-4, -5.3008966E-4
18.586903, -2.7555545E-6, -5.328452E-4, -5.3008966E-4
19.206903, -2.0198133E-6, -5.3210946E-4, -5.3008966E-4
19.826902, 2.441571E-6, -5.276481E-4, -5.3008966E-4
20.439707, 5.1162283E-7, -5.295685E-4, -5.300802E-4
21.059294, -2.3154986E-7, -5.301928E-4, -5.2996125E-4
21.67888, -1.7402225E-7, -5.2984664E-4, -5.2967266E-4
22.298468, 8.143792E-6, -5.210699E-4, -5.292137E-4
22.918055, 1.6219174E-6, -5.269626E-4, -5.285845E-4
23.537642, -2.3429395E-6, -5.301284E-4, -5.2778545E-4
24.157228, 2.9231103E-6, -5.2389357E-4, -5.268167E-4
24.776815, -3.8682915E-6, -5.2954676E-4, -5.2567845E-4
25.396402, -1.319133E-6, -5.256904E-4, -5.243713E-4
26.01599, -4.0268187E-6, -5.2692223E-4, -5.228954E-4
26.635576, -7.1042455E-6, -5.2835577E-4, -5.212515E-4
27.255163, 1.2721133E-6, -5.181678E-4, -5.194399E-4
27.87475, -4.5070297E-7, -5.179122E-4, -5.174615E-4
28.494337, -1.8288441E-6, -5.171453E-4, -5.153165E-4
29.113924, 8.9795924E-7, -5.12108E-4, -5.1300594E-4
29.733511, 9.736033E-8, -5.1043316E-4, -5.105305E-4
30.353098, 1.255434E-6, -5.066354E-4, -5.078908E-4
30.972685, -3.38236E-6, -5.084704E-4, -5.05088E-4
31.592272, -7.018979E-6, -5.091418E-4, -5.0212286E-4
32.21186, -5.2059445E-6, -5.042023E-4, -4.989964E-4
32.831444, -3.7375532E-6, -4.994471E-4, -4.9570954E-4
33.451035, 5.767422E-7, -4.916867E-4, -4.922634E-4
34.070618, -1.5583224E-6, -4.902174E-4, -4.886591E-4
34.69021, -1.0096521E-5, -4.9499416E-4, -4.848976E-4
35.30979, -4.725125E-6, -4.8570574E-4, -4.809806E-4
35.929382, -7.3398514E-6, -4.8424894E-4, -4.769091E-4
36.548965, -8.635522E-6, -4.8131964E-4, -4.7268413E-4
37.168556, -6.402918E-6, -4.7471054E-4, -4.683076E-4
37.78814, -7.91277E-6, -4.716935E-4, -4.637807E-4
38.40773, -8.844238E-6, -4.6794888E-4, -4.5910463E-4
39.027313, -5.1068273E-6, -4.5938825E-4, -4.5428143E-4
39.646904, -4.073564E-6, -4.5338573E-4, -4.4931215E-4
40.266487, -7.6235146E-6, -4.5182245E-4, -4.4419893E-4
40.886078, -6.3782004E-6, -4.4532114E-4, -4.3894295E-4
41.50566, -1.0387973E-5, -4.439341E-4, -4.3354614E-4
42.12525, -9.076399E-6, -4.3708668E-4, -4.2801027E-4
42.744835, -7.101943E-6, -4.294391E-4, -4.2233715E-4
43.364426, -1.304516E-5, -4.2957367E-4, -4.1652852E-4
43.98401, -1.3119072E-5, -4.2370544E-4, -4.1058636E-4
44.6036, -7.651809E-6, -4.1216437E-4, -4.0451257E-4
45.223183, -7.494678E-6, -4.0580376E-4, -3.9830906E-4
45.842773, -1.127048E-5, -4.0324836E-4, -3.9197787E-4
46.462357, -1.0540699E-5, -3.9606195E-4, -3.8552124E-4
47.081947, -1.3706475E-5, -3.9264743E-4, -3.7894095E-4
47.70153, -1.19278175E-5, -3.841672E-4, -3.7223936E-4
48.32112, -1.4209382E-5, -3.7962798E-4, -3.654186E-4
48.940704, -9.701938E-6, -3.6818284E-4, -3.584809E-4
49.560295, -1.3607664E-5, -3.6503616E-4, -3.514285E-4
50.180016, -1.0729107E-5, -3.55332E-4, -3.4460291E-4
50.800014, -1.1827392E-5, -3.546963E-4, -3.428689E-4
51.420017, -1.1282063E-5, -3.5415098E-4, -3.428689E-4
52.040016, -1.1344672E-5, -3.5421358E-4, -3.428689E-4
52.660015, -7.650202E-6, -3.505191E-4, -3.428689E-4
53.280014, -8.889123E-6, -3.5175803E-4, -3.428689E-4
53.900017, -3.780243E-6, -3.4664915E-4, -3.428689E-4
54.520016, -4.565117E-6, -3.4743402E-4, -3.428689E-4
55.140015, -7.6075725E-7, -3.4362965E-4, -3.428689E-4
55.760017, -2.637804E-6, -3.455067E-4, -3.428689E-4
56.380016, -1.9716783E-6, -3.4484058E-4, -3.428689E-4
57.000015, -4.479039E-6, -3.4734796E-4, -3.428689E-4
57.620014, -2.2731565E-6, -3.4514206E-4, -3.428689E-4
58.240017, -4.7151493E-6, -3.4758405E-4, -3.428689E-4
58.860016, -1.1025292E-6, -3.4397145E-4, -3.428689E-4
59.480015, -9.6488584E-8, -3.429654E-4, -3.428689E-4
