 Energy_[eV], 10nm, 50nm, 100nm, 1um 
 20.0, 4.911833E-4, 4.911833E-4, 4.911833E-4, 4.911833E-4
 40.0, 4.911833E-4, 4.911833E-4, 4.911833E-4, 4.911833E-4
 60.0, 4.911833E-4, 4.911833E-4, 4.911833E-4, 4.911833E-4
 80.0, 4.911833E-4, 4.911833E-4, 4.911833E-4, 4.911833E-4
 100.0, 4.911833E-4, 4.911833E-4, 4.911833E-4, 4.911833E-4
 120.0, 4.911833E-4, 4.911833E-4, 4.911833E-4, 4.911833E-4
 140.0, 4.911833E-4, 4.911833E-4, 4.911833E-4, 4.911833E-4
 160.0, 4.911833E-4, 4.911833E-4, 4.911833E-4, 4.911833E-4
 180.0, 4.911833E-4, 4.911833E-4, 4.911833E-4, 4.911833E-4
 200.0, 4.911833E-4, 4.911833E-4, 4.911833E-4, 4.911833E-4
 220.0, 4.911833E-4, 4.911833E-4, 4.911833E-4, 4.911833E-4
 240.0, 4.911833E-4, 4.911833E-4, 4.911833E-4, 4.911833E-4
 260.0, 4.911833E-4, 4.911833E-4, 4.911833E-4, 4.911833E-4
 280.0, 4.911833E-4, 4.911833E-4, 4.911833E-4, 4.911833E-4
 300.0, 4.911833E-4, 4.911833E-4, 4.911833E-4, 4.911833E-4
 320.0, 4.911833E-4, 4.911833E-4, 4.911833E-4, 4.911833E-4
 340.0, 4.911833E-4, 4.911833E-4, 4.911833E-4, 4.911833E-4
 360.0, 4.911833E-4, 4.911833E-4, 4.911833E-4, 4.911833E-4
 380.0, 4.911833E-4, 4.911833E-4, 4.911833E-4, 4.911833E-4
 400.0, 4.911833E-4, 4.911833E-4, 4.911833E-4, 4.911833E-4
 420.0, 4.911833E-4, 4.911833E-4, 4.911833E-4, 4.911833E-4
 440.0, 4.911833E-4, 4.911833E-4, 4.911833E-4, 4.911833E-4
 460.0, 4.911833E-4, 4.911833E-4, 4.911833E-4, 4.911833E-4
 480.0, 4.911833E-4, 4.911833E-4, 4.911833E-4, 4.911833E-4
 500.0, 4.911833E-4, 4.911833E-4, 4.911833E-4, 4.911833E-4
 520.0, 4.911833E-4, 4.911833E-4, 4.911833E-4, 4.911833E-4
 540.0, 4.911833E-4, 4.911833E-4, 4.911833E-4, 4.911833E-4
 560.0, 4.911833E-4, 4.911833E-4, 4.911833E-4, 4.911833E-4
 580.0, 4.911833E-4, 4.911833E-4, 4.911833E-4, 4.911833E-4
 600.0, 4.911833E-4, 4.911833E-4, 4.911833E-4, 4.911833E-4
 620.0, 4.911833E-4, 4.911833E-4, 4.911833E-4, 4.911833E-4
 640.0, 4.911833E-4, 4.911833E-4, 4.911833E-4, 4.911833E-4
 660.0, 4.911833E-4, 4.911833E-4, 4.911833E-4, 4.911833E-4
 680.0, 4.911833E-4, 4.911833E-4, 4.911833E-4, 4.911833E-4
 700.0, 4.911833E-4, 4.911833E-4, 4.911833E-4, 4.911833E-4
 720.0, 4.911833E-4, 4.911833E-4, 4.911833E-4, 4.911833E-4
 740.0, 4.911833E-4, 4.911833E-4, 4.911833E-4, 4.911833E-4
 760.0, 4.911833E-4, 4.911833E-4, 4.911833E-4, 4.911833E-4
 780.0, 4.911833E-4, 4.911833E-4, 4.911833E-4, 4.911833E-4
 800.0, 4.911833E-4, 4.911833E-4, 4.911833E-4, 4.911833E-4
 820.0, 4.911833E-4, 4.911833E-4, 4.911833E-4, 4.911833E-4
 840.0, 4.911833E-4, 4.911833E-4, 4.911833E-4, 4.911833E-4
 860.0, 4.911833E-4, 4.911833E-4, 4.911833E-4, 4.911833E-4
 880.0, 4.911833E-4, 4.911833E-4, 4.911833E-4, 4.911833E-4
 900.0, 4.911833E-4, 4.911833E-4, 4.911833E-4, 4.911833E-4
 920.0, 4.911833E-4, 4.911833E-4, 4.911833E-4, 4.911833E-4
 940.0, 4.911833E-4, 4.911833E-4, 4.911833E-4, 4.911833E-4
 960.0, 4.911833E-4, 4.911833E-4, 4.911833E-4, 4.911833E-4
 980.0, 4.911833E-4, 4.911833E-4, 4.911833E-4, 4.911833E-4
 1000.0, 4.911833E-4, 4.911833E-4, 4.911833E-4, 4.911833E-4
 1020.0, 4.911833E-4, 4.911833E-4, 4.911833E-4, 4.911833E-4
 1040.0, 4.911833E-4, 4.911833E-4, 4.911833E-4, 4.911833E-4
 1060.0, 4.911833E-4, 4.911833E-4, 4.911833E-4, 4.911833E-4
 1080.0, 4.911833E-4, 4.911833E-4, 4.911833E-4, 4.911833E-4
 1100.0, 4.911833E-4, 4.911833E-4, 4.911833E-4, 4.911833E-4
 1120.0, 4.911833E-4, 4.911833E-4, 4.911833E-4, 4.911833E-4
 1140.0, 4.911833E-4, 4.911833E-4, 4.911833E-4, 4.911833E-4
 1160.0, 4.911833E-4, 4.911833E-4, 4.911833E-4, 4.911833E-4
 1180.0, 4.911833E-4, 4.911833E-4, 4.911833E-4, 4.911833E-4
 1200.0, 4.911833E-4, 4.911833E-4, 4.911833E-4, 4.911833E-4
 1220.0, 4.911833E-4, 4.911833E-4, 4.911833E-4, 4.911833E-4
 1240.0, 4.911833E-4, 4.911833E-4, 4.911833E-4, 4.911833E-4
 1260.0, 4.911833E-4, 4.911833E-4, 4.911833E-4, 4.911833E-4
 1280.0, 4.911833E-4, 4.911833E-4, 4.911833E-4, 4.911833E-4
 1300.0, 4.911833E-4, 4.911833E-4, 4.911833E-4, 4.911833E-4
 1320.0, 4.911833E-4, 4.911833E-4, 4.911833E-4, 4.911833E-4
 1340.0, 4.911833E-4, 4.911833E-4, 4.911833E-4, 4.911833E-4
 1360.0, 4.911833E-4, 4.911833E-4, 4.911833E-4, 4.911833E-4
 1380.0, 4.911833E-4, 4.911833E-4, 4.911833E-4, 4.911833E-4
 1400.0, 4.911833E-4, 4.911833E-4, 4.911833E-4, 4.911833E-4
 1420.0, 4.911833E-4, 4.911833E-4, 4.911833E-4, 4.911833E-4
 1440.0, 4.911833E-4, 4.911833E-4, 4.911833E-4, 4.911833E-4
 1460.0, 4.911833E-4, 4.911833E-4, 4.911833E-4, 4.911833E-4
 1480.0, 4.911833E-4, 4.911833E-4, 4.911833E-4, 4.911833E-4
 1500.0, 4.911833E-4, 4.911833E-4, 4.911833E-4, 4.911833E-4
 1520.0, 4.911833E-4, 4.911833E-4, 4.911833E-4, 4.911833E-4
 1540.0, 4.911833E-4, 4.911833E-4, 4.911833E-4, 4.911833E-4
 1560.0, 4.911833E-4, 4.911833E-4, 4.911833E-4, 4.911833E-4
 1580.0, 4.911833E-4, 4.911833E-4, 4.911833E-4, 4.911833E-4
 1600.0, 4.911833E-4, 4.911833E-4, 4.911833E-4, 4.911833E-4
 1620.0, 4.911833E-4, 4.911833E-4, 4.911833E-4, 4.911833E-4
 1640.0, 4.911833E-4, 4.911833E-4, 4.911833E-4, 4.911833E-4
 1660.0, 4.911833E-4, 4.911833E-4, 4.911833E-4, 4.911833E-4
 1680.0, 4.911833E-4, 4.911833E-4, 4.911833E-4, 4.911833E-4
 1700.0, 4.911833E-4, 4.911833E-4, 4.911833E-4, 4.911833E-4
 1720.0, 4.911833E-4, 4.911833E-4, 4.911833E-4, 4.911833E-4
 1740.0, 4.911833E-4, 4.911833E-4, 4.911833E-4, 4.911833E-4
 1760.0, 4.911833E-4, 4.911833E-4, 4.911833E-4, 4.911833E-4
 1780.0, 4.911833E-4, 4.911833E-4, 4.911833E-4, 4.911833E-4
 1800.0, 4.911833E-4, 4.911833E-4, 4.911833E-4, 4.911833E-4
 1820.0, 4.911833E-4, 4.911833E-4, 4.911833E-4, 4.911833E-4
 1840.0, 4.911833E-4, 4.911833E-4, 4.911833E-4, 4.911833E-4
 1860.0, 4.911833E-4, 4.911833E-4, 4.911833E-4, 4.911833E-4
 1880.0, 4.911833E-4, 4.911833E-4, 4.911833E-4, 4.911833E-4
 1900.0, 4.911833E-4, 4.911833E-4, 4.911833E-4, 4.911833E-4
 1920.0, 4.911833E-4, 4.911833E-4, 4.911833E-4, 4.911833E-4
 1940.0, 4.911833E-4, 4.911833E-4, 4.911833E-4, 4.911833E-4
 1960.0, 4.911833E-4, 4.911833E-4, 4.911833E-4, 4.911833E-4
 1980.0, 4.911833E-4, 4.911833E-4, 4.911833E-4, 4.911833E-4
 2000.0, 4.911833E-4, 4.911833E-4, 4.911833E-4, 4.911833E-4
 2020.0, 4.911833E-4, 4.911833E-4, 4.911833E-4, 4.911833E-4
 2040.0, 4.911833E-4, 4.911833E-4, 4.911833E-4, 4.911833E-4
 2060.0, 4.911833E-4, 4.911833E-4, 4.911833E-4, 4.911833E-4
 2080.0, 4.911833E-4, 4.911833E-4, 4.911833E-4, 4.911833E-4
 2100.0, 4.911833E-4, 4.911833E-4, 4.911833E-4, 4.911833E-4
 2120.0, 4.911833E-4, 4.911833E-4, 4.911833E-4, 4.911833E-4
 2140.0, 4.911833E-4, 4.911833E-4, 4.911833E-4, 4.911833E-4
 2160.0, 4.911833E-4, 4.911833E-4, 4.911833E-4, 4.911833E-4
 2180.0, 4.911833E-4, 4.911833E-4, 4.911833E-4, 4.911833E-4
 2200.0, 4.911833E-4, 4.911833E-4, 4.911833E-4, 4.911833E-4
 2220.0, 4.911833E-4, 4.911833E-4, 4.911833E-4, 4.911833E-4
 2240.0, 4.911833E-4, 4.911833E-4, 4.911833E-4, 4.911833E-4
 2260.0, 4.911833E-4, 4.911833E-4, 4.911833E-4, 4.911833E-4
 2280.0, 4.911833E-4, 4.911833E-4, 4.911833E-4, 4.911833E-4
 2300.0, 4.911833E-4, 4.911833E-4, 4.911833E-4, 4.911833E-4
 2320.0, 4.911833E-4, 4.911833E-4, 4.911833E-4, 4.911833E-4
 2340.0, 4.911833E-4, 4.911833E-4, 4.911833E-4, 4.911833E-4
 2360.0, 4.911833E-4, 4.911833E-4, 4.911833E-4, 4.911833E-4
 2380.0, 4.911833E-4, 4.911833E-4, 4.911833E-4, 4.911833E-4
 2400.0, 4.911833E-4, 4.911833E-4, 4.911833E-4, 4.911833E-4
 2420.0, 4.911833E-4, 4.911833E-4, 4.911833E-4, 4.911833E-4
 2440.0, 4.911833E-4, 4.911833E-4, 4.911833E-4, 4.911833E-4
 2460.0, 4.911833E-4, 4.911833E-4, 4.911833E-4, 4.911833E-4
 2480.0, 4.911833E-4, 4.911833E-4, 4.911833E-4, 4.911833E-4
 2500.0, 4.911833E-4, 4.911833E-4, 4.911833E-4, 4.911833E-4
 2520.0, 4.911833E-4, 4.911833E-4, 4.911833E-4, 4.911833E-4
 2540.0, 4.911833E-4, 4.911833E-4, 4.911833E-4, 4.911833E-4
 2560.0, 4.911833E-4, 4.911833E-4, 4.911833E-4, 4.911833E-4
 2580.0, 4.911833E-4, 4.911833E-4, 4.911833E-4, 4.911833E-4
 2600.0, 4.911833E-4, 4.911833E-4, 4.911833E-4, 4.911833E-4
 2620.0, 4.911833E-4, 4.911833E-4, 4.911833E-4, 4.911833E-4
 2640.0, 4.911833E-4, 4.911833E-4, 4.911833E-4, 4.911833E-4
 2660.0, 4.911833E-4, 4.911833E-4, 4.911833E-4, 4.911833E-4
 2680.0, 4.911833E-4, 4.911833E-4, 4.911833E-4, 4.911833E-4
 2700.0, 4.911833E-4, 4.911833E-4, 4.911833E-4, 4.911833E-4
 2720.0, 4.911833E-4, 4.911833E-4, 4.911833E-4, 4.911833E-4
 2740.0, 4.911833E-4, 4.911833E-4, 4.911833E-4, 4.911833E-4
 2760.0, 4.911833E-4, 4.911833E-4, 4.911833E-4, 4.911833E-4
 2780.0, 4.911833E-4, 4.911833E-4, 4.911833E-4, 4.911833E-4
 2800.0, 4.911833E-4, 4.911833E-4, 4.911833E-4, 4.911833E-4
 2820.0, 4.911833E-4, 4.911833E-4, 4.911833E-4, 4.911833E-4
 2840.0, 4.911833E-4, 4.911833E-4, 4.911833E-4, 4.911833E-4
 2860.0, 4.911833E-4, 4.911833E-4, 4.911833E-4, 4.911833E-4
 2880.0, 4.911833E-4, 4.911833E-4, 4.911833E-4, 4.911833E-4
 2900.0, 4.911833E-4, 4.911833E-4, 4.911833E-4, 4.911833E-4
 2920.0, 4.911833E-4, 4.911833E-4, 4.911833E-4, 4.911833E-4
 2940.0, 4.911833E-4, 4.911833E-4, 4.911833E-4, 4.911833E-4
 2960.0, 4.911833E-4, 4.911833E-4, 4.911833E-4, 4.911833E-4
 2980.0, 4.911833E-4, 4.911833E-4, 4.911833E-4, 4.911833E-4
 3000.0, 4.911833E-4, 4.911833E-4, 4.911833E-4, 4.911833E-4
 3020.0, 4.911833E-4, 4.911833E-4, 4.911833E-4, 4.911833E-4
 3040.0, 4.911833E-4, 4.911833E-4, 4.911833E-4, 4.911833E-4
 3060.0, 4.911833E-4, 4.911833E-4, 4.911833E-4, 4.911833E-4
 3080.0, 4.911833E-4, 4.911833E-4, 4.911833E-4, 4.911833E-4
 3100.0, 4.911833E-4, 4.911833E-4, 4.911833E-4, 4.911833E-4
 3120.0, 4.911833E-4, 4.911833E-4, 4.911833E-4, 4.911833E-4
 3140.0, 4.911833E-4, 4.911833E-4, 4.911833E-4, 4.911833E-4
 3160.0, 4.911833E-4, 4.911833E-4, 4.911833E-4, 4.911833E-4
 3180.0, 4.911833E-4, 4.911833E-4, 4.911833E-4, 4.911833E-4
 3200.0, 4.911833E-4, 4.911833E-4, 4.911833E-4, 4.911833E-4
 3220.0, 4.911833E-4, 4.911833E-4, 4.911833E-4, 4.911833E-4
 3240.0, 4.911833E-4, 4.911833E-4, 4.911833E-4, 4.911833E-4
 3260.0, 4.911833E-4, 4.911833E-4, 4.911833E-4, 4.911833E-4
 3280.0, 4.911833E-4, 4.911833E-4, 4.911833E-4, 4.911833E-4
 3300.0, 4.911833E-4, 4.911833E-4, 4.911833E-4, 4.911833E-4
 3320.0, 4.911833E-4, 4.911833E-4, 4.911833E-4, 4.911833E-4
 3340.0, 4.911833E-4, 4.911833E-4, 4.911833E-4, 4.911833E-4
 3360.0, 4.911833E-4, 4.911833E-4, 4.911833E-4, 4.911833E-4
 3380.0, 4.911833E-4, 4.911833E-4, 4.911833E-4, 4.911833E-4
 3400.0, 4.911833E-4, 4.911833E-4, 4.911833E-4, 4.911833E-4
 3420.0, 4.911833E-4, 4.911833E-4, 4.911833E-4, 4.911833E-4
 3440.0, 4.911833E-4, 4.911833E-4, 4.911833E-4, 4.911833E-4
 3460.0, 4.911833E-4, 4.911833E-4, 4.911833E-4, 4.911833E-4
 3480.0, 4.911833E-4, 4.911833E-4, 4.911833E-4, 4.911833E-4
 3500.0, 4.911833E-4, 4.911833E-4, 4.911833E-4, 4.911833E-4
 3520.0, 4.911833E-4, 4.911833E-4, 4.911833E-4, 4.911833E-4
 3540.0, 4.911833E-4, 4.911833E-4, 4.911833E-4, 4.911833E-4
 3560.0, 4.911833E-4, 4.911833E-4, 4.911833E-4, 4.911833E-4
 3580.0, 4.911833E-4, 4.911833E-4, 4.911833E-4, 4.911833E-4
 3600.0, 4.911833E-4, 4.911833E-4, 4.911833E-4, 4.911833E-4
 3620.0, 4.911833E-4, 4.911833E-4, 4.911833E-4, 4.911833E-4
 3640.0, 4.911833E-4, 4.911833E-4, 4.911833E-4, 4.911833E-4
 3660.0, 4.911833E-4, 4.911833E-4, 4.911833E-4, 4.911833E-4
 3680.0, 4.911833E-4, 4.911833E-4, 4.911833E-4, 4.911833E-4
 3700.0, 4.911833E-4, 4.911833E-4, 4.911833E-4, 4.911833E-4
 3720.0, 4.911833E-4, 4.911833E-4, 4.911833E-4, 4.911833E-4
 3740.0, 4.911833E-4, 4.911833E-4, 4.911833E-4, 4.911833E-4
 3760.0, 4.911833E-4, 4.911833E-4, 4.911833E-4, 4.911833E-4
 3780.0, 4.911833E-4, 4.911833E-4, 4.911833E-4, 4.911833E-4
 3800.0, 4.911833E-4, 4.911833E-4, 4.911833E-4, 4.911833E-4
 3820.0, 4.911833E-4, 4.911833E-4, 4.911833E-4, 4.911833E-4
 3840.0, 4.911833E-4, 4.911833E-4, 4.911833E-4, 4.911833E-4
 3860.0, 4.911833E-4, 4.911833E-4, 4.911833E-4, 4.911833E-4
 3880.0, 4.911833E-4, 4.911833E-4, 4.911833E-4, 4.911833E-4
 3900.0, 4.911833E-4, 4.911833E-4, 4.911833E-4, 4.911833E-4
 3920.0, 4.911833E-4, 4.911833E-4, 4.911833E-4, 4.911833E-4
 3940.0, 4.911833E-4, 4.911833E-4, 4.911833E-4, 4.911833E-4
 3960.0, 4.911833E-4, 4.911833E-4, 4.911833E-4, 4.911833E-4
 3980.0, 4.911833E-4, 4.911833E-4, 4.911833E-4, 4.911833E-4
 4000.0, 4.911833E-4, 4.911833E-4, 4.911833E-4, 4.911833E-4
