Energy (in eV), backscattering yield of material alox-reduced-PEY at incidence 30.0 degree
   X,       Y
0.0, 0.0
10.0, 0.0
20.0, 0.0
30.0, 0.0
40.0, 0.0
50.0, 0.0
60.0, 0.025361413
70.0, 0.043084163
80.0, 0.057505403
90.0, 0.06974318
100.0, 0.08038972
110.0, 0.089813955
120.0, 0.098265834
130.0, 0.105924115
140.0, 0.11292166
150.0, 0.11936018
160.0, 0.12531936
170.0, 0.1308629
180.0, 0.13604257
190.0, 0.14090094
200.0, 0.14547355
210.0, 0.14979038
220.0, 0.15387686
230.0, 0.15775484
240.0, 0.1614432
250.0, 0.1649584
260.0, 0.16831477
270.0, 0.17152503
280.0, 0.17460035
290.0, 0.17755075
300.0, 0.1803851
310.0, 0.18311141
320.0, 0.18573688
330.0, 0.188268
340.0, 0.19071072
350.0, 0.19307029
360.0, 0.19535172
370.0, 0.1975594
380.0, 0.19969746
390.0, 0.2017697
400.0, 0.20377955
410.0, 0.20573023
420.0, 0.2076247
430.0, 0.20946574
440.0, 0.2112559
450.0, 0.21299751
460.0, 0.21469282
470.0, 0.2163439
480.0, 0.21795268
490.0, 0.21952099
500.0, 0.2210505
510.0, 0.22254278
520.0, 0.22399938
530.0, 0.2254217
540.0, 0.22681104
550.0, 0.22816868
560.0, 0.22949581
570.0, 0.2307935
580.0, 0.2320629
590.0, 0.2333049
600.0, 0.23452055
610.0, 0.23571073
620.0, 0.23687626
630.0, 0.23801802
640.0, 0.23913671
650.0, 0.24023311
660.0, 0.24130794
670.0, 0.24236186
680.0, 0.2433955
690.0, 0.24440953
700.0, 0.24540448
710.0, 0.24638088
720.0, 0.24733937
730.0, 0.24828039
740.0, 0.24920447
750.0, 0.25011203
760.0, 0.25100353
770.0, 0.25187948
780.0, 0.25274026
790.0, 0.25358623
800.0, 0.25441787
810.0, 0.25523546
820.0, 0.25603935
830.0, 0.25683
840.0, 0.25760764
850.0, 0.25837258
860.0, 0.25912523
870.0, 0.2598658
880.0, 0.2605946
890.0, 0.26131192
900.0, 0.26201802
910.0, 0.26271316
920.0, 0.2633976
930.0, 0.26407155
940.0, 0.26473528
950.0, 0.26538903
960.0, 0.26603296
970.0, 0.26666734
980.0, 0.26729235
990.0, 0.2679082
1000.0, 0.26851508
1010.0, 0.26834142
1020.0, 0.26816812
1030.0, 0.26799515
1040.0, 0.2678225
1050.0, 0.2676502
1060.0, 0.2674782
1070.0, 0.26730654
1080.0, 0.2671352
1090.0, 0.2669642
1100.0, 0.26679352
1110.0, 0.26662314
1120.0, 0.26645312
1130.0, 0.2662834
1140.0, 0.266114
1150.0, 0.26594493
1160.0, 0.2657762
1170.0, 0.26560774
1180.0, 0.26543963
1190.0, 0.26527184
1200.0, 0.26510438
1210.0, 0.26493722
1220.0, 0.2647704
1230.0, 0.26460388
1240.0, 0.26443768
1250.0, 0.26427177
1260.0, 0.2641062
1270.0, 0.26394096
1280.0, 0.263776
1290.0, 0.26361138
1300.0, 0.26344708
1310.0, 0.26328307
1320.0, 0.26311937
1330.0, 0.262956
1340.0, 0.26279294
1350.0, 0.26263016
1360.0, 0.2624677
1370.0, 0.2623056
1380.0, 0.26214376
1390.0, 0.26198223
1400.0, 0.261821
1410.0, 0.2616601
1420.0, 0.2614995
1430.0, 0.26133922
1440.0, 0.2611792
1450.0, 0.26101953
1460.0, 0.26086015
1470.0, 0.26070106
1480.0, 0.2605423
1490.0, 0.2603838
1500.0, 0.26022565
1510.0, 0.26006776
1520.0, 0.2599102
1530.0, 0.25975293
1540.0, 0.25959596
1550.0, 0.2594393
1560.0, 0.2592829
1570.0, 0.25912684
1580.0, 0.25897107
1590.0, 0.25881556
1600.0, 0.25866038
1610.0, 0.2585055
1620.0, 0.2583509
1630.0, 0.2581966
1640.0, 0.2580426
1650.0, 0.25788888
1660.0, 0.25773546
1670.0, 0.25758234
1680.0, 0.2574295
1690.0, 0.25727695
1700.0, 0.2571247
1710.0, 0.25697273
1720.0, 0.25682107
1730.0, 0.2566697
1740.0, 0.2565186
1750.0, 0.25636777
1760.0, 0.25621727
1770.0, 0.25606704
1780.0, 0.2559171
1790.0, 0.25576743
1800.0, 0.25561804
1810.0, 0.25546896
1820.0, 0.25532016
1830.0, 0.25517163
1840.0, 0.2550234
1850.0, 0.25487545
1860.0, 0.25472778
1870.0, 0.25458038
1880.0, 0.25443327
1890.0, 0.25428644
1900.0, 0.2541399
1910.0, 0.25399363
1920.0, 0.25384763
1930.0, 0.25370193
1940.0, 0.2535565
1950.0, 0.25341135
1960.0, 0.25326645
1970.0, 0.25312185
1980.0, 0.25297755
1990.0, 0.2528335
2000.0, 0.25268972
2010.0, 0.25254622
2020.0, 0.252403
2030.0, 0.25226003
2040.0, 0.25211737
2050.0, 0.25197497
2060.0, 0.25183284
2070.0, 0.25169098
2080.0, 0.2515494
2090.0, 0.25140807
2100.0, 0.25126702
2110.0, 0.25112623
2120.0, 0.2509857
2130.0, 0.25084546
2140.0, 0.2507055
2150.0, 0.2505658
2160.0, 0.25042635
2170.0, 0.25028718
2180.0, 0.2501483
2190.0, 0.25000966
2200.0, 0.24987127
2210.0, 0.24973315
2220.0, 0.2495953
2230.0, 0.24945772
2240.0, 0.24932039
2250.0, 0.24918334
2260.0, 0.24904655
2270.0, 0.24891002
2280.0, 0.24877374
2290.0, 0.24863774
2300.0, 0.24850197
2310.0, 0.24836649
2320.0, 0.24823125
2330.0, 0.24809629
2340.0, 0.24796157
2350.0, 0.24782711
2360.0, 0.24769291
2370.0, 0.24755897
2380.0, 0.24742527
2390.0, 0.24729185
2400.0, 0.24715868
2410.0, 0.24702576
2420.0, 0.24689308
2430.0, 0.24676068
2440.0, 0.24662851
2450.0, 0.24649662
2460.0, 0.24636495
2470.0, 0.24623357
2480.0, 0.24610242
2490.0, 0.24597152
2500.0, 0.24584088
2510.0, 0.24571048
2520.0, 0.24558033
2530.0, 0.24545044
2540.0, 0.24532078
2550.0, 0.24519138
2560.0, 0.24506225
2570.0, 0.24493334
2580.0, 0.24480467
2590.0, 0.24467626
2600.0, 0.2445481
2610.0, 0.24442019
2620.0, 0.24429251
2630.0, 0.2441651
2640.0, 0.24403791
2650.0, 0.24391097
2660.0, 0.24378426
2670.0, 0.24365781
2680.0, 0.2435316
2690.0, 0.24340563
2700.0, 0.2432799
2710.0, 0.24315442
2720.0, 0.24302918
2730.0, 0.24290417
2740.0, 0.24277942
2750.0, 0.24265487
2760.0, 0.24253058
2770.0, 0.24240655
2780.0, 0.24228275
2790.0, 0.24215916
2800.0, 0.24203584
2810.0, 0.24191274
2820.0, 0.24178986
2830.0, 0.24166724
2840.0, 0.24154486
2850.0, 0.2414227
2860.0, 0.24130078
2870.0, 0.24117908
2880.0, 0.24105763
2890.0, 0.24093641
2900.0, 0.24081543
2910.0, 0.24069467
2920.0, 0.24057414
2930.0, 0.24045385
2940.0, 0.2403338
2950.0, 0.24021396
2960.0, 0.24009435
2970.0, 0.239975
2980.0, 0.23985586
2990.0, 0.23973694
3000.0, 0.23961826
3010.0, 0.23949979
3020.0, 0.23938158
3030.0, 0.23926356
3040.0, 0.2391458
3050.0, 0.23902826
3060.0, 0.23891093
3070.0, 0.23879384
3080.0, 0.23867697
3090.0, 0.23856032
3100.0, 0.2384439
3110.0, 0.2383277
3120.0, 0.23821172
3130.0, 0.23809597
3140.0, 0.23798044
3150.0, 0.23786514
3160.0, 0.23775004
3170.0, 0.2376352
3180.0, 0.23752055
3190.0, 0.23740612
3200.0, 0.23729192
3210.0, 0.23717794
3220.0, 0.23706417
3230.0, 0.23695062
3240.0, 0.2368373
3250.0, 0.23672418
3260.0, 0.2366113
3270.0, 0.23649864
3280.0, 0.23638618
3290.0, 0.23627393
3300.0, 0.2361619
3310.0, 0.2360501
3320.0, 0.23593852
3330.0, 0.23582713
3340.0, 0.23571597
3350.0, 0.23560503
3360.0, 0.23549429
3370.0, 0.23538376
3380.0, 0.23527345
3390.0, 0.23516335
3400.0, 0.23505348
3410.0, 0.23494379
3420.0, 0.23483433
3430.0, 0.23472509
3440.0, 0.23461604
3450.0, 0.23450722
3460.0, 0.23439859
3470.0, 0.23429017
3480.0, 0.23418197
3490.0, 0.23407398
3500.0, 0.23396619
3510.0, 0.23385862
3520.0, 0.23375124
3530.0, 0.23364408
3540.0, 0.23353711
3550.0, 0.23343037
3560.0, 0.23332383
3570.0, 0.23321748
3580.0, 0.23311134
3590.0, 0.2330054
3600.0, 0.23289968
3610.0, 0.23279415
3620.0, 0.23268884
3630.0, 0.23258372
3640.0, 0.23247881
3650.0, 0.23237409
3660.0, 0.23226957
3670.0, 0.23216528
3680.0, 0.23206116
3690.0, 0.23195726
3700.0, 0.23185356
3710.0, 0.23175006
3720.0, 0.23164675
3730.0, 0.23154363
3740.0, 0.23144072
3750.0, 0.23133802
3760.0, 0.2312355
3770.0, 0.2311332
3780.0, 0.23103108
3790.0, 0.23092917
3800.0, 0.23082744
3810.0, 0.23072591
3820.0, 0.23062459
3830.0, 0.23052345
3840.0, 0.2304225
3850.0, 0.23032176
3860.0, 0.23022121
3870.0, 0.23012087
3880.0, 0.23002069
3890.0, 0.22992073
3900.0, 0.22982095
3910.0, 0.22972137
3920.0, 0.22962199
3930.0, 0.22952278
3940.0, 0.22942378
3950.0, 0.22932495
3960.0, 0.22922634
3970.0, 0.2291279
3980.0, 0.22902966
3990.0, 0.2289316
4000.0, 0.22883373
4010.0, 0.22873606
4020.0, 0.22863857
4030.0, 0.22854127
4040.0, 0.22844416
4050.0, 0.22834724
4060.0, 0.2282505
4070.0, 0.22815396
4080.0, 0.2280576
4090.0, 0.22796142
4100.0, 0.22786541
4110.0, 0.22776963
4120.0, 0.22767399
4130.0, 0.22757857
4140.0, 0.22748332
4150.0, 0.22738825
4160.0, 0.22729337
4170.0, 0.22719866
4180.0, 0.22710416
4190.0, 0.22700982
4200.0, 0.22691567
4210.0, 0.22682169
4220.0, 0.2267279
4230.0, 0.22663431
4240.0, 0.2265409
4250.0, 0.22644764
4260.0, 0.22635458
4270.0, 0.22626169
4280.0, 0.22616899
4290.0, 0.22607648
4300.0, 0.22598413
4310.0, 0.22589195
4320.0, 0.22579998
4330.0, 0.22570817
4340.0, 0.22561654
4350.0, 0.22552508
4360.0, 0.2254338
4370.0, 0.22534269
4380.0, 0.22525176
4390.0, 0.22516102
4400.0, 0.22507046
4410.0, 0.22498006
4420.0, 0.22488983
4430.0, 0.22479978
4440.0, 0.22470991
4450.0, 0.22462021
4460.0, 0.22453067
4470.0, 0.22444132
4480.0, 0.22435215
4490.0, 0.22426315
4500.0, 0.2241743
4510.0, 0.22408564
4520.0, 0.22399715
4530.0, 0.22390884
4540.0, 0.22382069
4550.0, 0.22373271
4560.0, 0.22364491
4570.0, 0.22355726
4580.0, 0.22346981
4590.0, 0.2233825
4600.0, 0.22329538
4610.0, 0.22320841
4620.0, 0.22312161
4630.0, 0.223035
4640.0, 0.22294855
4650.0, 0.22286226
4660.0, 0.22277613
4670.0, 0.2226902
4680.0, 0.2226044
4690.0, 0.22251879
4700.0, 0.22243333
4710.0, 0.22234803
4720.0, 0.22226292
4730.0, 0.22217795
4740.0, 0.22209316
4750.0, 0.22200854
4760.0, 0.22192407
4770.0, 0.22183977
4780.0, 0.22175562
4790.0, 0.22167164
4800.0, 0.22158784
4810.0, 0.22150418
4820.0, 0.22142072
4830.0, 0.22133738
4840.0, 0.22125421
4850.0, 0.22117122
4860.0, 0.22108838
4870.0, 0.2210057
4880.0, 0.22092319
4890.0, 0.22084081
4900.0, 0.22075862
4910.0, 0.22067657
4920.0, 0.22059469
4930.0, 0.22051297
4940.0, 0.22043142
4950.0, 0.22035001
4960.0, 0.22026876
4970.0, 0.22018766
4980.0, 0.22010674
4990.0, 0.22002596
5000.0, 0.21994534
5010.0, 0.21986488
5020.0, 0.21978457
5030.0, 0.21970442
5040.0, 0.21962443
5050.0, 0.2195446
5060.0, 0.21946491
5070.0, 0.21938537
5080.0, 0.219306
5090.0, 0.21922679
5100.0, 0.21914771
5110.0, 0.21906881
5120.0, 0.21899006
5130.0, 0.21891144
5140.0, 0.21883298
5150.0, 0.2187547
5160.0, 0.21867654
5170.0, 0.21859854
5180.0, 0.2185207
5190.0, 0.218443
5200.0, 0.21836546
5210.0, 0.21828808
5220.0, 0.21821083
5230.0, 0.21813372
5240.0, 0.2180568
5250.0, 0.21798
5260.0, 0.21790335
5270.0, 0.21782686
5280.0, 0.21775052
5290.0, 0.21767431
5300.0, 0.21759826
5310.0, 0.21752237
5320.0, 0.21744661
5330.0, 0.217371
5340.0, 0.21729554
5350.0, 0.21722023
5360.0, 0.21714507
5370.0, 0.21707004
5380.0, 0.21699516
5390.0, 0.21692044
5400.0, 0.21684586
5410.0, 0.21677141
5420.0, 0.21669713
5430.0, 0.21662298
5440.0, 0.21654896
5450.0, 0.2164751
5460.0, 0.21640138
5470.0, 0.21632782
5480.0, 0.21625438
5490.0, 0.2161811
5500.0, 0.21610796
5510.0, 0.21603495
5520.0, 0.21596208
5530.0, 0.21588938
5540.0, 0.2158168
5550.0, 0.21574435
5560.0, 0.21567205
5570.0, 0.2155999
5580.0, 0.21552789
5590.0, 0.21545602
5600.0, 0.21538427
5610.0, 0.21531269
5620.0, 0.21524122
5630.0, 0.21516992
5640.0, 0.21509874
5650.0, 0.2150277
5660.0, 0.2149568
5670.0, 0.21488604
5680.0, 0.21481541
5690.0, 0.21474494
5700.0, 0.21467458
5710.0, 0.21460436
5720.0, 0.2145343
5730.0, 0.21446435
5740.0, 0.21439454
5750.0, 0.21432488
5760.0, 0.21425535
5770.0, 0.21418595
5780.0, 0.21411669
5790.0, 0.21404755
5800.0, 0.21397857
5810.0, 0.21390972
5820.0, 0.21384099
5830.0, 0.2137724
5840.0, 0.21370396
5850.0, 0.21363562
5860.0, 0.21356744
5870.0, 0.21349938
5880.0, 0.21343145
5890.0, 0.21336368
5900.0, 0.21329601
5910.0, 0.21322848
5920.0, 0.21316108
5930.0, 0.21309383
5940.0, 0.21302669
5950.0, 0.21295969
5960.0, 0.21289282
5970.0, 0.21282607
5980.0, 0.21275946
5990.0, 0.21269298
6000.0, 0.21262664
6010.0, 0.21256042
6020.0, 0.21249433
6030.0, 0.21242835
6040.0, 0.21236253
6050.0, 0.21229681
6060.0, 0.21223123
6070.0, 0.21216579
6080.0, 0.21210046
6090.0, 0.21203527
6100.0, 0.2119702
6110.0, 0.21190526
6120.0, 0.21184045
6130.0, 0.21177575
6140.0, 0.2117112
6150.0, 0.21164675
6160.0, 0.21158245
6170.0, 0.21151826
6180.0, 0.2114542
6190.0, 0.21139026
6200.0, 0.21132645
6210.0, 0.21126276
6220.0, 0.21119921
6230.0, 0.21113577
6240.0, 0.21107246
6250.0, 0.21100926
6260.0, 0.2109462
6270.0, 0.21088324
6280.0, 0.21082044
6290.0, 0.21075773
6300.0, 0.21069516
6310.0, 0.21063271
6320.0, 0.21057037
6330.0, 0.21050817
6340.0, 0.21044609
6350.0, 0.21038412
6360.0, 0.21032226
6370.0, 0.21026054
6380.0, 0.21019894
6390.0, 0.21013746
6400.0, 0.21007608
6410.0, 0.21001484
6420.0, 0.20995373
6430.0, 0.20989272
6440.0, 0.20983182
6450.0, 0.20977107
6460.0, 0.20971042
6470.0, 0.20964988
6480.0, 0.20958947
6490.0, 0.20952918
6500.0, 0.20946899
6510.0, 0.20940892
6520.0, 0.20934899
6530.0, 0.20928918
6540.0, 0.20922945
6550.0, 0.20916986
6560.0, 0.2091104
6570.0, 0.20905104
6580.0, 0.2089918
6590.0, 0.20893267
6600.0, 0.20887366
6610.0, 0.20881476
6620.0, 0.20875598
6630.0, 0.20869732
6640.0, 0.20863877
6650.0, 0.20858033
6660.0, 0.208522
6670.0, 0.2084638
6680.0, 0.2084057
6690.0, 0.20834772
6700.0, 0.20828986
6710.0, 0.2082321
6720.0, 0.20817445
6730.0, 0.20811693
6740.0, 0.2080595
6750.0, 0.20800222
6760.0, 0.20794503
6770.0, 0.20788795
6780.0, 0.20783097
6790.0, 0.20777412
6800.0, 0.20771737
6810.0, 0.20766075
6820.0, 0.20760421
6830.0, 0.2075478
6840.0, 0.2074915
6850.0, 0.20743531
6860.0, 0.20737922
6870.0, 0.20732325
6880.0, 0.20726737
6890.0, 0.20721164
6900.0, 0.20715599
6910.0, 0.20710044
6920.0, 0.20704502
6930.0, 0.2069897
6940.0, 0.2069345
6950.0, 0.20687939
6960.0, 0.20682439
6970.0, 0.20676951
6980.0, 0.20671473
6990.0, 0.20666005
7000.0, 0.2066055
7010.0, 0.20655102
7020.0, 0.20649667
7030.0, 0.20644243
7040.0, 0.2063883
7050.0, 0.20633425
7060.0, 0.20628034
7070.0, 0.20622651
7080.0, 0.20617278
7090.0, 0.20611916
7100.0, 0.20606567
7110.0, 0.20601226
7120.0, 0.20595896
7130.0, 0.20590577
7140.0, 0.20585269
7150.0, 0.2057997
7160.0, 0.20574681
7170.0, 0.20569405
7180.0, 0.20564137
7190.0, 0.20558879
7200.0, 0.20553632
7210.0, 0.20548396
7220.0, 0.2054317
7230.0, 0.20537953
7240.0, 0.20532748
7250.0, 0.20527552
7260.0, 0.20522366
7270.0, 0.20517191
7280.0, 0.20512025
7290.0, 0.20506871
7300.0, 0.20501727
7310.0, 0.2049659
7320.0, 0.20491466
7330.0, 0.20486352
7340.0, 0.20481247
7350.0, 0.2047615
7360.0, 0.20471066
7370.0, 0.20465992
7380.0, 0.20460927
7390.0, 0.20455873
7400.0, 0.20450827
7410.0, 0.20445792
7420.0, 0.20440768
7430.0, 0.20435752
7440.0, 0.20430747
7450.0, 0.2042575
7460.0, 0.20420764
7470.0, 0.20415787
7480.0, 0.20410821
7490.0, 0.20405866
7500.0, 0.20400918
7510.0, 0.20395981
7520.0, 0.20391053
7530.0, 0.20386134
7540.0, 0.20381226
7550.0, 0.20376328
7560.0, 0.20371439
7570.0, 0.20366558
7580.0, 0.20361689
7590.0, 0.2035683
7600.0, 0.20351978
7610.0, 0.20347138
7620.0, 0.20342305
7630.0, 0.20337482
7640.0, 0.2033267
7650.0, 0.20327866
7660.0, 0.20323071
7670.0, 0.20318288
7680.0, 0.20313512
7690.0, 0.20308746
7700.0, 0.2030399
7710.0, 0.20299242
7720.0, 0.20294505
7730.0, 0.20289777
7740.0, 0.20285057
7750.0, 0.20280348
7760.0, 0.20275646
7770.0, 0.20270956
7780.0, 0.20266272
7790.0, 0.20261599
7800.0, 0.20256935
7810.0, 0.2025228
7820.0, 0.20247634
7830.0, 0.20242998
7840.0, 0.2023837
7850.0, 0.20233752
7860.0, 0.20229143
7870.0, 0.20224543
7880.0, 0.2021995
7890.0, 0.20215367
7900.0, 0.20210795
7910.0, 0.2020623
7920.0, 0.20201676
7930.0, 0.20197128
7940.0, 0.20192592
7950.0, 0.20188062
7960.0, 0.20183544
7970.0, 0.20179032
7980.0, 0.2017453
7990.0, 0.20170037
8000.0, 0.20165552
8010.0, 0.20161077
8020.0, 0.2015661
8030.0, 0.20152153
8040.0, 0.20147704
8050.0, 0.20143263
8060.0, 0.2013883
8070.0, 0.20134409
8080.0, 0.20129994
8090.0, 0.20125589
8100.0, 0.20121191
8110.0, 0.20116803
8120.0, 0.20112424
8130.0, 0.20108053
8140.0, 0.2010369
8150.0, 0.20099336
8160.0, 0.2009499
8170.0, 0.20090654
8180.0, 0.20086324
8190.0, 0.20082006
8200.0, 0.20077695
8210.0, 0.20073391
8220.0, 0.20069097
8230.0, 0.2006481
8240.0, 0.20060533
8250.0, 0.20056264
8260.0, 0.20052004
8270.0, 0.20047751
8280.0, 0.20043507
8290.0, 0.20039271
8300.0, 0.20035043
8310.0, 0.20030823
8320.0, 0.20026614
8330.0, 0.20022412
8340.0, 0.20018215
8350.0, 0.2001403
8360.0, 0.20009853
8370.0, 0.20005684
8380.0, 0.20001522
8390.0, 0.19997369
8400.0, 0.19993223
8410.0, 0.19989087
8420.0, 0.19984958
8430.0, 0.19980837
8440.0, 0.19976725
8450.0, 0.19972621
8460.0, 0.19968525
8470.0, 0.19964436
8480.0, 0.19960356
8490.0, 0.19956283
8500.0, 0.1995222
8510.0, 0.19948162
8520.0, 0.19944115
8530.0, 0.19940074
8540.0, 0.19936042
8550.0, 0.19932017
8560.0, 0.19928001
8570.0, 0.19923992
8580.0, 0.19919993
8590.0, 0.19916
8600.0, 0.19912013
8610.0, 0.19908036
8620.0, 0.19904067
8630.0, 0.19900106
8640.0, 0.19896153
8650.0, 0.19892205
8660.0, 0.19888268
8670.0, 0.19884337
8680.0, 0.19880414
8690.0, 0.198765
8700.0, 0.19872592
8710.0, 0.19868693
8720.0, 0.198648
8730.0, 0.19860917
8740.0, 0.19857039
8750.0, 0.19853172
8760.0, 0.1984931
8770.0, 0.19845454
8780.0, 0.1984161
8790.0, 0.19837771
8800.0, 0.1983394
8810.0, 0.19830115
8820.0, 0.198263
8830.0, 0.19822492
8840.0, 0.1981869
8850.0, 0.19814898
8860.0, 0.19811112
8870.0, 0.19807333
8880.0, 0.19803561
8890.0, 0.19799799
8900.0, 0.1979604
8910.0, 0.19792293
8920.0, 0.1978855
8930.0, 0.19784817
8940.0, 0.19781089
8950.0, 0.1977737
8960.0, 0.19773659
8970.0, 0.19769953
8980.0, 0.19766256
8990.0, 0.19762565
9000.0, 0.19758883
9010.0, 0.19755206
9020.0, 0.19751537
9030.0, 0.19747877
9040.0, 0.19744223
9050.0, 0.19740576
9060.0, 0.19736937
9070.0, 0.19733304
9080.0, 0.19729678
9090.0, 0.1972606
9100.0, 0.19722448
9110.0, 0.19718845
9120.0, 0.19715247
9130.0, 0.19711658
9140.0, 0.19708075
9150.0, 0.197045
9160.0, 0.19700931
9170.0, 0.19697368
9180.0, 0.19693814
9190.0, 0.19690266
9200.0, 0.19686726
9210.0, 0.19683193
9220.0, 0.19679667
9230.0, 0.19676147
9240.0, 0.19672634
9250.0, 0.19669127
9260.0, 0.19665629
9270.0, 0.19662137
9280.0, 0.19658652
9290.0, 0.19655173
9300.0, 0.19651702
9310.0, 0.19648238
9320.0, 0.19644779
9330.0, 0.19641328
9340.0, 0.19637884
9350.0, 0.19634447
9360.0, 0.19631015
9370.0, 0.19627592
9380.0, 0.19624175
9390.0, 0.19620766
9400.0, 0.19617361
9410.0, 0.19613963
9420.0, 0.19610575
9430.0, 0.19607191
9440.0, 0.19603814
9450.0, 0.19600442
9460.0, 0.1959708
9470.0, 0.19593723
9480.0, 0.19590373
9490.0, 0.19587028
9500.0, 0.19583692
9510.0, 0.19580361
9520.0, 0.19577037
9530.0, 0.1957372
9540.0, 0.19570409
9550.0, 0.19567104
9560.0, 0.19563808
9570.0, 0.19560514
9580.0, 0.1955723
9590.0, 0.19553952
9600.0, 0.1955068
9610.0, 0.19547415
9620.0, 0.19544156
9630.0, 0.19540903
9640.0, 0.19537657
9650.0, 0.19534418
9660.0, 0.19531183
9670.0, 0.19527957
9680.0, 0.19524737
9690.0, 0.19521521
9700.0, 0.19518313
9710.0, 0.19515112
9720.0, 0.19511917
9730.0, 0.19508728
9740.0, 0.19505544
9750.0, 0.19502369
9760.0, 0.19499198
9770.0, 0.19496034
9780.0, 0.19492877
9790.0, 0.19489725
9800.0, 0.1948658
9810.0, 0.19483441
9820.0, 0.19480309
9830.0, 0.19477183
9840.0, 0.19474061
9850.0, 0.19470948
9860.0, 0.1946784
9870.0, 0.19464737
9880.0, 0.1946164
9890.0, 0.19458552
9900.0, 0.19455469
9910.0, 0.19452389
9920.0, 0.19449319
9930.0, 0.19446254
9940.0, 0.19443195
9950.0, 0.1944014
9960.0, 0.19437093
9970.0, 0.19434051
9980.0, 0.19431014
9990.0, 0.19427988
10000.0, 0.19424963
10010.0, 0.19421946
10020.0, 0.19418935
10030.0, 0.19415928
10040.0, 0.1941293
10050.0, 0.19409935
10060.0, 0.19406947
10070.0, 0.19403966
10080.0, 0.1940099
10090.0, 0.1939802
10100.0, 0.19395055
10110.0, 0.19392098
10120.0, 0.19389145
10130.0, 0.19386198
10140.0, 0.19383258
10150.0, 0.19380322
10160.0, 0.19377393
10170.0, 0.19374469
10180.0, 0.19371551
10190.0, 0.1936864
10200.0, 0.19365734
10210.0, 0.19362833
10220.0, 0.19359939
10230.0, 0.1935705
10240.0, 0.19354165
10250.0, 0.19351289
10260.0, 0.19348417
10270.0, 0.1934555
10280.0, 0.19342689
10290.0, 0.19339834
10300.0, 0.19336987
10310.0, 0.19334142
10320.0, 0.19331303
10330.0, 0.1932847
10340.0, 0.19325644
10350.0, 0.19322823
10360.0, 0.19320007
10370.0, 0.19317198
10380.0, 0.19314392
10390.0, 0.19311595
10400.0, 0.193088
10410.0, 0.19306011
10420.0, 0.1930323
10430.0, 0.19300453
10440.0, 0.19297682
10450.0, 0.19294915
10460.0, 0.19292153
10470.0, 0.19289398
10480.0, 0.1928665
10490.0, 0.19283906
10500.0, 0.19281167
10510.0, 0.19278434
10520.0, 0.19275706
10530.0, 0.19272983
10540.0, 0.19270267
10550.0, 0.19267555
10560.0, 0.19264847
10570.0, 0.19262145
10580.0, 0.1925945
10590.0, 0.1925676
10600.0, 0.19254074
10610.0, 0.19251394
10620.0, 0.19248721
10630.0, 0.19246052
10640.0, 0.19243388
10650.0, 0.19240728
10660.0, 0.19238076
10670.0, 0.19235428
10680.0, 0.19232783
10690.0, 0.19230147
10700.0, 0.19227514
10710.0, 0.19224885
10720.0, 0.19222264
10730.0, 0.19219647
10740.0, 0.19217035
10750.0, 0.19214429
10760.0, 0.19211827
10770.0, 0.1920923
10780.0, 0.19206639
10790.0, 0.19204053
10800.0, 0.19201471
10810.0, 0.19198896
10820.0, 0.19196326
10830.0, 0.1919376
10840.0, 0.191912
10850.0, 0.19188644
10860.0, 0.19186093
10870.0, 0.19183548
10880.0, 0.19181007
10890.0, 0.19178471
10900.0, 0.19175941
10910.0, 0.19173416
10920.0, 0.19170895
10930.0, 0.1916838
10940.0, 0.1916587
10950.0, 0.19163364
10960.0, 0.19160865
10970.0, 0.19158368
10980.0, 0.19155878
10990.0, 0.19153392
11000.0, 0.19150911
11010.0, 0.19148435
11020.0, 0.19145966
11030.0, 0.19143498
11040.0, 0.19141036
11050.0, 0.1913858
11060.0, 0.1913613
11070.0, 0.19133683
11080.0, 0.1913124
11090.0, 0.19128804
11100.0, 0.19126372
11110.0, 0.19123945
11120.0, 0.19121522
11130.0, 0.19119105
11140.0, 0.19116691
11150.0, 0.19114283
11160.0, 0.19111879
11170.0, 0.19109482
11180.0, 0.19107087
11190.0, 0.19104698
11200.0, 0.19102314
11210.0, 0.19099933
11220.0, 0.19097559
11230.0, 0.19095188
11240.0, 0.19092822
11250.0, 0.19090462
11260.0, 0.19088106
11270.0, 0.19085753
11280.0, 0.19083408
11290.0, 0.19081065
11300.0, 0.19078727
11310.0, 0.19076395
11320.0, 0.19074064
11330.0, 0.19071741
11340.0, 0.19069423
11350.0, 0.19067107
11360.0, 0.19064797
11370.0, 0.19062492
11380.0, 0.1906019
11390.0, 0.19057894
11400.0, 0.19055602
11410.0, 0.19053316
11420.0, 0.19051033
11430.0, 0.19048755
11440.0, 0.19046481
11450.0, 0.19044212
11460.0, 0.19041947
11470.0, 0.19039686
11480.0, 0.19037431
11490.0, 0.1903518
11500.0, 0.19032933
11510.0, 0.1903069
11520.0, 0.19028452
11530.0, 0.19026218
11540.0, 0.19023989
11550.0, 0.19021766
11560.0, 0.19019546
11570.0, 0.19017328
11580.0, 0.19015118
11590.0, 0.1901291
11600.0, 0.19010706
11610.0, 0.1900851
11620.0, 0.19006315
11630.0, 0.19004124
11640.0, 0.1900194
11650.0, 0.18999758
11660.0, 0.18997583
11670.0, 0.1899541
11680.0, 0.1899324
11690.0, 0.18991078
11700.0, 0.18988918
11710.0, 0.18986763
11720.0, 0.18984613
11730.0, 0.18982466
11740.0, 0.18980324
11750.0, 0.18978184
11760.0, 0.1897605
11770.0, 0.18973921
11780.0, 0.18971796
11790.0, 0.18969674
11800.0, 0.18967557
11810.0, 0.18965444
11820.0, 0.18963334
11830.0, 0.18961231
11840.0, 0.1895913
11850.0, 0.18957034
11860.0, 0.18954943
11870.0, 0.18952854
11880.0, 0.1895077
11890.0, 0.18948689
11900.0, 0.18946615
11910.0, 0.18944544
11920.0, 0.18942477
11930.0, 0.18940413
11940.0, 0.18938354
11950.0, 0.18936299
11960.0, 0.18934247
11970.0, 0.18932201
11980.0, 0.18930158
11990.0, 0.18928118
12000.0, 0.18926084
12010.0, 0.18924053
12020.0, 0.18922026
12030.0, 0.18920004
12040.0, 0.18917985
12050.0, 0.1891597
12060.0, 0.1891396
12070.0, 0.18911953
12080.0, 0.18909949
12090.0, 0.18907951
12100.0, 0.18905956
12110.0, 0.18903965
12120.0, 0.18901978
12130.0, 0.18899997
12140.0, 0.18898018
12150.0, 0.18896042
12160.0, 0.18894069
12170.0, 0.18892102
12180.0, 0.1889014
12190.0, 0.1888818
12200.0, 0.18886223
12210.0, 0.18884271
12220.0, 0.18882324
12230.0, 0.1888038
12240.0, 0.18878439
12250.0, 0.18876503
12260.0, 0.1887457
12270.0, 0.18872643
12280.0, 0.18870719
12290.0, 0.18868798
12300.0, 0.1886688
12310.0, 0.18864965
12320.0, 0.18863057
12330.0, 0.1886115
12340.0, 0.18859248
12350.0, 0.18857351
12360.0, 0.18855456
12370.0, 0.18853565
12380.0, 0.18851677
12390.0, 0.18849795
12400.0, 0.18847916
12410.0, 0.1884604
12420.0, 0.18844166
12430.0, 0.18842298
12440.0, 0.18840434
12450.0, 0.18838573
12460.0, 0.18836714
12470.0, 0.18834862
12480.0, 0.18833013
12490.0, 0.18831167
12500.0, 0.18829323
12510.0, 0.18827485
12520.0, 0.18825649
12530.0, 0.18823816
12540.0, 0.18821989
12550.0, 0.18820165
12560.0, 0.18818344
12570.0, 0.18816526
12580.0, 0.18814713
12590.0, 0.18812904
12600.0, 0.18811096
12610.0, 0.18809293
12620.0, 0.18807493
12630.0, 0.18805699
12640.0, 0.18803905
12650.0, 0.18802117
12660.0, 0.18800333
12670.0, 0.18798551
12680.0, 0.18796773
12690.0, 0.18795
12700.0, 0.18793228
12710.0, 0.18791461
12720.0, 0.18789697
12730.0, 0.18787937
12740.0, 0.1878618
12750.0, 0.18784426
12760.0, 0.18782677
12770.0, 0.1878093
12780.0, 0.18779187
12790.0, 0.18777448
12800.0, 0.1877571
12810.0, 0.18773977
12820.0, 0.18772249
12830.0, 0.18770525
12840.0, 0.18768801
12850.0, 0.18767083
12860.0, 0.18765368
12870.0, 0.18763655
12880.0, 0.18761945
12890.0, 0.1876024
12900.0, 0.18758538
12910.0, 0.1875684
12920.0, 0.18755144
12930.0, 0.18753453
12940.0, 0.18751763
12950.0, 0.1875008
12960.0, 0.18748398
12970.0, 0.18746719
12980.0, 0.18745044
12990.0, 0.18743372
13000.0, 0.18741703
13010.0, 0.18740039
13020.0, 0.18738376
13030.0, 0.18736717
13040.0, 0.18735063
13050.0, 0.18733412
13060.0, 0.18731762
13070.0, 0.18730117
13080.0, 0.18728475
13090.0, 0.18726835
13100.0, 0.18725199
13110.0, 0.18723567
13120.0, 0.18721938
13130.0, 0.18720312
13140.0, 0.18718688
13150.0, 0.1871707
13160.0, 0.18715455
13170.0, 0.18713841
13180.0, 0.1871223
13190.0, 0.18710624
13200.0, 0.1870902
13210.0, 0.1870742
13220.0, 0.18705823
13230.0, 0.18704228
13240.0, 0.18702638
13250.0, 0.18701051
13260.0, 0.18699467
13270.0, 0.18697885
13280.0, 0.18696307
13290.0, 0.18694732
13300.0, 0.1869316
13310.0, 0.1869159
13320.0, 0.18690024
13330.0, 0.18688463
13340.0, 0.18686903
13350.0, 0.18685345
13360.0, 0.18683793
13370.0, 0.18682243
13380.0, 0.18680695
13390.0, 0.18679151
13400.0, 0.1867761
13410.0, 0.18676072
13420.0, 0.18674538
13430.0, 0.18673006
13440.0, 0.18671477
13450.0, 0.18669951
13460.0, 0.1866843
13470.0, 0.18666908
13480.0, 0.18665393
13490.0, 0.18663879
13500.0, 0.18662368
13510.0, 0.1866086
13520.0, 0.18659356
13530.0, 0.18657853
13540.0, 0.18656354
13550.0, 0.18654859
13560.0, 0.18653366
13570.0, 0.18651876
13580.0, 0.18650389
13590.0, 0.18648906
13600.0, 0.18647425
13610.0, 0.18645945
13620.0, 0.18644471
13630.0, 0.18642999
13640.0, 0.1864153
13650.0, 0.18640064
13660.0, 0.18638599
13670.0, 0.1863714
13680.0, 0.18635683
13690.0, 0.18634227
13700.0, 0.18632776
13710.0, 0.18631327
13720.0, 0.1862988
13730.0, 0.18628438
13740.0, 0.18626997
13750.0, 0.18625559
13760.0, 0.18624125
13770.0, 0.18622693
13780.0, 0.18621264
13790.0, 0.18619838
13800.0, 0.18618414
13810.0, 0.18616995
13820.0, 0.18615577
13830.0, 0.18614163
13840.0, 0.1861275
13850.0, 0.1861134
13860.0, 0.18609935
13870.0, 0.1860853
13880.0, 0.1860713
13890.0, 0.18605731
13900.0, 0.18604337
13910.0, 0.18602945
13920.0, 0.18601555
13930.0, 0.18600167
13940.0, 0.18598785
13950.0, 0.18597402
13960.0, 0.18596023
13970.0, 0.18594648
13980.0, 0.18593276
13990.0, 0.18591905
14000.0, 0.18590537
14010.0, 0.18589172
14020.0, 0.18587808
14030.0, 0.1858645
14040.0, 0.18585092
14050.0, 0.18583737
14060.0, 0.18582386
14070.0, 0.18581039
14080.0, 0.18579692
14090.0, 0.18578348
14100.0, 0.18577006
14110.0, 0.18575668
14120.0, 0.18574333
14130.0, 0.18573
14140.0, 0.1857167
14150.0, 0.18570343
14160.0, 0.18569018
14170.0, 0.18567695
14180.0, 0.18566376
14190.0, 0.1856506
14200.0, 0.18563746
14210.0, 0.18562433
14220.0, 0.18561123
14230.0, 0.18559816
14240.0, 0.18558513
14250.0, 0.18557212
14260.0, 0.18555914
14270.0, 0.18554617
14280.0, 0.18553323
14290.0, 0.18552032
14300.0, 0.18550743
14310.0, 0.18549457
14320.0, 0.18548174
14330.0, 0.18546894
14340.0, 0.18545614
14350.0, 0.1854434
14360.0, 0.18543065
14370.0, 0.18541795
14380.0, 0.18540525
14390.0, 0.18539262
14400.0, 0.18537998
14410.0, 0.18536738
14420.0, 0.1853548
14430.0, 0.18534224
14440.0, 0.1853297
14450.0, 0.18531719
14460.0, 0.18530472
14470.0, 0.18529226
14480.0, 0.18527983
14490.0, 0.18526742
14500.0, 0.18525504
14510.0, 0.18524267
14520.0, 0.18523034
14530.0, 0.18521804
14540.0, 0.18520576
14550.0, 0.1851935
14560.0, 0.18518126
14570.0, 0.18516906
14580.0, 0.18515685
14590.0, 0.1851447
14600.0, 0.18513255
14610.0, 0.18512043
14620.0, 0.18510836
14630.0, 0.18509628
14640.0, 0.18508424
14650.0, 0.18507223
14660.0, 0.18506023
14670.0, 0.18504827
14680.0, 0.1850363
14690.0, 0.1850244
14700.0, 0.18501247
14710.0, 0.18500061
14720.0, 0.18498875
14730.0, 0.18497692
14740.0, 0.18496513
14750.0, 0.18495333
14760.0, 0.18494159
14770.0, 0.18492985
14780.0, 0.18491814
14790.0, 0.18490645
14800.0, 0.18489477
14810.0, 0.18488315
14820.0, 0.18487152
14830.0, 0.18485993
14840.0, 0.18484837
14850.0, 0.1848368
14860.0, 0.18482527
14870.0, 0.18481378
14880.0, 0.1848023
14890.0, 0.18479083
14900.0, 0.1847794
14910.0, 0.18476798
14920.0, 0.1847566
14930.0, 0.18474522
14940.0, 0.18473388
14950.0, 0.18472257
14960.0, 0.18471128
14970.0, 0.1847
14980.0, 0.18468873
14990.0, 0.18467751
15000.0, 0.18466629
15010.0, 0.1846551
15020.0, 0.18464394
15030.0, 0.1846328
15040.0, 0.18462168
15050.0, 0.18461058
15060.0, 0.1845995
15070.0, 0.18458845
15080.0, 0.18457742
15090.0, 0.18456641
15100.0, 0.18455541
15110.0, 0.18454446
15120.0, 0.1845335
15130.0, 0.18452258
15140.0, 0.18451166
15150.0, 0.18450078
15160.0, 0.18448995
15170.0, 0.1844791
15180.0, 0.18446828
15190.0, 0.1844575
15200.0, 0.18444672
15210.0, 0.18443598
15220.0, 0.18442525
15230.0, 0.18441454
15240.0, 0.18440384
15250.0, 0.18439318
15260.0, 0.18438253
15270.0, 0.1843719
15280.0, 0.18436131
15290.0, 0.18435073
15300.0, 0.18434018
15310.0, 0.18432963
15320.0, 0.18431911
15330.0, 0.1843086
15340.0, 0.18429813
15350.0, 0.18428768
15360.0, 0.18427725
15370.0, 0.18426684
15380.0, 0.18425643
15390.0, 0.18424606
15400.0, 0.18423572
15410.0, 0.1842254
15420.0, 0.18421508
15430.0, 0.18420479
15440.0, 0.1841945
15450.0, 0.18418427
15460.0, 0.18417405
15470.0, 0.18416382
15480.0, 0.18415363
15490.0, 0.18414347
15500.0, 0.18413334
15510.0, 0.1841232
15520.0, 0.1841131
15530.0, 0.184103
15540.0, 0.18409294
15550.0, 0.1840829
15560.0, 0.18407287
15570.0, 0.18406287
15580.0, 0.18405287
15590.0, 0.1840429
15600.0, 0.18403295
15610.0, 0.18402302
15620.0, 0.18401311
15630.0, 0.18400323
15640.0, 0.18399335
15650.0, 0.18398352
15660.0, 0.18397368
15670.0, 0.18396388
15680.0, 0.18395409
15690.0, 0.18394431
15700.0, 0.18393457
15710.0, 0.18392482
15720.0, 0.18391511
15730.0, 0.18390542
15740.0, 0.18389575
15750.0, 0.18388608
15760.0, 0.18387645
15770.0, 0.18386683
15780.0, 0.18385725
15790.0, 0.18384767
15800.0, 0.18383811
15810.0, 0.18382856
15820.0, 0.18381904
15830.0, 0.18380955
15840.0, 0.18380006
15850.0, 0.1837906
15860.0, 0.18378116
15870.0, 0.18377173
15880.0, 0.18376233
15890.0, 0.18375292
15900.0, 0.18374355
15910.0, 0.18373421
15920.0, 0.18372487
15930.0, 0.18371557
15940.0, 0.18370625
15950.0, 0.18369697
15960.0, 0.18368772
15970.0, 0.18367848
15980.0, 0.18366927
15990.0, 0.18366006
16000.0, 0.18365087
16010.0, 0.18364172
16020.0, 0.18363255
16030.0, 0.18362343
16040.0, 0.1836143
16050.0, 0.18360521
16060.0, 0.18359613
16070.0, 0.18358707
16080.0, 0.18357804
16090.0, 0.18356901
16100.0, 0.18356001
16110.0, 0.18355103
16120.0, 0.18354206
16130.0, 0.1835331
16140.0, 0.18352418
16150.0, 0.18351525
16160.0, 0.18350635
16170.0, 0.18349749
16180.0, 0.1834886
16190.0, 0.18347977
16200.0, 0.18347095
16210.0, 0.18346214
16220.0, 0.18345335
16230.0, 0.18344457
16240.0, 0.18343581
16250.0, 0.18342708
16260.0, 0.18341835
16270.0, 0.18340965
16280.0, 0.18340096
16290.0, 0.1833923
16300.0, 0.18338364
16310.0, 0.183375
16320.0, 0.18336639
16330.0, 0.18335779
16340.0, 0.1833492
16350.0, 0.18334062
16360.0, 0.18333209
16370.0, 0.18332355
16380.0, 0.18331504
16390.0, 0.18330653
16400.0, 0.18329807
16410.0, 0.18328959
16420.0, 0.18328114
16430.0, 0.1832727
16440.0, 0.18326429
16450.0, 0.1832559
16460.0, 0.1832475
16470.0, 0.18323915
16480.0, 0.1832308
16490.0, 0.18322247
16500.0, 0.18321416
16510.0, 0.18320586
16520.0, 0.18319757
16530.0, 0.18318932
16540.0, 0.18318106
16550.0, 0.18317282
16560.0, 0.18316463
16570.0, 0.18315642
16580.0, 0.18314825
16590.0, 0.18314007
16600.0, 0.18313192
16610.0, 0.18312378
16620.0, 0.18311568
16630.0, 0.18310757
16640.0, 0.18309948
16650.0, 0.1830914
16660.0, 0.18308336
16670.0, 0.18307531
16680.0, 0.18306729
16690.0, 0.18305929
16700.0, 0.1830513
16710.0, 0.18304333
16720.0, 0.18303537
16730.0, 0.18302742
16740.0, 0.1830195
16750.0, 0.18301159
16760.0, 0.1830037
16770.0, 0.18299583
16780.0, 0.18298794
16790.0, 0.1829801
16800.0, 0.18297227
16810.0, 0.18296446
16820.0, 0.18295665
16830.0, 0.18294887
16840.0, 0.18294111
16850.0, 0.18293336
16860.0, 0.1829256
16870.0, 0.18291788
16880.0, 0.18291017
16890.0, 0.18290249
16900.0, 0.1828948
16910.0, 0.18288715
16920.0, 0.1828795
16930.0, 0.18287186
16940.0, 0.18286425
16950.0, 0.18285665
16960.0, 0.18284906
16970.0, 0.1828415
16980.0, 0.18283392
16990.0, 0.18282638
17000.0, 0.18281887
17010.0, 0.18281135
17020.0, 0.18280387
17030.0, 0.18279637
17040.0, 0.18278891
17050.0, 0.18278146
17060.0, 0.18277402
17070.0, 0.1827666
17080.0, 0.1827592
17090.0, 0.18275182
17100.0, 0.18274443
17110.0, 0.18273705
17120.0, 0.18272972
17130.0, 0.18272239
17140.0, 0.18271507
17150.0, 0.18270777
17160.0, 0.18270047
17170.0, 0.1826932
17180.0, 0.18268594
17190.0, 0.18267868
17200.0, 0.18267146
17210.0, 0.18266425
17220.0, 0.18265703
17230.0, 0.18264985
17240.0, 0.18264267
17250.0, 0.18263552
17260.0, 0.18262836
17270.0, 0.18262123
17280.0, 0.18261413
17290.0, 0.18260701
17300.0, 0.18259993
17310.0, 0.18259285
17320.0, 0.18258579
17330.0, 0.18257874
17340.0, 0.18257172
17350.0, 0.18256469
17360.0, 0.18255769
17370.0, 0.1825507
17380.0, 0.18254372
17390.0, 0.18253677
17400.0, 0.18252982
17410.0, 0.18252288
17420.0, 0.18251595
17430.0, 0.18250905
17440.0, 0.18250215
17450.0, 0.18249527
17460.0, 0.18248841
17470.0, 0.18248154
17480.0, 0.18247472
17490.0, 0.1824679
17500.0, 0.18246108
17510.0, 0.18245429
17520.0, 0.1824475
17530.0, 0.18244073
17540.0, 0.18243396
17550.0, 0.18242721
17560.0, 0.18242049
17570.0, 0.18241377
17580.0, 0.18240707
17590.0, 0.18240039
17600.0, 0.1823937
17610.0, 0.18238704
17620.0, 0.1823804
17630.0, 0.18237375
17640.0, 0.18236712
17650.0, 0.18236051
17660.0, 0.18235393
17670.0, 0.18234733
17680.0, 0.18234076
17690.0, 0.18233421
17700.0, 0.18232766
17710.0, 0.18232113
17720.0, 0.1823146
17730.0, 0.1823081
17740.0, 0.1823016
17750.0, 0.18229511
17760.0, 0.18228865
17770.0, 0.18228221
17780.0, 0.18227576
17790.0, 0.18226932
17800.0, 0.18226291
17810.0, 0.1822565
17820.0, 0.18225011
17830.0, 0.18224375
17840.0, 0.18223739
17850.0, 0.18223102
17860.0, 0.18222469
17870.0, 0.18221836
17880.0, 0.18221204
17890.0, 0.18220575
17900.0, 0.18219945
17910.0, 0.18219317
17920.0, 0.1821869
17930.0, 0.18218066
17940.0, 0.18217443
17950.0, 0.1821682
17960.0, 0.18216199
17970.0, 0.18215577
17980.0, 0.18214959
17990.0, 0.1821434
18000.0, 0.18213725
18010.0, 0.1821311
18020.0, 0.18212496
18030.0, 0.18211882
18040.0, 0.18211271
18050.0, 0.1821066
18060.0, 0.18210052
18070.0, 0.18209444
18080.0, 0.18208836
18090.0, 0.18208231
18100.0, 0.18207626
18110.0, 0.18207023
18120.0, 0.18206422
18130.0, 0.1820582
18140.0, 0.18205221
18150.0, 0.18204623
18160.0, 0.18204024
18170.0, 0.18203428
18180.0, 0.18202834
18190.0, 0.18202241
18200.0, 0.18201649
18210.0, 0.18201058
18220.0, 0.18200468
18230.0, 0.18199877
18240.0, 0.1819929
18250.0, 0.18198705
18260.0, 0.18198119
18270.0, 0.18197535
18280.0, 0.18196952
18290.0, 0.1819637
18300.0, 0.1819579
18310.0, 0.1819521
18320.0, 0.1819463
18330.0, 0.18194054
18340.0, 0.18193479
18350.0, 0.18192902
18360.0, 0.1819233
18370.0, 0.18191756
18380.0, 0.18191186
18390.0, 0.18190615
18400.0, 0.18190046
18410.0, 0.18189478
18420.0, 0.1818891
18430.0, 0.18188345
18440.0, 0.18187779
18450.0, 0.18187216
18460.0, 0.18186654
18470.0, 0.18186092
18480.0, 0.18185532
18490.0, 0.18184973
18500.0, 0.18184415
18510.0, 0.18183859
18520.0, 0.18183303
18530.0, 0.18182749
18540.0, 0.18182193
18550.0, 0.18181641
18560.0, 0.1818109
18570.0, 0.1818054
18580.0, 0.18179992
18590.0, 0.18179443
18600.0, 0.18178895
18610.0, 0.1817835
18620.0, 0.18177806
18630.0, 0.1817726
18640.0, 0.18176718
18650.0, 0.18176177
18660.0, 0.18175636
18670.0, 0.18175097
18680.0, 0.1817456
18690.0, 0.18174022
18700.0, 0.18173486
18710.0, 0.1817295
18720.0, 0.18172416
18730.0, 0.18171884
18740.0, 0.1817135
18750.0, 0.18170822
18760.0, 0.18170291
18770.0, 0.18169762
18780.0, 0.18169235
18790.0, 0.18168709
18800.0, 0.18168183
18810.0, 0.18167658
18820.0, 0.18167134
18830.0, 0.18166612
18840.0, 0.1816609
18850.0, 0.18165569
18860.0, 0.1816505
18870.0, 0.18164533
18880.0, 0.18164015
18890.0, 0.18163499
18900.0, 0.18162984
18910.0, 0.1816247
18920.0, 0.18161957
18930.0, 0.18161444
18940.0, 0.18160935
18950.0, 0.18160424
18960.0, 0.18159914
18970.0, 0.18159407
18980.0, 0.18158899
18990.0, 0.18158394
19000.0, 0.18157887
19010.0, 0.18157384
19020.0, 0.18156882
19030.0, 0.1815638
19040.0, 0.18155879
19050.0, 0.1815538
19060.0, 0.1815488
19070.0, 0.18154381
19080.0, 0.18153884
19090.0, 0.18153387
19100.0, 0.18152894
19110.0, 0.181524
19120.0, 0.18151906
19130.0, 0.18151413
19140.0, 0.18150923
19150.0, 0.18150432
19160.0, 0.18149944
19170.0, 0.18149456
19180.0, 0.18148969
19190.0, 0.18148482
19200.0, 0.18147998
19210.0, 0.18147513
19220.0, 0.18147029
19230.0, 0.18146548
19240.0, 0.18146065
19250.0, 0.18145585
19260.0, 0.18145105
19270.0, 0.18144627
19280.0, 0.18144149
19290.0, 0.18143673
19300.0, 0.18143198
19310.0, 0.18142723
19320.0, 0.18142249
19330.0, 0.18141776
19340.0, 0.18141304
19350.0, 0.18140833
19360.0, 0.18140364
19370.0, 0.18139894
19380.0, 0.18139425
19390.0, 0.18138959
19400.0, 0.18138492
19410.0, 0.18138027
19420.0, 0.18137564
19430.0, 0.181371
19440.0, 0.18136637
19450.0, 0.18136175
19460.0, 0.18135715
19470.0, 0.18135254
19480.0, 0.18134795
19490.0, 0.18134339
19500.0, 0.18133882
19510.0, 0.18133424
19520.0, 0.18132968
19530.0, 0.18132515
19540.0, 0.18132061
19550.0, 0.1813161
19560.0, 0.18131158
19570.0, 0.18130706
19580.0, 0.18130258
19590.0, 0.18129808
19600.0, 0.1812936
19610.0, 0.18128914
19620.0, 0.18128467
19630.0, 0.18128021
19640.0, 0.18127577
19650.0, 0.18127133
19660.0, 0.18126692
19670.0, 0.1812625
19680.0, 0.18125807
19690.0, 0.18125369
19700.0, 0.18124929
19710.0, 0.18124491
19720.0, 0.18124053
19730.0, 0.18123618
19740.0, 0.18123181
19750.0, 0.18122748
19760.0, 0.18122314
19770.0, 0.1812188
19780.0, 0.18121448
19790.0, 0.18121016
19800.0, 0.18120585
19810.0, 0.18120155
19820.0, 0.18119727
19830.0, 0.181193
19840.0, 0.18118873
19850.0, 0.18118446
19860.0, 0.18118021
19870.0, 0.18117595
19880.0, 0.18117172
19890.0, 0.1811675
19900.0, 0.18116328
19910.0, 0.18115906
19920.0, 0.18115486
19930.0, 0.18115067
19940.0, 0.18114649
19950.0, 0.1811423
19960.0, 0.18113813
19970.0, 0.18113397
19980.0, 0.18112981
19990.0, 0.18112567
20000.0, 0.18112154
20010.0, 0.1811174
20020.0, 0.18111329
20030.0, 0.18110918
20040.0, 0.18110508
20050.0, 0.18110098
20060.0, 0.1810969
20070.0, 0.18109281
20080.0, 0.18108875
20090.0, 0.18108468
20100.0, 0.18108062
20110.0, 0.18107657
20120.0, 0.18107255
20130.0, 0.18106851
20140.0, 0.18106449
20150.0, 0.18106048
20160.0, 0.18105647
20170.0, 0.18105248
20180.0, 0.18104848
20190.0, 0.1810445
20200.0, 0.18104053
20210.0, 0.18103655
20220.0, 0.1810326
20230.0, 0.18102865
20240.0, 0.1810247
20250.0, 0.18102077
20260.0, 0.18101685
20270.0, 0.18101291
20280.0, 0.18100902
20290.0, 0.18100512
20300.0, 0.18100122
20310.0, 0.18099733
20320.0, 0.18099345
20330.0, 0.18098956
20340.0, 0.1809857
20350.0, 0.18098184
20360.0, 0.180978
20370.0, 0.18097417
20380.0, 0.18097033
20390.0, 0.1809665
20400.0, 0.18096268
20410.0, 0.18095887
20420.0, 0.18095507
20430.0, 0.18095127
20440.0, 0.18094748
20450.0, 0.18094371
20460.0, 0.18093993
20470.0, 0.18093616
20480.0, 0.1809324
20490.0, 0.18092866
20500.0, 0.1809249
20510.0, 0.18092118
20520.0, 0.18091744
20530.0, 0.18091373
20540.0, 0.18091002
20550.0, 0.1809063
20560.0, 0.1809026
20570.0, 0.18089892
20580.0, 0.18089524
20590.0, 0.18089156
20600.0, 0.1808879
20610.0, 0.18088423
20620.0, 0.18088056
20630.0, 0.18087693
20640.0, 0.18087327
20650.0, 0.18086965
20660.0, 0.18086602
20670.0, 0.1808624
20680.0, 0.18085879
20690.0, 0.18085518
20700.0, 0.1808516
20710.0, 0.18084802
20720.0, 0.18084441
20730.0, 0.18084085
20740.0, 0.18083729
20750.0, 0.18083373
20760.0, 0.18083015
20770.0, 0.1808266
20780.0, 0.18082307
20790.0, 0.18081954
20800.0, 0.18081601
20810.0, 0.18081251
20820.0, 0.18080899
20830.0, 0.18080549
20840.0, 0.18080199
20850.0, 0.1807985
20860.0, 0.18079501
20870.0, 0.18079154
20880.0, 0.18078807
20890.0, 0.18078461
20900.0, 0.18078114
20910.0, 0.1807777
20920.0, 0.18077426
20930.0, 0.18077081
20940.0, 0.18076739
20950.0, 0.18076397
20960.0, 0.18076056
20970.0, 0.18075715
20980.0, 0.18075375
20990.0, 0.18075036
21000.0, 0.18074696
21010.0, 0.18074358
21020.0, 0.1807402
21030.0, 0.18073684
21040.0, 0.18073347
21050.0, 0.18073013
21060.0, 0.18072678
21070.0, 0.18072344
21080.0, 0.1807201
21090.0, 0.18071678
21100.0, 0.18071346
21110.0, 0.18071014
21120.0, 0.18070684
21130.0, 0.18070352
21140.0, 0.18070024
21150.0, 0.18069695
21160.0, 0.18069367
21170.0, 0.1806904
21180.0, 0.18068713
21190.0, 0.18068387
21200.0, 0.1806806
21210.0, 0.18067737
21220.0, 0.18067412
21230.0, 0.18067089
21240.0, 0.18066765
21250.0, 0.18066444
21260.0, 0.18066122
21270.0, 0.18065801
21280.0, 0.18065481
21290.0, 0.1806516
21300.0, 0.18064842
21310.0, 0.18064523
21320.0, 0.18064205
21330.0, 0.1806389
21340.0, 0.18063572
21350.0, 0.18063256
21360.0, 0.1806294
21370.0, 0.18062626
21380.0, 0.18062311
21390.0, 0.18061998
21400.0, 0.18061686
21410.0, 0.18061376
21420.0, 0.18061063
21430.0, 0.18060751
21440.0, 0.18060441
21450.0, 0.18060133
21460.0, 0.18059823
21470.0, 0.18059514
21480.0, 0.18059207
21490.0, 0.18058899
21500.0, 0.18058594
21510.0, 0.18058288
21520.0, 0.18057981
21530.0, 0.18057677
21540.0, 0.18057373
21550.0, 0.18057069
21560.0, 0.18056765
21570.0, 0.18056464
21580.0, 0.18056162
21590.0, 0.1805586
21600.0, 0.18055561
21610.0, 0.1805526
21620.0, 0.1805496
21630.0, 0.18054663
21640.0, 0.18054365
21650.0, 0.18054068
21660.0, 0.1805377
21670.0, 0.18053475
21680.0, 0.18053178
21690.0, 0.18052882
21700.0, 0.18052588
21710.0, 0.18052293
21720.0, 0.18052001
21730.0, 0.18051708
21740.0, 0.18051416
21750.0, 0.18051125
21760.0, 0.18050835
21770.0, 0.18050542
21780.0, 0.18050253
21790.0, 0.18049964
21800.0, 0.18049675
21810.0, 0.18049388
21820.0, 0.180491
21830.0, 0.18048812
21840.0, 0.18048526
21850.0, 0.1804824
21860.0, 0.18047954
21870.0, 0.18047671
21880.0, 0.18047386
21890.0, 0.18047102
21900.0, 0.1804682
21910.0, 0.18046537
21920.0, 0.18046254
21930.0, 0.18045974
21940.0, 0.18045692
21950.0, 0.18045412
21960.0, 0.18045132
21970.0, 0.18044853
21980.0, 0.18044576
21990.0, 0.18044296
22000.0, 0.18044019
22010.0, 0.18043743
22020.0, 0.18043467
22030.0, 0.18043192
22040.0, 0.18042916
22050.0, 0.18042642
22060.0, 0.18042368
22070.0, 0.18042094
22080.0, 0.18041821
22090.0, 0.18041548
22100.0, 0.18041275
22110.0, 0.18041006
22120.0, 0.18040735
22130.0, 0.18040463
22140.0, 0.18040192
22150.0, 0.18039924
22160.0, 0.18039656
22170.0, 0.18039387
22180.0, 0.18039119
22190.0, 0.18038853
22200.0, 0.18038586
22210.0, 0.1803832
22220.0, 0.18038055
22230.0, 0.18037789
22240.0, 0.18037525
22250.0, 0.18037261
22260.0, 0.18036999
22270.0, 0.18036735
22280.0, 0.18036473
22290.0, 0.18036212
22300.0, 0.1803595
22310.0, 0.18035689
22320.0, 0.1803543
22330.0, 0.18035169
22340.0, 0.1803491
22350.0, 0.1803465
22360.0, 0.18034393
22370.0, 0.18034136
22380.0, 0.18033879
22390.0, 0.1803362
22400.0, 0.18033366
22410.0, 0.1803311
22420.0, 0.18032855
22430.0, 0.180326
22440.0, 0.18032347
22450.0, 0.18032092
22460.0, 0.1803184
22470.0, 0.18031587
22480.0, 0.18031335
22490.0, 0.18031083
22500.0, 0.18030833
22510.0, 0.18030582
22520.0, 0.1803033
22530.0, 0.18030082
22540.0, 0.18029833
22550.0, 0.18029584
22560.0, 0.18029337
22570.0, 0.18029088
22580.0, 0.1802884
22590.0, 0.18028595
22600.0, 0.1802835
22610.0, 0.18028104
22620.0, 0.18027858
22630.0, 0.18027613
22640.0, 0.1802737
22650.0, 0.18027125
22660.0, 0.18026882
22670.0, 0.18026641
22680.0, 0.18026398
22690.0, 0.18026157
22700.0, 0.18025915
22710.0, 0.18025675
22720.0, 0.18025434
22730.0, 0.18025194
22740.0, 0.18024956
22750.0, 0.18024716
22760.0, 0.18024477
22770.0, 0.1802424
22780.0, 0.18024004
22790.0, 0.18023765
22800.0, 0.18023528
22810.0, 0.18023293
22820.0, 0.18023057
22830.0, 0.18022822
22840.0, 0.18022588
22850.0, 0.18022354
22860.0, 0.1802212
22870.0, 0.18021886
22880.0, 0.18021655
22890.0, 0.18021423
22900.0, 0.1802119
22910.0, 0.18020959
22920.0, 0.18020728
22930.0, 0.18020497
22940.0, 0.18020268
22950.0, 0.18020038
22960.0, 0.18019809
22970.0, 0.18019581
22980.0, 0.18019353
22990.0, 0.18019125
23000.0, 0.18018897
23010.0, 0.18018672
23020.0, 0.18018445
23030.0, 0.18018219
23040.0, 0.18017994
23050.0, 0.18017769
23060.0, 0.18017545
23070.0, 0.18017322
23080.0, 0.18017097
23090.0, 0.18016873
23100.0, 0.18016651
23110.0, 0.18016428
23120.0, 0.18016207
23130.0, 0.18015985
23140.0, 0.18015765
23150.0, 0.18015544
23160.0, 0.18015324
23170.0, 0.18015105
23180.0, 0.18014885
23190.0, 0.18014666
23200.0, 0.18014447
23210.0, 0.18014231
23220.0, 0.18014014
23230.0, 0.18013796
23240.0, 0.1801358
23250.0, 0.18013363
23260.0, 0.18013148
23270.0, 0.18012932
23280.0, 0.18012719
23290.0, 0.18012503
23300.0, 0.1801229
23310.0, 0.18012075
23320.0, 0.18011862
23330.0, 0.1801165
23340.0, 0.18011439
23350.0, 0.18011226
23360.0, 0.18011014
23370.0, 0.18010804
23380.0, 0.18010594
23390.0, 0.18010384
23400.0, 0.18010174
23410.0, 0.18009965
23420.0, 0.18009754
23430.0, 0.18009545
23440.0, 0.1800934
23450.0, 0.1800913
23460.0, 0.18008924
23470.0, 0.18008716
23480.0, 0.18008511
23490.0, 0.18008304
23500.0, 0.18008098
23510.0, 0.18007894
23520.0, 0.18007688
23530.0, 0.18007484
23540.0, 0.18007281
23550.0, 0.18007077
23560.0, 0.18006873
23570.0, 0.1800667
23580.0, 0.18006468
23590.0, 0.18006267
23600.0, 0.18006064
23610.0, 0.18005864
23620.0, 0.18005665
23630.0, 0.18005462
23640.0, 0.18005264
23650.0, 0.18005064
23660.0, 0.18004864
23670.0, 0.18004666
23680.0, 0.18004468
23690.0, 0.1800427
23700.0, 0.18004073
23710.0, 0.18003874
23720.0, 0.18003678
23730.0, 0.18003482
23740.0, 0.18003285
23750.0, 0.1800309
23760.0, 0.18002895
23770.0, 0.180027
23780.0, 0.18002506
23790.0, 0.18002313
23800.0, 0.18002118
23810.0, 0.18001926
23820.0, 0.18001732
23830.0, 0.1800154
23840.0, 0.18001346
23850.0, 0.18001156
23860.0, 0.18000965
23870.0, 0.18000773
23880.0, 0.18000583
23890.0, 0.18000393
23900.0, 0.18000203
23910.0, 0.18000014
23920.0, 0.17999825
23930.0, 0.17999636
23940.0, 0.17999448
23950.0, 0.1799926
23960.0, 0.17999072
23970.0, 0.17998886
23980.0, 0.17998698
23990.0, 0.17998512
24000.0, 0.17998326
24010.0, 0.1799814
24020.0, 0.17997955
24030.0, 0.1799777
24040.0, 0.17997585
24050.0, 0.17997402
24060.0, 0.17997219
24070.0, 0.17997034
24080.0, 0.1799685
24090.0, 0.17996667
24100.0, 0.17996486
24110.0, 0.17996304
24120.0, 0.17996122
24130.0, 0.17995942
24140.0, 0.17995761
24150.0, 0.1799558
24160.0, 0.17995399
24170.0, 0.17995219
24180.0, 0.1799504
24190.0, 0.17994861
24200.0, 0.17994682
24210.0, 0.17994504
24220.0, 0.17994326
24230.0, 0.17994149
24240.0, 0.1799397
24250.0, 0.17993794
24260.0, 0.17993617
24270.0, 0.17993441
24280.0, 0.17993265
24290.0, 0.1799309
24300.0, 0.17992914
24310.0, 0.1799274
24320.0, 0.17992565
24330.0, 0.1799239
24340.0, 0.17992218
24350.0, 0.17992043
24360.0, 0.1799187
24370.0, 0.17991698
24380.0, 0.17991526
24390.0, 0.17991352
24400.0, 0.1799118
24410.0, 0.1799101
24420.0, 0.1799084
24430.0, 0.17990668
24440.0, 0.17990498
24450.0, 0.17990328
24460.0, 0.17990157
24470.0, 0.1798999
24480.0, 0.1798982
24490.0, 0.17989652
24500.0, 0.17989483
24510.0, 0.17989315
24520.0, 0.17989147
24530.0, 0.1798898
24540.0, 0.17988813
24550.0, 0.17988646
24560.0, 0.1798848
24570.0, 0.17988314
24580.0, 0.17988148
24590.0, 0.17987981
24600.0, 0.17987818
24610.0, 0.17987652
24620.0, 0.1798749
24630.0, 0.17987324
24640.0, 0.1798716
24650.0, 0.17986998
24660.0, 0.17986834
24670.0, 0.17986672
24680.0, 0.17986509
24690.0, 0.17986347
24700.0, 0.17986184
24710.0, 0.17986023
24720.0, 0.17985864
24730.0, 0.17985702
24740.0, 0.17985542
24750.0, 0.17985383
24760.0, 0.17985222
24770.0, 0.17985062
24780.0, 0.17984903
24790.0, 0.17984745
24800.0, 0.17984587
24810.0, 0.17984428
24820.0, 0.1798427
24830.0, 0.17984112
24840.0, 0.17983955
24850.0, 0.17983797
24860.0, 0.1798364
24870.0, 0.17983484
24880.0, 0.1798333
24890.0, 0.17983173
24900.0, 0.17983018
24910.0, 0.17982861
24920.0, 0.17982706
24930.0, 0.17982553
24940.0, 0.179824
24950.0, 0.17982246
24960.0, 0.17982091
24970.0, 0.17981938
24980.0, 0.17981784
24990.0, 0.17981634
25000.0, 0.1798148
25010.0, 0.17981328
25020.0, 0.17981178
25030.0, 0.17981026
25040.0, 0.17980874
25050.0, 0.17980723
25060.0, 0.17980573
25070.0, 0.17980424
25080.0, 0.17980272
25090.0, 0.17980124
25100.0, 0.17979974
25110.0, 0.17979825
25120.0, 0.17979676
25130.0, 0.17979528
25140.0, 0.1797938
25150.0, 0.17979231
25160.0, 0.17979084
25170.0, 0.17978938
25180.0, 0.17978789
25190.0, 0.17978643
25200.0, 0.17978497
25210.0, 0.1797835
25220.0, 0.17978205
25230.0, 0.17978059
25240.0, 0.17977914
25250.0, 0.1797777
25260.0, 0.17977625
25270.0, 0.1797748
25280.0, 0.17977338
25290.0, 0.17977192
25300.0, 0.17977048
25310.0, 0.17976905
25320.0, 0.17976762
25330.0, 0.1797662
25340.0, 0.17976479
25350.0, 0.17976336
25360.0, 0.17976195
25370.0, 0.17976053
25380.0, 0.17975911
25390.0, 0.1797577
25400.0, 0.1797563
25410.0, 0.17975488
25420.0, 0.1797535
25430.0, 0.1797521
25440.0, 0.1797507
25450.0, 0.17974931
25460.0, 0.17974792
25470.0, 0.17974652
25480.0, 0.17974515
25490.0, 0.17974377
25500.0, 0.17974238
25510.0, 0.17974101
25520.0, 0.17973964
25530.0, 0.17973827
25540.0, 0.1797369
25550.0, 0.17973554
25560.0, 0.17973417
25570.0, 0.17973281
25580.0, 0.17973146
25590.0, 0.1797301
25600.0, 0.17972876
25610.0, 0.1797274
25620.0, 0.17972606
25630.0, 0.17972472
25640.0, 0.17972337
25650.0, 0.17972204
25660.0, 0.17972071
25670.0, 0.17971936
25680.0, 0.17971803
25690.0, 0.17971672
25700.0, 0.1797154
25710.0, 0.17971407
25720.0, 0.17971276
25730.0, 0.17971143
25740.0, 0.17971012
25750.0, 0.17970881
25760.0, 0.1797075
25770.0, 0.17970619
25780.0, 0.17970489
25790.0, 0.1797036
25800.0, 0.17970228
25810.0, 0.179701
25820.0, 0.1796997
25830.0, 0.17969841
25840.0, 0.17969711
25850.0, 0.17969583
25860.0, 0.17969456
25870.0, 0.17969328
25880.0, 0.179692
25890.0, 0.17969072
25900.0, 0.17968945
25910.0, 0.17968819
25920.0, 0.17968692
25930.0, 0.17968565
25940.0, 0.17968439
25950.0, 0.17968313
25960.0, 0.17968187
25970.0, 0.1796806
25980.0, 0.17967936
25990.0, 0.17967811
26000.0, 0.17967688
26010.0, 0.17967562
26020.0, 0.17967437
26030.0, 0.17967314
26040.0, 0.1796719
26050.0, 0.17967066
26060.0, 0.17966942
26070.0, 0.1796682
26080.0, 0.17966698
26090.0, 0.17966574
26100.0, 0.17966454
26110.0, 0.1796633
26120.0, 0.1796621
26130.0, 0.17966087
26140.0, 0.17965965
26150.0, 0.17965844
26160.0, 0.17965725
26170.0, 0.17965603
26180.0, 0.17965484
26190.0, 0.17965363
26200.0, 0.17965244
26210.0, 0.17965123
26220.0, 0.17965004
26230.0, 0.17964885
26240.0, 0.17964767
26250.0, 0.17964648
26260.0, 0.1796453
26270.0, 0.17964412
26280.0, 0.17964293
26290.0, 0.17964174
26300.0, 0.17964059
26310.0, 0.1796394
26320.0, 0.17963825
26330.0, 0.17963706
26340.0, 0.17963591
26350.0, 0.17963475
26360.0, 0.17963359
26370.0, 0.17963243
26380.0, 0.17963126
26390.0, 0.17963012
26400.0, 0.17962895
26410.0, 0.1796278
26420.0, 0.17962666
26430.0, 0.17962553
26440.0, 0.17962438
26450.0, 0.17962323
26460.0, 0.1796221
26470.0, 0.17962097
26480.0, 0.17961983
26490.0, 0.1796187
26500.0, 0.17961758
26510.0, 0.17961645
26520.0, 0.17961532
26530.0, 0.17961419
26540.0, 0.17961308
26550.0, 0.17961195
26560.0, 0.17961085
26570.0, 0.17960973
26580.0, 0.17960863
26590.0, 0.17960751
26600.0, 0.17960641
26610.0, 0.1796053
26620.0, 0.1796042
26630.0, 0.1796031
26640.0, 0.17960201
26650.0, 0.17960091
26660.0, 0.17959982
26670.0, 0.17959872
26680.0, 0.17959763
26690.0, 0.17959656
26700.0, 0.17959546
26710.0, 0.17959438
26720.0, 0.17959331
26730.0, 0.17959222
26740.0, 0.17959115
26750.0, 0.17959008
26760.0, 0.179589
26770.0, 0.17958793
26780.0, 0.17958686
26790.0, 0.1795858
26800.0, 0.17958474
26810.0, 0.17958368
26820.0, 0.17958263
26830.0, 0.17958155
26840.0, 0.1795805
26850.0, 0.17957945
26860.0, 0.17957841
26870.0, 0.17957735
26880.0, 0.17957631
26890.0, 0.17957526
26900.0, 0.17957422
26910.0, 0.17957318
26920.0, 0.17957215
26930.0, 0.1795711
26940.0, 0.17957008
26950.0, 0.17956904
26960.0, 0.17956801
26970.0, 0.17956698
26980.0, 0.17956595
26990.0, 0.17956495
27000.0, 0.17956392
27010.0, 0.1795629
27020.0, 0.17956188
27030.0, 0.17956087
27040.0, 0.17955984
27050.0, 0.17955883
27060.0, 0.17955783
27070.0, 0.17955682
27080.0, 0.17955582
27090.0, 0.17955482
27100.0, 0.17955382
27110.0, 0.17955281
27120.0, 0.17955181
27130.0, 0.17955083
27140.0, 0.17954983
27150.0, 0.17954884
27160.0, 0.17954785
27170.0, 0.17954686
27180.0, 0.17954588
27190.0, 0.1795449
27200.0, 0.17954391
27210.0, 0.17954293
27220.0, 0.17954196
27230.0, 0.17954098
27240.0, 0.17954001
27250.0, 0.17953904
27260.0, 0.17953807
27270.0, 0.1795371
27280.0, 0.17953613
27290.0, 0.17953517
27300.0, 0.17953421
27310.0, 0.17953326
27320.0, 0.17953229
27330.0, 0.17953134
27340.0, 0.17953037
27350.0, 0.17952943
27360.0, 0.17952847
27370.0, 0.17952752
27380.0, 0.17952658
27390.0, 0.17952564
27400.0, 0.17952469
27410.0, 0.17952375
27420.0, 0.17952281
27430.0, 0.17952187
27440.0, 0.17952095
27450.0, 0.17952001
27460.0, 0.17951907
27470.0, 0.17951815
27480.0, 0.17951721
27490.0, 0.17951629
27500.0, 0.17951536
27510.0, 0.17951445
27520.0, 0.17951353
27530.0, 0.1795126
27540.0, 0.1795117
27550.0, 0.17951079
27560.0, 0.17950985
27570.0, 0.17950894
27580.0, 0.17950803
27590.0, 0.17950712
27600.0, 0.17950621
27610.0, 0.17950533
27620.0, 0.17950442
27630.0, 0.17950353
27640.0, 0.17950262
27650.0, 0.17950173
27660.0, 0.17950083
27670.0, 0.17949994
27680.0, 0.17949905
27690.0, 0.17949815
27700.0, 0.17949726
27710.0, 0.17949638
27720.0, 0.1794955
27730.0, 0.1794946
27740.0, 0.17949373
27750.0, 0.17949286
27760.0, 0.17949198
27770.0, 0.1794911
27780.0, 0.17949022
27790.0, 0.17948936
27800.0, 0.17948848
27810.0, 0.17948762
27820.0, 0.17948674
27830.0, 0.17948589
27840.0, 0.17948501
27850.0, 0.17948416
27860.0, 0.1794833
27870.0, 0.17948243
27880.0, 0.17948158
27890.0, 0.17948073
27900.0, 0.17947988
27910.0, 0.17947902
27920.0, 0.17947817
27930.0, 0.17947732
27940.0, 0.17947647
27950.0, 0.17947564
27960.0, 0.17947479
27970.0, 0.17947395
27980.0, 0.1794731
27990.0, 0.17947227
28000.0, 0.17947145
28010.0, 0.1794706
28020.0, 0.17946976
28030.0, 0.17946893
28040.0, 0.17946811
28050.0, 0.17946729
28060.0, 0.17946646
28070.0, 0.17946564
28080.0, 0.17946482
28090.0, 0.17946398
28100.0, 0.17946316
28110.0, 0.17946236
28120.0, 0.17946152
28130.0, 0.17946072
28140.0, 0.1794599
28150.0, 0.17945908
28160.0, 0.17945828
28170.0, 0.17945747
28180.0, 0.17945667
28190.0, 0.17945586
28200.0, 0.17945504
28210.0, 0.17945425
28220.0, 0.17945345
28230.0, 0.17945266
28240.0, 0.17945187
28250.0, 0.17945106
28260.0, 0.17945027
28270.0, 0.17944947
28280.0, 0.17944868
28290.0, 0.17944789
28300.0, 0.1794471
28310.0, 0.17944632
28320.0, 0.17944553
28330.0, 0.17944476
28340.0, 0.17944397
28350.0, 0.1794432
28360.0, 0.17944242
28370.0, 0.17944163
28380.0, 0.17944086
28390.0, 0.17944008
28400.0, 0.17943932
28410.0, 0.17943855
28420.0, 0.17943777
28430.0, 0.17943703
28440.0, 0.17943625
28450.0, 0.17943549
28460.0, 0.17943472
28470.0, 0.17943396
28480.0, 0.1794332
28490.0, 0.17943244
28500.0, 0.17943168
28510.0, 0.17943093
28520.0, 0.17943017
28530.0, 0.17942943
28540.0, 0.17942867
28550.0, 0.17942792
28560.0, 0.17942718
28570.0, 0.17942643
28580.0, 0.17942569
28590.0, 0.17942493
28600.0, 0.1794242
28610.0, 0.17942345
28620.0, 0.1794227
28630.0, 0.17942199
28640.0, 0.17942125
28650.0, 0.1794205
28660.0, 0.17941979
28670.0, 0.17941904
28680.0, 0.17941831
28690.0, 0.1794176
28700.0, 0.17941687
28710.0, 0.17941613
28720.0, 0.1794154
28730.0, 0.17941467
28740.0, 0.17941397
28750.0, 0.17941324
28760.0, 0.17941253
28770.0, 0.17941181
28780.0, 0.1794111
28790.0, 0.17941038
28800.0, 0.17940967
28810.0, 0.17940895
28820.0, 0.17940825
28830.0, 0.17940754
28840.0, 0.17940684
28850.0, 0.17940614
28860.0, 0.17940542
28870.0, 0.17940472
28880.0, 0.17940402
28890.0, 0.17940332
28900.0, 0.17940263
28910.0, 0.17940192
28920.0, 0.17940123
28930.0, 0.17940053
28940.0, 0.17939983
28950.0, 0.17939915
28960.0, 0.17939845
28970.0, 0.17939776
28980.0, 0.17939709
28990.0, 0.1793964
29000.0, 0.1793957
29010.0, 0.17939503
29020.0, 0.17939435
29030.0, 0.17939368
29040.0, 0.17939298
29050.0, 0.17939231
29060.0, 0.17939164
29070.0, 0.17939097
29080.0, 0.17939028
29090.0, 0.17938961
29100.0, 0.17938894
29110.0, 0.17938827
29120.0, 0.1793876
29130.0, 0.17938694
29140.0, 0.17938626
29150.0, 0.1793856
29160.0, 0.17938493
29170.0, 0.17938428
29180.0, 0.17938362
29190.0, 0.17938296
29200.0, 0.17938231
29210.0, 0.17938165
29220.0, 0.179381
29230.0, 0.17938034
29240.0, 0.17937969
29250.0, 0.17937903
29260.0, 0.17937839
29270.0, 0.17937773
29280.0, 0.1793771
29290.0, 0.17937644
29300.0, 0.1793758
29310.0, 0.17937516
29320.0, 0.17937452
29330.0, 0.17937388
29340.0, 0.17937323
29350.0, 0.1793726
29360.0, 0.17937195
29370.0, 0.17937131
29380.0, 0.17937067
29390.0, 0.17937006
29400.0, 0.17936942
29410.0, 0.1793688
29420.0, 0.17936815
29430.0, 0.17936753
29440.0, 0.1793669
29450.0, 0.17936626
29460.0, 0.17936565
29470.0, 0.17936502
29480.0, 0.1793644
29490.0, 0.17936379
29500.0, 0.17936316
29510.0, 0.17936255
29520.0, 0.17936192
29530.0, 0.17936131
29540.0, 0.17936069
29550.0, 0.17936009
29560.0, 0.17935947
29570.0, 0.17935885
29580.0, 0.17935826
29590.0, 0.17935765
29600.0, 0.17935704
29610.0, 0.17935644
29620.0, 0.17935583
29630.0, 0.17935522
29640.0, 0.17935462
29650.0, 0.17935401
29660.0, 0.17935342
29670.0, 0.17935282
29680.0, 0.17935222
29690.0, 0.17935161
29700.0, 0.17935103
29710.0, 0.17935044
29720.0, 0.17934984
29730.0, 0.17934924
29740.0, 0.17934866
29750.0, 0.17934807
29760.0, 0.17934749
29770.0, 0.17934689
29780.0, 0.1793463
29790.0, 0.17934573
29800.0, 0.17934515
29810.0, 0.17934455
29820.0, 0.17934398
29830.0, 0.1793434
29840.0, 0.17934282
29850.0, 0.17934224
29860.0, 0.17934167
29870.0, 0.17934108
29880.0, 0.17934051
29890.0, 0.17933993
29900.0, 0.17933936
29910.0, 0.1793388
29920.0, 0.17933823
29930.0, 0.17933767
29940.0, 0.1793371
29950.0, 0.17933652
29960.0, 0.17933597
29970.0, 0.17933539
29980.0, 0.17933483
29990.0, 0.17933428
30000.0, 0.1793337
