Energy (in eV), backscattering yield of material CERS-withBUCT at incidence 30.0 degree
   X,       Y
0.0, 0.5486563
10.0, 0.23077585
20.0, 0.097068936
30.0, 0.04082914
40.0, 0.017173555
50.0, 0.007223541
60.0, 0.02447227
70.0, 0.03896557
80.0, 0.05136106
90.0, 0.062087927
100.0, 0.07149324
110.0, 0.07984379
120.0, 0.08734044
130.0, 0.0941346
140.0, 0.10034179
150.0, 0.10605155
160.0, 0.111334465
170.0, 0.11624715
180.0, 0.1208356
190.0, 0.12513778
200.0, 0.12918529
210.0, 0.13300483
220.0, 0.13661906
230.0, 0.14004743
240.0, 0.14330678
250.0, 0.14641175
260.0, 0.14937513
270.0, 0.15220821
280.0, 0.154921
290.0, 0.15752235
300.0, 0.16002025
310.0, 0.16242178
320.0, 0.1647334
330.0, 0.16696084
340.0, 0.16910942
350.0, 0.17118385
360.0, 0.17318857
370.0, 0.1751275
380.0, 0.17700432
390.0, 0.1788224
400.0, 0.18058485
410.0, 0.18229446
420.0, 0.18395397
430.0, 0.18556578
440.0, 0.18713215
450.0, 0.18865526
460.0, 0.190137
470.0, 0.19157928
480.0, 0.19298384
490.0, 0.19435225
500.0, 0.19568604
510.0, 0.19698662
520.0, 0.19825532
530.0, 0.19949344
540.0, 0.20070212
550.0, 0.20188251
560.0, 0.20303565
570.0, 0.20416255
580.0, 0.20526415
590.0, 0.20634133
600.0, 0.20739497
610.0, 0.20842586
620.0, 0.20943476
630.0, 0.21042246
640.0, 0.21138954
650.0, 0.21233673
660.0, 0.2132647
670.0, 0.21417396
680.0, 0.21506517
690.0, 0.21593879
700.0, 0.21679543
710.0, 0.21763553
720.0, 0.21845962
730.0, 0.2192681
740.0, 0.22006147
750.0, 0.2208401
760.0, 0.22160444
770.0, 0.22235483
780.0, 0.22309169
790.0, 0.22381538
800.0, 0.22452624
810.0, 0.22522457
820.0, 0.22591068
830.0, 0.22658496
840.0, 0.22724761
850.0, 0.22789901
860.0, 0.22853936
870.0, 0.22916897
880.0, 0.2297881
890.0, 0.23039691
900.0, 0.23099577
910.0, 0.23158485
920.0, 0.23216435
930.0, 0.23273456
940.0, 0.23329559
950.0, 0.23384772
960.0, 0.23439111
970.0, 0.23492597
980.0, 0.2354525
990.0, 0.23597084
1000.0, 0.23648116
1010.0, 0.23630409
1020.0, 0.23612733
1030.0, 0.23595092
1040.0, 0.23577484
1050.0, 0.2355991
1060.0, 0.23542368
1070.0, 0.23524858
1080.0, 0.23507383
1090.0, 0.2348994
1100.0, 0.2347253
1110.0, 0.23455153
1120.0, 0.23437808
1130.0, 0.23420496
1140.0, 0.23403217
1150.0, 0.23385972
1160.0, 0.23368756
1170.0, 0.23351574
1180.0, 0.23334426
1190.0, 0.23317309
1200.0, 0.23300223
1210.0, 0.23283172
1220.0, 0.2326615
1230.0, 0.23249163
1240.0, 0.23232207
1250.0, 0.2321528
1260.0, 0.23198389
1270.0, 0.23181528
1280.0, 0.231647
1290.0, 0.23147903
1300.0, 0.23131137
1310.0, 0.23114404
1320.0, 0.23097701
1330.0, 0.23081031
1340.0, 0.23064391
1350.0, 0.23047784
1360.0, 0.23031206
1370.0, 0.23014662
1380.0, 0.22998148
1390.0, 0.22981666
1400.0, 0.22965214
1410.0, 0.22948793
1420.0, 0.22932403
1430.0, 0.22916044
1440.0, 0.22899717
1450.0, 0.2288342
1460.0, 0.22867154
1470.0, 0.22850919
1480.0, 0.22834714
1490.0, 0.22818539
1500.0, 0.22802395
1510.0, 0.22786282
1520.0, 0.22770198
1530.0, 0.22754146
1540.0, 0.22738124
1550.0, 0.22722133
1560.0, 0.22706172
1570.0, 0.2269024
1580.0, 0.22674339
1590.0, 0.22658466
1600.0, 0.22642624
1610.0, 0.22626814
1620.0, 0.22611032
1630.0, 0.2259528
1640.0, 0.22579558
1650.0, 0.22563867
1660.0, 0.22548205
1670.0, 0.22532572
1680.0, 0.22516967
1690.0, 0.22501394
1700.0, 0.22485851
1710.0, 0.22470336
1720.0, 0.22454849
1730.0, 0.22439393
1740.0, 0.22423966
1750.0, 0.22408569
1760.0, 0.223932
1770.0, 0.2237786
1780.0, 0.2236255
1790.0, 0.22347268
1800.0, 0.22332014
1810.0, 0.22316793
1820.0, 0.22301596
1830.0, 0.2228643
1840.0, 0.22271293
1850.0, 0.22256184
1860.0, 0.22241104
1870.0, 0.22226052
1880.0, 0.22211029
1890.0, 0.22196034
1900.0, 0.22181067
1910.0, 0.2216613
1920.0, 0.22151218
1930.0, 0.22136338
1940.0, 0.22121485
1950.0, 0.22106661
1960.0, 0.22091863
1970.0, 0.22077093
1980.0, 0.22062352
1990.0, 0.22047639
2000.0, 0.22032954
2010.0, 0.22018297
2020.0, 0.22003667
2030.0, 0.21989065
2040.0, 0.21974492
2050.0, 0.21959944
2060.0, 0.21945426
2070.0, 0.21930933
2080.0, 0.21916468
2090.0, 0.21902032
2100.0, 0.21887623
2110.0, 0.2187324
2120.0, 0.21858887
2130.0, 0.21844558
2140.0, 0.2183026
2150.0, 0.21815985
2160.0, 0.2180174
2170.0, 0.21787521
2180.0, 0.2177333
2190.0, 0.21759164
2200.0, 0.21745026
2210.0, 0.21730915
2220.0, 0.21716829
2230.0, 0.21702771
2240.0, 0.21688741
2250.0, 0.21674736
2260.0, 0.21660759
2270.0, 0.21646807
2280.0, 0.21632881
2290.0, 0.21618983
2300.0, 0.21605112
2310.0, 0.21591265
2320.0, 0.21577446
2330.0, 0.21563654
2340.0, 0.21549886
2350.0, 0.21536145
2360.0, 0.21522431
2370.0, 0.21508741
2380.0, 0.21495079
2390.0, 0.21481441
2400.0, 0.21467832
2410.0, 0.21454246
2420.0, 0.21440688
2430.0, 0.21427155
2440.0, 0.21413647
2450.0, 0.21400164
2460.0, 0.21386708
2470.0, 0.21373278
2480.0, 0.21359871
2490.0, 0.21346492
2500.0, 0.21333137
2510.0, 0.2131981
2520.0, 0.21306504
2530.0, 0.21293226
2540.0, 0.21279973
2550.0, 0.21266745
2560.0, 0.21253544
2570.0, 0.21240366
2580.0, 0.21227214
2590.0, 0.21214086
2600.0, 0.21200983
2610.0, 0.21187906
2620.0, 0.21174853
2630.0, 0.21161826
2640.0, 0.21148822
2650.0, 0.21135844
2660.0, 0.2112289
2670.0, 0.21109961
2680.0, 0.21097057
2690.0, 0.21084176
2700.0, 0.21071321
2710.0, 0.21058491
2720.0, 0.21045683
2730.0, 0.21032903
2740.0, 0.21020146
2750.0, 0.21007411
2760.0, 0.20994702
2770.0, 0.20982018
2780.0, 0.20969357
2790.0, 0.2095672
2800.0, 0.20944108
2810.0, 0.2093152
2820.0, 0.20918955
2830.0, 0.20906414
2840.0, 0.20893899
2850.0, 0.20881405
2860.0, 0.20868936
2870.0, 0.20856489
2880.0, 0.20844069
2890.0, 0.2083167
2900.0, 0.20819296
2910.0, 0.20806946
2920.0, 0.20794618
2930.0, 0.20782316
2940.0, 0.20770036
2950.0, 0.20757778
2960.0, 0.20745546
2970.0, 0.20733336
2980.0, 0.2072115
2990.0, 0.20708986
3000.0, 0.20696844
3010.0, 0.20684728
3020.0, 0.20672634
3030.0, 0.20660563
3040.0, 0.20648515
3050.0, 0.2063649
3060.0, 0.20624487
3070.0, 0.20612508
3080.0, 0.20600553
3090.0, 0.20588619
3100.0, 0.2057671
3110.0, 0.20564821
3120.0, 0.20552956
3130.0, 0.20541114
3140.0, 0.20529293
3150.0, 0.20517497
3160.0, 0.20505722
3170.0, 0.2049397
3180.0, 0.20482239
3190.0, 0.20470531
3200.0, 0.20458846
3210.0, 0.20447183
3220.0, 0.20435542
3230.0, 0.20423923
3240.0, 0.20412327
3250.0, 0.20400755
3260.0, 0.20389202
3270.0, 0.20377672
3280.0, 0.20366165
3290.0, 0.20354678
3300.0, 0.20343214
3310.0, 0.20331773
3320.0, 0.20320353
3330.0, 0.20308957
3340.0, 0.2029758
3350.0, 0.20286225
3360.0, 0.20274891
3370.0, 0.2026358
3380.0, 0.2025229
3390.0, 0.2024102
3400.0, 0.20229776
3410.0, 0.2021855
3420.0, 0.20207347
3430.0, 0.20196165
3440.0, 0.20185004
3450.0, 0.20173864
3460.0, 0.20162745
3470.0, 0.2015165
3480.0, 0.20140573
3490.0, 0.2012952
3500.0, 0.20118485
3510.0, 0.20107473
3520.0, 0.20096482
3530.0, 0.20085512
3540.0, 0.20074563
3550.0, 0.20063636
3560.0, 0.20052728
3570.0, 0.20041841
3580.0, 0.20030977
3590.0, 0.2002013
3600.0, 0.20009308
3610.0, 0.19998504
3620.0, 0.19987722
3630.0, 0.1997696
3640.0, 0.1996622
3650.0, 0.19955498
3660.0, 0.19944799
3670.0, 0.1993412
3680.0, 0.19923459
3690.0, 0.1991282
3700.0, 0.19902202
3710.0, 0.19891605
3720.0, 0.19881026
3730.0, 0.19870467
3740.0, 0.19859931
3750.0, 0.19849414
3760.0, 0.19838917
3770.0, 0.1982844
3780.0, 0.19817984
3790.0, 0.19807547
3800.0, 0.1979713
3810.0, 0.19786733
3820.0, 0.19776356
3830.0, 0.19766001
3840.0, 0.19755664
3850.0, 0.19745345
3860.0, 0.19735049
3870.0, 0.19724771
3880.0, 0.19714512
3890.0, 0.19704275
3900.0, 0.19694056
3910.0, 0.19683857
3920.0, 0.19673678
3930.0, 0.19663517
3940.0, 0.19653377
3950.0, 0.19643256
3960.0, 0.19633153
3970.0, 0.19623071
3980.0, 0.19613008
3990.0, 0.19602965
4000.0, 0.19592941
4010.0, 0.19582936
4020.0, 0.19572951
4030.0, 0.19562984
4040.0, 0.19553035
4050.0, 0.19543108
4060.0, 0.19533198
4070.0, 0.19523308
4080.0, 0.19513436
4090.0, 0.19503585
4100.0, 0.19493751
4110.0, 0.19483936
4120.0, 0.19474138
4130.0, 0.19464363
4140.0, 0.19454603
4150.0, 0.19444865
4160.0, 0.19435143
4170.0, 0.19425441
4180.0, 0.19415759
4190.0, 0.19406094
4200.0, 0.19396447
4210.0, 0.1938682
4220.0, 0.1937721
4230.0, 0.19367619
4240.0, 0.19358046
4250.0, 0.19348493
4260.0, 0.19338958
4270.0, 0.19329439
4280.0, 0.19319941
4290.0, 0.19310461
4300.0, 0.19300997
4310.0, 0.19291554
4320.0, 0.19282128
4330.0, 0.1927272
4340.0, 0.1926333
4350.0, 0.19253957
4360.0, 0.19244604
4370.0, 0.19235267
4380.0, 0.19225949
4390.0, 0.19216649
4400.0, 0.19207369
4410.0, 0.19198103
4420.0, 0.19188857
4430.0, 0.19179627
4440.0, 0.19170417
4450.0, 0.19161224
4460.0, 0.1915205
4470.0, 0.1914289
4480.0, 0.1913375
4490.0, 0.19124629
4500.0, 0.19115524
4510.0, 0.19106436
4520.0, 0.19097365
4530.0, 0.19088313
4540.0, 0.19079277
4550.0, 0.1907026
4560.0, 0.1906126
4570.0, 0.19052278
4580.0, 0.1904331
4590.0, 0.19034362
4600.0, 0.19025432
4610.0, 0.19016516
4620.0, 0.1900762
4630.0, 0.18998739
4640.0, 0.18989877
4650.0, 0.18981032
4660.0, 0.18972203
4670.0, 0.1896339
4680.0, 0.18954597
4690.0, 0.18945819
4700.0, 0.18937059
4710.0, 0.18928313
4720.0, 0.18919587
4730.0, 0.18910876
4740.0, 0.18902184
4750.0, 0.18893507
4760.0, 0.18884847
4770.0, 0.18876202
4780.0, 0.18867576
4790.0, 0.18858968
4800.0, 0.18850373
4810.0, 0.18841796
4820.0, 0.18833236
4830.0, 0.18824692
4840.0, 0.18816166
4850.0, 0.18807654
4860.0, 0.18799159
4870.0, 0.1879068
4880.0, 0.18782221
4890.0, 0.18773773
4900.0, 0.18765345
4910.0, 0.18756934
4920.0, 0.18748535
4930.0, 0.18740155
4940.0, 0.18731791
4950.0, 0.18723443
4960.0, 0.18715112
4970.0, 0.18706794
4980.0, 0.18698496
4990.0, 0.1869021
5000.0, 0.18681943
5010.0, 0.18673691
5020.0, 0.18665454
5030.0, 0.18657234
5040.0, 0.1864903
5050.0, 0.18640842
5060.0, 0.18632668
5070.0, 0.18624513
5080.0, 0.18616371
5090.0, 0.18608245
5100.0, 0.18600136
5110.0, 0.18592042
5120.0, 0.18583964
5130.0, 0.185759
5140.0, 0.18567853
5150.0, 0.18559822
5160.0, 0.18551806
5170.0, 0.18543805
5180.0, 0.1853582
5190.0, 0.1852785
5200.0, 0.18519895
5210.0, 0.18511957
5220.0, 0.18504032
5230.0, 0.18496124
5240.0, 0.18488231
5250.0, 0.18480353
5260.0, 0.1847249
5270.0, 0.18464641
5280.0, 0.1845681
5290.0, 0.18448994
5300.0, 0.1844119
5310.0, 0.18433404
5320.0, 0.18425632
5330.0, 0.18417875
5340.0, 0.18410133
5350.0, 0.18402407
5360.0, 0.18394694
5370.0, 0.18386997
5380.0, 0.18379314
5390.0, 0.18371646
5400.0, 0.18363994
5410.0, 0.18356356
5420.0, 0.18348734
5430.0, 0.18341126
5440.0, 0.18333533
5450.0, 0.18325952
5460.0, 0.18318388
5470.0, 0.18310839
5480.0, 0.18303305
5490.0, 0.18295784
5500.0, 0.18288279
5510.0, 0.18280788
5520.0, 0.1827331
5530.0, 0.18265848
5540.0, 0.18258399
5550.0, 0.18250968
5560.0, 0.18243548
5570.0, 0.18236142
5580.0, 0.18228751
5590.0, 0.18221375
5600.0, 0.18214013
5610.0, 0.18206666
5620.0, 0.18199332
5630.0, 0.18192014
5640.0, 0.18184708
5650.0, 0.18177417
5660.0, 0.1817014
5670.0, 0.18162878
5680.0, 0.1815563
5690.0, 0.18148395
5700.0, 0.18141174
5710.0, 0.18133968
5720.0, 0.18126775
5730.0, 0.18119597
5740.0, 0.18112431
5750.0, 0.1810528
5760.0, 0.18098144
5770.0, 0.1809102
5780.0, 0.18083912
5790.0, 0.18076816
5800.0, 0.18069734
5810.0, 0.18062666
5820.0, 0.18055612
5830.0, 0.1804857
5840.0, 0.18041544
5850.0, 0.1803453
5860.0, 0.1802753
5870.0, 0.18020542
5880.0, 0.1801357
5890.0, 0.18006611
5900.0, 0.17999664
5910.0, 0.17992732
5920.0, 0.17985815
5930.0, 0.17978908
5940.0, 0.17972015
5950.0, 0.17965138
5960.0, 0.17958272
5970.0, 0.1795142
5980.0, 0.1794458
5990.0, 0.17937756
6000.0, 0.17930943
6010.0, 0.17924143
6020.0, 0.17917357
6030.0, 0.17910586
6040.0, 0.17903826
6050.0, 0.1789708
6060.0, 0.17890346
6070.0, 0.17883626
6080.0, 0.17876919
6090.0, 0.17870224
6100.0, 0.17863542
6110.0, 0.17856874
6120.0, 0.17850219
6130.0, 0.17843576
6140.0, 0.17836946
6150.0, 0.17830329
6160.0, 0.17823726
6170.0, 0.17817135
6180.0, 0.17810556
6190.0, 0.1780399
6200.0, 0.17797437
6210.0, 0.17790897
6220.0, 0.1778437
6230.0, 0.17777856
6240.0, 0.17771353
6250.0, 0.17764863
6260.0, 0.17758386
6270.0, 0.17751922
6280.0, 0.17745471
6290.0, 0.17739032
6300.0, 0.17732605
6310.0, 0.1772619
6320.0, 0.1771979
6330.0, 0.177134
6340.0, 0.17707023
6350.0, 0.17700659
6360.0, 0.17694306
6370.0, 0.17687966
6380.0, 0.17681639
6390.0, 0.17675324
6400.0, 0.17669022
6410.0, 0.17662731
6420.0, 0.17656451
6430.0, 0.17650186
6440.0, 0.17643932
6450.0, 0.1763769
6460.0, 0.17631459
6470.0, 0.17625241
6480.0, 0.17619036
6490.0, 0.17612842
6500.0, 0.17606662
6510.0, 0.17600492
6520.0, 0.17594334
6530.0, 0.17588189
6540.0, 0.17582056
6550.0, 0.17575935
6560.0, 0.17569824
6570.0, 0.17563726
6580.0, 0.1755764
6590.0, 0.17551565
6600.0, 0.17545502
6610.0, 0.17539454
6620.0, 0.17533414
6630.0, 0.17527387
6640.0, 0.17521371
6650.0, 0.17515369
6660.0, 0.17509376
6670.0, 0.17503396
6680.0, 0.17497426
6690.0, 0.17491469
6700.0, 0.17485523
6710.0, 0.1747959
6720.0, 0.17473668
6730.0, 0.17467758
6740.0, 0.17461859
6750.0, 0.1745597
6760.0, 0.17450094
6770.0, 0.17444229
6780.0, 0.17438376
6790.0, 0.17432532
6800.0, 0.17426702
6810.0, 0.17420883
6820.0, 0.17415074
6830.0, 0.17409278
6840.0, 0.17403492
6850.0, 0.17397718
6860.0, 0.17391956
6870.0, 0.17386203
6880.0, 0.17380463
6890.0, 0.17374733
6900.0, 0.17369016
6910.0, 0.17363308
6920.0, 0.17357612
6930.0, 0.17351927
6940.0, 0.17346253
6950.0, 0.1734059
6960.0, 0.17334938
6970.0, 0.17329298
6980.0, 0.17323668
6990.0, 0.17318049
7000.0, 0.17312442
7010.0, 0.17306845
7020.0, 0.17301258
7030.0, 0.17295682
7040.0, 0.17290118
7050.0, 0.17284566
7060.0, 0.17279023
7070.0, 0.1727349
7080.0, 0.1726797
7090.0, 0.1726246
7100.0, 0.1725696
7110.0, 0.1725147
7120.0, 0.17245993
7130.0, 0.17240526
7140.0, 0.17235069
7150.0, 0.17229623
7160.0, 0.17224187
7170.0, 0.17218763
7180.0, 0.17213348
7190.0, 0.17207943
7200.0, 0.1720255
7210.0, 0.17197166
7220.0, 0.17191796
7230.0, 0.17186435
7240.0, 0.17181082
7250.0, 0.1717574
7260.0, 0.1717041
7270.0, 0.1716509
7280.0, 0.17159781
7290.0, 0.1715448
7300.0, 0.17149192
7310.0, 0.17143913
7320.0, 0.17138644
7330.0, 0.17133386
7340.0, 0.1712814
7350.0, 0.17122902
7360.0, 0.17117675
7370.0, 0.17112456
7380.0, 0.17107248
7390.0, 0.17102052
7400.0, 0.17096865
7410.0, 0.17091689
7420.0, 0.17086522
7430.0, 0.17081366
7440.0, 0.1707622
7450.0, 0.17071083
7460.0, 0.17065957
7470.0, 0.1706084
7480.0, 0.17055735
7490.0, 0.17050639
7500.0, 0.17045552
7510.0, 0.17040475
7520.0, 0.17035408
7530.0, 0.17030351
7540.0, 0.17025305
7550.0, 0.17020269
7560.0, 0.17015241
7570.0, 0.17010222
7580.0, 0.17005216
7590.0, 0.17000218
7600.0, 0.16995229
7610.0, 0.16990252
7620.0, 0.16985284
7630.0, 0.16980325
7640.0, 0.16975375
7650.0, 0.16970436
7660.0, 0.16965507
7670.0, 0.16960585
7680.0, 0.16955675
7690.0, 0.16950774
7700.0, 0.16945882
7710.0, 0.16941002
7720.0, 0.1693613
7730.0, 0.16931266
7740.0, 0.16926412
7750.0, 0.1692157
7760.0, 0.16916734
7770.0, 0.1691191
7780.0, 0.16907093
7790.0, 0.16902287
7800.0, 0.1689749
7810.0, 0.16892704
7820.0, 0.16887927
7830.0, 0.16883157
7840.0, 0.16878399
7850.0, 0.16873647
7860.0, 0.16868907
7870.0, 0.16864176
7880.0, 0.16859452
7890.0, 0.1685474
7900.0, 0.16850036
7910.0, 0.16845341
7920.0, 0.16840656
7930.0, 0.1683598
7940.0, 0.16831313
7950.0, 0.16826655
7960.0, 0.16822006
7970.0, 0.16817367
7980.0, 0.16812736
7990.0, 0.16808115
8000.0, 0.16803502
8010.0, 0.16798897
8020.0, 0.16794305
8030.0, 0.16789718
8040.0, 0.1678514
8050.0, 0.16780575
8060.0, 0.16776016
8070.0, 0.16771466
8080.0, 0.16766924
8090.0, 0.16762392
8100.0, 0.16757868
8110.0, 0.16753355
8120.0, 0.1674885
8130.0, 0.16744353
8140.0, 0.16739865
8150.0, 0.16735385
8160.0, 0.16730915
8170.0, 0.16726454
8180.0, 0.16722
8190.0, 0.16717558
8200.0, 0.16713122
8210.0, 0.16708694
8220.0, 0.16704276
8230.0, 0.16699868
8240.0, 0.16695467
8250.0, 0.16691074
8260.0, 0.16686691
8270.0, 0.16682316
8280.0, 0.16677949
8290.0, 0.1667359
8300.0, 0.16669242
8310.0, 0.166649
8320.0, 0.16660568
8330.0, 0.16656245
8340.0, 0.1665193
8350.0, 0.16647622
8360.0, 0.16643323
8370.0, 0.16639033
8380.0, 0.16634752
8390.0, 0.16630478
8400.0, 0.16626213
8410.0, 0.16621956
8420.0, 0.16617708
8430.0, 0.16613469
8440.0, 0.16609237
8450.0, 0.16605014
8460.0, 0.16600798
8470.0, 0.16596591
8480.0, 0.16592394
8490.0, 0.16588204
8500.0, 0.16584021
8510.0, 0.16579847
8520.0, 0.1657568
8530.0, 0.16571523
8540.0, 0.16567375
8550.0, 0.16563234
8560.0, 0.16559099
8570.0, 0.16554974
8580.0, 0.16550857
8590.0, 0.16546747
8600.0, 0.16542646
8610.0, 0.16538553
8620.0, 0.16534469
8630.0, 0.16530393
8640.0, 0.16526324
8650.0, 0.16522262
8660.0, 0.1651821
8670.0, 0.16514166
8680.0, 0.16510127
8690.0, 0.16506098
8700.0, 0.16502078
8710.0, 0.16498064
8720.0, 0.16494058
8730.0, 0.1649006
8740.0, 0.16486071
8750.0, 0.1648209
8760.0, 0.16478115
8770.0, 0.16474149
8780.0, 0.1647019
8790.0, 0.16466239
8800.0, 0.16462296
8810.0, 0.16458361
8820.0, 0.16454433
8830.0, 0.16450512
8840.0, 0.16446601
8850.0, 0.16442695
8860.0, 0.16438799
8870.0, 0.1643491
8880.0, 0.16431028
8890.0, 0.16427155
8900.0, 0.16423288
8910.0, 0.16419429
8920.0, 0.16415578
8930.0, 0.16411734
8940.0, 0.16407897
8950.0, 0.16404068
8960.0, 0.16400248
8970.0, 0.16396433
8980.0, 0.16392627
8990.0, 0.16388829
9000.0, 0.16385038
9010.0, 0.16381255
9020.0, 0.16377477
9030.0, 0.16373709
9040.0, 0.16369948
9050.0, 0.16366193
9060.0, 0.16362447
9070.0, 0.16358706
9080.0, 0.16354975
9090.0, 0.1635125
9100.0, 0.16347532
9110.0, 0.16343822
9120.0, 0.16340119
9130.0, 0.16336423
9140.0, 0.16332735
9150.0, 0.16329055
9160.0, 0.1632538
9170.0, 0.16321713
9180.0, 0.16318054
9190.0, 0.163144
9200.0, 0.16310756
9210.0, 0.16307119
9220.0, 0.16303487
9230.0, 0.16299865
9240.0, 0.16296247
9250.0, 0.16292638
9260.0, 0.16289036
9270.0, 0.16285439
9280.0, 0.16281852
9290.0, 0.1627827
9300.0, 0.16274697
9310.0, 0.16271129
9320.0, 0.16267568
9330.0, 0.16264015
9340.0, 0.16260469
9350.0, 0.1625693
9360.0, 0.16253398
9370.0, 0.16249873
9380.0, 0.16246355
9390.0, 0.16242842
9400.0, 0.16239338
9410.0, 0.1623584
9420.0, 0.1623235
9430.0, 0.16228865
9440.0, 0.16225387
9450.0, 0.16221918
9460.0, 0.16218455
9470.0, 0.16214998
9480.0, 0.16211548
9490.0, 0.16208105
9500.0, 0.16204669
9510.0, 0.1620124
9520.0, 0.16197816
9530.0, 0.161944
9540.0, 0.16190991
9550.0, 0.16187587
9560.0, 0.16184191
9570.0, 0.16180803
9580.0, 0.1617742
9590.0, 0.16174044
9600.0, 0.16170675
9610.0, 0.16167311
9620.0, 0.16163956
9630.0, 0.16160606
9640.0, 0.16157262
9650.0, 0.16153927
9660.0, 0.16150597
9670.0, 0.16147274
9680.0, 0.16143957
9690.0, 0.16140646
9700.0, 0.16137342
9710.0, 0.16134046
9720.0, 0.16130754
9730.0, 0.1612747
9740.0, 0.16124192
9750.0, 0.16120921
9760.0, 0.16117656
9770.0, 0.16114397
9780.0, 0.16111146
9790.0, 0.16107899
9800.0, 0.1610466
9810.0, 0.16101427
9820.0, 0.16098201
9830.0, 0.16094981
9840.0, 0.16091767
9850.0, 0.16088559
9860.0, 0.16085358
9870.0, 0.16082163
9880.0, 0.16078974
9890.0, 0.16075791
9900.0, 0.16072616
9910.0, 0.16069445
9920.0, 0.16066281
9930.0, 0.16063124
9940.0, 0.16059974
9950.0, 0.16056828
9960.0, 0.16053689
9970.0, 0.16050556
9980.0, 0.1604743
9990.0, 0.1604431
10000.0, 0.16041195
10010.0, 0.16038087
10020.0, 0.16034986
10030.0, 0.1603189
10040.0, 0.16028799
10050.0, 0.16025716
10060.0, 0.16022637
10070.0, 0.16019566
10080.0, 0.16016501
10090.0, 0.16013442
10100.0, 0.16010389
10110.0, 0.16007341
10120.0, 0.16004299
10130.0, 0.16001263
10140.0, 0.15998234
10150.0, 0.1599521
10160.0, 0.15992193
10170.0, 0.15989181
10180.0, 0.15986176
10190.0, 0.15983176
10200.0, 0.15980181
10210.0, 0.15977193
10220.0, 0.15974212
10230.0, 0.15971236
10240.0, 0.15968265
10250.0, 0.15965301
10260.0, 0.15962343
10270.0, 0.1595939
10280.0, 0.15956442
10290.0, 0.15953502
10300.0, 0.15950567
10310.0, 0.15947635
10320.0, 0.15944712
10330.0, 0.15941794
10340.0, 0.15938881
10350.0, 0.15935975
10360.0, 0.15933074
10370.0, 0.15930179
10380.0, 0.1592729
10390.0, 0.15924405
10400.0, 0.15921527
10410.0, 0.15918654
10420.0, 0.15915789
10430.0, 0.15912928
10440.0, 0.15910071
10450.0, 0.15907222
10460.0, 0.15904377
10470.0, 0.15901539
10480.0, 0.15898706
10490.0, 0.15895878
10500.0, 0.15893057
10510.0, 0.15890239
10520.0, 0.15887429
10530.0, 0.15884624
10540.0, 0.15881824
10550.0, 0.1587903
10560.0, 0.15876241
10570.0, 0.15873457
10580.0, 0.1587068
10590.0, 0.15867908
10600.0, 0.15865141
10610.0, 0.1586238
10620.0, 0.15859625
10630.0, 0.15856874
10640.0, 0.15854129
10650.0, 0.15851389
10660.0, 0.15848655
10670.0, 0.15845925
10680.0, 0.15843202
10690.0, 0.15840484
10700.0, 0.1583777
10710.0, 0.15835065
10720.0, 0.15832362
10730.0, 0.15829666
10740.0, 0.15826973
10750.0, 0.15824288
10760.0, 0.15821607
10770.0, 0.15818931
10780.0, 0.15816261
10790.0, 0.15813597
10800.0, 0.15810937
10810.0, 0.15808283
10820.0, 0.15805633
10830.0, 0.15802988
10840.0, 0.15800351
10850.0, 0.15797716
10860.0, 0.15795088
10870.0, 0.15792465
10880.0, 0.15789847
10890.0, 0.15787233
10900.0, 0.15784626
10910.0, 0.15782024
10920.0, 0.15779427
10930.0, 0.15776834
10940.0, 0.15774247
10950.0, 0.15771665
10960.0, 0.15769088
10970.0, 0.15766515
10980.0, 0.15763949
10990.0, 0.15761387
11000.0, 0.1575883
11010.0, 0.15756279
11020.0, 0.15753733
11030.0, 0.1575119
11040.0, 0.15748653
11050.0, 0.15746123
11060.0, 0.15743595
11070.0, 0.15741074
11080.0, 0.15738557
11090.0, 0.15736046
11100.0, 0.15733539
11110.0, 0.15731037
11120.0, 0.1572854
11130.0, 0.15726048
11140.0, 0.15723561
11150.0, 0.1572108
11160.0, 0.15718602
11170.0, 0.1571613
11180.0, 0.15713662
11190.0, 0.157112
11200.0, 0.15708742
11210.0, 0.15706289
11220.0, 0.1570384
11230.0, 0.15701398
11240.0, 0.15698959
11250.0, 0.15696526
11260.0, 0.15694098
11270.0, 0.15691674
11280.0, 0.15689255
11290.0, 0.1568684
11300.0, 0.1568443
11310.0, 0.15682025
11320.0, 0.15679625
11330.0, 0.1567723
11340.0, 0.1567484
11350.0, 0.15672453
11360.0, 0.15670073
11370.0, 0.15667696
11380.0, 0.15665324
11390.0, 0.15662956
11400.0, 0.15660594
11410.0, 0.15658237
11420.0, 0.15655884
11430.0, 0.15653536
11440.0, 0.15651192
11450.0, 0.15648852
11460.0, 0.15646517
11470.0, 0.15644187
11480.0, 0.15641862
11490.0, 0.1563954
11500.0, 0.15637225
11510.0, 0.15634914
11520.0, 0.15632606
11530.0, 0.15630303
11540.0, 0.15628006
11550.0, 0.15625712
11560.0, 0.15623423
11570.0, 0.15621139
11580.0, 0.15618859
11590.0, 0.15616584
11600.0, 0.15614313
11610.0, 0.15612046
11620.0, 0.15609784
11630.0, 0.15607527
11640.0, 0.15605274
11650.0, 0.15603027
11660.0, 0.15600783
11670.0, 0.15598543
11680.0, 0.15596306
11690.0, 0.15594077
11700.0, 0.1559185
11710.0, 0.15589628
11720.0, 0.1558741
11730.0, 0.15585198
11740.0, 0.15582988
11750.0, 0.15580784
11760.0, 0.15578583
11770.0, 0.15576388
11780.0, 0.15574197
11790.0, 0.15572008
11800.0, 0.15569827
11810.0, 0.15567648
11820.0, 0.15565474
11830.0, 0.15563303
11840.0, 0.1556114
11850.0, 0.15558977
11860.0, 0.1555682
11870.0, 0.15554668
11880.0, 0.1555252
11890.0, 0.15550375
11900.0, 0.15548234
11910.0, 0.15546098
11920.0, 0.15543967
11930.0, 0.15541841
11940.0, 0.15539718
11950.0, 0.15537597
11960.0, 0.15535483
11970.0, 0.15533373
11980.0, 0.15531266
11990.0, 0.15529165
12000.0, 0.15527065
12010.0, 0.15524973
12020.0, 0.15522882
12030.0, 0.15520796
12040.0, 0.15518714
12050.0, 0.15516637
12060.0, 0.15514565
12070.0, 0.15512495
12080.0, 0.1551043
12090.0, 0.15508369
12100.0, 0.15506312
12110.0, 0.15504259
12120.0, 0.1550221
12130.0, 0.15500166
12140.0, 0.15498126
12150.0, 0.15496089
12160.0, 0.15494055
12170.0, 0.15492027
12180.0, 0.15490003
12190.0, 0.15487981
12200.0, 0.15485965
12210.0, 0.15483952
12220.0, 0.15481943
12230.0, 0.15479939
12240.0, 0.15477937
12250.0, 0.1547594
12260.0, 0.15473948
12270.0, 0.15471959
12280.0, 0.15469974
12290.0, 0.15467994
12300.0, 0.15466017
12310.0, 0.15464044
12320.0, 0.15462074
12330.0, 0.15460108
12340.0, 0.15458147
12350.0, 0.15456189
12360.0, 0.15454236
12370.0, 0.15452285
12380.0, 0.15450339
12390.0, 0.15448397
12400.0, 0.15446459
12410.0, 0.15444525
12420.0, 0.15442593
12430.0, 0.15440667
12440.0, 0.15438744
12450.0, 0.15436825
12460.0, 0.15434909
12470.0, 0.15432997
12480.0, 0.1543109
12490.0, 0.15429185
12500.0, 0.15427285
12510.0, 0.1542539
12520.0, 0.15423496
12530.0, 0.15421607
12540.0, 0.15419722
12550.0, 0.1541784
12560.0, 0.15415962
12570.0, 0.15414087
12580.0, 0.15412217
12590.0, 0.1541035
12600.0, 0.15408488
12610.0, 0.15406628
12620.0, 0.15404773
12630.0, 0.1540292
12640.0, 0.15401073
12650.0, 0.15399228
12660.0, 0.15397388
12670.0, 0.15395549
12680.0, 0.15393716
12690.0, 0.15391886
12700.0, 0.1539006
12710.0, 0.15388237
12720.0, 0.15386418
12730.0, 0.15384601
12740.0, 0.15382789
12750.0, 0.1538098
12760.0, 0.15379176
12770.0, 0.15377374
12780.0, 0.15375577
12790.0, 0.15373783
12800.0, 0.15371992
12810.0, 0.15370205
12820.0, 0.15368421
12830.0, 0.1536664
12840.0, 0.15364864
12850.0, 0.15363091
12860.0, 0.15361322
12870.0, 0.15359557
12880.0, 0.15357794
12890.0, 0.15356034
12900.0, 0.15354279
12910.0, 0.15352528
12920.0, 0.15350778
12930.0, 0.15349033
12940.0, 0.15347292
12950.0, 0.15345554
12960.0, 0.1534382
12970.0, 0.15342088
12980.0, 0.1534036
12990.0, 0.15338635
13000.0, 0.15336914
13010.0, 0.15335196
13020.0, 0.15333483
13030.0, 0.15331772
13040.0, 0.15330064
13050.0, 0.15328361
13060.0, 0.1532666
13070.0, 0.15324962
13080.0, 0.15323268
13090.0, 0.15321577
13100.0, 0.1531989
13110.0, 0.15318206
13120.0, 0.15316525
13130.0, 0.15314849
13140.0, 0.15313174
13150.0, 0.15311503
13160.0, 0.15309836
13170.0, 0.15308173
13180.0, 0.15306512
13190.0, 0.15304855
13200.0, 0.153032
13210.0, 0.1530155
13220.0, 0.15299903
13230.0, 0.15298258
13240.0, 0.15296617
13250.0, 0.15294978
13260.0, 0.15293343
13270.0, 0.15291713
13280.0, 0.15290086
13290.0, 0.1528846
13300.0, 0.15286839
13310.0, 0.15285219
13320.0, 0.15283605
13330.0, 0.15281993
13340.0, 0.15280384
13350.0, 0.15278777
13360.0, 0.15277176
13370.0, 0.15275577
13380.0, 0.15273981
13390.0, 0.15272388
13400.0, 0.15270798
13410.0, 0.15269211
13420.0, 0.15267627
13430.0, 0.15266047
13440.0, 0.1526447
13450.0, 0.15262896
13460.0, 0.15261325
13470.0, 0.15259758
13480.0, 0.15258192
13490.0, 0.15256631
13500.0, 0.15255073
13510.0, 0.15253516
13520.0, 0.15251964
13530.0, 0.15250415
13540.0, 0.15248868
13550.0, 0.15247326
13560.0, 0.15245785
13570.0, 0.15244249
13580.0, 0.15242714
13590.0, 0.15241183
13600.0, 0.15239656
13610.0, 0.1523813
13620.0, 0.15236609
13630.0, 0.1523509
13640.0, 0.15233575
13650.0, 0.15232061
13660.0, 0.15230551
13670.0, 0.15229045
13680.0, 0.15227541
13690.0, 0.1522604
13700.0, 0.15224542
13710.0, 0.15223047
13720.0, 0.15221554
13730.0, 0.15220065
13740.0, 0.1521858
13750.0, 0.15217097
13760.0, 0.15215616
13770.0, 0.15214139
13780.0, 0.15212665
13790.0, 0.15211193
13800.0, 0.15209724
13810.0, 0.15208259
13820.0, 0.15206796
13830.0, 0.15205337
13840.0, 0.15203881
13850.0, 0.15202427
13860.0, 0.15200974
13870.0, 0.15199527
13880.0, 0.15198082
13890.0, 0.1519664
13900.0, 0.151952
13910.0, 0.15193763
13920.0, 0.15192328
13930.0, 0.15190898
13940.0, 0.1518947
13950.0, 0.15188044
13960.0, 0.15186621
13970.0, 0.15185201
13980.0, 0.15183786
13990.0, 0.1518237
14000.0, 0.15180959
14010.0, 0.1517955
14020.0, 0.15178145
14030.0, 0.15176742
14040.0, 0.15175343
14050.0, 0.15173945
14060.0, 0.1517255
14070.0, 0.15171158
14080.0, 0.1516977
14090.0, 0.15168384
14100.0, 0.15167
14110.0, 0.1516562
14120.0, 0.1516424
14130.0, 0.15162866
14140.0, 0.15161492
14150.0, 0.15160123
14160.0, 0.15158756
14170.0, 0.15157391
14180.0, 0.15156029
14190.0, 0.1515467
14200.0, 0.15153314
14210.0, 0.15151961
14220.0, 0.1515061
14230.0, 0.15149261
14240.0, 0.15147915
14250.0, 0.15146573
14260.0, 0.15145233
14270.0, 0.15143895
14280.0, 0.1514256
14290.0, 0.15141228
14300.0, 0.15139897
14310.0, 0.15138571
14320.0, 0.15137246
14330.0, 0.15135925
14340.0, 0.15134606
14350.0, 0.15133289
14360.0, 0.15131974
14370.0, 0.15130664
14380.0, 0.15129355
14390.0, 0.15128049
14400.0, 0.15126745
14410.0, 0.15125445
14420.0, 0.15124147
14430.0, 0.1512285
14440.0, 0.15121557
14450.0, 0.15120266
14460.0, 0.15118979
14470.0, 0.15117693
14480.0, 0.1511641
14490.0, 0.15115128
14500.0, 0.15113851
14510.0, 0.15112576
14520.0, 0.15111303
14530.0, 0.15110034
14540.0, 0.15108766
14550.0, 0.15107499
14560.0, 0.15106238
14570.0, 0.15104978
14580.0, 0.1510372
14590.0, 0.15102464
14600.0, 0.15101211
14610.0, 0.1509996
14620.0, 0.15098713
14630.0, 0.15097468
14640.0, 0.15096225
14650.0, 0.15094985
14660.0, 0.15093747
14670.0, 0.15092511
14680.0, 0.15091279
14690.0, 0.15090048
14700.0, 0.1508882
14710.0, 0.15087594
14720.0, 0.1508637
14730.0, 0.1508515
14740.0, 0.15083933
14750.0, 0.15082715
14760.0, 0.15081502
14770.0, 0.15080291
14780.0, 0.15079083
14790.0, 0.15077877
14800.0, 0.15076672
14810.0, 0.1507547
14820.0, 0.15074272
14830.0, 0.15073076
14840.0, 0.15071881
14850.0, 0.15070689
14860.0, 0.150695
14870.0, 0.15068312
14880.0, 0.15067127
14890.0, 0.15065944
14900.0, 0.15064764
14910.0, 0.15063585
14920.0, 0.15062411
14930.0, 0.15061237
14940.0, 0.15060066
14950.0, 0.15058897
14960.0, 0.15057732
14970.0, 0.15056568
14980.0, 0.15055406
14990.0, 0.15054247
15000.0, 0.15053089
15010.0, 0.15051936
15020.0, 0.15050784
15030.0, 0.15049633
15040.0, 0.15048485
15050.0, 0.15047339
15060.0, 0.15046196
15070.0, 0.15045054
15080.0, 0.15043917
15090.0, 0.1504278
15100.0, 0.15041645
15110.0, 0.15040514
15120.0, 0.15039384
15130.0, 0.15038256
15140.0, 0.15037131
15150.0, 0.15036008
15160.0, 0.15034887
15170.0, 0.15033768
15180.0, 0.15032652
15190.0, 0.15031539
15200.0, 0.15030427
15210.0, 0.15029317
15220.0, 0.1502821
15230.0, 0.15027104
15240.0, 0.15026002
15250.0, 0.150249
15260.0, 0.150238
15270.0, 0.15022705
15280.0, 0.1502161
15290.0, 0.15020518
15300.0, 0.15019429
15310.0, 0.15018341
15320.0, 0.15017255
15330.0, 0.15016171
15340.0, 0.1501509
15350.0, 0.1501401
15360.0, 0.15012933
15370.0, 0.15011859
15380.0, 0.15010786
15390.0, 0.15009715
15400.0, 0.15008646
15410.0, 0.15007581
15420.0, 0.15006517
15430.0, 0.15005454
15440.0, 0.15004393
15450.0, 0.15003335
15460.0, 0.1500228
15470.0, 0.15001225
15480.0, 0.15000175
15490.0, 0.14999124
15500.0, 0.14998078
15510.0, 0.14997032
15520.0, 0.14995989
15530.0, 0.14994948
15540.0, 0.14993909
15550.0, 0.14992872
15560.0, 0.14991836
15570.0, 0.14990804
15580.0, 0.14989772
15590.0, 0.14988744
15600.0, 0.14987716
15610.0, 0.14986692
15620.0, 0.14985669
15630.0, 0.1498465
15640.0, 0.1498363
15650.0, 0.14982612
15660.0, 0.14981599
15670.0, 0.14980586
15680.0, 0.14979576
15690.0, 0.14978567
15700.0, 0.1497756
15710.0, 0.14976555
15720.0, 0.14975552
15730.0, 0.14974552
15740.0, 0.14973554
15750.0, 0.14972557
15760.0, 0.14971562
15770.0, 0.1497057
15780.0, 0.14969578
15790.0, 0.14968589
15800.0, 0.14967602
15810.0, 0.14966619
15820.0, 0.14965636
15830.0, 0.14964655
15840.0, 0.14963676
15850.0, 0.14962699
15860.0, 0.14961724
15870.0, 0.14960751
15880.0, 0.1495978
15890.0, 0.1495881
15900.0, 0.14957842
15910.0, 0.14956877
15920.0, 0.14955914
15930.0, 0.14954951
15940.0, 0.14953992
15950.0, 0.14953034
15960.0, 0.14952078
15970.0, 0.14951125
15980.0, 0.14950173
15990.0, 0.14949222
16000.0, 0.14948274
16010.0, 0.14947328
16020.0, 0.14946383
16030.0, 0.1494544
16040.0, 0.149445
16050.0, 0.14943561
16060.0, 0.14942624
16070.0, 0.1494169
16080.0, 0.14940755
16090.0, 0.14939824
16100.0, 0.14938894
16110.0, 0.14937967
16120.0, 0.1493704
16130.0, 0.14936116
16140.0, 0.14935194
16150.0, 0.14934273
16160.0, 0.14933355
16170.0, 0.14932439
16180.0, 0.14931524
16190.0, 0.1493061
16200.0, 0.14929698
16210.0, 0.1492879
16220.0, 0.14927882
16230.0, 0.14926976
16240.0, 0.14926071
16250.0, 0.1492517
16260.0, 0.14924268
16270.0, 0.14923371
16280.0, 0.14922474
16290.0, 0.14921579
16300.0, 0.14920685
16310.0, 0.14919794
16320.0, 0.14918904
16330.0, 0.14918016
16340.0, 0.1491713
16350.0, 0.14916246
16360.0, 0.14915362
16370.0, 0.14914481
16380.0, 0.14913602
16390.0, 0.14912726
16400.0, 0.14911848
16410.0, 0.14910975
16420.0, 0.14910103
16430.0, 0.14909232
16440.0, 0.14908363
16450.0, 0.14907497
16460.0, 0.14906631
16470.0, 0.14905767
16480.0, 0.14904906
16490.0, 0.14904046
16500.0, 0.14903188
16510.0, 0.14902331
16520.0, 0.14901476
16530.0, 0.14900622
16540.0, 0.14899771
16550.0, 0.1489892
16560.0, 0.14898072
16570.0, 0.14897226
16580.0, 0.14896381
16590.0, 0.14895537
16600.0, 0.14894697
16610.0, 0.14893857
16620.0, 0.14893019
16630.0, 0.14892182
16640.0, 0.14891347
16650.0, 0.14890513
16660.0, 0.14889683
16670.0, 0.14888853
16680.0, 0.14888024
16690.0, 0.14887197
16700.0, 0.14886372
16710.0, 0.14885549
16720.0, 0.14884728
16730.0, 0.14883907
16740.0, 0.14883089
16750.0, 0.14882272
16760.0, 0.14881457
16770.0, 0.14880644
16780.0, 0.14879832
16790.0, 0.14879023
16800.0, 0.14878212
16810.0, 0.14877406
16820.0, 0.148766
16830.0, 0.14875796
16840.0, 0.14874995
16850.0, 0.14874193
16860.0, 0.14873394
16870.0, 0.14872597
16880.0, 0.14871801
16890.0, 0.14871007
16900.0, 0.14870214
16910.0, 0.14869423
16920.0, 0.14868633
16930.0, 0.14867845
16940.0, 0.1486706
16950.0, 0.14866275
16960.0, 0.14865491
16970.0, 0.1486471
16980.0, 0.14863929
16990.0, 0.1486315
17000.0, 0.14862373
17010.0, 0.14861597
17020.0, 0.14860824
17030.0, 0.1486005
17040.0, 0.1485928
17050.0, 0.14858511
17060.0, 0.14857744
17070.0, 0.14856976
17080.0, 0.14856212
17090.0, 0.14855449
17100.0, 0.14854686
17110.0, 0.14853926
17120.0, 0.14853168
17130.0, 0.1485241
17140.0, 0.14851655
17150.0, 0.14850901
17160.0, 0.14850147
17170.0, 0.14849396
17180.0, 0.14848647
17190.0, 0.14847898
17200.0, 0.14847152
17210.0, 0.14846407
17220.0, 0.14845663
17230.0, 0.14844921
17240.0, 0.14844179
17250.0, 0.1484344
17260.0, 0.14842702
17270.0, 0.14841966
17280.0, 0.14841232
17290.0, 0.14840497
17300.0, 0.14839767
17310.0, 0.14839035
17320.0, 0.14838307
17330.0, 0.14837578
17340.0, 0.14836852
17350.0, 0.14836128
17360.0, 0.14835404
17370.0, 0.14834683
17380.0, 0.14833963
17390.0, 0.14833243
17400.0, 0.14832526
17410.0, 0.1483181
17420.0, 0.14831094
17430.0, 0.1483038
17440.0, 0.1482967
17450.0, 0.14828959
17460.0, 0.1482825
17470.0, 0.14827542
17480.0, 0.14826836
17490.0, 0.14826131
17500.0, 0.14825428
17510.0, 0.14824726
17520.0, 0.14824025
17530.0, 0.14823326
17540.0, 0.14822629
17550.0, 0.14821932
17560.0, 0.14821236
17570.0, 0.14820543
17580.0, 0.14819852
17590.0, 0.1481916
17600.0, 0.1481847
17610.0, 0.14817783
17620.0, 0.14817096
17630.0, 0.14816411
17640.0, 0.14815725
17650.0, 0.14815043
17660.0, 0.14814362
17670.0, 0.14813682
17680.0, 0.14813004
17690.0, 0.14812326
17700.0, 0.1481165
17710.0, 0.14810976
17720.0, 0.14810301
17730.0, 0.14809631
17740.0, 0.1480896
17750.0, 0.14808291
17760.0, 0.14807624
17770.0, 0.14806956
17780.0, 0.14806291
17790.0, 0.14805627
17800.0, 0.14804964
17810.0, 0.14804304
17820.0, 0.14803644
17830.0, 0.14802985
17840.0, 0.14802328
17850.0, 0.1480167
17860.0, 0.14801016
17870.0, 0.14800362
17880.0, 0.14799711
17890.0, 0.1479906
17900.0, 0.1479841
17910.0, 0.14797762
17920.0, 0.14797115
17930.0, 0.1479647
17940.0, 0.14795826
17950.0, 0.14795183
17960.0, 0.1479454
17970.0, 0.147939
17980.0, 0.1479326
17990.0, 0.14792624
18000.0, 0.14791986
18010.0, 0.14791352
18020.0, 0.14790717
18030.0, 0.14790085
18040.0, 0.14789452
18050.0, 0.14788821
18060.0, 0.14788193
18070.0, 0.14787565
18080.0, 0.14786938
18090.0, 0.14786312
18100.0, 0.14785689
18110.0, 0.14785066
18120.0, 0.14784445
18130.0, 0.14783823
18140.0, 0.14783205
18150.0, 0.14782587
18160.0, 0.1478197
18170.0, 0.14781354
18180.0, 0.1478074
18190.0, 0.14780127
18200.0, 0.14779516
18210.0, 0.14778905
18220.0, 0.14778295
18230.0, 0.14777687
18240.0, 0.1477708
18250.0, 0.14776474
18260.0, 0.1477587
18270.0, 0.14775267
18280.0, 0.14774665
18290.0, 0.14774063
18300.0, 0.14773464
18310.0, 0.14772865
18320.0, 0.14772268
18330.0, 0.14771672
18340.0, 0.14771077
18350.0, 0.14770482
18360.0, 0.14769891
18370.0, 0.147693
18380.0, 0.14768708
18390.0, 0.14768119
18400.0, 0.14767532
18410.0, 0.14766945
18420.0, 0.1476636
18430.0, 0.14765775
18440.0, 0.14765193
18450.0, 0.1476461
18460.0, 0.14764029
18470.0, 0.14763449
18480.0, 0.14762871
18490.0, 0.14762293
18500.0, 0.14761718
18510.0, 0.14761142
18520.0, 0.14760567
18530.0, 0.14759995
18540.0, 0.14759423
18550.0, 0.14758852
18560.0, 0.14758283
18570.0, 0.14757715
18580.0, 0.14757147
18590.0, 0.14756583
18600.0, 0.14756016
18610.0, 0.14755453
18620.0, 0.1475489
18630.0, 0.1475433
18640.0, 0.1475377
18650.0, 0.14753209
18660.0, 0.14752652
18670.0, 0.14752093
18680.0, 0.14751539
18690.0, 0.14750983
18700.0, 0.1475043
18710.0, 0.14749877
18720.0, 0.14749326
18730.0, 0.14748774
18740.0, 0.14748225
18750.0, 0.14747676
18760.0, 0.1474713
18770.0, 0.14746584
18780.0, 0.14746039
18790.0, 0.14745495
18800.0, 0.14744952
18810.0, 0.1474441
18820.0, 0.14743869
18830.0, 0.1474333
18840.0, 0.14742792
18850.0, 0.14742254
18860.0, 0.14741717
18870.0, 0.14741182
18880.0, 0.14740647
18890.0, 0.14740115
18900.0, 0.14739583
18910.0, 0.14739053
18920.0, 0.14738522
18930.0, 0.14737993
18940.0, 0.14737466
18950.0, 0.14736938
18960.0, 0.14736412
18970.0, 0.14735888
18980.0, 0.14735363
18990.0, 0.14734842
19000.0, 0.1473432
19010.0, 0.14733799
19020.0, 0.1473328
19030.0, 0.14732762
19040.0, 0.14732245
19050.0, 0.14731728
19060.0, 0.14731212
19070.0, 0.14730698
19080.0, 0.14730184
19090.0, 0.14729673
19100.0, 0.14729162
19110.0, 0.1472865
19120.0, 0.14728141
19130.0, 0.14727633
19140.0, 0.14727126
19150.0, 0.1472662
19160.0, 0.14726114
19170.0, 0.1472561
19180.0, 0.14725107
19190.0, 0.14724605
19200.0, 0.14724104
19210.0, 0.14723603
19220.0, 0.14723104
19230.0, 0.14722607
19240.0, 0.14722109
19250.0, 0.14721613
19260.0, 0.14721118
19270.0, 0.14720623
19280.0, 0.1472013
19290.0, 0.14719638
19300.0, 0.14719145
19310.0, 0.14718656
19320.0, 0.14718167
19330.0, 0.14717679
19340.0, 0.1471719
19350.0, 0.14716704
19360.0, 0.1471622
19370.0, 0.14715734
19380.0, 0.14715251
19390.0, 0.14714769
19400.0, 0.14714286
19410.0, 0.14713806
19420.0, 0.14713326
19430.0, 0.14712848
19440.0, 0.1471237
19450.0, 0.14711893
19460.0, 0.14711417
19470.0, 0.14710942
19480.0, 0.14710468
19490.0, 0.14709996
19500.0, 0.14709523
19510.0, 0.14709052
19520.0, 0.14708582
19530.0, 0.14708112
19540.0, 0.14707644
19550.0, 0.14707178
19560.0, 0.1470671
19570.0, 0.14706245
19580.0, 0.1470578
19590.0, 0.14705317
19600.0, 0.14704853
19610.0, 0.14704391
19620.0, 0.14703931
19630.0, 0.1470347
19640.0, 0.14703012
19650.0, 0.14702554
19660.0, 0.14702097
19670.0, 0.1470164
19680.0, 0.14701185
19690.0, 0.1470073
19700.0, 0.14700277
19710.0, 0.14699824
19720.0, 0.14699373
19730.0, 0.14698921
19740.0, 0.14698471
19750.0, 0.14698023
19760.0, 0.14697574
19770.0, 0.14697127
19780.0, 0.1469668
19790.0, 0.14696234
19800.0, 0.14695789
19810.0, 0.14695346
19820.0, 0.14694904
19830.0, 0.14694461
19840.0, 0.1469402
19850.0, 0.1469358
19860.0, 0.1469314
19870.0, 0.14692701
19880.0, 0.14692265
19890.0, 0.14691828
19900.0, 0.14691392
19910.0, 0.14690956
19920.0, 0.14690523
19930.0, 0.14690089
19940.0, 0.14689657
19950.0, 0.14689226
19960.0, 0.14688794
19970.0, 0.14688365
19980.0, 0.14687936
19990.0, 0.14687508
20000.0, 0.1468708
20010.0, 0.14686655
20020.0, 0.14686228
20030.0, 0.14685804
20040.0, 0.1468538
20050.0, 0.14684957
20060.0, 0.14684536
20070.0, 0.14684114
20080.0, 0.14683694
20090.0, 0.14683273
20100.0, 0.14682855
20110.0, 0.14682437
20120.0, 0.14682019
20130.0, 0.14681603
20140.0, 0.14681187
20150.0, 0.14680773
20160.0, 0.14680359
20170.0, 0.14679946
20180.0, 0.14679535
20190.0, 0.14679123
20200.0, 0.14678712
20210.0, 0.14678302
20220.0, 0.14677894
20230.0, 0.14677486
20240.0, 0.14677078
20250.0, 0.14676672
20260.0, 0.14676267
20270.0, 0.14675862
20280.0, 0.14675458
20290.0, 0.14675054
20300.0, 0.14674652
20310.0, 0.1467425
20320.0, 0.14673848
20330.0, 0.14673449
20340.0, 0.1467305
20350.0, 0.1467265
20360.0, 0.14672253
20370.0, 0.14671856
20380.0, 0.1467146
20390.0, 0.14671065
20400.0, 0.14670672
20410.0, 0.14670277
20420.0, 0.14669885
20430.0, 0.14669491
20440.0, 0.14669101
20450.0, 0.1466871
20460.0, 0.1466832
20470.0, 0.14667931
20480.0, 0.14667544
20490.0, 0.14667156
20500.0, 0.14666769
20510.0, 0.14666383
20520.0, 0.14665999
20530.0, 0.14665614
20540.0, 0.1466523
20550.0, 0.14664847
20560.0, 0.14664465
20570.0, 0.14664084
20580.0, 0.14663704
20590.0, 0.14663324
20600.0, 0.14662945
20610.0, 0.14662567
20620.0, 0.14662188
20630.0, 0.14661811
20640.0, 0.14661436
20650.0, 0.1466106
20660.0, 0.14660686
20670.0, 0.14660312
20680.0, 0.1465994
20690.0, 0.14659567
20700.0, 0.14659195
20710.0, 0.14658824
20720.0, 0.14658454
20730.0, 0.14658085
20740.0, 0.14657716
20750.0, 0.14657348
20760.0, 0.14656982
20770.0, 0.14656615
20780.0, 0.14656249
20790.0, 0.14655885
20800.0, 0.1465552
20810.0, 0.14655156
20820.0, 0.14654794
20830.0, 0.14654432
20840.0, 0.14654072
20850.0, 0.1465371
20860.0, 0.1465335
20870.0, 0.14652991
20880.0, 0.14652634
20890.0, 0.14652275
20900.0, 0.14651918
20910.0, 0.14651561
20920.0, 0.14651206
20930.0, 0.14650851
20940.0, 0.14650497
20950.0, 0.14650144
20960.0, 0.1464979
20970.0, 0.14649439
20980.0, 0.14649087
20990.0, 0.14648737
21000.0, 0.14648387
21010.0, 0.14648038
21020.0, 0.1464769
21030.0, 0.14647341
21040.0, 0.14646994
21050.0, 0.14646648
21060.0, 0.14646302
21070.0, 0.14645956
21080.0, 0.14645612
21090.0, 0.14645268
21100.0, 0.14644925
21110.0, 0.14644583
21120.0, 0.14644241
21130.0, 0.146439
21140.0, 0.1464356
21150.0, 0.1464322
21160.0, 0.14642881
21170.0, 0.14642544
21180.0, 0.14642206
21190.0, 0.14641869
21200.0, 0.14641532
21210.0, 0.14641197
21220.0, 0.14640862
21230.0, 0.14640528
21240.0, 0.14640194
21250.0, 0.14639862
21260.0, 0.14639528
21270.0, 0.14639197
21280.0, 0.14638866
21290.0, 0.14638536
21300.0, 0.14638206
21310.0, 0.14637877
21320.0, 0.14637549
21330.0, 0.14637221
21340.0, 0.14636895
21350.0, 0.14636569
21360.0, 0.14636242
21370.0, 0.14635918
21380.0, 0.14635593
21390.0, 0.1463527
21400.0, 0.14634947
21410.0, 0.14634624
21420.0, 0.14634302
21430.0, 0.1463398
21440.0, 0.1463366
21450.0, 0.14633341
21460.0, 0.14633021
21470.0, 0.14632703
21480.0, 0.14632384
21490.0, 0.14632067
21500.0, 0.14631751
21510.0, 0.14631435
21520.0, 0.1463112
21530.0, 0.14630805
21540.0, 0.1463049
21550.0, 0.14630178
21560.0, 0.14629863
21570.0, 0.14629552
21580.0, 0.1462924
21590.0, 0.14628929
21600.0, 0.14628619
21610.0, 0.14628309
21620.0, 0.14627999
21630.0, 0.1462769
21640.0, 0.14627382
21650.0, 0.14627075
21660.0, 0.14626768
21670.0, 0.14626463
21680.0, 0.14626157
21690.0, 0.14625852
21700.0, 0.14625548
21710.0, 0.14625244
21720.0, 0.1462494
21730.0, 0.14624639
21740.0, 0.14624336
21750.0, 0.14624035
21760.0, 0.14623734
21770.0, 0.14623435
21780.0, 0.14623135
21790.0, 0.14622836
21800.0, 0.14622538
21810.0, 0.1462224
21820.0, 0.14621943
21830.0, 0.14621647
21840.0, 0.1462135
21850.0, 0.14621055
21860.0, 0.1462076
21870.0, 0.14620467
21880.0, 0.14620173
21890.0, 0.1461988
21900.0, 0.14619587
21910.0, 0.14619295
21920.0, 0.14619005
21930.0, 0.14618713
21940.0, 0.14618424
21950.0, 0.14618134
21960.0, 0.14617845
21970.0, 0.14617556
21980.0, 0.14617269
21990.0, 0.14616981
22000.0, 0.14616695
22010.0, 0.14616409
22020.0, 0.14616123
22030.0, 0.14615838
22040.0, 0.14615555
22050.0, 0.1461527
22060.0, 0.14614987
22070.0, 0.14614704
22080.0, 0.14614423
22090.0, 0.14614141
22100.0, 0.14613861
22110.0, 0.1461358
22120.0, 0.146133
22130.0, 0.1461302
22140.0, 0.14612742
22150.0, 0.14612465
22160.0, 0.14612187
22170.0, 0.1461191
22180.0, 0.14611633
22190.0, 0.14611357
22200.0, 0.14611082
22210.0, 0.14610808
22220.0, 0.14610532
22230.0, 0.14610259
22240.0, 0.14609985
22250.0, 0.14609714
22260.0, 0.1460944
22270.0, 0.1460917
22280.0, 0.14608899
22290.0, 0.14608628
22300.0, 0.14608358
22310.0, 0.14608088
22320.0, 0.14607818
22330.0, 0.14607552
22340.0, 0.14607283
22350.0, 0.14607017
22360.0, 0.1460675
22370.0, 0.14606483
22380.0, 0.14606218
22390.0, 0.14605953
22400.0, 0.14605688
22410.0, 0.14605424
22420.0, 0.1460516
22430.0, 0.14604896
22440.0, 0.14604634
22450.0, 0.14604373
22460.0, 0.14604111
22470.0, 0.1460385
22480.0, 0.1460359
22490.0, 0.1460333
22500.0, 0.14603071
22510.0, 0.14602812
22520.0, 0.14602554
22530.0, 0.14602296
22540.0, 0.14602038
22550.0, 0.1460178
22560.0, 0.14601524
22570.0, 0.1460127
22580.0, 0.14601013
22590.0, 0.1460076
22600.0, 0.14600505
22610.0, 0.14600252
22620.0, 0.14599998
22630.0, 0.14599745
22640.0, 0.14599493
22650.0, 0.14599241
22660.0, 0.1459899
22670.0, 0.14598739
22680.0, 0.14598489
22690.0, 0.14598238
22700.0, 0.14597991
22710.0, 0.14597741
22720.0, 0.14597493
22730.0, 0.14597246
22740.0, 0.14596999
22750.0, 0.14596751
22760.0, 0.14596505
22770.0, 0.1459626
22780.0, 0.14596015
22790.0, 0.1459577
22800.0, 0.14595525
22810.0, 0.1459528
22820.0, 0.14595038
22830.0, 0.14594795
22840.0, 0.14594553
22850.0, 0.14594312
22860.0, 0.14594069
22870.0, 0.14593829
22880.0, 0.14593588
22890.0, 0.14593348
22900.0, 0.14593108
22910.0, 0.1459287
22920.0, 0.14592631
22930.0, 0.14592393
22940.0, 0.14592156
22950.0, 0.14591919
22960.0, 0.14591682
22970.0, 0.14591447
22980.0, 0.14591211
22990.0, 0.14590976
23000.0, 0.1459074
23010.0, 0.14590506
23020.0, 0.14590272
23030.0, 0.1459004
23040.0, 0.14589806
23050.0, 0.14589575
23060.0, 0.14589342
23070.0, 0.1458911
23080.0, 0.1458888
23090.0, 0.14588648
23100.0, 0.14588419
23110.0, 0.14588189
23120.0, 0.14587961
23130.0, 0.14587732
23140.0, 0.14587504
23150.0, 0.14587276
23160.0, 0.14587048
23170.0, 0.14586821
23180.0, 0.14586595
23190.0, 0.1458637
23200.0, 0.14586143
23210.0, 0.14585918
23220.0, 0.14585693
23230.0, 0.1458547
23240.0, 0.14585246
23250.0, 0.14585023
23260.0, 0.14584799
23270.0, 0.14584577
23280.0, 0.14584355
23290.0, 0.14584135
23300.0, 0.14583912
23310.0, 0.14583692
23320.0, 0.14583471
23330.0, 0.14583252
23340.0, 0.14583033
23350.0, 0.14582814
23360.0, 0.14582595
23370.0, 0.14582378
23380.0, 0.1458216
23390.0, 0.14581943
23400.0, 0.14581725
23410.0, 0.1458151
23420.0, 0.14581294
23430.0, 0.14581078
23440.0, 0.14580864
23450.0, 0.14580649
23460.0, 0.14580435
23470.0, 0.14580221
23480.0, 0.14580008
23490.0, 0.14579795
23500.0, 0.14579582
23510.0, 0.1457937
23520.0, 0.14579159
23530.0, 0.14578947
23540.0, 0.14578737
23550.0, 0.14578527
23560.0, 0.14578317
23570.0, 0.14578107
23580.0, 0.14577898
23590.0, 0.1457769
23600.0, 0.14577481
23610.0, 0.14577274
23620.0, 0.14577065
23630.0, 0.1457686
23640.0, 0.14576653
23650.0, 0.14576447
23660.0, 0.14576241
23670.0, 0.14576036
23680.0, 0.14575832
23690.0, 0.14575627
23700.0, 0.14575422
23710.0, 0.14575218
23720.0, 0.14575015
23730.0, 0.14574812
23740.0, 0.1457461
23750.0, 0.14574409
23760.0, 0.14574206
23770.0, 0.14574005
23780.0, 0.14573804
23790.0, 0.14573604
23800.0, 0.14573403
23810.0, 0.14573205
23820.0, 0.14573005
23830.0, 0.14572807
23840.0, 0.14572607
23850.0, 0.14572409
23860.0, 0.14572212
23870.0, 0.14572014
23880.0, 0.14571817
23890.0, 0.1457162
23900.0, 0.14571425
23910.0, 0.1457123
23920.0, 0.14571033
23930.0, 0.1457084
23940.0, 0.14570644
23950.0, 0.1457045
23960.0, 0.14570257
23970.0, 0.14570063
23980.0, 0.1456987
23990.0, 0.14569677
24000.0, 0.14569485
24010.0, 0.14569294
24020.0, 0.14569102
24030.0, 0.14568911
24040.0, 0.14568721
24050.0, 0.1456853
24060.0, 0.14568341
24070.0, 0.1456815
24080.0, 0.14567961
24090.0, 0.14567773
24100.0, 0.14567584
24110.0, 0.14567396
24120.0, 0.14567208
24130.0, 0.1456702
24140.0, 0.14566834
24150.0, 0.14566648
24160.0, 0.14566462
24170.0, 0.14566275
24180.0, 0.1456609
24190.0, 0.14565906
24200.0, 0.1456572
24210.0, 0.14565536
24220.0, 0.14565353
24230.0, 0.14565168
24240.0, 0.14564985
24250.0, 0.14564802
24260.0, 0.1456462
24270.0, 0.14564438
24280.0, 0.14564256
24290.0, 0.14564075
24300.0, 0.14563894
24310.0, 0.14563712
24320.0, 0.14563534
24330.0, 0.14563353
24340.0, 0.14563173
24350.0, 0.14562994
24360.0, 0.14562815
24370.0, 0.14562637
24380.0, 0.1456246
24390.0, 0.1456228
24400.0, 0.14562103
24410.0, 0.14561926
24420.0, 0.1456175
24430.0, 0.14561573
24440.0, 0.14561397
24450.0, 0.14561221
24460.0, 0.14561047
24470.0, 0.14560871
24480.0, 0.14560696
24490.0, 0.14560522
24500.0, 0.14560348
24510.0, 0.14560173
24520.0, 0.1456
24530.0, 0.14559828
24540.0, 0.14559656
24550.0, 0.14559484
24560.0, 0.14559312
24570.0, 0.1455914
24580.0, 0.1455897
24590.0, 0.14558798
24600.0, 0.14558628
24610.0, 0.14558457
24620.0, 0.14558288
24630.0, 0.14558119
24640.0, 0.14557949
24650.0, 0.1455778
24660.0, 0.14557612
24670.0, 0.14557444
24680.0, 0.14557275
24690.0, 0.14557108
24700.0, 0.14556941
24710.0, 0.14556774
24720.0, 0.14556608
24730.0, 0.14556442
24740.0, 0.14556275
24750.0, 0.1455611
24760.0, 0.14555946
24770.0, 0.1455578
24780.0, 0.14555617
24790.0, 0.14555451
24800.0, 0.14555287
24810.0, 0.14555123
24820.0, 0.14554961
24830.0, 0.14554799
24840.0, 0.14554636
24850.0, 0.14554474
24860.0, 0.14554313
24870.0, 0.1455415
24880.0, 0.1455399
24890.0, 0.14553829
24900.0, 0.14553668
24910.0, 0.14553507
24920.0, 0.14553347
24930.0, 0.14553188
24940.0, 0.14553028
24950.0, 0.1455287
24960.0, 0.14552711
24970.0, 0.14552553
24980.0, 0.14552394
24990.0, 0.14552237
25000.0, 0.14552079
25010.0, 0.14551923
25020.0, 0.14551766
25030.0, 0.1455161
25040.0, 0.14551453
25050.0, 0.14551297
25060.0, 0.14551142
25070.0, 0.14550985
25080.0, 0.1455083
25090.0, 0.14550677
25100.0, 0.14550522
25110.0, 0.14550368
25120.0, 0.14550215
25130.0, 0.14550062
25140.0, 0.14549908
25150.0, 0.14549756
25160.0, 0.14549604
25170.0, 0.14549452
25180.0, 0.14549299
25190.0, 0.14549148
25200.0, 0.14548996
25210.0, 0.14548846
25220.0, 0.14548695
25230.0, 0.14548545
25240.0, 0.14548394
25250.0, 0.14548245
25260.0, 0.14548095
25270.0, 0.14547947
25280.0, 0.14547798
25290.0, 0.14547649
25300.0, 0.145475
25310.0, 0.14547352
25320.0, 0.14547205
25330.0, 0.14547057
25340.0, 0.14546911
25350.0, 0.14546764
25360.0, 0.14546616
25370.0, 0.1454647
25380.0, 0.14546324
25390.0, 0.1454618
25400.0, 0.14546034
25410.0, 0.14545889
25420.0, 0.14545745
25430.0, 0.145456
25440.0, 0.14545456
25450.0, 0.14545313
25460.0, 0.14545168
25470.0, 0.14545025
25480.0, 0.14544882
25490.0, 0.1454474
25500.0, 0.14544597
25510.0, 0.14544454
25520.0, 0.14544313
25530.0, 0.14544171
25540.0, 0.14544031
25550.0, 0.1454389
25560.0, 0.1454375
25570.0, 0.14543608
25580.0, 0.14543468
25590.0, 0.14543328
25600.0, 0.14543188
25610.0, 0.14543049
25620.0, 0.14542909
25630.0, 0.14542772
25640.0, 0.14542632
25650.0, 0.14542495
25660.0, 0.14542356
25670.0, 0.14542219
25680.0, 0.1454208
25690.0, 0.14541945
25700.0, 0.14541808
25710.0, 0.1454167
25720.0, 0.14541534
25730.0, 0.14541398
25740.0, 0.14541262
25750.0, 0.14541127
25760.0, 0.14540991
25770.0, 0.14540857
25780.0, 0.14540721
25790.0, 0.14540587
25800.0, 0.14540453
25810.0, 0.14540319
25820.0, 0.14540187
25830.0, 0.14540052
25840.0, 0.1453992
25850.0, 0.14539787
25860.0, 0.14539655
25870.0, 0.14539522
25880.0, 0.1453939
25890.0, 0.14539258
25900.0, 0.14539127
25910.0, 0.14538994
25920.0, 0.14538865
25930.0, 0.14538734
25940.0, 0.14538604
25950.0, 0.14538473
25960.0, 0.14538343
25970.0, 0.14538214
25980.0, 0.14538084
25990.0, 0.14537956
26000.0, 0.14537826
26010.0, 0.14537698
26020.0, 0.14537568
26030.0, 0.14537442
26040.0, 0.14537314
26050.0, 0.14537185
26060.0, 0.14537057
26070.0, 0.1453693
26080.0, 0.14536804
26090.0, 0.14536677
26100.0, 0.14536552
26110.0, 0.14536425
26120.0, 0.145363
26130.0, 0.14536174
26140.0, 0.14536048
26150.0, 0.14535923
26160.0, 0.14535798
26170.0, 0.14535674
26180.0, 0.14535551
26190.0, 0.14535426
26200.0, 0.14535302
26210.0, 0.14535178
26220.0, 0.14535055
26230.0, 0.14534932
26240.0, 0.14534809
26250.0, 0.14534687
26260.0, 0.14534564
26270.0, 0.14534442
26280.0, 0.1453432
26290.0, 0.14534198
26300.0, 0.14534077
26310.0, 0.14533955
26320.0, 0.14533834
26330.0, 0.14533715
26340.0, 0.14533594
26350.0, 0.14533474
26360.0, 0.14533353
26370.0, 0.14533234
26380.0, 0.14533114
26390.0, 0.14532995
26400.0, 0.14532876
26410.0, 0.14532757
26420.0, 0.14532639
26430.0, 0.1453252
26440.0, 0.14532402
26450.0, 0.14532284
26460.0, 0.14532168
26470.0, 0.1453205
26480.0, 0.14531933
26490.0, 0.14531817
26500.0, 0.145317
26510.0, 0.14531583
26520.0, 0.14531466
26530.0, 0.14531352
26540.0, 0.14531235
26550.0, 0.14531119
26560.0, 0.14531004
26570.0, 0.1453089
26580.0, 0.14530775
26590.0, 0.1453066
26600.0, 0.14530545
26610.0, 0.14530432
26620.0, 0.14530317
26630.0, 0.14530204
26640.0, 0.14530091
26650.0, 0.14529978
26660.0, 0.14529864
26670.0, 0.14529751
26680.0, 0.1452964
26690.0, 0.14529528
26700.0, 0.14529414
26710.0, 0.14529303
26720.0, 0.14529192
26730.0, 0.1452908
26740.0, 0.14528969
26750.0, 0.14528857
26760.0, 0.14528747
26770.0, 0.14528637
26780.0, 0.14528526
26790.0, 0.14528416
26800.0, 0.14528306
26810.0, 0.14528197
26820.0, 0.14528087
26830.0, 0.14527978
26840.0, 0.14527869
26850.0, 0.1452776
26860.0, 0.14527652
26870.0, 0.14527544
26880.0, 0.14527436
26890.0, 0.14527328
26900.0, 0.14527221
26910.0, 0.14527112
26920.0, 0.14527005
26930.0, 0.14526899
26940.0, 0.14526792
26950.0, 0.14526685
26960.0, 0.14526579
26970.0, 0.14526473
26980.0, 0.14526366
26990.0, 0.1452626
27000.0, 0.14526156
27010.0, 0.1452605
27020.0, 0.14525944
27030.0, 0.1452584
27040.0, 0.14525735
27050.0, 0.14525631
27060.0, 0.14525527
27070.0, 0.14525422
27080.0, 0.14525318
27090.0, 0.14525215
27100.0, 0.14525111
27110.0, 0.14525008
27120.0, 0.14524905
27130.0, 0.14524803
27140.0, 0.145247
27150.0, 0.14524597
27160.0, 0.14524496
27170.0, 0.14524393
27180.0, 0.14524291
27190.0, 0.1452419
27200.0, 0.14524087
27210.0, 0.14523987
27220.0, 0.14523886
27230.0, 0.14523785
27240.0, 0.14523685
27250.0, 0.14523584
27260.0, 0.14523484
27270.0, 0.14523384
27280.0, 0.14523284
27290.0, 0.14523184
27300.0, 0.14523084
27310.0, 0.14522986
27320.0, 0.14522886
27330.0, 0.14522788
27340.0, 0.1452269
27350.0, 0.14522591
27360.0, 0.14522493
27370.0, 0.14522395
27380.0, 0.14522298
27390.0, 0.145222
27400.0, 0.14522101
27410.0, 0.14522006
27420.0, 0.14521907
27430.0, 0.1452181
27440.0, 0.14521714
27450.0, 0.14521618
27460.0, 0.14521521
27470.0, 0.14521424
27480.0, 0.14521329
27490.0, 0.14521234
27500.0, 0.14521138
27510.0, 0.14521043
27520.0, 0.14520948
27530.0, 0.14520852
27540.0, 0.14520758
27550.0, 0.14520665
27560.0, 0.14520569
27570.0, 0.14520475
27580.0, 0.14520381
27590.0, 0.14520288
27600.0, 0.14520194
27610.0, 0.145201
27620.0, 0.14520007
27630.0, 0.14519915
27640.0, 0.14519821
27650.0, 0.14519729
27660.0, 0.14519636
27670.0, 0.14519544
27680.0, 0.14519452
27690.0, 0.14519359
27700.0, 0.14519268
27710.0, 0.14519176
27720.0, 0.14519085
27730.0, 0.14518993
27740.0, 0.14518903
27750.0, 0.14518811
27760.0, 0.14518721
27770.0, 0.1451863
27780.0, 0.1451854
27790.0, 0.1451845
27800.0, 0.14518361
27810.0, 0.1451827
27820.0, 0.1451818
27830.0, 0.14518091
27840.0, 0.14518002
27850.0, 0.14517914
27860.0, 0.14517824
27870.0, 0.14517736
27880.0, 0.14517647
27890.0, 0.14517558
27900.0, 0.1451747
27910.0, 0.14517383
27920.0, 0.14517295
27930.0, 0.14517207
27940.0, 0.1451712
27950.0, 0.14517032
27960.0, 0.14516945
27970.0, 0.14516859
27980.0, 0.14516771
27990.0, 0.14516684
28000.0, 0.14516598
28010.0, 0.14516512
28020.0, 0.14516427
28030.0, 0.1451634
28040.0, 0.14516255
28050.0, 0.14516169
28060.0, 0.14516084
28070.0, 0.14515997
28080.0, 0.14515914
28090.0, 0.14515829
28100.0, 0.14515744
28110.0, 0.14515659
28120.0, 0.14515574
28130.0, 0.14515491
28140.0, 0.14515406
28150.0, 0.14515322
28160.0, 0.14515239
28170.0, 0.14515156
28180.0, 0.14515072
28190.0, 0.14514989
28200.0, 0.14514905
28210.0, 0.14514823
28220.0, 0.1451474
28230.0, 0.14514658
28240.0, 0.14514574
28250.0, 0.14514494
28260.0, 0.14514412
28270.0, 0.14514329
28280.0, 0.14514247
28290.0, 0.14514166
28300.0, 0.14514084
28310.0, 0.14514004
28320.0, 0.14513923
28330.0, 0.14513841
28340.0, 0.14513761
28350.0, 0.1451368
28360.0, 0.145136
28370.0, 0.1451352
28380.0, 0.14513439
28390.0, 0.14513358
28400.0, 0.1451328
28410.0, 0.145132
28420.0, 0.14513122
28430.0, 0.14513041
28440.0, 0.14512962
28450.0, 0.14512883
28460.0, 0.14512804
28470.0, 0.14512727
28480.0, 0.14512646
28490.0, 0.14512569
28500.0, 0.1451249
28510.0, 0.14512412
28520.0, 0.14512335
28530.0, 0.14512257
28540.0, 0.1451218
28550.0, 0.14512102
28560.0, 0.14512025
28570.0, 0.14511947
28580.0, 0.14511871
28590.0, 0.14511794
28600.0, 0.14511716
28610.0, 0.1451164
28620.0, 0.14511564
28630.0, 0.14511488
28640.0, 0.14511412
28650.0, 0.14511336
28660.0, 0.1451126
28670.0, 0.14511184
28680.0, 0.14511108
28690.0, 0.14511034
28700.0, 0.1451096
28710.0, 0.14510883
28720.0, 0.14510809
28730.0, 0.14510734
28740.0, 0.1451066
28750.0, 0.14510585
28760.0, 0.14510511
28770.0, 0.14510438
28780.0, 0.14510363
28790.0, 0.1451029
28800.0, 0.14510216
28810.0, 0.14510143
28820.0, 0.14510068
28830.0, 0.14509995
28840.0, 0.14509922
28850.0, 0.14509849
28860.0, 0.14509778
28870.0, 0.14509705
28880.0, 0.14509632
28890.0, 0.1450956
28900.0, 0.14509487
28910.0, 0.14509416
28920.0, 0.14509344
28930.0, 0.14509273
28940.0, 0.145092
28950.0, 0.14509128
28960.0, 0.14509058
28970.0, 0.14508986
28980.0, 0.14508915
28990.0, 0.14508845
29000.0, 0.14508773
29010.0, 0.14508703
29020.0, 0.14508633
29030.0, 0.14508562
29040.0, 0.14508492
29050.0, 0.14508422
29060.0, 0.14508352
29070.0, 0.14508282
29080.0, 0.14508213
29090.0, 0.14508143
29100.0, 0.14508073
29110.0, 0.14508004
29120.0, 0.14507936
29130.0, 0.14507866
29140.0, 0.14507797
29150.0, 0.14507729
29160.0, 0.1450766
29170.0, 0.14507592
29180.0, 0.14507523
29190.0, 0.14507456
29200.0, 0.14507388
29210.0, 0.14507319
29220.0, 0.14507252
29230.0, 0.14507185
29240.0, 0.14507116
29250.0, 0.1450705
29260.0, 0.14506982
29270.0, 0.14506915
29280.0, 0.14506848
29290.0, 0.14506783
29300.0, 0.14506716
29310.0, 0.14506648
29320.0, 0.14506583
29330.0, 0.14506516
29340.0, 0.1450645
29350.0, 0.14506385
29360.0, 0.14506318
29370.0, 0.14506252
29380.0, 0.14506187
29390.0, 0.14506121
29400.0, 0.14506057
29410.0, 0.14505991
29420.0, 0.14505926
29430.0, 0.1450586
29440.0, 0.14505796
29450.0, 0.1450573
29460.0, 0.14505666
29470.0, 0.14505602
29480.0, 0.14505538
29490.0, 0.14505474
29500.0, 0.1450541
29510.0, 0.14505346
29520.0, 0.14505282
29530.0, 0.1450522
29540.0, 0.14505155
29550.0, 0.14505091
29560.0, 0.14505029
29570.0, 0.14504966
29580.0, 0.14504902
29590.0, 0.1450484
29600.0, 0.14504777
29610.0, 0.14504714
29620.0, 0.14504652
29630.0, 0.14504589
29640.0, 0.14504528
29650.0, 0.14504464
29660.0, 0.14504403
29670.0, 0.14504342
29680.0, 0.14504279
29690.0, 0.14504218
29700.0, 0.14504156
29710.0, 0.14504094
29720.0, 0.14504033
29730.0, 0.14503972
29740.0, 0.14503911
29750.0, 0.1450385
29760.0, 0.1450379
29770.0, 0.1450373
29780.0, 0.14503668
29790.0, 0.14503609
29800.0, 0.14503548
29810.0, 0.14503486
29820.0, 0.14503427
29830.0, 0.14503367
29840.0, 0.14503308
29850.0, 0.14503248
29860.0, 0.14503188
29870.0, 0.14503129
29880.0, 0.14503069
29890.0, 0.1450301
29900.0, 0.14502952
29910.0, 0.14502892
29920.0, 0.14502832
29930.0, 0.14502774
29940.0, 0.14502716
29950.0, 0.14502656
29960.0, 0.14502598
29970.0, 0.1450254
29980.0, 0.14502482
29990.0, 0.14502424
30000.0, 0.14502367
