Energy (in eV), backscattering yield of material CFRP-NASCAP at incidence 50.000004 degree
   X,       Y
0.0, 0.0
10.0, 0.0
20.0, 0.0
30.0, 0.0
40.0, 0.0
50.0, 0.0
60.0, 0.05260831
70.0, 0.07794343
80.0, 0.096550375
90.0, 0.11139183
100.0, 0.12375243
110.0, 0.13433613
120.0, 0.14357841
130.0, 0.15176998
140.0, 0.15911555
150.0, 0.16576503
160.0, 0.17183173
170.0, 0.17740339
180.0, 0.1825494
190.0, 0.1873256
200.0, 0.19177757
210.0, 0.19594304
220.0, 0.19985358
230.0, 0.20353581
240.0, 0.20701246
250.0, 0.21030308
260.0, 0.21342455
270.0, 0.21639161
280.0, 0.21921714
290.0, 0.22191256
300.0, 0.22448789
310.0, 0.22695212
320.0, 0.22931325
330.0, 0.23157845
340.0, 0.2337542
350.0, 0.23584633
360.0, 0.23786016
370.0, 0.23980048
380.0, 0.24167168
390.0, 0.24347779
400.0, 0.24522252
410.0, 0.24690917
420.0, 0.24854094
430.0, 0.25012067
440.0, 0.251651
450.0, 0.2531344
460.0, 0.25457317
470.0, 0.2559694
480.0, 0.25732514
490.0, 0.25864217
500.0, 0.25992227
510.0, 0.261167
520.0, 0.2623779
530.0, 0.26355642
540.0, 0.2647038
550.0, 0.26582143
560.0, 0.26691037
570.0, 0.26797178
580.0, 0.26900676
590.0, 0.27001625
600.0, 0.27100116
610.0, 0.27196246
620.0, 0.27290094
630.0, 0.27381745
640.0, 0.2747127
650.0, 0.2755874
660.0, 0.2764423
670.0, 0.277278
680.0, 0.27809513
690.0, 0.27889434
700.0, 0.2796761
710.0, 0.28044105
720.0, 0.28118965
730.0, 0.28192237
740.0, 0.28263977
750.0, 0.2833422
760.0, 0.28403014
770.0, 0.28470406
780.0, 0.28536427
790.0, 0.28601122
800.0, 0.2866452
810.0, 0.28726664
820.0, 0.28787583
830.0, 0.2884731
840.0, 0.2890588
850.0, 0.28963318
860.0, 0.29019657
870.0, 0.29074922
880.0, 0.29129148
890.0, 0.29182345
900.0, 0.29234552
910.0, 0.29285792
920.0, 0.2933608
930.0, 0.29385445
940.0, 0.2943391
950.0, 0.29481488
960.0, 0.2952821
970.0, 0.29574087
980.0, 0.29619145
990.0, 0.296634
1000.0, 0.29706863
1010.0, 0.29686216
1020.0, 0.29665604
1030.0, 0.29645023
1040.0, 0.29624477
1050.0, 0.29603964
1060.0, 0.29583484
1070.0, 0.29563037
1080.0, 0.29542625
1090.0, 0.29522243
1100.0, 0.29501894
1110.0, 0.2948158
1120.0, 0.29461297
1130.0, 0.29441047
1140.0, 0.29420832
1150.0, 0.29400647
1160.0, 0.29380497
1170.0, 0.29360378
1180.0, 0.2934029
1190.0, 0.29320237
1200.0, 0.29300216
1210.0, 0.29280227
1220.0, 0.29260272
1230.0, 0.29240346
1240.0, 0.29220456
1250.0, 0.29200596
1260.0, 0.29180768
1270.0, 0.29160973
1280.0, 0.2914121
1290.0, 0.29121476
1300.0, 0.29101777
1310.0, 0.29082114
1320.0, 0.29062477
1330.0, 0.29042873
1340.0, 0.29023302
1350.0, 0.29003763
1360.0, 0.28984255
1370.0, 0.2896478
1380.0, 0.28945333
1390.0, 0.28925923
1400.0, 0.2890654
1410.0, 0.28887188
1420.0, 0.2886787
1430.0, 0.28848585
1440.0, 0.2882933
1450.0, 0.28810102
1460.0, 0.2879091
1470.0, 0.2877175
1480.0, 0.2875262
1490.0, 0.2873352
1500.0, 0.2871445
1510.0, 0.28695413
1520.0, 0.2867641
1530.0, 0.28657433
1540.0, 0.28638488
1550.0, 0.28619576
1560.0, 0.28600693
1570.0, 0.28581843
1580.0, 0.2856302
1590.0, 0.2854423
1600.0, 0.28525472
1610.0, 0.28506744
1620.0, 0.28488043
1630.0, 0.28469375
1640.0, 0.2845074
1650.0, 0.28432134
1660.0, 0.28413558
1670.0, 0.2839501
1680.0, 0.28376496
1690.0, 0.2835801
1700.0, 0.28339556
1710.0, 0.28321132
1720.0, 0.28302735
1730.0, 0.28284374
1740.0, 0.28266037
1750.0, 0.28247732
1760.0, 0.2822946
1770.0, 0.28211215
1780.0, 0.28193
1790.0, 0.28174818
1800.0, 0.28156662
1810.0, 0.28138536
1820.0, 0.28120443
1830.0, 0.28102374
1840.0, 0.28084338
1850.0, 0.28066334
1860.0, 0.28048357
1870.0, 0.2803041
1880.0, 0.28012493
1890.0, 0.27994606
1900.0, 0.27976745
1910.0, 0.27958915
1920.0, 0.27941117
1930.0, 0.27923346
1940.0, 0.27905604
1950.0, 0.2788789
1960.0, 0.27870208
1970.0, 0.27852553
1980.0, 0.27834928
1990.0, 0.27817333
2000.0, 0.27799764
2010.0, 0.2778223
2020.0, 0.27764717
2030.0, 0.27747238
2040.0, 0.27729785
2050.0, 0.27712363
2060.0, 0.2769497
2070.0, 0.27677605
2080.0, 0.2766027
2090.0, 0.27642962
2100.0, 0.2762568
2110.0, 0.2760843
2120.0, 0.27591208
2130.0, 0.27574015
2140.0, 0.2755685
2150.0, 0.27539712
2160.0, 0.27522603
2170.0, 0.27505523
2180.0, 0.2748847
2190.0, 0.27471447
2200.0, 0.2745445
2210.0, 0.2743748
2220.0, 0.27420542
2230.0, 0.27403632
2240.0, 0.27386746
2250.0, 0.27369893
2260.0, 0.27353063
2270.0, 0.27336264
2280.0, 0.2731949
2290.0, 0.27302748
2300.0, 0.27286032
2310.0, 0.27269343
2320.0, 0.2725268
2330.0, 0.27236047
2340.0, 0.27219442
2350.0, 0.27202865
2360.0, 0.27186313
2370.0, 0.2716979
2380.0, 0.27153295
2390.0, 0.27136827
2400.0, 0.27120385
2410.0, 0.27103972
2420.0, 0.27087587
2430.0, 0.27071226
2440.0, 0.27054894
2450.0, 0.2703859
2460.0, 0.2702231
2470.0, 0.27006063
2480.0, 0.26989838
2490.0, 0.2697364
2500.0, 0.2695747
2510.0, 0.2694133
2520.0, 0.26925212
2530.0, 0.26909125
2540.0, 0.2689306
2550.0, 0.26877028
2560.0, 0.26861018
2570.0, 0.26845038
2580.0, 0.26829082
2590.0, 0.26813152
2600.0, 0.26797253
2610.0, 0.26781374
2620.0, 0.26765525
2630.0, 0.26749706
2640.0, 0.26733908
2650.0, 0.2671814
2660.0, 0.26702395
2670.0, 0.26686677
2680.0, 0.26670986
2690.0, 0.26655322
2700.0, 0.26639685
2710.0, 0.26624072
2720.0, 0.26608485
2730.0, 0.26592928
2740.0, 0.26577392
2750.0, 0.26561883
2760.0, 0.26546404
2770.0, 0.26530948
2780.0, 0.26515517
2790.0, 0.26500112
2800.0, 0.26484734
2810.0, 0.26469383
2820.0, 0.26454055
2830.0, 0.26438755
2840.0, 0.26423478
2850.0, 0.26408228
2860.0, 0.26393005
2870.0, 0.26377803
2880.0, 0.2636263
2890.0, 0.26347482
2900.0, 0.2633236
2910.0, 0.26317266
2920.0, 0.26302192
2930.0, 0.26287147
2940.0, 0.26272124
2950.0, 0.2625713
2960.0, 0.2624216
2970.0, 0.26227215
2980.0, 0.26212293
2990.0, 0.26197398
3000.0, 0.2618253
3010.0, 0.26167685
3020.0, 0.26152864
3030.0, 0.2613807
3040.0, 0.26123297
3050.0, 0.26108554
3060.0, 0.26093832
3070.0, 0.2607914
3080.0, 0.26064467
3090.0, 0.2604982
3100.0, 0.260352
3110.0, 0.260206
3120.0, 0.2600603
3130.0, 0.25991482
3140.0, 0.2597696
3150.0, 0.2596246
3160.0, 0.25947988
3170.0, 0.25933537
3180.0, 0.25919113
3190.0, 0.25904712
3200.0, 0.25890335
3210.0, 0.25875983
3220.0, 0.25861657
3230.0, 0.25847352
3240.0, 0.25833073
3250.0, 0.2581882
3260.0, 0.25804588
3270.0, 0.25790378
3280.0, 0.25776196
3290.0, 0.25762036
3300.0, 0.257479
3310.0, 0.2573379
3320.0, 0.25719705
3330.0, 0.25705642
3340.0, 0.25691602
3350.0, 0.25677586
3360.0, 0.25663593
3370.0, 0.25649625
3380.0, 0.2563568
3390.0, 0.2562176
3400.0, 0.25607863
3410.0, 0.2559399
3420.0, 0.2558014
3430.0, 0.25566313
3440.0, 0.2555251
3450.0, 0.2553873
3460.0, 0.25524974
3470.0, 0.2551124
3480.0, 0.25497532
3490.0, 0.25483847
3500.0, 0.25470182
3510.0, 0.25456545
3520.0, 0.25442925
3530.0, 0.25429332
3540.0, 0.25415763
3550.0, 0.25402215
3560.0, 0.25388694
3570.0, 0.2537519
3580.0, 0.25361714
3590.0, 0.25348258
3600.0, 0.25334826
3610.0, 0.25321415
3620.0, 0.2530803
3630.0, 0.25294667
3640.0, 0.25281325
3650.0, 0.2526801
3660.0, 0.25254712
3670.0, 0.2524144
3680.0, 0.2522819
3690.0, 0.25214964
3700.0, 0.2520176
3710.0, 0.25188577
3720.0, 0.25175416
3730.0, 0.2516228
3740.0, 0.25149164
3750.0, 0.2513607
3760.0, 0.25123003
3770.0, 0.25109956
3780.0, 0.2509693
3790.0, 0.25083926
3800.0, 0.25070944
3810.0, 0.25057986
3820.0, 0.2504505
3830.0, 0.25032136
3840.0, 0.25019243
3850.0, 0.25006375
3860.0, 0.24993525
3870.0, 0.249807
3880.0, 0.24967895
3890.0, 0.24955113
3900.0, 0.24942353
3910.0, 0.24929616
3920.0, 0.24916899
3930.0, 0.24904203
3940.0, 0.24891531
3950.0, 0.2487888
3960.0, 0.2486625
3970.0, 0.24853644
3980.0, 0.24841057
3990.0, 0.24828492
4000.0, 0.2481595
4010.0, 0.24803428
4020.0, 0.2479093
4030.0, 0.2477845
4040.0, 0.24765994
4050.0, 0.24753557
4060.0, 0.24741144
4070.0, 0.24728751
4080.0, 0.2471638
4090.0, 0.24704029
4100.0, 0.24691701
4110.0, 0.24679393
4120.0, 0.24667107
4130.0, 0.24654841
4140.0, 0.24642597
4150.0, 0.24630374
4160.0, 0.24618171
4170.0, 0.24605991
4180.0, 0.24593832
4190.0, 0.24581692
4200.0, 0.24569574
4210.0, 0.24557476
4220.0, 0.245454
4230.0, 0.24533345
4240.0, 0.24521309
4250.0, 0.24509296
4260.0, 0.24497303
4270.0, 0.2448533
4280.0, 0.24473378
4290.0, 0.24461447
4300.0, 0.24449536
4310.0, 0.24437647
4320.0, 0.24425778
4330.0, 0.24413928
4340.0, 0.244021
4350.0, 0.24390292
4360.0, 0.24378504
4370.0, 0.24366736
4380.0, 0.2435499
4390.0, 0.24343264
4400.0, 0.24331558
4410.0, 0.24319871
4420.0, 0.24308206
4430.0, 0.24296561
4440.0, 0.24284935
4450.0, 0.2427333
4460.0, 0.24261744
4470.0, 0.24250181
4480.0, 0.24238636
4490.0, 0.24227111
4500.0, 0.24215606
4510.0, 0.2420412
4520.0, 0.24192655
4530.0, 0.24181211
4540.0, 0.24169785
4550.0, 0.2415838
4560.0, 0.24146995
4570.0, 0.24135628
4580.0, 0.24124281
4590.0, 0.24112956
4600.0, 0.24101649
4610.0, 0.24090362
4620.0, 0.24079095
4630.0, 0.24067846
4640.0, 0.24056618
4650.0, 0.24045411
4660.0, 0.2403422
4670.0, 0.2402305
4680.0, 0.24011901
4690.0, 0.2400077
4700.0, 0.23989658
4710.0, 0.23978566
4720.0, 0.23967493
4730.0, 0.23956439
4740.0, 0.23945405
4750.0, 0.2393439
4760.0, 0.23923394
4770.0, 0.23912418
4780.0, 0.2390146
4790.0, 0.2389052
4800.0, 0.23879603
4810.0, 0.23868702
4820.0, 0.2385782
4830.0, 0.23846957
4840.0, 0.23836115
4850.0, 0.23825291
4860.0, 0.23814484
4870.0, 0.23803698
4880.0, 0.2379293
4890.0, 0.2378218
4900.0, 0.23771451
4910.0, 0.23760739
4920.0, 0.23750046
4930.0, 0.23739372
4940.0, 0.23728716
4950.0, 0.2371808
4960.0, 0.23707461
4970.0, 0.23696862
4980.0, 0.23686281
4990.0, 0.23675719
5000.0, 0.23665175
5010.0, 0.23654649
5020.0, 0.23644142
5030.0, 0.23633653
5040.0, 0.23623182
5050.0, 0.23612732
5060.0, 0.23602298
5070.0, 0.23591882
5080.0, 0.23581485
5090.0, 0.23571105
5100.0, 0.23560746
5110.0, 0.23550403
5120.0, 0.23540078
5130.0, 0.23529772
5140.0, 0.23519485
5150.0, 0.23509215
5160.0, 0.23498963
5170.0, 0.23488727
5180.0, 0.23478512
5190.0, 0.23468314
5200.0, 0.23458134
5210.0, 0.23447971
5220.0, 0.23437828
5230.0, 0.234277
5240.0, 0.2341759
5250.0, 0.234075
5260.0, 0.23397426
5270.0, 0.23387372
5280.0, 0.23377334
5290.0, 0.23367314
5300.0, 0.23357311
5310.0, 0.23347327
5320.0, 0.23337358
5330.0, 0.23327409
5340.0, 0.23317476
5350.0, 0.23307562
5360.0, 0.23297665
5370.0, 0.23287785
5380.0, 0.23277922
5390.0, 0.23268077
5400.0, 0.2325825
5410.0, 0.23248439
5420.0, 0.23238647
5430.0, 0.2322887
5440.0, 0.23219112
5450.0, 0.2320937
5460.0, 0.23199646
5470.0, 0.2318994
5480.0, 0.2318025
5490.0, 0.23170577
5500.0, 0.23160921
5510.0, 0.23151283
5520.0, 0.23141661
5530.0, 0.23132057
5540.0, 0.2312247
5550.0, 0.23112899
5560.0, 0.23103346
5570.0, 0.23093809
5580.0, 0.23084289
5590.0, 0.23074786
5600.0, 0.230653
5610.0, 0.2305583
5620.0, 0.23046379
5630.0, 0.23036942
5640.0, 0.23027523
5650.0, 0.2301812
5660.0, 0.23008735
5670.0, 0.22999366
5680.0, 0.22990012
5690.0, 0.22980677
5700.0, 0.22971357
5710.0, 0.22962055
5720.0, 0.22952768
5730.0, 0.22943497
5740.0, 0.22934245
5750.0, 0.22925007
5760.0, 0.22915787
5770.0, 0.22906582
5780.0, 0.22897394
5790.0, 0.22888222
5800.0, 0.22879067
5810.0, 0.22869928
5820.0, 0.22860804
5830.0, 0.22851698
5840.0, 0.22842608
5850.0, 0.22833534
5860.0, 0.22824475
5870.0, 0.22815433
5880.0, 0.22806408
5890.0, 0.22797397
5900.0, 0.22788404
5910.0, 0.22779424
5920.0, 0.22770463
5930.0, 0.22761516
5940.0, 0.22752587
5950.0, 0.22743672
5960.0, 0.22734775
5970.0, 0.22725892
5980.0, 0.22717026
5990.0, 0.22708175
6000.0, 0.2269934
6010.0, 0.22690521
6020.0, 0.22681718
6030.0, 0.22672929
6040.0, 0.22664157
6050.0, 0.22655399
6060.0, 0.2264666
6070.0, 0.22637933
6080.0, 0.22629224
6090.0, 0.22620529
6100.0, 0.2261185
6110.0, 0.22603187
6120.0, 0.2259454
6130.0, 0.22585908
6140.0, 0.2257729
6150.0, 0.2256869
6160.0, 0.22560103
6170.0, 0.22551532
6180.0, 0.22542976
6190.0, 0.22534436
6200.0, 0.22525911
6210.0, 0.22517401
6220.0, 0.22508907
6230.0, 0.22500427
6240.0, 0.22491963
6250.0, 0.22483516
6260.0, 0.2247508
6270.0, 0.22466663
6280.0, 0.22458258
6290.0, 0.2244987
6300.0, 0.22441496
6310.0, 0.22433138
6320.0, 0.22424795
6330.0, 0.22416465
6340.0, 0.22408152
6350.0, 0.22399853
6360.0, 0.2239157
6370.0, 0.223833
6380.0, 0.22375046
6390.0, 0.22366807
6400.0, 0.22358581
6410.0, 0.22350372
6420.0, 0.22342177
6430.0, 0.22333996
6440.0, 0.2232583
6450.0, 0.22317678
6460.0, 0.22309542
6470.0, 0.2230142
6480.0, 0.22293313
6490.0, 0.2228522
6500.0, 0.22277142
6510.0, 0.22269079
6520.0, 0.2226103
6530.0, 0.22252995
6540.0, 0.22244973
6550.0, 0.22236969
6560.0, 0.22228977
6570.0, 0.22220999
6580.0, 0.22213037
6590.0, 0.22205089
6600.0, 0.22197154
6610.0, 0.22189234
6620.0, 0.22181329
6630.0, 0.22173437
6640.0, 0.2216556
6650.0, 0.22157697
6660.0, 0.22149849
6670.0, 0.22142014
6680.0, 0.22134194
6690.0, 0.22126387
6700.0, 0.22118594
6710.0, 0.22110817
6720.0, 0.22103052
6730.0, 0.22095302
6740.0, 0.22087565
6750.0, 0.22079843
6760.0, 0.22072135
6770.0, 0.2206444
6780.0, 0.2205676
6790.0, 0.22049093
6800.0, 0.2204144
6810.0, 0.220338
6820.0, 0.22026175
6830.0, 0.22018564
6840.0, 0.22010966
6850.0, 0.22003382
6860.0, 0.21995813
6870.0, 0.21988255
6880.0, 0.21980712
6890.0, 0.21973182
6900.0, 0.21965666
6910.0, 0.21958165
6920.0, 0.21950677
6930.0, 0.21943201
6940.0, 0.2193574
6950.0, 0.21928291
6960.0, 0.21920857
6970.0, 0.21913436
6980.0, 0.21906029
6990.0, 0.21898635
7000.0, 0.21891254
7010.0, 0.21883886
7020.0, 0.21876532
7030.0, 0.21869192
7040.0, 0.21861863
7050.0, 0.2185455
7060.0, 0.21847248
7070.0, 0.21839961
7080.0, 0.21832687
7090.0, 0.21825425
7100.0, 0.21818177
7110.0, 0.21810941
7120.0, 0.2180372
7130.0, 0.21796511
7140.0, 0.21789315
7150.0, 0.21782133
7160.0, 0.21774963
7170.0, 0.21767806
7180.0, 0.21760662
7190.0, 0.21753532
7200.0, 0.21746415
7210.0, 0.2173931
7220.0, 0.21732217
7230.0, 0.21725139
7240.0, 0.21718073
7250.0, 0.21711019
7260.0, 0.2170398
7270.0, 0.21696952
7280.0, 0.21689937
7290.0, 0.21682934
7300.0, 0.21675946
7310.0, 0.21668969
7320.0, 0.21662006
7330.0, 0.21655054
7340.0, 0.21648115
7350.0, 0.21641189
7360.0, 0.21634276
7370.0, 0.21627375
7380.0, 0.21620487
7390.0, 0.21613611
7400.0, 0.21606748
7410.0, 0.21599898
7420.0, 0.2159306
7430.0, 0.21586233
7440.0, 0.2157942
7450.0, 0.2157262
7460.0, 0.2156583
7470.0, 0.21559055
7480.0, 0.21552292
7490.0, 0.2154554
7500.0, 0.21538801
7510.0, 0.21532074
7520.0, 0.21525359
7530.0, 0.21518658
7540.0, 0.21511967
7550.0, 0.2150529
7560.0, 0.21498625
7570.0, 0.2149197
7580.0, 0.2148533
7590.0, 0.214787
7600.0, 0.21472085
7610.0, 0.21465479
7620.0, 0.21458885
7630.0, 0.21452305
7640.0, 0.21445736
7650.0, 0.2143918
7660.0, 0.21432635
7670.0, 0.21426103
7680.0, 0.2141958
7690.0, 0.21413071
7700.0, 0.21406576
7710.0, 0.21400091
7720.0, 0.21393616
7730.0, 0.21387155
7740.0, 0.21380706
7750.0, 0.21374267
7760.0, 0.21367843
7770.0, 0.21361428
7780.0, 0.21355025
7790.0, 0.21348634
7800.0, 0.21342257
7810.0, 0.2133589
7820.0, 0.21329533
7830.0, 0.21323189
7840.0, 0.21316856
7850.0, 0.21310535
7860.0, 0.21304226
7870.0, 0.21297929
7880.0, 0.21291643
7890.0, 0.21285369
7900.0, 0.21279106
7910.0, 0.21272855
7920.0, 0.21266614
7930.0, 0.21260385
7940.0, 0.21254168
7950.0, 0.21247962
7960.0, 0.21241768
7970.0, 0.21235585
7980.0, 0.21229413
7990.0, 0.21223253
8000.0, 0.21217103
8010.0, 0.21210966
8020.0, 0.2120484
8030.0, 0.21198724
8040.0, 0.2119262
8050.0, 0.21186528
8060.0, 0.21180446
8070.0, 0.21174376
8080.0, 0.21168318
8090.0, 0.21162269
8100.0, 0.21156234
8110.0, 0.21150208
8120.0, 0.21144192
8130.0, 0.21138188
8140.0, 0.21132196
8150.0, 0.21126215
8160.0, 0.21120244
8170.0, 0.21114285
8180.0, 0.21108335
8190.0, 0.21102399
8200.0, 0.21096471
8210.0, 0.21090555
8220.0, 0.21084651
8230.0, 0.21078758
8240.0, 0.21072875
8250.0, 0.21067002
8260.0, 0.2106114
8270.0, 0.2105529
8280.0, 0.2104945
8290.0, 0.21043622
8300.0, 0.21037802
8310.0, 0.21031997
8320.0, 0.21026199
8330.0, 0.21020412
8340.0, 0.21014637
8350.0, 0.21008873
8360.0, 0.21003118
8370.0, 0.20997374
8380.0, 0.20991641
8390.0, 0.20985919
8400.0, 0.20980208
8410.0, 0.20974506
8420.0, 0.20968816
8430.0, 0.20963135
8440.0, 0.20957467
8450.0, 0.20951806
8460.0, 0.20946157
8470.0, 0.2094052
8480.0, 0.20934892
8490.0, 0.20929274
8500.0, 0.20923667
8510.0, 0.2091807
8520.0, 0.20912485
8530.0, 0.20906907
8540.0, 0.20901343
8550.0, 0.20895787
8560.0, 0.20890242
8570.0, 0.20884706
8580.0, 0.20879182
8590.0, 0.20873667
8600.0, 0.20868163
8610.0, 0.20862669
8620.0, 0.20857185
8630.0, 0.20851712
8640.0, 0.20846249
8650.0, 0.20840795
8660.0, 0.20835352
8670.0, 0.20829919
8680.0, 0.20824495
8690.0, 0.20819083
8700.0, 0.2081368
8710.0, 0.20808287
8720.0, 0.20802903
8730.0, 0.20797531
8740.0, 0.20792167
8750.0, 0.20786814
8760.0, 0.20781472
8770.0, 0.20776138
8780.0, 0.20770814
8790.0, 0.20765501
8800.0, 0.20760196
8810.0, 0.20754904
8820.0, 0.2074962
8830.0, 0.20744346
8840.0, 0.20739082
8850.0, 0.20733827
8860.0, 0.20728582
8870.0, 0.20723347
8880.0, 0.20718122
8890.0, 0.20712906
8900.0, 0.207077
8910.0, 0.20702504
8920.0, 0.20697318
8930.0, 0.2069214
8940.0, 0.20686972
8950.0, 0.20681815
8960.0, 0.20676666
8970.0, 0.20671529
8980.0, 0.206664
8990.0, 0.2066128
9000.0, 0.2065617
9010.0, 0.2065107
9020.0, 0.20645979
9030.0, 0.20640898
9040.0, 0.20635824
9050.0, 0.20630762
9060.0, 0.20625709
9070.0, 0.20620665
9080.0, 0.20615631
9090.0, 0.20610607
9100.0, 0.20605591
9110.0, 0.20600584
9120.0, 0.20595588
9130.0, 0.205906
9140.0, 0.20585622
9150.0, 0.20580652
9160.0, 0.20575693
9170.0, 0.20570743
9180.0, 0.205658
9190.0, 0.2056087
9200.0, 0.20555946
9210.0, 0.20551033
9220.0, 0.20546128
9230.0, 0.20541233
9240.0, 0.20536347
9250.0, 0.2053147
9260.0, 0.20526601
9270.0, 0.20521742
9280.0, 0.20516892
9290.0, 0.20512052
9300.0, 0.2050722
9310.0, 0.20502397
9320.0, 0.20497583
9330.0, 0.20492779
9340.0, 0.20487982
9350.0, 0.20483196
9360.0, 0.20478418
9370.0, 0.20473649
9380.0, 0.2046889
9390.0, 0.20464139
9400.0, 0.20459396
9410.0, 0.20454663
9420.0, 0.20449938
9430.0, 0.20445223
9440.0, 0.20440516
9450.0, 0.20435818
9460.0, 0.20431128
9470.0, 0.20426448
9480.0, 0.20421776
9490.0, 0.20417112
9500.0, 0.20412458
9510.0, 0.20407812
9520.0, 0.20403175
9530.0, 0.20398548
9540.0, 0.20393929
9550.0, 0.20389318
9560.0, 0.20384715
9570.0, 0.20380121
9580.0, 0.20375536
9590.0, 0.2037096
9600.0, 0.20366393
9610.0, 0.20361833
9620.0, 0.20357282
9630.0, 0.2035274
9640.0, 0.20348208
9650.0, 0.2034368
9660.0, 0.20339164
9670.0, 0.20334657
9680.0, 0.20330156
9690.0, 0.20325665
9700.0, 0.20321181
9710.0, 0.20316707
9720.0, 0.2031224
9730.0, 0.20307784
9740.0, 0.20303334
9750.0, 0.20298894
9760.0, 0.2029446
9770.0, 0.20290036
9780.0, 0.2028562
9790.0, 0.20281212
9800.0, 0.20276813
9810.0, 0.20272422
9820.0, 0.2026804
9830.0, 0.20263664
9840.0, 0.20259297
9850.0, 0.2025494
9860.0, 0.20250589
9870.0, 0.20246246
9880.0, 0.20241913
9890.0, 0.20237587
9900.0, 0.20233269
9910.0, 0.20228961
9920.0, 0.20224658
9930.0, 0.20220366
9940.0, 0.2021608
9950.0, 0.20211802
9960.0, 0.20207535
9970.0, 0.20203273
9980.0, 0.2019902
9990.0, 0.20194775
10000.0, 0.20190538
10010.0, 0.20186308
10020.0, 0.20182087
10030.0, 0.20177875
10040.0, 0.20173669
10050.0, 0.20169473
10060.0, 0.20165282
10070.0, 0.20161101
10080.0, 0.20156927
10090.0, 0.20152761
10100.0, 0.20148604
10110.0, 0.20144454
10120.0, 0.20140311
10130.0, 0.20136176
10140.0, 0.2013205
10150.0, 0.20127931
10160.0, 0.2012382
10170.0, 0.20119716
10180.0, 0.20115621
10190.0, 0.20111533
10200.0, 0.20107453
10210.0, 0.2010338
10220.0, 0.20099315
10230.0, 0.20095257
10240.0, 0.20091209
10250.0, 0.20087166
10260.0, 0.20083132
10270.0, 0.20079105
10280.0, 0.20075086
10290.0, 0.20071074
10300.0, 0.20067072
10310.0, 0.20063075
10320.0, 0.20059086
10330.0, 0.20055103
10340.0, 0.2005113
10350.0, 0.20047164
10360.0, 0.20043205
10370.0, 0.20039254
10380.0, 0.2003531
10390.0, 0.20031373
10400.0, 0.20027445
10410.0, 0.20023523
10420.0, 0.20019609
10430.0, 0.20015703
10440.0, 0.20011802
10450.0, 0.20007911
10460.0, 0.20004027
10470.0, 0.2000015
10480.0, 0.1999628
10490.0, 0.19992417
10500.0, 0.19988562
10510.0, 0.19984713
10520.0, 0.19980872
10530.0, 0.19977039
10540.0, 0.19973212
10550.0, 0.19969393
10560.0, 0.19965583
10570.0, 0.19961777
10580.0, 0.1995798
10590.0, 0.1995419
10600.0, 0.19950408
10610.0, 0.19946632
10620.0, 0.19942862
10630.0, 0.199391
10640.0, 0.19935347
10650.0, 0.19931598
10660.0, 0.1992786
10670.0, 0.19924125
10680.0, 0.199204
10690.0, 0.1991668
10700.0, 0.19912969
10710.0, 0.19909264
10720.0, 0.19905566
10730.0, 0.19901875
10740.0, 0.1989819
10750.0, 0.19894513
10760.0, 0.19890843
10770.0, 0.1988718
10780.0, 0.19883525
10790.0, 0.19879876
10800.0, 0.19876233
10810.0, 0.19872597
10820.0, 0.1986897
10830.0, 0.19865347
10840.0, 0.19861732
10850.0, 0.19858125
10860.0, 0.19854523
10870.0, 0.1985093
10880.0, 0.19847342
10890.0, 0.19843762
10900.0, 0.19840188
10910.0, 0.19836622
10920.0, 0.19833061
10930.0, 0.19829509
10940.0, 0.19825962
10950.0, 0.19822422
10960.0, 0.19818889
10970.0, 0.19815361
10980.0, 0.19811843
10990.0, 0.19808328
11000.0, 0.19804823
11010.0, 0.19801323
11020.0, 0.1979783
11030.0, 0.19794343
11040.0, 0.19790864
11050.0, 0.1978739
11060.0, 0.19783925
11070.0, 0.19780464
11080.0, 0.1977701
11090.0, 0.19773562
11100.0, 0.19770123
11110.0, 0.1976669
11120.0, 0.19763263
11130.0, 0.19759841
11140.0, 0.19756427
11150.0, 0.19753018
11160.0, 0.19749618
11170.0, 0.19746223
11180.0, 0.19742835
11190.0, 0.19739453
11200.0, 0.19736077
11210.0, 0.19732708
11220.0, 0.19729346
11230.0, 0.1972599
11240.0, 0.1972264
11250.0, 0.19719297
11260.0, 0.19715959
11270.0, 0.19712628
11280.0, 0.19709304
11290.0, 0.19705987
11300.0, 0.19702674
11310.0, 0.19699368
11320.0, 0.1969607
11330.0, 0.19692777
11340.0, 0.1968949
11350.0, 0.1968621
11360.0, 0.19682935
11370.0, 0.19679667
11380.0, 0.19676407
11390.0, 0.19673151
11400.0, 0.19669902
11410.0, 0.1966666
11420.0, 0.19663422
11430.0, 0.19660191
11440.0, 0.19656968
11450.0, 0.1965375
11460.0, 0.19650537
11470.0, 0.19647332
11480.0, 0.19644131
11490.0, 0.19640937
11500.0, 0.1963775
11510.0, 0.19634567
11520.0, 0.19631392
11530.0, 0.19628222
11540.0, 0.19625059
11550.0, 0.19621901
11560.0, 0.1961875
11570.0, 0.19615605
11580.0, 0.19612466
11590.0, 0.19609332
11600.0, 0.19606204
11610.0, 0.19603084
11620.0, 0.19599968
11630.0, 0.19596858
11640.0, 0.19593754
11650.0, 0.19590658
11660.0, 0.19587566
11670.0, 0.1958448
11680.0, 0.195814
11690.0, 0.19578326
11700.0, 0.19575258
11710.0, 0.19572195
11720.0, 0.19569139
11730.0, 0.19566089
11740.0, 0.19563043
11750.0, 0.19560005
11760.0, 0.19556971
11770.0, 0.19553944
11780.0, 0.19550923
11790.0, 0.19547907
11800.0, 0.19544896
11810.0, 0.19541892
11820.0, 0.19538894
11830.0, 0.195359
11840.0, 0.19532914
11850.0, 0.19529933
11860.0, 0.19526957
11870.0, 0.19523987
11880.0, 0.19521023
11890.0, 0.19518064
11900.0, 0.1951511
11910.0, 0.19512165
11920.0, 0.19509222
11930.0, 0.19506286
11940.0, 0.19503357
11950.0, 0.19500431
11960.0, 0.19497512
11970.0, 0.19494599
11980.0, 0.1949169
11990.0, 0.19488789
12000.0, 0.19485891
12010.0, 0.19483
12020.0, 0.19480114
12030.0, 0.19477233
12040.0, 0.19474359
12050.0, 0.1947149
12060.0, 0.19468626
12070.0, 0.19465768
12080.0, 0.19462916
12090.0, 0.19460067
12100.0, 0.19457227
12110.0, 0.1945439
12120.0, 0.1945156
12130.0, 0.19448735
12140.0, 0.19445913
12150.0, 0.19443099
12160.0, 0.1944029
12170.0, 0.19437486
12180.0, 0.19434687
12190.0, 0.19431894
12200.0, 0.19429106
12210.0, 0.19426323
12220.0, 0.19423546
12230.0, 0.19420774
12240.0, 0.19418009
12250.0, 0.19415247
12260.0, 0.1941249
12270.0, 0.19409741
12280.0, 0.19406997
12290.0, 0.19404255
12300.0, 0.1940152
12310.0, 0.19398792
12320.0, 0.19396067
12330.0, 0.19393347
12340.0, 0.19390635
12350.0, 0.19387926
12360.0, 0.19385223
12370.0, 0.19382524
12380.0, 0.19379832
12390.0, 0.19377144
12400.0, 0.19374461
12410.0, 0.19371782
12420.0, 0.1936911
12430.0, 0.19366443
12440.0, 0.19363782
12450.0, 0.19361125
12460.0, 0.19358473
12470.0, 0.19355826
12480.0, 0.19353184
12490.0, 0.19350547
12500.0, 0.19347915
12510.0, 0.1934529
12520.0, 0.19342667
12530.0, 0.19340052
12540.0, 0.1933744
12550.0, 0.19334833
12560.0, 0.19332233
12570.0, 0.19329636
12580.0, 0.19327044
12590.0, 0.19324459
12600.0, 0.19321877
12610.0, 0.193193
12620.0, 0.1931673
12630.0, 0.19314162
12640.0, 0.19311601
12650.0, 0.19309045
12660.0, 0.19306493
12670.0, 0.19303945
12680.0, 0.19301404
12690.0, 0.19298866
12700.0, 0.19296335
12710.0, 0.19293807
12720.0, 0.19291286
12730.0, 0.19288768
12740.0, 0.19286256
12750.0, 0.19283748
12760.0, 0.19281244
12770.0, 0.19278745
12780.0, 0.19276252
12790.0, 0.19273764
12800.0, 0.1927128
12810.0, 0.19268802
12820.0, 0.19266327
12830.0, 0.19263858
12840.0, 0.19261393
12850.0, 0.19258933
12860.0, 0.19256479
12870.0, 0.19254027
12880.0, 0.1925158
12890.0, 0.1924914
12900.0, 0.19246703
12910.0, 0.19244273
12920.0, 0.19241846
12930.0, 0.19239423
12940.0, 0.19237006
12950.0, 0.19234592
12960.0, 0.19232184
12970.0, 0.1922978
12980.0, 0.19227381
12990.0, 0.19224986
13000.0, 0.19222596
13010.0, 0.19220212
13020.0, 0.19217832
13030.0, 0.19215456
13040.0, 0.19213085
13050.0, 0.19210717
13060.0, 0.19208355
13070.0, 0.19205998
13080.0, 0.19203645
13090.0, 0.19201297
13100.0, 0.19198953
13110.0, 0.19196612
13120.0, 0.19194277
13130.0, 0.19191946
13140.0, 0.19189622
13150.0, 0.191873
13160.0, 0.19184983
13170.0, 0.1918267
13180.0, 0.19180362
13190.0, 0.19178058
13200.0, 0.19175759
13210.0, 0.19173464
13220.0, 0.19171174
13230.0, 0.19168888
13240.0, 0.19166607
13250.0, 0.1916433
13260.0, 0.19162057
13270.0, 0.19159788
13280.0, 0.19157524
13290.0, 0.19155265
13300.0, 0.1915301
13310.0, 0.1915076
13320.0, 0.19148514
13330.0, 0.19146271
13340.0, 0.19144033
13350.0, 0.19141799
13360.0, 0.19139571
13370.0, 0.19137345
13380.0, 0.19135125
13390.0, 0.19132909
13400.0, 0.19130696
13410.0, 0.1912849
13420.0, 0.19126287
13430.0, 0.19124086
13440.0, 0.19121893
13450.0, 0.19119702
13460.0, 0.19117515
13470.0, 0.19115333
13480.0, 0.19113156
13490.0, 0.1911098
13500.0, 0.19108811
13510.0, 0.19106646
13520.0, 0.19104487
13530.0, 0.19102329
13540.0, 0.19100176
13550.0, 0.19098027
13560.0, 0.19095883
13570.0, 0.19093743
13580.0, 0.19091606
13590.0, 0.19089474
13600.0, 0.19087346
13610.0, 0.19085222
13620.0, 0.19083104
13630.0, 0.19080988
13640.0, 0.19078876
13650.0, 0.19076769
13660.0, 0.19074667
13670.0, 0.19072565
13680.0, 0.1907047
13690.0, 0.19068381
13700.0, 0.19066294
13710.0, 0.1906421
13720.0, 0.19062132
13730.0, 0.19060056
13740.0, 0.19057985
13750.0, 0.1905592
13760.0, 0.19053856
13770.0, 0.19051796
13780.0, 0.19049743
13790.0, 0.19047691
13800.0, 0.19045645
13810.0, 0.19043602
13820.0, 0.19041562
13830.0, 0.19039527
13840.0, 0.19037496
13850.0, 0.19035469
13860.0, 0.19033445
13870.0, 0.19031426
13880.0, 0.1902941
13890.0, 0.190274
13900.0, 0.19025391
13910.0, 0.19023389
13920.0, 0.19021389
13930.0, 0.19019392
13940.0, 0.190174
13950.0, 0.19015412
13960.0, 0.19013429
13970.0, 0.19011448
13980.0, 0.19009471
13990.0, 0.19007498
14000.0, 0.1900553
14010.0, 0.19003564
14020.0, 0.19001603
14030.0, 0.18999645
14040.0, 0.18997692
14050.0, 0.18995741
14060.0, 0.18993796
14070.0, 0.18991853
14080.0, 0.18989915
14090.0, 0.18987979
14100.0, 0.1898605
14110.0, 0.18984121
14120.0, 0.18982197
14130.0, 0.18980278
14140.0, 0.18978362
14150.0, 0.18976448
14160.0, 0.18974541
14170.0, 0.18972635
14180.0, 0.18970734
14190.0, 0.18968837
14200.0, 0.18966943
14210.0, 0.18965054
14220.0, 0.18963166
14230.0, 0.18961282
14240.0, 0.18959405
14250.0, 0.18957528
14260.0, 0.18955655
14270.0, 0.18953788
14280.0, 0.18951923
14290.0, 0.18950062
14300.0, 0.18948205
14310.0, 0.18946351
14320.0, 0.189445
14330.0, 0.18942654
14340.0, 0.18940811
14350.0, 0.18938972
14360.0, 0.18937136
14370.0, 0.18935303
14380.0, 0.18933475
14390.0, 0.1893165
14400.0, 0.18929827
14410.0, 0.18928011
14420.0, 0.18926196
14430.0, 0.18924384
14440.0, 0.18922578
14450.0, 0.18920773
14460.0, 0.18918972
14470.0, 0.18917176
14480.0, 0.18915382
14490.0, 0.18913592
14500.0, 0.18911806
14510.0, 0.18910024
14520.0, 0.18908243
14530.0, 0.18906468
14540.0, 0.18904695
14550.0, 0.18902925
14560.0, 0.18901159
14570.0, 0.18899396
14580.0, 0.18897638
14590.0, 0.18895882
14600.0, 0.18894131
14610.0, 0.18892382
14620.0, 0.18890637
14630.0, 0.18888895
14640.0, 0.18887156
14650.0, 0.18885422
14660.0, 0.1888369
14670.0, 0.18881962
14680.0, 0.18880236
14690.0, 0.18878515
14700.0, 0.18876797
14710.0, 0.18875082
14720.0, 0.18873371
14730.0, 0.18871664
14740.0, 0.18869957
14750.0, 0.18868256
14760.0, 0.18866557
14770.0, 0.18864863
14780.0, 0.18863171
14790.0, 0.18861483
14800.0, 0.18859798
14810.0, 0.18858115
14820.0, 0.18856438
14830.0, 0.18854763
14840.0, 0.1885309
14850.0, 0.18851422
14860.0, 0.18849756
14870.0, 0.18848094
14880.0, 0.18846436
14890.0, 0.18844779
14900.0, 0.18843126
14910.0, 0.18841478
14920.0, 0.18839832
14930.0, 0.18838188
14940.0, 0.18836549
14950.0, 0.18834913
14960.0, 0.1883328
14970.0, 0.1883165
14980.0, 0.18830022
14990.0, 0.188284
15000.0, 0.18826778
15010.0, 0.18825161
15020.0, 0.18823546
15030.0, 0.18821935
15040.0, 0.18820328
15050.0, 0.18818723
15060.0, 0.18817121
15070.0, 0.18815522
15080.0, 0.18813926
15090.0, 0.18812335
15100.0, 0.18810746
15110.0, 0.18809159
15120.0, 0.18807577
15130.0, 0.18805997
15140.0, 0.18804419
15150.0, 0.18802845
15160.0, 0.18801275
15170.0, 0.18799707
15180.0, 0.18798144
15190.0, 0.18796583
15200.0, 0.18795022
15210.0, 0.18793468
15220.0, 0.18791915
15230.0, 0.18790366
15240.0, 0.1878882
15250.0, 0.18787277
15260.0, 0.18785736
15270.0, 0.187842
15280.0, 0.18782665
15290.0, 0.18781133
15300.0, 0.18779604
15310.0, 0.1877808
15320.0, 0.18776557
15330.0, 0.18775038
15340.0, 0.18773521
15350.0, 0.18772008
15360.0, 0.18770498
15370.0, 0.1876899
15380.0, 0.18767485
15390.0, 0.18765983
15400.0, 0.18764485
15410.0, 0.1876299
15420.0, 0.18761496
15430.0, 0.18760006
15440.0, 0.18758519
15450.0, 0.18757035
15460.0, 0.18755554
15470.0, 0.18754075
15480.0, 0.187526
15490.0, 0.18751128
15500.0, 0.18749657
15510.0, 0.18748191
15520.0, 0.18746728
15530.0, 0.18745266
15540.0, 0.18743809
15550.0, 0.18742353
15560.0, 0.187409
15570.0, 0.1873945
15580.0, 0.18738003
15590.0, 0.18736559
15600.0, 0.18735118
15610.0, 0.1873368
15620.0, 0.18732244
15630.0, 0.1873081
15640.0, 0.18729381
15650.0, 0.18727955
15660.0, 0.18726529
15670.0, 0.18725108
15680.0, 0.1872369
15690.0, 0.18722273
15700.0, 0.1872086
15710.0, 0.1871945
15720.0, 0.18718041
15730.0, 0.18716636
15740.0, 0.18715234
15750.0, 0.18713835
15760.0, 0.18712439
15770.0, 0.18711044
15780.0, 0.18709652
15790.0, 0.18708265
15800.0, 0.18706879
15810.0, 0.18705495
15820.0, 0.18704115
15830.0, 0.18702738
15840.0, 0.18701363
15850.0, 0.1869999
15860.0, 0.18698621
15870.0, 0.18697253
15880.0, 0.1869589
15890.0, 0.18694527
15900.0, 0.18693168
15910.0, 0.18691811
15920.0, 0.18690458
15930.0, 0.18689108
15940.0, 0.1868776
15950.0, 0.18686414
15960.0, 0.18685071
15970.0, 0.1868373
15980.0, 0.18682392
15990.0, 0.18681057
16000.0, 0.18679723
16010.0, 0.18678394
16020.0, 0.18677066
16030.0, 0.18675743
16040.0, 0.1867442
16050.0, 0.18673101
16060.0, 0.18671782
16070.0, 0.18670468
16080.0, 0.18669157
16090.0, 0.18667848
16100.0, 0.18666542
16110.0, 0.18665238
16120.0, 0.18663935
16130.0, 0.18662636
16140.0, 0.1866134
16150.0, 0.18660046
16160.0, 0.18658754
16170.0, 0.18657465
16180.0, 0.1865618
16190.0, 0.18654895
16200.0, 0.18653613
16210.0, 0.18652335
16220.0, 0.1865106
16230.0, 0.18649785
16240.0, 0.18648514
16250.0, 0.18647245
16260.0, 0.18645978
16270.0, 0.18644714
16280.0, 0.18643454
16290.0, 0.18642195
16300.0, 0.18640938
16310.0, 0.18639684
16320.0, 0.18638432
16330.0, 0.18637182
16340.0, 0.18635936
16350.0, 0.18634692
16360.0, 0.1863345
16370.0, 0.18632212
16380.0, 0.18630974
16390.0, 0.1862974
16400.0, 0.18628508
16410.0, 0.18627279
16420.0, 0.1862605
16430.0, 0.18624826
16440.0, 0.18623604
16450.0, 0.18622383
16460.0, 0.18621166
16470.0, 0.18619952
16480.0, 0.18618739
16490.0, 0.18617529
16500.0, 0.1861632
16510.0, 0.18615115
16520.0, 0.1861391
16530.0, 0.1861271
16540.0, 0.18611512
16550.0, 0.18610315
16560.0, 0.18609121
16570.0, 0.1860793
16580.0, 0.1860674
16590.0, 0.18605554
16600.0, 0.18604368
16610.0, 0.18603186
16620.0, 0.18602006
16630.0, 0.18600829
16640.0, 0.18599653
16650.0, 0.1859848
16660.0, 0.1859731
16670.0, 0.18596141
16680.0, 0.18594976
16690.0, 0.18593812
16700.0, 0.1859265
16710.0, 0.18591492
16720.0, 0.18590334
16730.0, 0.18589179
16740.0, 0.18588027
16750.0, 0.18586877
16760.0, 0.1858573
16770.0, 0.18584584
16780.0, 0.18583441
16790.0, 0.18582298
16800.0, 0.1858116
16810.0, 0.18580024
16820.0, 0.18578888
16830.0, 0.18577756
16840.0, 0.18576626
16850.0, 0.18575498
16860.0, 0.18574373
16870.0, 0.1857325
16880.0, 0.1857213
16890.0, 0.18571009
16900.0, 0.18569893
16910.0, 0.18568778
16920.0, 0.18567666
16930.0, 0.18566556
16940.0, 0.18565448
16950.0, 0.18564342
16960.0, 0.1856324
16970.0, 0.18562137
16980.0, 0.18561038
16990.0, 0.1855994
17000.0, 0.18558846
17010.0, 0.18557753
17020.0, 0.18556663
17030.0, 0.18555574
17040.0, 0.18554488
17050.0, 0.18553403
17060.0, 0.18552321
17070.0, 0.18551241
17080.0, 0.18550164
17090.0, 0.18549088
17100.0, 0.18548013
17110.0, 0.18546942
17120.0, 0.18545872
17130.0, 0.18544805
17140.0, 0.18543741
17150.0, 0.18542676
17160.0, 0.18541616
17170.0, 0.18540557
17180.0, 0.185395
17190.0, 0.18538445
17200.0, 0.18537392
17210.0, 0.18536341
17220.0, 0.18535294
17230.0, 0.18534248
17240.0, 0.18533202
17250.0, 0.1853216
17260.0, 0.1853112
17270.0, 0.18530081
17280.0, 0.18529044
17290.0, 0.18528011
17300.0, 0.18526977
17310.0, 0.18525949
17320.0, 0.1852492
17330.0, 0.18523894
17340.0, 0.18522869
17350.0, 0.18521848
17360.0, 0.18520828
17370.0, 0.1851981
17380.0, 0.18518794
17390.0, 0.18517779
17400.0, 0.18516767
17410.0, 0.18515757
17420.0, 0.1851475
17430.0, 0.18513744
17440.0, 0.18512739
17450.0, 0.18511736
17460.0, 0.18510737
17470.0, 0.18509738
17480.0, 0.18508743
17490.0, 0.18507747
17500.0, 0.18506756
17510.0, 0.18505765
17520.0, 0.18504778
17530.0, 0.1850379
17540.0, 0.18502806
17550.0, 0.18501823
17560.0, 0.18500842
17570.0, 0.18499863
17580.0, 0.18498887
17590.0, 0.18497913
17600.0, 0.1849694
17610.0, 0.18495968
17620.0, 0.18494998
17630.0, 0.18494032
17640.0, 0.18493067
17650.0, 0.18492103
17660.0, 0.18491141
17670.0, 0.18490182
17680.0, 0.18489224
17690.0, 0.18488269
17700.0, 0.18487315
17710.0, 0.18486363
17720.0, 0.18485412
17730.0, 0.18484463
17740.0, 0.18483518
17750.0, 0.18482572
17760.0, 0.1848163
17770.0, 0.18480688
17780.0, 0.1847975
17790.0, 0.18478812
17800.0, 0.18477878
17810.0, 0.18476944
17820.0, 0.18476012
17830.0, 0.18475081
17840.0, 0.18474154
17850.0, 0.18473229
17860.0, 0.18472303
17870.0, 0.18471381
17880.0, 0.1847046
17890.0, 0.18469542
17900.0, 0.18468624
17910.0, 0.1846771
17920.0, 0.18466796
17930.0, 0.18465884
17940.0, 0.18464974
17950.0, 0.18464066
17960.0, 0.1846316
17970.0, 0.18462256
17980.0, 0.18461353
17990.0, 0.18460451
18000.0, 0.18459553
18010.0, 0.18458654
18020.0, 0.18457758
18030.0, 0.18456864
18040.0, 0.18455973
18050.0, 0.18455082
18060.0, 0.18454196
18070.0, 0.18453307
18080.0, 0.18452422
18090.0, 0.18451539
18100.0, 0.18450657
18110.0, 0.18449777
18120.0, 0.184489
18130.0, 0.18448023
18140.0, 0.18447149
18150.0, 0.18446274
18160.0, 0.18445404
18170.0, 0.18444535
18180.0, 0.18443668
18190.0, 0.184428
18200.0, 0.18441936
18210.0, 0.18441074
18220.0, 0.18440214
18230.0, 0.18439353
18240.0, 0.18438496
18250.0, 0.1843764
18260.0, 0.18436785
18270.0, 0.18435934
18280.0, 0.18435082
18290.0, 0.18434234
18300.0, 0.18433386
18310.0, 0.1843254
18320.0, 0.18431695
18330.0, 0.18430853
18340.0, 0.18430012
18350.0, 0.18429174
18360.0, 0.18428336
18370.0, 0.184275
18380.0, 0.18426666
18390.0, 0.18425833
18400.0, 0.18425003
18410.0, 0.18424173
18420.0, 0.18423346
18430.0, 0.18422519
18440.0, 0.18421696
18450.0, 0.18420872
18460.0, 0.18420051
18470.0, 0.18419231
18480.0, 0.18418413
18490.0, 0.18417597
18500.0, 0.18416783
18510.0, 0.1841597
18520.0, 0.18415159
18530.0, 0.18414348
18540.0, 0.1841354
18550.0, 0.18412733
18560.0, 0.1841193
18570.0, 0.18411125
18580.0, 0.18410324
18590.0, 0.18409523
18600.0, 0.18408725
18610.0, 0.18407927
18620.0, 0.18407132
18630.0, 0.18406337
18640.0, 0.18405545
18650.0, 0.18404755
18660.0, 0.18403965
18670.0, 0.18403177
18680.0, 0.1840239
18690.0, 0.18401606
18700.0, 0.18400823
18710.0, 0.18400042
18720.0, 0.18399262
18730.0, 0.18398483
18740.0, 0.18397707
18750.0, 0.1839693
18760.0, 0.18396157
18770.0, 0.18395385
18780.0, 0.18394615
18790.0, 0.18393844
18800.0, 0.18393077
18810.0, 0.18392311
18820.0, 0.18391547
18830.0, 0.18390782
18840.0, 0.1839002
18850.0, 0.18389261
18860.0, 0.18388502
18870.0, 0.18387745
18880.0, 0.1838699
18890.0, 0.18386236
18900.0, 0.18385482
18910.0, 0.18384731
18920.0, 0.18383981
18930.0, 0.18383233
18940.0, 0.18382485
18950.0, 0.1838174
18960.0, 0.18380997
18970.0, 0.18380255
18980.0, 0.18379514
18990.0, 0.18378775
19000.0, 0.18378037
19010.0, 0.183773
19020.0, 0.18376565
19030.0, 0.18375832
19040.0, 0.18375099
19050.0, 0.18374369
19060.0, 0.18373638
19070.0, 0.1837291
19080.0, 0.18372184
19090.0, 0.18371458
19100.0, 0.18370736
19110.0, 0.18370013
19120.0, 0.18369293
19130.0, 0.18368575
19140.0, 0.18367855
19150.0, 0.1836714
19160.0, 0.18366425
19170.0, 0.18365711
19180.0, 0.18364999
19190.0, 0.18364288
19200.0, 0.18363579
19210.0, 0.18362871
19220.0, 0.18362164
19230.0, 0.1836146
19240.0, 0.18360755
19250.0, 0.18360053
19260.0, 0.18359351
19270.0, 0.18358652
19280.0, 0.18357955
19290.0, 0.18357256
19300.0, 0.18356562
19310.0, 0.18355867
19320.0, 0.18355174
19330.0, 0.18354484
19340.0, 0.18353793
19350.0, 0.18353106
19360.0, 0.18352418
19370.0, 0.18351732
19380.0, 0.18351047
19390.0, 0.18350364
19400.0, 0.18349682
19410.0, 0.18349001
19420.0, 0.18348323
19430.0, 0.18347645
19440.0, 0.18346968
19450.0, 0.18346293
19460.0, 0.1834562
19470.0, 0.18344948
19480.0, 0.18344276
19490.0, 0.18343607
19500.0, 0.18342938
19510.0, 0.1834227
19520.0, 0.18341604
19530.0, 0.1834094
19540.0, 0.18340276
19550.0, 0.18339615
19560.0, 0.18338954
19570.0, 0.18338296
19580.0, 0.18337637
19590.0, 0.1833698
19600.0, 0.18336324
19610.0, 0.18335672
19620.0, 0.18335018
19630.0, 0.18334366
19640.0, 0.18333717
19650.0, 0.18333067
19660.0, 0.18332419
19670.0, 0.18331774
19680.0, 0.18331128
19690.0, 0.18330485
19700.0, 0.18329842
19710.0, 0.183292
19720.0, 0.18328561
19730.0, 0.18327922
19740.0, 0.18327285
19750.0, 0.18326649
19760.0, 0.18326013
19770.0, 0.1832538
19780.0, 0.18324748
19790.0, 0.18324116
19800.0, 0.18323486
19810.0, 0.18322858
19820.0, 0.18322231
19830.0, 0.18321605
19840.0, 0.18320979
19850.0, 0.18320355
19860.0, 0.18319733
19870.0, 0.18319112
19880.0, 0.18318492
19890.0, 0.18317874
19900.0, 0.18317255
19910.0, 0.1831664
19920.0, 0.18316025
19930.0, 0.18315409
19940.0, 0.18314797
19950.0, 0.18314186
19960.0, 0.18313575
19970.0, 0.18312967
19980.0, 0.18312359
19990.0, 0.18311752
20000.0, 0.18311147
20010.0, 0.18310542
20020.0, 0.18309939
20030.0, 0.18309337
20040.0, 0.18308736
20050.0, 0.18308137
20060.0, 0.18307538
20070.0, 0.18306942
20080.0, 0.18306346
20090.0, 0.1830575
20100.0, 0.18305157
20110.0, 0.18304564
20120.0, 0.18303974
20130.0, 0.18303384
20140.0, 0.18302795
20150.0, 0.18302207
20160.0, 0.18301621
20170.0, 0.18301035
20180.0, 0.18300451
20190.0, 0.18299867
20200.0, 0.18299286
20210.0, 0.18298706
20220.0, 0.18298127
20230.0, 0.18297547
20240.0, 0.1829697
20250.0, 0.18296394
20260.0, 0.18295819
20270.0, 0.18295245
20280.0, 0.18294673
20290.0, 0.182941
20300.0, 0.1829353
20310.0, 0.1829296
20320.0, 0.18292393
20330.0, 0.18291825
20340.0, 0.18291259
20350.0, 0.18290694
20360.0, 0.18290131
20370.0, 0.18289568
20380.0, 0.18289007
20390.0, 0.18288447
20400.0, 0.18287887
20410.0, 0.18287328
20420.0, 0.18286772
20430.0, 0.18286216
20440.0, 0.1828566
20450.0, 0.18285106
20460.0, 0.18284555
20470.0, 0.18284003
20480.0, 0.18283452
20490.0, 0.18282902
20500.0, 0.18282354
20510.0, 0.18281808
20520.0, 0.18281262
20530.0, 0.18280716
20540.0, 0.18280172
20550.0, 0.1827963
20560.0, 0.18279088
20570.0, 0.18278547
20580.0, 0.18278007
20590.0, 0.18277468
20600.0, 0.1827693
20610.0, 0.18276395
20620.0, 0.18275858
20630.0, 0.18275325
20640.0, 0.18274792
20650.0, 0.1827426
20660.0, 0.18273728
20670.0, 0.18273197
20680.0, 0.1827267
20690.0, 0.1827214
20700.0, 0.18271613
20710.0, 0.18271087
20720.0, 0.18270563
20730.0, 0.1827004
20740.0, 0.18269515
20750.0, 0.18268995
20760.0, 0.18268473
20770.0, 0.18267953
20780.0, 0.18267435
20790.0, 0.18266918
20800.0, 0.182664
20810.0, 0.18265885
20820.0, 0.18265371
20830.0, 0.18264857
20840.0, 0.18264344
20850.0, 0.18263833
20860.0, 0.18263324
20870.0, 0.18262812
20880.0, 0.18262304
20890.0, 0.18261796
20900.0, 0.1826129
20910.0, 0.18260784
20920.0, 0.18260281
20930.0, 0.18259777
20940.0, 0.18259275
20950.0, 0.18258773
20960.0, 0.18258272
20970.0, 0.18257773
20980.0, 0.18257274
20990.0, 0.18256776
21000.0, 0.18256281
21010.0, 0.18255785
21020.0, 0.1825529
21030.0, 0.18254797
21040.0, 0.18254304
21050.0, 0.18253812
21060.0, 0.18253322
21070.0, 0.18252832
21080.0, 0.18252344
21090.0, 0.18251856
21100.0, 0.18251368
21110.0, 0.18250884
21120.0, 0.18250398
21130.0, 0.18249914
21140.0, 0.18249431
21150.0, 0.1824895
21160.0, 0.18248469
21170.0, 0.18247989
21180.0, 0.1824751
21190.0, 0.18247032
21200.0, 0.18246555
21210.0, 0.18246077
21220.0, 0.18245603
21230.0, 0.18245128
21240.0, 0.18244655
21250.0, 0.18244183
21260.0, 0.1824371
21270.0, 0.1824324
21280.0, 0.1824277
21290.0, 0.18242303
21300.0, 0.18241835
21310.0, 0.18241367
21320.0, 0.18240902
21330.0, 0.18240437
21340.0, 0.18239972
21350.0, 0.1823951
21360.0, 0.18239047
21370.0, 0.18238585
21380.0, 0.18238124
21390.0, 0.18237665
21400.0, 0.18237206
21410.0, 0.18236749
21420.0, 0.18236293
21430.0, 0.18235837
21440.0, 0.18235381
21450.0, 0.18234928
21460.0, 0.18234473
21470.0, 0.18234022
21480.0, 0.1823357
21490.0, 0.1823312
21500.0, 0.1823267
21510.0, 0.18232222
21520.0, 0.18231773
21530.0, 0.18231326
21540.0, 0.18230881
21550.0, 0.18230435
21560.0, 0.18229991
21570.0, 0.18229549
21580.0, 0.18229106
21590.0, 0.18228664
21600.0, 0.18228222
21610.0, 0.18227783
21620.0, 0.18227345
21630.0, 0.18226905
21640.0, 0.18226469
21650.0, 0.18226032
21660.0, 0.18225597
21670.0, 0.18225163
21680.0, 0.18224728
21690.0, 0.18224296
21700.0, 0.18223864
21710.0, 0.18223432
21720.0, 0.18223001
21730.0, 0.18222572
21740.0, 0.18222143
21750.0, 0.18221717
21760.0, 0.18221287
21770.0, 0.18220863
21780.0, 0.18220437
21790.0, 0.18220012
21800.0, 0.18219589
21810.0, 0.18219167
21820.0, 0.18218744
21830.0, 0.18218324
21840.0, 0.18217903
21850.0, 0.18217483
21860.0, 0.18217066
21870.0, 0.18216649
21880.0, 0.18216231
21890.0, 0.18215814
21900.0, 0.182154
21910.0, 0.18214986
21920.0, 0.18214571
21930.0, 0.18214159
21940.0, 0.18213746
21950.0, 0.18213336
21960.0, 0.18212926
21970.0, 0.18212517
21980.0, 0.18212107
21990.0, 0.18211699
22000.0, 0.18211292
22010.0, 0.18210886
22020.0, 0.1821048
22030.0, 0.18210076
22040.0, 0.18209672
22050.0, 0.18209268
22060.0, 0.18208866
22070.0, 0.18208465
22080.0, 0.18208064
22090.0, 0.18207663
22100.0, 0.18207265
22110.0, 0.18206866
22120.0, 0.1820647
22130.0, 0.18206073
22140.0, 0.18205677
22150.0, 0.18205282
22160.0, 0.18204887
22170.0, 0.18204494
22180.0, 0.182041
22190.0, 0.1820371
22200.0, 0.18203318
22210.0, 0.18202928
22220.0, 0.18202539
22230.0, 0.1820215
22240.0, 0.18201761
22250.0, 0.18201374
22260.0, 0.18200986
22270.0, 0.18200602
22280.0, 0.18200217
22290.0, 0.18199831
22300.0, 0.18199448
22310.0, 0.18199067
22320.0, 0.18198684
22330.0, 0.18198302
22340.0, 0.18197922
22350.0, 0.18197542
22360.0, 0.18197164
22370.0, 0.18196785
22380.0, 0.18196407
22390.0, 0.1819603
22400.0, 0.18195654
22410.0, 0.1819528
22420.0, 0.18194906
22430.0, 0.18194532
22440.0, 0.18194158
22450.0, 0.18193786
22460.0, 0.18193415
22470.0, 0.18193044
22480.0, 0.18192674
22490.0, 0.18192305
22500.0, 0.18191937
22510.0, 0.18191569
22520.0, 0.181912
22530.0, 0.18190835
22540.0, 0.1819047
22550.0, 0.18190104
22560.0, 0.1818974
22570.0, 0.18189377
22580.0, 0.18189014
22590.0, 0.18188652
22600.0, 0.1818829
22610.0, 0.1818793
22620.0, 0.1818757
22630.0, 0.18187211
22640.0, 0.18186852
22650.0, 0.18186495
22660.0, 0.18186137
22670.0, 0.18185781
22680.0, 0.18185425
22690.0, 0.1818507
22700.0, 0.18184717
22710.0, 0.18184364
22720.0, 0.1818401
22730.0, 0.18183658
22740.0, 0.18183307
22750.0, 0.18182957
22760.0, 0.18182607
22770.0, 0.18182257
22780.0, 0.18181908
22790.0, 0.18181561
22800.0, 0.18181214
22810.0, 0.18180867
22820.0, 0.18180521
22830.0, 0.18180177
22840.0, 0.18179832
22850.0, 0.18179487
22860.0, 0.18179145
22870.0, 0.18178801
22880.0, 0.1817846
22890.0, 0.1817812
22900.0, 0.18177779
22910.0, 0.1817744
22920.0, 0.18177101
22930.0, 0.18176763
22940.0, 0.18176425
22950.0, 0.18176088
22960.0, 0.18175751
22970.0, 0.18175416
22980.0, 0.1817508
22990.0, 0.18174747
23000.0, 0.18174413
23010.0, 0.18174079
23020.0, 0.18173747
23030.0, 0.18173416
23040.0, 0.18173085
23050.0, 0.18172753
23060.0, 0.18172424
23070.0, 0.18172096
23080.0, 0.18171766
23090.0, 0.18171439
23100.0, 0.18171112
23110.0, 0.18170786
23120.0, 0.1817046
23130.0, 0.18170135
23140.0, 0.18169811
23150.0, 0.18169485
23160.0, 0.18169163
23170.0, 0.18168841
23180.0, 0.18168518
23190.0, 0.18168198
23200.0, 0.18167877
23210.0, 0.18167557
23220.0, 0.18167236
23230.0, 0.18166918
23240.0, 0.181666
23250.0, 0.18166283
23260.0, 0.18165967
23270.0, 0.18165651
23280.0, 0.18165334
23290.0, 0.18165019
23300.0, 0.18164705
23310.0, 0.18164392
23320.0, 0.18164079
23330.0, 0.18163766
23340.0, 0.18163455
23350.0, 0.18163143
23360.0, 0.18162832
23370.0, 0.18162523
23380.0, 0.18162212
23390.0, 0.18161903
23400.0, 0.18161596
23410.0, 0.18161288
23420.0, 0.18160981
23430.0, 0.18160675
23440.0, 0.1816037
23450.0, 0.18160065
23460.0, 0.1815976
23470.0, 0.18159457
23480.0, 0.18159153
23490.0, 0.1815885
23500.0, 0.18158548
23510.0, 0.18158247
23520.0, 0.18157946
23530.0, 0.18157646
23540.0, 0.18157345
23550.0, 0.18157047
23560.0, 0.18156749
23570.0, 0.18156451
23580.0, 0.18156153
23590.0, 0.18155856
23600.0, 0.1815556
23610.0, 0.18155265
23620.0, 0.1815497
23630.0, 0.18154676
23640.0, 0.18154381
23650.0, 0.18154088
23660.0, 0.18153796
23670.0, 0.18153504
23680.0, 0.18153213
23690.0, 0.18152921
23700.0, 0.1815263
23710.0, 0.18152341
23720.0, 0.18152052
23730.0, 0.18151765
23740.0, 0.18151477
23750.0, 0.18151188
23760.0, 0.18150902
23770.0, 0.18150616
23780.0, 0.18150331
23790.0, 0.18150045
23800.0, 0.1814976
23810.0, 0.18149476
23820.0, 0.18149193
23830.0, 0.1814891
23840.0, 0.18148628
23850.0, 0.18148346
23860.0, 0.18148066
23870.0, 0.18147784
23880.0, 0.18147504
23890.0, 0.18147224
23900.0, 0.18146946
23910.0, 0.18146667
23920.0, 0.1814639
23930.0, 0.18146113
23940.0, 0.18145837
23950.0, 0.1814556
23960.0, 0.18145284
23970.0, 0.18145008
23980.0, 0.18144734
23990.0, 0.1814446
24000.0, 0.18144187
24010.0, 0.18143913
24020.0, 0.18143642
24030.0, 0.1814337
24040.0, 0.18143098
24050.0, 0.18142828
24060.0, 0.18142559
24070.0, 0.18142287
24080.0, 0.18142019
24090.0, 0.18141751
24100.0, 0.18141483
24110.0, 0.18141216
24120.0, 0.18140948
24130.0, 0.18140681
24140.0, 0.18140416
24150.0, 0.1814015
24160.0, 0.18139885
24170.0, 0.18139622
24180.0, 0.18139356
24190.0, 0.18139093
24200.0, 0.1813883
24210.0, 0.18138568
24220.0, 0.18138307
24230.0, 0.18138045
24240.0, 0.18137784
24250.0, 0.18137525
24260.0, 0.18137266
24270.0, 0.18137006
24280.0, 0.18136747
24290.0, 0.1813649
24300.0, 0.18136233
24310.0, 0.18135975
24320.0, 0.18135718
24330.0, 0.18135463
24340.0, 0.18135208
24350.0, 0.18134952
24360.0, 0.18134698
24370.0, 0.18134443
24380.0, 0.18134189
24390.0, 0.18133937
24400.0, 0.18133685
24410.0, 0.18133432
24420.0, 0.18133181
24430.0, 0.1813293
24440.0, 0.18132679
24450.0, 0.18132429
24460.0, 0.1813218
24470.0, 0.18131931
24480.0, 0.18131682
24490.0, 0.18131435
24500.0, 0.18131188
24510.0, 0.1813094
24520.0, 0.18130694
24530.0, 0.18130447
24540.0, 0.18130201
24550.0, 0.18129957
24560.0, 0.18129711
24570.0, 0.18129468
24580.0, 0.18129224
24590.0, 0.18128982
24600.0, 0.1812874
24610.0, 0.18128496
24620.0, 0.18128254
24630.0, 0.18128014
24640.0, 0.18127774
24650.0, 0.18127532
24660.0, 0.18127292
24670.0, 0.18127054
24680.0, 0.18126816
24690.0, 0.18126577
24700.0, 0.18126339
24710.0, 0.18126102
24720.0, 0.18125863
24730.0, 0.18125628
24740.0, 0.18125392
24750.0, 0.18125157
24760.0, 0.18124922
24770.0, 0.18124688
24780.0, 0.18124452
24790.0, 0.1812422
24800.0, 0.18123986
24810.0, 0.18123753
24820.0, 0.18123521
24830.0, 0.1812329
24840.0, 0.18123057
24850.0, 0.18122828
24860.0, 0.18122597
24870.0, 0.18122368
24880.0, 0.18122138
24890.0, 0.18121909
24900.0, 0.18121679
24910.0, 0.18121453
24920.0, 0.18121225
24930.0, 0.18120997
24940.0, 0.1812077
24950.0, 0.18120544
24960.0, 0.18120319
24970.0, 0.18120094
24980.0, 0.18119869
24990.0, 0.18119644
25000.0, 0.18119419
25010.0, 0.18119197
25020.0, 0.18118972
25030.0, 0.1811875
25040.0, 0.18118528
25050.0, 0.18118307
25060.0, 0.18118085
25070.0, 0.18117863
25080.0, 0.18117642
25090.0, 0.18117423
25100.0, 0.18117204
25110.0, 0.18116985
25120.0, 0.18116766
25130.0, 0.18116547
25140.0, 0.18116328
25150.0, 0.18116112
25160.0, 0.18115894
25170.0, 0.18115678
25180.0, 0.18115462
25190.0, 0.18115246
25200.0, 0.1811503
25210.0, 0.18114817
25220.0, 0.18114603
25230.0, 0.18114388
25240.0, 0.18114175
25250.0, 0.18113962
25260.0, 0.18113749
25270.0, 0.18113536
25280.0, 0.18113324
25290.0, 0.18113112
25300.0, 0.18112902
25310.0, 0.18112691
25320.0, 0.1811248
25330.0, 0.1811227
25340.0, 0.18112062
25350.0, 0.18111853
25360.0, 0.18111645
25370.0, 0.18111436
25380.0, 0.18111229
25390.0, 0.18111022
25400.0, 0.18110813
25410.0, 0.18110609
25420.0, 0.18110402
25430.0, 0.18110196
25440.0, 0.1810999
25450.0, 0.18109787
25460.0, 0.18109582
25470.0, 0.18109378
25480.0, 0.18109174
25490.0, 0.18108971
25500.0, 0.18108767
25510.0, 0.18108566
25520.0, 0.18108363
25530.0, 0.18108162
25540.0, 0.18107961
25550.0, 0.1810776
25560.0, 0.1810756
25570.0, 0.1810736
25580.0, 0.18107161
25590.0, 0.18106961
25600.0, 0.18106763
25610.0, 0.18106565
25620.0, 0.18106367
25630.0, 0.18106169
25640.0, 0.18105972
25650.0, 0.18105775
25660.0, 0.18105577
25670.0, 0.18105382
25680.0, 0.18105187
25690.0, 0.18104991
25700.0, 0.18104796
25710.0, 0.18104602
25720.0, 0.18104407
25730.0, 0.18104215
25740.0, 0.1810402
25750.0, 0.18103829
25760.0, 0.18103635
25770.0, 0.18103443
25780.0, 0.18103251
25790.0, 0.1810306
25800.0, 0.1810287
25810.0, 0.18102679
25820.0, 0.18102488
25830.0, 0.18102299
25840.0, 0.18102108
25850.0, 0.18101919
25860.0, 0.18101731
25870.0, 0.18101543
25880.0, 0.18101354
25890.0, 0.18101166
25900.0, 0.1810098
25910.0, 0.18100792
25920.0, 0.18100607
25930.0, 0.1810042
25940.0, 0.18100235
25950.0, 0.18100049
25960.0, 0.18099864
25970.0, 0.18099679
25980.0, 0.18099494
25990.0, 0.18099311
26000.0, 0.18099128
26010.0, 0.18098944
26020.0, 0.18098763
26030.0, 0.1809858
26040.0, 0.18098396
26050.0, 0.18098216
26060.0, 0.18098034
26070.0, 0.18097854
26080.0, 0.18097672
26090.0, 0.18097493
26100.0, 0.18097311
26110.0, 0.18097132
26120.0, 0.18096954
26130.0, 0.18096775
26140.0, 0.18096596
26150.0, 0.18096417
26160.0, 0.18096241
26170.0, 0.18096063
26180.0, 0.18095885
26190.0, 0.1809571
26200.0, 0.18095532
26210.0, 0.18095356
26220.0, 0.1809518
26230.0, 0.18095006
26240.0, 0.1809483
26250.0, 0.18094656
26260.0, 0.18094483
26270.0, 0.18094307
26280.0, 0.18094134
26290.0, 0.18093961
26300.0, 0.18093787
26310.0, 0.18093616
26320.0, 0.18093443
26330.0, 0.18093272
26340.0, 0.180931
26350.0, 0.18092929
26360.0, 0.18092759
26370.0, 0.18092588
26380.0, 0.18092418
26390.0, 0.18092248
26400.0, 0.18092078
26410.0, 0.1809191
26420.0, 0.1809174
26430.0, 0.18091571
26440.0, 0.18091403
26450.0, 0.18091236
26460.0, 0.18091068
26470.0, 0.18090902
26480.0, 0.18090735
26490.0, 0.18090567
26500.0, 0.18090402
26510.0, 0.18090236
26520.0, 0.18090071
26530.0, 0.18089907
26540.0, 0.1808974
26550.0, 0.18089576
26560.0, 0.18089412
26570.0, 0.18089248
26580.0, 0.18089084
26590.0, 0.18088922
26600.0, 0.1808876
26610.0, 0.18088597
26620.0, 0.18088435
26630.0, 0.18088272
26640.0, 0.1808811
26650.0, 0.18087949
26660.0, 0.18087788
26670.0, 0.18087628
26680.0, 0.18087468
26690.0, 0.18087308
26700.0, 0.18087147
26710.0, 0.18086989
26720.0, 0.1808683
26730.0, 0.1808667
26740.0, 0.18086512
26750.0, 0.18086354
26760.0, 0.18086198
26770.0, 0.18086039
26780.0, 0.18085884
26790.0, 0.18085726
26800.0, 0.18085569
26810.0, 0.18085414
26820.0, 0.18085258
26830.0, 0.18085101
26840.0, 0.18084946
26850.0, 0.18084791
26860.0, 0.18084636
26870.0, 0.18084483
26880.0, 0.18084328
26890.0, 0.18084174
26900.0, 0.18084021
26910.0, 0.18083869
26920.0, 0.18083717
26930.0, 0.18083563
26940.0, 0.18083411
26950.0, 0.1808326
26960.0, 0.18083107
26970.0, 0.18082957
26980.0, 0.18082806
26990.0, 0.18082654
27000.0, 0.18082505
27010.0, 0.18082355
27020.0, 0.18082204
27030.0, 0.18082055
27040.0, 0.18081906
27050.0, 0.18081757
27060.0, 0.1808161
27070.0, 0.18081461
27080.0, 0.18081313
27090.0, 0.18081164
27100.0, 0.18081017
27110.0, 0.18080871
27120.0, 0.18080723
27130.0, 0.18080577
27140.0, 0.18080431
27150.0, 0.18080285
27160.0, 0.18080139
27170.0, 0.18079993
27180.0, 0.18079849
27190.0, 0.18079704
27200.0, 0.1807956
27210.0, 0.18079415
27220.0, 0.18079272
27230.0, 0.18079127
27240.0, 0.18078986
27250.0, 0.18078841
27260.0, 0.18078698
27270.0, 0.18078557
27280.0, 0.18078414
27290.0, 0.18078272
27300.0, 0.18078132
27310.0, 0.18077989
27320.0, 0.18077849
27330.0, 0.18077707
27340.0, 0.18077567
27350.0, 0.18077427
27360.0, 0.18077287
27370.0, 0.18077147
27380.0, 0.18077008
27390.0, 0.18076868
27400.0, 0.1807673
27410.0, 0.18076591
27420.0, 0.18076454
27430.0, 0.18076316
27440.0, 0.18076177
27450.0, 0.1807604
27460.0, 0.18075904
27470.0, 0.18075766
27480.0, 0.1807563
27490.0, 0.18075493
27500.0, 0.18075357
27510.0, 0.1807522
27520.0, 0.18075086
27530.0, 0.1807495
27540.0, 0.18074816
27550.0, 0.18074681
27560.0, 0.18074547
27570.0, 0.18074411
27580.0, 0.18074279
27590.0, 0.18074146
27600.0, 0.18074012
27610.0, 0.18073878
27620.0, 0.18073745
27630.0, 0.18073612
27640.0, 0.1807348
27650.0, 0.18073349
27660.0, 0.18073218
27670.0, 0.18073085
27680.0, 0.18072954
27690.0, 0.18072823
27700.0, 0.18072692
27710.0, 0.18072562
27720.0, 0.18072432
27730.0, 0.18072301
27740.0, 0.18072172
27750.0, 0.18072042
27760.0, 0.18071914
27770.0, 0.18071784
27780.0, 0.18071656
27790.0, 0.18071526
27800.0, 0.180714
27810.0, 0.1807127
27820.0, 0.18071143
27830.0, 0.18071017
27840.0, 0.18070889
27850.0, 0.18070762
27860.0, 0.18070635
27870.0, 0.1807051
27880.0, 0.18070383
27890.0, 0.18070257
27900.0, 0.18070132
27910.0, 0.18070006
27920.0, 0.18069881
27930.0, 0.18069756
27940.0, 0.18069631
27950.0, 0.18069507
27960.0, 0.18069384
27970.0, 0.18069258
27980.0, 0.18069135
27990.0, 0.18069012
28000.0, 0.18068889
28010.0, 0.18068765
28020.0, 0.18068643
28030.0, 0.1806852
28040.0, 0.18068399
28050.0, 0.18068276
28060.0, 0.18068154
28070.0, 0.18068033
28080.0, 0.18067911
28090.0, 0.18067792
28100.0, 0.1806767
28110.0, 0.18067549
28120.0, 0.1806743
28130.0, 0.1806731
28140.0, 0.1806719
28150.0, 0.18067071
28160.0, 0.18066952
28170.0, 0.18066832
28180.0, 0.18066713
28190.0, 0.18066595
28200.0, 0.18066476
28210.0, 0.18066359
28220.0, 0.18066241
28230.0, 0.18066123
28240.0, 0.18066005
28250.0, 0.18065889
28260.0, 0.18065771
28270.0, 0.18065655
28280.0, 0.18065538
28290.0, 0.18065421
28300.0, 0.18065307
28310.0, 0.1806519
28320.0, 0.18065074
28330.0, 0.1806496
28340.0, 0.18064845
28350.0, 0.1806473
28360.0, 0.18064615
28370.0, 0.180645
28380.0, 0.18064387
28390.0, 0.18064272
28400.0, 0.18064159
28410.0, 0.18064046
28420.0, 0.18063931
28430.0, 0.1806382
28440.0, 0.18063706
28450.0, 0.18063593
28460.0, 0.18063481
28470.0, 0.1806337
28480.0, 0.18063258
28490.0, 0.18063146
28500.0, 0.18063034
28510.0, 0.18062922
28520.0, 0.18062812
28530.0, 0.180627
28540.0, 0.1806259
28550.0, 0.1806248
28560.0, 0.1806237
28570.0, 0.18062261
28580.0, 0.1806215
28590.0, 0.18062042
28600.0, 0.18061933
28610.0, 0.18061823
28620.0, 0.18061714
28630.0, 0.18061605
28640.0, 0.18061498
28650.0, 0.18061389
28660.0, 0.18061282
28670.0, 0.18061173
28680.0, 0.18061066
28690.0, 0.1806096
28700.0, 0.18060851
28710.0, 0.18060745
28720.0, 0.18060638
28730.0, 0.18060532
28740.0, 0.18060425
28750.0, 0.18060319
28760.0, 0.18060213
28770.0, 0.18060108
28780.0, 0.18060002
28790.0, 0.18059897
28800.0, 0.18059793
28810.0, 0.18059687
28820.0, 0.18059583
28830.0, 0.18059479
28840.0, 0.18059374
28850.0, 0.1805927
28860.0, 0.18059167
28870.0, 0.18059064
28880.0, 0.1805896
28890.0, 0.18058857
28900.0, 0.18058755
28910.0, 0.1805865
28920.0, 0.18058549
28930.0, 0.18058446
28940.0, 0.18058345
28950.0, 0.18058243
28960.0, 0.18058142
28970.0, 0.18058039
28980.0, 0.18057938
28990.0, 0.18057838
29000.0, 0.18057735
29010.0, 0.18057635
29020.0, 0.18057536
29030.0, 0.18057434
29040.0, 0.18057336
29050.0, 0.18057235
29060.0, 0.18057136
29070.0, 0.18057036
29080.0, 0.18056937
29090.0, 0.18056838
29100.0, 0.1805674
29110.0, 0.1805664
29120.0, 0.18056542
29130.0, 0.18056443
29140.0, 0.18056345
29150.0, 0.18056247
29160.0, 0.1805615
29170.0, 0.18056053
29180.0, 0.18055956
29190.0, 0.18055858
29200.0, 0.18055761
29210.0, 0.18055664
29220.0, 0.18055567
29230.0, 0.18055472
29240.0, 0.18055375
29250.0, 0.1805528
29260.0, 0.18055183
29270.0, 0.18055087
29280.0, 0.18054992
29290.0, 0.18054898
29300.0, 0.18054803
29310.0, 0.18054709
29320.0, 0.18054613
29330.0, 0.18054518
29340.0, 0.18054424
29350.0, 0.1805433
29360.0, 0.18054236
29370.0, 0.18054143
29380.0, 0.1805405
29390.0, 0.18053956
29400.0, 0.18053862
29410.0, 0.1805377
29420.0, 0.18053678
29430.0, 0.18053585
29440.0, 0.18053491
29450.0, 0.180534
29460.0, 0.18053308
29470.0, 0.18053217
29480.0, 0.18053125
29490.0, 0.18053032
29500.0, 0.18052942
29510.0, 0.1805285
29520.0, 0.1805276
29530.0, 0.1805267
29540.0, 0.1805258
29550.0, 0.18052489
29560.0, 0.18052398
29570.0, 0.18052308
29580.0, 0.18052219
29590.0, 0.1805213
29600.0, 0.18052039
29610.0, 0.18051949
29620.0, 0.18051861
29630.0, 0.18051772
29640.0, 0.18051682
29650.0, 0.18051594
29660.0, 0.18051507
29670.0, 0.18051417
29680.0, 0.1805133
29690.0, 0.18051243
29700.0, 0.18051155
29710.0, 0.18051067
29720.0, 0.18050979
29730.0, 0.18050891
29740.0, 0.18050805
29750.0, 0.18050718
29760.0, 0.18050632
29770.0, 0.18050545
29780.0, 0.18050459
29790.0, 0.18050373
29800.0, 0.18050286
29810.0, 0.18050201
29820.0, 0.18050115
29830.0, 0.1805003
29840.0, 0.18049943
29850.0, 0.1804986
29860.0, 0.18049774
29870.0, 0.1804969
29880.0, 0.18049605
29890.0, 0.18049522
29900.0, 0.18049437
29910.0, 0.18049353
29920.0, 0.18049268
29930.0, 0.18049185
29940.0, 0.18049102
29950.0, 0.18049018
29960.0, 0.18048935
29970.0, 0.18048851
29980.0, 0.18048769
29990.0, 0.18048686
30000.0, 0.18048604
