Energy (in eV), backscattering yield of material CFRP-NASCAP at incidence 0.0 degree
   X,       Y
0.0, 0.0
10.0, 0.0
20.0, 0.0
30.0, 0.0
40.0, 0.0
50.0, 0.0
60.0, 0.010240324
70.0, 0.018876214
80.0, 0.026336463
90.0, 0.032897808
100.0, 0.038749326
110.0, 0.04402595
120.0, 0.048827376
130.0, 0.05322937
140.0, 0.05729085
150.0, 0.06105855
160.0, 0.06457018
170.0, 0.0678566
180.0, 0.07094338
190.0, 0.07385195
200.0, 0.07660047
210.0, 0.07920443
220.0, 0.0816772
230.0, 0.084030315
240.0, 0.086273886
250.0, 0.08841679
260.0, 0.09046684
270.0, 0.092430994
280.0, 0.094315425
290.0, 0.0961257
300.0, 0.09786678
310.0, 0.09954318
320.0, 0.10115896
330.0, 0.1027178
340.0, 0.104223095
350.0, 0.10567789
360.0, 0.10708503
370.0, 0.10844709
380.0, 0.10976644
390.0, 0.11104529
400.0, 0.112285696
410.0, 0.11348949
420.0, 0.11465846
430.0, 0.11579422
440.0, 0.116898276
450.0, 0.11797205
460.0, 0.119016856
470.0, 0.12003393
480.0, 0.12102444
490.0, 0.121989466
500.0, 0.12293004
510.0, 0.123847105
520.0, 0.12474158
530.0, 0.12561433
540.0, 0.12646613
550.0, 0.12729779
560.0, 0.12810999
570.0, 0.12890343
580.0, 0.1296788
590.0, 0.13043666
600.0, 0.1311776
610.0, 0.13190222
620.0, 0.132611
630.0, 0.1333045
640.0, 0.13398317
650.0, 0.13464744
660.0, 0.1352978
670.0, 0.13593465
680.0, 0.13655838
690.0, 0.1371694
700.0, 0.13776806
710.0, 0.1383547
720.0, 0.1389297
730.0, 0.13949332
740.0, 0.14004593
750.0, 0.14058778
760.0, 0.14111917
770.0, 0.14164041
780.0, 0.14215173
790.0, 0.1426534
800.0, 0.14314565
810.0, 0.14362873
820.0, 0.14410286
830.0, 0.14456826
840.0, 0.14502515
850.0, 0.14547372
860.0, 0.1459142
870.0, 0.14634673
880.0, 0.14677155
890.0, 0.14718877
900.0, 0.14759864
910.0, 0.14800128
920.0, 0.14839685
930.0, 0.14878552
940.0, 0.14916743
950.0, 0.14954273
960.0, 0.14991158
970.0, 0.1502741
980.0, 0.15063043
990.0, 0.1509807
1000.0, 0.151325
1010.0, 0.15116142
1020.0, 0.15099816
1030.0, 0.15083523
1040.0, 0.15067263
1050.0, 0.15051034
1060.0, 0.1503484
1070.0, 0.15018676
1080.0, 0.15002546
1090.0, 0.14986446
1100.0, 0.1497038
1110.0, 0.14954346
1120.0, 0.14938344
1130.0, 0.14922373
1140.0, 0.14906435
1150.0, 0.14890528
1160.0, 0.14874654
1170.0, 0.1485881
1180.0, 0.14842999
1190.0, 0.14827219
1200.0, 0.14811471
1210.0, 0.14795753
1220.0, 0.14780068
1230.0, 0.14764415
1240.0, 0.14748792
1250.0, 0.147332
1260.0, 0.1471764
1270.0, 0.1470211
1280.0, 0.14686611
1290.0, 0.14671144
1300.0, 0.14655708
1310.0, 0.14640303
1320.0, 0.14624928
1330.0, 0.14609584
1340.0, 0.1459427
1350.0, 0.14578988
1360.0, 0.14563735
1370.0, 0.14548513
1380.0, 0.14533322
1390.0, 0.14518161
1400.0, 0.14503029
1410.0, 0.1448793
1420.0, 0.14472859
1430.0, 0.14457819
1440.0, 0.14442809
1450.0, 0.14427827
1460.0, 0.14412877
1470.0, 0.14397958
1480.0, 0.14383067
1490.0, 0.14368206
1500.0, 0.14353375
1510.0, 0.14338572
1520.0, 0.14323801
1530.0, 0.14309059
1540.0, 0.14294346
1550.0, 0.14279662
1560.0, 0.14265008
1570.0, 0.14250383
1580.0, 0.14235787
1590.0, 0.1422122
1600.0, 0.14206682
1610.0, 0.14192174
1620.0, 0.14177695
1630.0, 0.14163244
1640.0, 0.14148822
1650.0, 0.1413443
1660.0, 0.14120066
1670.0, 0.1410573
1680.0, 0.14091423
1690.0, 0.14077145
1700.0, 0.14062895
1710.0, 0.14048675
1720.0, 0.14034481
1730.0, 0.14020318
1740.0, 0.14006181
1750.0, 0.13992073
1760.0, 0.13977994
1770.0, 0.13963942
1780.0, 0.13949919
1790.0, 0.13935924
1800.0, 0.13921955
1810.0, 0.13908017
1820.0, 0.13894105
1830.0, 0.1388022
1840.0, 0.13866363
1850.0, 0.13852535
1860.0, 0.13838735
1870.0, 0.13824962
1880.0, 0.13811216
1890.0, 0.13797498
1900.0, 0.13783807
1910.0, 0.13770142
1920.0, 0.13756506
1930.0, 0.13742897
1940.0, 0.13729316
1950.0, 0.1371576
1960.0, 0.13702233
1970.0, 0.13688733
1980.0, 0.13675259
1990.0, 0.13661812
2000.0, 0.13648392
2010.0, 0.13634999
2020.0, 0.13621633
2030.0, 0.13608293
2040.0, 0.1359498
2050.0, 0.13581695
2060.0, 0.13568436
2070.0, 0.13555202
2080.0, 0.13541995
2090.0, 0.13528815
2100.0, 0.1351566
2110.0, 0.13502532
2120.0, 0.13489431
2130.0, 0.13476355
2140.0, 0.13463306
2150.0, 0.13450283
2160.0, 0.13437286
2170.0, 0.13424315
2180.0, 0.1341137
2190.0, 0.1339845
2200.0, 0.13385557
2210.0, 0.13372688
2220.0, 0.13359846
2230.0, 0.1334703
2240.0, 0.13334239
2250.0, 0.13321474
2260.0, 0.13308734
2270.0, 0.1329602
2280.0, 0.1328333
2290.0, 0.13270667
2300.0, 0.13258028
2310.0, 0.13245416
2320.0, 0.13232827
2330.0, 0.13220266
2340.0, 0.13207728
2350.0, 0.13195215
2360.0, 0.13182728
2370.0, 0.13170265
2380.0, 0.13157827
2390.0, 0.13145414
2400.0, 0.13133027
2410.0, 0.13120663
2420.0, 0.13108325
2430.0, 0.1309601
2440.0, 0.13083722
2450.0, 0.13071457
2460.0, 0.13059215
2470.0, 0.13047001
2480.0, 0.13034809
2490.0, 0.13022642
2500.0, 0.13010499
2510.0, 0.1299838
2520.0, 0.12986286
2530.0, 0.12974216
2540.0, 0.1296217
2550.0, 0.12950148
2560.0, 0.12938151
2570.0, 0.12926176
2580.0, 0.12914227
2590.0, 0.129023
2600.0, 0.12890399
2610.0, 0.1287852
2620.0, 0.12866664
2630.0, 0.12854834
2640.0, 0.12843026
2650.0, 0.12831242
2660.0, 0.12819482
2670.0, 0.12807745
2680.0, 0.12796031
2690.0, 0.12784341
2700.0, 0.12772675
2710.0, 0.12761031
2720.0, 0.12749411
2730.0, 0.12737815
2740.0, 0.12726241
2750.0, 0.1271469
2760.0, 0.12703162
2770.0, 0.12691659
2780.0, 0.12680177
2790.0, 0.12668718
2800.0, 0.12657283
2810.0, 0.1264587
2820.0, 0.1263448
2830.0, 0.12623113
2840.0, 0.12611769
2850.0, 0.12600447
2860.0, 0.12589148
2870.0, 0.1257787
2880.0, 0.12566617
2890.0, 0.12555385
2900.0, 0.12544176
2910.0, 0.1253299
2920.0, 0.12521824
2930.0, 0.12510683
2940.0, 0.12499563
2950.0, 0.12488465
2960.0, 0.1247739
2970.0, 0.12466336
2980.0, 0.12455305
2990.0, 0.12444296
3000.0, 0.12433308
3010.0, 0.12422343
3020.0, 0.124114
3030.0, 0.12400479
3040.0, 0.12389579
3050.0, 0.12378701
3060.0, 0.123678446
3070.0, 0.12357011
3080.0, 0.12346198
3090.0, 0.12335406
3100.0, 0.123246364
3110.0, 0.12313888
3120.0, 0.123031616
3130.0, 0.122924566
3140.0, 0.122817725
3150.0, 0.1227111
3160.0, 0.12260469
3170.0, 0.12249849
3180.0, 0.122392505
3190.0, 0.12228673
3200.0, 0.12218116
3210.0, 0.12207581
3220.0, 0.12197067
3230.0, 0.121865734
3240.0, 0.12176102
3250.0, 0.1216565
3260.0, 0.1215522
3270.0, 0.1214481
3280.0, 0.12134421
3290.0, 0.12124053
3300.0, 0.12113705
3310.0, 0.12103379
3320.0, 0.12093073
3330.0, 0.120827876
3340.0, 0.12072522
3350.0, 0.120622784
3360.0, 0.12052054
3370.0, 0.120418504
3380.0, 0.12031668
3390.0, 0.12021504
3400.0, 0.12011362
3410.0, 0.1200124
3420.0, 0.11991138
3430.0, 0.11981056
3440.0, 0.119709946
3450.0, 0.11960953
3460.0, 0.11950932
3470.0, 0.1194093
3480.0, 0.119309485
3490.0, 0.11920987
3500.0, 0.11911045
3510.0, 0.11901124
3520.0, 0.11891221
3530.0, 0.118813396
3540.0, 0.11871477
3550.0, 0.11861634
3560.0, 0.118518114
3570.0, 0.11842008
3580.0, 0.11832224
3590.0, 0.1182246
3600.0, 0.118127145
3610.0, 0.11802989
3620.0, 0.117932834
3630.0, 0.11783597
3640.0, 0.1177393
3650.0, 0.11764282
3660.0, 0.117546536
3670.0, 0.117450446
3680.0, 0.11735454
3690.0, 0.11725883
3700.0, 0.117163315
3710.0, 0.117067985
3720.0, 0.11697285
3730.0, 0.116877906
3740.0, 0.11678315
3750.0, 0.11668858
3760.0, 0.1165942
3770.0, 0.11650001
3780.0, 0.11640601
3790.0, 0.11631219
3800.0, 0.11621857
3810.0, 0.11612513
3820.0, 0.11603187
3830.0, 0.115938805
3840.0, 0.115845926
3850.0, 0.115753226
3860.0, 0.11566072
3870.0, 0.11556839
3880.0, 0.11547625
3890.0, 0.115384296
3900.0, 0.11529253
3910.0, 0.11520094
3920.0, 0.115109526
3930.0, 0.1150183
3940.0, 0.11492726
3950.0, 0.1148364
3960.0, 0.11474572
3970.0, 0.11465523
3980.0, 0.11456491
3990.0, 0.11447477
4000.0, 0.11438482
4010.0, 0.11429504
4020.0, 0.11420545
4030.0, 0.11411603
4040.0, 0.11402679
4050.0, 0.11393773
4060.0, 0.11384885
4070.0, 0.11376014
4080.0, 0.113671616
4090.0, 0.11358326
4100.0, 0.11349509
4110.0, 0.11340709
4120.0, 0.11331927
4130.0, 0.11323162
4140.0, 0.11314415
4150.0, 0.11305685
4160.0, 0.11296973
4170.0, 0.11288278
4180.0, 0.11279601
4190.0, 0.1127094
4200.0, 0.11262298
4210.0, 0.11253672
4220.0, 0.11245064
4230.0, 0.112364724
4240.0, 0.11227898
4250.0, 0.11219341
4260.0, 0.11210802
4270.0, 0.112022795
4280.0, 0.11193773
4290.0, 0.11185285
4300.0, 0.111768134
4310.0, 0.111683585
4320.0, 0.11159921
4330.0, 0.11151499
4340.0, 0.11143095
4350.0, 0.11134708
4360.0, 0.11126337
4370.0, 0.11117983
4380.0, 0.11109646
4390.0, 0.111013256
4400.0, 0.11093021
4410.0, 0.11084734
4420.0, 0.11076463
4430.0, 0.11068209
4440.0, 0.11059971
4450.0, 0.110517494
4460.0, 0.11043545
4470.0, 0.11035357
4480.0, 0.11027184
4490.0, 0.11019029
4500.0, 0.11010889
4510.0, 0.110027656
4520.0, 0.109946586
4530.0, 0.10986568
4540.0, 0.10978493
4550.0, 0.109704345
4560.0, 0.109623924
4570.0, 0.10954366
4580.0, 0.10946355
4590.0, 0.10938361
4600.0, 0.109303825
4610.0, 0.1092242
4620.0, 0.10914474
4630.0, 0.10906543
4640.0, 0.10898628
4650.0, 0.1089073
4660.0, 0.10882846
4670.0, 0.108749785
4680.0, 0.10867127
4690.0, 0.10859291
4700.0, 0.108514704
4710.0, 0.10843666
4720.0, 0.10835877
4730.0, 0.10828103
4740.0, 0.10820345
4750.0, 0.10812602
4760.0, 0.10804875
4770.0, 0.10797164
4780.0, 0.107894674
4790.0, 0.107817866
4800.0, 0.107741214
4810.0, 0.10766471
4820.0, 0.10758836
4830.0, 0.10751216
4840.0, 0.10743612
4850.0, 0.10736023
4860.0, 0.10728449
4870.0, 0.10720889
4880.0, 0.107133456
4890.0, 0.10705817
4900.0, 0.106983036
4910.0, 0.106908046
4920.0, 0.106833205
4930.0, 0.10675852
4940.0, 0.106683984
4950.0, 0.10660959
4960.0, 0.10653535
4970.0, 0.10646126
4980.0, 0.10638731
4990.0, 0.10631352
5000.0, 0.10623987
5010.0, 0.10616636
5020.0, 0.10609301
5030.0, 0.1060198
5040.0, 0.105946735
5050.0, 0.10587382
5060.0, 0.10580105
5070.0, 0.105728425
5080.0, 0.105655946
5090.0, 0.10558361
5100.0, 0.10551142
5110.0, 0.10543937
5120.0, 0.10536747
5130.0, 0.10529571
5140.0, 0.105224095
5150.0, 0.10515262
5160.0, 0.10508129
5170.0, 0.1050101
5180.0, 0.10493906
5190.0, 0.10486815
5200.0, 0.10479739
5210.0, 0.10472677
5220.0, 0.104656294
5230.0, 0.10458595
5240.0, 0.10451575
5250.0, 0.104445696
5260.0, 0.10437578
5270.0, 0.104306005
5280.0, 0.104236364
5290.0, 0.104166865
5300.0, 0.1040975
5310.0, 0.104028285
5320.0, 0.103959195
5330.0, 0.103890255
5340.0, 0.10382144
5350.0, 0.10375278
5360.0, 0.10368424
5370.0, 0.10361584
5380.0, 0.10354759
5390.0, 0.10347946
5400.0, 0.10341147
5410.0, 0.10334362
5420.0, 0.10327591
5430.0, 0.103208326
5440.0, 0.10314088
5450.0, 0.103073575
5460.0, 0.10300639
5470.0, 0.10293935
5480.0, 0.102872446
5490.0, 0.102805674
5500.0, 0.10273903
5510.0, 0.102672525
5520.0, 0.10260615
5530.0, 0.102539904
5540.0, 0.102473795
5550.0, 0.10240782
5560.0, 0.10234197
5570.0, 0.10227626
5580.0, 0.10221068
5590.0, 0.102145225
5600.0, 0.102079906
5610.0, 0.10201471
5620.0, 0.101949655
5630.0, 0.10188472
5640.0, 0.10181992
5650.0, 0.10175525
5660.0, 0.10169071
5670.0, 0.10162629
5680.0, 0.10156201
5690.0, 0.10149785
5700.0, 0.10143383
5710.0, 0.101369925
5720.0, 0.101306155
5730.0, 0.101242505
5740.0, 0.10117899
5750.0, 0.1011156
5760.0, 0.10105234
5770.0, 0.1009892
5780.0, 0.10092618
5790.0, 0.1008633
5800.0, 0.100800544
5810.0, 0.10073791
5820.0, 0.1006754
5830.0, 0.10061301
5840.0, 0.100550756
5850.0, 0.10048862
5860.0, 0.10042661
5870.0, 0.100364715
5880.0, 0.10030296
5890.0, 0.10024131
5900.0, 0.1001798
5910.0, 0.1001184
5920.0, 0.10005713
5930.0, 0.09999598
5940.0, 0.09993496
5950.0, 0.09987405
5960.0, 0.09981327
5970.0, 0.099752605
5980.0, 0.09969206
5990.0, 0.099631645
6000.0, 0.09957135
6010.0, 0.09951117
6020.0, 0.09945111
6030.0, 0.09939117
6040.0, 0.09933135
6050.0, 0.09927165
6060.0, 0.09921207
6070.0, 0.09915261
6080.0, 0.099093266
6090.0, 0.09903404
6100.0, 0.09897494
6110.0, 0.09891595
6120.0, 0.09885708
6130.0, 0.098798335
6140.0, 0.0987397
6150.0, 0.09868118
6160.0, 0.098622784
6170.0, 0.0985645
6180.0, 0.09850633
6190.0, 0.09844828
6200.0, 0.09839035
6210.0, 0.098332524
6220.0, 0.09827482
6230.0, 0.098217234
6240.0, 0.09815976
6250.0, 0.098102406
6260.0, 0.098045155
6270.0, 0.09798803
6280.0, 0.09793101
6290.0, 0.09787411
6300.0, 0.097817324
6310.0, 0.097760655
6320.0, 0.09770409
6330.0, 0.097647645
6340.0, 0.09759131
6350.0, 0.09753509
6360.0, 0.09747898
6370.0, 0.09742298
6380.0, 0.09736709
6390.0, 0.09731132
6400.0, 0.097255655
6410.0, 0.0972001
6420.0, 0.09714466
6430.0, 0.09708933
6440.0, 0.09703411
6450.0, 0.096979
6460.0, 0.096924
6470.0, 0.09686911
6480.0, 0.096814334
6490.0, 0.09675966
6500.0, 0.0967051
6510.0, 0.09665065
6520.0, 0.09659631
6530.0, 0.096542075
6540.0, 0.09648795
6550.0, 0.09643393
6560.0, 0.09638002
6570.0, 0.09632622
6580.0, 0.09627252
6590.0, 0.096218936
6600.0, 0.096165456
6610.0, 0.09611208
6620.0, 0.096058816
6630.0, 0.09600565
6640.0, 0.0959526
6650.0, 0.09589965
6660.0, 0.09584681
6670.0, 0.09579407
6680.0, 0.095741436
6690.0, 0.09568891
6700.0, 0.09563649
6710.0, 0.09558418
6720.0, 0.09553196
6730.0, 0.09547985
6740.0, 0.09542785
6750.0, 0.09537595
6760.0, 0.09532415
6770.0, 0.09527246
6780.0, 0.09522087
6790.0, 0.09516939
6800.0, 0.095118
6810.0, 0.09506672
6820.0, 0.09501554
6830.0, 0.09496447
6840.0, 0.09491349
6850.0, 0.09486262
6860.0, 0.09481185
6870.0, 0.09476118
6880.0, 0.09471061
6890.0, 0.09466014
6900.0, 0.094609775
6910.0, 0.09455951
6920.0, 0.09450935
6930.0, 0.09445928
6940.0, 0.09440932
6950.0, 0.09435945
6960.0, 0.09430969
6970.0, 0.09426002
6980.0, 0.09421045
6990.0, 0.09416099
7000.0, 0.09411162
7010.0, 0.09406235
7020.0, 0.09401318
7030.0, 0.09396411
7040.0, 0.09391513
7050.0, 0.09386625
7060.0, 0.09381747
7070.0, 0.09376879
7080.0, 0.093720205
7090.0, 0.09367172
7100.0, 0.093623325
7110.0, 0.09357503
7120.0, 0.09352683
7130.0, 0.09347873
7140.0, 0.09343073
7150.0, 0.09338281
7160.0, 0.093335
7170.0, 0.09328728
7180.0, 0.09323966
7190.0, 0.09319213
7200.0, 0.0931447
7210.0, 0.09309736
7220.0, 0.093050115
7230.0, 0.09300297
7240.0, 0.09295591
7250.0, 0.09290895
7260.0, 0.092862085
7270.0, 0.09281531
7280.0, 0.09276863
7290.0, 0.09272204
7300.0, 0.09267555
7310.0, 0.09262915
7320.0, 0.092582844
7330.0, 0.09253663
7340.0, 0.0924905
7350.0, 0.09244447
7360.0, 0.09239853
7370.0, 0.09235269
7380.0, 0.09230693
7390.0, 0.09226126
7400.0, 0.092215694
7410.0, 0.09217021
7420.0, 0.09212482
7430.0, 0.09207952
7440.0, 0.09203431
7450.0, 0.09198919
7460.0, 0.09194416
7470.0, 0.091899216
7480.0, 0.09185437
7490.0, 0.09180961
7500.0, 0.09176494
7510.0, 0.09172036
7520.0, 0.09167586
7530.0, 0.091631465
7540.0, 0.09158715
7550.0, 0.09154292
7560.0, 0.091498785
7570.0, 0.09145473
7580.0, 0.09141077
7590.0, 0.091366895
7600.0, 0.091323115
7610.0, 0.09127941
7620.0, 0.0912358
7630.0, 0.091192275
7640.0, 0.09114884
7650.0, 0.09110549
7660.0, 0.091062225
7670.0, 0.09101905
7680.0, 0.090975955
7690.0, 0.09093295
7700.0, 0.090890035
7710.0, 0.0908472
7720.0, 0.09080445
7730.0, 0.09076179
7740.0, 0.090719216
7750.0, 0.09067672
7760.0, 0.090634316
7770.0, 0.09059199
7780.0, 0.09054975
7790.0, 0.0905076
7800.0, 0.09046553
7810.0, 0.09042355
7820.0, 0.090381645
7830.0, 0.090339825
7840.0, 0.090298094
7850.0, 0.09025644
7860.0, 0.09021487
7870.0, 0.090173386
7880.0, 0.09013199
7890.0, 0.09009067
7900.0, 0.09004943
7910.0, 0.09000828
7920.0, 0.089967206
7930.0, 0.08992622
7940.0, 0.08988531
7950.0, 0.08984449
7960.0, 0.08980374
7970.0, 0.089763075
7980.0, 0.08972249
7990.0, 0.089682
8000.0, 0.08964157
8010.0, 0.08960123
8020.0, 0.08956098
8030.0, 0.0895208
8040.0, 0.0894807
8050.0, 0.08944068
8060.0, 0.089400746
8070.0, 0.089360885
8080.0, 0.089321114
8090.0, 0.08928141
8100.0, 0.089241795
8110.0, 0.089202255
8120.0, 0.08916279
8130.0, 0.089123406
8140.0, 0.0890841
8150.0, 0.089044884
8160.0, 0.08900573
8170.0, 0.08896667
8180.0, 0.08892767
8190.0, 0.088888764
8200.0, 0.088849925
8210.0, 0.08881117
8220.0, 0.08877249
8230.0, 0.08873389
8240.0, 0.08869536
8250.0, 0.08865692
8260.0, 0.08861854
8270.0, 0.08858025
8280.0, 0.08854203
8290.0, 0.08850389
8300.0, 0.08846582
8310.0, 0.088427834
8320.0, 0.08838992
8330.0, 0.08835208
8340.0, 0.08831432
8350.0, 0.08827663
8360.0, 0.088239014
8370.0, 0.08820148
8380.0, 0.08816402
8390.0, 0.08812663
8400.0, 0.08808932
8410.0, 0.08805209
8420.0, 0.08801492
8430.0, 0.087977834
8440.0, 0.08794082
8450.0, 0.08790387
8460.0, 0.08786701
8470.0, 0.087830216
8480.0, 0.08779349
8490.0, 0.08775685
8500.0, 0.087720275
8510.0, 0.087683775
8520.0, 0.08764735
8530.0, 0.08761099
8540.0, 0.08757471
8550.0, 0.0875385
8560.0, 0.08750237
8570.0, 0.0874663
8580.0, 0.087430306
8590.0, 0.08739439
8600.0, 0.087358534
8610.0, 0.08732276
8620.0, 0.08728705
8630.0, 0.08725142
8640.0, 0.087215856
8650.0, 0.08718036
8660.0, 0.08714494
8670.0, 0.08710959
8680.0, 0.08707431
8690.0, 0.087039106
8700.0, 0.08700396
8710.0, 0.08696889
8720.0, 0.086933896
8730.0, 0.08689897
8740.0, 0.08686411
8750.0, 0.08682932
8760.0, 0.0867946
8770.0, 0.08675995
8780.0, 0.08672536
8790.0, 0.08669085
8800.0, 0.08665641
8810.0, 0.08662204
8820.0, 0.08658773
8830.0, 0.08655349
8840.0, 0.08651932
8850.0, 0.08648522
8860.0, 0.08645119
8870.0, 0.08641723
8880.0, 0.08638333
8890.0, 0.0863495
8900.0, 0.086315736
8910.0, 0.086282045
8920.0, 0.08624842
8930.0, 0.086214855
8940.0, 0.086181365
8950.0, 0.08614794
8960.0, 0.08611458
8970.0, 0.08608129
8980.0, 0.08604807
8990.0, 0.086014904
9000.0, 0.08598181
9010.0, 0.08594879
9020.0, 0.085915826
9030.0, 0.08588293
9040.0, 0.0858501
9050.0, 0.08581734
9060.0, 0.08578464
9070.0, 0.085752
9080.0, 0.08571944
9090.0, 0.08568694
9100.0, 0.0856545
9110.0, 0.085622124
9120.0, 0.08558982
9130.0, 0.08555757
9140.0, 0.08552539
9150.0, 0.08549328
9160.0, 0.08546123
9170.0, 0.085429244
9180.0, 0.08539732
9190.0, 0.08536546
9200.0, 0.08533367
9210.0, 0.085301936
9220.0, 0.08527026
9230.0, 0.08523866
9240.0, 0.08520712
9250.0, 0.08517564
9260.0, 0.08514422
9270.0, 0.08511287
9280.0, 0.08508158
9290.0, 0.08505035
9300.0, 0.085019186
9310.0, 0.08498808
9320.0, 0.08495704
9330.0, 0.08492606
9340.0, 0.08489514
9350.0, 0.08486429
9360.0, 0.084833495
9370.0, 0.08480276
9380.0, 0.084772095
9390.0, 0.08474148
9400.0, 0.08471093
9410.0, 0.084680445
9420.0, 0.08465002
9430.0, 0.084619656
9440.0, 0.08458935
9450.0, 0.084559105
9460.0, 0.08452892
9470.0, 0.08449879
9480.0, 0.08446873
9490.0, 0.08443873
9500.0, 0.08440878
9510.0, 0.0843789
9520.0, 0.08434907
9530.0, 0.084319316
9540.0, 0.08428961
9550.0, 0.084259965
9560.0, 0.08423038
9570.0, 0.084200844
9580.0, 0.08417138
9590.0, 0.08414197
9600.0, 0.08411262
9610.0, 0.084083326
9620.0, 0.08405409
9630.0, 0.08402492
9640.0, 0.083995804
9650.0, 0.08396674
9660.0, 0.08393774
9670.0, 0.0839088
9680.0, 0.08387992
9690.0, 0.083851084
9700.0, 0.08382232
9710.0, 0.0837936
9720.0, 0.08376495
9730.0, 0.08373635
9740.0, 0.08370782
9750.0, 0.08367933
9760.0, 0.0836509
9770.0, 0.08362254
9780.0, 0.08359422
9790.0, 0.083565965
9800.0, 0.083537765
9810.0, 0.083509624
9820.0, 0.083481535
9830.0, 0.083453506
9840.0, 0.08342553
9850.0, 0.08339761
9860.0, 0.08336975
9870.0, 0.083341934
9880.0, 0.08331419
9890.0, 0.08328649
9900.0, 0.083258845
9910.0, 0.08323126
9920.0, 0.083203726
9930.0, 0.083176255
9940.0, 0.08314883
9950.0, 0.08312146
9960.0, 0.08309416
9970.0, 0.083066896
9980.0, 0.08303969
9990.0, 0.08301254
10000.0, 0.08298545
10010.0, 0.08295841
10020.0, 0.08293142
10030.0, 0.082904495
10040.0, 0.08287761
10050.0, 0.08285079
10060.0, 0.08282402
10070.0, 0.082797304
10080.0, 0.08277064
10090.0, 0.082744025
10100.0, 0.08271747
10110.0, 0.08269096
10120.0, 0.08266451
10130.0, 0.082638115
10140.0, 0.08261177
10150.0, 0.08258548
10160.0, 0.082559235
10170.0, 0.08253305
10180.0, 0.08250691
10190.0, 0.082480825
10200.0, 0.08245479
10210.0, 0.08242881
10220.0, 0.082402885
10230.0, 0.08237701
10240.0, 0.082351185
10250.0, 0.082325414
10260.0, 0.082299694
10270.0, 0.08227402
10280.0, 0.082248405
10290.0, 0.082222834
10300.0, 0.08219732
10310.0, 0.08217186
10320.0, 0.08214644
10330.0, 0.082121074
10340.0, 0.082095765
10350.0, 0.0820705
10360.0, 0.08204529
10370.0, 0.08202013
10380.0, 0.08199502
10390.0, 0.081969954
10400.0, 0.08194494
10410.0, 0.08191998
10420.0, 0.08189507
10430.0, 0.08187021
10440.0, 0.081845395
10450.0, 0.08182064
10460.0, 0.08179592
10470.0, 0.08177126
10480.0, 0.081746645
10490.0, 0.08172208
10500.0, 0.08169757
10510.0, 0.0816731
10520.0, 0.08164868
10530.0, 0.081624314
10540.0, 0.08159999
10550.0, 0.08157572
10560.0, 0.0815515
10570.0, 0.08152732
10580.0, 0.0815032
10590.0, 0.08147912
10600.0, 0.08145509
10610.0, 0.081431106
10620.0, 0.08140717
10630.0, 0.08138328
10640.0, 0.081359446
10650.0, 0.08133565
10660.0, 0.08131191
10670.0, 0.08128821
10680.0, 0.08126456
10690.0, 0.08124096
10700.0, 0.08121741
10710.0, 0.0811939
10720.0, 0.08117044
10730.0, 0.08114702
10740.0, 0.08112366
10750.0, 0.08110034
10760.0, 0.08107706
10770.0, 0.08105384
10780.0, 0.08103066
10790.0, 0.081007525
10800.0, 0.080984436
10810.0, 0.08096139
10820.0, 0.0809384
10830.0, 0.08091544
10840.0, 0.08089254
10850.0, 0.08086968
10860.0, 0.08084687
10870.0, 0.08082411
10880.0, 0.08080138
10890.0, 0.0807787
10900.0, 0.080756076
10910.0, 0.08073349
10920.0, 0.08071095
10930.0, 0.080688454
10940.0, 0.080666006
10950.0, 0.080643594
10960.0, 0.080621235
10970.0, 0.08059892
10980.0, 0.08057665
10990.0, 0.08055442
11000.0, 0.08053224
11010.0, 0.0805101
11020.0, 0.080488004
11030.0, 0.08046596
11040.0, 0.08044395
11050.0, 0.080421984
11060.0, 0.08040007
11070.0, 0.0803782
11080.0, 0.08035637
11090.0, 0.080334574
11100.0, 0.08031283
11110.0, 0.08029114
11120.0, 0.08026948
11130.0, 0.080247864
11140.0, 0.080226295
11150.0, 0.08020476
11160.0, 0.08018328
11170.0, 0.08016184
11180.0, 0.08014044
11190.0, 0.08011909
11200.0, 0.08009777
11210.0, 0.0800765
11220.0, 0.080055274
11230.0, 0.08003409
11240.0, 0.08001295
11250.0, 0.07999185
11260.0, 0.079970784
11270.0, 0.07994977
11280.0, 0.07992879
11290.0, 0.079907864
11300.0, 0.07988697
11310.0, 0.07986612
11320.0, 0.07984532
11330.0, 0.07982455
11340.0, 0.079803824
11350.0, 0.07978314
11360.0, 0.079762496
11370.0, 0.079741895
11380.0, 0.07972134
11390.0, 0.07970082
11400.0, 0.079680346
11410.0, 0.07965991
11420.0, 0.07963951
11430.0, 0.079619154
11440.0, 0.079598844
11450.0, 0.07957857
11460.0, 0.079558335
11470.0, 0.079538144
11480.0, 0.07951799
11490.0, 0.07949788
11500.0, 0.07947781
11510.0, 0.079457775
11520.0, 0.079437785
11530.0, 0.07941783
11540.0, 0.07939792
11550.0, 0.079378046
11560.0, 0.07935821
11570.0, 0.079338424
11580.0, 0.07931867
11590.0, 0.07929896
11600.0, 0.07927928
11610.0, 0.07925965
11620.0, 0.079240054
11630.0, 0.079220496
11640.0, 0.079200976
11650.0, 0.0791815
11660.0, 0.07916206
11670.0, 0.07914266
11680.0, 0.079123296
11690.0, 0.07910397
11700.0, 0.07908469
11710.0, 0.07906544
11720.0, 0.079046234
11730.0, 0.079027064
11740.0, 0.07900793
11750.0, 0.07898884
11760.0, 0.078969784
11770.0, 0.07895077
11780.0, 0.078931786
11790.0, 0.07891285
11800.0, 0.078893945
11810.0, 0.07887508
11820.0, 0.07885625
11830.0, 0.07883746
11840.0, 0.07881871
11850.0, 0.07879999
11860.0, 0.07878132
11870.0, 0.07876268
11880.0, 0.078744076
11890.0, 0.07872551
11900.0, 0.07870698
11910.0, 0.07868849
11920.0, 0.07867003
11930.0, 0.078651614
11940.0, 0.078633234
11950.0, 0.07861489
11960.0, 0.078596584
11970.0, 0.078578316
11980.0, 0.07856008
11990.0, 0.07854188
12000.0, 0.07852372
12010.0, 0.07850559
12020.0, 0.0784875
12030.0, 0.07846945
12040.0, 0.07845143
12050.0, 0.078433454
12060.0, 0.078415506
12070.0, 0.078397594
12080.0, 0.07837973
12090.0, 0.078361884
12100.0, 0.078344084
12110.0, 0.078326315
12120.0, 0.07830859
12130.0, 0.078290895
12140.0, 0.07827323
12150.0, 0.07825561
12160.0, 0.07823802
12170.0, 0.078220464
12180.0, 0.07820294
12190.0, 0.078185454
12200.0, 0.078168005
12210.0, 0.07815059
12220.0, 0.07813321
12230.0, 0.078115866
12240.0, 0.07809856
12250.0, 0.07808128
12260.0, 0.07806404
12270.0, 0.078046836
12280.0, 0.07802966
12290.0, 0.07801252
12300.0, 0.07799542
12310.0, 0.07797835
12320.0, 0.07796131
12330.0, 0.07794431
12340.0, 0.07792734
12350.0, 0.07791041
12360.0, 0.07789351
12370.0, 0.07787664
12380.0, 0.07785981
12390.0, 0.07784301
12400.0, 0.07782625
12410.0, 0.07780951
12420.0, 0.077792816
12430.0, 0.07777615
12440.0, 0.07775952
12450.0, 0.07774292
12460.0, 0.07772636
12470.0, 0.077709824
12480.0, 0.07769332
12490.0, 0.077676855
12500.0, 0.07766042
12510.0, 0.07764402
12520.0, 0.07762765
12530.0, 0.07761132
12540.0, 0.07759502
12550.0, 0.077578746
12560.0, 0.07756251
12570.0, 0.077546306
12580.0, 0.07753013
12590.0, 0.07751399
12600.0, 0.077497885
12610.0, 0.07748181
12620.0, 0.077465765
12630.0, 0.077449754
12640.0, 0.07743377
12650.0, 0.07741783
12660.0, 0.077401906
12670.0, 0.07738602
12680.0, 0.077370174
12690.0, 0.07735435
12700.0, 0.07733856
12710.0, 0.0773228
12720.0, 0.07730708
12730.0, 0.077291384
12740.0, 0.07727572
12750.0, 0.07726009
12760.0, 0.07724449
12770.0, 0.07722892
12780.0, 0.077213384
12790.0, 0.07719787
12800.0, 0.0771824
12810.0, 0.07716695
12820.0, 0.07715154
12830.0, 0.07713615
12840.0, 0.0771208
12850.0, 0.07710548
12860.0, 0.07709019
12870.0, 0.07707492
12880.0, 0.07705969
12890.0, 0.077044494
12900.0, 0.077029325
12910.0, 0.077014185
12920.0, 0.076999076
12930.0, 0.076983996
12940.0, 0.076968946
12950.0, 0.076953925
12960.0, 0.076938935
12970.0, 0.07692398
12980.0, 0.07690905
12990.0, 0.07689415
13000.0, 0.07687928
13010.0, 0.07686444
13020.0, 0.07684963
13030.0, 0.07683485
13040.0, 0.0768201
13050.0, 0.076805376
13060.0, 0.07679068
13070.0, 0.07677602
13080.0, 0.07676139
13090.0, 0.076746784
13100.0, 0.07673221
13110.0, 0.07671766
13120.0, 0.076703146
13130.0, 0.076688655
13140.0, 0.0766742
13150.0, 0.07665977
13160.0, 0.07664537
13170.0, 0.076630995
13180.0, 0.07661665
13190.0, 0.07660234
13200.0, 0.07658805
13210.0, 0.07657379
13220.0, 0.076559566
13230.0, 0.07654536
13240.0, 0.07653119
13250.0, 0.076517045
13260.0, 0.07650293
13270.0, 0.07648884
13280.0, 0.07647478
13290.0, 0.07646075
13300.0, 0.07644674
13310.0, 0.07643277
13320.0, 0.076418824
13330.0, 0.0764049
13340.0, 0.07639101
13350.0, 0.076377146
13360.0, 0.07636331
13370.0, 0.0763495
13380.0, 0.07633572
13390.0, 0.07632197
13400.0, 0.076308236
13410.0, 0.07629454
13420.0, 0.07628087
13430.0, 0.07626722
13440.0, 0.07625361
13450.0, 0.07624002
13460.0, 0.07622645
13470.0, 0.07621292
13480.0, 0.07619941
13490.0, 0.07618593
13500.0, 0.07617247
13510.0, 0.076159045
13520.0, 0.07614565
13530.0, 0.076132275
13540.0, 0.07611892
13550.0, 0.0761056
13560.0, 0.07609231
13570.0, 0.07607904
13580.0, 0.0760658
13590.0, 0.076052584
13600.0, 0.076039396
13610.0, 0.07602624
13620.0, 0.0760131
13630.0, 0.07599999
13640.0, 0.07598691
13650.0, 0.07597385
13660.0, 0.07596082
13670.0, 0.07594781
13680.0, 0.075934835
13690.0, 0.075921886
13700.0, 0.07590896
13710.0, 0.075896055
13720.0, 0.07588318
13730.0, 0.07587033
13740.0, 0.075857505
13750.0, 0.07584471
13760.0, 0.075831935
13770.0, 0.07581919
13780.0, 0.07580647
13790.0, 0.07579377
13800.0, 0.0757811
13810.0, 0.075768456
13820.0, 0.075755835
13830.0, 0.075743236
13840.0, 0.07573067
13850.0, 0.07571812
13860.0, 0.0757056
13870.0, 0.07569311
13880.0, 0.075680636
13890.0, 0.07566819
13900.0, 0.07565577
13910.0, 0.075643376
13920.0, 0.07563101
13930.0, 0.07561866
13940.0, 0.07560634
13950.0, 0.075594045
13960.0, 0.075581774
13970.0, 0.075569525
13980.0, 0.0755573
13990.0, 0.0755451
14000.0, 0.07553293
14010.0, 0.075520776
14020.0, 0.075508654
14030.0, 0.075496554
14040.0, 0.07548448
14050.0, 0.07547242
14060.0, 0.0754604
14070.0, 0.07544839
14080.0, 0.075436406
14090.0, 0.07542445
14100.0, 0.07541252
14110.0, 0.075400606
14120.0, 0.07538872
14130.0, 0.07537686
14140.0, 0.07536502
14150.0, 0.075353205
14160.0, 0.07534142
14170.0, 0.07532965
14180.0, 0.075317904
14190.0, 0.075306185
14200.0, 0.07529449
14210.0, 0.07528282
14220.0, 0.07527117
14230.0, 0.07525954
14240.0, 0.075247936
14250.0, 0.07523636
14260.0, 0.075224794
14270.0, 0.07521326
14280.0, 0.07520175
14290.0, 0.07519026
14300.0, 0.0751788
14310.0, 0.07516736
14320.0, 0.075155936
14330.0, 0.07514454
14340.0, 0.07513317
14350.0, 0.07512181
14360.0, 0.07511049
14370.0, 0.07509918
14380.0, 0.0750879
14390.0, 0.07507664
14400.0, 0.0750654
14410.0, 0.07505418
14420.0, 0.07504299
14430.0, 0.07503182
14440.0, 0.07502067
14450.0, 0.07500955
14460.0, 0.07499844
14470.0, 0.07498736
14480.0, 0.074976295
14490.0, 0.07496526
14500.0, 0.07495424
14510.0, 0.07494325
14520.0, 0.07493228
14530.0, 0.07492133
14540.0, 0.0749104
14550.0, 0.074899495
14560.0, 0.07488861
14570.0, 0.07487775
14580.0, 0.074866906
14590.0, 0.07485609
14600.0, 0.07484529
14610.0, 0.07483452
14620.0, 0.07482376
14630.0, 0.07481303
14640.0, 0.07480232
14650.0, 0.074791625
14660.0, 0.074780956
14670.0, 0.07477031
14680.0, 0.074759685
14690.0, 0.07474908
14700.0, 0.074738495
14710.0, 0.07472793
14720.0, 0.074717395
14730.0, 0.074706875
14740.0, 0.07469637
14750.0, 0.074685894
14760.0, 0.07467543
14770.0, 0.074665
14780.0, 0.07465459
14790.0, 0.074644186
14800.0, 0.074633814
14810.0, 0.07462346
14820.0, 0.07461313
14830.0, 0.07460282
14840.0, 0.07459252
14850.0, 0.07458226
14860.0, 0.074572004
14870.0, 0.074561775
14880.0, 0.07455157
14890.0, 0.074541375
14900.0, 0.074531205
14910.0, 0.07452106
14920.0, 0.07451093
14930.0, 0.07450082
14940.0, 0.07449073
14950.0, 0.07448067
14960.0, 0.07447062
14970.0, 0.07446059
14980.0, 0.07445058
14990.0, 0.0744406
15000.0, 0.07443063
15010.0, 0.07442068
15020.0, 0.07441075
15030.0, 0.07440085
15040.0, 0.074390955
15050.0, 0.07438109
15060.0, 0.07437124
15070.0, 0.07436141
15080.0, 0.0743516
15090.0, 0.07434181
15100.0, 0.07433204
15110.0, 0.07432229
15120.0, 0.07431256
15130.0, 0.07430285
15140.0, 0.07429316
15150.0, 0.07428349
15160.0, 0.07427383
15170.0, 0.0742642
15180.0, 0.07425459
15190.0, 0.07424499
15200.0, 0.07423541
15210.0, 0.07422586
15220.0, 0.07421631
15230.0, 0.0742068
15240.0, 0.0741973
15250.0, 0.074187815
15260.0, 0.07417835
15270.0, 0.07416891
15280.0, 0.07415949
15290.0, 0.07415008
15300.0, 0.07414069
15310.0, 0.074131325
15320.0, 0.074121974
15330.0, 0.07411265
15340.0, 0.07410333
15350.0, 0.074094035
15360.0, 0.074084766
15370.0, 0.074075505
15380.0, 0.07406627
15390.0, 0.07405705
15400.0, 0.07404785
15410.0, 0.07403867
15420.0, 0.0740295
15430.0, 0.074020356
15440.0, 0.07401123
15450.0, 0.07400212
15460.0, 0.07399303
15470.0, 0.07398395
15480.0, 0.0739749
15490.0, 0.07396586
15500.0, 0.07395684
15510.0, 0.07394784
15520.0, 0.07393886
15530.0, 0.07392989
15540.0, 0.07392095
15550.0, 0.07391202
15560.0, 0.073903106
15570.0, 0.07389421
15580.0, 0.07388534
15590.0, 0.07387648
15600.0, 0.07386764
15610.0, 0.07385882
15620.0, 0.07385001
15630.0, 0.07384122
15640.0, 0.07383245
15650.0, 0.073823705
15660.0, 0.073814966
15670.0, 0.07380625
15680.0, 0.073797554
15690.0, 0.07378887
15700.0, 0.0737802
15710.0, 0.07377155
15720.0, 0.07376292
15730.0, 0.07375431
15740.0, 0.07374571
15750.0, 0.07373714
15760.0, 0.07372858
15770.0, 0.07372003
15780.0, 0.0737115
15790.0, 0.07370299
15800.0, 0.0736945
15810.0, 0.07368602
15820.0, 0.07367756
15830.0, 0.07366912
15840.0, 0.073660694
15850.0, 0.07365228
15860.0, 0.07364389
15870.0, 0.07363551
15880.0, 0.07362716
15890.0, 0.073618814
15900.0, 0.07361049
15910.0, 0.07360218
15920.0, 0.073593885
15930.0, 0.073585615
15940.0, 0.07357735
15950.0, 0.07356911
15960.0, 0.073560886
15970.0, 0.073552676
15980.0, 0.07354448
15990.0, 0.07353631
16000.0, 0.07352814
16010.0, 0.07352
16020.0, 0.07351187
16030.0, 0.07350376
16040.0, 0.07349566
16050.0, 0.07348759
16060.0, 0.07347952
16070.0, 0.07347147
16080.0, 0.07346344
16090.0, 0.07345543
16100.0, 0.07344743
16110.0, 0.07343945
16120.0, 0.07343148
16130.0, 0.07342353
16140.0, 0.07341559
16150.0, 0.07340767
16160.0, 0.07339977
16170.0, 0.073391885
16180.0, 0.07338401
16190.0, 0.07337616
16200.0, 0.07336831
16210.0, 0.07336049
16220.0, 0.07335268
16230.0, 0.07334489
16240.0, 0.07333711
16250.0, 0.073329344
16260.0, 0.073321596
16270.0, 0.07331386
16280.0, 0.07330615
16290.0, 0.07329845
16300.0, 0.073290765
16310.0, 0.07328309
16320.0, 0.07327544
16330.0, 0.073267795
16340.0, 0.07326017
16350.0, 0.073252566
16360.0, 0.073244974
16370.0, 0.0732374
16380.0, 0.07322983
16390.0, 0.07322228
16400.0, 0.07321475
16410.0, 0.07320723
16420.0, 0.07319973
16430.0, 0.07319224
16440.0, 0.073184766
16450.0, 0.07317731
16460.0, 0.073169865
16470.0, 0.07316244
16480.0, 0.07315502
16490.0, 0.073147625
16500.0, 0.07314024
16510.0, 0.07313287
16520.0, 0.07312552
16530.0, 0.07311817
16540.0, 0.07311085
16550.0, 0.07310354
16560.0, 0.073096246
16570.0, 0.07308897
16580.0, 0.073081695
16590.0, 0.073074445
16600.0, 0.0730672
16610.0, 0.07305998
16620.0, 0.07305277
16630.0, 0.07304558
16640.0, 0.0730384
16650.0, 0.07303123
16660.0, 0.07302408
16670.0, 0.07301694
16680.0, 0.07300982
16690.0, 0.07300271
16700.0, 0.07299562
16710.0, 0.07298854
16720.0, 0.07298147
16730.0, 0.07297442
16740.0, 0.07296738
16750.0, 0.07296036
16760.0, 0.07295335
16770.0, 0.072946355
16780.0, 0.07293937
16790.0, 0.0729324
16800.0, 0.07292545
16810.0, 0.07291851
16820.0, 0.07291158
16830.0, 0.07290467
16840.0, 0.07289777
16850.0, 0.072890885
16860.0, 0.072884016
16870.0, 0.07287716
16880.0, 0.072870314
16890.0, 0.07286348
16900.0, 0.072856665
16910.0, 0.07284986
16920.0, 0.072843075
16930.0, 0.0728363
16940.0, 0.07282954
16950.0, 0.07282279
16960.0, 0.07281606
16970.0, 0.07280933
16980.0, 0.072802626
16990.0, 0.07279593
17000.0, 0.07278925
17010.0, 0.07278258
17020.0, 0.07277593
17030.0, 0.072769284
17040.0, 0.07276266
17050.0, 0.072756045
17060.0, 0.07274944
17070.0, 0.07274285
17080.0, 0.07273628
17090.0, 0.072729714
17100.0, 0.072723165
17110.0, 0.07271663
17120.0, 0.072710104
17130.0, 0.0727036
17140.0, 0.0726971
17150.0, 0.07269061
17160.0, 0.07268415
17170.0, 0.07267769
17180.0, 0.07267124
17190.0, 0.07266481
17200.0, 0.07265839
17210.0, 0.07265198
17220.0, 0.07264559
17230.0, 0.07263921
17240.0, 0.07263284
17250.0, 0.07262649
17260.0, 0.072620146
17270.0, 0.07261381
17280.0, 0.072607495
17290.0, 0.07260119
17300.0, 0.072594896
17310.0, 0.07258862
17320.0, 0.07258235
17330.0, 0.0725761
17340.0, 0.072569855
17350.0, 0.072563626
17360.0, 0.07255741
17370.0, 0.072551206
17380.0, 0.072545014
17390.0, 0.07253883
17400.0, 0.07253266
17410.0, 0.07252651
17420.0, 0.07252037
17430.0, 0.072514236
17440.0, 0.07250812
17450.0, 0.07250201
17460.0, 0.072495915
17470.0, 0.072489835
17480.0, 0.07248376
17490.0, 0.072477706
17500.0, 0.07247166
17510.0, 0.07246563
17520.0, 0.07245961
17530.0, 0.072453596
17540.0, 0.0724476
17550.0, 0.072441615
17560.0, 0.07243564
17570.0, 0.07242968
17580.0, 0.07242373
17590.0, 0.072417796
17600.0, 0.072411865
17610.0, 0.07240595
17620.0, 0.07240005
17630.0, 0.07239416
17640.0, 0.072388284
17650.0, 0.07238241
17660.0, 0.07237656
17670.0, 0.072370715
17680.0, 0.07236488
17690.0, 0.07235906
17700.0, 0.07235326
17710.0, 0.07234746
17720.0, 0.07234167
17730.0, 0.0723359
17740.0, 0.07233014
17750.0, 0.07232439
17760.0, 0.07231865
17770.0, 0.07231292
17780.0, 0.07230721
17790.0, 0.0723015
17800.0, 0.07229581
17810.0, 0.07229012
17820.0, 0.07228445
17830.0, 0.07227879
17840.0, 0.07227314
17850.0, 0.07226751
17860.0, 0.072261885
17870.0, 0.07225627
17880.0, 0.072250664
17890.0, 0.07224508
17900.0, 0.072239496
17910.0, 0.07223392
17920.0, 0.072228365
17930.0, 0.072222814
17940.0, 0.07221728
17950.0, 0.07221176
17960.0, 0.072206244
17970.0, 0.07220074
17980.0, 0.07219525
17990.0, 0.07218976
18000.0, 0.072184294
18010.0, 0.07217883
18020.0, 0.07217339
18030.0, 0.07216795
18040.0, 0.072162524
18050.0, 0.07215711
18060.0, 0.072151706
18070.0, 0.07214631
18080.0, 0.072140925
18090.0, 0.07213555
18100.0, 0.07213019
18110.0, 0.07212484
18120.0, 0.0721195
18130.0, 0.07211417
18140.0, 0.07210885
18150.0, 0.07210354
18160.0, 0.07209824
18170.0, 0.07209296
18180.0, 0.07208768
18190.0, 0.072082415
18200.0, 0.072077155
18210.0, 0.07207191
18220.0, 0.07206668
18230.0, 0.07206145
18240.0, 0.07205624
18250.0, 0.07205103
18260.0, 0.07204584
18270.0, 0.07204066
18280.0, 0.072035484
18290.0, 0.07203033
18300.0, 0.07202517
18310.0, 0.07202003
18320.0, 0.0720149
18330.0, 0.07200978
18340.0, 0.07200467
18350.0, 0.07199957
18360.0, 0.071994476
18370.0, 0.0719894
18380.0, 0.07198433
18390.0, 0.07197927
18400.0, 0.07197422
18410.0, 0.07196918
18420.0, 0.07196415
18430.0, 0.07195913
18440.0, 0.07195412
18450.0, 0.071949124
18460.0, 0.07194413
18470.0, 0.071939155
18480.0, 0.071934186
18490.0, 0.071929224
18500.0, 0.07192428
18510.0, 0.07191934
18520.0, 0.071914405
18530.0, 0.07190949
18540.0, 0.07190458
18550.0, 0.071899675
18560.0, 0.07189479
18570.0, 0.07188991
18580.0, 0.071885034
18590.0, 0.07188017
18600.0, 0.07187532
18610.0, 0.071870476
18620.0, 0.07186565
18630.0, 0.07186082
18640.0, 0.07185601
18650.0, 0.07185121
18660.0, 0.07184641
18670.0, 0.07184163
18680.0, 0.07183685
18690.0, 0.07183209
18700.0, 0.07182733
18710.0, 0.07182258
18720.0, 0.07181785
18730.0, 0.07181312
18740.0, 0.071808405
18750.0, 0.0718037
18760.0, 0.071798995
18770.0, 0.07179431
18780.0, 0.07178963
18790.0, 0.07178496
18800.0, 0.071780294
18810.0, 0.071775645
18820.0, 0.071771
18830.0, 0.07176637
18840.0, 0.07176174
18850.0, 0.07175713
18860.0, 0.071752526
18870.0, 0.07174793
18880.0, 0.07174334
18890.0, 0.071738765
18900.0, 0.07173419
18910.0, 0.07172963
18920.0, 0.07172508
18930.0, 0.07172054
18940.0, 0.071716
18950.0, 0.07171148
18960.0, 0.071706966
18970.0, 0.071702465
18980.0, 0.071697965
18990.0, 0.07169348
19000.0, 0.071689
19010.0, 0.07168453
19020.0, 0.07168007
19030.0, 0.07167562
19040.0, 0.07167117
19050.0, 0.07166674
19060.0, 0.071662314
19070.0, 0.071657896
19080.0, 0.07165349
19090.0, 0.07164909
19100.0, 0.0716447
19110.0, 0.07164032
19120.0, 0.07163595
19130.0, 0.07163159
19140.0, 0.07162723
19150.0, 0.071622886
19160.0, 0.07161855
19170.0, 0.07161422
19180.0, 0.0716099
19190.0, 0.071605586
19200.0, 0.07160129
19210.0, 0.07159699
19220.0, 0.0715927
19230.0, 0.07158843
19240.0, 0.07158416
19250.0, 0.071579896
19260.0, 0.07157564
19270.0, 0.0715714
19280.0, 0.07156717
19290.0, 0.07156294
19300.0, 0.07155872
19310.0, 0.07155451
19320.0, 0.07155031
19330.0, 0.07154612
19340.0, 0.071541935
19350.0, 0.07153776
19360.0, 0.07153359
19370.0, 0.07152943
19380.0, 0.07152528
19390.0, 0.07152114
19400.0, 0.071517006
19410.0, 0.07151288
19420.0, 0.071508765
19430.0, 0.07150465
19440.0, 0.07150055
19450.0, 0.07149646
19460.0, 0.071492374
19470.0, 0.0714883
19480.0, 0.07148423
19490.0, 0.07148017
19500.0, 0.07147612
19510.0, 0.07147207
19520.0, 0.07146803
19530.0, 0.071464
19540.0, 0.071459986
19550.0, 0.07145597
19560.0, 0.07145197
19570.0, 0.071447976
19580.0, 0.07144398
19590.0, 0.071440004
19600.0, 0.07143603
19610.0, 0.07143207
19620.0, 0.07142811
19630.0, 0.071424164
19640.0, 0.07142022
19650.0, 0.07141629
19660.0, 0.07141236
19670.0, 0.07140845
19680.0, 0.07140454
19690.0, 0.071400635
19700.0, 0.071396746
19710.0, 0.07139286
19720.0, 0.07138898
19730.0, 0.07138511
19740.0, 0.07138125
19750.0, 0.0713774
19760.0, 0.071373545
19770.0, 0.07136971
19780.0, 0.07136588
19790.0, 0.07136205
19800.0, 0.07135823
19810.0, 0.07135443
19820.0, 0.07135063
19830.0, 0.071346834
19840.0, 0.07134304
19850.0, 0.071339265
19860.0, 0.071335495
19870.0, 0.07133173
19880.0, 0.07132798
19890.0, 0.07132423
19900.0, 0.07132049
19910.0, 0.07131676
19920.0, 0.07131303
19930.0, 0.071309306
19940.0, 0.071305595
19950.0, 0.07130189
19960.0, 0.0712982
19970.0, 0.07129451
19980.0, 0.07129083
19990.0, 0.071287155
20000.0, 0.07128349
20010.0, 0.071279824
20020.0, 0.07127617
20030.0, 0.07127253
20040.0, 0.071268894
20050.0, 0.071265265
20060.0, 0.07126164
20070.0, 0.07125802
20080.0, 0.07125442
20090.0, 0.07125081
20100.0, 0.07124722
20110.0, 0.07124363
20120.0, 0.07124005
20130.0, 0.07123648
20140.0, 0.071232915
20150.0, 0.07122935
20160.0, 0.07122581
20170.0, 0.07122226
20180.0, 0.07121872
20190.0, 0.07121519
20200.0, 0.07121167
20210.0, 0.07120816
20220.0, 0.07120465
20230.0, 0.071201146
20240.0, 0.07119765
20250.0, 0.07119416
20260.0, 0.07119068
20270.0, 0.071187206
20280.0, 0.07118374
20290.0, 0.07118028
20300.0, 0.07117683
20310.0, 0.07117338
20320.0, 0.07116994
20330.0, 0.07116651
20340.0, 0.07116308
20350.0, 0.07115966
20360.0, 0.07115625
20370.0, 0.07115284
20380.0, 0.071149446
20390.0, 0.071146056
20400.0, 0.071142666
20410.0, 0.07113929
20420.0, 0.07113592
20430.0, 0.071132556
20440.0, 0.071129195
20450.0, 0.07112584
20460.0, 0.071122505
20470.0, 0.07111917
20480.0, 0.07111583
20490.0, 0.071112506
20500.0, 0.07110919
20510.0, 0.07110588
20520.0, 0.071102574
20530.0, 0.071099274
20540.0, 0.07109599
20550.0, 0.0710927
20560.0, 0.071089424
20570.0, 0.07108615
20580.0, 0.07108288
20590.0, 0.07107963
20600.0, 0.07107637
20610.0, 0.07107313
20620.0, 0.07106989
20630.0, 0.071066655
20640.0, 0.07106343
20650.0, 0.07106021
20660.0, 0.071057
20670.0, 0.07105379
20680.0, 0.07105059
20690.0, 0.071047395
20700.0, 0.07104421
20710.0, 0.071041025
20720.0, 0.07103785
20730.0, 0.071034685
20740.0, 0.07103152
20750.0, 0.07102837
20760.0, 0.071025215
20770.0, 0.07102207
20780.0, 0.071018934
20790.0, 0.071015805
20800.0, 0.071012676
20810.0, 0.07100956
20820.0, 0.07100645
20830.0, 0.07100334
20840.0, 0.07100024
20850.0, 0.07099715
20860.0, 0.070994064
20870.0, 0.07099098
20880.0, 0.0709879
20890.0, 0.07098483
20900.0, 0.07098177
20910.0, 0.070978716
20920.0, 0.07097567
20930.0, 0.07097262
20940.0, 0.07096958
20950.0, 0.07096655
20960.0, 0.070963524
20970.0, 0.07096051
20980.0, 0.07095749
20990.0, 0.07095448
21000.0, 0.070951484
21010.0, 0.07094848
21020.0, 0.070945494
21030.0, 0.07094251
21040.0, 0.07093953
21050.0, 0.07093656
21060.0, 0.070933595
21070.0, 0.07093063
21080.0, 0.07092768
21090.0, 0.07092473
21100.0, 0.070921786
21110.0, 0.07091885
21120.0, 0.07091592
21130.0, 0.070912994
21140.0, 0.070910074
21150.0, 0.07090716
21160.0, 0.070904255
21170.0, 0.07090135
21180.0, 0.07089846
21190.0, 0.07089557
21200.0, 0.070892684
21210.0, 0.0708898
21220.0, 0.07088693
21230.0, 0.070884064
21240.0, 0.0708812
21250.0, 0.07087835
21260.0, 0.070875496
21270.0, 0.07087265
21280.0, 0.07086981
21290.0, 0.07086698
21300.0, 0.070864156
21310.0, 0.07086133
21320.0, 0.070858516
21330.0, 0.07085571
21340.0, 0.0708529
21350.0, 0.070850104
21360.0, 0.07084731
21370.0, 0.070844516
21380.0, 0.07084174
21390.0, 0.07083896
21400.0, 0.07083619
21410.0, 0.07083342
21420.0, 0.070830666
21430.0, 0.07082791
21440.0, 0.07082516
21450.0, 0.07082242
21460.0, 0.070819676
21470.0, 0.07081694
21480.0, 0.070814215
21490.0, 0.070811495
21500.0, 0.070808776
21510.0, 0.07080607
21520.0, 0.07080336
21530.0, 0.07080066
21540.0, 0.070797965
21550.0, 0.070795275
21560.0, 0.07079259
21570.0, 0.07078992
21580.0, 0.07078724
21590.0, 0.070784576
21600.0, 0.07078191
21610.0, 0.07077926
21620.0, 0.070776604
21630.0, 0.07077395
21640.0, 0.070771314
21650.0, 0.07076868
21660.0, 0.07076605
21670.0, 0.070763424
21680.0, 0.0707608
21690.0, 0.07075819
21700.0, 0.07075558
21710.0, 0.07075297
21720.0, 0.07075037
21730.0, 0.07074778
21740.0, 0.070745185
21750.0, 0.07074261
21760.0, 0.07074002
21770.0, 0.07073745
21780.0, 0.07073488
21790.0, 0.07073232
21800.0, 0.07072976
21810.0, 0.07072721
21820.0, 0.07072466
21830.0, 0.07072212
21840.0, 0.07071958
21850.0, 0.070717044
21860.0, 0.07071452
21870.0, 0.070712
21880.0, 0.07070948
21890.0, 0.07070696
21900.0, 0.07070446
21910.0, 0.07070196
21920.0, 0.07069946
21930.0, 0.070696965
21940.0, 0.07069448
21950.0, 0.070691995
21960.0, 0.07068952
21970.0, 0.07068705
21980.0, 0.070684575
21990.0, 0.070682116
22000.0, 0.07067966
22010.0, 0.070677206
22020.0, 0.070674755
22030.0, 0.07067231
22040.0, 0.070669875
22050.0, 0.07066744
22060.0, 0.07066501
22070.0, 0.07066259
22080.0, 0.07066017
22090.0, 0.07065775
22100.0, 0.070655346
22110.0, 0.07065294
22120.0, 0.07065054
22130.0, 0.07064815
22140.0, 0.07064576
22150.0, 0.07064337
22160.0, 0.07064099
22170.0, 0.07063861
22180.0, 0.07063624
22190.0, 0.07063388
22200.0, 0.07063152
22210.0, 0.07062916
22220.0, 0.07062681
22230.0, 0.07062446
22240.0, 0.07062212
22250.0, 0.07061978
22260.0, 0.070617445
22270.0, 0.07061512
22280.0, 0.070612796
22290.0, 0.07061047
22300.0, 0.07060816
22310.0, 0.07060585
22320.0, 0.07060354
22330.0, 0.07060124
22340.0, 0.070598945
22350.0, 0.07059666
22360.0, 0.07059437
22370.0, 0.07059208
22380.0, 0.0705898
22390.0, 0.07058753
22400.0, 0.070585266
22410.0, 0.070583
22420.0, 0.07058074
22430.0, 0.070578486
22440.0, 0.070576236
22450.0, 0.070573986
22460.0, 0.07057174
22470.0, 0.07056951
22480.0, 0.07056727
22490.0, 0.070565045
22500.0, 0.070562825
22510.0, 0.070560604
22520.0, 0.070558384
22530.0, 0.07055618
22540.0, 0.07055397
22550.0, 0.07055177
22560.0, 0.07054957
22570.0, 0.07054738
22580.0, 0.07054519
22590.0, 0.070543006
22600.0, 0.07054082
22610.0, 0.07053865
22620.0, 0.07053648
22630.0, 0.07053431
22640.0, 0.07053215
22650.0, 0.07052999
22660.0, 0.07052784
22670.0, 0.07052568
22680.0, 0.07052354
22690.0, 0.0705214
22700.0, 0.07051926
22710.0, 0.07051713
22720.0, 0.070515
22730.0, 0.070512876
22740.0, 0.07051076
22750.0, 0.070508644
22760.0, 0.070506535
22770.0, 0.07050443
22780.0, 0.07050232
22790.0, 0.070500225
22800.0, 0.07049813
22810.0, 0.07049604
22820.0, 0.07049395
22830.0, 0.07049187
22840.0, 0.070489794
22850.0, 0.070487715
22860.0, 0.07048565
22870.0, 0.07048358
22880.0, 0.070481524
22890.0, 0.07047947
22900.0, 0.07047741
22910.0, 0.07047536
22920.0, 0.07047332
22930.0, 0.07047128
22940.0, 0.07046924
22950.0, 0.07046721
22960.0, 0.07046518
22970.0, 0.07046316
22980.0, 0.07046113
22990.0, 0.07045912
23000.0, 0.07045711
23010.0, 0.0704551
23020.0, 0.07045309
23030.0, 0.070451096
23040.0, 0.0704491
23050.0, 0.0704471
23060.0, 0.07044511
23070.0, 0.07044313
23080.0, 0.07044115
23090.0, 0.070439175
23100.0, 0.0704372
23110.0, 0.07043523
23120.0, 0.07043327
23130.0, 0.07043131
23140.0, 0.070429355
23150.0, 0.070427395
23160.0, 0.07042545
23170.0, 0.070423506
23180.0, 0.07042156
23190.0, 0.070419624
23200.0, 0.070417695
23210.0, 0.070415765
23220.0, 0.070413835
23230.0, 0.07041191
23240.0, 0.07041
23250.0, 0.07040808
23260.0, 0.070406176
23270.0, 0.07040427
23280.0, 0.07040236
23290.0, 0.07040046
23300.0, 0.07039857
23310.0, 0.07039668
23320.0, 0.07039479
23330.0, 0.07039291
23340.0, 0.07039103
23350.0, 0.07038915
23360.0, 0.070387274
23370.0, 0.07038541
23380.0, 0.07038354
23390.0, 0.07038168
23400.0, 0.07037982
23410.0, 0.07037797
23420.0, 0.07037612
23430.0, 0.07037427
23440.0, 0.07037243
23450.0, 0.07037059
23460.0, 0.07036876
23470.0, 0.07036693
23480.0, 0.07036509
23490.0, 0.07036327
23500.0, 0.07036145
23510.0, 0.07035963
23520.0, 0.07035782
23530.0, 0.07035601
23540.0, 0.0703542
23550.0, 0.0703524
23560.0, 0.0703506
23570.0, 0.07034881
23580.0, 0.07034701
23590.0, 0.07034522
23600.0, 0.07034344
23610.0, 0.07034166
23620.0, 0.07033988
23630.0, 0.07033811
23640.0, 0.070336334
23650.0, 0.07033457
23660.0, 0.0703328
23670.0, 0.070331044
23680.0, 0.07032929
23690.0, 0.070327535
23700.0, 0.070325784
23710.0, 0.07032404
23720.0, 0.0703223
23730.0, 0.07032056
23740.0, 0.070318826
23750.0, 0.07031709
23760.0, 0.07031536
23770.0, 0.07031364
23780.0, 0.07031192
23790.0, 0.0703102
23800.0, 0.070308484
23810.0, 0.07030677
23820.0, 0.070305064
23830.0, 0.07030336
23840.0, 0.07030166
23850.0, 0.07029996
23860.0, 0.07029827
23870.0, 0.07029658
23880.0, 0.07029489
23890.0, 0.0702932
23900.0, 0.07029152
23910.0, 0.07028984
23920.0, 0.070288174
23930.0, 0.0702865
23940.0, 0.070284836
23950.0, 0.07028317
23960.0, 0.070281506
23970.0, 0.07027985
23980.0, 0.0702782
23990.0, 0.07027654
24000.0, 0.0702749
24010.0, 0.07027325
24020.0, 0.07027161
24030.0, 0.07026997
24040.0, 0.07026834
24050.0, 0.07026671
24060.0, 0.070265085
24070.0, 0.07026345
24080.0, 0.070261836
24090.0, 0.07026022
24100.0, 0.0702586
24110.0, 0.07025699
24120.0, 0.070255384
24130.0, 0.070253775
24140.0, 0.07025217
24150.0, 0.07025058
24160.0, 0.07024898
24170.0, 0.07024739
24180.0, 0.070245795
24190.0, 0.07024421
24200.0, 0.07024263
24210.0, 0.07024105
24220.0, 0.07023947
24230.0, 0.0702379
24240.0, 0.070236325
24250.0, 0.07023476
24260.0, 0.070233196
24270.0, 0.07023164
24280.0, 0.070230074
24290.0, 0.070228525
24300.0, 0.070226975
24310.0, 0.070225425
24320.0, 0.070223875
24330.0, 0.07022233
24340.0, 0.0702208
24350.0, 0.070219256
24360.0, 0.07021773
24370.0, 0.070216194
24380.0, 0.07021467
24390.0, 0.07021315
24400.0, 0.07021163
24410.0, 0.07021011
24420.0, 0.070208594
24430.0, 0.07020708
24440.0, 0.07020557
24450.0, 0.070204064
24460.0, 0.07020256
24470.0, 0.07020106
24480.0, 0.070199564
24490.0, 0.070198074
24500.0, 0.070196584
24510.0, 0.070195094
24520.0, 0.07019361
24530.0, 0.07019213
24540.0, 0.070190646
24550.0, 0.07018917
24560.0, 0.070187695
24570.0, 0.07018623
24580.0, 0.07018476
24590.0, 0.0701833
24600.0, 0.07018184
24610.0, 0.07018038
24620.0, 0.07017892
24630.0, 0.07017747
24640.0, 0.07017602
24650.0, 0.070174575
24660.0, 0.07017313
24670.0, 0.07017169
24680.0, 0.07017025
24690.0, 0.070168816
24700.0, 0.070167385
24710.0, 0.070165955
24720.0, 0.070164524
24730.0, 0.0701631
24740.0, 0.070161685
24750.0, 0.07016026
24760.0, 0.07015885
24770.0, 0.07015744
24780.0, 0.07015602
24790.0, 0.07015462
24800.0, 0.070153214
24810.0, 0.07015181
24820.0, 0.07015041
24830.0, 0.07014902
24840.0, 0.070147626
24850.0, 0.07014624
24860.0, 0.07014485
24870.0, 0.07014347
24880.0, 0.07014208
24890.0, 0.070140705
24900.0, 0.070139326
24910.0, 0.070137955
24920.0, 0.070136584
24930.0, 0.07013521
24940.0, 0.07013385
24950.0, 0.07013249
24960.0, 0.07013113
24970.0, 0.070129775
24980.0, 0.07012842
24990.0, 0.07012707
25000.0, 0.070125714
25010.0, 0.07012437
25020.0, 0.070123024
25030.0, 0.07012168
25040.0, 0.07012035
25050.0, 0.070119016
25060.0, 0.07011768
25070.0, 0.07011635
25080.0, 0.07011502
25090.0, 0.070113696
25100.0, 0.07011238
25110.0, 0.07011106
25120.0, 0.07010974
25130.0, 0.07010842
25140.0, 0.07010711
25150.0, 0.070105806
25160.0, 0.070104495
25170.0, 0.07010319
25180.0, 0.070101894
25190.0, 0.07010059
25200.0, 0.070099294
25210.0, 0.070098005
25220.0, 0.07009672
25230.0, 0.07009543
25240.0, 0.07009414
25250.0, 0.07009286
25260.0, 0.070091575
25270.0, 0.070090294
25280.0, 0.07008902
25290.0, 0.070087746
25300.0, 0.07008648
25310.0, 0.07008521
25320.0, 0.070083946
25330.0, 0.07008268
25340.0, 0.07008142
25350.0, 0.07008017
25360.0, 0.07007891
25370.0, 0.07007766
25380.0, 0.070076406
25390.0, 0.07007516
25400.0, 0.07007391
25410.0, 0.07007267
25420.0, 0.07007143
25430.0, 0.07007019
25440.0, 0.070068955
25450.0, 0.070067726
25460.0, 0.0700665
25470.0, 0.07006527
25480.0, 0.07006404
25490.0, 0.070062816
25500.0, 0.070061594
25510.0, 0.07006038
25520.0, 0.070059165
25530.0, 0.07005795
25540.0, 0.07005674
25550.0, 0.07005553
25560.0, 0.07005432
25570.0, 0.07005312
25580.0, 0.07005192
25590.0, 0.070050724
25600.0, 0.070049524
25610.0, 0.07004833
25620.0, 0.07004714
25630.0, 0.07004595
25640.0, 0.07004476
25650.0, 0.07004358
25660.0, 0.070042394
25670.0, 0.07004122
25680.0, 0.07004004
25690.0, 0.07003886
25700.0, 0.07003769
25710.0, 0.07003652
25720.0, 0.07003535
25730.0, 0.07003419
25740.0, 0.07003302
25750.0, 0.07003187
25760.0, 0.070030704
25770.0, 0.07002955
25780.0, 0.070028394
25790.0, 0.07002724
25800.0, 0.07002609
25810.0, 0.070024945
25820.0, 0.0700238
25830.0, 0.07002266
25840.0, 0.07002152
25850.0, 0.07002038
25860.0, 0.070019245
25870.0, 0.07001811
25880.0, 0.07001698
25890.0, 0.07001585
25900.0, 0.07001472
25910.0, 0.0700136
25920.0, 0.07001248
25930.0, 0.070011355
25940.0, 0.07001024
25950.0, 0.07000912
25960.0, 0.07000801
25970.0, 0.0700069
25980.0, 0.07000579
25990.0, 0.07000469
26000.0, 0.07000358
26010.0, 0.070002474
26020.0, 0.07000138
26030.0, 0.070000276
26040.0, 0.06999918
26050.0, 0.06999809
26060.0, 0.069997
26070.0, 0.06999591
26080.0, 0.06999482
26090.0, 0.06999374
26100.0, 0.069992654
26110.0, 0.06999157
26120.0, 0.0699905
26130.0, 0.06998942
26140.0, 0.06998835
26150.0, 0.069987275
26160.0, 0.06998621
26170.0, 0.06998514
26180.0, 0.06998407
26190.0, 0.06998301
26200.0, 0.06998195
26210.0, 0.06998089
26220.0, 0.06997983
26230.0, 0.06997878
26240.0, 0.06997772
26250.0, 0.06997667
26260.0, 0.06997563
26270.0, 0.06997458
26280.0, 0.069973536
26290.0, 0.06997249
26300.0, 0.06997145
26310.0, 0.069970414
26320.0, 0.06996938
26330.0, 0.06996834
26340.0, 0.069967315
26350.0, 0.06996629
26360.0, 0.06996526
26370.0, 0.06996423
26380.0, 0.06996321
26390.0, 0.06996219
26400.0, 0.06996117
26410.0, 0.06996015
26420.0, 0.069959134
26430.0, 0.06995812
26440.0, 0.06995711
26450.0, 0.0699561
26460.0, 0.06995509
26470.0, 0.06995409
26480.0, 0.069953084
26490.0, 0.06995208
26500.0, 0.06995108
26510.0, 0.06995008
26520.0, 0.06994909
26530.0, 0.0699481
26540.0, 0.0699471
26550.0, 0.06994612
26560.0, 0.06994513
26570.0, 0.06994414
26580.0, 0.06994316
26590.0, 0.06994218
26600.0, 0.0699412
26610.0, 0.069940224
26620.0, 0.06993925
26630.0, 0.06993827
26640.0, 0.069937296
26650.0, 0.06993633
26660.0, 0.06993536
26670.0, 0.0699344
26680.0, 0.06993343
26690.0, 0.06993247
26700.0, 0.06993151
26710.0, 0.06993055
26720.0, 0.06992959
26730.0, 0.06992864
26740.0, 0.069927685
26750.0, 0.06992674
26760.0, 0.06992579
26770.0, 0.06992484
26780.0, 0.0699239
26790.0, 0.069922954
26800.0, 0.069922015
26810.0, 0.06992108
26820.0, 0.06992014
26830.0, 0.0699192
26840.0, 0.06991827
26850.0, 0.069917336
26860.0, 0.069916405
26870.0, 0.06991548
26880.0, 0.06991455
26890.0, 0.069913626
26900.0, 0.0699127
26910.0, 0.069911785
26920.0, 0.06991087
26930.0, 0.069909945
26940.0, 0.069909036
26950.0, 0.06990812
26960.0, 0.06990721
26970.0, 0.0699063
26980.0, 0.06990539
26990.0, 0.069904484
27000.0, 0.06990358
27010.0, 0.06990268
27020.0, 0.06990178
27030.0, 0.06990088
27040.0, 0.06989998
27050.0, 0.06989909
27060.0, 0.069898196
27070.0, 0.0698973
27080.0, 0.069896415
27090.0, 0.06989552
27100.0, 0.069894634
27110.0, 0.069893755
27120.0, 0.06989287
27130.0, 0.06989199
27140.0, 0.06989111
27150.0, 0.06989023
27160.0, 0.06988936
27170.0, 0.06988848
27180.0, 0.06988761
27190.0, 0.06988674
27200.0, 0.06988587
27210.0, 0.069885
27220.0, 0.06988414
27230.0, 0.06988327
27240.0, 0.069882415
27250.0, 0.06988155
27260.0, 0.069880694
27270.0, 0.06987984
27280.0, 0.06987898
27290.0, 0.06987813
27300.0, 0.06987728
27310.0, 0.069876425
27320.0, 0.06987558
27330.0, 0.06987473
27340.0, 0.06987389
27350.0, 0.06987304
27360.0, 0.06987221
27370.0, 0.069871366
27380.0, 0.069870524
27390.0, 0.06986969
27400.0, 0.069868855
27410.0, 0.06986802
27420.0, 0.06986719
27430.0, 0.06986636
27440.0, 0.06986553
27450.0, 0.069864705
27460.0, 0.069863886
27470.0, 0.06986306
27480.0, 0.06986224
27490.0, 0.06986142
27500.0, 0.0698606
27510.0, 0.06985978
27520.0, 0.06985897
27530.0, 0.069858156
27540.0, 0.069857344
27550.0, 0.06985653
27560.0, 0.06985573
27570.0, 0.069854915
27580.0, 0.06985411
27590.0, 0.06985331
27600.0, 0.06985251
27610.0, 0.069851704
27620.0, 0.06985091
27630.0, 0.06985011
27640.0, 0.06984931
27650.0, 0.06984852
27660.0, 0.06984773
27670.0, 0.069846936
27680.0, 0.069846146
27690.0, 0.06984536
27700.0, 0.069844574
27710.0, 0.06984379
27720.0, 0.06984301
27730.0, 0.06984223
27740.0, 0.069841444
27750.0, 0.06984067
27760.0, 0.069839895
27770.0, 0.06983912
27780.0, 0.069838345
27790.0, 0.06983757
27800.0, 0.0698368
27810.0, 0.06983603
27820.0, 0.06983526
27830.0, 0.0698345
27840.0, 0.06983373
27850.0, 0.06983297
27860.0, 0.06983221
27870.0, 0.06983145
27880.0, 0.06983069
27890.0, 0.06982993
27900.0, 0.06982918
27910.0, 0.06982843
27920.0, 0.069827676
27930.0, 0.06982692
27940.0, 0.06982617
27950.0, 0.069825426
27960.0, 0.06982468
27970.0, 0.069823936
27980.0, 0.06982319
27990.0, 0.06982245
28000.0, 0.06982171
28010.0, 0.06982097
28020.0, 0.06982023
28030.0, 0.069819495
28040.0, 0.069818765
28050.0, 0.06981803
28060.0, 0.0698173
28070.0, 0.06981657
28080.0, 0.06981584
28090.0, 0.069815114
28100.0, 0.069814384
28110.0, 0.06981366
28120.0, 0.06981294
28130.0, 0.069812216
28140.0, 0.0698115
28150.0, 0.06981078
28160.0, 0.06981006
28170.0, 0.06980935
28180.0, 0.06980863
28190.0, 0.069807924
28200.0, 0.06980721
28210.0, 0.0698065
28220.0, 0.06980579
28230.0, 0.069805086
28240.0, 0.06980438
28250.0, 0.06980368
28260.0, 0.06980297
28270.0, 0.06980227
28280.0, 0.06980157
28290.0, 0.06980087
28300.0, 0.069800176
28310.0, 0.069799475
28320.0, 0.06979878
28330.0, 0.06979809
28340.0, 0.0697974
28350.0, 0.06979671
28360.0, 0.06979602
28370.0, 0.06979533
28380.0, 0.06979465
28390.0, 0.06979396
28400.0, 0.06979328
28410.0, 0.0697926
28420.0, 0.06979191
28430.0, 0.069791235
28440.0, 0.06979056
28450.0, 0.06978988
28460.0, 0.06978921
28470.0, 0.06978853
28480.0, 0.06978786
28490.0, 0.06978719
28500.0, 0.06978652
28510.0, 0.06978585
28520.0, 0.069785185
28530.0, 0.069784515
28540.0, 0.06978385
28550.0, 0.06978319
28560.0, 0.069782525
28570.0, 0.06978187
28580.0, 0.06978121
28590.0, 0.06978055
28600.0, 0.069779895
28610.0, 0.06977924
28620.0, 0.069778584
28630.0, 0.06977793
28640.0, 0.06977728
28650.0, 0.06977663
28660.0, 0.06977598
28670.0, 0.069775335
28680.0, 0.06977469
28690.0, 0.06977405
28700.0, 0.0697734
28710.0, 0.06977276
28720.0, 0.06977212
28730.0, 0.069771476
28740.0, 0.069770835
28750.0, 0.0697702
28760.0, 0.06976956
28770.0, 0.06976893
28780.0, 0.069768295
28790.0, 0.06976766
28800.0, 0.069767036
28810.0, 0.0697664
28820.0, 0.06976578
28830.0, 0.06976515
28840.0, 0.069764525
28850.0, 0.0697639
28860.0, 0.06976327
28870.0, 0.069762655
28880.0, 0.06976203
28890.0, 0.06976141
28900.0, 0.06976079
28910.0, 0.06976017
28920.0, 0.06975956
28930.0, 0.069758944
28940.0, 0.06975833
28950.0, 0.06975772
28960.0, 0.06975711
28970.0, 0.0697565
28980.0, 0.06975589
28990.0, 0.069755286
29000.0, 0.069754675
29010.0, 0.06975407
29020.0, 0.06975347
29030.0, 0.069752865
29040.0, 0.06975227
29050.0, 0.069751665
29060.0, 0.06975107
29070.0, 0.06975047
29080.0, 0.06974987
29090.0, 0.06974928
29100.0, 0.069748685
29110.0, 0.06974809
29120.0, 0.0697475
29130.0, 0.06974691
29140.0, 0.069746315
29150.0, 0.06974573
29160.0, 0.069745146
29170.0, 0.06974456
29180.0, 0.069743976
29190.0, 0.06974339
29200.0, 0.069742806
29210.0, 0.069742225
29220.0, 0.069741644
29230.0, 0.06974107
29240.0, 0.06974049
29250.0, 0.069739915
29260.0, 0.069739334
29270.0, 0.06973876
29280.0, 0.06973819
29290.0, 0.06973762
29300.0, 0.06973705
29310.0, 0.06973648
29320.0, 0.06973591
29330.0, 0.06973534
29340.0, 0.069734775
29350.0, 0.06973421
29360.0, 0.06973365
29370.0, 0.06973308
29380.0, 0.069732524
29390.0, 0.06973196
29400.0, 0.0697314
29410.0, 0.06973084
29420.0, 0.06973029
29430.0, 0.06972973
29440.0, 0.06972917
29450.0, 0.06972862
29460.0, 0.06972807
29470.0, 0.06972752
29480.0, 0.06972697
29490.0, 0.069726415
29500.0, 0.06972586
29510.0, 0.06972532
29520.0, 0.069724776
29530.0, 0.06972423
29540.0, 0.06972369
29550.0, 0.069723144
29560.0, 0.0697226
29570.0, 0.06972206
29580.0, 0.06972152
29590.0, 0.06972098
29600.0, 0.06972044
29610.0, 0.0697199
29620.0, 0.069719374
29630.0, 0.06971884
29640.0, 0.0697183
29650.0, 0.06971777
29660.0, 0.06971724
29670.0, 0.06971671
29680.0, 0.06971618
29690.0, 0.06971566
29700.0, 0.06971513
29710.0, 0.0697146
29720.0, 0.06971408
29730.0, 0.06971355
29740.0, 0.06971303
29750.0, 0.069712505
29760.0, 0.06971198
29770.0, 0.06971147
29780.0, 0.06971095
29790.0, 0.06971043
29800.0, 0.06970991
29810.0, 0.0697094
29820.0, 0.069708884
29830.0, 0.06970837
29840.0, 0.069707856
29850.0, 0.06970735
29860.0, 0.069706835
29870.0, 0.06970633
29880.0, 0.06970582
29890.0, 0.069705315
29900.0, 0.06970481
29910.0, 0.0697043
29920.0, 0.069703795
29930.0, 0.069703296
29940.0, 0.06970279
29950.0, 0.06970229
29960.0, 0.06970179
29970.0, 0.06970129
29980.0, 0.06970079
29990.0, 0.06970029
30000.0, 0.0696998
