Energy (in eV), backscattering yield of material alox-reduced-PEY at incidence 0.0 degree
   X,       Y
0.0, 0.0
10.0, 0.0
20.0, 0.0
30.0, 0.0
40.0, 0.0
50.0, 0.0
60.0, 0.014364754
70.0, 0.026487797
80.0, 0.03696876
90.0, 0.046194557
100.0, 0.054429512
110.0, 0.061862223
120.0, 0.068632
130.0, 0.07484469
140.0, 0.08058262
150.0, 0.085911065
160.0, 0.09088267
170.0, 0.09554052
180.0, 0.09992032
190.0, 0.104051985
200.0, 0.10796085
210.0, 0.11166853
220.0, 0.11519366
230.0, 0.11855234
240.0, 0.12175869
250.0, 0.12482507
260.0, 0.12776235
270.0, 0.13058026
280.0, 0.13328739
290.0, 0.1358915
300.0, 0.13839948
310.0, 0.14081764
320.0, 0.14315163
330.0, 0.14540657
340.0, 0.14758721
350.0, 0.14969774
360.0, 0.15174216
370.0, 0.15372403
380.0, 0.15564665
390.0, 0.15751313
400.0, 0.15932626
410.0, 0.16108865
420.0, 0.16280274
430.0, 0.1644708
440.0, 0.16609493
450.0, 0.16767707
460.0, 0.16921908
470.0, 0.17072265
480.0, 0.17218943
490.0, 0.17362091
500.0, 0.1750185
510.0, 0.17638353
520.0, 0.17771727
530.0, 0.17902093
540.0, 0.18029557
550.0, 0.18154232
560.0, 0.18276215
570.0, 0.18395598
580.0, 0.18512478
590.0, 0.18626933
600.0, 0.18739049
610.0, 0.18848903
620.0, 0.18956566
630.0, 0.19062112
640.0, 0.19165602
650.0, 0.19267103
660.0, 0.19366677
670.0, 0.1946438
680.0, 0.19560267
690.0, 0.19654395
700.0, 0.19746812
710.0, 0.19837561
720.0, 0.199267
730.0, 0.20014267
740.0, 0.20100306
750.0, 0.20184855
760.0, 0.20267957
770.0, 0.20349653
780.0, 0.20429975
790.0, 0.20508958
800.0, 0.20586641
810.0, 0.20663051
820.0, 0.20738219
830.0, 0.20812182
840.0, 0.20884962
850.0, 0.20956591
860.0, 0.21027097
870.0, 0.21096504
880.0, 0.21164839
890.0, 0.21232122
900.0, 0.21298385
910.0, 0.21363644
920.0, 0.21427926
930.0, 0.21491249
940.0, 0.21553634
950.0, 0.21615103
960.0, 0.21675676
970.0, 0.2173537
980.0, 0.21794206
990.0, 0.21852197
1000.0, 0.21909365
1010.0, 0.21893007
1020.0, 0.21876681
1030.0, 0.21860388
1040.0, 0.21844128
1050.0, 0.21827899
1060.0, 0.21811704
1070.0, 0.21795541
1080.0, 0.2177941
1090.0, 0.21763311
1100.0, 0.21747245
1110.0, 0.21731211
1120.0, 0.21715209
1130.0, 0.21699238
1140.0, 0.216833
1150.0, 0.21667393
1160.0, 0.21651518
1170.0, 0.21635675
1180.0, 0.21619864
1190.0, 0.21604083
1200.0, 0.21588336
1210.0, 0.21572618
1220.0, 0.21556933
1230.0, 0.2154128
1240.0, 0.21525657
1250.0, 0.21510065
1260.0, 0.21494505
1270.0, 0.21478975
1280.0, 0.21463476
1290.0, 0.21448009
1300.0, 0.21432573
1310.0, 0.21417168
1320.0, 0.21401793
1330.0, 0.21386449
1340.0, 0.21371135
1350.0, 0.21355852
1360.0, 0.213406
1370.0, 0.21325378
1380.0, 0.21310186
1390.0, 0.21295026
1400.0, 0.21279894
1410.0, 0.21264794
1420.0, 0.21249723
1430.0, 0.21234684
1440.0, 0.21219672
1450.0, 0.21204692
1460.0, 0.21189742
1470.0, 0.21174821
1480.0, 0.21159932
1490.0, 0.21145071
1500.0, 0.2113024
1510.0, 0.21115437
1520.0, 0.21100666
1530.0, 0.21085924
1540.0, 0.2107121
1550.0, 0.21056527
1560.0, 0.21041872
1570.0, 0.21027248
1580.0, 0.21012652
1590.0, 0.20998085
1600.0, 0.20983547
1610.0, 0.20969039
1620.0, 0.2095456
1630.0, 0.20940109
1640.0, 0.20925687
1650.0, 0.20911294
1660.0, 0.20896931
1670.0, 0.20882595
1680.0, 0.20868288
1690.0, 0.2085401
1700.0, 0.2083976
1710.0, 0.2082554
1720.0, 0.20811346
1730.0, 0.20797183
1740.0, 0.20783046
1750.0, 0.20768937
1760.0, 0.20754859
1770.0, 0.20740807
1780.0, 0.20726784
1790.0, 0.20712788
1800.0, 0.2069882
1810.0, 0.2068488
1820.0, 0.20670968
1830.0, 0.20657085
1840.0, 0.20643228
1850.0, 0.206294
1860.0, 0.206156
1870.0, 0.20601825
1880.0, 0.2058808
1890.0, 0.20574363
1900.0, 0.20560671
1910.0, 0.20547007
1920.0, 0.20533371
1930.0, 0.20519762
1940.0, 0.20506181
1950.0, 0.20492625
1960.0, 0.20479098
1970.0, 0.20465598
1980.0, 0.20452124
1990.0, 0.20438677
2000.0, 0.20425257
2010.0, 0.20411864
2020.0, 0.20398498
2030.0, 0.20385158
2040.0, 0.20371845
2050.0, 0.2035856
2060.0, 0.203453
2070.0, 0.20332067
2080.0, 0.2031886
2090.0, 0.2030568
2100.0, 0.20292525
2110.0, 0.20279397
2120.0, 0.20266296
2130.0, 0.2025322
2140.0, 0.20240171
2150.0, 0.20227148
2160.0, 0.20214151
2170.0, 0.2020118
2180.0, 0.20188235
2190.0, 0.20175315
2200.0, 0.20162421
2210.0, 0.20149553
2220.0, 0.20136711
2230.0, 0.20123895
2240.0, 0.20111103
2250.0, 0.20098339
2260.0, 0.20085599
2270.0, 0.20072885
2280.0, 0.20060195
2290.0, 0.20047532
2300.0, 0.20034893
2310.0, 0.2002228
2320.0, 0.20009692
2330.0, 0.1999713
2340.0, 0.19984592
2350.0, 0.1997208
2360.0, 0.19959593
2370.0, 0.1994713
2380.0, 0.19934691
2390.0, 0.19922279
2400.0, 0.19909891
2410.0, 0.19897528
2420.0, 0.19885188
2430.0, 0.19872876
2440.0, 0.19860585
2450.0, 0.19848321
2460.0, 0.1983608
2470.0, 0.19823866
2480.0, 0.19811673
2490.0, 0.19799507
2500.0, 0.19787364
2510.0, 0.19775245
2520.0, 0.19763151
2530.0, 0.19751081
2540.0, 0.19739035
2550.0, 0.19727013
2560.0, 0.19715016
2570.0, 0.19703041
2580.0, 0.1969109
2590.0, 0.19679165
2600.0, 0.19667262
2610.0, 0.19655384
2620.0, 0.19643529
2630.0, 0.19631699
2640.0, 0.19619891
2650.0, 0.19608107
2660.0, 0.19596346
2670.0, 0.1958461
2680.0, 0.19572896
2690.0, 0.19561206
2700.0, 0.1954954
2710.0, 0.19537896
2720.0, 0.19526276
2730.0, 0.1951468
2740.0, 0.19503106
2750.0, 0.19491555
2760.0, 0.19480027
2770.0, 0.19468524
2780.0, 0.19457042
2790.0, 0.19445583
2800.0, 0.19434148
2810.0, 0.19422735
2820.0, 0.19411345
2830.0, 0.19399978
2840.0, 0.19388634
2850.0, 0.19377312
2860.0, 0.19366013
2870.0, 0.19354735
2880.0, 0.19343482
2890.0, 0.1933225
2900.0, 0.19321041
2910.0, 0.19309855
2920.0, 0.19298689
2930.0, 0.19287547
2940.0, 0.19276428
2950.0, 0.1926533
2960.0, 0.19254254
2970.0, 0.19243202
2980.0, 0.1923217
2990.0, 0.19221161
3000.0, 0.19210173
3010.0, 0.19199207
3020.0, 0.19188266
3030.0, 0.19177343
3040.0, 0.19166444
3050.0, 0.19155566
3060.0, 0.1914471
3070.0, 0.19133875
3080.0, 0.19123062
3090.0, 0.19112271
3100.0, 0.19101502
3110.0, 0.19090754
3120.0, 0.19080026
3130.0, 0.19069321
3140.0, 0.19058637
3150.0, 0.19047976
3160.0, 0.19037333
3170.0, 0.19026715
3180.0, 0.19016115
3190.0, 0.19005537
3200.0, 0.18994981
3210.0, 0.18984446
3220.0, 0.18973932
3230.0, 0.18963438
3240.0, 0.18952966
3250.0, 0.18942514
3260.0, 0.18932085
3270.0, 0.18921675
3280.0, 0.18911286
3290.0, 0.18900917
3300.0, 0.1889057
3310.0, 0.18880244
3320.0, 0.18869938
3330.0, 0.18859652
3340.0, 0.18849388
3350.0, 0.18839143
3360.0, 0.1882892
3370.0, 0.18818715
3380.0, 0.18808532
3390.0, 0.18798369
3400.0, 0.18788227
3410.0, 0.18778105
3420.0, 0.18768002
3430.0, 0.18757921
3440.0, 0.18747859
3450.0, 0.18737818
3460.0, 0.18727796
3470.0, 0.18717794
3480.0, 0.18707813
3490.0, 0.18697852
3500.0, 0.1868791
3510.0, 0.18677989
3520.0, 0.18668087
3530.0, 0.18658204
3540.0, 0.18648341
3550.0, 0.18638499
3560.0, 0.18628676
3570.0, 0.18618873
3580.0, 0.18609089
3590.0, 0.18599324
3600.0, 0.1858958
3610.0, 0.18579854
3620.0, 0.18570149
3630.0, 0.18560462
3640.0, 0.18550795
3650.0, 0.18541147
3660.0, 0.18531518
3670.0, 0.1852191
3680.0, 0.18512319
3690.0, 0.18502748
3700.0, 0.18493196
3710.0, 0.18483664
3720.0, 0.1847415
3730.0, 0.18464655
3740.0, 0.18455179
3750.0, 0.18445723
3760.0, 0.18436284
3770.0, 0.18426865
3780.0, 0.18417466
3790.0, 0.18408084
3800.0, 0.18398722
3810.0, 0.18389377
3820.0, 0.18380052
3830.0, 0.18370746
3840.0, 0.18361457
3850.0, 0.18352188
3860.0, 0.18342936
3870.0, 0.18333705
3880.0, 0.1832449
3890.0, 0.18315294
3900.0, 0.18306117
3910.0, 0.18296959
3920.0, 0.18287818
3930.0, 0.18278696
3940.0, 0.18269591
3950.0, 0.18260504
3960.0, 0.18251437
3970.0, 0.18242387
3980.0, 0.18233356
3990.0, 0.18224342
4000.0, 0.18215346
4010.0, 0.18206368
4020.0, 0.1819741
4030.0, 0.18188468
4040.0, 0.18179543
4050.0, 0.18170638
4060.0, 0.1816175
4070.0, 0.18152879
4080.0, 0.18144026
4090.0, 0.18135192
4100.0, 0.18126373
4110.0, 0.18117574
4120.0, 0.18108791
4130.0, 0.18100026
4140.0, 0.1809128
4150.0, 0.1808255
4160.0, 0.18073837
4170.0, 0.18065143
4180.0, 0.18056466
4190.0, 0.18047805
4200.0, 0.18039162
4210.0, 0.18030536
4220.0, 0.18021928
4230.0, 0.18013337
4240.0, 0.18004763
4250.0, 0.17996207
4260.0, 0.17987667
4270.0, 0.17979144
4280.0, 0.17970638
4290.0, 0.1796215
4300.0, 0.17953677
4310.0, 0.17945223
4320.0, 0.17936786
4330.0, 0.17928365
4340.0, 0.1791996
4350.0, 0.17911573
4360.0, 0.17903201
4370.0, 0.17894848
4380.0, 0.1788651
4390.0, 0.1787819
4400.0, 0.17869887
4410.0, 0.17861599
4420.0, 0.17853329
4430.0, 0.17845073
4440.0, 0.17836836
4450.0, 0.17828615
4460.0, 0.17820409
4470.0, 0.17812221
4480.0, 0.17804049
4490.0, 0.17795894
4500.0, 0.17787753
4510.0, 0.1777963
4520.0, 0.17771523
4530.0, 0.17763433
4540.0, 0.17755358
4550.0, 0.177473
4560.0, 0.17739257
4570.0, 0.1773123
4580.0, 0.1772322
4590.0, 0.17715226
4600.0, 0.17707248
4610.0, 0.17699285
4620.0, 0.17691338
4630.0, 0.17683408
4640.0, 0.17675494
4650.0, 0.17667595
4660.0, 0.1765971
4670.0, 0.17651844
4680.0, 0.17643991
4690.0, 0.17636156
4700.0, 0.17628336
4710.0, 0.1762053
4720.0, 0.17612742
4730.0, 0.17604968
4740.0, 0.1759721
4750.0, 0.17589468
4760.0, 0.1758174
4770.0, 0.17574029
4780.0, 0.17566332
4790.0, 0.1755865
4800.0, 0.17550986
4810.0, 0.17543335
4820.0, 0.17535701
4830.0, 0.17528081
4840.0, 0.17520477
4850.0, 0.17512888
4860.0, 0.17505313
4870.0, 0.17497754
4880.0, 0.17490211
4890.0, 0.17482682
4900.0, 0.17475168
4910.0, 0.17467669
4920.0, 0.17460185
4930.0, 0.17452717
4940.0, 0.17445263
4950.0, 0.17437825
4960.0, 0.174304
4970.0, 0.1742299
4980.0, 0.17415597
4990.0, 0.17408216
5000.0, 0.17400852
5010.0, 0.17393501
5020.0, 0.17386165
5030.0, 0.17378844
5040.0, 0.17371538
5050.0, 0.17364247
5060.0, 0.1735697
5070.0, 0.17349707
5080.0, 0.17342459
5090.0, 0.17335226
5100.0, 0.17328006
5110.0, 0.17320801
5120.0, 0.17313612
5130.0, 0.17306435
5140.0, 0.17299274
5150.0, 0.17292127
5160.0, 0.17284994
5170.0, 0.17277876
5180.0, 0.1727077
5190.0, 0.1726368
5200.0, 0.17256604
5210.0, 0.17249542
5220.0, 0.17242494
5230.0, 0.1723546
5240.0, 0.17228441
5250.0, 0.17221434
5260.0, 0.17214443
5270.0, 0.17207465
5280.0, 0.17200501
5290.0, 0.17193551
5300.0, 0.17186615
5310.0, 0.17179693
5320.0, 0.17172785
5330.0, 0.1716589
5340.0, 0.17159009
5350.0, 0.17152143
5360.0, 0.1714529
5370.0, 0.1713845
5380.0, 0.17131624
5390.0, 0.17124811
5400.0, 0.17118013
5410.0, 0.17111227
5420.0, 0.17104456
5430.0, 0.17097698
5440.0, 0.17090952
5450.0, 0.17084222
5460.0, 0.17077504
5470.0, 0.170708
5480.0, 0.1706411
5490.0, 0.17057432
5500.0, 0.17050768
5510.0, 0.17044117
5520.0, 0.1703748
5530.0, 0.17030856
5540.0, 0.17024244
5550.0, 0.17017646
5560.0, 0.17011061
5570.0, 0.1700449
5580.0, 0.16997932
5590.0, 0.16991387
5600.0, 0.16984855
5610.0, 0.16978335
5620.0, 0.1697183
5630.0, 0.16965337
5640.0, 0.16958857
5650.0, 0.1695239
5660.0, 0.16945936
5670.0, 0.16939494
5680.0, 0.16933066
5690.0, 0.1692665
5700.0, 0.16920248
5710.0, 0.16913857
5720.0, 0.1690748
5730.0, 0.16901116
5740.0, 0.16894764
5750.0, 0.16888425
5760.0, 0.16882098
5770.0, 0.16875784
5780.0, 0.16869484
5790.0, 0.16863194
5800.0, 0.16856919
5810.0, 0.16850655
5820.0, 0.16844404
5830.0, 0.16838166
5840.0, 0.1683194
5850.0, 0.16825727
5860.0, 0.16819525
5870.0, 0.16813336
5880.0, 0.1680716
5890.0, 0.16800997
5900.0, 0.16794844
5910.0, 0.16788705
5920.0, 0.16782577
5930.0, 0.16776463
5940.0, 0.1677036
5950.0, 0.1676427
5960.0, 0.16758192
5970.0, 0.16752125
5980.0, 0.16746071
5990.0, 0.16740029
6000.0, 0.16734
6010.0, 0.16727981
6020.0, 0.16721976
6030.0, 0.16715981
6040.0, 0.1671
6050.0, 0.1670403
6060.0, 0.16698071
6070.0, 0.16692126
6080.0, 0.16686192
6090.0, 0.16680269
6100.0, 0.16674359
6110.0, 0.1666846
6120.0, 0.16662574
6130.0, 0.16656698
6140.0, 0.16650835
6150.0, 0.16644983
6160.0, 0.16639143
6170.0, 0.16633314
6180.0, 0.16627498
6190.0, 0.16621692
6200.0, 0.16615899
6210.0, 0.16610117
6220.0, 0.16604348
6230.0, 0.16598588
6240.0, 0.16592841
6250.0, 0.16587105
6260.0, 0.1658138
6270.0, 0.16575667
6280.0, 0.16569966
6290.0, 0.16564275
6300.0, 0.16558598
6310.0, 0.1655293
6320.0, 0.16547273
6330.0, 0.16541629
6340.0, 0.16535996
6350.0, 0.16530374
6360.0, 0.16524762
6370.0, 0.16519162
6380.0, 0.16513574
6390.0, 0.16507997
6400.0, 0.1650243
6410.0, 0.16496874
6420.0, 0.16491331
6430.0, 0.16485798
6440.0, 0.16480276
6450.0, 0.16474766
6460.0, 0.16469266
6470.0, 0.16463776
6480.0, 0.16458298
6490.0, 0.16452831
6500.0, 0.16447374
6510.0, 0.1644193
6520.0, 0.16436495
6530.0, 0.16431072
6540.0, 0.16425659
6550.0, 0.16420257
6560.0, 0.16414866
6570.0, 0.16409487
6580.0, 0.16404116
6590.0, 0.16398758
6600.0, 0.1639341
6610.0, 0.16388072
6620.0, 0.16382746
6630.0, 0.1637743
6640.0, 0.16372125
6650.0, 0.16366829
6660.0, 0.16361545
6670.0, 0.16356272
6680.0, 0.16351008
6690.0, 0.16345756
6700.0, 0.16340514
6710.0, 0.16335282
6720.0, 0.1633006
6730.0, 0.1632485
6740.0, 0.16319649
6750.0, 0.1631446
6760.0, 0.1630928
6770.0, 0.16304111
6780.0, 0.16298951
6790.0, 0.16293803
6800.0, 0.16288665
6810.0, 0.16283537
6820.0, 0.16278419
6830.0, 0.16273311
6840.0, 0.16268215
6850.0, 0.16263127
6860.0, 0.16258049
6870.0, 0.16252983
6880.0, 0.16247925
6890.0, 0.1624288
6900.0, 0.16237843
6910.0, 0.16232815
6920.0, 0.162278
6930.0, 0.16222793
6940.0, 0.16217797
6950.0, 0.1621281
6960.0, 0.16207834
6970.0, 0.16202867
6980.0, 0.16197911
6990.0, 0.16192964
7000.0, 0.16188027
7010.0, 0.16183099
7020.0, 0.16178182
7030.0, 0.16173275
7040.0, 0.16168378
7050.0, 0.16163489
7060.0, 0.16158612
7070.0, 0.16153744
7080.0, 0.16148885
7090.0, 0.16144036
7100.0, 0.16139197
7110.0, 0.16134368
7120.0, 0.16129547
7130.0, 0.16124737
7140.0, 0.16119938
7150.0, 0.16115147
7160.0, 0.16110365
7170.0, 0.16105594
7180.0, 0.16100831
7190.0, 0.16096078
7200.0, 0.16091335
7210.0, 0.160866
7220.0, 0.16081877
7230.0, 0.16077161
7240.0, 0.16072457
7250.0, 0.1606776
7260.0, 0.16063073
7270.0, 0.16058396
7280.0, 0.16053727
7290.0, 0.16049069
7300.0, 0.1604442
7310.0, 0.1603978
7320.0, 0.16035149
7330.0, 0.16030528
7340.0, 0.16025916
7350.0, 0.16021311
7360.0, 0.16016717
7370.0, 0.16012134
7380.0, 0.16007558
7390.0, 0.16002992
7400.0, 0.15998434
7410.0, 0.15993886
7420.0, 0.15989347
7430.0, 0.15984817
7440.0, 0.15980296
7450.0, 0.15975784
7460.0, 0.1597128
7470.0, 0.15966786
7480.0, 0.15962301
7490.0, 0.15957826
7500.0, 0.15953359
7510.0, 0.159489
7520.0, 0.15944451
7530.0, 0.1594001
7540.0, 0.15935579
7550.0, 0.15931156
7560.0, 0.15926743
7570.0, 0.15922338
7580.0, 0.15917942
7590.0, 0.15913555
7600.0, 0.15909176
7610.0, 0.15904807
7620.0, 0.15900445
7630.0, 0.15896092
7640.0, 0.15891749
7650.0, 0.15887414
7660.0, 0.15883087
7670.0, 0.1587877
7680.0, 0.1587446
7690.0, 0.1587016
7700.0, 0.15865868
7710.0, 0.15861584
7720.0, 0.1585731
7730.0, 0.15853044
7740.0, 0.15848786
7750.0, 0.15844537
7760.0, 0.15840296
7770.0, 0.15836065
7780.0, 0.1583184
7790.0, 0.15827624
7800.0, 0.15823418
7810.0, 0.15819219
7820.0, 0.15815029
7830.0, 0.15810847
7840.0, 0.15806673
7850.0, 0.15802509
7860.0, 0.15798353
7870.0, 0.15794204
7880.0, 0.15790063
7890.0, 0.15785931
7900.0, 0.15781808
7910.0, 0.15777692
7920.0, 0.15773585
7930.0, 0.15769486
7940.0, 0.15765396
7950.0, 0.15761313
7960.0, 0.15757239
7970.0, 0.15753172
7980.0, 0.15749115
7990.0, 0.15745065
8000.0, 0.15741022
8010.0, 0.15736988
8020.0, 0.15732962
8030.0, 0.15728945
8040.0, 0.15724935
8050.0, 0.15720934
8060.0, 0.15716939
8070.0, 0.15712954
8080.0, 0.15708975
8090.0, 0.15705006
8100.0, 0.15701044
8110.0, 0.1569709
8120.0, 0.15693145
8130.0, 0.15689206
8140.0, 0.15685275
8150.0, 0.15681353
8160.0, 0.15677439
8170.0, 0.15673532
8180.0, 0.15669632
8190.0, 0.15665741
8200.0, 0.15661858
8210.0, 0.15657982
8220.0, 0.15654114
8230.0, 0.15650253
8240.0, 0.15646401
8250.0, 0.15642557
8260.0, 0.1563872
8270.0, 0.1563489
8280.0, 0.15631068
8290.0, 0.15627253
8300.0, 0.15623447
8310.0, 0.15619648
8320.0, 0.15615857
8330.0, 0.15612073
8340.0, 0.15608296
8350.0, 0.15604527
8360.0, 0.15600766
8370.0, 0.15597013
8380.0, 0.15593266
8390.0, 0.15589528
8400.0, 0.15585797
8410.0, 0.15582073
8420.0, 0.15578356
8430.0, 0.15574647
8440.0, 0.15570946
8450.0, 0.15567252
8460.0, 0.15563565
8470.0, 0.15559886
8480.0, 0.15556215
8490.0, 0.15552549
8500.0, 0.15548892
8510.0, 0.15545242
8520.0, 0.155416
8530.0, 0.15537964
8540.0, 0.15534335
8550.0, 0.15530714
8560.0, 0.15527101
8570.0, 0.15523495
8580.0, 0.15519896
8590.0, 0.15516303
8600.0, 0.15512718
8610.0, 0.1550914
8620.0, 0.1550557
8630.0, 0.15502007
8640.0, 0.1549845
8650.0, 0.15494901
8660.0, 0.15491359
8670.0, 0.15487824
8680.0, 0.15484296
8690.0, 0.15480775
8700.0, 0.15477261
8710.0, 0.15473755
8720.0, 0.15470254
8730.0, 0.15466762
8740.0, 0.15463275
8750.0, 0.15459797
8760.0, 0.15456325
8770.0, 0.15452859
8780.0, 0.15449402
8790.0, 0.1544595
8800.0, 0.15442505
8810.0, 0.15439068
8820.0, 0.15435638
8830.0, 0.15432213
8840.0, 0.15428796
8850.0, 0.15425387
8860.0, 0.15421984
8870.0, 0.15418588
8880.0, 0.15415198
8890.0, 0.15411815
8900.0, 0.15408438
8910.0, 0.1540507
8920.0, 0.15401706
8930.0, 0.1539835
8940.0, 0.15395
8950.0, 0.15391658
8960.0, 0.15388323
8970.0, 0.15384993
8980.0, 0.15381671
8990.0, 0.15378354
9000.0, 0.15375046
9010.0, 0.15371743
9020.0, 0.15368447
9030.0, 0.15365158
9040.0, 0.15361875
9050.0, 0.15358599
9060.0, 0.15355329
9070.0, 0.15352066
9080.0, 0.15348808
9090.0, 0.15345559
9100.0, 0.15342315
9110.0, 0.15339078
9120.0, 0.15335846
9130.0, 0.15332623
9140.0, 0.15329404
9150.0, 0.15326193
9160.0, 0.15322988
9170.0, 0.15319788
9180.0, 0.15316597
9190.0, 0.15313411
9200.0, 0.15310231
9210.0, 0.15307058
9220.0, 0.15303892
9230.0, 0.15300731
9240.0, 0.15297577
9250.0, 0.15294428
9260.0, 0.15291287
9270.0, 0.15288152
9280.0, 0.15285023
9290.0, 0.152819
9300.0, 0.15278783
9310.0, 0.15275674
9320.0, 0.15272568
9330.0, 0.1526947
9340.0, 0.1526638
9350.0, 0.15263294
9360.0, 0.15260214
9370.0, 0.15257141
9380.0, 0.15254074
9390.0, 0.15251014
9400.0, 0.15247957
9410.0, 0.15244909
9420.0, 0.15241867
9430.0, 0.1523883
9440.0, 0.152358
9450.0, 0.15232775
9460.0, 0.15229757
9470.0, 0.15226744
9480.0, 0.15223739
9490.0, 0.15220737
9500.0, 0.15217744
9510.0, 0.15214755
9520.0, 0.15211773
9530.0, 0.15208796
9540.0, 0.15205826
9550.0, 0.1520286
9560.0, 0.15199903
9570.0, 0.15196949
9580.0, 0.15194003
9590.0, 0.15191062
9600.0, 0.15188126
9610.0, 0.15185198
9620.0, 0.15182275
9630.0, 0.15179357
9640.0, 0.15176445
9650.0, 0.1517354
9660.0, 0.15170638
9670.0, 0.15167744
9680.0, 0.15164857
9690.0, 0.15161973
9700.0, 0.15159096
9710.0, 0.15156226
9720.0, 0.1515336
9730.0, 0.15150501
9740.0, 0.15147646
9750.0, 0.15144798
9760.0, 0.15141955
9770.0, 0.15139118
9780.0, 0.15136287
9790.0, 0.15133461
9800.0, 0.1513064
9810.0, 0.15127827
9820.0, 0.15125018
9830.0, 0.15122215
9840.0, 0.15119417
9850.0, 0.15116626
9860.0, 0.1511384
9870.0, 0.15111059
9880.0, 0.15108283
9890.0, 0.15105514
9900.0, 0.1510275
9910.0, 0.1509999
9920.0, 0.15097238
9930.0, 0.1509449
9940.0, 0.15091749
9950.0, 0.15089011
9960.0, 0.1508628
9970.0, 0.15083554
9980.0, 0.15080833
9990.0, 0.1507812
10000.0, 0.1507541
10010.0, 0.15072706
10020.0, 0.15070008
10030.0, 0.15067314
10040.0, 0.15064627
10050.0, 0.15061943
10060.0, 0.15059267
10070.0, 0.15056595
10080.0, 0.15053928
10090.0, 0.15051268
10100.0, 0.15048611
10110.0, 0.15045962
10120.0, 0.15043317
10130.0, 0.15040676
10140.0, 0.15038042
10150.0, 0.15035412
10160.0, 0.15032788
10170.0, 0.1503017
10180.0, 0.15027556
10190.0, 0.15024947
10200.0, 0.15022345
10210.0, 0.15019746
10220.0, 0.15017153
10230.0, 0.15014566
10240.0, 0.15011983
10250.0, 0.15009406
10260.0, 0.15006834
10270.0, 0.15004267
10280.0, 0.15001705
10290.0, 0.14999148
10300.0, 0.14996597
10310.0, 0.1499405
10320.0, 0.14991508
10330.0, 0.14988972
10340.0, 0.1498644
10350.0, 0.14983915
10360.0, 0.14981394
10370.0, 0.14978878
10380.0, 0.14976366
10390.0, 0.14973861
10400.0, 0.14971359
10410.0, 0.14968863
10420.0, 0.14966372
10430.0, 0.14963886
10440.0, 0.14961405
10450.0, 0.14958929
10460.0, 0.14956456
10470.0, 0.1495399
10480.0, 0.1495153
10490.0, 0.14949073
10500.0, 0.14946622
10510.0, 0.14944175
10520.0, 0.14941733
10530.0, 0.14939296
10540.0, 0.14936864
10550.0, 0.14934437
10560.0, 0.14932014
10570.0, 0.14929597
10580.0, 0.14927185
10590.0, 0.14924777
10600.0, 0.14922373
10610.0, 0.14919975
10620.0, 0.14917582
10630.0, 0.14915194
10640.0, 0.1491281
10650.0, 0.1491043
10660.0, 0.14908056
10670.0, 0.14905687
10680.0, 0.1490332
10690.0, 0.14900962
10700.0, 0.14898606
10710.0, 0.14896254
10720.0, 0.14893909
10730.0, 0.14891568
10740.0, 0.14889231
10750.0, 0.148869
10760.0, 0.14884572
10770.0, 0.14882249
10780.0, 0.1487993
10790.0, 0.14877617
10800.0, 0.14875308
10810.0, 0.14873004
10820.0, 0.14870705
10830.0, 0.1486841
10840.0, 0.1486612
10850.0, 0.14863834
10860.0, 0.14861552
10870.0, 0.14859276
10880.0, 0.14857003
10890.0, 0.14854735
10900.0, 0.14852472
10910.0, 0.14850214
10920.0, 0.1484796
10930.0, 0.1484571
10940.0, 0.14843465
10950.0, 0.14841224
10960.0, 0.14838989
10970.0, 0.14836757
10980.0, 0.14834529
10990.0, 0.14832307
11000.0, 0.14830089
11010.0, 0.14827874
11020.0, 0.14825666
11030.0, 0.1482346
11040.0, 0.1482126
11050.0, 0.14819063
11060.0, 0.14816871
11070.0, 0.14814684
11080.0, 0.14812501
11090.0, 0.14810322
11100.0, 0.14808148
11110.0, 0.14805979
11120.0, 0.14803812
11130.0, 0.14801651
11140.0, 0.14799494
11150.0, 0.14797342
11160.0, 0.14795193
11170.0, 0.14793049
11180.0, 0.14790909
11190.0, 0.14788774
11200.0, 0.14786643
11210.0, 0.14784515
11220.0, 0.14782393
11230.0, 0.14780274
11240.0, 0.1477816
11250.0, 0.1477605
11260.0, 0.14773944
11270.0, 0.14771841
11280.0, 0.14769745
11290.0, 0.14767651
11300.0, 0.14765562
11310.0, 0.14763477
11320.0, 0.14761396
11330.0, 0.1475932
11340.0, 0.14757247
11350.0, 0.14755179
11360.0, 0.14753115
11370.0, 0.14751054
11380.0, 0.14748998
11390.0, 0.14746946
11400.0, 0.14744899
11410.0, 0.14742856
11420.0, 0.14740816
11430.0, 0.1473878
11440.0, 0.14736749
11450.0, 0.14734721
11460.0, 0.14732698
11470.0, 0.14730678
11480.0, 0.14728664
11490.0, 0.14726652
11500.0, 0.14724645
11510.0, 0.14722642
11520.0, 0.14720643
11530.0, 0.14718647
11540.0, 0.14716657
11550.0, 0.1471467
11560.0, 0.14712687
11570.0, 0.14710706
11580.0, 0.14708732
11590.0, 0.1470676
11600.0, 0.14704792
11610.0, 0.1470283
11620.0, 0.1470087
11630.0, 0.14698914
11640.0, 0.14696962
11650.0, 0.14695014
11660.0, 0.14693071
11670.0, 0.14691131
11680.0, 0.14689194
11690.0, 0.14687262
11700.0, 0.14685333
11710.0, 0.14683409
11720.0, 0.14681488
11730.0, 0.1467957
11740.0, 0.14677659
11750.0, 0.14675748
11760.0, 0.14673842
11770.0, 0.14671941
11780.0, 0.14670044
11790.0, 0.1466815
11800.0, 0.1466626
11810.0, 0.14664373
11820.0, 0.1466249
11830.0, 0.14660612
11840.0, 0.14658736
11850.0, 0.14656864
11860.0, 0.14654997
11870.0, 0.14653133
11880.0, 0.14651272
11890.0, 0.14649415
11900.0, 0.14647563
11910.0, 0.14645714
11920.0, 0.14643869
11930.0, 0.14642027
11940.0, 0.14640188
11950.0, 0.14638354
11960.0, 0.14636523
11970.0, 0.14634696
11980.0, 0.14632873
11990.0, 0.14631052
12000.0, 0.14629236
12010.0, 0.14627424
12020.0, 0.14625615
12030.0, 0.1462381
12040.0, 0.14622009
12050.0, 0.1462021
12060.0, 0.14618416
12070.0, 0.14616625
12080.0, 0.14614837
12090.0, 0.14613053
12100.0, 0.14611273
12110.0, 0.14609496
12120.0, 0.14607723
12130.0, 0.14605954
12140.0, 0.14604189
12150.0, 0.14602426
12160.0, 0.14600666
12170.0, 0.1459891
12180.0, 0.1459716
12190.0, 0.1459541
12200.0, 0.14593665
12210.0, 0.14591923
12220.0, 0.14590186
12230.0, 0.14588451
12240.0, 0.1458672
12250.0, 0.14584993
12260.0, 0.14583269
12270.0, 0.14581548
12280.0, 0.14579831
12290.0, 0.14578117
12300.0, 0.14576407
12310.0, 0.14574699
12320.0, 0.14572996
12330.0, 0.14571296
12340.0, 0.14569598
12350.0, 0.14567906
12360.0, 0.14566216
12370.0, 0.14564529
12380.0, 0.14562845
12390.0, 0.14561166
12400.0, 0.1455949
12410.0, 0.14557816
12420.0, 0.14556146
12430.0, 0.1455448
12440.0, 0.14552817
12450.0, 0.14551157
12460.0, 0.145495
12470.0, 0.14547847
12480.0, 0.14546198
12490.0, 0.14544551
12500.0, 0.14542907
12510.0, 0.14541267
12520.0, 0.1453963
12530.0, 0.14537996
12540.0, 0.14536366
12550.0, 0.1453474
12560.0, 0.14533116
12570.0, 0.14531495
12580.0, 0.14529878
12590.0, 0.14528264
12600.0, 0.14526653
12610.0, 0.14525045
12620.0, 0.1452344
12630.0, 0.1452184
12640.0, 0.14520241
12650.0, 0.14518647
12660.0, 0.14517055
12670.0, 0.14515467
12680.0, 0.14513882
12690.0, 0.145123
12700.0, 0.14510721
12710.0, 0.14509146
12720.0, 0.14507572
12730.0, 0.14506003
12740.0, 0.14504437
12750.0, 0.14502874
12760.0, 0.14501314
12770.0, 0.14499757
12780.0, 0.14498203
12790.0, 0.14496653
12800.0, 0.14495105
12810.0, 0.1449356
12820.0, 0.14492019
12830.0, 0.1449048
12840.0, 0.14488944
12850.0, 0.14487413
12860.0, 0.14485884
12870.0, 0.14484358
12880.0, 0.14482833
12890.0, 0.14481314
12900.0, 0.14479797
12910.0, 0.14478283
12920.0, 0.14476772
12930.0, 0.14475264
12940.0, 0.14473759
12950.0, 0.14472258
12960.0, 0.14470759
12970.0, 0.14469263
12980.0, 0.1446777
12990.0, 0.1446628
13000.0, 0.14464793
13010.0, 0.14463308
13020.0, 0.14461827
13030.0, 0.14460349
13040.0, 0.14458875
13050.0, 0.14457403
13060.0, 0.14455934
13070.0, 0.14454468
13080.0, 0.14453004
13090.0, 0.14451542
13100.0, 0.14450085
13110.0, 0.14448631
13120.0, 0.1444718
13130.0, 0.14445731
13140.0, 0.14444284
13150.0, 0.14442842
13160.0, 0.14441402
13170.0, 0.14439964
13180.0, 0.1443853
13190.0, 0.14437099
13200.0, 0.1443567
13210.0, 0.14434244
13220.0, 0.1443282
13230.0, 0.144314
13240.0, 0.14429983
13250.0, 0.1442857
13260.0, 0.14427158
13270.0, 0.14425749
13280.0, 0.14424343
13290.0, 0.1442294
13300.0, 0.14421539
13310.0, 0.14420141
13320.0, 0.14418747
13330.0, 0.14417355
13340.0, 0.14415966
13350.0, 0.14414579
13360.0, 0.14413196
13370.0, 0.14411815
13380.0, 0.14410436
13390.0, 0.14409061
13400.0, 0.14407688
13410.0, 0.14406319
13420.0, 0.14404951
13430.0, 0.14403588
13440.0, 0.14402226
13450.0, 0.14400867
13460.0, 0.1439951
13470.0, 0.14398156
13480.0, 0.14396806
13490.0, 0.14395458
13500.0, 0.14394112
13510.0, 0.1439277
13520.0, 0.1439143
13530.0, 0.14390092
13540.0, 0.14388756
13550.0, 0.14387426
13560.0, 0.14386095
13570.0, 0.14384769
13580.0, 0.14383444
13590.0, 0.14382124
13600.0, 0.14380805
13610.0, 0.14379488
13620.0, 0.14378175
13630.0, 0.14376864
13640.0, 0.14375556
13650.0, 0.1437425
13660.0, 0.14372946
13670.0, 0.14371647
13680.0, 0.14370349
13690.0, 0.14369053
13700.0, 0.1436776
13710.0, 0.1436647
13720.0, 0.14365183
13730.0, 0.14363898
13740.0, 0.14362615
13750.0, 0.14361335
13760.0, 0.14360058
13770.0, 0.14358784
13780.0, 0.14357512
13790.0, 0.14356242
13800.0, 0.14354974
13810.0, 0.1435371
13820.0, 0.14352448
13830.0, 0.14351189
13840.0, 0.14349931
13850.0, 0.14348677
13860.0, 0.14347425
13870.0, 0.14346175
13880.0, 0.14344929
13890.0, 0.14343683
13900.0, 0.14342442
13910.0, 0.14341202
13920.0, 0.14339966
13930.0, 0.1433873
13940.0, 0.143375
13950.0, 0.14336269
13960.0, 0.14335042
13970.0, 0.14333817
13980.0, 0.14332595
13990.0, 0.14331375
14000.0, 0.14330158
14010.0, 0.14328943
14020.0, 0.1432773
14030.0, 0.1432652
14040.0, 0.14325312
14050.0, 0.14324106
14060.0, 0.14322904
14070.0, 0.14321704
14080.0, 0.14320506
14090.0, 0.1431931
14100.0, 0.14318116
14110.0, 0.14316925
14120.0, 0.14315736
14130.0, 0.1431455
14140.0, 0.14313367
14150.0, 0.14312185
14160.0, 0.14311007
14170.0, 0.1430983
14180.0, 0.14308655
14190.0, 0.14307484
14200.0, 0.14306314
14210.0, 0.14305146
14220.0, 0.14303981
14230.0, 0.14302818
14240.0, 0.14301658
14250.0, 0.143005
14260.0, 0.14299345
14270.0, 0.14298192
14280.0, 0.1429704
14290.0, 0.14295891
14300.0, 0.14294745
14310.0, 0.142936
14320.0, 0.14292459
14330.0, 0.14291319
14340.0, 0.14290181
14350.0, 0.14289047
14360.0, 0.14287913
14370.0, 0.14286783
14380.0, 0.14285654
14390.0, 0.14284529
14400.0, 0.14283405
14410.0, 0.14282283
14420.0, 0.14281164
14430.0, 0.14280047
14440.0, 0.14278932
14450.0, 0.14277819
14460.0, 0.14276709
14470.0, 0.142756
14480.0, 0.14274494
14490.0, 0.1427339
14500.0, 0.14272289
14510.0, 0.1427119
14520.0, 0.14270093
14530.0, 0.14268997
14540.0, 0.14267905
14550.0, 0.14266814
14560.0, 0.14265727
14570.0, 0.1426464
14580.0, 0.14263555
14590.0, 0.14262474
14600.0, 0.14261393
14610.0, 0.14260316
14620.0, 0.14259242
14630.0, 0.14258167
14640.0, 0.14257096
14650.0, 0.14256027
14660.0, 0.1425496
14670.0, 0.14253896
14680.0, 0.14252833
14690.0, 0.14251773
14700.0, 0.14250714
14710.0, 0.14249659
14720.0, 0.14248604
14730.0, 0.14247552
14740.0, 0.14246503
14750.0, 0.14245453
14760.0, 0.14244409
14770.0, 0.14243364
14780.0, 0.14242323
14790.0, 0.14241284
14800.0, 0.14240246
14810.0, 0.14239211
14820.0, 0.14238177
14830.0, 0.14237146
14840.0, 0.14236118
14850.0, 0.1423509
14860.0, 0.14234065
14870.0, 0.14233042
14880.0, 0.14232022
14890.0, 0.14231002
14900.0, 0.14229986
14910.0, 0.1422897
14920.0, 0.14227958
14930.0, 0.14226946
14940.0, 0.14225937
14950.0, 0.14224932
14960.0, 0.14223927
14970.0, 0.14222924
14980.0, 0.14221923
14990.0, 0.14220925
15000.0, 0.14219928
15010.0, 0.14218932
15020.0, 0.1421794
15030.0, 0.14216949
15040.0, 0.14215961
15050.0, 0.14214973
15060.0, 0.1421399
15070.0, 0.14213006
15080.0, 0.14212026
15090.0, 0.14211047
15100.0, 0.14210069
15110.0, 0.14209095
15120.0, 0.14208122
15130.0, 0.1420715
15140.0, 0.1420618
15150.0, 0.14205213
15160.0, 0.14204249
15170.0, 0.14203285
15180.0, 0.14202324
15190.0, 0.14201364
15200.0, 0.14200406
15210.0, 0.1419945
15220.0, 0.14198497
15230.0, 0.14197545
15240.0, 0.14196594
15250.0, 0.14195646
15260.0, 0.141947
15270.0, 0.14193755
15280.0, 0.14192814
15290.0, 0.14191873
15300.0, 0.14190935
15310.0, 0.14189997
15320.0, 0.14189062
15330.0, 0.14188129
15340.0, 0.14187197
15350.0, 0.14186269
15360.0, 0.1418534
15370.0, 0.14184415
15380.0, 0.14183491
15390.0, 0.14182569
15400.0, 0.1418165
15410.0, 0.14180732
15420.0, 0.14179815
15430.0, 0.141789
15440.0, 0.14177987
15450.0, 0.14177077
15460.0, 0.14176168
15470.0, 0.1417526
15480.0, 0.14174354
15490.0, 0.14173451
15500.0, 0.1417255
15510.0, 0.1417165
15520.0, 0.14170751
15530.0, 0.14169854
15540.0, 0.1416896
15550.0, 0.14168067
15560.0, 0.14167176
15570.0, 0.14166287
15580.0, 0.14165398
15590.0, 0.14164513
15600.0, 0.14163628
15610.0, 0.14162746
15620.0, 0.14161865
15630.0, 0.14160988
15640.0, 0.1416011
15650.0, 0.14159235
15660.0, 0.14158362
15670.0, 0.1415749
15680.0, 0.1415662
15690.0, 0.14155751
15700.0, 0.14154886
15710.0, 0.1415402
15720.0, 0.14153157
15730.0, 0.14152296
15740.0, 0.14151436
15750.0, 0.14150578
15760.0, 0.14149722
15770.0, 0.14148867
15780.0, 0.14148015
15790.0, 0.14147164
15800.0, 0.14146315
15810.0, 0.14145467
15820.0, 0.1414462
15830.0, 0.14143777
15840.0, 0.14142933
15850.0, 0.14142093
15860.0, 0.14141254
15870.0, 0.14140417
15880.0, 0.1413958
15890.0, 0.14138746
15900.0, 0.14137913
15910.0, 0.14137083
15920.0, 0.14136253
15930.0, 0.14135426
15940.0, 0.141346
15950.0, 0.14133775
15960.0, 0.14132953
15970.0, 0.14132132
15980.0, 0.14131314
15990.0, 0.14130495
16000.0, 0.14129679
16010.0, 0.14128865
16020.0, 0.14128052
16030.0, 0.14127241
16040.0, 0.1412643
16050.0, 0.14125623
16060.0, 0.14124817
16070.0, 0.14124012
16080.0, 0.14123209
16090.0, 0.14122407
16100.0, 0.14121607
16110.0, 0.1412081
16120.0, 0.14120013
16130.0, 0.14119217
16140.0, 0.14118424
16150.0, 0.14117631
16160.0, 0.14116842
16170.0, 0.14116053
16180.0, 0.14115265
16190.0, 0.1411448
16200.0, 0.14113696
16210.0, 0.14112914
16220.0, 0.14112133
16230.0, 0.14111353
16240.0, 0.14110576
16250.0, 0.141098
16260.0, 0.14109024
16270.0, 0.14108251
16280.0, 0.14107479
16290.0, 0.1410671
16300.0, 0.14105941
16310.0, 0.14105174
16320.0, 0.14104408
16330.0, 0.14103645
16340.0, 0.14102882
16350.0, 0.1410212
16360.0, 0.14101362
16370.0, 0.14100604
16380.0, 0.14099848
16390.0, 0.14099093
16400.0, 0.1409834
16410.0, 0.14097588
16420.0, 0.14096837
16430.0, 0.14096089
16440.0, 0.1409534
16450.0, 0.14094596
16460.0, 0.1409385
16470.0, 0.14093108
16480.0, 0.14092366
16490.0, 0.14091627
16500.0, 0.14090888
16510.0, 0.14090152
16520.0, 0.14089416
16530.0, 0.14088683
16540.0, 0.1408795
16550.0, 0.14087218
16560.0, 0.1408649
16570.0, 0.1408576
16580.0, 0.14085035
16590.0, 0.1408431
16600.0, 0.14083585
16610.0, 0.14082862
16620.0, 0.14082143
16630.0, 0.14081423
16640.0, 0.14080705
16650.0, 0.14079988
16660.0, 0.14079273
16670.0, 0.14078559
16680.0, 0.14077847
16690.0, 0.14077136
16700.0, 0.14076427
16710.0, 0.14075719
16720.0, 0.14075013
16730.0, 0.14074306
16740.0, 0.14073603
16750.0, 0.14072901
16760.0, 0.14072199
16770.0, 0.140715
16780.0, 0.14070801
16790.0, 0.14070106
16800.0, 0.1406941
16810.0, 0.14068715
16820.0, 0.14068022
16830.0, 0.14067332
16840.0, 0.14066643
16850.0, 0.14065954
16860.0, 0.14065266
16870.0, 0.1406458
16880.0, 0.14063896
16890.0, 0.14063214
16900.0, 0.14062531
16910.0, 0.14061852
16920.0, 0.14061172
16930.0, 0.14060494
16940.0, 0.1405982
16950.0, 0.14059144
16960.0, 0.1405847
16970.0, 0.14057799
16980.0, 0.14057127
16990.0, 0.14056458
17000.0, 0.1405579
17010.0, 0.14055122
17020.0, 0.14054458
17030.0, 0.14053793
17040.0, 0.1405313
17050.0, 0.14052469
17060.0, 0.14051808
17070.0, 0.1405115
17080.0, 0.14050493
17090.0, 0.14049837
17100.0, 0.14049181
17110.0, 0.14048527
17120.0, 0.14047876
17130.0, 0.14047225
17140.0, 0.14046575
17150.0, 0.14045927
17160.0, 0.14045279
17170.0, 0.14044634
17180.0, 0.1404399
17190.0, 0.14043346
17200.0, 0.14042704
17210.0, 0.14042063
17220.0, 0.14041424
17230.0, 0.14040786
17240.0, 0.14040148
17250.0, 0.14039513
17260.0, 0.14038879
17270.0, 0.14038245
17280.0, 0.14037615
17290.0, 0.14036983
17300.0, 0.14036354
17310.0, 0.14035727
17320.0, 0.140351
17330.0, 0.14034474
17340.0, 0.14033851
17350.0, 0.14033227
17360.0, 0.14032605
17370.0, 0.14031985
17380.0, 0.14031366
17390.0, 0.14030749
17400.0, 0.14030132
17410.0, 0.14029516
17420.0, 0.14028901
17430.0, 0.14028288
17440.0, 0.14027676
17450.0, 0.14027065
17460.0, 0.14026457
17470.0, 0.14025848
17480.0, 0.14025241
17490.0, 0.14024636
17500.0, 0.14024031
17510.0, 0.14023428
17520.0, 0.14022826
17530.0, 0.14022225
17540.0, 0.14021625
17550.0, 0.14021026
17560.0, 0.1402043
17570.0, 0.14019832
17580.0, 0.14019237
17590.0, 0.14018644
17600.0, 0.14018051
17610.0, 0.1401746
17620.0, 0.1401687
17630.0, 0.14016281
17640.0, 0.14015692
17650.0, 0.14015107
17660.0, 0.14014521
17670.0, 0.14013936
17680.0, 0.14013353
17690.0, 0.14012772
17700.0, 0.1401219
17710.0, 0.14011611
17720.0, 0.14011031
17730.0, 0.14010455
17740.0, 0.14009878
17750.0, 0.14009303
17760.0, 0.14008729
17770.0, 0.14008157
17780.0, 0.14007585
17790.0, 0.14007014
17800.0, 0.14006445
17810.0, 0.14005877
17820.0, 0.1400531
17830.0, 0.14004745
17840.0, 0.1400418
17850.0, 0.14003615
17860.0, 0.14003053
17870.0, 0.14002492
17880.0, 0.14001931
17890.0, 0.14001372
17900.0, 0.14000814
17910.0, 0.14000256
17920.0, 0.139997
17930.0, 0.13999146
17940.0, 0.13998593
17950.0, 0.1399804
17960.0, 0.13997489
17970.0, 0.13996938
17980.0, 0.1399639
17990.0, 0.13995841
18000.0, 0.13995294
18010.0, 0.13994749
18020.0, 0.13994204
18030.0, 0.1399366
18040.0, 0.13993117
18050.0, 0.13992575
18060.0, 0.13992035
18070.0, 0.13991496
18080.0, 0.13990957
18090.0, 0.1399042
18100.0, 0.13989884
18110.0, 0.13989349
18120.0, 0.13988815
18130.0, 0.13988282
18140.0, 0.1398775
18150.0, 0.1398722
18160.0, 0.13986689
18170.0, 0.1398616
18180.0, 0.13985632
18190.0, 0.13985106
18200.0, 0.1398458
18210.0, 0.13984056
18220.0, 0.13983533
18230.0, 0.1398301
18240.0, 0.13982488
18250.0, 0.13981968
18260.0, 0.1398145
18270.0, 0.13980931
18280.0, 0.13980414
18290.0, 0.13979897
18300.0, 0.13979383
18310.0, 0.13978869
18320.0, 0.13978355
18330.0, 0.13977844
18340.0, 0.13977332
18350.0, 0.13976821
18360.0, 0.13976313
18370.0, 0.13975805
18380.0, 0.13975298
18390.0, 0.13974792
18400.0, 0.13974287
18410.0, 0.13973783
18420.0, 0.1397328
18430.0, 0.13972779
18440.0, 0.13972276
18450.0, 0.13971777
18460.0, 0.13971278
18470.0, 0.1397078
18480.0, 0.13970283
18490.0, 0.13969788
18500.0, 0.13969292
18510.0, 0.13968799
18520.0, 0.13968305
18530.0, 0.13967814
18540.0, 0.13967322
18550.0, 0.13966832
18560.0, 0.13966343
18570.0, 0.13965856
18580.0, 0.13965368
18590.0, 0.13964882
18600.0, 0.13964397
18610.0, 0.13963912
18620.0, 0.1396343
18630.0, 0.13962947
18640.0, 0.13962466
18650.0, 0.13961986
18660.0, 0.13961506
18670.0, 0.13961028
18680.0, 0.1396055
18690.0, 0.13960074
18700.0, 0.13959599
18710.0, 0.13959123
18720.0, 0.1395865
18730.0, 0.13958177
18740.0, 0.13957705
18750.0, 0.13957235
18760.0, 0.13956764
18770.0, 0.13956295
18780.0, 0.13955827
18790.0, 0.1395536
18800.0, 0.13954894
18810.0, 0.1395443
18820.0, 0.13953964
18830.0, 0.13953501
18840.0, 0.13953039
18850.0, 0.13952577
18860.0, 0.13952117
18870.0, 0.13951658
18880.0, 0.13951199
18890.0, 0.13950741
18900.0, 0.13950284
18910.0, 0.13949828
18920.0, 0.13949373
18930.0, 0.13948919
18940.0, 0.13948466
18950.0, 0.13948013
18960.0, 0.13947561
18970.0, 0.13947111
18980.0, 0.13946661
18990.0, 0.13946213
19000.0, 0.13945764
19010.0, 0.13945317
19020.0, 0.13944872
19030.0, 0.13944426
19040.0, 0.13943982
19050.0, 0.1394354
19060.0, 0.13943097
19070.0, 0.13942654
19080.0, 0.13942213
19090.0, 0.13941774
19100.0, 0.13941336
19110.0, 0.13940898
19120.0, 0.1394046
19130.0, 0.13940023
19140.0, 0.13939588
19150.0, 0.13939153
19160.0, 0.13938719
19170.0, 0.13938287
19180.0, 0.13937855
19190.0, 0.13937423
19200.0, 0.13936993
19210.0, 0.13936564
19220.0, 0.13936135
19230.0, 0.13935708
19240.0, 0.1393528
19250.0, 0.13934854
19260.0, 0.13934429
19270.0, 0.13934004
19280.0, 0.13933581
19290.0, 0.1393316
19300.0, 0.13932738
19310.0, 0.13932316
19320.0, 0.13931896
19330.0, 0.13931477
19340.0, 0.13931058
19350.0, 0.13930641
19360.0, 0.13930224
19370.0, 0.13929808
19380.0, 0.13929392
19390.0, 0.13928978
19400.0, 0.13928565
19410.0, 0.13928153
19420.0, 0.13927741
19430.0, 0.1392733
19440.0, 0.1392692
19450.0, 0.1392651
19460.0, 0.13926102
19470.0, 0.13925694
19480.0, 0.13925287
19490.0, 0.13924882
19500.0, 0.13924477
19510.0, 0.13924071
19520.0, 0.13923667
19530.0, 0.13923265
19540.0, 0.13922863
19550.0, 0.13922462
19560.0, 0.13922061
19570.0, 0.13921662
19580.0, 0.13921264
19590.0, 0.13920864
19600.0, 0.13920468
19610.0, 0.13920072
19620.0, 0.13919675
19630.0, 0.1391928
19640.0, 0.13918887
19650.0, 0.13918494
19660.0, 0.13918102
19670.0, 0.1391771
19680.0, 0.13917318
19690.0, 0.13916929
19700.0, 0.13916539
19710.0, 0.13916151
19720.0, 0.13915762
19730.0, 0.13915376
19740.0, 0.13914989
19750.0, 0.13914604
19760.0, 0.1391422
19770.0, 0.13913836
19780.0, 0.13913453
19790.0, 0.1391307
19800.0, 0.13912688
19810.0, 0.13912307
19820.0, 0.13911927
19830.0, 0.13911548
19840.0, 0.1391117
19850.0, 0.13910791
19860.0, 0.13910414
19870.0, 0.13910037
19880.0, 0.13909662
19890.0, 0.13909288
19900.0, 0.13908914
19910.0, 0.1390854
19920.0, 0.13908167
19930.0, 0.13907796
19940.0, 0.13907425
19950.0, 0.13907054
19960.0, 0.13906685
19970.0, 0.13906315
19980.0, 0.13905947
19990.0, 0.1390558
20000.0, 0.13905214
20010.0, 0.13904847
20020.0, 0.13904482
20030.0, 0.13904117
20040.0, 0.13903753
20050.0, 0.13903391
20060.0, 0.1390303
20070.0, 0.13902667
20080.0, 0.13902307
20090.0, 0.13901946
20100.0, 0.13901587
20110.0, 0.13901228
20120.0, 0.1390087
20130.0, 0.13900512
20140.0, 0.13900156
20150.0, 0.138998
20160.0, 0.13899446
20170.0, 0.13899091
20180.0, 0.13898738
20190.0, 0.13898385
20200.0, 0.13898031
20210.0, 0.1389768
20220.0, 0.1389733
20230.0, 0.1389698
20240.0, 0.13896629
20250.0, 0.1389628
20260.0, 0.13895933
20270.0, 0.13895585
20280.0, 0.13895239
20290.0, 0.13894893
20300.0, 0.13894548
20310.0, 0.13894203
20320.0, 0.13893859
20330.0, 0.13893515
20340.0, 0.13893172
20350.0, 0.13892831
20360.0, 0.1389249
20370.0, 0.1389215
20380.0, 0.13891809
20390.0, 0.1389147
20400.0, 0.13891132
20410.0, 0.13890794
20420.0, 0.13890457
20430.0, 0.1389012
20440.0, 0.13889785
20450.0, 0.1388945
20460.0, 0.13889115
20470.0, 0.13888781
20480.0, 0.13888448
20490.0, 0.13888116
20500.0, 0.13887784
20510.0, 0.13887453
20520.0, 0.13887122
20530.0, 0.13886793
20540.0, 0.13886464
20550.0, 0.13886134
20560.0, 0.13885807
20570.0, 0.1388548
20580.0, 0.13885154
20590.0, 0.13884827
20600.0, 0.13884503
20610.0, 0.13884178
20620.0, 0.13883853
20630.0, 0.13883531
20640.0, 0.13883208
20650.0, 0.13882886
20660.0, 0.13882564
20670.0, 0.13882244
20680.0, 0.13881923
20690.0, 0.13881604
20700.0, 0.13881285
20710.0, 0.13880968
20720.0, 0.13880649
20730.0, 0.13880333
20740.0, 0.13880017
20750.0, 0.13879701
20760.0, 0.13879386
20770.0, 0.13879071
20780.0, 0.13878758
20790.0, 0.13878445
20800.0, 0.13878132
20810.0, 0.13877821
20820.0, 0.1387751
20830.0, 0.138772
20840.0, 0.1387689
20850.0, 0.1387658
20860.0, 0.13876271
20870.0, 0.13875963
20880.0, 0.13875656
20890.0, 0.13875349
20900.0, 0.13875042
20910.0, 0.13874736
20920.0, 0.13874431
20930.0, 0.13874127
20940.0, 0.13873823
20950.0, 0.1387352
20960.0, 0.13873218
20970.0, 0.13872916
20980.0, 0.13872615
20990.0, 0.13872313
21000.0, 0.13872012
21010.0, 0.13871713
21020.0, 0.13871413
21030.0, 0.13871115
21040.0, 0.13870817
21050.0, 0.13870521
21060.0, 0.13870224
21070.0, 0.13869928
21080.0, 0.13869633
21090.0, 0.13869338
21100.0, 0.13869044
21110.0, 0.13868749
21120.0, 0.13868457
21130.0, 0.13868164
21140.0, 0.13867873
21150.0, 0.13867581
21160.0, 0.1386729
21170.0, 0.13867
21180.0, 0.1386671
21190.0, 0.13866422
21200.0, 0.13866132
21210.0, 0.13865845
21220.0, 0.13865557
21230.0, 0.13865271
21240.0, 0.13864985
21250.0, 0.13864699
21260.0, 0.13864414
21270.0, 0.1386413
21280.0, 0.13863847
21290.0, 0.13863562
21300.0, 0.1386328
21310.0, 0.13862997
21320.0, 0.13862716
21330.0, 0.13862436
21340.0, 0.13862155
21350.0, 0.13861875
21360.0, 0.13861595
21370.0, 0.13861316
21380.0, 0.13861038
21390.0, 0.1386076
21400.0, 0.13860483
21410.0, 0.13860208
21420.0, 0.1385993
21430.0, 0.13859655
21440.0, 0.13859381
21450.0, 0.13859107
21460.0, 0.13858832
21470.0, 0.1385856
21480.0, 0.13858287
21490.0, 0.13858014
21500.0, 0.13857743
21510.0, 0.13857472
21520.0, 0.138572
21530.0, 0.13856931
21540.0, 0.13856661
21550.0, 0.13856393
21560.0, 0.13856123
21570.0, 0.13855857
21580.0, 0.13855588
21590.0, 0.13855322
21600.0, 0.13855056
21610.0, 0.1385479
21620.0, 0.13854524
21630.0, 0.1385426
21640.0, 0.13853996
21650.0, 0.13853733
21660.0, 0.1385347
21670.0, 0.13853207
21680.0, 0.13852945
21690.0, 0.13852683
21700.0, 0.13852422
21710.0, 0.13852161
21720.0, 0.13851902
21730.0, 0.13851643
21740.0, 0.13851383
21750.0, 0.13851126
21760.0, 0.13850868
21770.0, 0.1385061
21780.0, 0.13850354
21790.0, 0.13850097
21800.0, 0.13849841
21810.0, 0.13849586
21820.0, 0.13849331
21830.0, 0.13849077
21840.0, 0.13848823
21850.0, 0.1384857
21860.0, 0.13848317
21870.0, 0.13848065
21880.0, 0.13847813
21890.0, 0.13847561
21900.0, 0.13847311
21910.0, 0.1384706
21920.0, 0.1384681
21930.0, 0.13846561
21940.0, 0.13846312
21950.0, 0.13846064
21960.0, 0.13845816
21970.0, 0.13845569
21980.0, 0.13845323
21990.0, 0.13845076
22000.0, 0.1384483
22010.0, 0.13844585
22020.0, 0.13844341
22030.0, 0.13844097
22040.0, 0.13843852
22050.0, 0.1384361
22060.0, 0.13843367
22070.0, 0.13843124
22080.0, 0.13842882
22090.0, 0.13842641
22100.0, 0.138424
22110.0, 0.1384216
22120.0, 0.1384192
22130.0, 0.1384168
22140.0, 0.1384144
22150.0, 0.13841201
22160.0, 0.13840964
22170.0, 0.13840726
22180.0, 0.13840489
22190.0, 0.13840252
22200.0, 0.13840017
22210.0, 0.13839781
22220.0, 0.13839546
22230.0, 0.1383931
22240.0, 0.13839076
22250.0, 0.13838843
22260.0, 0.1383861
22270.0, 0.13838376
22280.0, 0.13838144
22290.0, 0.13837913
22300.0, 0.1383768
22310.0, 0.13837449
22320.0, 0.1383722
22330.0, 0.13836989
22340.0, 0.1383676
22350.0, 0.1383653
22360.0, 0.13836302
22370.0, 0.13836074
22380.0, 0.13835846
22390.0, 0.13835618
22400.0, 0.13835391
22410.0, 0.13835165
22420.0, 0.13834938
22430.0, 0.13834713
22440.0, 0.13834488
22450.0, 0.13834263
22460.0, 0.1383404
22470.0, 0.13833815
22480.0, 0.13833593
22490.0, 0.1383337
22500.0, 0.13833147
22510.0, 0.13832925
22520.0, 0.13832703
22530.0, 0.13832483
22540.0, 0.13832262
22550.0, 0.13832042
22560.0, 0.13831823
22570.0, 0.13831602
22580.0, 0.13831383
22590.0, 0.13831165
22600.0, 0.13830948
22610.0, 0.1383073
22620.0, 0.13830513
22630.0, 0.13830295
22640.0, 0.13830079
22650.0, 0.13829863
22660.0, 0.13829648
22670.0, 0.13829434
22680.0, 0.1382922
22690.0, 0.13829005
22700.0, 0.13828792
22710.0, 0.13828579
22720.0, 0.13828366
22730.0, 0.13828152
22740.0, 0.13827941
22750.0, 0.13827729
22760.0, 0.13827518
22770.0, 0.13827308
22780.0, 0.13827097
22790.0, 0.13826887
22800.0, 0.13826677
22810.0, 0.13826469
22820.0, 0.1382626
22830.0, 0.13826051
22840.0, 0.13825844
22850.0, 0.13825637
22860.0, 0.1382543
22870.0, 0.13825223
22880.0, 0.13825017
22890.0, 0.13824812
22900.0, 0.13824606
22910.0, 0.13824402
22920.0, 0.13824196
22930.0, 0.13823992
22940.0, 0.1382379
22950.0, 0.13823585
22960.0, 0.13823383
22970.0, 0.1382318
22980.0, 0.13822979
22990.0, 0.13822776
23000.0, 0.13822575
23010.0, 0.13822375
23020.0, 0.13822174
23030.0, 0.13821974
23040.0, 0.13821775
23050.0, 0.13821575
23060.0, 0.13821377
23070.0, 0.13821179
23080.0, 0.1382098
23090.0, 0.13820782
23100.0, 0.13820586
23110.0, 0.13820387
23120.0, 0.13820192
23130.0, 0.13819996
23140.0, 0.138198
23150.0, 0.13819605
23160.0, 0.1381941
23170.0, 0.13819215
23180.0, 0.13819021
23190.0, 0.13818827
23200.0, 0.13818634
23210.0, 0.13818441
23220.0, 0.13818249
23230.0, 0.13818057
23240.0, 0.13817865
23250.0, 0.13817672
23260.0, 0.13817482
23270.0, 0.13817291
23280.0, 0.13817102
23290.0, 0.13816911
23300.0, 0.13816722
23310.0, 0.13816532
23320.0, 0.13816343
23330.0, 0.13816155
23340.0, 0.13815968
23350.0, 0.1381578
23360.0, 0.13815592
23370.0, 0.13815406
23380.0, 0.1381522
23390.0, 0.13815033
23400.0, 0.13814847
23410.0, 0.13814662
23420.0, 0.13814476
23430.0, 0.13814291
23440.0, 0.13814108
23450.0, 0.13813923
23460.0, 0.1381374
23470.0, 0.13813557
23480.0, 0.13813375
23490.0, 0.13813192
23500.0, 0.1381301
23510.0, 0.13812828
23520.0, 0.13812646
23530.0, 0.13812466
23540.0, 0.13812286
23550.0, 0.13812105
23560.0, 0.13811925
23570.0, 0.13811745
23580.0, 0.13811566
23590.0, 0.13811387
23600.0, 0.13811208
23610.0, 0.13811031
23620.0, 0.13810854
23630.0, 0.13810675
23640.0, 0.13810499
23650.0, 0.13810322
23660.0, 0.13810146
23670.0, 0.1380997
23680.0, 0.13809794
23690.0, 0.13809618
23700.0, 0.13809444
23710.0, 0.13809268
23720.0, 0.13809095
23730.0, 0.13808921
23740.0, 0.13808747
23750.0, 0.13808574
23760.0, 0.13808401
23770.0, 0.13808228
23780.0, 0.13808057
23790.0, 0.13807885
23800.0, 0.13807712
23810.0, 0.13807543
23820.0, 0.13807371
23830.0, 0.13807201
23840.0, 0.1380703
23850.0, 0.1380686
23860.0, 0.13806692
23870.0, 0.13806522
23880.0, 0.13806354
23890.0, 0.13806185
23900.0, 0.13806017
23910.0, 0.1380585
23920.0, 0.13805681
23930.0, 0.13805515
23940.0, 0.13805348
23950.0, 0.13805182
23960.0, 0.13805015
23970.0, 0.1380485
23980.0, 0.13804685
23990.0, 0.13804519
24000.0, 0.13804354
24010.0, 0.1380419
24020.0, 0.13804026
24030.0, 0.13803862
24040.0, 0.13803698
24050.0, 0.13803536
24060.0, 0.13803373
24070.0, 0.13803211
24080.0, 0.13803048
24090.0, 0.13802886
24100.0, 0.13802725
24110.0, 0.13802564
24120.0, 0.13802403
24130.0, 0.13802242
24140.0, 0.13802083
24150.0, 0.13801922
24160.0, 0.13801762
24170.0, 0.13801603
24180.0, 0.13801445
24190.0, 0.13801286
24200.0, 0.13801128
24210.0, 0.1380097
24220.0, 0.13800812
24230.0, 0.13800655
24240.0, 0.13800497
24250.0, 0.13800341
24260.0, 0.13800184
24270.0, 0.13800028
24280.0, 0.13799873
24290.0, 0.13799717
24300.0, 0.13799562
24310.0, 0.13799407
24320.0, 0.13799253
24330.0, 0.13799098
24340.0, 0.13798945
24350.0, 0.13798791
24360.0, 0.13798638
24370.0, 0.13798484
24380.0, 0.13798332
24390.0, 0.13798179
24400.0, 0.13798027
24410.0, 0.13797875
24420.0, 0.13797724
24430.0, 0.13797572
24440.0, 0.13797422
24450.0, 0.13797271
24460.0, 0.13797121
24470.0, 0.13796972
24480.0, 0.13796821
24490.0, 0.13796672
24500.0, 0.13796523
24510.0, 0.13796374
24520.0, 0.13796225
24530.0, 0.13796078
24540.0, 0.1379593
24550.0, 0.13795783
24560.0, 0.13795635
24570.0, 0.13795488
24580.0, 0.13795342
24590.0, 0.13795194
24600.0, 0.13795048
24610.0, 0.13794902
24620.0, 0.13794757
24630.0, 0.13794611
24640.0, 0.13794467
24650.0, 0.13794322
24660.0, 0.13794178
24670.0, 0.13794033
24680.0, 0.1379389
24690.0, 0.13793746
24700.0, 0.13793603
24710.0, 0.1379346
24720.0, 0.13793318
24730.0, 0.13793175
24740.0, 0.13793033
24750.0, 0.13792892
24760.0, 0.1379275
24770.0, 0.13792609
24780.0, 0.13792467
24790.0, 0.13792327
24800.0, 0.13792187
24810.0, 0.13792047
24820.0, 0.13791907
24830.0, 0.13791767
24840.0, 0.13791628
24850.0, 0.13791488
24860.0, 0.1379135
24870.0, 0.13791211
24880.0, 0.13791074
24890.0, 0.13790935
24900.0, 0.13790798
24910.0, 0.1379066
24920.0, 0.13790523
24930.0, 0.13790387
24940.0, 0.1379025
24950.0, 0.13790114
24960.0, 0.13789977
24970.0, 0.13789842
24980.0, 0.13789706
24990.0, 0.13789572
25000.0, 0.13789436
25010.0, 0.13789302
25020.0, 0.13789168
25030.0, 0.13789034
25040.0, 0.137889
25050.0, 0.13788766
25060.0, 0.13788633
25070.0, 0.137885
25080.0, 0.13788366
25090.0, 0.13788235
25100.0, 0.13788103
25110.0, 0.1378797
25120.0, 0.13787839
25130.0, 0.13787708
25140.0, 0.13787577
25150.0, 0.13787445
25160.0, 0.13787314
25170.0, 0.13787185
25180.0, 0.13787054
25190.0, 0.13786924
25200.0, 0.13786794
25210.0, 0.13786665
25220.0, 0.13786536
25230.0, 0.13786407
25240.0, 0.13786279
25250.0, 0.1378615
25260.0, 0.13786022
25270.0, 0.13785894
25280.0, 0.13785768
25290.0, 0.1378564
25300.0, 0.13785513
25310.0, 0.13785386
25320.0, 0.1378526
25330.0, 0.13785133
25340.0, 0.13785008
25350.0, 0.13784881
25360.0, 0.13784756
25370.0, 0.1378463
25380.0, 0.13784505
25390.0, 0.1378438
25400.0, 0.13784257
25410.0, 0.13784131
25420.0, 0.13784008
25430.0, 0.13783884
25440.0, 0.1378376
25450.0, 0.13783637
25460.0, 0.13783514
25470.0, 0.13783391
25480.0, 0.13783269
25490.0, 0.13783146
25500.0, 0.13783024
25510.0, 0.13782902
25520.0, 0.13782781
25530.0, 0.13782659
25540.0, 0.13782538
25550.0, 0.13782418
25560.0, 0.13782297
25570.0, 0.13782176
25580.0, 0.13782057
25590.0, 0.13781936
25600.0, 0.13781817
25610.0, 0.13781698
25620.0, 0.13781579
25630.0, 0.1378146
25640.0, 0.1378134
25650.0, 0.13781223
25660.0, 0.13781105
25670.0, 0.13780986
25680.0, 0.13780868
25690.0, 0.13780752
25700.0, 0.13780634
25710.0, 0.13780516
25720.0, 0.137804
25730.0, 0.13780284
25740.0, 0.13780168
25750.0, 0.13780051
25760.0, 0.13779935
25770.0, 0.13779819
25780.0, 0.13779704
25790.0, 0.1377959
25800.0, 0.13779473
25810.0, 0.1377936
25820.0, 0.13779245
25830.0, 0.1377913
25840.0, 0.13779016
25850.0, 0.13778903
25860.0, 0.1377879
25870.0, 0.13778676
25880.0, 0.13778563
25890.0, 0.1377845
25900.0, 0.13778338
25910.0, 0.13778225
25920.0, 0.13778113
25930.0, 0.13778001
25940.0, 0.1377789
25950.0, 0.13777778
25960.0, 0.13777666
25970.0, 0.13777554
25980.0, 0.13777444
25990.0, 0.13777333
26000.0, 0.13777223
26010.0, 0.13777113
26020.0, 0.13777003
26030.0, 0.13776892
26040.0, 0.13776784
26050.0, 0.13776673
26060.0, 0.13776565
26070.0, 0.13776456
26080.0, 0.13776347
26090.0, 0.13776238
26100.0, 0.13776131
26110.0, 0.13776022
26120.0, 0.13775915
26130.0, 0.13775806
26140.0, 0.13775699
26150.0, 0.13775592
26160.0, 0.13775486
26170.0, 0.13775378
26180.0, 0.13775273
26190.0, 0.13775165
26200.0, 0.1377506
26210.0, 0.13774954
26220.0, 0.13774848
26230.0, 0.13774742
26240.0, 0.13774638
26250.0, 0.13774532
26260.0, 0.13774428
26270.0, 0.13774323
26280.0, 0.13774218
26290.0, 0.13774113
26300.0, 0.1377401
26310.0, 0.13773906
26320.0, 0.13773803
26330.0, 0.13773699
26340.0, 0.13773596
26350.0, 0.13773493
26360.0, 0.1377339
26370.0, 0.13773288
26380.0, 0.13773185
26390.0, 0.13773084
26400.0, 0.13772981
26410.0, 0.1377288
26420.0, 0.13772778
26430.0, 0.13772677
26440.0, 0.13772576
26450.0, 0.13772474
26460.0, 0.13772374
26470.0, 0.13772273
26480.0, 0.13772173
26490.0, 0.13772073
26500.0, 0.13771974
26510.0, 0.13771874
26520.0, 0.13771774
26530.0, 0.13771674
26540.0, 0.13771576
26550.0, 0.13771476
26560.0, 0.13771378
26570.0, 0.13771279
26580.0, 0.13771181
26590.0, 0.13771082
26600.0, 0.13770984
26610.0, 0.13770887
26620.0, 0.13770789
26630.0, 0.13770692
26640.0, 0.13770595
26650.0, 0.13770498
26660.0, 0.13770401
26670.0, 0.13770305
26680.0, 0.13770208
26690.0, 0.13770112
26700.0, 0.13770016
26710.0, 0.1376992
26720.0, 0.13769825
26730.0, 0.1376973
26740.0, 0.13769634
26750.0, 0.13769539
26760.0, 0.13769443
26770.0, 0.1376935
26780.0, 0.13769254
26790.0, 0.1376916
26800.0, 0.13769066
26810.0, 0.13768972
26820.0, 0.13768879
26830.0, 0.13768785
26840.0, 0.13768691
26850.0, 0.13768598
26860.0, 0.13768506
26870.0, 0.13768412
26880.0, 0.1376832
26890.0, 0.13768227
26900.0, 0.13768135
26910.0, 0.13768043
26920.0, 0.13767952
26930.0, 0.1376786
26940.0, 0.13767768
26950.0, 0.13767676
26960.0, 0.13767585
26970.0, 0.13767494
26980.0, 0.13767403
26990.0, 0.13767314
27000.0, 0.13767223
27010.0, 0.13767132
27020.0, 0.13767043
27030.0, 0.13766953
27040.0, 0.13766862
27050.0, 0.13766773
27060.0, 0.13766684
27070.0, 0.13766594
27080.0, 0.13766506
27090.0, 0.13766417
27100.0, 0.13766329
27110.0, 0.1376624
27120.0, 0.13766152
27130.0, 0.13766064
27140.0, 0.13765976
27150.0, 0.13765888
27160.0, 0.137658
27170.0, 0.13765714
27180.0, 0.13765626
27190.0, 0.13765539
27200.0, 0.13765451
27210.0, 0.13765365
27220.0, 0.13765278
27230.0, 0.13765192
27240.0, 0.13765106
27250.0, 0.1376502
27260.0, 0.13764934
27270.0, 0.1376485
27280.0, 0.13764763
27290.0, 0.13764678
27300.0, 0.13764593
27310.0, 0.13764508
27320.0, 0.13764423
27330.0, 0.13764338
27340.0, 0.13764253
27350.0, 0.1376417
27360.0, 0.13764085
27370.0, 0.13764001
27380.0, 0.13763918
27390.0, 0.13763835
27400.0, 0.1376375
27410.0, 0.13763668
27420.0, 0.13763584
27430.0, 0.13763501
27440.0, 0.13763419
27450.0, 0.13763335
27460.0, 0.13763253
27470.0, 0.13763171
27480.0, 0.13763088
27490.0, 0.13763006
27500.0, 0.13762924
27510.0, 0.13762844
27520.0, 0.13762762
27530.0, 0.1376268
27540.0, 0.13762599
27550.0, 0.13762519
27560.0, 0.13762437
27570.0, 0.13762356
27580.0, 0.13762276
27590.0, 0.13762195
27600.0, 0.13762115
27610.0, 0.13762036
27620.0, 0.13761955
27630.0, 0.13761877
27640.0, 0.13761796
27650.0, 0.13761717
27660.0, 0.13761638
27670.0, 0.13761559
27680.0, 0.1376148
27690.0, 0.13761401
27700.0, 0.13761322
27710.0, 0.13761243
27720.0, 0.13761166
27730.0, 0.13761087
27740.0, 0.1376101
27750.0, 0.13760932
27760.0, 0.13760854
27770.0, 0.13760777
27780.0, 0.137607
27790.0, 0.13760622
27800.0, 0.13760544
27810.0, 0.13760468
27820.0, 0.13760391
27830.0, 0.13760315
27840.0, 0.13760237
27850.0, 0.13760161
27860.0, 0.13760085
27870.0, 0.1376001
27880.0, 0.13759933
27890.0, 0.13759859
27900.0, 0.13759783
27910.0, 0.13759707
27920.0, 0.13759632
27930.0, 0.13759556
27940.0, 0.13759482
27950.0, 0.13759407
27960.0, 0.13759333
27970.0, 0.13759258
27980.0, 0.13759184
27990.0, 0.1375911
28000.0, 0.13759036
28010.0, 0.13758962
28020.0, 0.13758887
28030.0, 0.13758814
28040.0, 0.13758741
28050.0, 0.13758668
28060.0, 0.13758595
28070.0, 0.13758522
28080.0, 0.1375845
28090.0, 0.13758376
28100.0, 0.13758303
28110.0, 0.13758232
28120.0, 0.13758159
28130.0, 0.13758087
28140.0, 0.13758014
28150.0, 0.13757943
28160.0, 0.13757871
28170.0, 0.137578
28180.0, 0.13757728
28190.0, 0.13757657
28200.0, 0.13757585
28210.0, 0.13757515
28220.0, 0.13757443
28230.0, 0.13757373
28240.0, 0.13757303
28250.0, 0.13757232
28260.0, 0.13757162
28270.0, 0.13757092
28280.0, 0.13757022
28290.0, 0.13756952
28300.0, 0.13756882
28310.0, 0.13756813
28320.0, 0.13756743
28330.0, 0.13756675
28340.0, 0.13756604
28350.0, 0.13756536
28360.0, 0.13756467
28370.0, 0.13756397
28380.0, 0.13756329
28390.0, 0.1375626
28400.0, 0.13756193
28410.0, 0.13756125
28420.0, 0.13756056
28430.0, 0.13755989
28440.0, 0.1375592
28450.0, 0.13755853
28460.0, 0.13755785
28470.0, 0.13755718
28480.0, 0.13755651
28490.0, 0.13755584
28500.0, 0.13755517
28510.0, 0.1375545
28520.0, 0.13755383
28530.0, 0.13755317
28540.0, 0.1375525
28550.0, 0.13755184
28560.0, 0.13755117
28570.0, 0.13755052
28580.0, 0.13754986
28590.0, 0.13754919
28600.0, 0.13754854
28610.0, 0.13754788
28620.0, 0.13754722
28630.0, 0.13754658
28640.0, 0.13754593
28650.0, 0.13754527
28660.0, 0.13754463
28670.0, 0.13754398
28680.0, 0.13754334
28690.0, 0.1375427
28700.0, 0.13754205
28710.0, 0.1375414
28720.0, 0.13754076
28730.0, 0.13754012
28740.0, 0.13753949
28750.0, 0.13753885
28760.0, 0.13753821
28770.0, 0.13753758
28780.0, 0.13753694
28790.0, 0.13753632
28800.0, 0.13753568
28810.0, 0.13753505
28820.0, 0.13753442
28830.0, 0.1375338
28840.0, 0.13753317
28850.0, 0.13753255
28860.0, 0.13753192
28870.0, 0.1375313
28880.0, 0.13753068
28890.0, 0.13753006
28900.0, 0.13752945
28910.0, 0.13752882
28920.0, 0.13752821
28930.0, 0.1375276
28940.0, 0.13752697
28950.0, 0.13752636
28960.0, 0.13752575
28970.0, 0.13752514
28980.0, 0.13752455
28990.0, 0.13752393
29000.0, 0.13752332
29010.0, 0.13752273
29020.0, 0.13752212
29030.0, 0.13752152
29040.0, 0.13752091
29050.0, 0.13752031
29060.0, 0.13751972
29070.0, 0.13751912
29080.0, 0.13751853
29090.0, 0.13751793
29100.0, 0.13751733
29110.0, 0.13751674
29120.0, 0.13751614
29130.0, 0.13751556
29140.0, 0.13751496
29150.0, 0.13751438
29160.0, 0.13751379
29170.0, 0.1375132
29180.0, 0.13751262
29190.0, 0.13751204
29200.0, 0.13751146
29210.0, 0.13751088
29220.0, 0.1375103
29230.0, 0.13750972
29240.0, 0.13750914
29250.0, 0.13750856
29260.0, 0.13750799
29270.0, 0.13750741
29280.0, 0.13750684
29290.0, 0.13750626
29300.0, 0.1375057
29310.0, 0.13750513
29320.0, 0.13750456
29330.0, 0.137504
29340.0, 0.13750343
29350.0, 0.13750286
29360.0, 0.1375023
29370.0, 0.13750173
29380.0, 0.13750117
29390.0, 0.13750061
29400.0, 0.13750005
29410.0, 0.1374995
29420.0, 0.13749893
29430.0, 0.13749838
29440.0, 0.13749783
29450.0, 0.13749726
29460.0, 0.13749671
29470.0, 0.13749616
29480.0, 0.1374956
29490.0, 0.13749507
29500.0, 0.13749452
29510.0, 0.13749397
29520.0, 0.13749342
29530.0, 0.13749288
29540.0, 0.13749233
29550.0, 0.13749179
29560.0, 0.13749124
29570.0, 0.1374907
29580.0, 0.13749017
29590.0, 0.13748963
29600.0, 0.1374891
29610.0, 0.13748856
29620.0, 0.13748802
29630.0, 0.13748749
29640.0, 0.13748695
29650.0, 0.13748641
29660.0, 0.13748589
29670.0, 0.13748536
29680.0, 0.13748483
29690.0, 0.1374843
29700.0, 0.13748378
29710.0, 0.13748325
29720.0, 0.13748272
29730.0, 0.1374822
29740.0, 0.13748167
29750.0, 0.13748115
29760.0, 0.13748063
29770.0, 0.13748011
29780.0, 0.13747959
29790.0, 0.13747908
29800.0, 0.13747856
29810.0, 0.13747804
29820.0, 0.13747753
29830.0, 0.13747703
29840.0, 0.1374765
29850.0, 0.137476
29860.0, 0.13747549
29870.0, 0.13747497
29880.0, 0.13747446
29890.0, 0.13747396
29900.0, 0.13747345
29910.0, 0.13747294
29920.0, 0.13747245
29930.0, 0.13747194
29940.0, 0.13747144
29950.0, 0.13747093
29960.0, 0.13747044
29970.0, 0.13746993
29980.0, 0.13746944
29990.0, 0.13746895
30000.0, 0.13746844
