Energy (in eV), backscattering yield of material CFRP-NASCAP at isotropic incidence
   X,       Y
0.0, 0.0
10.0, 0.0
20.0, 0.0
30.0, 0.0
40.0, 0.0
50.0, 0.0
60.0, 0.089839935
70.0, 0.11500045
80.0, 0.13274789
90.0, 0.146645
100.0, 0.15809906
110.0, 0.16784246
120.0, 0.17631364
130.0, 0.18379867
140.0, 0.19049574
150.0, 0.19654825
160.0, 0.20206349
170.0, 0.207124
180.0, 0.21179461
190.0, 0.21612723
200.0, 0.2201641
210.0, 0.22394004
220.0, 0.22748409
230.0, 0.23082069
240.0, 0.23397067
250.0, 0.23695192
260.0, 0.23977983
270.0, 0.24246784
280.0, 0.24502769
290.0, 0.24746974
300.0, 0.24980313
310.0, 0.252036
320.0, 0.25417563
330.0, 0.25622848
340.0, 0.2582005
350.0, 0.26009685
360.0, 0.26192245
370.0, 0.26368165
380.0, 0.26537833
390.0, 0.26701617
400.0, 0.26859856
410.0, 0.2701284
420.0, 0.27160868
430.0, 0.2730419
440.0, 0.27443048
450.0, 0.27577665
460.0, 0.27708244
470.0, 0.27834985
480.0, 0.27958056
490.0, 0.28077632
500.0, 0.28193867
510.0, 0.28306904
520.0, 0.2841688
530.0, 0.28523928
540.0, 0.28628162
550.0, 0.287297
560.0, 0.28828648
570.0, 0.289251
580.0, 0.29019165
590.0, 0.29110917
600.0, 0.2920045
610.0, 0.29287842
620.0, 0.2937317
630.0, 0.29456508
640.0, 0.29537922
650.0, 0.29617473
660.0, 0.2969523
670.0, 0.2977125
680.0, 0.29845586
690.0, 0.299183
700.0, 0.2998944
710.0, 0.30059043
720.0, 0.3012717
730.0, 0.3019386
740.0, 0.3025916
750.0, 0.30323103
760.0, 0.30385733
770.0, 0.3044709
780.0, 0.30507204
790.0, 0.30566114
800.0, 0.3062385
810.0, 0.30680448
820.0, 0.30735934
830.0, 0.30790338
840.0, 0.30843693
850.0, 0.3089602
860.0, 0.3094735
870.0, 0.30997705
880.0, 0.31047115
890.0, 0.3109559
900.0, 0.31143174
910.0, 0.31189868
920.0, 0.31235707
930.0, 0.31280702
940.0, 0.3132488
950.0, 0.31368256
960.0, 0.31410852
970.0, 0.3145268
980.0, 0.31493765
990.0, 0.31534114
1000.0, 0.31573752
1010.0, 0.31554922
1020.0, 0.31536126
1030.0, 0.31517363
1040.0, 0.3149863
1050.0, 0.31479925
1060.0, 0.31461248
1070.0, 0.31442606
1080.0, 0.31423992
1090.0, 0.31405413
1100.0, 0.3138686
1110.0, 0.31368342
1120.0, 0.31349853
1130.0, 0.3133139
1140.0, 0.3131296
1150.0, 0.3129456
1160.0, 0.3127619
1170.0, 0.31257853
1180.0, 0.31239545
1190.0, 0.31221268
1200.0, 0.3120302
1210.0, 0.31184795
1220.0, 0.3116661
1230.0, 0.31148452
1240.0, 0.31130323
1250.0, 0.31112224
1260.0, 0.31094155
1270.0, 0.31076115
1280.0, 0.31058106
1290.0, 0.31040123
1300.0, 0.31022173
1310.0, 0.31004256
1320.0, 0.30986363
1330.0, 0.30968502
1340.0, 0.3095067
1350.0, 0.30932868
1360.0, 0.30915093
1370.0, 0.3089735
1380.0, 0.30879635
1390.0, 0.3086195
1400.0, 0.30844292
1410.0, 0.30826667
1420.0, 0.30809066
1430.0, 0.30791497
1440.0, 0.3077396
1450.0, 0.30756447
1460.0, 0.30738962
1470.0, 0.30721512
1480.0, 0.30704087
1490.0, 0.3068669
1500.0, 0.30669326
1510.0, 0.30651987
1520.0, 0.30634677
1530.0, 0.30617395
1540.0, 0.30600145
1550.0, 0.3058292
1560.0, 0.30565727
1570.0, 0.30548558
1580.0, 0.30531418
1590.0, 0.3051431
1600.0, 0.30497226
1610.0, 0.30480173
1620.0, 0.3046315
1630.0, 0.3044615
1640.0, 0.30429184
1650.0, 0.30412242
1660.0, 0.30395332
1670.0, 0.30378446
1680.0, 0.3036159
1690.0, 0.3034476
1700.0, 0.3032796
1710.0, 0.3031119
1720.0, 0.30294442
1730.0, 0.30277726
1740.0, 0.30261037
1750.0, 0.30244374
1760.0, 0.30227742
1770.0, 0.30211136
1780.0, 0.30194557
1790.0, 0.30178005
1800.0, 0.30161482
1810.0, 0.30144987
1820.0, 0.30128518
1830.0, 0.30112076
1840.0, 0.30095658
1850.0, 0.30079272
1860.0, 0.30062917
1870.0, 0.30046582
1880.0, 0.30030274
1890.0, 0.30014
1900.0, 0.29997748
1910.0, 0.29981524
1920.0, 0.29965326
1930.0, 0.29949155
1940.0, 0.29933015
1950.0, 0.29916897
1960.0, 0.2990081
1970.0, 0.29884747
1980.0, 0.2986871
1990.0, 0.29852703
2000.0, 0.2983672
2010.0, 0.29820764
2020.0, 0.29804835
2030.0, 0.29788932
2040.0, 0.2977306
2050.0, 0.2975721
2060.0, 0.29741386
2070.0, 0.29725587
2080.0, 0.2970982
2090.0, 0.29694077
2100.0, 0.29678357
2110.0, 0.2966267
2120.0, 0.29647005
2130.0, 0.29631364
2140.0, 0.2961575
2150.0, 0.29600164
2160.0, 0.29584607
2170.0, 0.29569072
2180.0, 0.29553565
2190.0, 0.2953808
2200.0, 0.29522622
2210.0, 0.2950719
2220.0, 0.29491788
2230.0, 0.29476407
2240.0, 0.29461056
2250.0, 0.2944573
2260.0, 0.29430425
2270.0, 0.2941515
2280.0, 0.293999
2290.0, 0.29384676
2300.0, 0.29369473
2310.0, 0.293543
2320.0, 0.29339153
2330.0, 0.2932403
2340.0, 0.2930893
2350.0, 0.2929386
2360.0, 0.29278812
2370.0, 0.29263788
2380.0, 0.29248792
2390.0, 0.29233822
2400.0, 0.29218876
2410.0, 0.29203954
2420.0, 0.29189056
2430.0, 0.29174185
2440.0, 0.2915934
2450.0, 0.2914452
2460.0, 0.2912972
2470.0, 0.2911495
2480.0, 0.29100204
2490.0, 0.2908548
2500.0, 0.29070783
2510.0, 0.2905611
2520.0, 0.29041463
2530.0, 0.29026842
2540.0, 0.29012242
2550.0, 0.2899767
2560.0, 0.2898312
2570.0, 0.28968596
2580.0, 0.28954095
2590.0, 0.28939617
2600.0, 0.2892517
2610.0, 0.28910738
2620.0, 0.28896335
2630.0, 0.28881958
2640.0, 0.28867605
2650.0, 0.28853273
2660.0, 0.28838968
2670.0, 0.28824687
2680.0, 0.28810427
2690.0, 0.28796196
2700.0, 0.28781986
2710.0, 0.28767797
2720.0, 0.28753638
2730.0, 0.287395
2740.0, 0.28725386
2750.0, 0.28711295
2760.0, 0.28697228
2770.0, 0.2868319
2780.0, 0.2866917
2790.0, 0.28655174
2800.0, 0.28641203
2810.0, 0.28627256
2820.0, 0.2861333
2830.0, 0.2859943
2840.0, 0.28585553
2850.0, 0.285717
2860.0, 0.2855787
2870.0, 0.28544062
2880.0, 0.28530282
2890.0, 0.2851652
2900.0, 0.2850278
2910.0, 0.28489068
2920.0, 0.28475377
2930.0, 0.28461713
2940.0, 0.28448066
2950.0, 0.28434446
2960.0, 0.2842085
2970.0, 0.28407276
2980.0, 0.28393725
2990.0, 0.28380197
3000.0, 0.2836669
3010.0, 0.28353208
3020.0, 0.2833975
3030.0, 0.28326312
3040.0, 0.28312898
3050.0, 0.28299507
3060.0, 0.28286138
3070.0, 0.28272793
3080.0, 0.28259468
3090.0, 0.28246167
3100.0, 0.2823289
3110.0, 0.28219634
3120.0, 0.28206402
3130.0, 0.2819319
3140.0, 0.28180003
3150.0, 0.28166837
3160.0, 0.28153697
3170.0, 0.28140575
3180.0, 0.28127477
3190.0, 0.28114402
3200.0, 0.28101346
3210.0, 0.28088316
3220.0, 0.28075308
3230.0, 0.2806232
3240.0, 0.28049356
3250.0, 0.28036413
3260.0, 0.2802349
3270.0, 0.28010592
3280.0, 0.27997714
3290.0, 0.2798486
3300.0, 0.2797203
3310.0, 0.27959216
3320.0, 0.27946427
3330.0, 0.27933663
3340.0, 0.27920917
3350.0, 0.27908194
3360.0, 0.2789549
3370.0, 0.2788281
3380.0, 0.2787015
3390.0, 0.27857512
3400.0, 0.278449
3410.0, 0.27832305
3420.0, 0.27819732
3430.0, 0.2780718
3440.0, 0.2779465
3450.0, 0.27782145
3460.0, 0.27769658
3470.0, 0.27757192
3480.0, 0.2774475
3490.0, 0.27732325
3500.0, 0.27719924
3510.0, 0.27707547
3520.0, 0.27695185
3530.0, 0.2768285
3540.0, 0.27670532
3550.0, 0.27658236
3560.0, 0.27645963
3570.0, 0.2763371
3580.0, 0.27621475
3590.0, 0.27609265
3600.0, 0.27597073
3610.0, 0.27584904
3620.0, 0.27572754
3630.0, 0.27560627
3640.0, 0.27548522
3650.0, 0.27536437
3660.0, 0.2752437
3670.0, 0.27512324
3680.0, 0.27500302
3690.0, 0.27488297
3700.0, 0.27476317
3710.0, 0.27464354
3720.0, 0.27452412
3730.0, 0.2744049
3740.0, 0.2742859
3750.0, 0.2741671
3760.0, 0.2740485
3770.0, 0.2739301
3780.0, 0.2738119
3790.0, 0.27369392
3800.0, 0.27357614
3810.0, 0.27345857
3820.0, 0.27334118
3830.0, 0.27322403
3840.0, 0.27310705
3850.0, 0.27299026
3860.0, 0.2728737
3870.0, 0.27275732
3880.0, 0.27264115
3890.0, 0.2725252
3900.0, 0.2724094
3910.0, 0.27229384
3920.0, 0.27217847
3930.0, 0.2720633
3940.0, 0.2719483
3950.0, 0.27183357
3960.0, 0.27171898
3970.0, 0.27160457
3980.0, 0.27149042
3990.0, 0.27137643
4000.0, 0.27126265
4010.0, 0.27114904
4020.0, 0.27103564
4030.0, 0.27092245
4040.0, 0.27080947
4050.0, 0.27069664
4060.0, 0.27058402
4070.0, 0.27047163
4080.0, 0.2703594
4090.0, 0.27024734
4100.0, 0.27013552
4110.0, 0.27002388
4120.0, 0.26991242
4130.0, 0.26980117
4140.0, 0.2696901
4150.0, 0.26957923
4160.0, 0.26946855
4170.0, 0.26935807
4180.0, 0.26924777
4190.0, 0.26913765
4200.0, 0.26902774
4210.0, 0.268918
4220.0, 0.26880848
4230.0, 0.26869914
4240.0, 0.26858997
4250.0, 0.26848102
4260.0, 0.26837227
4270.0, 0.26826367
4280.0, 0.26815525
4290.0, 0.26804706
4300.0, 0.26793903
4310.0, 0.26783118
4320.0, 0.26772353
4330.0, 0.2676161
4340.0, 0.2675088
4350.0, 0.26740173
4360.0, 0.2672948
4370.0, 0.2671881
4380.0, 0.26708156
4390.0, 0.26697522
4400.0, 0.26686907
4410.0, 0.26676306
4420.0, 0.2666573
4430.0, 0.2665517
4440.0, 0.26644626
4450.0, 0.266341
4460.0, 0.26623595
4470.0, 0.26613107
4480.0, 0.2660264
4490.0, 0.2659219
4500.0, 0.26581752
4510.0, 0.2657134
4520.0, 0.2656094
4530.0, 0.26550567
4540.0, 0.26540205
4550.0, 0.2652986
4560.0, 0.2651954
4570.0, 0.2650923
4580.0, 0.26498944
4590.0, 0.26488674
4600.0, 0.26478422
4610.0, 0.26468188
4620.0, 0.2645797
4630.0, 0.2644777
4640.0, 0.2643759
4650.0, 0.26427427
4660.0, 0.2641728
4670.0, 0.26407152
4680.0, 0.26397043
4690.0, 0.26386952
4700.0, 0.26376876
4710.0, 0.2636682
4720.0, 0.2635678
4730.0, 0.26346758
4740.0, 0.26336753
4750.0, 0.26326764
4760.0, 0.26316798
4770.0, 0.26306844
4780.0, 0.2629691
4790.0, 0.26286992
4800.0, 0.26277092
4810.0, 0.2626721
4820.0, 0.26257345
4830.0, 0.26247495
4840.0, 0.26237667
4850.0, 0.26227853
4860.0, 0.26218057
4870.0, 0.26208276
4880.0, 0.26198515
4890.0, 0.2618877
4900.0, 0.26179042
4910.0, 0.26169333
4920.0, 0.26159638
4930.0, 0.2614996
4940.0, 0.26140302
4950.0, 0.26130658
4960.0, 0.26121032
4970.0, 0.26111424
4980.0, 0.2610183
4990.0, 0.26092258
5000.0, 0.260827
5010.0, 0.26073158
5020.0, 0.26063633
5030.0, 0.26054123
5040.0, 0.2604463
5050.0, 0.26035157
5060.0, 0.260257
5070.0, 0.26016256
5080.0, 0.26006833
5090.0, 0.25997424
5100.0, 0.25988033
5110.0, 0.25978658
5120.0, 0.259693
5130.0, 0.25959957
5140.0, 0.25950631
5150.0, 0.2594132
5160.0, 0.2593203
5170.0, 0.2592275
5180.0, 0.25913492
5190.0, 0.25904247
5200.0, 0.2589502
5210.0, 0.25885808
5220.0, 0.25876614
5230.0, 0.25867435
5240.0, 0.25858274
5250.0, 0.25849125
5260.0, 0.25839996
5270.0, 0.25830883
5280.0, 0.2582178
5290.0, 0.258127
5300.0, 0.25803635
5310.0, 0.25794584
5320.0, 0.25785547
5330.0, 0.25776532
5340.0, 0.2576753
5350.0, 0.25758544
5360.0, 0.2574957
5370.0, 0.25740618
5380.0, 0.2573168
5390.0, 0.25722757
5400.0, 0.25713846
5410.0, 0.25704956
5420.0, 0.2569608
5430.0, 0.2568722
5440.0, 0.25678375
5450.0, 0.25669548
5460.0, 0.25660735
5470.0, 0.25651935
5480.0, 0.25643155
5490.0, 0.25634387
5500.0, 0.25625637
5510.0, 0.25616902
5520.0, 0.25608182
5530.0, 0.25599477
5540.0, 0.2559079
5550.0, 0.25582114
5560.0, 0.25573456
5570.0, 0.25564814
5580.0, 0.25556186
5590.0, 0.25547576
5600.0, 0.25538975
5610.0, 0.25530395
5620.0, 0.2552183
5630.0, 0.25513276
5640.0, 0.25504738
5650.0, 0.25496218
5660.0, 0.25487715
5670.0, 0.25479224
5680.0, 0.25470746
5690.0, 0.25462288
5700.0, 0.25453842
5710.0, 0.2544541
5720.0, 0.25436994
5730.0, 0.25428593
5740.0, 0.25420207
5750.0, 0.25411838
5760.0, 0.25403482
5770.0, 0.2539514
5780.0, 0.25386813
5790.0, 0.253785
5800.0, 0.25370207
5810.0, 0.25361922
5820.0, 0.25353655
5830.0, 0.25345403
5840.0, 0.25337166
5850.0, 0.25328943
5860.0, 0.25320733
5870.0, 0.2531254
5880.0, 0.25304362
5890.0, 0.25296196
5900.0, 0.25288045
5910.0, 0.2527991
5920.0, 0.2527179
5930.0, 0.25263682
5940.0, 0.25255594
5950.0, 0.25247514
5960.0, 0.2523945
5970.0, 0.252314
5980.0, 0.25223365
5990.0, 0.25215346
6000.0, 0.2520734
6010.0, 0.2519935
6020.0, 0.2519137
6030.0, 0.2518341
6040.0, 0.25175458
6050.0, 0.25167525
6060.0, 0.25159606
6070.0, 0.25151697
6080.0, 0.25143805
6090.0, 0.25135925
6100.0, 0.25128064
6110.0, 0.25120214
6120.0, 0.25112376
6130.0, 0.25104555
6140.0, 0.25096747
6150.0, 0.25088954
6160.0, 0.25081173
6170.0, 0.25073406
6180.0, 0.25065655
6190.0, 0.25057918
6200.0, 0.25050193
6210.0, 0.2504248
6220.0, 0.25034785
6230.0, 0.25027102
6240.0, 0.2501943
6250.0, 0.25011778
6260.0, 0.25004134
6270.0, 0.24996509
6280.0, 0.24988893
6290.0, 0.24981292
6300.0, 0.24973705
6310.0, 0.24966131
6320.0, 0.2495857
6330.0, 0.24951024
6340.0, 0.24943493
6350.0, 0.24935974
6360.0, 0.24928467
6370.0, 0.24920976
6380.0, 0.24913496
6390.0, 0.2490603
6400.0, 0.24898578
6410.0, 0.2489114
6420.0, 0.24883714
6430.0, 0.24876301
6440.0, 0.24868904
6450.0, 0.24861518
6460.0, 0.24854146
6470.0, 0.24846786
6480.0, 0.24839441
6490.0, 0.24832109
6500.0, 0.2482479
6510.0, 0.24817483
6520.0, 0.24810192
6530.0, 0.24802911
6540.0, 0.24795644
6550.0, 0.2478839
6560.0, 0.24781151
6570.0, 0.24773923
6580.0, 0.24766707
6590.0, 0.24759507
6600.0, 0.24752317
6610.0, 0.24745142
6620.0, 0.2473798
6630.0, 0.24730828
6640.0, 0.24723692
6650.0, 0.2471657
6660.0, 0.24709457
6670.0, 0.2470236
6680.0, 0.24695274
6690.0, 0.246882
6700.0, 0.24681142
6710.0, 0.24674095
6720.0, 0.2466706
6730.0, 0.24660039
6740.0, 0.24653028
6750.0, 0.24646032
6760.0, 0.24639048
6770.0, 0.24632077
6780.0, 0.2462512
6790.0, 0.24618174
6800.0, 0.24611239
6810.0, 0.24604318
6820.0, 0.2459741
6830.0, 0.24590515
6840.0, 0.2458363
6850.0, 0.24576758
6860.0, 0.245699
6870.0, 0.24563053
6880.0, 0.24556221
6890.0, 0.24549398
6900.0, 0.24542588
6910.0, 0.24535793
6920.0, 0.24529007
6930.0, 0.24522234
6940.0, 0.24515474
6950.0, 0.24508727
6960.0, 0.24501991
6970.0, 0.24495268
6980.0, 0.24488558
6990.0, 0.2448186
7000.0, 0.24475172
7010.0, 0.24468498
7020.0, 0.24461834
7030.0, 0.24455184
7040.0, 0.24448545
7050.0, 0.24441919
7060.0, 0.24435304
7070.0, 0.24428701
7080.0, 0.2442211
7090.0, 0.24415532
7100.0, 0.24408965
7110.0, 0.24402413
7120.0, 0.24395868
7130.0, 0.24389337
7140.0, 0.24382818
7150.0, 0.2437631
7160.0, 0.24369815
7170.0, 0.24363331
7180.0, 0.2435686
7190.0, 0.243504
7200.0, 0.24343951
7210.0, 0.24337515
7220.0, 0.2433109
7230.0, 0.24324676
7240.0, 0.24318275
7250.0, 0.24311884
7260.0, 0.24305508
7270.0, 0.2429914
7280.0, 0.24292786
7290.0, 0.2428644
7300.0, 0.24280109
7310.0, 0.24273789
7320.0, 0.24267481
7330.0, 0.24261183
7340.0, 0.24254896
7350.0, 0.24248621
7360.0, 0.24242358
7370.0, 0.24236107
7380.0, 0.24229866
7390.0, 0.24223638
7400.0, 0.2421742
7410.0, 0.24211212
7420.0, 0.24205019
7430.0, 0.24198835
7440.0, 0.24192661
7450.0, 0.24186502
7460.0, 0.2418035
7470.0, 0.24174212
7480.0, 0.24168083
7490.0, 0.24161966
7500.0, 0.24155864
7510.0, 0.2414977
7520.0, 0.24143685
7530.0, 0.24137613
7540.0, 0.24131554
7550.0, 0.24125504
7560.0, 0.24119465
7570.0, 0.24113436
7580.0, 0.2410742
7590.0, 0.24101414
7600.0, 0.24095419
7610.0, 0.24089436
7620.0, 0.24083462
7630.0, 0.24077502
7640.0, 0.2407155
7650.0, 0.24065612
7660.0, 0.2405968
7670.0, 0.24053764
7680.0, 0.24047856
7690.0, 0.24041958
7700.0, 0.24036072
7710.0, 0.24030198
7720.0, 0.24024333
7730.0, 0.2401848
7740.0, 0.24012637
7750.0, 0.24006803
7760.0, 0.24000981
7770.0, 0.23995173
7780.0, 0.2398937
7790.0, 0.2398358
7800.0, 0.23977803
7810.0, 0.23972036
7820.0, 0.23966278
7830.0, 0.23960528
7840.0, 0.23954792
7850.0, 0.23949066
7860.0, 0.23943351
7870.0, 0.23937646
7880.0, 0.2393195
7890.0, 0.23926266
7900.0, 0.23920591
7910.0, 0.23914929
7920.0, 0.23909275
7930.0, 0.23903632
7940.0, 0.23898
7950.0, 0.23892379
7960.0, 0.23886766
7970.0, 0.23881166
7980.0, 0.23875572
7990.0, 0.23869993
8000.0, 0.23864421
8010.0, 0.23858862
8020.0, 0.23853311
8030.0, 0.2384777
8040.0, 0.23842241
8050.0, 0.2383672
8060.0, 0.23831211
8070.0, 0.23825713
8080.0, 0.23820223
8090.0, 0.23814742
8100.0, 0.23809275
8110.0, 0.23803815
8120.0, 0.23798367
8130.0, 0.23792927
8140.0, 0.237875
8150.0, 0.2378208
8160.0, 0.23776671
8170.0, 0.23771273
8180.0, 0.23765881
8190.0, 0.23760504
8200.0, 0.23755135
8210.0, 0.23749775
8220.0, 0.23744427
8230.0, 0.23739086
8240.0, 0.23733756
8250.0, 0.23728438
8260.0, 0.23723127
8270.0, 0.23717827
8280.0, 0.23712535
8290.0, 0.23707254
8300.0, 0.23701982
8310.0, 0.23696722
8320.0, 0.2369147
8330.0, 0.23686227
8340.0, 0.23680997
8350.0, 0.23675774
8360.0, 0.23670559
8370.0, 0.23665357
8380.0, 0.23660162
8390.0, 0.23654976
8400.0, 0.23649801
8410.0, 0.23644638
8420.0, 0.23639484
8430.0, 0.23634337
8440.0, 0.236292
8450.0, 0.23624073
8460.0, 0.23618954
8470.0, 0.23613848
8480.0, 0.23608749
8490.0, 0.23603658
8500.0, 0.2359858
8510.0, 0.23593508
8520.0, 0.23588449
8530.0, 0.23583397
8540.0, 0.23578353
8550.0, 0.23573321
8560.0, 0.23568298
8570.0, 0.23563282
8580.0, 0.23558277
8590.0, 0.23553282
8600.0, 0.23548295
8610.0, 0.23543316
8620.0, 0.23538348
8630.0, 0.23533389
8640.0, 0.2352844
8650.0, 0.23523499
8660.0, 0.23518567
8670.0, 0.23513646
8680.0, 0.23508734
8690.0, 0.23503828
8700.0, 0.23498933
8710.0, 0.23494047
8720.0, 0.2348917
8730.0, 0.23484302
8740.0, 0.23479444
8750.0, 0.23474595
8760.0, 0.23469752
8770.0, 0.23464921
8780.0, 0.23460098
8790.0, 0.23455283
8800.0, 0.23450479
8810.0, 0.23445682
8820.0, 0.23440894
8830.0, 0.23436116
8840.0, 0.23431349
8850.0, 0.23426588
8860.0, 0.23421836
8870.0, 0.23417093
8880.0, 0.23412357
8890.0, 0.23407634
8900.0, 0.23402916
8910.0, 0.23398209
8920.0, 0.2339351
8930.0, 0.2338882
8940.0, 0.23384137
8950.0, 0.23379463
8960.0, 0.23374799
8970.0, 0.23370145
8980.0, 0.23365498
8990.0, 0.23360859
9000.0, 0.23356229
9010.0, 0.2335161
9020.0, 0.23346996
9030.0, 0.23342393
9040.0, 0.23337795
9050.0, 0.2333321
9060.0, 0.23328632
9070.0, 0.23324062
9080.0, 0.23319499
9090.0, 0.23314948
9100.0, 0.23310404
9110.0, 0.23305868
9120.0, 0.2330134
9130.0, 0.23296821
9140.0, 0.2329231
9150.0, 0.2328781
9160.0, 0.23283315
9170.0, 0.23278831
9180.0, 0.23274353
9190.0, 0.23269884
9200.0, 0.23265426
9210.0, 0.23260973
9220.0, 0.23256528
9230.0, 0.23252094
9240.0, 0.23247667
9250.0, 0.23243248
9260.0, 0.23238836
9270.0, 0.23234434
9280.0, 0.2323004
9290.0, 0.23225655
9300.0, 0.23221277
9310.0, 0.23216908
9320.0, 0.23212545
9330.0, 0.23208192
9340.0, 0.23203847
9350.0, 0.2319951
9360.0, 0.2319518
9370.0, 0.2319086
9380.0, 0.23186547
9390.0, 0.23182243
9400.0, 0.23177946
9410.0, 0.23173657
9420.0, 0.23169376
9430.0, 0.23165105
9440.0, 0.23160838
9450.0, 0.23156583
9460.0, 0.23152333
9470.0, 0.23148093
9480.0, 0.23143859
9490.0, 0.23139633
9500.0, 0.23135418
9510.0, 0.23131208
9520.0, 0.23127006
9530.0, 0.23122814
9540.0, 0.23118629
9550.0, 0.2311445
9560.0, 0.23110281
9570.0, 0.23106118
9580.0, 0.23101965
9590.0, 0.23097818
9600.0, 0.23093678
9610.0, 0.23089547
9620.0, 0.23085423
9630.0, 0.23081309
9640.0, 0.230772
9650.0, 0.230731
9660.0, 0.23069006
9670.0, 0.23064922
9680.0, 0.23060845
9690.0, 0.23056775
9700.0, 0.23052715
9710.0, 0.2304866
9720.0, 0.23044612
9730.0, 0.23040573
9740.0, 0.23036543
9750.0, 0.23032519
9760.0, 0.23028502
9770.0, 0.23024493
9780.0, 0.23020491
9790.0, 0.23016497
9800.0, 0.23012511
9810.0, 0.23008533
9820.0, 0.2300456
9830.0, 0.23000596
9840.0, 0.2299664
9850.0, 0.22992691
9860.0, 0.2298875
9870.0, 0.22984813
9880.0, 0.22980888
9890.0, 0.22976969
9900.0, 0.22973055
9910.0, 0.22969152
9920.0, 0.22965252
9930.0, 0.22961363
9940.0, 0.2295748
9950.0, 0.22953604
9960.0, 0.22949736
9970.0, 0.22945876
9980.0, 0.22942021
9990.0, 0.22938175
10000.0, 0.22934335
10010.0, 0.22930504
10020.0, 0.22926679
10030.0, 0.22922862
10040.0, 0.2291905
10050.0, 0.22915247
10060.0, 0.22911453
10070.0, 0.22907662
10080.0, 0.2290388
10090.0, 0.22900106
10100.0, 0.22896338
10110.0, 0.22892576
10120.0, 0.22888824
10130.0, 0.22885077
10140.0, 0.22881337
10150.0, 0.22877607
10160.0, 0.2287388
10170.0, 0.22870162
10180.0, 0.2286645
10190.0, 0.22862746
10200.0, 0.22859049
10210.0, 0.22855358
10220.0, 0.22851674
10230.0, 0.22847998
10240.0, 0.22844328
10250.0, 0.22840667
10260.0, 0.2283701
10270.0, 0.2283336
10280.0, 0.2282972
10290.0, 0.22826084
10300.0, 0.22822458
10310.0, 0.22818835
10320.0, 0.2281522
10330.0, 0.22811612
10340.0, 0.22808012
10350.0, 0.22804418
10360.0, 0.22800829
10370.0, 0.22797251
10380.0, 0.22793676
10390.0, 0.22790107
10400.0, 0.22786547
10410.0, 0.22782995
10420.0, 0.22779447
10430.0, 0.22775908
10440.0, 0.22772373
10450.0, 0.22768848
10460.0, 0.22765326
10470.0, 0.22761813
10480.0, 0.22758307
10490.0, 0.22754806
10500.0, 0.22751312
10510.0, 0.22747825
10520.0, 0.22744343
10530.0, 0.2274087
10540.0, 0.22737402
10550.0, 0.22733942
10560.0, 0.22730489
10570.0, 0.2272704
10580.0, 0.22723599
10590.0, 0.22720164
10600.0, 0.22716735
10610.0, 0.22713315
10620.0, 0.22709899
10630.0, 0.2270649
10640.0, 0.22703089
10650.0, 0.22699691
10660.0, 0.22696303
10670.0, 0.22692919
10680.0, 0.22689544
10690.0, 0.22686173
10700.0, 0.22682808
10710.0, 0.22679451
10720.0, 0.226761
10730.0, 0.22672755
10740.0, 0.22669417
10750.0, 0.22666085
10760.0, 0.22662759
10770.0, 0.22659439
10780.0, 0.22656126
10790.0, 0.22652818
10800.0, 0.22649519
10810.0, 0.22646223
10820.0, 0.22642936
10830.0, 0.22639653
10840.0, 0.22636376
10850.0, 0.22633108
10860.0, 0.22629845
10870.0, 0.22626586
10880.0, 0.22623336
10890.0, 0.22620091
10900.0, 0.22616853
10910.0, 0.22613621
10920.0, 0.22610393
10930.0, 0.22607173
10940.0, 0.2260396
10950.0, 0.2260075
10960.0, 0.22597548
10970.0, 0.22594352
10980.0, 0.22591163
10990.0, 0.22587979
11000.0, 0.22584802
11010.0, 0.22581631
11020.0, 0.22578463
11030.0, 0.22575304
11040.0, 0.2257215
11050.0, 0.22569002
11060.0, 0.22565863
11070.0, 0.22562727
11080.0, 0.22559597
11090.0, 0.22556472
11100.0, 0.22553353
11110.0, 0.22550242
11120.0, 0.22547136
11130.0, 0.22544035
11140.0, 0.22540942
11150.0, 0.22537851
11160.0, 0.22534771
11170.0, 0.22531694
11180.0, 0.22528622
11190.0, 0.2252556
11200.0, 0.22522497
11210.0, 0.22519444
11220.0, 0.22516397
11230.0, 0.22513357
11240.0, 0.22510321
11250.0, 0.2250729
11260.0, 0.22504266
11270.0, 0.22501247
11280.0, 0.22498232
11290.0, 0.22495227
11300.0, 0.22492225
11310.0, 0.22489229
11320.0, 0.2248624
11330.0, 0.22483255
11340.0, 0.22480276
11350.0, 0.22477303
11360.0, 0.22474335
11370.0, 0.22471374
11380.0, 0.22468418
11390.0, 0.22465467
11400.0, 0.22462524
11410.0, 0.22459583
11420.0, 0.2245665
11430.0, 0.22453721
11440.0, 0.224508
11450.0, 0.22447883
11460.0, 0.22444972
11470.0, 0.22442065
11480.0, 0.22439165
11490.0, 0.22436272
11500.0, 0.22433382
11510.0, 0.22430497
11520.0, 0.2242762
11530.0, 0.22424747
11540.0, 0.22421879
11550.0, 0.22419016
11560.0, 0.22416161
11570.0, 0.2241331
11580.0, 0.22410467
11590.0, 0.22407626
11600.0, 0.2240479
11610.0, 0.22401962
11620.0, 0.22399138
11630.0, 0.2239632
11640.0, 0.22393507
11650.0, 0.223907
11660.0, 0.22387896
11670.0, 0.223851
11680.0, 0.22382307
11690.0, 0.22379522
11700.0, 0.2237674
11710.0, 0.22373965
11720.0, 0.22371195
11730.0, 0.2236843
11740.0, 0.2236567
11750.0, 0.22362916
11760.0, 0.22360167
11770.0, 0.22357424
11780.0, 0.22354683
11790.0, 0.2235195
11800.0, 0.22349222
11810.0, 0.223465
11820.0, 0.22343782
11830.0, 0.22341068
11840.0, 0.22338362
11850.0, 0.22335659
11860.0, 0.22332962
11870.0, 0.2233027
11880.0, 0.22327584
11890.0, 0.223249
11900.0, 0.22322224
11910.0, 0.22319552
11920.0, 0.22316886
11930.0, 0.22314225
11940.0, 0.22311568
11950.0, 0.22308919
11960.0, 0.22306272
11970.0, 0.22303633
11980.0, 0.22300996
11990.0, 0.22298366
12000.0, 0.2229574
12010.0, 0.22293119
12020.0, 0.22290501
12030.0, 0.22287892
12040.0, 0.22285286
12050.0, 0.22282685
12060.0, 0.2228009
12070.0, 0.22277498
12080.0, 0.22274913
12090.0, 0.22272332
12100.0, 0.22269756
12110.0, 0.22267184
12120.0, 0.22264619
12130.0, 0.22262059
12140.0, 0.222595
12150.0, 0.22256951
12160.0, 0.22254404
12170.0, 0.22251862
12180.0, 0.22249325
12190.0, 0.22246793
12200.0, 0.22244266
12210.0, 0.22241744
12220.0, 0.22239226
12230.0, 0.22236714
12240.0, 0.22234207
12250.0, 0.22231704
12260.0, 0.22229207
12270.0, 0.22226712
12280.0, 0.22224225
12290.0, 0.2222174
12300.0, 0.22219262
12310.0, 0.22216786
12320.0, 0.22214317
12330.0, 0.22211854
12340.0, 0.22209392
12350.0, 0.22206937
12360.0, 0.22204489
12370.0, 0.22202042
12380.0, 0.221996
12390.0, 0.22197163
12400.0, 0.22194731
12410.0, 0.22192304
12420.0, 0.22189882
12430.0, 0.22187464
12440.0, 0.22185051
12450.0, 0.22182642
12460.0, 0.22180238
12470.0, 0.22177841
12480.0, 0.22175443
12490.0, 0.22173055
12500.0, 0.22170667
12510.0, 0.22168289
12520.0, 0.22165911
12530.0, 0.2216354
12540.0, 0.22161174
12550.0, 0.2215881
12560.0, 0.22156452
12570.0, 0.22154099
12580.0, 0.22151749
12590.0, 0.22149405
12600.0, 0.22147064
12610.0, 0.22144729
12620.0, 0.22142397
12630.0, 0.22140072
12640.0, 0.22137749
12650.0, 0.2213543
12660.0, 0.22133118
12670.0, 0.22130808
12680.0, 0.22128506
12690.0, 0.22126204
12700.0, 0.22123909
12710.0, 0.22121619
12720.0, 0.22119331
12730.0, 0.2211705
12740.0, 0.22114772
12750.0, 0.22112499
12760.0, 0.22110228
12770.0, 0.22107965
12780.0, 0.22105704
12790.0, 0.22103448
12800.0, 0.22101197
12810.0, 0.22098948
12820.0, 0.22096705
12830.0, 0.22094467
12840.0, 0.22092234
12850.0, 0.22090003
12860.0, 0.22087777
12870.0, 0.22085555
12880.0, 0.22083339
12890.0, 0.22081126
12900.0, 0.22078916
12910.0, 0.22076713
12920.0, 0.22074513
12930.0, 0.22072317
12940.0, 0.22070123
12950.0, 0.22067936
12960.0, 0.22065753
12970.0, 0.22063576
12980.0, 0.220614
12990.0, 0.22059229
13000.0, 0.22057062
13010.0, 0.22054902
13020.0, 0.22052743
13030.0, 0.22050588
13040.0, 0.22048439
13050.0, 0.22046293
13060.0, 0.2204415
13070.0, 0.22042014
13080.0, 0.22039881
13090.0, 0.22037752
13100.0, 0.22035626
13110.0, 0.22033504
13120.0, 0.22031389
13130.0, 0.22029275
13140.0, 0.22027166
13150.0, 0.2202506
13160.0, 0.22022961
13170.0, 0.22020864
13180.0, 0.22018772
13190.0, 0.22016685
13200.0, 0.220146
13210.0, 0.22012518
13220.0, 0.22010444
13230.0, 0.2200837
13240.0, 0.22006302
13250.0, 0.22004238
13260.0, 0.22002177
13270.0, 0.22000119
13280.0, 0.21998067
13290.0, 0.2199602
13300.0, 0.21993974
13310.0, 0.21991935
13320.0, 0.21989898
13330.0, 0.21987863
13340.0, 0.21985836
13350.0, 0.21983811
13360.0, 0.21981789
13370.0, 0.21979773
13380.0, 0.2197776
13390.0, 0.21975751
13400.0, 0.21973744
13410.0, 0.21971744
13420.0, 0.21969746
13430.0, 0.21967751
13440.0, 0.21965763
13450.0, 0.21963777
13460.0, 0.21961793
13470.0, 0.21959814
13480.0, 0.21957842
13490.0, 0.21955869
13500.0, 0.21953903
13510.0, 0.21951939
13520.0, 0.21949981
13530.0, 0.21948025
13540.0, 0.21946073
13550.0, 0.21944125
13560.0, 0.2194218
13570.0, 0.2194024
13580.0, 0.21938305
13590.0, 0.21936369
13600.0, 0.21934442
13610.0, 0.21932516
13620.0, 0.21930595
13630.0, 0.21928675
13640.0, 0.2192676
13650.0, 0.2192485
13660.0, 0.21922944
13670.0, 0.2192104
13680.0, 0.2191914
13690.0, 0.21917245
13700.0, 0.21915352
13710.0, 0.21913464
13720.0, 0.2191158
13730.0, 0.21909697
13740.0, 0.2190782
13750.0, 0.21905947
13760.0, 0.21904075
13770.0, 0.21902208
13780.0, 0.21900345
13790.0, 0.21898487
13800.0, 0.2189663
13810.0, 0.21894778
13820.0, 0.21892929
13830.0, 0.21891083
13840.0, 0.21889243
13850.0, 0.21887405
13860.0, 0.21885571
13870.0, 0.21883738
13880.0, 0.21881913
13890.0, 0.21880087
13900.0, 0.21878268
13910.0, 0.21876451
13920.0, 0.21874638
13930.0, 0.21872827
13940.0, 0.21871021
13950.0, 0.21869218
13960.0, 0.2186742
13970.0, 0.21865624
13980.0, 0.21863832
13990.0, 0.21862043
14000.0, 0.21860258
14010.0, 0.21858476
14020.0, 0.21856698
14030.0, 0.21854924
14040.0, 0.21853152
14050.0, 0.21851383
14060.0, 0.2184962
14070.0, 0.21847858
14080.0, 0.21846099
14090.0, 0.21844345
14100.0, 0.21842594
14110.0, 0.21840847
14120.0, 0.21839102
14130.0, 0.21837361
14140.0, 0.21835625
14150.0, 0.21833889
14160.0, 0.2183216
14170.0, 0.2183043
14180.0, 0.21828708
14190.0, 0.21826987
14200.0, 0.2182527
14210.0, 0.21823557
14220.0, 0.21821845
14230.0, 0.21820137
14240.0, 0.21818434
14250.0, 0.21816733
14260.0, 0.21815035
14270.0, 0.21813342
14280.0, 0.2181165
14290.0, 0.21809964
14300.0, 0.2180828
14310.0, 0.21806599
14320.0, 0.21804921
14330.0, 0.21803246
14340.0, 0.21801576
14350.0, 0.21799907
14360.0, 0.21798243
14370.0, 0.21796581
14380.0, 0.21794923
14390.0, 0.21793269
14400.0, 0.21791616
14410.0, 0.21789968
14420.0, 0.21788323
14430.0, 0.2178668
14440.0, 0.21785042
14450.0, 0.21783406
14460.0, 0.21781772
14470.0, 0.21780144
14480.0, 0.21778515
14490.0, 0.21776894
14500.0, 0.21775272
14510.0, 0.21773657
14520.0, 0.21772043
14530.0, 0.21770434
14540.0, 0.21768825
14550.0, 0.2176722
14560.0, 0.2176562
14570.0, 0.21764022
14580.0, 0.21762426
14590.0, 0.21760835
14600.0, 0.21759245
14610.0, 0.21757661
14620.0, 0.21756078
14630.0, 0.21754499
14640.0, 0.21752921
14650.0, 0.21751349
14660.0, 0.21749778
14670.0, 0.2174821
14680.0, 0.21746647
14690.0, 0.21745086
14700.0, 0.21743527
14710.0, 0.21741971
14720.0, 0.2174042
14730.0, 0.21738872
14740.0, 0.21737325
14750.0, 0.21735783
14760.0, 0.21734242
14770.0, 0.21732706
14780.0, 0.21731173
14790.0, 0.21729639
14800.0, 0.21728112
14810.0, 0.21726586
14820.0, 0.21725065
14830.0, 0.21723546
14840.0, 0.21722029
14850.0, 0.21720517
14860.0, 0.21719006
14870.0, 0.21717499
14880.0, 0.21715994
14890.0, 0.21714492
14900.0, 0.21712995
14910.0, 0.21711498
14920.0, 0.21710007
14930.0, 0.21708517
14940.0, 0.2170703
14950.0, 0.21705545
14960.0, 0.21704063
14970.0, 0.21702586
14980.0, 0.2170111
14990.0, 0.21699639
15000.0, 0.21698168
15010.0, 0.21696702
15020.0, 0.21695238
15030.0, 0.21693778
15040.0, 0.21692319
15050.0, 0.21690863
15060.0, 0.21689412
15070.0, 0.2168796
15080.0, 0.21686514
15090.0, 0.2168507
15100.0, 0.21683629
15110.0, 0.21682191
15120.0, 0.21680754
15130.0, 0.21679322
15140.0, 0.21677893
15150.0, 0.21676466
15160.0, 0.21675041
15170.0, 0.2167362
15180.0, 0.21672201
15190.0, 0.21670786
15200.0, 0.2166937
15210.0, 0.21667962
15220.0, 0.21666552
15230.0, 0.21665147
15240.0, 0.21663746
15250.0, 0.21662346
15260.0, 0.2166095
15270.0, 0.21659555
15280.0, 0.21658163
15290.0, 0.21656774
15300.0, 0.21655388
15310.0, 0.21654005
15320.0, 0.21652626
15330.0, 0.21651247
15340.0, 0.21649872
15350.0, 0.21648498
15360.0, 0.2164713
15370.0, 0.2164576
15380.0, 0.21644397
15390.0, 0.21643037
15400.0, 0.21641676
15410.0, 0.2164032
15420.0, 0.21638966
15430.0, 0.21637614
15440.0, 0.21636267
15450.0, 0.21634918
15460.0, 0.21633577
15470.0, 0.21632236
15480.0, 0.21630898
15490.0, 0.21629563
15500.0, 0.2162823
15510.0, 0.21626899
15520.0, 0.21625572
15530.0, 0.21624246
15540.0, 0.21622925
15550.0, 0.21621604
15560.0, 0.21620287
15570.0, 0.21618971
15580.0, 0.2161766
15590.0, 0.2161635
15600.0, 0.21615045
15610.0, 0.2161374
15620.0, 0.21612437
15630.0, 0.21611138
15640.0, 0.2160984
15650.0, 0.21608546
15660.0, 0.21607253
15670.0, 0.21605965
15680.0, 0.21604678
15690.0, 0.21603394
15700.0, 0.21602114
15710.0, 0.21600834
15720.0, 0.21599557
15730.0, 0.21598282
15740.0, 0.2159701
15750.0, 0.21595742
15760.0, 0.21594475
15770.0, 0.2159321
15780.0, 0.21591948
15790.0, 0.21590689
15800.0, 0.21589433
15810.0, 0.21588178
15820.0, 0.21586926
15830.0, 0.21585676
15840.0, 0.2158443
15850.0, 0.21583185
15860.0, 0.21581942
15870.0, 0.21580702
15880.0, 0.21579465
15890.0, 0.2157823
15900.0, 0.21576998
15910.0, 0.21575767
15920.0, 0.2157454
15930.0, 0.21573314
15940.0, 0.21572092
15950.0, 0.2157087
15960.0, 0.21569653
15970.0, 0.21568437
15980.0, 0.21567222
15990.0, 0.21566014
16000.0, 0.21564803
16010.0, 0.21563597
16020.0, 0.21562394
16030.0, 0.21561193
16040.0, 0.21559992
16050.0, 0.21558797
16060.0, 0.21557601
16070.0, 0.21556409
16080.0, 0.2155522
16090.0, 0.21554032
16100.0, 0.21552847
16110.0, 0.21551664
16120.0, 0.21550483
16130.0, 0.21549307
16140.0, 0.2154813
16150.0, 0.21546957
16160.0, 0.21545784
16170.0, 0.21544616
16180.0, 0.21543449
16190.0, 0.21542284
16200.0, 0.21541122
16210.0, 0.21539962
16220.0, 0.21538804
16230.0, 0.2153765
16240.0, 0.21536498
16250.0, 0.21535346
16260.0, 0.21534197
16270.0, 0.21533051
16280.0, 0.21531907
16290.0, 0.21530765
16300.0, 0.21529625
16310.0, 0.21528488
16320.0, 0.21527353
16330.0, 0.21526219
16340.0, 0.21525088
16350.0, 0.21523961
16360.0, 0.21522835
16370.0, 0.2152171
16380.0, 0.21520588
16390.0, 0.21519469
16400.0, 0.21518351
16410.0, 0.21517235
16420.0, 0.21516122
16430.0, 0.21515012
16440.0, 0.21513903
16450.0, 0.21512796
16460.0, 0.21511692
16470.0, 0.2151059
16480.0, 0.2150949
16490.0, 0.21508391
16500.0, 0.21507296
16510.0, 0.21506204
16520.0, 0.21505111
16530.0, 0.21504022
16540.0, 0.21502936
16550.0, 0.2150185
16560.0, 0.21500766
16570.0, 0.21499687
16580.0, 0.21498609
16590.0, 0.21497531
16600.0, 0.21496457
16610.0, 0.21495385
16620.0, 0.21494314
16630.0, 0.21493246
16640.0, 0.2149218
16650.0, 0.21491116
16660.0, 0.21490054
16670.0, 0.21488994
16680.0, 0.21487936
16690.0, 0.21486881
16700.0, 0.21485828
16710.0, 0.21484777
16720.0, 0.21483727
16730.0, 0.21482679
16740.0, 0.21481633
16750.0, 0.21480592
16760.0, 0.2147955
16770.0, 0.2147851
16780.0, 0.21477473
16790.0, 0.21476437
16800.0, 0.21475406
16810.0, 0.21474375
16820.0, 0.21473347
16830.0, 0.21472318
16840.0, 0.21471293
16850.0, 0.21470271
16860.0, 0.21469249
16870.0, 0.21468231
16880.0, 0.21467213
16890.0, 0.21466199
16900.0, 0.21465185
16910.0, 0.21464175
16920.0, 0.21463166
16930.0, 0.2146216
16940.0, 0.21461153
16950.0, 0.2146015
16960.0, 0.2145915
16970.0, 0.2145815
16980.0, 0.21457154
16990.0, 0.21456158
17000.0, 0.21455166
17010.0, 0.21454175
17020.0, 0.21453184
17030.0, 0.21452197
17040.0, 0.21451212
17050.0, 0.21450229
17060.0, 0.21449247
17070.0, 0.21448268
17080.0, 0.2144729
17090.0, 0.21446313
17100.0, 0.2144534
17110.0, 0.21444367
17120.0, 0.21443397
17130.0, 0.2144243
17140.0, 0.21441464
17150.0, 0.21440499
17160.0, 0.21439536
17170.0, 0.21438576
17180.0, 0.21437617
17190.0, 0.21436661
17200.0, 0.21435705
17210.0, 0.21434753
17220.0, 0.214338
17230.0, 0.21432851
17240.0, 0.21431905
17250.0, 0.21430959
17260.0, 0.21430016
17270.0, 0.21429072
17280.0, 0.21428132
17290.0, 0.21427195
17300.0, 0.21426259
17310.0, 0.21425325
17320.0, 0.2142439
17330.0, 0.2142346
17340.0, 0.21422532
17350.0, 0.21421604
17360.0, 0.21420681
17370.0, 0.21419758
17380.0, 0.21418835
17390.0, 0.21417914
17400.0, 0.21416996
17410.0, 0.2141608
17420.0, 0.21415167
17430.0, 0.21414253
17440.0, 0.21413344
17450.0, 0.21412434
17460.0, 0.21411525
17470.0, 0.2141062
17480.0, 0.21409716
17490.0, 0.21408816
17500.0, 0.21407914
17510.0, 0.21407016
17520.0, 0.21406122
17530.0, 0.21405225
17540.0, 0.21404332
17550.0, 0.2140344
17560.0, 0.21402551
17570.0, 0.21401663
17580.0, 0.21400778
17590.0, 0.21399893
17600.0, 0.21399009
17610.0, 0.21398129
17620.0, 0.21397251
17630.0, 0.21396373
17640.0, 0.21395497
17650.0, 0.21394624
17660.0, 0.2139375
17670.0, 0.2139288
17680.0, 0.21392012
17690.0, 0.21391143
17700.0, 0.2139028
17710.0, 0.21389416
17720.0, 0.21388553
17730.0, 0.21387693
17740.0, 0.21386835
17750.0, 0.21385978
17760.0, 0.21385123
17770.0, 0.21384268
17780.0, 0.21383417
17790.0, 0.21382567
17800.0, 0.2138172
17810.0, 0.21380872
17820.0, 0.21380027
17830.0, 0.21379182
17840.0, 0.21378341
17850.0, 0.21377501
17860.0, 0.21376663
17870.0, 0.21375825
17880.0, 0.2137499
17890.0, 0.21374157
17900.0, 0.21373324
17910.0, 0.21372494
17920.0, 0.21371666
17930.0, 0.21370837
17940.0, 0.21370013
17950.0, 0.2136919
17960.0, 0.21368368
17970.0, 0.21367547
17980.0, 0.21366729
17990.0, 0.21365911
18000.0, 0.21365094
18010.0, 0.2136428
18020.0, 0.21363468
18030.0, 0.21362658
18040.0, 0.21361849
18050.0, 0.21361041
18060.0, 0.21360235
18070.0, 0.2135943
18080.0, 0.21358627
18090.0, 0.21357825
18100.0, 0.21357025
18110.0, 0.21356228
18120.0, 0.21355431
18130.0, 0.21354637
18140.0, 0.21353842
18150.0, 0.2135305
18160.0, 0.2135226
18170.0, 0.21351472
18180.0, 0.21350685
18190.0, 0.213499
18200.0, 0.21349114
18210.0, 0.21348332
18220.0, 0.21347551
18230.0, 0.21346772
18240.0, 0.21345994
18250.0, 0.21345216
18260.0, 0.21344441
18270.0, 0.21343668
18280.0, 0.21342896
18290.0, 0.21342127
18300.0, 0.21341357
18310.0, 0.21340589
18320.0, 0.21339823
18330.0, 0.21339059
18340.0, 0.21338297
18350.0, 0.21337537
18360.0, 0.21336776
18370.0, 0.21336018
18380.0, 0.2133526
18390.0, 0.21334505
18400.0, 0.21333753
18410.0, 0.21333002
18420.0, 0.21332249
18430.0, 0.213315
18440.0, 0.21330751
18450.0, 0.21330006
18460.0, 0.21329261
18470.0, 0.21328516
18480.0, 0.21327776
18490.0, 0.21327035
18500.0, 0.21326296
18510.0, 0.21325558
18520.0, 0.21324821
18530.0, 0.21324088
18540.0, 0.21323353
18550.0, 0.21322623
18560.0, 0.21321893
18570.0, 0.21321164
18580.0, 0.21320435
18590.0, 0.2131971
18600.0, 0.21318984
18610.0, 0.21318263
18620.0, 0.2131754
18630.0, 0.2131682
18640.0, 0.21316099
18650.0, 0.21315384
18660.0, 0.21314667
18670.0, 0.21313953
18680.0, 0.2131324
18690.0, 0.21312529
18700.0, 0.21311817
18710.0, 0.21311107
18720.0, 0.213104
18730.0, 0.21309695
18740.0, 0.2130899
18750.0, 0.21308286
18760.0, 0.21307583
18770.0, 0.21306883
18780.0, 0.21306184
18790.0, 0.21305485
18800.0, 0.21304788
18810.0, 0.21304093
18820.0, 0.213034
18830.0, 0.21302707
18840.0, 0.21302018
18850.0, 0.21301328
18860.0, 0.21300639
18870.0, 0.21299954
18880.0, 0.21299265
18890.0, 0.21298583
18900.0, 0.21297899
18910.0, 0.21297216
18920.0, 0.21296537
18930.0, 0.21295859
18940.0, 0.21295181
18950.0, 0.21294504
18960.0, 0.21293831
18970.0, 0.21293157
18980.0, 0.21292485
18990.0, 0.21291813
19000.0, 0.21291144
19010.0, 0.21290475
19020.0, 0.21289809
19030.0, 0.21289144
19040.0, 0.21288478
19050.0, 0.21287817
19060.0, 0.21287155
19070.0, 0.21286494
19080.0, 0.21285835
19090.0, 0.21285178
19100.0, 0.2128452
19110.0, 0.21283866
19120.0, 0.21283211
19130.0, 0.2128256
19140.0, 0.21281907
19150.0, 0.21281257
19160.0, 0.2128061
19170.0, 0.21279962
19180.0, 0.21279316
19190.0, 0.21278672
19200.0, 0.21278028
19210.0, 0.21277386
19220.0, 0.21276745
19230.0, 0.21276106
19240.0, 0.21275467
19250.0, 0.21274829
19260.0, 0.21274193
19270.0, 0.21273558
19280.0, 0.21272925
19290.0, 0.21272291
19300.0, 0.21271661
19310.0, 0.2127103
19320.0, 0.21270403
19330.0, 0.21269776
19340.0, 0.21269152
19350.0, 0.21268527
19360.0, 0.21267903
19370.0, 0.21267278
19380.0, 0.21266659
19390.0, 0.21266039
19400.0, 0.2126542
19410.0, 0.21264802
19420.0, 0.21264187
19430.0, 0.21263571
19440.0, 0.21262957
19450.0, 0.21262345
19460.0, 0.21261734
19470.0, 0.21261124
19480.0, 0.21260516
19490.0, 0.21259908
19500.0, 0.21259302
19510.0, 0.21258697
19520.0, 0.2125809
19530.0, 0.21257488
19540.0, 0.21256886
19550.0, 0.21256286
19560.0, 0.21255687
19570.0, 0.2125509
19580.0, 0.21254492
19590.0, 0.21253897
19600.0, 0.21253301
19610.0, 0.21252708
19620.0, 0.21252115
19630.0, 0.21251523
19640.0, 0.21250936
19650.0, 0.21250346
19660.0, 0.21249758
19670.0, 0.21249172
19680.0, 0.21248588
19690.0, 0.21248002
19700.0, 0.2124742
19710.0, 0.21246839
19720.0, 0.21246259
19730.0, 0.21245678
19740.0, 0.212451
19750.0, 0.21244523
19760.0, 0.21243946
19770.0, 0.21243371
19780.0, 0.21242797
19790.0, 0.21242225
19800.0, 0.21241654
19810.0, 0.21241082
19820.0, 0.21240515
19830.0, 0.21239947
19840.0, 0.21239378
19850.0, 0.21238813
19860.0, 0.21238248
19870.0, 0.21237685
19880.0, 0.21237122
19890.0, 0.21236561
19900.0, 0.21236001
19910.0, 0.2123544
19920.0, 0.21234883
19930.0, 0.21234325
19940.0, 0.2123377
19950.0, 0.21233216
19960.0, 0.21232662
19970.0, 0.21232109
19980.0, 0.21231557
19990.0, 0.21231008
20000.0, 0.21230459
20010.0, 0.2122991
20020.0, 0.21229361
20030.0, 0.21228816
20040.0, 0.2122827
20050.0, 0.21227728
20060.0, 0.21227184
20070.0, 0.21226643
20080.0, 0.21226102
20090.0, 0.21225563
20100.0, 0.21225025
20110.0, 0.21224485
20120.0, 0.21223949
20130.0, 0.21223414
20140.0, 0.2122288
20150.0, 0.21222347
20160.0, 0.21221815
20170.0, 0.21221285
20180.0, 0.21220753
20190.0, 0.21220224
20200.0, 0.21219696
20210.0, 0.2121917
20220.0, 0.21218644
20230.0, 0.2121812
20240.0, 0.21217597
20250.0, 0.21217072
20260.0, 0.2121655
20270.0, 0.2121603
20280.0, 0.2121551
20290.0, 0.21214992
20300.0, 0.21214475
20310.0, 0.21213958
20320.0, 0.21213442
20330.0, 0.21212928
20340.0, 0.21212414
20350.0, 0.21211901
20360.0, 0.21211389
20370.0, 0.21210879
20380.0, 0.2121037
20390.0, 0.21209861
20400.0, 0.21209353
20410.0, 0.21208848
20420.0, 0.21208343
20430.0, 0.21207838
20440.0, 0.21207334
20450.0, 0.2120683
20460.0, 0.2120633
20470.0, 0.21205829
20480.0, 0.2120533
20490.0, 0.2120483
20500.0, 0.21204334
20510.0, 0.21203838
20520.0, 0.21203342
20530.0, 0.21202847
20540.0, 0.21202354
20550.0, 0.21201861
20560.0, 0.21201369
20570.0, 0.21200879
20580.0, 0.21200389
20590.0, 0.21199901
20600.0, 0.21199413
20610.0, 0.21198927
20620.0, 0.21198441
20630.0, 0.21197955
20640.0, 0.21197473
20650.0, 0.2119699
20660.0, 0.21196507
20670.0, 0.21196026
20680.0, 0.21195547
20690.0, 0.21195066
20700.0, 0.21194589
20710.0, 0.21194111
20720.0, 0.21193635
20730.0, 0.21193162
20740.0, 0.21192686
20750.0, 0.21192212
20760.0, 0.2119174
20770.0, 0.21191268
20780.0, 0.21190798
20790.0, 0.21190327
20800.0, 0.2118986
20810.0, 0.21189392
20820.0, 0.21188925
20830.0, 0.21188459
20840.0, 0.21187994
20850.0, 0.2118753
20860.0, 0.21187066
20870.0, 0.21186604
20880.0, 0.21186143
20890.0, 0.21185681
20900.0, 0.21185222
20910.0, 0.21184765
20920.0, 0.21184307
20930.0, 0.2118385
20940.0, 0.21183392
20950.0, 0.21182938
20960.0, 0.21182485
20970.0, 0.2118203
20980.0, 0.21181579
20990.0, 0.21181126
21000.0, 0.21180677
21010.0, 0.21180227
21020.0, 0.21179779
21030.0, 0.2117933
21040.0, 0.21178883
21050.0, 0.21178438
21060.0, 0.21177994
21070.0, 0.21177548
21080.0, 0.21177104
21090.0, 0.21176662
21100.0, 0.2117622
21110.0, 0.2117578
21120.0, 0.2117534
21130.0, 0.211749
21140.0, 0.21174462
21150.0, 0.21174024
21160.0, 0.21173589
21170.0, 0.21173152
21180.0, 0.21172719
21190.0, 0.21172285
21200.0, 0.21171851
21210.0, 0.21171418
21220.0, 0.21170989
21230.0, 0.21170558
21240.0, 0.21170129
21250.0, 0.21169701
21260.0, 0.2116927
21270.0, 0.21168844
21280.0, 0.21168418
21290.0, 0.21167992
21300.0, 0.21167569
21310.0, 0.21167144
21320.0, 0.21166721
21330.0, 0.211663
21340.0, 0.21165879
21350.0, 0.21165459
21360.0, 0.21165039
21370.0, 0.2116462
21380.0, 0.21164203
21390.0, 0.21163787
21400.0, 0.2116337
21410.0, 0.21162954
21420.0, 0.21162541
21430.0, 0.21162127
21440.0, 0.21161714
21450.0, 0.21161301
21460.0, 0.2116089
21470.0, 0.2116048
21480.0, 0.2116007
21490.0, 0.21159661
21500.0, 0.21159254
21510.0, 0.21158847
21520.0, 0.2115844
21530.0, 0.21158035
21540.0, 0.2115763
21550.0, 0.21157224
21560.0, 0.21156822
21570.0, 0.21156421
21580.0, 0.21156019
21590.0, 0.2115562
21600.0, 0.21155219
21610.0, 0.2115482
21620.0, 0.21154422
21630.0, 0.21154022
21640.0, 0.21153626
21650.0, 0.21153231
21660.0, 0.21152836
21670.0, 0.21152441
21680.0, 0.21152048
21690.0, 0.21151656
21700.0, 0.21151263
21710.0, 0.2115087
21720.0, 0.21150482
21730.0, 0.21150091
21740.0, 0.21149702
21750.0, 0.21149315
21760.0, 0.21148925
21770.0, 0.21148539
21780.0, 0.21148154
21790.0, 0.2114777
21800.0, 0.21147385
21810.0, 0.21147
21820.0, 0.21146618
21830.0, 0.21146236
21840.0, 0.21145853
21850.0, 0.21145473
21860.0, 0.21145093
21870.0, 0.21144716
21880.0, 0.21144338
21890.0, 0.2114396
21900.0, 0.21143582
21910.0, 0.21143207
21920.0, 0.21142831
21930.0, 0.21142457
21940.0, 0.21142083
21950.0, 0.2114171
21960.0, 0.21141338
21970.0, 0.21140966
21980.0, 0.21140595
21990.0, 0.21140225
22000.0, 0.21139856
22010.0, 0.21139486
22020.0, 0.21139118
22030.0, 0.21138752
22040.0, 0.21138385
22050.0, 0.21138018
22060.0, 0.21137655
22070.0, 0.2113729
22080.0, 0.21136926
22090.0, 0.21136564
22100.0, 0.21136202
22110.0, 0.2113584
22120.0, 0.2113548
22130.0, 0.2113512
22140.0, 0.21134761
22150.0, 0.21134402
22160.0, 0.21134044
22170.0, 0.21133687
22180.0, 0.21133329
22190.0, 0.21132976
22200.0, 0.21132621
22210.0, 0.21132265
22220.0, 0.21131913
22230.0, 0.21131559
22240.0, 0.21131207
22250.0, 0.21130855
22260.0, 0.21130505
22270.0, 0.21130155
22280.0, 0.21129806
22290.0, 0.21129456
22300.0, 0.21129109
22310.0, 0.21128762
22320.0, 0.21128415
22330.0, 0.21128069
22340.0, 0.21127723
22350.0, 0.2112738
22360.0, 0.21127036
22370.0, 0.2112669
22380.0, 0.2112635
22390.0, 0.21126008
22400.0, 0.21125667
22410.0, 0.21125327
22420.0, 0.21124987
22430.0, 0.21124648
22440.0, 0.21124308
22450.0, 0.21123971
22460.0, 0.21123634
22470.0, 0.21123298
22480.0, 0.21122962
22490.0, 0.21122625
22500.0, 0.21122292
22510.0, 0.2112196
22520.0, 0.21121626
22530.0, 0.21121293
22540.0, 0.21120961
22550.0, 0.2112063
22560.0, 0.211203
22570.0, 0.21119969
22580.0, 0.2111964
22590.0, 0.21119313
22600.0, 0.21118984
22610.0, 0.21118657
22620.0, 0.2111833
22630.0, 0.21118005
22640.0, 0.2111768
22650.0, 0.21117353
22660.0, 0.2111703
22670.0, 0.21116707
22680.0, 0.21116383
22690.0, 0.21116062
22700.0, 0.21115741
22710.0, 0.21115421
22720.0, 0.211151
22730.0, 0.2111478
22740.0, 0.21114463
22750.0, 0.21114144
22760.0, 0.21113828
22770.0, 0.21113509
22780.0, 0.21113192
22790.0, 0.21112877
22800.0, 0.21112563
22810.0, 0.21112248
22820.0, 0.21111934
22830.0, 0.21111621
22840.0, 0.2111131
22850.0, 0.21110995
22860.0, 0.21110685
22870.0, 0.21110374
22880.0, 0.21110064
22890.0, 0.21109755
22900.0, 0.21109445
22910.0, 0.21109138
22920.0, 0.2110883
22930.0, 0.21108523
22940.0, 0.21108215
22950.0, 0.2110791
22960.0, 0.21107604
22970.0, 0.21107301
22980.0, 0.21106996
22990.0, 0.21106693
23000.0, 0.2110639
23010.0, 0.21106088
23020.0, 0.21105786
23030.0, 0.21105486
23040.0, 0.21105185
23050.0, 0.21104886
23060.0, 0.21104586
23070.0, 0.21104287
23080.0, 0.2110399
23090.0, 0.21103694
23100.0, 0.21103396
23110.0, 0.21103099
23120.0, 0.21102804
23130.0, 0.21102509
23140.0, 0.21102215
23150.0, 0.21101919
23160.0, 0.21101627
23170.0, 0.21101335
23180.0, 0.21101041
23190.0, 0.2110075
23200.0, 0.2110046
23210.0, 0.21100171
23220.0, 0.21099879
23230.0, 0.2109959
23240.0, 0.21099302
23250.0, 0.21099013
23260.0, 0.21098725
23270.0, 0.2109844
23280.0, 0.21098152
23290.0, 0.21097866
23300.0, 0.21097581
23310.0, 0.21097298
23320.0, 0.21097013
23330.0, 0.2109673
23340.0, 0.21096446
23350.0, 0.21096164
23360.0, 0.21095882
23370.0, 0.21095602
23380.0, 0.21095319
23390.0, 0.21095039
23400.0, 0.21094759
23410.0, 0.21094482
23420.0, 0.21094203
23430.0, 0.21093926
23440.0, 0.21093647
23450.0, 0.2109337
23460.0, 0.21093094
23470.0, 0.21092819
23480.0, 0.21092544
23490.0, 0.21092267
23500.0, 0.21091995
23510.0, 0.2109172
23520.0, 0.2109145
23530.0, 0.21091177
23540.0, 0.21090902
23550.0, 0.21090633
23560.0, 0.21090361
23570.0, 0.21090092
23580.0, 0.2108982
23590.0, 0.21089552
23600.0, 0.21089284
23610.0, 0.21089016
23620.0, 0.21088748
23630.0, 0.2108848
23640.0, 0.21088213
23650.0, 0.21087949
23660.0, 0.21087681
23670.0, 0.21087417
23680.0, 0.21087153
23690.0, 0.2108689
23700.0, 0.21086626
23710.0, 0.21086362
23720.0, 0.21086101
23730.0, 0.21085839
23740.0, 0.21085578
23750.0, 0.21085316
23760.0, 0.21085055
23770.0, 0.21084797
23780.0, 0.21084538
23790.0, 0.21084279
23800.0, 0.2108402
23810.0, 0.21083762
23820.0, 0.21083505
23830.0, 0.21083248
23840.0, 0.21082993
23850.0, 0.21082737
23860.0, 0.21082483
23870.0, 0.21082227
23880.0, 0.21081974
23890.0, 0.2108172
23900.0, 0.21081465
23910.0, 0.21081214
23920.0, 0.21080962
23930.0, 0.21080709
23940.0, 0.2108046
23950.0, 0.21080208
23960.0, 0.21079957
23970.0, 0.21079709
23980.0, 0.2107946
23990.0, 0.2107921
24000.0, 0.21078962
24010.0, 0.21078713
24020.0, 0.21078467
24030.0, 0.21078221
24040.0, 0.21077976
24050.0, 0.21077728
24060.0, 0.21077485
24070.0, 0.2107724
24080.0, 0.21076995
24090.0, 0.21076752
24100.0, 0.21076508
24110.0, 0.21076265
24120.0, 0.21076024
24130.0, 0.2107578
24140.0, 0.2107554
24150.0, 0.210753
24160.0, 0.2107506
24170.0, 0.2107482
24180.0, 0.2107458
24190.0, 0.21074341
24200.0, 0.21074101
24210.0, 0.21073864
24220.0, 0.21073626
24230.0, 0.2107339
24240.0, 0.21073154
24250.0, 0.21072917
24260.0, 0.21072681
24270.0, 0.21072447
24280.0, 0.21072212
24290.0, 0.21071978
24300.0, 0.21071744
24310.0, 0.21071512
24320.0, 0.21071278
24330.0, 0.21071045
24340.0, 0.21070813
24350.0, 0.21070582
24360.0, 0.21070352
24370.0, 0.21070121
24380.0, 0.2106989
24390.0, 0.21069661
24400.0, 0.21069431
24410.0, 0.21069203
24420.0, 0.21068975
24430.0, 0.21068749
24440.0, 0.2106852
24450.0, 0.21068293
24460.0, 0.21068065
24470.0, 0.21067841
24480.0, 0.21067615
24490.0, 0.21067391
24500.0, 0.21067166
24510.0, 0.21066941
24520.0, 0.2106672
24530.0, 0.21066496
24540.0, 0.21066271
24550.0, 0.21066049
24560.0, 0.21065827
24570.0, 0.21065605
24580.0, 0.21065384
24590.0, 0.21065165
24600.0, 0.21064945
24610.0, 0.21064726
24620.0, 0.21064503
24630.0, 0.21064286
24640.0, 0.21064068
24650.0, 0.2106385
24660.0, 0.21063632
24670.0, 0.21063414
24680.0, 0.21063198
24690.0, 0.21062982
24700.0, 0.21062768
24710.0, 0.21062551
24720.0, 0.21062335
24730.0, 0.2106212
24740.0, 0.21061908
24750.0, 0.21061693
24760.0, 0.2106148
24770.0, 0.21061268
24780.0, 0.21061054
24790.0, 0.21060844
24800.0, 0.2106063
24810.0, 0.2106042
24820.0, 0.21060207
24830.0, 0.21059999
24840.0, 0.21059789
24850.0, 0.21059579
24860.0, 0.2105937
24870.0, 0.21059163
24880.0, 0.21058953
24890.0, 0.21058746
24900.0, 0.21058537
24910.0, 0.21058331
24920.0, 0.21058124
24930.0, 0.21057917
24940.0, 0.21057712
24950.0, 0.21057507
24960.0, 0.21057303
24970.0, 0.21057099
24980.0, 0.21056893
24990.0, 0.21056691
25000.0, 0.21056487
25010.0, 0.21056284
25020.0, 0.21056081
25030.0, 0.21055879
25040.0, 0.21055679
25050.0, 0.21055476
25060.0, 0.21055275
25070.0, 0.21055076
25080.0, 0.21054874
25090.0, 0.21054675
25100.0, 0.21054476
25110.0, 0.21054278
25120.0, 0.21054079
25130.0, 0.2105388
25140.0, 0.21053682
25150.0, 0.21053486
25160.0, 0.21053289
25170.0, 0.21053092
25180.0, 0.21052895
25190.0, 0.21052699
25200.0, 0.21052504
25210.0, 0.2105231
25220.0, 0.21052115
25230.0, 0.21051921
25240.0, 0.21051727
25250.0, 0.21051534
25260.0, 0.2105134
25270.0, 0.21051148
25280.0, 0.21050955
25290.0, 0.21050763
25300.0, 0.21050572
25310.0, 0.21050382
25320.0, 0.2105019
25330.0, 0.2105
25340.0, 0.2104981
25350.0, 0.21049622
25360.0, 0.21049431
25370.0, 0.21049242
25380.0, 0.21049054
25390.0, 0.21048866
25400.0, 0.21048677
25410.0, 0.21048492
25420.0, 0.21048303
25430.0, 0.21048117
25440.0, 0.2104793
25450.0, 0.21047746
25460.0, 0.2104756
25470.0, 0.21047375
25480.0, 0.21047188
25490.0, 0.21047005
25500.0, 0.21046822
25510.0, 0.21046637
25520.0, 0.21046454
25530.0, 0.21046272
25540.0, 0.21046089
25550.0, 0.21045905
25560.0, 0.21045725
25570.0, 0.21045543
25580.0, 0.21045363
25590.0, 0.21045181
25600.0, 0.21045001
25610.0, 0.2104482
25620.0, 0.21044642
25630.0, 0.21044461
25640.0, 0.21044283
25650.0, 0.21044105
25660.0, 0.21043926
25670.0, 0.21043748
25680.0, 0.2104357
25690.0, 0.21043393
25700.0, 0.21043216
25710.0, 0.2104304
25720.0, 0.21042864
25730.0, 0.21042688
25740.0, 0.21042512
25750.0, 0.21042338
25760.0, 0.21042164
25770.0, 0.21041988
25780.0, 0.21041813
25790.0, 0.2104164
25800.0, 0.21041468
25810.0, 0.21041293
25820.0, 0.21041122
25830.0, 0.21040949
25840.0, 0.21040778
25850.0, 0.21040605
25860.0, 0.21040435
25870.0, 0.21040264
25880.0, 0.21040094
25890.0, 0.21039923
25900.0, 0.21039753
25910.0, 0.21039584
25920.0, 0.21039416
25930.0, 0.21039245
25940.0, 0.21039076
25950.0, 0.21038908
25960.0, 0.2103874
25970.0, 0.21038572
25980.0, 0.21038406
25990.0, 0.21038239
26000.0, 0.21038072
26010.0, 0.21037905
26020.0, 0.21037741
26030.0, 0.21037574
26040.0, 0.2103741
26050.0, 0.21037245
26060.0, 0.2103708
26070.0, 0.21036917
26080.0, 0.21036752
26090.0, 0.21036589
26100.0, 0.21036424
26110.0, 0.21036261
26120.0, 0.21036099
26130.0, 0.21035936
26140.0, 0.21035774
26150.0, 0.21035613
26160.0, 0.21035452
26170.0, 0.2103529
26180.0, 0.2103513
26190.0, 0.21034971
26200.0, 0.2103481
26210.0, 0.2103465
26220.0, 0.2103449
26230.0, 0.21034332
26240.0, 0.21034174
26250.0, 0.21034014
26260.0, 0.21033856
26270.0, 0.21033697
26280.0, 0.2103354
26290.0, 0.21033382
26300.0, 0.21033226
26310.0, 0.2103307
26320.0, 0.21032915
26330.0, 0.21032758
26340.0, 0.21032602
26350.0, 0.21032447
26360.0, 0.21032293
26370.0, 0.21032137
26380.0, 0.21031983
26390.0, 0.21031828
26400.0, 0.21031675
26410.0, 0.21031521
26420.0, 0.21031368
26430.0, 0.21031216
26440.0, 0.21031062
26450.0, 0.2103091
26460.0, 0.21030757
26470.0, 0.21030608
26480.0, 0.21030456
26490.0, 0.21030304
26500.0, 0.21030153
26510.0, 0.21030001
26520.0, 0.21029854
26530.0, 0.21029705
26540.0, 0.21029553
26550.0, 0.21029405
26560.0, 0.21029256
26570.0, 0.21029107
26580.0, 0.21028958
26590.0, 0.2102881
26600.0, 0.21028662
26610.0, 0.21028516
26620.0, 0.21028368
26630.0, 0.2102822
26640.0, 0.21028075
26650.0, 0.21027927
26660.0, 0.21027781
26670.0, 0.21027638
26680.0, 0.2102749
26690.0, 0.21027346
26700.0, 0.210272
26710.0, 0.21027057
26720.0, 0.21026911
26730.0, 0.21026768
26740.0, 0.21026623
26750.0, 0.2102648
26760.0, 0.21026339
26770.0, 0.21026194
26780.0, 0.21026053
26790.0, 0.21025911
26800.0, 0.21025768
26810.0, 0.21025626
26820.0, 0.21025485
26830.0, 0.21025342
26840.0, 0.21025203
26850.0, 0.21025063
26860.0, 0.21024922
26870.0, 0.21024783
26880.0, 0.21024641
26890.0, 0.21024503
26900.0, 0.21024364
26910.0, 0.21024226
26920.0, 0.21024086
26930.0, 0.21023947
26940.0, 0.2102381
26950.0, 0.21023671
26960.0, 0.21023536
26970.0, 0.21023397
26980.0, 0.2102326
26990.0, 0.21023123
27000.0, 0.21022986
27010.0, 0.21022852
27020.0, 0.21022715
27030.0, 0.21022579
27040.0, 0.21022443
27050.0, 0.2102231
27060.0, 0.21022174
27070.0, 0.2102204
27080.0, 0.21021906
27090.0, 0.21021771
27100.0, 0.21021637
27110.0, 0.21021503
27120.0, 0.21021369
27130.0, 0.21021238
27140.0, 0.21021105
27150.0, 0.21020971
27160.0, 0.2102084
27170.0, 0.21020707
27180.0, 0.21020575
27190.0, 0.21020445
27200.0, 0.21020316
27210.0, 0.21020183
27220.0, 0.21020053
27230.0, 0.21019922
27240.0, 0.21019793
27250.0, 0.21019661
27260.0, 0.21019532
27270.0, 0.21019404
27280.0, 0.21019274
27290.0, 0.21019147
27300.0, 0.21019018
27310.0, 0.21018888
27320.0, 0.21018761
27330.0, 0.21018633
27340.0, 0.21018507
27350.0, 0.21018378
27360.0, 0.21018252
27370.0, 0.21018125
27380.0, 0.21017998
27390.0, 0.21017872
27400.0, 0.21017747
27410.0, 0.2101762
27420.0, 0.21017495
27430.0, 0.2101737
27440.0, 0.21017244
27450.0, 0.21017121
27460.0, 0.21016996
27470.0, 0.2101687
27480.0, 0.21016747
27490.0, 0.21016625
27500.0, 0.21016501
27510.0, 0.21016376
27520.0, 0.21016254
27530.0, 0.21016131
27540.0, 0.21016008
27550.0, 0.21015887
27560.0, 0.21015765
27570.0, 0.21015643
27580.0, 0.2101552
27590.0, 0.21015401
27600.0, 0.21015279
27610.0, 0.21015158
27620.0, 0.21015036
27630.0, 0.21014917
27640.0, 0.21014796
27650.0, 0.21014677
27660.0, 0.2101456
27670.0, 0.21014439
27680.0, 0.21014318
27690.0, 0.210142
27700.0, 0.21014081
27710.0, 0.21013963
27720.0, 0.21013846
27730.0, 0.21013728
27740.0, 0.21013609
27750.0, 0.21013492
27760.0, 0.21013375
27770.0, 0.21013258
27780.0, 0.2101314
27790.0, 0.21013024
27800.0, 0.21012908
27810.0, 0.21012792
27820.0, 0.21012676
27830.0, 0.21012561
27840.0, 0.21012445
27850.0, 0.2101233
27860.0, 0.21012215
27870.0, 0.210121
27880.0, 0.21011986
27890.0, 0.21011871
27900.0, 0.21011758
27910.0, 0.21011643
27920.0, 0.2101153
27930.0, 0.21011418
27940.0, 0.21011303
27950.0, 0.21011192
27960.0, 0.21011078
27970.0, 0.21010967
27980.0, 0.21010853
27990.0, 0.21010743
28000.0, 0.2101063
28010.0, 0.21010517
28020.0, 0.21010406
28030.0, 0.21010295
28040.0, 0.21010186
28050.0, 0.21010074
28060.0, 0.21009964
28070.0, 0.21009853
28080.0, 0.21009743
28090.0, 0.21009634
28100.0, 0.21009524
28110.0, 0.21009414
28120.0, 0.21009305
28130.0, 0.21009196
28140.0, 0.21009088
28150.0, 0.2100898
28160.0, 0.21008873
28170.0, 0.21008764
28180.0, 0.21008657
28190.0, 0.21008548
28200.0, 0.2100844
28210.0, 0.21008334
28220.0, 0.21008226
28230.0, 0.2100812
28240.0, 0.21008013
28250.0, 0.21007907
28260.0, 0.210078
28270.0, 0.21007694
28280.0, 0.21007589
28290.0, 0.21007484
28300.0, 0.21007378
28310.0, 0.21007273
28320.0, 0.21007168
28330.0, 0.21007062
28340.0, 0.2100696
28350.0, 0.21006857
28360.0, 0.21006751
28370.0, 0.21006648
28380.0, 0.21006544
28390.0, 0.21006441
28400.0, 0.21006337
28410.0, 0.21006234
28420.0, 0.21006131
28430.0, 0.21006028
28440.0, 0.21005927
28450.0, 0.21005824
28460.0, 0.21005723
28470.0, 0.21005622
28480.0, 0.21005519
28490.0, 0.21005417
28500.0, 0.21005316
28510.0, 0.21005216
28520.0, 0.21005115
28530.0, 0.21005014
28540.0, 0.21004914
28550.0, 0.21004814
28560.0, 0.21004714
28570.0, 0.21004614
28580.0, 0.21004516
28590.0, 0.21004416
28600.0, 0.21004318
28610.0, 0.21004218
28620.0, 0.2100412
28630.0, 0.2100402
28640.0, 0.21003923
28650.0, 0.21003823
28660.0, 0.21003726
28670.0, 0.21003628
28680.0, 0.21003531
28690.0, 0.21003434
28700.0, 0.21003336
28710.0, 0.21003239
28720.0, 0.21003142
28730.0, 0.21003045
28740.0, 0.2100295
28750.0, 0.21002853
28760.0, 0.21002756
28770.0, 0.2100266
28780.0, 0.21002564
28790.0, 0.2100247
28800.0, 0.21002375
28810.0, 0.21002279
28820.0, 0.21002184
28830.0, 0.2100209
28840.0, 0.21001996
28850.0, 0.210019
28860.0, 0.21001805
28870.0, 0.21001713
28880.0, 0.21001618
28890.0, 0.21001525
28900.0, 0.21001431
28910.0, 0.21001337
28920.0, 0.21001247
28930.0, 0.21001153
28940.0, 0.2100106
28950.0, 0.2100097
28960.0, 0.21000877
28970.0, 0.21000783
28980.0, 0.21000691
28990.0, 0.210006
29000.0, 0.21000509
29010.0, 0.21000417
29020.0, 0.21000326
29030.0, 0.21000235
29040.0, 0.21000144
29050.0, 0.21000053
29060.0, 0.20999964
29070.0, 0.20999873
29080.0, 0.20999782
29090.0, 0.20999694
29100.0, 0.20999603
29110.0, 0.20999514
29120.0, 0.20999424
29130.0, 0.20999336
29140.0, 0.20999245
29150.0, 0.20999157
29160.0, 0.2099907
29170.0, 0.20998979
29180.0, 0.20998892
29190.0, 0.20998803
29200.0, 0.20998716
29210.0, 0.20998628
29220.0, 0.20998539
29230.0, 0.20998454
29240.0, 0.20998366
29250.0, 0.20998278
29260.0, 0.20998192
29270.0, 0.20998105
29280.0, 0.20998017
29290.0, 0.20997933
29300.0, 0.20997845
29310.0, 0.2099776
29320.0, 0.20997675
29330.0, 0.20997588
29340.0, 0.20997503
29350.0, 0.20997417
29360.0, 0.20997334
29370.0, 0.20997247
29380.0, 0.20997162
29390.0, 0.20997077
29400.0, 0.20996992
29410.0, 0.20996909
29420.0, 0.20996825
29430.0, 0.2099674
29440.0, 0.20996657
29450.0, 0.20996574
29460.0, 0.2099649
29470.0, 0.20996407
29480.0, 0.20996325
29490.0, 0.2099624
29500.0, 0.20996156
29510.0, 0.20996074
29520.0, 0.20995992
29530.0, 0.20995912
29540.0, 0.20995829
29550.0, 0.20995747
29560.0, 0.20995665
29570.0, 0.20995581
29580.0, 0.209955
29590.0, 0.2099542
29600.0, 0.20995337
29610.0, 0.20995256
29620.0, 0.20995177
29630.0, 0.20995095
29640.0, 0.20995015
29650.0, 0.20994934
29660.0, 0.20994855
29670.0, 0.20994774
29680.0, 0.20994695
29690.0, 0.20994614
29700.0, 0.20994535
29710.0, 0.20994455
29720.0, 0.20994377
29730.0, 0.20994297
29740.0, 0.20994219
29750.0, 0.20994139
29760.0, 0.2099406
29770.0, 0.20993984
29780.0, 0.20993903
29790.0, 0.20993826
29800.0, 0.20993748
29810.0, 0.2099367
29820.0, 0.20993592
29830.0, 0.20993514
29840.0, 0.20993437
29850.0, 0.20993361
29860.0, 0.20993282
29870.0, 0.20993206
29880.0, 0.20993128
29890.0, 0.20993054
29900.0, 0.20992976
29910.0, 0.209929
29920.0, 0.20992823
29930.0, 0.20992748
29940.0, 0.20992671
29950.0, 0.20992596
29960.0, 0.2099252
29970.0, 0.20992444
29980.0, 0.2099237
29990.0, 0.20992294
30000.0, 0.2099222
