Energy (in eV), backscattering yield of material CFRP-NASCAP at incidence 40.0 degree
   X,       Y
0.0, 0.0
10.0, 0.0
20.0, 0.0
30.0, 0.0
40.0, 0.0
50.0, 0.0
60.0, 0.029909687
70.0, 0.047783084
80.0, 0.061670408
90.0, 0.07312805
100.0, 0.08289868
110.0, 0.091415666
120.0, 0.09895959
130.0, 0.10572442
140.0, 0.111850545
150.0, 0.1174432
160.0, 0.12258339
170.0, 0.12733495
180.0, 0.13174903
190.0, 0.13586731
200.0, 0.13972422
210.0, 0.1433485
220.0, 0.14676446
230.0, 0.14999272
240.0, 0.15305105
250.0, 0.15595482
260.0, 0.1587174
270.0, 0.1613505
280.0, 0.16386446
290.0, 0.16626845
300.0, 0.16857058
310.0, 0.17077814
320.0, 0.17289767
330.0, 0.174935
340.0, 0.17689548
350.0, 0.17878392
360.0, 0.18060473
370.0, 0.18236187
380.0, 0.184059
390.0, 0.1856995
400.0, 0.18728644
410.0, 0.18882261
420.0, 0.19031073
430.0, 0.19175316
440.0, 0.19315216
450.0, 0.19450983
460.0, 0.1958281
470.0, 0.19710878
480.0, 0.19835357
490.0, 0.19956405
500.0, 0.2007417
510.0, 0.20188789
520.0, 0.20300393
530.0, 0.20409106
540.0, 0.20515038
550.0, 0.20618308
560.0, 0.20719007
570.0, 0.20817235
580.0, 0.20913091
590.0, 0.21006651
600.0, 0.21098001
610.0, 0.21187222
620.0, 0.21274382
630.0, 0.21359557
640.0, 0.2144281
650.0, 0.21524201
660.0, 0.21603799
670.0, 0.21681653
680.0, 0.21757823
690.0, 0.21832362
700.0, 0.21905316
710.0, 0.21976735
720.0, 0.22046667
730.0, 0.2211515
740.0, 0.22182232
750.0, 0.22247948
760.0, 0.22312339
770.0, 0.22375444
780.0, 0.22437295
790.0, 0.2249793
800.0, 0.22557375
810.0, 0.22615667
820.0, 0.22672835
830.0, 0.22728908
840.0, 0.22783913
850.0, 0.22837879
860.0, 0.22890832
870.0, 0.22942795
880.0, 0.22993794
890.0, 0.23043849
900.0, 0.2309299
910.0, 0.23141232
920.0, 0.23188597
930.0, 0.23235108
940.0, 0.23280783
950.0, 0.2332564
960.0, 0.233697
970.0, 0.23412979
980.0, 0.23455495
990.0, 0.23497266
1000.0, 0.23538303
1010.0, 0.23518808
1020.0, 0.23499347
1030.0, 0.2347992
1040.0, 0.23460528
1050.0, 0.23441169
1060.0, 0.23421845
1070.0, 0.23402554
1080.0, 0.23383297
1090.0, 0.23364073
1100.0, 0.23344883
1110.0, 0.23325726
1120.0, 0.23306604
1130.0, 0.23287512
1140.0, 0.23268457
1150.0, 0.23249434
1160.0, 0.23230444
1170.0, 0.23211488
1180.0, 0.23192565
1190.0, 0.23173673
1200.0, 0.23154818
1210.0, 0.23135993
1220.0, 0.23117201
1230.0, 0.23098443
1240.0, 0.23079719
1250.0, 0.23061025
1260.0, 0.23042366
1270.0, 0.23023738
1280.0, 0.23005143
1290.0, 0.2298658
1300.0, 0.22968051
1310.0, 0.22949556
1320.0, 0.2293109
1330.0, 0.22912659
1340.0, 0.22894257
1350.0, 0.2287589
1360.0, 0.22857554
1370.0, 0.22839251
1380.0, 0.2282098
1390.0, 0.2280274
1400.0, 0.22784533
1410.0, 0.22766358
1420.0, 0.22748214
1430.0, 0.22730103
1440.0, 0.22712024
1450.0, 0.22693974
1460.0, 0.22675958
1470.0, 0.22657974
1480.0, 0.22640021
1490.0, 0.226221
1500.0, 0.22604209
1510.0, 0.2258635
1520.0, 0.22568522
1530.0, 0.22550727
1540.0, 0.22532962
1550.0, 0.2251523
1560.0, 0.22497527
1570.0, 0.22479856
1580.0, 0.22462216
1590.0, 0.22444606
1600.0, 0.22427028
1610.0, 0.22409481
1620.0, 0.22391964
1630.0, 0.2237448
1640.0, 0.22357024
1650.0, 0.223396
1660.0, 0.22322208
1670.0, 0.22304845
1680.0, 0.22287513
1690.0, 0.22270212
1700.0, 0.2225294
1710.0, 0.222357
1720.0, 0.2221849
1730.0, 0.2220131
1740.0, 0.2218416
1750.0, 0.22167039
1760.0, 0.22149952
1770.0, 0.22132891
1780.0, 0.22115862
1790.0, 0.22098865
1800.0, 0.22081894
1810.0, 0.22064957
1820.0, 0.22048047
1830.0, 0.22031167
1840.0, 0.22014317
1850.0, 0.21997496
1860.0, 0.21980707
1870.0, 0.21963948
1880.0, 0.21947215
1890.0, 0.21930514
1900.0, 0.21913843
1910.0, 0.218972
1920.0, 0.21880586
1930.0, 0.21864003
1940.0, 0.21847449
1950.0, 0.21830922
1960.0, 0.21814427
1970.0, 0.21797961
1980.0, 0.21781524
1990.0, 0.21765114
2000.0, 0.21748735
2010.0, 0.21732384
2020.0, 0.21716061
2030.0, 0.21699768
2040.0, 0.21683505
2050.0, 0.2166727
2060.0, 0.21651065
2070.0, 0.21634887
2080.0, 0.21618737
2090.0, 0.21602617
2100.0, 0.21586524
2110.0, 0.2157046
2120.0, 0.21554425
2130.0, 0.21538419
2140.0, 0.21522442
2150.0, 0.2150649
2160.0, 0.2149057
2170.0, 0.21474676
2180.0, 0.2145881
2190.0, 0.21442974
2200.0, 0.21427165
2210.0, 0.21411382
2220.0, 0.2139563
2230.0, 0.21379904
2240.0, 0.21364206
2250.0, 0.21348539
2260.0, 0.21332896
2270.0, 0.21317284
2280.0, 0.21301696
2290.0, 0.21286137
2300.0, 0.21270606
2310.0, 0.21255104
2320.0, 0.21239628
2330.0, 0.2122418
2340.0, 0.21208759
2350.0, 0.21193366
2360.0, 0.21178
2370.0, 0.2116266
2380.0, 0.21147348
2390.0, 0.21132064
2400.0, 0.21116808
2410.0, 0.21101578
2420.0, 0.21086375
2430.0, 0.210712
2440.0, 0.21056052
2450.0, 0.21040928
2460.0, 0.21025832
2470.0, 0.21010765
2480.0, 0.20995724
2490.0, 0.2098071
2500.0, 0.2096572
2510.0, 0.2095076
2520.0, 0.20935826
2530.0, 0.20920917
2540.0, 0.20906036
2550.0, 0.2089118
2560.0, 0.20876354
2570.0, 0.20861551
2580.0, 0.20846777
2590.0, 0.20832026
2600.0, 0.20817304
2610.0, 0.20802607
2620.0, 0.20787935
2630.0, 0.20773292
2640.0, 0.20758674
2650.0, 0.20744081
2660.0, 0.20729515
2670.0, 0.20714974
2680.0, 0.20700459
2690.0, 0.20685971
2700.0, 0.20671509
2710.0, 0.20657071
2720.0, 0.20642662
2730.0, 0.20628276
2740.0, 0.20613918
2750.0, 0.20599583
2760.0, 0.20585275
2770.0, 0.20570992
2780.0, 0.20556736
2790.0, 0.20542504
2800.0, 0.20528297
2810.0, 0.20514117
2820.0, 0.20499961
2830.0, 0.2048583
2840.0, 0.20471726
2850.0, 0.20457646
2860.0, 0.20443591
2870.0, 0.20429562
2880.0, 0.20415558
2890.0, 0.20401578
2900.0, 0.20387624
2910.0, 0.20373695
2920.0, 0.2035979
2930.0, 0.20345911
2940.0, 0.20332056
2950.0, 0.20318227
2960.0, 0.20304422
2970.0, 0.2029064
2980.0, 0.20276885
2990.0, 0.20263155
3000.0, 0.20249447
3010.0, 0.20235766
3020.0, 0.20222108
3030.0, 0.20208476
3040.0, 0.20194867
3050.0, 0.20181283
3060.0, 0.20167723
3070.0, 0.20154189
3080.0, 0.20140678
3090.0, 0.2012719
3100.0, 0.20113727
3110.0, 0.2010029
3120.0, 0.20086876
3130.0, 0.20073485
3140.0, 0.20060119
3150.0, 0.20046777
3160.0, 0.20033458
3170.0, 0.20020163
3180.0, 0.20006894
3190.0, 0.19993646
3200.0, 0.19980423
3210.0, 0.19967224
3220.0, 0.1995405
3230.0, 0.19940898
3240.0, 0.1992777
3250.0, 0.19914664
3260.0, 0.19901584
3270.0, 0.19888526
3280.0, 0.19875492
3290.0, 0.19862482
3300.0, 0.19849494
3310.0, 0.1983653
3320.0, 0.19823591
3330.0, 0.19810674
3340.0, 0.1979778
3350.0, 0.1978491
3360.0, 0.19772062
3370.0, 0.19759236
3380.0, 0.19746436
3390.0, 0.19733657
3400.0, 0.19720902
3410.0, 0.1970817
3420.0, 0.19695461
3430.0, 0.19682774
3440.0, 0.19670111
3450.0, 0.19657469
3460.0, 0.19644852
3470.0, 0.19632256
3480.0, 0.19619684
3490.0, 0.19607134
3500.0, 0.19594605
3510.0, 0.19582102
3520.0, 0.19569619
3530.0, 0.1955716
3540.0, 0.19544724
3550.0, 0.19532308
3560.0, 0.19519916
3570.0, 0.19507547
3580.0, 0.19495198
3590.0, 0.19482873
3600.0, 0.1947057
3610.0, 0.19458288
3620.0, 0.1944603
3630.0, 0.19433793
3640.0, 0.19421579
3650.0, 0.19409387
3660.0, 0.19397217
3670.0, 0.19385068
3680.0, 0.19372942
3690.0, 0.19360837
3700.0, 0.19348755
3710.0, 0.19336694
3720.0, 0.19324654
3730.0, 0.19312638
3740.0, 0.19300643
3750.0, 0.1928867
3760.0, 0.19276717
3770.0, 0.19264786
3780.0, 0.19252877
3790.0, 0.1924099
3800.0, 0.19229124
3810.0, 0.1921728
3820.0, 0.19205457
3830.0, 0.19193655
3840.0, 0.19181876
3850.0, 0.19170116
3860.0, 0.1915838
3870.0, 0.19146663
3880.0, 0.19134967
3890.0, 0.19123293
3900.0, 0.19111642
3910.0, 0.1910001
3920.0, 0.190884
3930.0, 0.1907681
3940.0, 0.19065242
3950.0, 0.19053695
3960.0, 0.19042167
3970.0, 0.19030662
3980.0, 0.19019178
3990.0, 0.19007713
4000.0, 0.18996271
4010.0, 0.18984848
4020.0, 0.18973447
4030.0, 0.18962066
4040.0, 0.18950705
4050.0, 0.18939365
4060.0, 0.18928047
4070.0, 0.18916748
4080.0, 0.18905471
4090.0, 0.18894212
4100.0, 0.18882976
4110.0, 0.18871759
4120.0, 0.18860564
4130.0, 0.18849388
4140.0, 0.18838233
4150.0, 0.18827097
4160.0, 0.18815981
4170.0, 0.18804887
4180.0, 0.18793812
4190.0, 0.18782757
4200.0, 0.18771723
4210.0, 0.1876071
4220.0, 0.18749714
4230.0, 0.1873874
4240.0, 0.18727785
4250.0, 0.18716851
4260.0, 0.18705937
4270.0, 0.18695043
4280.0, 0.18684167
4290.0, 0.18673313
4300.0, 0.18662478
4310.0, 0.18651661
4320.0, 0.18640867
4330.0, 0.18630089
4340.0, 0.18619333
4350.0, 0.18608597
4360.0, 0.18597879
4370.0, 0.18587181
4380.0, 0.18576503
4390.0, 0.18565844
4400.0, 0.18555205
4410.0, 0.18544585
4420.0, 0.18533984
4430.0, 0.18523403
4440.0, 0.1851284
4450.0, 0.18502298
4460.0, 0.18491775
4470.0, 0.18481271
4480.0, 0.18470785
4490.0, 0.1846032
4500.0, 0.18449873
4510.0, 0.18439445
4520.0, 0.18429036
4530.0, 0.18418646
4540.0, 0.18408275
4550.0, 0.18397923
4560.0, 0.1838759
4570.0, 0.18377276
4580.0, 0.1836698
4590.0, 0.18356705
4600.0, 0.18346447
4610.0, 0.18336208
4620.0, 0.18325989
4630.0, 0.18315786
4640.0, 0.18305603
4650.0, 0.1829544
4660.0, 0.18285294
4670.0, 0.18275167
4680.0, 0.18265058
4690.0, 0.18254969
4700.0, 0.18244897
4710.0, 0.18234843
4720.0, 0.18224809
4730.0, 0.18214792
4740.0, 0.18204793
4750.0, 0.18194814
4760.0, 0.18184853
4770.0, 0.1817491
4780.0, 0.18164985
4790.0, 0.18155077
4800.0, 0.1814519
4810.0, 0.1813532
4820.0, 0.18125466
4830.0, 0.18115631
4840.0, 0.18105815
4850.0, 0.18096018
4860.0, 0.18086237
4870.0, 0.18076473
4880.0, 0.1806673
4890.0, 0.18057002
4900.0, 0.18047294
4910.0, 0.18037602
4920.0, 0.18027928
4930.0, 0.18018274
4940.0, 0.18008636
4950.0, 0.17999016
4960.0, 0.17989413
4970.0, 0.17979828
4980.0, 0.1797026
4990.0, 0.17960711
5000.0, 0.17951179
5010.0, 0.17941664
5020.0, 0.17932168
5030.0, 0.17922688
5040.0, 0.17913224
5050.0, 0.1790378
5060.0, 0.17894353
5070.0, 0.17884941
5080.0, 0.17875549
5090.0, 0.17866173
5100.0, 0.17856814
5110.0, 0.17847474
5120.0, 0.17838149
5130.0, 0.17828842
5140.0, 0.17819552
5150.0, 0.17810279
5160.0, 0.17801024
5170.0, 0.17791784
5180.0, 0.17782563
5190.0, 0.17773359
5200.0, 0.1776417
5210.0, 0.17754999
5220.0, 0.17745845
5230.0, 0.17736708
5240.0, 0.17727588
5250.0, 0.17718484
5260.0, 0.17709397
5270.0, 0.17700328
5280.0, 0.17691274
5290.0, 0.17682238
5300.0, 0.17673217
5310.0, 0.17664215
5320.0, 0.17655227
5330.0, 0.17646258
5340.0, 0.17637303
5350.0, 0.17628366
5360.0, 0.17619444
5370.0, 0.17610541
5380.0, 0.17601654
5390.0, 0.17592782
5400.0, 0.17583926
5410.0, 0.17575087
5420.0, 0.17566265
5430.0, 0.17557459
5440.0, 0.1754867
5450.0, 0.17539896
5460.0, 0.17531137
5470.0, 0.17522396
5480.0, 0.17513672
5490.0, 0.17504962
5500.0, 0.17496268
5510.0, 0.17487593
5520.0, 0.17478931
5530.0, 0.17470285
5540.0, 0.17461658
5550.0, 0.17453045
5560.0, 0.17444447
5570.0, 0.17435865
5580.0, 0.17427301
5590.0, 0.17418751
5600.0, 0.17410217
5610.0, 0.174017
5620.0, 0.17393197
5630.0, 0.17384711
5640.0, 0.1737624
5650.0, 0.17367785
5660.0, 0.17359345
5670.0, 0.17350921
5680.0, 0.17342512
5690.0, 0.1733412
5700.0, 0.17325743
5710.0, 0.17317382
5720.0, 0.17309035
5730.0, 0.17300704
5740.0, 0.17292388
5750.0, 0.1728409
5760.0, 0.17275804
5770.0, 0.17267536
5780.0, 0.1725928
5790.0, 0.17251042
5800.0, 0.17242819
5810.0, 0.17234612
5820.0, 0.17226417
5830.0, 0.1721824
5840.0, 0.17210078
5850.0, 0.1720193
5860.0, 0.17193797
5870.0, 0.1718568
5880.0, 0.17177579
5890.0, 0.1716949
5900.0, 0.17161418
5910.0, 0.17153361
5920.0, 0.1714532
5930.0, 0.17137292
5940.0, 0.1712928
5950.0, 0.17121282
5960.0, 0.171133
5970.0, 0.1710533
5980.0, 0.17097378
5990.0, 0.1708944
6000.0, 0.17081515
6010.0, 0.17073607
6020.0, 0.17065713
6030.0, 0.17057833
6040.0, 0.17049968
6050.0, 0.17042117
6060.0, 0.17034282
6070.0, 0.1702646
6080.0, 0.17018653
6090.0, 0.17010862
6100.0, 0.17003085
6110.0, 0.1699532
6120.0, 0.16987571
6130.0, 0.16979837
6140.0, 0.16972117
6150.0, 0.16964412
6160.0, 0.16956721
6170.0, 0.16949044
6180.0, 0.1694138
6190.0, 0.16933732
6200.0, 0.16926098
6210.0, 0.16918477
6220.0, 0.16910872
6230.0, 0.1690328
6240.0, 0.16895702
6250.0, 0.1688814
6260.0, 0.1688059
6270.0, 0.16873054
6280.0, 0.16865532
6290.0, 0.16858026
6300.0, 0.16850533
6310.0, 0.16843054
6320.0, 0.16835588
6330.0, 0.16828136
6340.0, 0.16820699
6350.0, 0.16813275
6360.0, 0.16805865
6370.0, 0.1679847
6380.0, 0.16791086
6390.0, 0.16783717
6400.0, 0.16776362
6410.0, 0.16769022
6420.0, 0.16761695
6430.0, 0.1675438
6440.0, 0.1674708
6450.0, 0.16739793
6460.0, 0.1673252
6470.0, 0.16725262
6480.0, 0.16718015
6490.0, 0.16710782
6500.0, 0.16703564
6510.0, 0.16696359
6520.0, 0.16689166
6530.0, 0.16681989
6540.0, 0.16674823
6550.0, 0.16667672
6560.0, 0.16660534
6570.0, 0.16653408
6580.0, 0.16646296
6590.0, 0.16639198
6600.0, 0.16632113
6610.0, 0.16625041
6620.0, 0.16617982
6630.0, 0.16610937
6640.0, 0.16603905
6650.0, 0.16596885
6660.0, 0.1658988
6670.0, 0.16582885
6680.0, 0.16575906
6690.0, 0.1656894
6700.0, 0.16561985
6710.0, 0.16555046
6720.0, 0.16548117
6730.0, 0.16541202
6740.0, 0.165343
6750.0, 0.16527411
6760.0, 0.16520534
6770.0, 0.16513671
6780.0, 0.16506821
6790.0, 0.16499984
6800.0, 0.16493158
6810.0, 0.16486347
6820.0, 0.16479547
6830.0, 0.16472761
6840.0, 0.16465987
6850.0, 0.16459225
6860.0, 0.16452478
6870.0, 0.16445741
6880.0, 0.16439018
6890.0, 0.16432306
6900.0, 0.16425608
6910.0, 0.16418923
6920.0, 0.1641225
6930.0, 0.1640559
6940.0, 0.16398942
6950.0, 0.16392305
6960.0, 0.16385683
6970.0, 0.16379073
6980.0, 0.16372474
6990.0, 0.16365889
7000.0, 0.16359316
7010.0, 0.16352753
7020.0, 0.16346204
7030.0, 0.16339669
7040.0, 0.16333143
7050.0, 0.16326632
7060.0, 0.16320132
7070.0, 0.16313644
7080.0, 0.16307169
7090.0, 0.16300705
7100.0, 0.16294254
7110.0, 0.16287816
7120.0, 0.16281387
7130.0, 0.16274972
7140.0, 0.1626857
7150.0, 0.16262178
7160.0, 0.162558
7170.0, 0.16249433
7180.0, 0.16243078
7190.0, 0.16236734
7200.0, 0.16230404
7210.0, 0.16224085
7220.0, 0.16217777
7230.0, 0.16211481
7240.0, 0.16205198
7250.0, 0.16198926
7260.0, 0.16192666
7270.0, 0.16186418
7280.0, 0.16180182
7290.0, 0.16173957
7300.0, 0.16167744
7310.0, 0.16161542
7320.0, 0.16155353
7330.0, 0.16149175
7340.0, 0.16143008
7350.0, 0.16136853
7360.0, 0.1613071
7370.0, 0.1612458
7380.0, 0.16118458
7390.0, 0.16112348
7400.0, 0.16106252
7410.0, 0.16100167
7420.0, 0.16094093
7430.0, 0.1608803
7440.0, 0.16081978
7450.0, 0.16075939
7460.0, 0.1606991
7470.0, 0.16063891
7480.0, 0.16057886
7490.0, 0.16051891
7500.0, 0.16045909
7510.0, 0.16039936
7520.0, 0.16033976
7530.0, 0.16028027
7540.0, 0.16022088
7550.0, 0.16016161
7560.0, 0.16010246
7570.0, 0.1600434
7580.0, 0.15998447
7590.0, 0.15992564
7600.0, 0.15986693
7610.0, 0.15980832
7620.0, 0.15974984
7630.0, 0.15969144
7640.0, 0.15963317
7650.0, 0.15957502
7660.0, 0.15951696
7670.0, 0.15945902
7680.0, 0.15940118
7690.0, 0.15934345
7700.0, 0.15928584
7710.0, 0.15922834
7720.0, 0.15917094
7730.0, 0.15911365
7740.0, 0.15905647
7750.0, 0.15899938
7760.0, 0.15894243
7770.0, 0.15888557
7780.0, 0.15882881
7790.0, 0.15877217
7800.0, 0.15871564
7810.0, 0.1586592
7820.0, 0.15860288
7830.0, 0.15854666
7840.0, 0.15849055
7850.0, 0.15843454
7860.0, 0.15837865
7870.0, 0.15832286
7880.0, 0.15826717
7890.0, 0.15821159
7900.0, 0.15815611
7910.0, 0.15810074
7920.0, 0.15804547
7930.0, 0.1579903
7940.0, 0.15793525
7950.0, 0.15788029
7960.0, 0.15782544
7970.0, 0.1577707
7980.0, 0.15771605
7990.0, 0.15766151
8000.0, 0.15760706
8010.0, 0.15755273
8020.0, 0.15749851
8030.0, 0.15744439
8040.0, 0.15739036
8050.0, 0.15733643
8060.0, 0.1572826
8070.0, 0.15722889
8080.0, 0.15717529
8090.0, 0.15712176
8100.0, 0.15706836
8110.0, 0.15701504
8120.0, 0.15696181
8130.0, 0.1569087
8140.0, 0.1568557
8150.0, 0.15680279
8160.0, 0.15674998
8170.0, 0.15669727
8180.0, 0.15664466
8190.0, 0.15659215
8200.0, 0.15653974
8210.0, 0.15648742
8220.0, 0.15643522
8230.0, 0.1563831
8240.0, 0.15633109
8250.0, 0.15627918
8260.0, 0.15622735
8270.0, 0.15617564
8280.0, 0.15612401
8290.0, 0.1560725
8300.0, 0.15602106
8310.0, 0.15596974
8320.0, 0.15591851
8330.0, 0.15586737
8340.0, 0.15581635
8350.0, 0.1557654
8360.0, 0.15571456
8370.0, 0.1556638
8380.0, 0.15561315
8390.0, 0.15556261
8400.0, 0.15551215
8410.0, 0.1554618
8420.0, 0.15541153
8430.0, 0.15536135
8440.0, 0.15531129
8450.0, 0.1552613
8460.0, 0.15521142
8470.0, 0.15516162
8480.0, 0.15511192
8490.0, 0.15506233
8500.0, 0.15501282
8510.0, 0.1549634
8520.0, 0.1549141
8530.0, 0.15486486
8540.0, 0.15481573
8550.0, 0.1547667
8560.0, 0.15471776
8570.0, 0.1546689
8580.0, 0.15462014
8590.0, 0.15457147
8600.0, 0.1545229
8610.0, 0.15447442
8620.0, 0.15442604
8630.0, 0.15437773
8640.0, 0.15432952
8650.0, 0.15428141
8660.0, 0.1542334
8670.0, 0.15418546
8680.0, 0.15413763
8690.0, 0.15408988
8700.0, 0.15404221
8710.0, 0.15399465
8720.0, 0.15394717
8730.0, 0.1538998
8740.0, 0.1538525
8750.0, 0.1538053
8760.0, 0.15375818
8770.0, 0.15371116
8780.0, 0.15366422
8790.0, 0.15361737
8800.0, 0.1535706
8810.0, 0.15352395
8820.0, 0.15347737
8830.0, 0.15343088
8840.0, 0.15338448
8850.0, 0.15333816
8860.0, 0.15329194
8870.0, 0.1532458
8880.0, 0.15319975
8890.0, 0.15315379
8900.0, 0.15310791
8910.0, 0.15306213
8920.0, 0.15301643
8930.0, 0.15297082
8940.0, 0.1529253
8950.0, 0.15287986
8960.0, 0.1528345
8970.0, 0.15278925
8980.0, 0.15274407
8990.0, 0.15269898
9000.0, 0.15265396
9010.0, 0.15260905
9020.0, 0.15256421
9030.0, 0.15251946
9040.0, 0.15247479
9050.0, 0.15243022
9060.0, 0.15238573
9070.0, 0.15234132
9080.0, 0.15229699
9090.0, 0.15225276
9100.0, 0.15220861
9110.0, 0.15216453
9120.0, 0.15212055
9130.0, 0.15207665
9140.0, 0.15203282
9150.0, 0.1519891
9160.0, 0.15194544
9170.0, 0.15190189
9180.0, 0.15185839
9190.0, 0.151815
9200.0, 0.15177168
9210.0, 0.15172844
9220.0, 0.15168528
9230.0, 0.15164222
9240.0, 0.15159923
9250.0, 0.15155633
9260.0, 0.1515135
9270.0, 0.15147077
9280.0, 0.1514281
9290.0, 0.15138552
9300.0, 0.15134302
9310.0, 0.15130061
9320.0, 0.15125827
9330.0, 0.15121602
9340.0, 0.15117384
9350.0, 0.15113175
9360.0, 0.15108974
9370.0, 0.15104781
9380.0, 0.15100597
9390.0, 0.15096419
9400.0, 0.1509225
9410.0, 0.15088089
9420.0, 0.15083936
9430.0, 0.1507979
9440.0, 0.15075654
9450.0, 0.15071525
9460.0, 0.15067403
9470.0, 0.15063289
9480.0, 0.15059184
9490.0, 0.15055086
9500.0, 0.15050995
9510.0, 0.15046912
9520.0, 0.15042838
9530.0, 0.15038773
9540.0, 0.15034714
9550.0, 0.15030664
9560.0, 0.1502662
9570.0, 0.15022583
9580.0, 0.15018557
9590.0, 0.15014537
9600.0, 0.15010525
9610.0, 0.1500652
9620.0, 0.15002522
9630.0, 0.14998534
9640.0, 0.14994553
9650.0, 0.14990577
9660.0, 0.14986612
9670.0, 0.14982653
9680.0, 0.14978702
9690.0, 0.14974758
9700.0, 0.14970823
9710.0, 0.14966893
9720.0, 0.14962973
9730.0, 0.1495906
9740.0, 0.14955154
9750.0, 0.14951256
9760.0, 0.14947364
9770.0, 0.14943482
9780.0, 0.14939605
9790.0, 0.14935736
9800.0, 0.14931875
9810.0, 0.14928022
9820.0, 0.14924176
9830.0, 0.14920337
9840.0, 0.14916505
9850.0, 0.14912681
9860.0, 0.14908864
9870.0, 0.14905053
9880.0, 0.14901252
9890.0, 0.14897457
9900.0, 0.14893669
9910.0, 0.1488989
9920.0, 0.14886115
9930.0, 0.1488235
9940.0, 0.1487859
9950.0, 0.1487484
9960.0, 0.14871097
9970.0, 0.14867358
9980.0, 0.14863628
9990.0, 0.14859906
10000.0, 0.14856191
10010.0, 0.14852482
10020.0, 0.1484878
10030.0, 0.14845087
10040.0, 0.148414
10050.0, 0.1483772
10060.0, 0.14834048
10070.0, 0.14830382
10080.0, 0.14826722
10090.0, 0.1482307
10100.0, 0.14819427
10110.0, 0.14815788
10120.0, 0.14812158
10130.0, 0.14808534
10140.0, 0.14804918
10150.0, 0.14801307
10160.0, 0.14797705
10170.0, 0.14794108
10180.0, 0.1479052
10190.0, 0.14786938
10200.0, 0.14783363
10210.0, 0.14779794
10220.0, 0.14776233
10230.0, 0.14772677
10240.0, 0.14769131
10250.0, 0.14765589
10260.0, 0.14762056
10270.0, 0.14758527
10280.0, 0.14755008
10290.0, 0.14751494
10300.0, 0.14747988
10310.0, 0.14744487
10320.0, 0.14740993
10330.0, 0.14737506
10340.0, 0.14734027
10350.0, 0.14730553
10360.0, 0.14727086
10370.0, 0.14723626
10380.0, 0.14720173
10390.0, 0.14716727
10400.0, 0.14713286
10410.0, 0.14709853
10420.0, 0.14706425
10430.0, 0.14703007
10440.0, 0.14699592
10450.0, 0.14696185
10460.0, 0.14692785
10470.0, 0.14689392
10480.0, 0.14686005
10490.0, 0.14682624
10500.0, 0.1467925
10510.0, 0.14675881
10520.0, 0.1467252
10530.0, 0.14669165
10540.0, 0.14665817
10550.0, 0.14662476
10560.0, 0.14659141
10570.0, 0.1465581
10580.0, 0.14652489
10590.0, 0.14649172
10600.0, 0.14645863
10610.0, 0.14642559
10620.0, 0.14639261
10630.0, 0.14635971
10640.0, 0.14632687
10650.0, 0.14629409
10660.0, 0.14626138
10670.0, 0.14622872
10680.0, 0.14619613
10690.0, 0.1461636
10700.0, 0.14613114
10710.0, 0.14609875
10720.0, 0.1460664
10730.0, 0.14603412
10740.0, 0.1460019
10750.0, 0.14596975
10760.0, 0.14593767
10770.0, 0.14590564
10780.0, 0.14587368
10790.0, 0.14584178
10800.0, 0.14580992
10810.0, 0.14577813
10820.0, 0.14574642
10830.0, 0.14571476
10840.0, 0.14568317
10850.0, 0.14565162
10860.0, 0.14562015
10870.0, 0.14558874
10880.0, 0.14555739
10890.0, 0.14552608
10900.0, 0.14549486
10910.0, 0.14546369
10920.0, 0.14543258
10930.0, 0.14540152
10940.0, 0.14537053
10950.0, 0.1453396
10960.0, 0.14530872
10970.0, 0.14527792
10980.0, 0.14524716
10990.0, 0.14521646
11000.0, 0.14518583
11010.0, 0.14515525
11020.0, 0.14512473
11030.0, 0.14509428
11040.0, 0.14506388
11050.0, 0.14503354
11060.0, 0.14500326
11070.0, 0.14497304
11080.0, 0.14494288
11090.0, 0.14491276
11100.0, 0.14488272
11110.0, 0.14485274
11120.0, 0.1448228
11130.0, 0.14479293
11140.0, 0.14476311
11150.0, 0.14473335
11160.0, 0.14470366
11170.0, 0.14467402
11180.0, 0.14464442
11190.0, 0.1446149
11200.0, 0.14458543
11210.0, 0.14455602
11220.0, 0.14452666
11230.0, 0.14449736
11240.0, 0.14446811
11250.0, 0.14443894
11260.0, 0.1444098
11270.0, 0.14438072
11280.0, 0.1443517
11290.0, 0.14432275
11300.0, 0.14429384
11310.0, 0.144265
11320.0, 0.1442362
11330.0, 0.14420748
11340.0, 0.1441788
11350.0, 0.14415017
11360.0, 0.14412159
11370.0, 0.14409307
11380.0, 0.14406462
11390.0, 0.1440362
11400.0, 0.14400786
11410.0, 0.14397956
11420.0, 0.14395133
11430.0, 0.14392313
11440.0, 0.14389502
11450.0, 0.14386694
11460.0, 0.14383891
11470.0, 0.14381094
11480.0, 0.14378303
11490.0, 0.14375518
11500.0, 0.14372738
11510.0, 0.14369962
11520.0, 0.14367191
11530.0, 0.14364427
11540.0, 0.14361668
11550.0, 0.14358915
11560.0, 0.14356166
11570.0, 0.14353424
11580.0, 0.14350687
11590.0, 0.14347954
11600.0, 0.14345227
11610.0, 0.14342505
11620.0, 0.14339788
11630.0, 0.14337078
11640.0, 0.14334372
11650.0, 0.14331672
11660.0, 0.14328976
11670.0, 0.14326285
11680.0, 0.143236
11690.0, 0.1432092
11700.0, 0.14318246
11710.0, 0.14315577
11720.0, 0.14312913
11730.0, 0.14310253
11740.0, 0.14307599
11750.0, 0.14304951
11760.0, 0.14302307
11770.0, 0.14299668
11780.0, 0.14297035
11790.0, 0.14294407
11800.0, 0.14291784
11810.0, 0.14289166
11820.0, 0.14286552
11830.0, 0.14283945
11840.0, 0.14281341
11850.0, 0.14278744
11860.0, 0.14276153
11870.0, 0.14273565
11880.0, 0.14270982
11890.0, 0.14268404
11900.0, 0.14265831
11910.0, 0.14263263
11920.0, 0.14260702
11930.0, 0.14258143
11940.0, 0.1425559
11950.0, 0.14253043
11960.0, 0.142505
11970.0, 0.14247963
11980.0, 0.1424543
11990.0, 0.14242902
12000.0, 0.1424038
12010.0, 0.14237861
12020.0, 0.14235348
12030.0, 0.1423284
12040.0, 0.14230336
12050.0, 0.14227837
12060.0, 0.14225343
12070.0, 0.14222854
12080.0, 0.14220372
12090.0, 0.14217891
12100.0, 0.14215417
12110.0, 0.14212947
12120.0, 0.14210483
12130.0, 0.14208023
12140.0, 0.14205568
12150.0, 0.14203118
12160.0, 0.14200673
12170.0, 0.14198232
12180.0, 0.14195794
12190.0, 0.14193362
12200.0, 0.14190936
12210.0, 0.14188515
12220.0, 0.14186098
12230.0, 0.14183685
12240.0, 0.14181277
12250.0, 0.14178874
12260.0, 0.14176475
12270.0, 0.14174081
12280.0, 0.14171693
12290.0, 0.14169307
12300.0, 0.14166929
12310.0, 0.14164554
12320.0, 0.14162181
12330.0, 0.14159817
12340.0, 0.14157455
12350.0, 0.14155099
12360.0, 0.14152746
12370.0, 0.14150399
12380.0, 0.14148055
12390.0, 0.14145717
12400.0, 0.14143384
12410.0, 0.14141053
12420.0, 0.14138728
12430.0, 0.14136408
12440.0, 0.14134093
12450.0, 0.14131781
12460.0, 0.14129475
12470.0, 0.14127173
12480.0, 0.14124875
12490.0, 0.14122581
12500.0, 0.14120293
12510.0, 0.14118008
12520.0, 0.14115728
12530.0, 0.14113453
12540.0, 0.14111182
12550.0, 0.14108914
12560.0, 0.14106654
12570.0, 0.14104395
12580.0, 0.14102142
12590.0, 0.14099893
12600.0, 0.14097649
12610.0, 0.14095408
12620.0, 0.14093173
12630.0, 0.1409094
12640.0, 0.14088713
12650.0, 0.14086491
12660.0, 0.14084272
12670.0, 0.14082058
12680.0, 0.14079848
12690.0, 0.14077643
12700.0, 0.1407544
12710.0, 0.14073244
12720.0, 0.14071052
12730.0, 0.14068863
12740.0, 0.1406668
12750.0, 0.140645
12760.0, 0.14062324
12770.0, 0.14060152
12780.0, 0.14057985
12790.0, 0.14055821
12800.0, 0.14053664
12810.0, 0.14051509
12820.0, 0.14049359
12830.0, 0.14047213
12840.0, 0.14045072
12850.0, 0.14042933
12860.0, 0.140408
12870.0, 0.1403867
12880.0, 0.14036545
12890.0, 0.14034425
12900.0, 0.14032307
12910.0, 0.14030194
12920.0, 0.14028086
12930.0, 0.14025982
12940.0, 0.1402388
12950.0, 0.14021784
12960.0, 0.14019692
12970.0, 0.14017604
12980.0, 0.1401552
12990.0, 0.1401344
13000.0, 0.14011364
13010.0, 0.14009292
13020.0, 0.14007224
13030.0, 0.1400516
13040.0, 0.14003101
13050.0, 0.14001045
13060.0, 0.13998993
13070.0, 0.13996945
13080.0, 0.13994902
13090.0, 0.13992862
13100.0, 0.13990827
13110.0, 0.13988794
13120.0, 0.13986766
13130.0, 0.13984743
13140.0, 0.13982724
13150.0, 0.13980708
13160.0, 0.13978696
13170.0, 0.13976687
13180.0, 0.13974683
13190.0, 0.13972683
13200.0, 0.13970686
13210.0, 0.13968694
13220.0, 0.13966706
13230.0, 0.1396472
13240.0, 0.1396274
13250.0, 0.13960764
13260.0, 0.13958791
13270.0, 0.13956821
13280.0, 0.13954856
13290.0, 0.13952895
13300.0, 0.13950936
13310.0, 0.13948983
13320.0, 0.13947034
13330.0, 0.13945086
13340.0, 0.13943145
13350.0, 0.13941206
13360.0, 0.13939272
13370.0, 0.13937339
13380.0, 0.13935414
13390.0, 0.1393349
13400.0, 0.1393157
13410.0, 0.13929655
13420.0, 0.13927741
13430.0, 0.13925833
13440.0, 0.13923928
13450.0, 0.13922028
13460.0, 0.1392013
13470.0, 0.13918237
13480.0, 0.13916348
13490.0, 0.1391446
13500.0, 0.13912578
13510.0, 0.13910699
13520.0, 0.13908824
13530.0, 0.13906954
13540.0, 0.13905086
13550.0, 0.13903221
13560.0, 0.1390136
13570.0, 0.13899504
13580.0, 0.13897651
13590.0, 0.138958
13600.0, 0.13893954
13610.0, 0.13892113
13620.0, 0.13890274
13630.0, 0.1388844
13640.0, 0.13886607
13650.0, 0.1388478
13660.0, 0.13882956
13670.0, 0.13881133
13680.0, 0.13879317
13690.0, 0.13877504
13700.0, 0.13875693
13710.0, 0.13873887
13720.0, 0.13872084
13730.0, 0.13870284
13740.0, 0.13868488
13750.0, 0.13866697
13760.0, 0.13864908
13770.0, 0.13863121
13780.0, 0.1386134
13790.0, 0.13859561
13800.0, 0.13857786
13810.0, 0.13856015
13820.0, 0.13854247
13830.0, 0.13852482
13840.0, 0.1385072
13850.0, 0.13848963
13860.0, 0.1384721
13870.0, 0.13845459
13880.0, 0.1384371
13890.0, 0.13841967
13900.0, 0.13840227
13910.0, 0.1383849
13920.0, 0.13836756
13930.0, 0.13835026
13940.0, 0.138333
13950.0, 0.13831575
13960.0, 0.13829856
13970.0, 0.13828139
13980.0, 0.13826425
13990.0, 0.13824715
14000.0, 0.13823009
14010.0, 0.13821305
14020.0, 0.13819605
14030.0, 0.1381791
14040.0, 0.13816215
14050.0, 0.13814525
14060.0, 0.13812838
14070.0, 0.13811155
14080.0, 0.13809475
14090.0, 0.13807797
14100.0, 0.13806126
14110.0, 0.13804454
14120.0, 0.13802788
14130.0, 0.13801123
14140.0, 0.13799463
14150.0, 0.13797806
14160.0, 0.13796152
14170.0, 0.13794501
14180.0, 0.13792855
14190.0, 0.1379121
14200.0, 0.13789569
14210.0, 0.13787931
14220.0, 0.13786297
14230.0, 0.13784665
14240.0, 0.13783038
14250.0, 0.13781412
14260.0, 0.1377979
14270.0, 0.13778171
14280.0, 0.13776556
14290.0, 0.13774943
14300.0, 0.13773336
14310.0, 0.13771729
14320.0, 0.13770126
14330.0, 0.13768527
14340.0, 0.13766931
14350.0, 0.13765337
14360.0, 0.13763747
14370.0, 0.1376216
14380.0, 0.13760576
14390.0, 0.13758996
14400.0, 0.13757417
14410.0, 0.13755843
14420.0, 0.13754271
14430.0, 0.13752702
14440.0, 0.13751137
14450.0, 0.13749576
14460.0, 0.13748015
14470.0, 0.1374646
14480.0, 0.13744906
14490.0, 0.13743356
14500.0, 0.13741809
14510.0, 0.13740265
14520.0, 0.13738723
14530.0, 0.13737187
14540.0, 0.13735652
14550.0, 0.13734119
14560.0, 0.1373259
14570.0, 0.13731064
14580.0, 0.13729541
14590.0, 0.13728021
14600.0, 0.13726504
14610.0, 0.13724992
14620.0, 0.13723479
14630.0, 0.13721973
14640.0, 0.13720466
14650.0, 0.13718964
14660.0, 0.13717465
14670.0, 0.13715969
14680.0, 0.13714476
14690.0, 0.13712986
14700.0, 0.13711499
14710.0, 0.13710013
14720.0, 0.13708533
14730.0, 0.13707054
14740.0, 0.13705577
14750.0, 0.13704105
14760.0, 0.13702635
14770.0, 0.13701169
14780.0, 0.13699704
14790.0, 0.13698243
14800.0, 0.13696784
14810.0, 0.13695328
14820.0, 0.13693877
14830.0, 0.13692427
14840.0, 0.13690978
14850.0, 0.13689536
14860.0, 0.13688093
14870.0, 0.13686655
14880.0, 0.1368522
14890.0, 0.13683787
14900.0, 0.13682356
14910.0, 0.13680929
14920.0, 0.13679506
14930.0, 0.13678084
14940.0, 0.13676664
14950.0, 0.13675249
14960.0, 0.13673836
14970.0, 0.13672425
14980.0, 0.13671017
14990.0, 0.13669613
15000.0, 0.13668211
15010.0, 0.13666812
15020.0, 0.13665414
15030.0, 0.1366402
15040.0, 0.13662629
15050.0, 0.13661242
15060.0, 0.13659856
15070.0, 0.13658473
15080.0, 0.13657092
15090.0, 0.13655715
15100.0, 0.1365434
15110.0, 0.13652967
15120.0, 0.13651597
15130.0, 0.13650233
15140.0, 0.13648868
15150.0, 0.13647507
15160.0, 0.13646148
15170.0, 0.13644792
15180.0, 0.13643439
15190.0, 0.13642089
15200.0, 0.13640739
15210.0, 0.13639395
15220.0, 0.13638052
15230.0, 0.13636713
15240.0, 0.13635375
15250.0, 0.1363404
15260.0, 0.13632707
15270.0, 0.13631378
15280.0, 0.13630052
15290.0, 0.13628727
15300.0, 0.13627405
15310.0, 0.13626087
15320.0, 0.1362477
15330.0, 0.13623457
15340.0, 0.13622145
15350.0, 0.13620836
15360.0, 0.1361953
15370.0, 0.13618226
15380.0, 0.13616924
15390.0, 0.13615626
15400.0, 0.13614331
15410.0, 0.13613038
15420.0, 0.13611746
15430.0, 0.13610458
15440.0, 0.13609172
15450.0, 0.1360789
15460.0, 0.1360661
15470.0, 0.13605331
15480.0, 0.13604055
15490.0, 0.13602781
15500.0, 0.1360151
15510.0, 0.13600242
15520.0, 0.13598979
15530.0, 0.13597713
15540.0, 0.13596454
15550.0, 0.13595195
15560.0, 0.1359394
15570.0, 0.13592686
15580.0, 0.13591436
15590.0, 0.13590188
15600.0, 0.13588943
15610.0, 0.135877
15620.0, 0.13586459
15630.0, 0.13585219
15640.0, 0.13583983
15650.0, 0.1358275
15660.0, 0.13581519
15670.0, 0.1358029
15680.0, 0.13579065
15690.0, 0.1357784
15700.0, 0.13576618
15710.0, 0.13575399
15720.0, 0.13574183
15730.0, 0.13572969
15740.0, 0.13571757
15750.0, 0.13570547
15760.0, 0.1356934
15770.0, 0.13568136
15780.0, 0.13566932
15790.0, 0.13565733
15800.0, 0.13564536
15810.0, 0.1356334
15820.0, 0.13562147
15830.0, 0.13560957
15840.0, 0.13559769
15850.0, 0.13558583
15860.0, 0.135574
15870.0, 0.13556218
15880.0, 0.1355504
15890.0, 0.13553862
15900.0, 0.1355269
15910.0, 0.13551517
15920.0, 0.13550347
15930.0, 0.1354918
15940.0, 0.13548015
15950.0, 0.13546853
15960.0, 0.13545692
15970.0, 0.13544534
15980.0, 0.13543378
15990.0, 0.13542224
16000.0, 0.13541073
16010.0, 0.13539924
16020.0, 0.13538778
16030.0, 0.13537633
16040.0, 0.1353649
16050.0, 0.13535352
16060.0, 0.13534212
16070.0, 0.13533078
16080.0, 0.13531944
16090.0, 0.13530815
16100.0, 0.13529685
16110.0, 0.13528559
16120.0, 0.13527434
16130.0, 0.13526312
16140.0, 0.13525192
16150.0, 0.13524075
16160.0, 0.13522959
16170.0, 0.13521846
16180.0, 0.13520734
16190.0, 0.13519627
16200.0, 0.13518518
16210.0, 0.13517414
16220.0, 0.13516313
16230.0, 0.13515213
16240.0, 0.13514115
16250.0, 0.13513018
16260.0, 0.13511924
16270.0, 0.13510832
16280.0, 0.13509744
16290.0, 0.13508657
16300.0, 0.13507572
16310.0, 0.13506489
16320.0, 0.13505408
16330.0, 0.1350433
16340.0, 0.13503253
16350.0, 0.13502179
16360.0, 0.13501106
16370.0, 0.13500036
16380.0, 0.13498968
16390.0, 0.13497902
16400.0, 0.13496839
16410.0, 0.13495776
16420.0, 0.13494717
16430.0, 0.1349366
16440.0, 0.13492604
16450.0, 0.13491552
16460.0, 0.134905
16470.0, 0.1348945
16480.0, 0.13488403
16490.0, 0.13487358
16500.0, 0.13486315
16510.0, 0.13485275
16520.0, 0.13484237
16530.0, 0.13483198
16540.0, 0.13482164
16550.0, 0.13481131
16560.0, 0.134801
16570.0, 0.13479072
16580.0, 0.13478045
16590.0, 0.13477021
16600.0, 0.13475998
16610.0, 0.13474977
16620.0, 0.1347396
16630.0, 0.13472943
16640.0, 0.13471928
16650.0, 0.13470915
16660.0, 0.13469905
16670.0, 0.13468896
16680.0, 0.1346789
16690.0, 0.13466886
16700.0, 0.13465883
16710.0, 0.13464883
16720.0, 0.13463883
16730.0, 0.13462888
16740.0, 0.13461892
16750.0, 0.134609
16760.0, 0.13459909
16770.0, 0.13458921
16780.0, 0.13457933
16790.0, 0.13456948
16800.0, 0.13455966
16810.0, 0.13454986
16820.0, 0.13454005
16830.0, 0.13453028
16840.0, 0.13452053
16850.0, 0.1345108
16860.0, 0.13450108
16870.0, 0.1344914
16880.0, 0.13448171
16890.0, 0.13447206
16900.0, 0.13446242
16910.0, 0.1344528
16920.0, 0.13444321
16930.0, 0.13443363
16940.0, 0.13442406
16950.0, 0.13441452
16960.0, 0.134405
16970.0, 0.1343955
16980.0, 0.13438602
16990.0, 0.13437654
17000.0, 0.13436711
17010.0, 0.13435768
17020.0, 0.13434826
17030.0, 0.13433887
17040.0, 0.1343295
17050.0, 0.13432014
17060.0, 0.13431081
17070.0, 0.13430148
17080.0, 0.13429219
17090.0, 0.1342829
17100.0, 0.13427363
17110.0, 0.1342644
17120.0, 0.13425517
17130.0, 0.13424596
17140.0, 0.13423677
17150.0, 0.13422759
17160.0, 0.13421845
17170.0, 0.1342093
17180.0, 0.13420019
17190.0, 0.1341911
17200.0, 0.134182
17210.0, 0.13417295
17220.0, 0.1341639
17230.0, 0.13415489
17240.0, 0.13414587
17250.0, 0.13413687
17260.0, 0.1341279
17270.0, 0.13411894
17280.0, 0.13411
17290.0, 0.1341011
17300.0, 0.13409218
17310.0, 0.1340833
17320.0, 0.13407442
17330.0, 0.13406558
17340.0, 0.13405675
17350.0, 0.13404793
17360.0, 0.13403913
17370.0, 0.13403036
17380.0, 0.1340216
17390.0, 0.13401283
17400.0, 0.1340041
17410.0, 0.1339954
17420.0, 0.13398671
17430.0, 0.13397802
17440.0, 0.13396937
17450.0, 0.13396072
17460.0, 0.1339521
17470.0, 0.1339435
17480.0, 0.1339349
17490.0, 0.13392632
17500.0, 0.13391776
17510.0, 0.13390923
17520.0, 0.1339007
17530.0, 0.1338922
17540.0, 0.1338837
17550.0, 0.13387524
17560.0, 0.13386677
17570.0, 0.13385834
17580.0, 0.1338499
17590.0, 0.13384151
17600.0, 0.13383311
17610.0, 0.13382474
17620.0, 0.13381639
17630.0, 0.13380805
17640.0, 0.13379973
17650.0, 0.13379142
17660.0, 0.13378312
17670.0, 0.13377485
17680.0, 0.13376659
17690.0, 0.13375835
17700.0, 0.13375013
17710.0, 0.13374193
17720.0, 0.13373372
17730.0, 0.13372555
17740.0, 0.13371739
17750.0, 0.13370925
17760.0, 0.13370112
17770.0, 0.13369301
17780.0, 0.13368492
17790.0, 0.13367683
17800.0, 0.13366877
17810.0, 0.13366072
17820.0, 0.13365269
17830.0, 0.13364467
17840.0, 0.13363667
17850.0, 0.13362868
17860.0, 0.13362072
17870.0, 0.13361277
17880.0, 0.13360482
17890.0, 0.13359691
17900.0, 0.133589
17910.0, 0.1335811
17920.0, 0.13357323
17930.0, 0.13356537
17940.0, 0.13355753
17950.0, 0.1335497
17960.0, 0.1335419
17970.0, 0.13353409
17980.0, 0.13352631
17990.0, 0.13351855
18000.0, 0.1335108
18010.0, 0.13350306
18020.0, 0.13349535
18030.0, 0.13348764
18040.0, 0.13347995
18050.0, 0.13347228
18060.0, 0.13346462
18070.0, 0.13345698
18080.0, 0.13344935
18090.0, 0.13344173
18100.0, 0.13343413
18110.0, 0.13342655
18120.0, 0.13341898
18130.0, 0.13341142
18140.0, 0.1334039
18150.0, 0.13339636
18160.0, 0.13338885
18170.0, 0.13338137
18180.0, 0.13337389
18190.0, 0.13336642
18200.0, 0.13335897
18210.0, 0.13335153
18220.0, 0.13334413
18230.0, 0.13333671
18240.0, 0.13332933
18250.0, 0.13332194
18260.0, 0.13331458
18270.0, 0.13330725
18280.0, 0.1332999
18290.0, 0.1332926
18300.0, 0.13328528
18310.0, 0.133278
18320.0, 0.13327073
18330.0, 0.13326347
18340.0, 0.13325621
18350.0, 0.133249
18360.0, 0.13324177
18370.0, 0.13323458
18380.0, 0.13322738
18390.0, 0.13322021
18400.0, 0.13321304
18410.0, 0.1332059
18420.0, 0.13319878
18430.0, 0.13319166
18440.0, 0.13318455
18450.0, 0.13317747
18460.0, 0.1331704
18470.0, 0.13316333
18480.0, 0.13315628
18490.0, 0.13314925
18500.0, 0.13314223
18510.0, 0.13313523
18520.0, 0.13312824
18530.0, 0.13312127
18540.0, 0.1331143
18550.0, 0.13310735
18560.0, 0.13310042
18570.0, 0.13309349
18580.0, 0.13308658
18590.0, 0.13307968
18600.0, 0.13307281
18610.0, 0.13306594
18620.0, 0.13305908
18630.0, 0.13305224
18640.0, 0.1330454
18650.0, 0.13303861
18660.0, 0.1330318
18670.0, 0.13302502
18680.0, 0.13301824
18690.0, 0.13301149
18700.0, 0.13300474
18710.0, 0.132998
18720.0, 0.13299128
18730.0, 0.13298458
18740.0, 0.13297789
18750.0, 0.13297121
18760.0, 0.13296454
18770.0, 0.13295789
18780.0, 0.13295126
18790.0, 0.13294463
18800.0, 0.13293801
18810.0, 0.13293141
18820.0, 0.13292482
18830.0, 0.13291825
18840.0, 0.13291168
18850.0, 0.13290514
18860.0, 0.13289861
18870.0, 0.13289209
18880.0, 0.13288558
18890.0, 0.1328791
18900.0, 0.1328726
18910.0, 0.13286613
18920.0, 0.13285966
18930.0, 0.13285322
18940.0, 0.13284679
18950.0, 0.13284037
18960.0, 0.13283396
18970.0, 0.13282758
18980.0, 0.13282119
18990.0, 0.13281482
19000.0, 0.13280848
19010.0, 0.13280213
19020.0, 0.1327958
19030.0, 0.13278948
19040.0, 0.13278317
19050.0, 0.13277687
19060.0, 0.1327706
19070.0, 0.13276432
19080.0, 0.13275808
19090.0, 0.13275182
19100.0, 0.1327456
19110.0, 0.13273938
19120.0, 0.13273317
19130.0, 0.13272698
19140.0, 0.1327208
19150.0, 0.13271463
19160.0, 0.13270847
19170.0, 0.13270234
19180.0, 0.1326962
19190.0, 0.13269007
19200.0, 0.13268398
19210.0, 0.13267787
19220.0, 0.13267179
19230.0, 0.13266572
19240.0, 0.13265966
19250.0, 0.13265361
19260.0, 0.13264757
19270.0, 0.13264155
19280.0, 0.13263553
19290.0, 0.13262953
19300.0, 0.13262354
19310.0, 0.13261756
19320.0, 0.1326116
19330.0, 0.13260566
19340.0, 0.13259971
19350.0, 0.1325938
19360.0, 0.13258786
19370.0, 0.13258196
19380.0, 0.13257606
19390.0, 0.13257019
19400.0, 0.13256432
19410.0, 0.13255845
19420.0, 0.13255261
19430.0, 0.13254677
19440.0, 0.13254094
19450.0, 0.13253513
19460.0, 0.13252933
19470.0, 0.13252355
19480.0, 0.13251777
19490.0, 0.132512
19500.0, 0.13250625
19510.0, 0.1325005
19520.0, 0.13249478
19530.0, 0.13248904
19540.0, 0.13248335
19550.0, 0.13247764
19560.0, 0.13247196
19570.0, 0.13246629
19580.0, 0.13246061
19590.0, 0.13245496
19600.0, 0.13244933
19610.0, 0.1324437
19620.0, 0.13243808
19630.0, 0.13243246
19640.0, 0.13242687
19650.0, 0.13242128
19660.0, 0.1324157
19670.0, 0.13241014
19680.0, 0.1324046
19690.0, 0.13239904
19700.0, 0.13239352
19710.0, 0.132388
19720.0, 0.1323825
19730.0, 0.13237698
19740.0, 0.1323715
19750.0, 0.13236603
19760.0, 0.13236056
19770.0, 0.13235511
19780.0, 0.13234967
19790.0, 0.13234423
19800.0, 0.1323388
19810.0, 0.1323334
19820.0, 0.132328
19830.0, 0.13232261
19840.0, 0.13231723
19850.0, 0.13231187
19860.0, 0.1323065
19870.0, 0.13230115
19880.0, 0.13229582
19890.0, 0.1322905
19900.0, 0.13228518
19910.0, 0.13227987
19920.0, 0.13227458
19930.0, 0.1322693
19940.0, 0.13226402
19950.0, 0.13225876
19960.0, 0.13225351
19970.0, 0.13224827
19980.0, 0.13224304
19990.0, 0.13223782
20000.0, 0.1322326
20010.0, 0.1322274
20020.0, 0.1322222
20030.0, 0.13221703
20040.0, 0.13221186
20050.0, 0.13220671
20060.0, 0.13220155
20070.0, 0.13219643
20080.0, 0.1321913
20090.0, 0.13218617
20100.0, 0.13218106
20110.0, 0.13217597
20120.0, 0.13217089
20130.0, 0.13216579
20140.0, 0.13216074
20150.0, 0.13215567
20160.0, 0.13215064
20170.0, 0.1321456
20180.0, 0.13214056
20190.0, 0.13213554
20200.0, 0.13213055
20210.0, 0.13212554
20220.0, 0.13212056
20230.0, 0.13211557
20240.0, 0.13211061
20250.0, 0.13210565
20260.0, 0.1321007
20270.0, 0.13209577
20280.0, 0.13209084
20290.0, 0.13208592
20300.0, 0.13208102
20310.0, 0.13207611
20320.0, 0.13207123
20330.0, 0.13206634
20340.0, 0.13206147
20350.0, 0.13205661
20360.0, 0.13205175
20370.0, 0.13204692
20380.0, 0.13204208
20390.0, 0.13203727
20400.0, 0.13203245
20410.0, 0.13202766
20420.0, 0.13202286
20430.0, 0.13201807
20440.0, 0.13201329
20450.0, 0.13200852
20460.0, 0.13200378
20470.0, 0.13199905
20480.0, 0.13199429
20490.0, 0.13198957
20500.0, 0.13198486
20510.0, 0.13198015
20520.0, 0.13197544
20530.0, 0.13197075
20540.0, 0.13196608
20550.0, 0.1319614
20560.0, 0.13195674
20570.0, 0.13195209
20580.0, 0.13194744
20590.0, 0.13194282
20600.0, 0.13193819
20610.0, 0.13193358
20620.0, 0.13192897
20630.0, 0.13192438
20640.0, 0.13191979
20650.0, 0.13191521
20660.0, 0.13191064
20670.0, 0.13190608
20680.0, 0.13190153
20690.0, 0.13189699
20700.0, 0.13189244
20710.0, 0.13188793
20720.0, 0.13188341
20730.0, 0.1318789
20740.0, 0.1318744
20750.0, 0.13186991
20760.0, 0.13186544
20770.0, 0.13186097
20780.0, 0.1318565
20790.0, 0.13185206
20800.0, 0.1318476
20810.0, 0.13184318
20820.0, 0.13183874
20830.0, 0.13183433
20840.0, 0.13182992
20850.0, 0.13182552
20860.0, 0.13182113
20870.0, 0.13181674
20880.0, 0.13181236
20890.0, 0.131808
20900.0, 0.13180365
20910.0, 0.1317993
20920.0, 0.13179496
20930.0, 0.13179062
20940.0, 0.1317863
20950.0, 0.131782
20960.0, 0.13177769
20970.0, 0.1317734
20980.0, 0.1317691
20990.0, 0.13176483
21000.0, 0.13176057
21010.0, 0.13175629
21020.0, 0.13175204
21030.0, 0.1317478
21040.0, 0.13174357
21050.0, 0.13173933
21060.0, 0.13173512
21070.0, 0.1317309
21080.0, 0.1317267
21090.0, 0.1317225
21100.0, 0.13171831
21110.0, 0.13171414
21120.0, 0.13170996
21130.0, 0.1317058
21140.0, 0.13170165
21150.0, 0.1316975
21160.0, 0.13169336
21170.0, 0.13168924
21180.0, 0.13168512
21190.0, 0.13168101
21200.0, 0.13167691
21210.0, 0.1316728
21220.0, 0.13166872
21230.0, 0.13166463
21240.0, 0.13166057
21250.0, 0.13165651
21260.0, 0.13165244
21270.0, 0.13164839
21280.0, 0.13164435
21290.0, 0.13164033
21300.0, 0.1316363
21310.0, 0.1316323
21320.0, 0.13162829
21330.0, 0.13162428
21340.0, 0.13162029
21350.0, 0.13161631
21360.0, 0.13161235
21370.0, 0.13160837
21380.0, 0.1316044
21390.0, 0.13160045
21400.0, 0.1315965
21410.0, 0.13159257
21420.0, 0.13158865
21430.0, 0.13158473
21440.0, 0.13158081
21450.0, 0.13157691
21460.0, 0.131573
21470.0, 0.13156912
21480.0, 0.13156524
21490.0, 0.13156137
21500.0, 0.1315575
21510.0, 0.13155365
21520.0, 0.13154979
21530.0, 0.13154595
21540.0, 0.13154212
21550.0, 0.13153829
21560.0, 0.13153447
21570.0, 0.13153066
21580.0, 0.13152686
21590.0, 0.13152306
21600.0, 0.13151926
21610.0, 0.13151549
21620.0, 0.1315117
21630.0, 0.13150793
21640.0, 0.13150418
21650.0, 0.13150042
21660.0, 0.13149668
21670.0, 0.13149294
21680.0, 0.13148922
21690.0, 0.13148549
21700.0, 0.13148178
21710.0, 0.13147807
21720.0, 0.13147436
21730.0, 0.13147068
21740.0, 0.13146698
21750.0, 0.13146332
21760.0, 0.13145964
21770.0, 0.13145597
21780.0, 0.13145232
21790.0, 0.13144867
21800.0, 0.13144504
21810.0, 0.13144138
21820.0, 0.13143776
21830.0, 0.13143414
21840.0, 0.13143052
21850.0, 0.13142692
21860.0, 0.13142332
21870.0, 0.13141973
21880.0, 0.13141616
21890.0, 0.13141257
21900.0, 0.131409
21910.0, 0.13140544
21920.0, 0.13140188
21930.0, 0.13139834
21940.0, 0.13139479
21950.0, 0.13139126
21960.0, 0.13138774
21970.0, 0.13138421
21980.0, 0.13138069
21990.0, 0.13137719
22000.0, 0.13137369
22010.0, 0.1313702
22020.0, 0.13136671
22030.0, 0.13136323
22040.0, 0.13135976
22050.0, 0.1313563
22060.0, 0.13135283
22070.0, 0.13134938
22080.0, 0.13134594
22090.0, 0.1313425
22100.0, 0.13133907
22110.0, 0.13133565
22120.0, 0.13133223
22130.0, 0.13132882
22140.0, 0.13132542
22150.0, 0.13132203
22160.0, 0.13131863
22170.0, 0.13131525
22180.0, 0.13131186
22190.0, 0.13130851
22200.0, 0.13130514
22210.0, 0.13130178
22220.0, 0.13129844
22230.0, 0.1312951
22240.0, 0.13129175
22250.0, 0.13128842
22260.0, 0.1312851
22270.0, 0.1312818
22280.0, 0.13127849
22290.0, 0.13127516
22300.0, 0.13127188
22310.0, 0.13126859
22320.0, 0.1312653
22330.0, 0.13126202
22340.0, 0.13125876
22350.0, 0.1312555
22360.0, 0.13125224
22370.0, 0.13124898
22380.0, 0.13124573
22390.0, 0.1312425
22400.0, 0.13123927
22410.0, 0.13123605
22420.0, 0.13123283
22430.0, 0.13122961
22440.0, 0.1312264
22450.0, 0.1312232
22460.0, 0.13122001
22470.0, 0.13121682
22480.0, 0.13121364
22490.0, 0.13121046
22500.0, 0.1312073
22510.0, 0.13120414
22520.0, 0.13120098
22530.0, 0.13119784
22540.0, 0.1311947
22550.0, 0.13119155
22560.0, 0.13118842
22570.0, 0.13118531
22580.0, 0.13118218
22590.0, 0.13117908
22600.0, 0.13117597
22610.0, 0.13117287
22620.0, 0.13116978
22630.0, 0.13116668
22640.0, 0.13116361
22650.0, 0.13116053
22660.0, 0.13115746
22670.0, 0.1311544
22680.0, 0.13115135
22690.0, 0.1311483
22700.0, 0.13114525
22710.0, 0.13114221
22720.0, 0.13113917
22730.0, 0.13113615
22740.0, 0.13113314
22750.0, 0.13113013
22760.0, 0.13112712
22770.0, 0.13112411
22780.0, 0.13112111
22790.0, 0.13111813
22800.0, 0.13111514
22810.0, 0.13111216
22820.0, 0.1311092
22830.0, 0.13110623
22840.0, 0.13110326
22850.0, 0.13110031
22860.0, 0.13109736
22870.0, 0.13109441
22880.0, 0.13109149
22890.0, 0.13108855
22900.0, 0.13108562
22910.0, 0.1310827
22920.0, 0.1310798
22930.0, 0.13107689
22940.0, 0.13107398
22950.0, 0.13107109
22960.0, 0.1310682
22970.0, 0.13106531
22980.0, 0.13106243
22990.0, 0.13105956
23000.0, 0.1310567
23010.0, 0.13105384
23020.0, 0.13105097
23030.0, 0.13104813
23040.0, 0.13104528
23050.0, 0.13104244
23060.0, 0.1310396
23070.0, 0.13103677
23080.0, 0.13103396
23090.0, 0.13103114
23100.0, 0.13102832
23110.0, 0.13102552
23120.0, 0.13102272
23130.0, 0.13101994
23140.0, 0.13101715
23150.0, 0.13101436
23160.0, 0.13101159
23170.0, 0.13100882
23180.0, 0.13100605
23190.0, 0.13100328
23200.0, 0.13100053
23210.0, 0.13099778
23220.0, 0.13099504
23230.0, 0.1309923
23240.0, 0.13098957
23250.0, 0.13098684
23260.0, 0.13098411
23270.0, 0.1309814
23280.0, 0.13097867
23290.0, 0.13097598
23300.0, 0.13097328
23310.0, 0.13097058
23320.0, 0.13096789
23330.0, 0.1309652
23340.0, 0.13096252
23350.0, 0.13095985
23360.0, 0.13095717
23370.0, 0.13095452
23380.0, 0.13095185
23390.0, 0.1309492
23400.0, 0.13094656
23410.0, 0.13094391
23420.0, 0.13094127
23430.0, 0.13093865
23440.0, 0.13093603
23450.0, 0.1309334
23460.0, 0.13093078
23470.0, 0.13092817
23480.0, 0.13092557
23490.0, 0.13092296
23500.0, 0.13092037
23510.0, 0.13091777
23520.0, 0.1309152
23530.0, 0.13091262
23540.0, 0.13091004
23550.0, 0.13090746
23560.0, 0.13090491
23570.0, 0.13090235
23580.0, 0.13089979
23590.0, 0.13089724
23600.0, 0.1308947
23610.0, 0.13089216
23620.0, 0.13088962
23630.0, 0.13088709
23640.0, 0.13088457
23650.0, 0.13088205
23660.0, 0.13087954
23670.0, 0.13087703
23680.0, 0.13087453
23690.0, 0.13087203
23700.0, 0.13086952
23710.0, 0.13086705
23720.0, 0.13086456
23730.0, 0.13086209
23740.0, 0.13085961
23750.0, 0.13085714
23760.0, 0.13085467
23770.0, 0.13085222
23780.0, 0.13084976
23790.0, 0.1308473
23800.0, 0.13084486
23810.0, 0.13084242
23820.0, 0.13083999
23830.0, 0.13083756
23840.0, 0.13083513
23850.0, 0.13083272
23860.0, 0.1308303
23870.0, 0.13082789
23880.0, 0.13082547
23890.0, 0.13082308
23900.0, 0.13082068
23910.0, 0.13081829
23920.0, 0.13081591
23930.0, 0.13081352
23940.0, 0.13081115
23950.0, 0.13080877
23960.0, 0.1308064
23970.0, 0.13080405
23980.0, 0.1308017
23990.0, 0.13079932
24000.0, 0.13079698
24010.0, 0.13079463
24020.0, 0.13079229
24030.0, 0.13078997
24040.0, 0.13078763
24050.0, 0.1307853
24060.0, 0.13078299
24070.0, 0.13078067
24080.0, 0.13077836
24090.0, 0.13077605
24100.0, 0.13077375
24110.0, 0.13077146
24120.0, 0.13076916
24130.0, 0.13076687
24140.0, 0.13076457
24150.0, 0.13076231
24160.0, 0.13076003
24170.0, 0.13075776
24180.0, 0.13075548
24190.0, 0.13075322
24200.0, 0.13075097
24210.0, 0.13074872
24220.0, 0.13074647
24230.0, 0.13074422
24240.0, 0.13074198
24250.0, 0.13073975
24260.0, 0.13073753
24270.0, 0.1307353
24280.0, 0.13073307
24290.0, 0.13073085
24300.0, 0.13072865
24310.0, 0.13072644
24320.0, 0.13072424
24330.0, 0.13072203
24340.0, 0.13071984
24350.0, 0.13071764
24360.0, 0.13071546
24370.0, 0.13071327
24380.0, 0.1307111
24390.0, 0.13070893
24400.0, 0.13070676
24410.0, 0.1307046
24420.0, 0.13070244
24430.0, 0.13070028
24440.0, 0.13069813
24450.0, 0.13069598
24460.0, 0.13069384
24470.0, 0.13069169
24480.0, 0.13068956
24490.0, 0.13068743
24500.0, 0.13068531
24510.0, 0.13068318
24520.0, 0.13068107
24530.0, 0.13067895
24540.0, 0.13067684
24550.0, 0.13067473
24560.0, 0.13067263
24570.0, 0.13067053
24580.0, 0.13066845
24590.0, 0.13066636
24600.0, 0.13066427
24610.0, 0.1306622
24620.0, 0.13066012
24630.0, 0.13065806
24640.0, 0.13065599
24650.0, 0.13065392
24660.0, 0.13065186
24670.0, 0.1306498
24680.0, 0.13064776
24690.0, 0.1306457
24700.0, 0.13064367
24710.0, 0.13064162
24720.0, 0.13063958
24730.0, 0.13063756
24740.0, 0.13063553
24750.0, 0.1306335
24760.0, 0.13063149
24770.0, 0.13062948
24780.0, 0.13062745
24790.0, 0.13062546
24800.0, 0.13062346
24810.0, 0.13062145
24820.0, 0.13061945
24830.0, 0.13061747
24840.0, 0.13061549
24850.0, 0.1306135
24860.0, 0.13061152
24870.0, 0.13060956
24880.0, 0.13060758
24890.0, 0.13060561
24900.0, 0.13060364
24910.0, 0.13060169
24920.0, 0.13059974
24930.0, 0.13059777
24940.0, 0.13059583
24950.0, 0.13059388
24960.0, 0.13059196
24970.0, 0.13059002
24980.0, 0.13058808
24990.0, 0.13058616
25000.0, 0.13058423
25010.0, 0.13058232
25020.0, 0.1305804
25030.0, 0.13057847
25040.0, 0.13057658
25050.0, 0.13057467
25060.0, 0.13057277
25070.0, 0.13057087
25080.0, 0.13056898
25090.0, 0.13056709
25100.0, 0.1305652
25110.0, 0.13056332
25120.0, 0.13056144
25130.0, 0.13055956
25140.0, 0.13055769
25150.0, 0.13055582
25160.0, 0.13055396
25170.0, 0.1305521
25180.0, 0.13055025
25190.0, 0.13054839
25200.0, 0.13054654
25210.0, 0.13054469
25220.0, 0.13054286
25230.0, 0.13054103
25240.0, 0.13053918
25250.0, 0.13053736
25260.0, 0.13053553
25270.0, 0.1305337
25280.0, 0.13053188
25290.0, 0.13053006
25300.0, 0.13052826
25310.0, 0.13052645
25320.0, 0.13052464
25330.0, 0.13052283
25340.0, 0.13052104
25350.0, 0.13051926
25360.0, 0.13051745
25370.0, 0.13051566
25380.0, 0.13051388
25390.0, 0.1305121
25400.0, 0.13051033
25410.0, 0.13050856
25420.0, 0.13050678
25430.0, 0.13050503
25440.0, 0.13050325
25450.0, 0.1305015
25460.0, 0.13049975
25470.0, 0.13049799
25480.0, 0.13049623
25490.0, 0.13049449
25500.0, 0.13049275
25510.0, 0.13049102
25520.0, 0.13048929
25530.0, 0.13048755
25540.0, 0.13048582
25550.0, 0.1304841
25560.0, 0.13048238
25570.0, 0.13048066
25580.0, 0.13047895
25590.0, 0.13047723
25600.0, 0.13047554
25610.0, 0.13047382
25620.0, 0.13047212
25630.0, 0.13047042
25640.0, 0.13046874
25650.0, 0.13046704
25660.0, 0.13046536
25670.0, 0.13046367
25680.0, 0.13046199
25690.0, 0.13046032
25700.0, 0.13045865
25710.0, 0.13045698
25720.0, 0.13045532
25730.0, 0.13045365
25740.0, 0.13045198
25750.0, 0.13045034
25760.0, 0.13044867
25770.0, 0.13044703
25780.0, 0.13044538
25790.0, 0.13044374
25800.0, 0.1304421
25810.0, 0.13044046
25820.0, 0.13043882
25830.0, 0.1304372
25840.0, 0.13043557
25850.0, 0.13043395
25860.0, 0.13043232
25870.0, 0.13043071
25880.0, 0.13042909
25890.0, 0.13042748
25900.0, 0.13042587
25910.0, 0.13042426
25920.0, 0.13042267
25930.0, 0.13042106
25940.0, 0.13041946
25950.0, 0.13041787
25960.0, 0.13041629
25970.0, 0.13041471
25980.0, 0.13041312
25990.0, 0.13041155
26000.0, 0.13040997
26010.0, 0.13040839
26020.0, 0.13040683
26030.0, 0.13040525
26040.0, 0.1304037
26050.0, 0.13040213
26060.0, 0.13040057
26070.0, 0.13039902
26080.0, 0.13039747
26090.0, 0.13039593
26100.0, 0.13039437
26110.0, 0.13039283
26120.0, 0.1303913
26130.0, 0.13038976
26140.0, 0.13038823
26150.0, 0.1303867
26160.0, 0.13038518
26170.0, 0.13038364
26180.0, 0.13038212
26190.0, 0.13038062
26200.0, 0.1303791
26210.0, 0.13037759
26220.0, 0.13037607
26230.0, 0.13037458
26240.0, 0.13037306
26250.0, 0.13037157
26260.0, 0.13037008
26270.0, 0.13036858
26280.0, 0.13036709
26290.0, 0.13036561
26300.0, 0.13036412
26310.0, 0.13036263
26320.0, 0.13036115
26330.0, 0.13035968
26340.0, 0.13035822
26350.0, 0.13035674
26360.0, 0.13035528
26370.0, 0.13035381
26380.0, 0.13035235
26390.0, 0.1303509
26400.0, 0.13034944
26410.0, 0.13034798
26420.0, 0.13034654
26430.0, 0.13034509
26440.0, 0.13034365
26450.0, 0.13034222
26460.0, 0.13034075
26470.0, 0.13033934
26480.0, 0.13033791
26490.0, 0.13033646
26500.0, 0.13033505
26510.0, 0.13033362
26520.0, 0.1303322
26530.0, 0.13033079
26540.0, 0.13032936
26550.0, 0.13032795
26560.0, 0.13032654
26570.0, 0.13032514
26580.0, 0.13032374
26590.0, 0.13032234
26600.0, 0.13032094
26610.0, 0.13031955
26620.0, 0.13031815
26630.0, 0.13031676
26640.0, 0.13031536
26650.0, 0.13031398
26660.0, 0.1303126
26670.0, 0.13031124
26680.0, 0.13030985
26690.0, 0.13030848
26700.0, 0.13030711
26710.0, 0.13030574
26720.0, 0.13030437
26730.0, 0.13030301
26740.0, 0.13030165
26750.0, 0.1303003
26760.0, 0.13029894
26770.0, 0.13029759
26780.0, 0.13029625
26790.0, 0.13029489
26800.0, 0.13029355
26810.0, 0.1302922
26820.0, 0.13029088
26830.0, 0.13028954
26840.0, 0.1302882
26850.0, 0.13028687
26860.0, 0.13028555
26870.0, 0.13028422
26880.0, 0.1302829
26890.0, 0.13028158
26900.0, 0.13028026
26910.0, 0.13027894
26920.0, 0.13027765
26930.0, 0.13027632
26940.0, 0.13027503
26950.0, 0.13027371
26960.0, 0.13027242
26970.0, 0.13027112
26980.0, 0.13026983
26990.0, 0.13026853
27000.0, 0.13026725
27010.0, 0.13026595
27020.0, 0.13026467
27030.0, 0.13026339
27040.0, 0.1302621
27050.0, 0.13026083
27060.0, 0.13025956
27070.0, 0.13025828
27080.0, 0.13025701
27090.0, 0.13025573
27100.0, 0.13025446
27110.0, 0.13025321
27120.0, 0.13025194
27130.0, 0.13025069
27140.0, 0.13024944
27150.0, 0.13024817
27160.0, 0.13024694
27170.0, 0.13024569
27180.0, 0.13024443
27190.0, 0.1302432
27200.0, 0.13024196
27210.0, 0.13024071
27220.0, 0.13023949
27230.0, 0.13023825
27240.0, 0.13023703
27250.0, 0.13023579
27260.0, 0.13023457
27270.0, 0.13023335
27280.0, 0.13023213
27290.0, 0.1302309
27300.0, 0.1302297
27310.0, 0.13022847
27320.0, 0.13022727
27330.0, 0.13022606
27340.0, 0.13022485
27350.0, 0.13022365
27360.0, 0.13022245
27370.0, 0.13022125
27380.0, 0.13022004
27390.0, 0.13021885
27400.0, 0.13021767
27410.0, 0.13021648
27420.0, 0.13021529
27430.0, 0.1302141
27440.0, 0.13021292
27450.0, 0.13021174
27460.0, 0.13021056
27470.0, 0.13020939
27480.0, 0.13020822
27490.0, 0.13020705
27500.0, 0.13020588
27510.0, 0.1302047
27520.0, 0.13020355
27530.0, 0.13020238
27540.0, 0.13020124
27550.0, 0.13020007
27560.0, 0.13019893
27570.0, 0.13019776
27580.0, 0.13019662
27590.0, 0.13019547
27600.0, 0.13019432
27610.0, 0.13019317
27620.0, 0.13019204
27630.0, 0.1301909
27640.0, 0.13018976
27650.0, 0.13018863
27660.0, 0.13018751
27670.0, 0.13018636
27680.0, 0.13018525
27690.0, 0.13018413
27700.0, 0.130183
27710.0, 0.13018188
27720.0, 0.13018076
27730.0, 0.13017964
27740.0, 0.13017853
27750.0, 0.13017742
27760.0, 0.13017632
27770.0, 0.1301752
27780.0, 0.1301741
27790.0, 0.130173
27800.0, 0.1301719
27810.0, 0.13017079
27820.0, 0.1301697
27830.0, 0.13016862
27840.0, 0.13016751
27850.0, 0.13016643
27860.0, 0.13016535
27870.0, 0.13016427
27880.0, 0.13016318
27890.0, 0.13016209
27900.0, 0.13016102
27910.0, 0.13015994
27920.0, 0.13015887
27930.0, 0.1301578
27940.0, 0.13015673
27950.0, 0.13015565
27960.0, 0.1301546
27970.0, 0.13015352
27980.0, 0.13015246
27990.0, 0.1301514
28000.0, 0.13015035
28010.0, 0.13014929
28020.0, 0.13014825
28030.0, 0.13014719
28040.0, 0.13014615
28050.0, 0.13014509
28060.0, 0.13014404
28070.0, 0.130143
28080.0, 0.13014196
28090.0, 0.13014093
28100.0, 0.13013989
28110.0, 0.13013886
28120.0, 0.13013783
28130.0, 0.13013679
28140.0, 0.13013577
28150.0, 0.13013473
28160.0, 0.13013372
28170.0, 0.13013269
28180.0, 0.13013168
28190.0, 0.13013066
28200.0, 0.13012964
28210.0, 0.13012864
28220.0, 0.13012762
28230.0, 0.13012661
28240.0, 0.1301256
28250.0, 0.1301246
28260.0, 0.13012359
28270.0, 0.13012259
28280.0, 0.13012159
28290.0, 0.13012059
28300.0, 0.13011959
28310.0, 0.1301186
28320.0, 0.13011761
28330.0, 0.13011663
28340.0, 0.13011563
28350.0, 0.13011464
28360.0, 0.13011366
28370.0, 0.13011268
28380.0, 0.13011171
28390.0, 0.13011073
28400.0, 0.13010974
28410.0, 0.13010877
28420.0, 0.1301078
28430.0, 0.13010684
28440.0, 0.13010587
28450.0, 0.1301049
28460.0, 0.13010393
28470.0, 0.13010296
28480.0, 0.13010201
28490.0, 0.13010105
28500.0, 0.1301001
28510.0, 0.13009913
28520.0, 0.1300982
28530.0, 0.13009724
28540.0, 0.13009629
28550.0, 0.13009533
28560.0, 0.1300944
28570.0, 0.13009346
28580.0, 0.1300925
28590.0, 0.13009158
28600.0, 0.13009064
28610.0, 0.1300897
28620.0, 0.13008876
28630.0, 0.13008782
28640.0, 0.1300869
28650.0, 0.13008597
28660.0, 0.13008505
28670.0, 0.13008413
28680.0, 0.1300832
28690.0, 0.13008228
28700.0, 0.13008136
28710.0, 0.13008045
28720.0, 0.13007952
28730.0, 0.13007861
28740.0, 0.13007769
28750.0, 0.1300768
28760.0, 0.13007587
28770.0, 0.13007498
28780.0, 0.13007407
28790.0, 0.13007316
28800.0, 0.13007227
28810.0, 0.13007137
28820.0, 0.13007048
28830.0, 0.13006958
28840.0, 0.13006869
28850.0, 0.1300678
28860.0, 0.1300669
28870.0, 0.130066
28880.0, 0.13006511
28890.0, 0.13006423
28900.0, 0.13006335
28910.0, 0.13006248
28920.0, 0.1300616
28930.0, 0.13006072
28940.0, 0.13005984
28950.0, 0.13005897
28960.0, 0.1300581
28970.0, 0.13005723
28980.0, 0.13005635
28990.0, 0.13005549
29000.0, 0.13005462
29010.0, 0.13005376
29020.0, 0.1300529
29030.0, 0.13005203
29040.0, 0.13005118
29050.0, 0.13005032
29060.0, 0.13004947
29070.0, 0.13004862
29080.0, 0.13004775
29090.0, 0.13004692
29100.0, 0.13004605
29110.0, 0.1300452
29120.0, 0.13004437
29130.0, 0.13004352
29140.0, 0.13004267
29150.0, 0.13004184
29160.0, 0.130041
29170.0, 0.13004017
29180.0, 0.13003933
29190.0, 0.1300385
29200.0, 0.13003767
29210.0, 0.13003683
29220.0, 0.13003601
29230.0, 0.13003519
29240.0, 0.13003436
29250.0, 0.13003354
29260.0, 0.1300327
29270.0, 0.13003188
29280.0, 0.13003106
29290.0, 0.13003026
29300.0, 0.13002944
29310.0, 0.13002864
29320.0, 0.13002782
29330.0, 0.130027
29340.0, 0.13002619
29350.0, 0.13002539
29360.0, 0.13002458
29370.0, 0.13002378
29380.0, 0.13002297
29390.0, 0.13002217
29400.0, 0.13002138
29410.0, 0.13002057
29420.0, 0.13001978
29430.0, 0.130019
29440.0, 0.13001819
29450.0, 0.1300174
29460.0, 0.13001661
29470.0, 0.13001582
29480.0, 0.13001505
29490.0, 0.13001426
29500.0, 0.13001347
29510.0, 0.13001269
29520.0, 0.13001192
29530.0, 0.13001114
29540.0, 0.13001035
29550.0, 0.13000958
29560.0, 0.1300088
29570.0, 0.13000803
29580.0, 0.13000727
29590.0, 0.13000649
29600.0, 0.13000572
29610.0, 0.13000496
29620.0, 0.1300042
29630.0, 0.13000342
29640.0, 0.13000266
29650.0, 0.1300019
29660.0, 0.13000116
29670.0, 0.13000038
29680.0, 0.12999962
29690.0, 0.12999888
29700.0, 0.12999813
29710.0, 0.12999737
29720.0, 0.12999663
29730.0, 0.12999587
29740.0, 0.12999512
29750.0, 0.12999438
29760.0, 0.12999363
29770.0, 0.1299929
29780.0, 0.12999216
29790.0, 0.12999143
29800.0, 0.12999068
29810.0, 0.12998995
29820.0, 0.1299892
29830.0, 0.12998848
29840.0, 0.12998775
29850.0, 0.12998702
29860.0, 0.12998629
29870.0, 0.12998556
29880.0, 0.12998484
29890.0, 0.12998411
29900.0, 0.1299834
29910.0, 0.12998267
29920.0, 0.12998194
29930.0, 0.12998123
29940.0, 0.1299805
29950.0, 0.12997979
29960.0, 0.12997907
29970.0, 0.12997836
29980.0, 0.12997766
29990.0, 0.12997694
30000.0, 0.12997624
