Energy (in eV), backscattering yield of material alox-reduced-PEY at incidence 80.0 degree
   X,       Y
0.0, 0.0
10.0, 0.0
20.0, 0.0
30.0, 0.0
40.0, 0.0
50.0, 0.0
60.0, 0.4786503
70.0, 0.53231037
80.0, 0.56403655
90.0, 0.58628494
100.0, 0.603226
110.0, 0.61678433
120.0, 0.6280078
130.0, 0.6375294
140.0, 0.64575964
150.0, 0.6529797
160.0, 0.6593898
170.0, 0.66513765
180.0, 0.6703348
190.0, 0.6750678
200.0, 0.6794047
210.0, 0.68340003
220.0, 0.68709826
230.0, 0.6905359
240.0, 0.6937433
250.0, 0.69674605
260.0, 0.69956577
270.0, 0.702221
280.0, 0.7047276
290.0, 0.70709944
300.0, 0.70934844
310.0, 0.71148527
320.0, 0.71351916
330.0, 0.7154583
340.0, 0.71731
350.0, 0.7190808
360.0, 0.72077656
370.0, 0.7224025
380.0, 0.7239634
390.0, 0.7254635
400.0, 0.7269068
410.0, 0.7282967
420.0, 0.7296365
430.0, 0.7309292
440.0, 0.7321775
450.0, 0.73338383
460.0, 0.73455054
470.0, 0.73567975
480.0, 0.7367735
490.0, 0.73783344
500.0, 0.7388614
510.0, 0.7398588
520.0, 0.74082726
530.0, 0.7417681
540.0, 0.7426825
550.0, 0.7435718
560.0, 0.744437
570.0, 0.74527913
580.0, 0.74609923
590.0, 0.74689823
600.0, 0.74767697
610.0, 0.7484362
620.0, 0.7491768
630.0, 0.7498995
640.0, 0.75060487
650.0, 0.75129366
660.0, 0.7519665
670.0, 0.75262386
680.0, 0.75326633
690.0, 0.75389457
700.0, 0.7545089
710.0, 0.7551099
720.0, 0.755698
730.0, 0.7562736
740.0, 0.7568372
750.0, 0.75738907
760.0, 0.7579296
770.0, 0.7584592
780.0, 0.75897825
790.0, 0.7594869
800.0, 0.7599857
810.0, 0.7604748
820.0, 0.76095444
830.0, 0.761425
840.0, 0.7618867
850.0, 0.76233983
860.0, 0.7627846
870.0, 0.7632212
880.0, 0.76364994
890.0, 0.7640709
900.0, 0.76448447
910.0, 0.76489073
920.0, 0.7652899
930.0, 0.7656821
940.0, 0.7660676
950.0, 0.76644653
960.0, 0.76681906
970.0, 0.7671854
980.0, 0.7675456
990.0, 0.7678998
1000.0, 0.7682483
1010.0, 0.76814866
1020.0, 0.7680492
1030.0, 0.7679498
1040.0, 0.7678506
1050.0, 0.7677515
1060.0, 0.7676526
1070.0, 0.76755375
1080.0, 0.7674551
1090.0, 0.7673565
1100.0, 0.76725817
1110.0, 0.7671599
1120.0, 0.76706177
1130.0, 0.7669638
1140.0, 0.7668659
1150.0, 0.76676816
1160.0, 0.7666706
1170.0, 0.7665732
1180.0, 0.76647586
1190.0, 0.7663787
1200.0, 0.76628166
1210.0, 0.76618475
1220.0, 0.76608795
1230.0, 0.76599133
1240.0, 0.76589483
1250.0, 0.76579845
1260.0, 0.76570225
1270.0, 0.76560616
1280.0, 0.7655102
1290.0, 0.76541436
1300.0, 0.7653187
1310.0, 0.76522315
1320.0, 0.7651277
1330.0, 0.7650325
1340.0, 0.7649373
1350.0, 0.7648423
1360.0, 0.7647474
1370.0, 0.7646526
1380.0, 0.764558
1390.0, 0.76446354
1400.0, 0.7643692
1410.0, 0.76427495
1420.0, 0.7641809
1430.0, 0.76408696
1440.0, 0.76399314
1450.0, 0.76389945
1460.0, 0.76380587
1470.0, 0.76371247
1480.0, 0.7636192
1490.0, 0.763526
1500.0, 0.763433
1510.0, 0.7633401
1520.0, 0.7632474
1530.0, 0.76315475
1540.0, 0.76306224
1550.0, 0.76296985
1560.0, 0.76287764
1570.0, 0.76278555
1580.0, 0.7626936
1590.0, 0.76260173
1600.0, 0.76251
1610.0, 0.76241845
1620.0, 0.762327
1630.0, 0.7622357
1640.0, 0.7621445
1650.0, 0.76205343
1660.0, 0.76196253
1670.0, 0.76187176
1680.0, 0.7617811
1690.0, 0.76169056
1700.0, 0.76160014
1710.0, 0.76150984
1720.0, 0.7614197
1730.0, 0.7613297
1740.0, 0.7612398
1750.0, 0.76115006
1760.0, 0.7610604
1770.0, 0.76097095
1780.0, 0.76088154
1790.0, 0.7607923
1800.0, 0.7607032
1810.0, 0.7606142
1820.0, 0.76052535
1830.0, 0.76043665
1840.0, 0.760348
1850.0, 0.76025957
1860.0, 0.76017123
1870.0, 0.760083
1880.0, 0.7599949
1890.0, 0.75990695
1900.0, 0.75981915
1910.0, 0.7597314
1920.0, 0.75964385
1930.0, 0.7595564
1940.0, 0.7594691
1950.0, 0.7593819
1960.0, 0.7592948
1970.0, 0.75920784
1980.0, 0.75912106
1990.0, 0.75903434
2000.0, 0.7589478
2010.0, 0.75886136
2020.0, 0.75877506
2030.0, 0.75868887
2040.0, 0.7586028
2050.0, 0.75851685
2060.0, 0.7584311
2070.0, 0.75834537
2080.0, 0.7582598
2090.0, 0.75817436
2100.0, 0.75808907
2110.0, 0.7580039
2120.0, 0.75791883
2130.0, 0.7578339
2140.0, 0.7577491
2150.0, 0.7576644
2160.0, 0.7575798
2170.0, 0.7574954
2180.0, 0.75741106
2190.0, 0.7573269
2200.0, 0.7572428
2210.0, 0.7571589
2220.0, 0.7570751
2230.0, 0.7569913
2240.0, 0.75690776
2250.0, 0.7568243
2260.0, 0.756741
2270.0, 0.7566578
2280.0, 0.7565747
2290.0, 0.7564918
2300.0, 0.75640893
2310.0, 0.7563262
2320.0, 0.7562436
2330.0, 0.75616115
2340.0, 0.7560788
2350.0, 0.7559966
2360.0, 0.7559145
2370.0, 0.7558325
2380.0, 0.75575066
2390.0, 0.7556689
2400.0, 0.7555873
2410.0, 0.7555058
2420.0, 0.7554244
2430.0, 0.75534314
2440.0, 0.755262
2450.0, 0.755181
2460.0, 0.75510013
2470.0, 0.75501937
2480.0, 0.7549387
2490.0, 0.7548582
2500.0, 0.7547778
2510.0, 0.7546975
2520.0, 0.75461733
2530.0, 0.7545373
2540.0, 0.75445735
2550.0, 0.7543775
2560.0, 0.75429785
2570.0, 0.7542183
2580.0, 0.75413877
2590.0, 0.7540595
2600.0, 0.7539802
2610.0, 0.7539012
2620.0, 0.75382215
2630.0, 0.7537433
2640.0, 0.75366455
2650.0, 0.75358593
2660.0, 0.75350744
2670.0, 0.75342906
2680.0, 0.7533508
2690.0, 0.75327265
2700.0, 0.75319463
2710.0, 0.75311667
2720.0, 0.7530389
2730.0, 0.7529612
2740.0, 0.7528837
2750.0, 0.7528062
2760.0, 0.7527289
2770.0, 0.7526517
2780.0, 0.75257456
2790.0, 0.7524976
2800.0, 0.7524207
2810.0, 0.75234395
2820.0, 0.75226736
2830.0, 0.7521908
2840.0, 0.7521144
2850.0, 0.7520382
2860.0, 0.751962
2870.0, 0.75188595
2880.0, 0.75181
2890.0, 0.7517342
2900.0, 0.75165844
2910.0, 0.75158286
2920.0, 0.7515074
2930.0, 0.75143206
2940.0, 0.7513568
2950.0, 0.7512817
2960.0, 0.75120664
2970.0, 0.7511317
2980.0, 0.75105697
2990.0, 0.7509823
3000.0, 0.7509077
3010.0, 0.7508333
3020.0, 0.75075895
3030.0, 0.75068474
3040.0, 0.7506106
3050.0, 0.7505366
3060.0, 0.7504627
3070.0, 0.750389
3080.0, 0.7503153
3090.0, 0.75024176
3100.0, 0.7501683
3110.0, 0.750095
3120.0, 0.7500218
3130.0, 0.74994874
3140.0, 0.7498758
3150.0, 0.7498029
3160.0, 0.7497301
3170.0, 0.7496575
3180.0, 0.749585
3190.0, 0.74951255
3200.0, 0.74944025
3210.0, 0.7493681
3220.0, 0.74929595
3230.0, 0.749224
3240.0, 0.7491521
3250.0, 0.74908036
3260.0, 0.7490087
3270.0, 0.7489372
3280.0, 0.7488658
3290.0, 0.74879444
3300.0, 0.74872327
3310.0, 0.74865216
3320.0, 0.7485812
3330.0, 0.7485103
3340.0, 0.74843955
3350.0, 0.7483689
3360.0, 0.7482984
3370.0, 0.74822795
3380.0, 0.7481576
3390.0, 0.7480874
3400.0, 0.7480173
3410.0, 0.74794734
3420.0, 0.7478774
3430.0, 0.7478076
3440.0, 0.74773794
3450.0, 0.74766845
3460.0, 0.74759895
3470.0, 0.7475296
3480.0, 0.74746037
3490.0, 0.7473913
3500.0, 0.7473222
3510.0, 0.7472533
3520.0, 0.7471845
3530.0, 0.7471158
3540.0, 0.74704725
3550.0, 0.74697876
3560.0, 0.7469104
3570.0, 0.7468421
3580.0, 0.74677396
3590.0, 0.7467059
3600.0, 0.74663794
3610.0, 0.74657005
3620.0, 0.74650234
3630.0, 0.7464347
3640.0, 0.7463672
3650.0, 0.74629974
3660.0, 0.74623245
3670.0, 0.7461653
3680.0, 0.74609816
3690.0, 0.74603117
3700.0, 0.7459643
3710.0, 0.7458975
3720.0, 0.7458308
3730.0, 0.7457642
3740.0, 0.74569774
3750.0, 0.7456314
3760.0, 0.7455651
3770.0, 0.74549896
3780.0, 0.7454329
3790.0, 0.74536693
3800.0, 0.7453011
3810.0, 0.7452354
3820.0, 0.74516976
3830.0, 0.7451042
3840.0, 0.74503875
3850.0, 0.7449734
3860.0, 0.7449082
3870.0, 0.7448431
3880.0, 0.7447781
3890.0, 0.7447132
3900.0, 0.74464834
3910.0, 0.74458367
3920.0, 0.74451905
3930.0, 0.74445456
3940.0, 0.74439013
3950.0, 0.7443258
3960.0, 0.7442616
3970.0, 0.74419755
3980.0, 0.74413353
3990.0, 0.74406964
4000.0, 0.74400586
4010.0, 0.7439422
4020.0, 0.7438786
4030.0, 0.7438151
4040.0, 0.7437517
4050.0, 0.74368846
4060.0, 0.7436253
4070.0, 0.74356216
4080.0, 0.7434992
4090.0, 0.74343634
4100.0, 0.7433735
4110.0, 0.74331087
4120.0, 0.7432483
4130.0, 0.7431858
4140.0, 0.7431234
4150.0, 0.7430611
4160.0, 0.74299896
4170.0, 0.74293685
4180.0, 0.7428749
4190.0, 0.742813
4200.0, 0.74275124
4210.0, 0.74268955
4220.0, 0.742628
4230.0, 0.74256647
4240.0, 0.7425051
4250.0, 0.7424438
4260.0, 0.7423826
4270.0, 0.7423215
4280.0, 0.7422605
4290.0, 0.74219966
4300.0, 0.7421388
4310.0, 0.7420781
4320.0, 0.7420175
4330.0, 0.741957
4340.0, 0.7418966
4350.0, 0.7418363
4360.0, 0.7417761
4370.0, 0.74171597
4380.0, 0.74165595
4390.0, 0.74159604
4400.0, 0.7415362
4410.0, 0.7414765
4420.0, 0.7414169
4430.0, 0.7413573
4440.0, 0.7412979
4450.0, 0.74123853
4460.0, 0.7411793
4470.0, 0.74112016
4480.0, 0.7410611
4490.0, 0.74100214
4500.0, 0.74094325
4510.0, 0.7408845
4520.0, 0.74082583
4530.0, 0.74076724
4540.0, 0.74070877
4550.0, 0.74065036
4560.0, 0.74059206
4570.0, 0.7405339
4580.0, 0.7404758
4590.0, 0.7404178
4600.0, 0.74035984
4610.0, 0.740302
4620.0, 0.74024427
4630.0, 0.7401867
4640.0, 0.7401291
4650.0, 0.74007165
4660.0, 0.7400143
4670.0, 0.7399571
4680.0, 0.7398999
4690.0, 0.73984283
4700.0, 0.73978585
4710.0, 0.739729
4720.0, 0.7396722
4730.0, 0.7396155
4740.0, 0.7395589
4750.0, 0.7395024
4760.0, 0.7394459
4770.0, 0.7393896
4780.0, 0.7393334
4790.0, 0.7392772
4800.0, 0.73922116
4810.0, 0.7391652
4820.0, 0.73910934
4830.0, 0.73905355
4840.0, 0.7389979
4850.0, 0.73894227
4860.0, 0.7388868
4870.0, 0.73883134
4880.0, 0.738776
4890.0, 0.7387208
4900.0, 0.73866564
4910.0, 0.7386106
4920.0, 0.73855567
4930.0, 0.7385008
4940.0, 0.738446
4950.0, 0.7383913
4960.0, 0.7383367
4970.0, 0.7382822
4980.0, 0.7382278
4990.0, 0.7381734
5000.0, 0.7381192
5010.0, 0.73806506
5020.0, 0.738011
5030.0, 0.737957
5040.0, 0.7379031
5050.0, 0.73784935
5060.0, 0.73779565
5070.0, 0.737742
5080.0, 0.7376885
5090.0, 0.7376351
5100.0, 0.73758173
5110.0, 0.73752844
5120.0, 0.7374753
5130.0, 0.73742217
5140.0, 0.7373692
5150.0, 0.73731625
5160.0, 0.73726344
5170.0, 0.73721075
5180.0, 0.73715806
5190.0, 0.7371055
5200.0, 0.73705304
5210.0, 0.73700064
5220.0, 0.7369484
5230.0, 0.73689616
5240.0, 0.736844
5250.0, 0.73679197
5260.0, 0.73674
5270.0, 0.73668814
5280.0, 0.7366364
5290.0, 0.73658466
5300.0, 0.73653305
5310.0, 0.73648155
5320.0, 0.7364301
5330.0, 0.7363788
5340.0, 0.7363275
5350.0, 0.7362763
5360.0, 0.73622525
5370.0, 0.7361742
5380.0, 0.7361233
5390.0, 0.7360725
5400.0, 0.7360217
5410.0, 0.73597103
5420.0, 0.7359205
5430.0, 0.73586994
5440.0, 0.7358195
5450.0, 0.7357692
5460.0, 0.73571897
5470.0, 0.7356688
5480.0, 0.7356187
5490.0, 0.73556876
5500.0, 0.7355188
5510.0, 0.735469
5520.0, 0.7354193
5530.0, 0.7353696
5540.0, 0.73532003
5550.0, 0.7352705
5560.0, 0.7352211
5570.0, 0.7351718
5580.0, 0.73512256
5590.0, 0.7350734
5600.0, 0.7350243
5610.0, 0.7349753
5620.0, 0.7349264
5630.0, 0.7348776
5640.0, 0.7348288
5650.0, 0.73478013
5660.0, 0.73473155
5670.0, 0.73468304
5680.0, 0.73463464
5690.0, 0.7345863
5700.0, 0.734538
5710.0, 0.73448986
5720.0, 0.73444176
5730.0, 0.7343938
5740.0, 0.7343458
5750.0, 0.73429793
5760.0, 0.7342502
5770.0, 0.7342025
5780.0, 0.7341549
5790.0, 0.7341073
5800.0, 0.73405993
5810.0, 0.73401254
5820.0, 0.7339652
5830.0, 0.733918
5840.0, 0.7338709
5850.0, 0.73382384
5860.0, 0.73377687
5870.0, 0.73372996
5880.0, 0.73368317
5890.0, 0.73363644
5900.0, 0.73358977
5910.0, 0.7335432
5920.0, 0.7334967
5930.0, 0.7334503
5940.0, 0.733404
5950.0, 0.7333577
5960.0, 0.73331153
5970.0, 0.73326546
5980.0, 0.7332194
5990.0, 0.73317343
6000.0, 0.7331276
6010.0, 0.7330818
6020.0, 0.7330361
6030.0, 0.73299044
6040.0, 0.7329449
6050.0, 0.7328994
6060.0, 0.732854
6070.0, 0.7328087
6080.0, 0.73276347
6090.0, 0.7327183
6100.0, 0.7326732
6110.0, 0.73262817
6120.0, 0.7325833
6130.0, 0.7325384
6140.0, 0.7324936
6150.0, 0.7324489
6160.0, 0.7324043
6170.0, 0.7323597
6180.0, 0.73231524
6190.0, 0.73227084
6200.0, 0.7322265
6210.0, 0.73218226
6220.0, 0.7321381
6230.0, 0.732094
6240.0, 0.73204994
6250.0, 0.732006
6260.0, 0.73196214
6270.0, 0.73191833
6280.0, 0.7318746
6290.0, 0.73183095
6300.0, 0.7317874
6310.0, 0.7317439
6320.0, 0.7317005
6330.0, 0.7316571
6340.0, 0.7316138
6350.0, 0.73157066
6360.0, 0.7315275
6370.0, 0.7314845
6380.0, 0.7314415
6390.0, 0.7313986
6400.0, 0.7313557
6410.0, 0.731313
6420.0, 0.7312703
6430.0, 0.7312277
6440.0, 0.73118514
6450.0, 0.7311427
6460.0, 0.7311003
6470.0, 0.731058
6480.0, 0.73101574
6490.0, 0.73097354
6500.0, 0.73093146
6510.0, 0.73088944
6520.0, 0.7308475
6530.0, 0.73080564
6540.0, 0.7307638
6550.0, 0.73072207
6560.0, 0.7306804
6570.0, 0.7306388
6580.0, 0.73059726
6590.0, 0.73055583
6600.0, 0.73051447
6610.0, 0.73047316
6620.0, 0.7304319
6630.0, 0.7303907
6640.0, 0.73034966
6650.0, 0.73030865
6660.0, 0.7302677
6670.0, 0.7302268
6680.0, 0.730186
6690.0, 0.7301453
6700.0, 0.73010457
6710.0, 0.730064
6720.0, 0.73002344
6730.0, 0.72998303
6740.0, 0.7299426
6750.0, 0.7299023
6760.0, 0.7298621
6770.0, 0.7298219
6780.0, 0.7297818
6790.0, 0.72974175
6800.0, 0.72970176
6810.0, 0.7296619
6820.0, 0.72962207
6830.0, 0.7295823
6840.0, 0.7295426
6850.0, 0.729503
6860.0, 0.72946346
6870.0, 0.72942394
6880.0, 0.72938454
6890.0, 0.7293452
6900.0, 0.7293059
6910.0, 0.7292667
6920.0, 0.7292276
6930.0, 0.7291885
6940.0, 0.7291495
6950.0, 0.72911054
6960.0, 0.7290717
6970.0, 0.7290329
6980.0, 0.7289942
6990.0, 0.7289555
7000.0, 0.7289169
7010.0, 0.7288784
7020.0, 0.72883993
7030.0, 0.7288015
7040.0, 0.7287632
7050.0, 0.7287249
7060.0, 0.72868675
7070.0, 0.7286486
7080.0, 0.7286105
7090.0, 0.72857255
7100.0, 0.72853464
7110.0, 0.7284968
7120.0, 0.72845894
7130.0, 0.7284212
7140.0, 0.7283836
7150.0, 0.728346
7160.0, 0.72830844
7170.0, 0.728271
7180.0, 0.7282336
7190.0, 0.72819626
7200.0, 0.728159
7210.0, 0.7281218
7220.0, 0.7280847
7230.0, 0.72804755
7240.0, 0.7280106
7250.0, 0.72797364
7260.0, 0.72793674
7270.0, 0.72789997
7280.0, 0.7278632
7290.0, 0.72782654
7300.0, 0.7277899
7310.0, 0.72775334
7320.0, 0.72771686
7330.0, 0.72768044
7340.0, 0.7276441
7350.0, 0.7276078
7360.0, 0.72757155
7370.0, 0.72753537
7380.0, 0.72749925
7390.0, 0.72746325
7400.0, 0.72742724
7410.0, 0.7273913
7420.0, 0.7273555
7430.0, 0.7273197
7440.0, 0.72728395
7450.0, 0.7272483
7460.0, 0.7272127
7470.0, 0.72717714
7480.0, 0.7271417
7490.0, 0.7271063
7500.0, 0.7270709
7510.0, 0.72703564
7520.0, 0.7270004
7530.0, 0.72696525
7540.0, 0.72693014
7550.0, 0.72689515
7560.0, 0.72686017
7570.0, 0.72682524
7580.0, 0.72679037
7590.0, 0.7267556
7600.0, 0.72672087
7610.0, 0.72668624
7620.0, 0.7266516
7630.0, 0.72661704
7640.0, 0.7265826
7650.0, 0.72654814
7660.0, 0.7265138
7670.0, 0.7264795
7680.0, 0.72644526
7690.0, 0.7264111
7700.0, 0.72637695
7710.0, 0.7263429
7720.0, 0.72630894
7730.0, 0.72627497
7740.0, 0.7262411
7750.0, 0.7262073
7760.0, 0.7261735
7770.0, 0.72613984
7780.0, 0.7261062
7790.0, 0.7260726
7800.0, 0.7260391
7810.0, 0.7260057
7820.0, 0.72597224
7830.0, 0.7259389
7840.0, 0.72590566
7850.0, 0.7258724
7860.0, 0.72583926
7870.0, 0.7258062
7880.0, 0.7257731
7890.0, 0.72574013
7900.0, 0.72570723
7910.0, 0.72567433
7920.0, 0.72564155
7930.0, 0.72560877
7940.0, 0.7255761
7950.0, 0.7255435
7960.0, 0.7255109
7970.0, 0.7254784
7980.0, 0.7254459
7990.0, 0.72541356
8000.0, 0.7253812
8010.0, 0.7253489
8020.0, 0.7253167
8030.0, 0.7252845
8040.0, 0.7252524
8050.0, 0.7252204
8060.0, 0.7251884
8070.0, 0.7251564
8080.0, 0.72512454
8090.0, 0.7250927
8100.0, 0.72506094
8110.0, 0.72502923
8120.0, 0.7249976
8130.0, 0.724966
8140.0, 0.72493446
8150.0, 0.724903
8160.0, 0.7248715
8170.0, 0.72484016
8180.0, 0.7248089
8190.0, 0.7247776
8200.0, 0.7247464
8210.0, 0.72471523
8220.0, 0.7246842
8230.0, 0.7246531
8240.0, 0.72462213
8250.0, 0.7245912
8260.0, 0.7245603
8270.0, 0.72452956
8280.0, 0.72449875
8290.0, 0.72446805
8300.0, 0.7244374
8310.0, 0.72440684
8320.0, 0.7243763
8330.0, 0.7243458
8340.0, 0.7243154
8350.0, 0.724285
8360.0, 0.72425467
8370.0, 0.72422445
8380.0, 0.7241942
8390.0, 0.72416407
8400.0, 0.72413397
8410.0, 0.7241039
8420.0, 0.72407395
8430.0, 0.72404397
8440.0, 0.7240141
8450.0, 0.7239843
8460.0, 0.7239545
8470.0, 0.7239248
8480.0, 0.72389513
8490.0, 0.7238655
8500.0, 0.72383595
8510.0, 0.72380644
8520.0, 0.723777
8530.0, 0.72374755
8540.0, 0.7237182
8550.0, 0.7236889
8560.0, 0.7236597
8570.0, 0.7236305
8580.0, 0.72360134
8590.0, 0.72357225
8600.0, 0.7235432
8610.0, 0.72351426
8620.0, 0.72348535
8630.0, 0.72345644
8640.0, 0.72342765
8650.0, 0.72339886
8660.0, 0.72337013
8670.0, 0.72334146
8680.0, 0.72331285
8690.0, 0.7232843
8700.0, 0.7232558
8710.0, 0.7232273
8720.0, 0.72319895
8730.0, 0.7231706
8740.0, 0.72314227
8750.0, 0.723114
8760.0, 0.7230858
8770.0, 0.7230576
8780.0, 0.72302955
8790.0, 0.7230015
8800.0, 0.7229735
8810.0, 0.7229456
8820.0, 0.7229177
8830.0, 0.7228898
8840.0, 0.722862
8850.0, 0.7228343
8860.0, 0.7228066
8870.0, 0.7227789
8880.0, 0.7227513
8890.0, 0.7227238
8900.0, 0.7226963
8910.0, 0.7226688
8920.0, 0.72264147
8930.0, 0.7226141
8940.0, 0.7225868
8950.0, 0.7225596
8960.0, 0.7225324
8970.0, 0.7225052
8980.0, 0.72247815
8990.0, 0.7224511
9000.0, 0.7224241
9010.0, 0.72239715
9020.0, 0.7223702
9030.0, 0.7223434
9040.0, 0.72231656
9050.0, 0.7222898
9060.0, 0.7222631
9070.0, 0.72223645
9080.0, 0.7222099
9090.0, 0.7221833
9100.0, 0.72215676
9110.0, 0.7221303
9120.0, 0.7221039
9130.0, 0.72207755
9140.0, 0.7220512
9150.0, 0.722025
9160.0, 0.72199875
9170.0, 0.7219725
9180.0, 0.7219464
9190.0, 0.7219204
9200.0, 0.7218943
9210.0, 0.72186834
9220.0, 0.7218424
9230.0, 0.72181654
9240.0, 0.7217907
9250.0, 0.72176486
9260.0, 0.7217391
9270.0, 0.7217134
9280.0, 0.7216878
9290.0, 0.72166216
9300.0, 0.7216366
9310.0, 0.7216111
9320.0, 0.72158563
9330.0, 0.72156024
9340.0, 0.72153485
9350.0, 0.7215095
9360.0, 0.72148424
9370.0, 0.72145903
9380.0, 0.7214338
9390.0, 0.72140867
9400.0, 0.7213836
9410.0, 0.72135854
9420.0, 0.72133356
9430.0, 0.7213086
9440.0, 0.7212837
9450.0, 0.7212588
9460.0, 0.72123396
9470.0, 0.7212092
9480.0, 0.7211845
9490.0, 0.7211598
9500.0, 0.72113514
9510.0, 0.7211106
9520.0, 0.721086
9530.0, 0.7210615
9540.0, 0.7210371
9550.0, 0.72101265
9560.0, 0.7209883
9570.0, 0.72096395
9580.0, 0.7209397
9590.0, 0.72091544
9600.0, 0.72089124
9610.0, 0.7208671
9620.0, 0.720843
9630.0, 0.72081894
9640.0, 0.720795
9650.0, 0.72077096
9660.0, 0.72074705
9670.0, 0.72072315
9680.0, 0.72069937
9690.0, 0.7206755
9700.0, 0.7206518
9710.0, 0.7206281
9720.0, 0.7206044
9730.0, 0.7205808
9740.0, 0.7205572
9750.0, 0.7205337
9760.0, 0.72051024
9770.0, 0.72048676
9780.0, 0.7204634
9790.0, 0.72044003
9800.0, 0.7204167
9810.0, 0.7203934
9820.0, 0.72037023
9830.0, 0.72034705
9840.0, 0.72032386
9850.0, 0.7203008
9860.0, 0.7202777
9870.0, 0.7202547
9880.0, 0.7202318
9890.0, 0.7202088
9900.0, 0.72018594
9910.0, 0.7201631
9920.0, 0.7201403
9930.0, 0.7201175
9940.0, 0.7200948
9950.0, 0.72007215
9960.0, 0.7200495
9970.0, 0.7200269
9980.0, 0.7200043
9990.0, 0.71998185
10000.0, 0.7199594
10010.0, 0.71993697
10020.0, 0.71991456
10030.0, 0.7198922
10040.0, 0.7198699
10050.0, 0.7198477
10060.0, 0.71982545
10070.0, 0.7198033
10080.0, 0.7197811
10090.0, 0.71975905
10100.0, 0.719737
10110.0, 0.71971494
10120.0, 0.719693
10130.0, 0.7196711
10140.0, 0.7196492
10150.0, 0.7196273
10160.0, 0.7196055
10170.0, 0.71958375
10180.0, 0.719562
10190.0, 0.7195403
10200.0, 0.71951866
10210.0, 0.719497
10220.0, 0.7194755
10230.0, 0.719454
10240.0, 0.7194325
10250.0, 0.719411
10260.0, 0.7193896
10270.0, 0.7193682
10280.0, 0.7193469
10290.0, 0.7193256
10300.0, 0.7193044
10310.0, 0.71928316
10320.0, 0.719262
10330.0, 0.71924084
10340.0, 0.71921974
10350.0, 0.7191987
10360.0, 0.71917766
10370.0, 0.71915674
10380.0, 0.71913576
10390.0, 0.7191149
10400.0, 0.71909404
10410.0, 0.7190732
10420.0, 0.71905243
10430.0, 0.7190317
10440.0, 0.71901095
10450.0, 0.7189903
10460.0, 0.71896964
10470.0, 0.7189491
10480.0, 0.7189285
10490.0, 0.718908
10500.0, 0.71888757
10510.0, 0.7188671
10520.0, 0.71884674
10530.0, 0.71882635
10540.0, 0.718806
10550.0, 0.71878576
10560.0, 0.7187655
10570.0, 0.7187453
10580.0, 0.71872514
10590.0, 0.718705
10600.0, 0.7186849
10610.0, 0.7186648
10620.0, 0.7186448
10630.0, 0.71862483
10640.0, 0.71860486
10650.0, 0.71858495
10660.0, 0.7185651
10670.0, 0.71854526
10680.0, 0.71852547
10690.0, 0.71850574
10700.0, 0.718486
10710.0, 0.7184663
10720.0, 0.7184467
10730.0, 0.71842706
10740.0, 0.71840745
10750.0, 0.7183879
10760.0, 0.7183684
10770.0, 0.718349
10780.0, 0.7183295
10790.0, 0.7183101
10800.0, 0.71829075
10810.0, 0.71827143
10820.0, 0.7182522
10830.0, 0.7182329
10840.0, 0.7182137
10850.0, 0.71819454
10860.0, 0.7181754
10870.0, 0.7181563
10880.0, 0.7181372
10890.0, 0.7181182
10900.0, 0.7180992
10910.0, 0.7180802
10920.0, 0.71806127
10930.0, 0.7180424
10940.0, 0.71802354
10950.0, 0.7180047
10960.0, 0.7179859
10970.0, 0.71796715
10980.0, 0.71794844
10990.0, 0.7179298
11000.0, 0.7179111
11010.0, 0.7178925
11020.0, 0.71787393
11030.0, 0.7178554
11040.0, 0.7178369
11050.0, 0.71781844
11060.0, 0.71779996
11070.0, 0.7177816
11080.0, 0.7177632
11090.0, 0.7177449
11100.0, 0.7177266
11110.0, 0.7177083
11120.0, 0.71769005
11130.0, 0.7176719
11140.0, 0.7176537
11150.0, 0.7176356
11160.0, 0.7176175
11170.0, 0.71759945
11180.0, 0.7175814
11190.0, 0.71756345
11200.0, 0.71754545
11210.0, 0.7175275
11220.0, 0.7175096
11230.0, 0.7174918
11240.0, 0.717474
11250.0, 0.71745616
11260.0, 0.7174384
11270.0, 0.7174207
11280.0, 0.717403
11290.0, 0.71738535
11300.0, 0.7173677
11310.0, 0.7173501
11320.0, 0.7173326
11330.0, 0.7173151
11340.0, 0.71729755
11350.0, 0.7172801
11360.0, 0.7172627
11370.0, 0.7172453
11380.0, 0.71722794
11390.0, 0.7172106
11400.0, 0.7171933
11410.0, 0.717176
11420.0, 0.7171588
11430.0, 0.7171416
11440.0, 0.71712446
11450.0, 0.7171073
11460.0, 0.7170902
11470.0, 0.71707314
11480.0, 0.7170561
11490.0, 0.7170391
11500.0, 0.7170221
11510.0, 0.7170052
11520.0, 0.71698827
11530.0, 0.7169714
11540.0, 0.7169546
11550.0, 0.7169378
11560.0, 0.716921
11570.0, 0.7169042
11580.0, 0.71688753
11590.0, 0.71687084
11600.0, 0.71685416
11610.0, 0.7168375
11620.0, 0.71682096
11630.0, 0.7168044
11640.0, 0.7167879
11650.0, 0.71677136
11660.0, 0.7167549
11670.0, 0.71673846
11680.0, 0.7167221
11690.0, 0.7167057
11700.0, 0.71668935
11710.0, 0.716673
11720.0, 0.71665674
11730.0, 0.71664053
11740.0, 0.7166243
11750.0, 0.7166081
11760.0, 0.71659195
11770.0, 0.7165758
11780.0, 0.7165597
11790.0, 0.7165437
11800.0, 0.71652764
11810.0, 0.7165116
11820.0, 0.71649563
11830.0, 0.7164797
11840.0, 0.7164638
11850.0, 0.7164479
11860.0, 0.71643203
11870.0, 0.71641624
11880.0, 0.71640044
11890.0, 0.71638465
11900.0, 0.7163689
11910.0, 0.71635324
11920.0, 0.71633756
11930.0, 0.7163219
11940.0, 0.71630627
11950.0, 0.7162907
11960.0, 0.71627516
11970.0, 0.7162596
11980.0, 0.7162441
11990.0, 0.71622866
12000.0, 0.7162132
12010.0, 0.7161978
12020.0, 0.7161824
12030.0, 0.7161671
12040.0, 0.7161518
12050.0, 0.71613646
12060.0, 0.7161212
12070.0, 0.71610594
12080.0, 0.71609074
12090.0, 0.71607554
12100.0, 0.7160604
12110.0, 0.7160453
12120.0, 0.7160302
12130.0, 0.71601516
12140.0, 0.71600014
12150.0, 0.7159851
12160.0, 0.7159701
12170.0, 0.7159552
12180.0, 0.71594024
12190.0, 0.71592534
12200.0, 0.7159105
12210.0, 0.71589565
12220.0, 0.7158809
12230.0, 0.7158661
12240.0, 0.7158513
12250.0, 0.7158366
12260.0, 0.7158219
12270.0, 0.71580726
12280.0, 0.7157926
12290.0, 0.715778
12300.0, 0.7157634
12310.0, 0.71574885
12320.0, 0.7157343
12330.0, 0.7157198
12340.0, 0.71570534
12350.0, 0.7156909
12360.0, 0.7156765
12370.0, 0.7156621
12380.0, 0.7156477
12390.0, 0.7156334
12400.0, 0.7156191
12410.0, 0.7156048
12420.0, 0.71559054
12430.0, 0.71557635
12440.0, 0.7155621
12450.0, 0.715548
12460.0, 0.7155338
12470.0, 0.71551967
12480.0, 0.7155056
12490.0, 0.71549153
12500.0, 0.71547747
12510.0, 0.71546346
12520.0, 0.7154495
12530.0, 0.7154355
12540.0, 0.7154216
12550.0, 0.7154077
12560.0, 0.71539384
12570.0, 0.71537995
12580.0, 0.7153661
12590.0, 0.71535236
12600.0, 0.7153386
12610.0, 0.7153248
12620.0, 0.7153111
12630.0, 0.7152974
12640.0, 0.71528375
12650.0, 0.7152701
12660.0, 0.71525645
12670.0, 0.71524286
12680.0, 0.71522933
12690.0, 0.7152158
12700.0, 0.7152023
12710.0, 0.7151888
12720.0, 0.71517533
12730.0, 0.71516186
12740.0, 0.71514845
12750.0, 0.7151351
12760.0, 0.71512175
12770.0, 0.7151084
12780.0, 0.7150951
12790.0, 0.7150818
12800.0, 0.7150686
12810.0, 0.7150553
12820.0, 0.7150421
12830.0, 0.71502894
12840.0, 0.71501577
12850.0, 0.71500266
12860.0, 0.71498954
12870.0, 0.7149765
12880.0, 0.7149634
12890.0, 0.7149504
12900.0, 0.7149374
12910.0, 0.7149244
12920.0, 0.7149114
12930.0, 0.71489847
12940.0, 0.7148856
12950.0, 0.7148727
12960.0, 0.71485984
12970.0, 0.714847
12980.0, 0.7148342
12990.0, 0.7148214
13000.0, 0.71480864
13010.0, 0.71479595
13020.0, 0.7147832
13030.0, 0.71477056
13040.0, 0.71475786
13050.0, 0.7147452
13060.0, 0.71473265
13070.0, 0.71472
13080.0, 0.7147075
13090.0, 0.7146949
13100.0, 0.7146824
13110.0, 0.7146699
13120.0, 0.7146574
13130.0, 0.714645
13140.0, 0.7146326
13150.0, 0.7146202
13160.0, 0.71460783
13170.0, 0.71459544
13180.0, 0.7145831
13190.0, 0.7145708
13200.0, 0.71455854
13210.0, 0.71454626
13220.0, 0.71453404
13230.0, 0.7145218
13240.0, 0.71450967
13250.0, 0.7144975
13260.0, 0.71448535
13270.0, 0.71447325
13280.0, 0.71446115
13290.0, 0.7144491
13300.0, 0.714437
13310.0, 0.714425
13320.0, 0.714413
13330.0, 0.71440107
13340.0, 0.7143891
13350.0, 0.71437716
13360.0, 0.71436524
13370.0, 0.7143534
13380.0, 0.7143415
13390.0, 0.71432966
13400.0, 0.71431786
13410.0, 0.71430606
13420.0, 0.71429425
13430.0, 0.7142825
13440.0, 0.71427083
13450.0, 0.7142591
13460.0, 0.7142474
13470.0, 0.7142357
13480.0, 0.7142241
13490.0, 0.7142125
13500.0, 0.7142009
13510.0, 0.71418935
13520.0, 0.7141778
13530.0, 0.7141663
13540.0, 0.7141548
13550.0, 0.7141433
13560.0, 0.71413183
13570.0, 0.7141204
13580.0, 0.71410894
13590.0, 0.71409756
13600.0, 0.71408623
13610.0, 0.71407485
13620.0, 0.7140635
13630.0, 0.7140522
13640.0, 0.71404094
13650.0, 0.71402967
13660.0, 0.71401846
13670.0, 0.7140072
13680.0, 0.71399605
13690.0, 0.71398485
13700.0, 0.7139737
13710.0, 0.71396255
13720.0, 0.71395147
13730.0, 0.7139404
13740.0, 0.7139293
13750.0, 0.71391827
13760.0, 0.71390724
13770.0, 0.7138962
13780.0, 0.71388525
13790.0, 0.7138743
13800.0, 0.7138633
13810.0, 0.7138524
13820.0, 0.7138415
13830.0, 0.71383065
13840.0, 0.71381974
13850.0, 0.71380895
13860.0, 0.7137981
13870.0, 0.7137873
13880.0, 0.7137765
13890.0, 0.7137658
13900.0, 0.7137551
13910.0, 0.71374434
13920.0, 0.7137337
13930.0, 0.713723
13940.0, 0.71371233
13950.0, 0.7137017
13960.0, 0.7136911
13970.0, 0.7136805
13980.0, 0.71366996
13990.0, 0.7136594
14000.0, 0.71364886
14010.0, 0.71363837
14020.0, 0.7136279
14030.0, 0.7136174
14040.0, 0.71360695
14050.0, 0.7135965
14060.0, 0.71358615
14070.0, 0.7135757
14080.0, 0.7135654
14090.0, 0.71355504
14100.0, 0.7135447
14110.0, 0.7135344
14120.0, 0.7135241
14130.0, 0.71351385
14140.0, 0.7135036
14150.0, 0.71349335
14160.0, 0.71348315
14170.0, 0.71347296
14180.0, 0.7134628
14190.0, 0.71345264
14200.0, 0.7134425
14210.0, 0.71343243
14220.0, 0.7134223
14230.0, 0.7134123
14240.0, 0.7134022
14250.0, 0.7133922
14260.0, 0.7133822
14270.0, 0.7133722
14280.0, 0.7133622
14290.0, 0.71335226
14300.0, 0.7133423
14310.0, 0.7133324
14320.0, 0.7133225
14330.0, 0.7133126
14340.0, 0.71330273
14350.0, 0.71329296
14360.0, 0.7132831
14370.0, 0.7132733
14380.0, 0.7132635
14390.0, 0.71325374
14400.0, 0.713244
14410.0, 0.7132343
14420.0, 0.7132246
14430.0, 0.7132149
14440.0, 0.7132052
14450.0, 0.71319556
14460.0, 0.71318597
14470.0, 0.7131763
14480.0, 0.7131667
14490.0, 0.7131572
14500.0, 0.7131476
14510.0, 0.71313804
14520.0, 0.7131285
14530.0, 0.71311903
14540.0, 0.71310955
14550.0, 0.7131001
14560.0, 0.71309066
14570.0, 0.71308124
14580.0, 0.7130718
14590.0, 0.7130624
14600.0, 0.71305305
14610.0, 0.7130437
14620.0, 0.71303433
14630.0, 0.71302503
14640.0, 0.71301574
14650.0, 0.71300644
14660.0, 0.71299714
14670.0, 0.7129879
14680.0, 0.71297866
14690.0, 0.7129695
14700.0, 0.7129603
14710.0, 0.7129511
14720.0, 0.71294194
14730.0, 0.7129328
14740.0, 0.7129237
14750.0, 0.7129146
14760.0, 0.71290547
14770.0, 0.7128964
14780.0, 0.71288735
14790.0, 0.71287835
14800.0, 0.7128693
14810.0, 0.7128603
14820.0, 0.71285135
14830.0, 0.71284235
14840.0, 0.7128334
14850.0, 0.71282446
14860.0, 0.7128156
14870.0, 0.7128067
14880.0, 0.7127978
14890.0, 0.71278894
14900.0, 0.7127801
14910.0, 0.71277124
14920.0, 0.7127625
14930.0, 0.71275365
14940.0, 0.7127449
14950.0, 0.7127361
14960.0, 0.71272737
14970.0, 0.71271867
14980.0, 0.71270996
14990.0, 0.71270126
15000.0, 0.71269256
15010.0, 0.7126839
15020.0, 0.7126753
15030.0, 0.71266663
15040.0, 0.71265805
15050.0, 0.71264946
15060.0, 0.7126409
15070.0, 0.71263236
15080.0, 0.7126238
15090.0, 0.71261525
15100.0, 0.7126067
15110.0, 0.71259826
15120.0, 0.7125898
15130.0, 0.71258134
15140.0, 0.7125729
15150.0, 0.71256447
15160.0, 0.71255606
15170.0, 0.71254766
15180.0, 0.7125393
15190.0, 0.7125309
15200.0, 0.71252257
15210.0, 0.7125143
15220.0, 0.71250594
15230.0, 0.71249765
15240.0, 0.71248937
15250.0, 0.7124811
15260.0, 0.71247286
15270.0, 0.71246463
15280.0, 0.7124564
15290.0, 0.71244824
15300.0, 0.71244
15310.0, 0.71243185
15320.0, 0.7124237
15330.0, 0.7124156
15340.0, 0.71240747
15350.0, 0.71239936
15360.0, 0.71239126
15370.0, 0.7123832
15380.0, 0.71237516
15390.0, 0.7123671
15400.0, 0.7123591
15410.0, 0.7123511
15420.0, 0.7123431
15430.0, 0.7123351
15440.0, 0.7123271
15450.0, 0.7123192
15460.0, 0.71231127
15470.0, 0.71230334
15480.0, 0.7122954
15490.0, 0.71228755
15500.0, 0.7122797
15510.0, 0.7122718
15520.0, 0.712264
15530.0, 0.71225613
15540.0, 0.7122483
15550.0, 0.7122406
15560.0, 0.71223277
15570.0, 0.712225
15580.0, 0.7122173
15590.0, 0.7122095
15600.0, 0.7122018
15610.0, 0.7121941
15620.0, 0.7121864
15630.0, 0.71217877
15640.0, 0.7121711
15650.0, 0.71216345
15660.0, 0.7121558
15670.0, 0.7121482
15680.0, 0.7121406
15690.0, 0.712133
15700.0, 0.7121254
15710.0, 0.71211785
15720.0, 0.71211034
15730.0, 0.71210283
15740.0, 0.7120953
15750.0, 0.7120878
15760.0, 0.7120803
15770.0, 0.71207285
15780.0, 0.7120654
15790.0, 0.71205795
15800.0, 0.71205056
15810.0, 0.7120431
15820.0, 0.7120357
15830.0, 0.7120284
15840.0, 0.712021
15850.0, 0.71201366
15860.0, 0.71200633
15870.0, 0.711999
15880.0, 0.71199167
15890.0, 0.7119844
15900.0, 0.71197706
15910.0, 0.71196985
15920.0, 0.7119626
15930.0, 0.71195537
15940.0, 0.7119481
15950.0, 0.7119409
15960.0, 0.71193373
15970.0, 0.7119265
15980.0, 0.71191937
15990.0, 0.7119122
16000.0, 0.71190506
16010.0, 0.71189797
16020.0, 0.7118908
16030.0, 0.7118837
16040.0, 0.71187663
16050.0, 0.7118696
16060.0, 0.7118625
16070.0, 0.7118555
16080.0, 0.71184844
16090.0, 0.7118414
16100.0, 0.71183443
16110.0, 0.71182746
16120.0, 0.7118205
16130.0, 0.7118135
16140.0, 0.71180654
16150.0, 0.7117996
16160.0, 0.7117927
16170.0, 0.7117858
16180.0, 0.7117789
16190.0, 0.711772
16200.0, 0.71176517
16210.0, 0.7117583
16220.0, 0.71175146
16230.0, 0.71174467
16240.0, 0.7117378
16250.0, 0.711731
16260.0, 0.7117242
16270.0, 0.7117175
16280.0, 0.7117107
16290.0, 0.71170396
16300.0, 0.7116972
16310.0, 0.71169055
16320.0, 0.7116838
16330.0, 0.71167713
16340.0, 0.71167046
16350.0, 0.7116638
16360.0, 0.7116571
16370.0, 0.7116505
16380.0, 0.7116439
16390.0, 0.7116372
16400.0, 0.71163064
16410.0, 0.711624
16420.0, 0.71161747
16430.0, 0.7116109
16440.0, 0.71160436
16450.0, 0.7115978
16460.0, 0.7115913
16470.0, 0.71158475
16480.0, 0.71157825
16490.0, 0.71157175
16500.0, 0.7115653
16510.0, 0.7115588
16520.0, 0.7115524
16530.0, 0.71154594
16540.0, 0.7115395
16550.0, 0.7115331
16560.0, 0.71152675
16570.0, 0.7115203
16580.0, 0.71151394
16590.0, 0.7115076
16600.0, 0.71150124
16610.0, 0.7114949
16620.0, 0.7114886
16630.0, 0.7114823
16640.0, 0.71147597
16650.0, 0.7114697
16660.0, 0.7114634
16670.0, 0.71145713
16680.0, 0.7114509
16690.0, 0.7114447
16700.0, 0.7114384
16710.0, 0.7114322
16720.0, 0.711426
16730.0, 0.7114198
16740.0, 0.7114136
16750.0, 0.7114075
16760.0, 0.71140134
16770.0, 0.7113952
16780.0, 0.71138906
16790.0, 0.7113829
16800.0, 0.71137685
16810.0, 0.71137077
16820.0, 0.7113647
16830.0, 0.7113586
16840.0, 0.7113525
16850.0, 0.7113465
16860.0, 0.7113404
16870.0, 0.7113344
16880.0, 0.71132845
16890.0, 0.7113224
16900.0, 0.7113164
16910.0, 0.71131045
16920.0, 0.7113045
16930.0, 0.7112985
16940.0, 0.7112926
16950.0, 0.71128666
16960.0, 0.71128076
16970.0, 0.71127486
16980.0, 0.71126896
16990.0, 0.71126306
17000.0, 0.7112572
17010.0, 0.7112513
17020.0, 0.7112455
17030.0, 0.71123964
17040.0, 0.71123385
17050.0, 0.711228
17060.0, 0.71122223
17070.0, 0.71121645
17080.0, 0.71121067
17090.0, 0.7112049
17100.0, 0.7111991
17110.0, 0.7111934
17120.0, 0.71118766
17130.0, 0.71118194
17140.0, 0.7111762
17150.0, 0.7111705
17160.0, 0.71116483
17170.0, 0.71115917
17180.0, 0.7111535
17190.0, 0.71114784
17200.0, 0.7111422
17210.0, 0.7111365
17220.0, 0.7111309
17230.0, 0.7111253
17240.0, 0.7111197
17250.0, 0.7111141
17260.0, 0.7111085
17270.0, 0.71110296
17280.0, 0.7110974
17290.0, 0.7110919
17300.0, 0.71108633
17310.0, 0.7110808
17320.0, 0.7110753
17330.0, 0.71106976
17340.0, 0.7110643
17350.0, 0.7110588
17360.0, 0.7110534
17370.0, 0.7110479
17380.0, 0.71104246
17390.0, 0.711037
17400.0, 0.71103156
17410.0, 0.7110262
17420.0, 0.71102077
17430.0, 0.71101534
17440.0, 0.71101
17450.0, 0.7110046
17460.0, 0.71099925
17470.0, 0.7109939
17480.0, 0.7109885
17490.0, 0.7109832
17500.0, 0.7109779
17510.0, 0.71097255
17520.0, 0.71096724
17530.0, 0.710962
17540.0, 0.7109567
17550.0, 0.71095145
17560.0, 0.7109462
17570.0, 0.7109409
17580.0, 0.71093565
17590.0, 0.71093047
17600.0, 0.7109252
17610.0, 0.71092004
17620.0, 0.71091485
17630.0, 0.71090966
17640.0, 0.7109045
17650.0, 0.7108993
17660.0, 0.71089417
17670.0, 0.710889
17680.0, 0.71088386
17690.0, 0.71087873
17700.0, 0.7108736
17710.0, 0.7108685
17720.0, 0.7108634
17730.0, 0.71085835
17740.0, 0.7108532
17750.0, 0.71084815
17760.0, 0.7108431
17770.0, 0.7108381
17780.0, 0.710833
17790.0, 0.710828
17800.0, 0.710823
17810.0, 0.710818
17820.0, 0.710813
17830.0, 0.710808
17840.0, 0.71080303
17850.0, 0.710798
17860.0, 0.7107931
17870.0, 0.71078813
17880.0, 0.7107832
17890.0, 0.7107783
17900.0, 0.71077335
17910.0, 0.71076846
17920.0, 0.7107635
17930.0, 0.7107586
17940.0, 0.7107538
17950.0, 0.7107489
17960.0, 0.710744
17970.0, 0.7107392
17980.0, 0.71073437
17990.0, 0.7107295
18000.0, 0.7107247
18010.0, 0.7107199
18020.0, 0.71071506
18030.0, 0.7107103
18040.0, 0.71070546
18050.0, 0.7107007
18060.0, 0.7106959
18070.0, 0.7106912
18080.0, 0.71068645
18090.0, 0.7106817
18100.0, 0.71067697
18110.0, 0.71067226
18120.0, 0.71066755
18130.0, 0.71066284
18140.0, 0.71065813
18150.0, 0.7106535
18160.0, 0.7106488
18170.0, 0.7106441
18180.0, 0.7106395
18190.0, 0.7106348
18200.0, 0.7106302
18210.0, 0.7106255
18220.0, 0.71062094
18230.0, 0.7106163
18240.0, 0.7106117
18250.0, 0.7106071
18260.0, 0.7106025
18270.0, 0.710598
18280.0, 0.7105934
18290.0, 0.7105889
18300.0, 0.7105843
18310.0, 0.71057975
18320.0, 0.7105752
18330.0, 0.7105707
18340.0, 0.7105662
18350.0, 0.7105617
18360.0, 0.7105572
18370.0, 0.7105527
18380.0, 0.7105482
18390.0, 0.71054375
18400.0, 0.71053934
18410.0, 0.7105349
18420.0, 0.7105304
18430.0, 0.710526
18440.0, 0.7105216
18450.0, 0.71051717
18460.0, 0.71051276
18470.0, 0.71050835
18480.0, 0.71050394
18490.0, 0.7104996
18500.0, 0.71049523
18510.0, 0.7104908
18520.0, 0.7104865
18530.0, 0.7104822
18540.0, 0.7104778
18550.0, 0.7104735
18560.0, 0.7104692
18570.0, 0.71046484
18580.0, 0.71046054
18590.0, 0.71045625
18600.0, 0.71045196
18610.0, 0.71044767
18620.0, 0.71044344
18630.0, 0.71043915
18640.0, 0.7104349
18650.0, 0.7104307
18660.0, 0.71042645
18670.0, 0.7104222
18680.0, 0.710418
18690.0, 0.71041375
18700.0, 0.7104096
18710.0, 0.71040535
18720.0, 0.7104012
18730.0, 0.710397
18740.0, 0.71039283
18750.0, 0.71038866
18760.0, 0.71038455
18770.0, 0.7103804
18780.0, 0.71037626
18790.0, 0.7103721
18800.0, 0.710368
18810.0, 0.71036386
18820.0, 0.71035975
18830.0, 0.7103557
18840.0, 0.7103516
18850.0, 0.71034753
18860.0, 0.7103434
18870.0, 0.71033937
18880.0, 0.7103353
18890.0, 0.71033126
18900.0, 0.7103272
18910.0, 0.7103232
18920.0, 0.71031916
18930.0, 0.71031517
18940.0, 0.7103112
18950.0, 0.7103072
18960.0, 0.7103032
18970.0, 0.7102992
18980.0, 0.7102952
18990.0, 0.71029127
19000.0, 0.7102873
19010.0, 0.71028334
19020.0, 0.7102794
19030.0, 0.7102754
19040.0, 0.7102715
19050.0, 0.7102676
19060.0, 0.71026367
19070.0, 0.71025974
19080.0, 0.71025586
19090.0, 0.710252
19100.0, 0.7102481
19110.0, 0.71024424
19120.0, 0.71024036
19130.0, 0.7102365
19140.0, 0.7102326
19150.0, 0.7102288
19160.0, 0.7102249
19170.0, 0.7102211
19180.0, 0.7102173
19190.0, 0.7102135
19200.0, 0.71020967
19210.0, 0.71020585
19220.0, 0.7102021
19230.0, 0.7101983
19240.0, 0.7101945
19250.0, 0.7101907
19260.0, 0.71018696
19270.0, 0.7101832
19280.0, 0.7101795
19290.0, 0.71017575
19300.0, 0.710172
19310.0, 0.7101683
19320.0, 0.71016455
19330.0, 0.71016085
19340.0, 0.71015716
19350.0, 0.71015346
19360.0, 0.71014977
19370.0, 0.71014607
19380.0, 0.7101424
19390.0, 0.71013874
19400.0, 0.7101351
19410.0, 0.7101314
19420.0, 0.7101278
19430.0, 0.71012414
19440.0, 0.7101205
19450.0, 0.71011686
19460.0, 0.7101133
19470.0, 0.71010965
19480.0, 0.7101061
19490.0, 0.71010244
19500.0, 0.71009886
19510.0, 0.7100953
19520.0, 0.7100917
19530.0, 0.71008813
19540.0, 0.71008456
19550.0, 0.71008104
19560.0, 0.71007746
19570.0, 0.71007395
19580.0, 0.71007043
19590.0, 0.7100669
19600.0, 0.7100634
19610.0, 0.7100599
19620.0, 0.71005636
19630.0, 0.71005285
19640.0, 0.7100494
19650.0, 0.7100459
19660.0, 0.7100424
19670.0, 0.71003896
19680.0, 0.71003544
19690.0, 0.71003205
19700.0, 0.7100286
19710.0, 0.71002513
19720.0, 0.7100217
19730.0, 0.7100183
19740.0, 0.7100148
19750.0, 0.7100114
19760.0, 0.710008
19770.0, 0.7100046
19780.0, 0.71000123
19790.0, 0.70999783
19800.0, 0.70999444
19810.0, 0.7099911
19820.0, 0.7099877
19830.0, 0.70998436
19840.0, 0.70998096
19850.0, 0.7099776
19860.0, 0.7099743
19870.0, 0.70997095
19880.0, 0.7099676
19890.0, 0.70996433
19900.0, 0.709961
19910.0, 0.70995766
19920.0, 0.7099544
19930.0, 0.7099511
19940.0, 0.7099478
19950.0, 0.7099445
19960.0, 0.7099412
19970.0, 0.709938
19980.0, 0.7099347
19990.0, 0.70993143
20000.0, 0.7099282
20010.0, 0.70992494
20020.0, 0.7099217
20030.0, 0.7099185
20040.0, 0.7099153
20050.0, 0.70991206
20060.0, 0.70990884
20070.0, 0.7099056
20080.0, 0.7099024
20090.0, 0.70989925
20100.0, 0.709896
20110.0, 0.70989287
20120.0, 0.7098897
20130.0, 0.7098865
20140.0, 0.70988333
20150.0, 0.7098802
20160.0, 0.7098771
20170.0, 0.7098739
20180.0, 0.70987076
20190.0, 0.70986766
20200.0, 0.7098645
20210.0, 0.7098614
20220.0, 0.7098583
20230.0, 0.7098552
20240.0, 0.7098521
20250.0, 0.709849
20260.0, 0.7098459
20270.0, 0.7098428
20280.0, 0.70983976
20290.0, 0.70983666
20300.0, 0.7098336
20310.0, 0.7098306
20320.0, 0.7098275
20330.0, 0.70982444
20340.0, 0.7098214
20350.0, 0.70981836
20360.0, 0.7098153
20370.0, 0.70981234
20380.0, 0.7098093
20390.0, 0.7098063
20400.0, 0.7098033
20410.0, 0.7098003
20420.0, 0.7097973
20430.0, 0.70979434
20440.0, 0.70979136
20450.0, 0.7097884
20460.0, 0.7097854
20470.0, 0.7097824
20480.0, 0.7097795
20490.0, 0.7097765
20500.0, 0.7097736
20510.0, 0.7097707
20520.0, 0.7097677
20530.0, 0.7097648
20540.0, 0.70976186
20550.0, 0.70975894
20560.0, 0.709756
20570.0, 0.70975316
20580.0, 0.70975024
20590.0, 0.7097474
20600.0, 0.70974445
20610.0, 0.7097416
20620.0, 0.70973873
20630.0, 0.7097359
20640.0, 0.70973295
20650.0, 0.7097301
20660.0, 0.7097273
20670.0, 0.7097244
20680.0, 0.70972157
20690.0, 0.70971876
20700.0, 0.7097159
20710.0, 0.7097131
20720.0, 0.70971024
20730.0, 0.70970744
20740.0, 0.70970464
20750.0, 0.70970184
20760.0, 0.70969903
20770.0, 0.70969623
20780.0, 0.7096935
20790.0, 0.7096907
20800.0, 0.7096879
20810.0, 0.70968515
20820.0, 0.7096824
20830.0, 0.7096796
20840.0, 0.70967686
20850.0, 0.7096741
20860.0, 0.7096714
20870.0, 0.70966864
20880.0, 0.7096659
20890.0, 0.7096632
20900.0, 0.7096605
20910.0, 0.7096577
20920.0, 0.70965505
20930.0, 0.70965236
20940.0, 0.7096496
20950.0, 0.70964694
20960.0, 0.70964426
20970.0, 0.7096416
20980.0, 0.7096389
20990.0, 0.7096362
21000.0, 0.7096336
21010.0, 0.7096309
21020.0, 0.7096282
21030.0, 0.7096256
21040.0, 0.7096229
21050.0, 0.7096203
21060.0, 0.7096177
21070.0, 0.70961505
21080.0, 0.7096124
21090.0, 0.7096098
21100.0, 0.7096072
21110.0, 0.70960456
21120.0, 0.709602
21130.0, 0.7095994
21140.0, 0.7095968
21150.0, 0.7095942
21160.0, 0.7095916
21170.0, 0.709589
21180.0, 0.70958644
21190.0, 0.7095839
21200.0, 0.7095813
21210.0, 0.70957875
21220.0, 0.7095762
21230.0, 0.7095737
21240.0, 0.7095711
21250.0, 0.70956856
21260.0, 0.70956606
21270.0, 0.7095635
21280.0, 0.709561
21290.0, 0.7095585
21300.0, 0.709556
21310.0, 0.7095535
21320.0, 0.709551
21330.0, 0.7095485
21340.0, 0.70954597
21350.0, 0.70954347
21360.0, 0.70954096
21370.0, 0.7095385
21380.0, 0.709536
21390.0, 0.7095336
21400.0, 0.7095311
21410.0, 0.7095287
21420.0, 0.7095262
21430.0, 0.70952374
21440.0, 0.7095213
21450.0, 0.70951885
21460.0, 0.7095164
21470.0, 0.709514
21480.0, 0.7095116
21490.0, 0.70950913
21500.0, 0.70950675
21510.0, 0.70950437
21520.0, 0.7095019
21530.0, 0.70949954
21540.0, 0.70949715
21550.0, 0.70949477
21560.0, 0.7094923
21570.0, 0.70949
21580.0, 0.7094876
21590.0, 0.70948523
21600.0, 0.70948285
21610.0, 0.70948046
21620.0, 0.70947814
21630.0, 0.70947576
21640.0, 0.70947343
21650.0, 0.7094711
21660.0, 0.7094687
21670.0, 0.7094664
21680.0, 0.7094641
21690.0, 0.70946175
21700.0, 0.7094594
21710.0, 0.7094571
21720.0, 0.70945483
21730.0, 0.7094525
21740.0, 0.7094502
21750.0, 0.7094479
21760.0, 0.7094456
21770.0, 0.70944333
21780.0, 0.70944107
21790.0, 0.70943874
21800.0, 0.7094365
21810.0, 0.7094342
21820.0, 0.70943195
21830.0, 0.7094297
21840.0, 0.7094274
21850.0, 0.70942515
21860.0, 0.70942295
21870.0, 0.7094207
21880.0, 0.7094184
21890.0, 0.7094162
21900.0, 0.70941395
21910.0, 0.70941174
21920.0, 0.70940953
21930.0, 0.7094073
21940.0, 0.70940506
21950.0, 0.70940286
21960.0, 0.70940065
21970.0, 0.70939845
21980.0, 0.7093963
21990.0, 0.7093941
22000.0, 0.7093919
22010.0, 0.70938975
22020.0, 0.70938754
22030.0, 0.7093854
22040.0, 0.7093832
22050.0, 0.70938104
22060.0, 0.7093789
22070.0, 0.7093767
22080.0, 0.70937455
22090.0, 0.7093724
22100.0, 0.70937026
22110.0, 0.7093681
22120.0, 0.709366
22130.0, 0.7093639
22140.0, 0.70936173
22150.0, 0.7093596
22160.0, 0.7093575
22170.0, 0.70935535
22180.0, 0.70935327
22190.0, 0.7093512
22200.0, 0.7093491
22210.0, 0.70934695
22220.0, 0.70934486
22230.0, 0.7093428
22240.0, 0.7093407
22250.0, 0.7093386
22260.0, 0.7093365
22270.0, 0.7093345
22280.0, 0.7093324
22290.0, 0.7093303
22300.0, 0.7093283
22310.0, 0.7093262
22320.0, 0.7093242
22330.0, 0.7093221
22340.0, 0.70932007
22350.0, 0.70931804
22360.0, 0.709316
22370.0, 0.709314
22380.0, 0.70931196
22390.0, 0.70930994
22400.0, 0.7093079
22410.0, 0.7093059
22420.0, 0.70930386
22430.0, 0.7093018
22440.0, 0.70929986
22450.0, 0.70929784
22460.0, 0.70929587
22470.0, 0.70929384
22480.0, 0.7092919
22490.0, 0.7092899
22500.0, 0.70928794
22510.0, 0.7092859
22520.0, 0.70928395
22530.0, 0.709282
22540.0, 0.70928
22550.0, 0.70927805
22560.0, 0.70927614
22570.0, 0.7092742
22580.0, 0.7092722
22590.0, 0.70927024
22600.0, 0.70926833
22610.0, 0.70926636
22620.0, 0.70926446
22630.0, 0.7092625
22640.0, 0.7092606
22650.0, 0.7092587
22660.0, 0.70925677
22670.0, 0.70925486
22680.0, 0.70925295
22690.0, 0.70925105
22700.0, 0.70924914
22710.0, 0.70924723
22720.0, 0.7092453
22730.0, 0.7092434
22740.0, 0.70924157
22750.0, 0.70923966
22760.0, 0.70923775
22770.0, 0.7092359
22780.0, 0.70923406
22790.0, 0.70923215
22800.0, 0.7092303
22810.0, 0.70922846
22820.0, 0.7092266
22830.0, 0.7092247
22840.0, 0.70922285
22850.0, 0.709221
22860.0, 0.70921916
22870.0, 0.70921737
22880.0, 0.7092155
22890.0, 0.7092137
22900.0, 0.7092118
22910.0, 0.70921004
22920.0, 0.7092082
22930.0, 0.7092064
22940.0, 0.70920455
22950.0, 0.70920277
22960.0, 0.7092009
22970.0, 0.70919913
22980.0, 0.70919734
22990.0, 0.70919555
23000.0, 0.70919377
23010.0, 0.709192
23020.0, 0.7091902
23030.0, 0.7091884
23040.0, 0.7091866
23050.0, 0.7091848
23060.0, 0.7091831
23070.0, 0.7091813
23080.0, 0.7091795
23090.0, 0.7091778
23100.0, 0.709176
23110.0, 0.7091743
23120.0, 0.70917255
23130.0, 0.70917076
23140.0, 0.70916903
23150.0, 0.7091673
23160.0, 0.7091656
23170.0, 0.7091638
23180.0, 0.70916206
23190.0, 0.7091604
23200.0, 0.70915866
23210.0, 0.70915693
23220.0, 0.7091552
23230.0, 0.7091535
23240.0, 0.7091518
23250.0, 0.7091501
23260.0, 0.70914835
23270.0, 0.7091467
23280.0, 0.709145
23290.0, 0.7091433
23300.0, 0.7091416
23310.0, 0.7091399
23320.0, 0.7091382
23330.0, 0.70913655
23340.0, 0.7091349
23350.0, 0.7091332
23360.0, 0.70913154
23370.0, 0.70912987
23380.0, 0.7091282
23390.0, 0.70912653
23400.0, 0.70912486
23410.0, 0.70912325
23420.0, 0.7091216
23430.0, 0.7091199
23440.0, 0.7091183
23450.0, 0.70911664
23460.0, 0.709115
23470.0, 0.70911336
23480.0, 0.70911175
23490.0, 0.70911014
23500.0, 0.70910853
23510.0, 0.70910686
23520.0, 0.70910525
23530.0, 0.70910364
23540.0, 0.70910203
23550.0, 0.7091004
23560.0, 0.7090988
23570.0, 0.7090972
23580.0, 0.70909566
23590.0, 0.70909405
23600.0, 0.70909244
23610.0, 0.7090909
23620.0, 0.7090893
23630.0, 0.70908767
23640.0, 0.7090861
23650.0, 0.7090846
23660.0, 0.70908296
23670.0, 0.7090814
23680.0, 0.70907986
23690.0, 0.70907825
23700.0, 0.7090767
23710.0, 0.70907515
23720.0, 0.7090736
23730.0, 0.70907205
23740.0, 0.7090705
23750.0, 0.70906895
23760.0, 0.7090674
23770.0, 0.70906585
23780.0, 0.70906436
23790.0, 0.7090628
23800.0, 0.70906126
23810.0, 0.7090598
23820.0, 0.7090582
23830.0, 0.70905674
23840.0, 0.7090552
23850.0, 0.7090537
23860.0, 0.7090522
23870.0, 0.70905066
23880.0, 0.70904917
23890.0, 0.7090477
23900.0, 0.7090462
23910.0, 0.7090447
23920.0, 0.70904315
23930.0, 0.70904166
23940.0, 0.70904016
23950.0, 0.70903873
23960.0, 0.70903724
23970.0, 0.70903575
23980.0, 0.70903426
23990.0, 0.7090328
24000.0, 0.70903134
24010.0, 0.70902985
24020.0, 0.7090284
24030.0, 0.70902693
24040.0, 0.7090255
24050.0, 0.709024
24060.0, 0.7090226
24070.0, 0.70902115
24080.0, 0.70901966
24090.0, 0.70901823
24100.0, 0.7090168
24110.0, 0.70901537
24120.0, 0.70901394
24130.0, 0.7090125
24140.0, 0.7090111
24150.0, 0.70900965
24160.0, 0.7090082
24170.0, 0.7090068
24180.0, 0.70900536
24190.0, 0.709004
24200.0, 0.70900255
24210.0, 0.7090011
24220.0, 0.70899975
24230.0, 0.7089983
24240.0, 0.70899695
24250.0, 0.7089955
24260.0, 0.70899415
24270.0, 0.7089927
24280.0, 0.70899135
24290.0, 0.70899
24300.0, 0.70898855
24310.0, 0.7089872
24320.0, 0.7089858
24330.0, 0.70898443
24340.0, 0.70898306
24350.0, 0.7089817
24360.0, 0.7089803
24370.0, 0.70897895
24380.0, 0.7089776
24390.0, 0.70897627
24400.0, 0.7089749
24410.0, 0.7089735
24420.0, 0.70897216
24430.0, 0.70897084
24440.0, 0.7089695
24450.0, 0.70896816
24460.0, 0.7089668
24470.0, 0.7089655
24480.0, 0.7089641
24490.0, 0.7089628
24500.0, 0.7089615
24510.0, 0.7089601
24520.0, 0.7089588
24530.0, 0.7089575
24540.0, 0.7089562
24550.0, 0.7089549
24560.0, 0.70895356
24570.0, 0.70895225
24580.0, 0.70895094
24590.0, 0.7089496
24600.0, 0.7089483
24610.0, 0.708947
24620.0, 0.7089457
24630.0, 0.7089444
24640.0, 0.7089431
24650.0, 0.7089418
24660.0, 0.70894057
24670.0, 0.70893925
24680.0, 0.70893794
24690.0, 0.7089367
24700.0, 0.7089354
24710.0, 0.7089341
24720.0, 0.7089329
24730.0, 0.70893157
24740.0, 0.7089303
24750.0, 0.70892906
24760.0, 0.7089278
24770.0, 0.70892656
24780.0, 0.70892525
24790.0, 0.708924
24800.0, 0.70892274
24810.0, 0.7089215
24820.0, 0.70892024
24830.0, 0.70891905
24840.0, 0.7089178
24850.0, 0.70891654
24860.0, 0.7089153
24870.0, 0.70891404
24880.0, 0.70891285
24890.0, 0.7089116
24900.0, 0.70891035
24910.0, 0.70890915
24920.0, 0.7089079
24930.0, 0.7089067
24940.0, 0.70890546
24950.0, 0.70890427
24960.0, 0.708903
24970.0, 0.7089018
24980.0, 0.70890063
24990.0, 0.70889944
25000.0, 0.7088982
25010.0, 0.708897
25020.0, 0.7088958
25030.0, 0.7088946
25040.0, 0.7088934
25050.0, 0.7088922
25060.0, 0.70889103
25070.0, 0.70888984
25080.0, 0.70888865
25090.0, 0.7088875
25100.0, 0.7088863
25110.0, 0.70888513
25120.0, 0.70888394
25130.0, 0.7088828
25140.0, 0.7088816
25150.0, 0.7088804
25160.0, 0.7088793
25170.0, 0.7088781
25180.0, 0.70887697
25190.0, 0.7088758
25200.0, 0.70887464
25210.0, 0.70887345
25220.0, 0.7088723
25230.0, 0.7088712
25240.0, 0.70887005
25250.0, 0.70886886
25260.0, 0.7088677
25270.0, 0.7088666
25280.0, 0.70886546
25290.0, 0.70886433
25300.0, 0.7088632
25310.0, 0.70886207
25320.0, 0.70886093
25330.0, 0.7088598
25340.0, 0.70885867
25350.0, 0.70885754
25360.0, 0.7088564
25370.0, 0.70885533
25380.0, 0.7088542
25390.0, 0.70885307
25400.0, 0.708852
25410.0, 0.70885086
25420.0, 0.7088497
25430.0, 0.70884866
25440.0, 0.7088475
25450.0, 0.70884645
25460.0, 0.7088453
25470.0, 0.70884424
25480.0, 0.7088432
25490.0, 0.70884204
25500.0, 0.70884097
25510.0, 0.7088399
25520.0, 0.7088388
25530.0, 0.7088377
25540.0, 0.7088366
25550.0, 0.70883554
25560.0, 0.70883447
25570.0, 0.7088334
25580.0, 0.7088323
25590.0, 0.70883125
25600.0, 0.7088302
25610.0, 0.7088291
25620.0, 0.70882803
25630.0, 0.708827
25640.0, 0.70882595
25650.0, 0.7088249
25660.0, 0.7088238
25670.0, 0.7088228
25680.0, 0.7088217
25690.0, 0.70882064
25700.0, 0.7088196
25710.0, 0.70881855
25720.0, 0.70881754
25730.0, 0.70881647
25740.0, 0.70881546
25750.0, 0.70881444
25760.0, 0.70881337
25770.0, 0.70881236
25780.0, 0.7088113
25790.0, 0.70881027
25800.0, 0.70880926
25810.0, 0.70880824
25820.0, 0.70880723
25830.0, 0.7088062
25840.0, 0.70880514
25850.0, 0.70880413
25860.0, 0.7088031
25870.0, 0.7088021
25880.0, 0.7088011
25890.0, 0.7088001
25900.0, 0.7087991
25910.0, 0.7087981
25920.0, 0.7087971
25930.0, 0.7087961
25940.0, 0.7087951
25950.0, 0.7087941
25960.0, 0.7087931
25970.0, 0.7087921
25980.0, 0.70879114
25990.0, 0.7087901
26000.0, 0.70878917
26010.0, 0.70878816
26020.0, 0.7087872
26030.0, 0.7087862
26040.0, 0.70878524
26050.0, 0.7087842
26060.0, 0.70878327
26070.0, 0.7087823
26080.0, 0.7087813
26090.0, 0.70878035
26100.0, 0.7087794
26110.0, 0.70877844
26120.0, 0.7087775
26130.0, 0.7087765
26140.0, 0.7087755
26150.0, 0.70877457
26160.0, 0.7087736
26170.0, 0.70877266
26180.0, 0.7087717
26190.0, 0.70877075
26200.0, 0.7087698
26210.0, 0.70876884
26220.0, 0.70876795
26230.0, 0.708767
26240.0, 0.70876604
26250.0, 0.7087651
26260.0, 0.7087642
26270.0, 0.70876324
26280.0, 0.7087623
26290.0, 0.7087614
26300.0, 0.70876044
26310.0, 0.7087595
26320.0, 0.7087586
26330.0, 0.70875764
26340.0, 0.70875674
26350.0, 0.70875585
26360.0, 0.7087549
26370.0, 0.708754
26380.0, 0.70875305
26390.0, 0.70875216
26400.0, 0.70875126
26410.0, 0.70875037
26420.0, 0.7087494
26430.0, 0.7087485
26440.0, 0.7087476
26450.0, 0.70874673
26460.0, 0.70874584
26470.0, 0.70874494
26480.0, 0.70874405
26490.0, 0.70874316
26500.0, 0.70874226
26510.0, 0.70874137
26520.0, 0.7087405
26530.0, 0.7087396
26540.0, 0.7087387
26550.0, 0.7087378
26560.0, 0.7087369
26570.0, 0.70873606
26580.0, 0.70873517
26590.0, 0.7087343
26600.0, 0.7087334
26610.0, 0.70873255
26620.0, 0.70873165
26630.0, 0.7087308
26640.0, 0.7087299
26650.0, 0.7087291
26660.0, 0.7087282
26670.0, 0.7087273
26680.0, 0.70872647
26690.0, 0.70872563
26700.0, 0.70872474
26710.0, 0.7087239
26720.0, 0.70872307
26730.0, 0.7087222
26740.0, 0.70872134
26750.0, 0.7087205
26760.0, 0.7087196
26770.0, 0.7087188
26780.0, 0.70871794
26790.0, 0.7087171
26800.0, 0.7087163
26810.0, 0.70871544
26820.0, 0.7087146
26830.0, 0.70871377
26840.0, 0.7087129
26850.0, 0.7087121
26860.0, 0.70871127
26870.0, 0.70871043
26880.0, 0.7087096
26890.0, 0.70870876
26900.0, 0.7087079
26910.0, 0.7087071
26920.0, 0.7087063
26930.0, 0.7087055
26940.0, 0.70870465
26950.0, 0.7087038
26960.0, 0.70870304
26970.0, 0.7087022
26980.0, 0.7087014
26990.0, 0.7087006
27000.0, 0.70869976
27010.0, 0.708699
27020.0, 0.70869815
27030.0, 0.7086974
27040.0, 0.70869654
27050.0, 0.70869577
27060.0, 0.70869493
27070.0, 0.70869416
27080.0, 0.7086934
27090.0, 0.70869255
27100.0, 0.7086918
27110.0, 0.708691
27120.0, 0.7086902
27130.0, 0.70868945
27140.0, 0.7086886
27150.0, 0.70868784
27160.0, 0.70868707
27170.0, 0.7086863
27180.0, 0.7086855
27190.0, 0.70868474
27200.0, 0.70868397
27210.0, 0.7086832
27220.0, 0.7086824
27230.0, 0.70868164
27240.0, 0.70868087
27250.0, 0.7086801
27260.0, 0.7086793
27270.0, 0.70867854
27280.0, 0.70867777
27290.0, 0.70867705
27300.0, 0.7086763
27310.0, 0.7086755
27320.0, 0.7086747
27330.0, 0.708674
27340.0, 0.70867324
27350.0, 0.70867246
27360.0, 0.70867175
27370.0, 0.708671
27380.0, 0.70867026
27390.0, 0.7086695
27400.0, 0.7086687
27410.0, 0.708668
27420.0, 0.7086673
27430.0, 0.7086665
27440.0, 0.7086658
27450.0, 0.708665
27460.0, 0.7086643
27470.0, 0.7086636
27480.0, 0.7086628
27490.0, 0.7086621
27500.0, 0.7086614
27510.0, 0.70866066
27520.0, 0.7086599
27530.0, 0.7086592
27540.0, 0.70865846
27550.0, 0.70865774
27560.0, 0.70865697
27570.0, 0.70865625
27580.0, 0.70865554
27590.0, 0.7086548
27600.0, 0.7086541
27610.0, 0.7086534
27620.0, 0.7086527
27630.0, 0.70865196
27640.0, 0.70865124
27650.0, 0.7086506
27660.0, 0.7086499
27670.0, 0.70864916
27680.0, 0.70864844
27690.0, 0.7086477
27700.0, 0.708647
27710.0, 0.7086463
27720.0, 0.70864564
27730.0, 0.7086449
27740.0, 0.7086442
27750.0, 0.70864356
27760.0, 0.70864284
27770.0, 0.7086421
27780.0, 0.70864147
27790.0, 0.70864075
27800.0, 0.7086401
27810.0, 0.7086394
27820.0, 0.7086387
27830.0, 0.708638
27840.0, 0.70863736
27850.0, 0.70863664
27860.0, 0.708636
27870.0, 0.7086353
27880.0, 0.7086346
27890.0, 0.70863396
27900.0, 0.70863324
27910.0, 0.7086326
27920.0, 0.70863193
27930.0, 0.7086312
27940.0, 0.70863056
27950.0, 0.7086299
27960.0, 0.70862925
27970.0, 0.7086286
27980.0, 0.7086279
27990.0, 0.7086272
28000.0, 0.70862657
28010.0, 0.7086259
28020.0, 0.70862526
28030.0, 0.7086246
28040.0, 0.70862395
28050.0, 0.7086233
28060.0, 0.70862263
28070.0, 0.708622
28080.0, 0.7086213
28090.0, 0.70862067
28100.0, 0.70862
28110.0, 0.7086194
28120.0, 0.70861876
28130.0, 0.7086181
28140.0, 0.70861745
28150.0, 0.7086168
28160.0, 0.70861614
28170.0, 0.70861554
28180.0, 0.7086149
28190.0, 0.70861423
28200.0, 0.70861363
28210.0, 0.708613
28220.0, 0.7086123
28230.0, 0.7086117
28240.0, 0.7086111
28250.0, 0.7086105
28260.0, 0.7086098
28270.0, 0.7086092
28280.0, 0.70860857
28290.0, 0.7086079
28300.0, 0.7086073
28310.0, 0.7086067
28320.0, 0.70860606
28330.0, 0.70860547
28340.0, 0.7086048
28350.0, 0.7086042
28360.0, 0.7086036
28370.0, 0.70860296
28380.0, 0.70860237
28390.0, 0.7086018
28400.0, 0.7086012
28410.0, 0.7086005
28420.0, 0.7085999
28430.0, 0.7085993
28440.0, 0.70859873
28450.0, 0.70859814
28460.0, 0.7085975
28470.0, 0.7085969
28480.0, 0.7085963
28490.0, 0.7085957
28500.0, 0.7085951
28510.0, 0.7085945
28520.0, 0.7085939
28530.0, 0.7085933
28540.0, 0.7085927
28550.0, 0.7085921
28560.0, 0.7085915
28570.0, 0.7085909
28580.0, 0.7085904
28590.0, 0.70858973
28600.0, 0.7085892
28610.0, 0.7085886
28620.0, 0.708588
28630.0, 0.7085874
28640.0, 0.7085868
28650.0, 0.7085863
28660.0, 0.7085857
28670.0, 0.7085851
28680.0, 0.70858455
28690.0, 0.70858395
28700.0, 0.70858335
28710.0, 0.7085828
28720.0, 0.7085822
28730.0, 0.7085816
28740.0, 0.7085811
28750.0, 0.7085805
28760.0, 0.70857996
28770.0, 0.70857936
28780.0, 0.7085788
28790.0, 0.7085782
28800.0, 0.7085777
28810.0, 0.7085771
28820.0, 0.70857656
28830.0, 0.70857596
28840.0, 0.7085754
28850.0, 0.7085749
28860.0, 0.7085743
28870.0, 0.70857376
28880.0, 0.7085732
28890.0, 0.7085726
28900.0, 0.7085721
28910.0, 0.70857155
28920.0, 0.708571
28930.0, 0.7085704
28940.0, 0.7085699
28950.0, 0.70856935
28960.0, 0.7085688
28970.0, 0.7085682
28980.0, 0.70856774
28990.0, 0.70856714
29000.0, 0.7085666
29010.0, 0.70856607
29020.0, 0.70856553
29030.0, 0.708565
29040.0, 0.70856446
29050.0, 0.7085639
29060.0, 0.7085634
29070.0, 0.70856285
29080.0, 0.7085623
29090.0, 0.7085618
29100.0, 0.70856124
29110.0, 0.7085607
29120.0, 0.70856017
29130.0, 0.7085597
29140.0, 0.70855916
29150.0, 0.7085586
29160.0, 0.7085581
29170.0, 0.70855755
29180.0, 0.70855707
29190.0, 0.70855653
29200.0, 0.708556
29210.0, 0.70855546
29220.0, 0.708555
29230.0, 0.70855445
29240.0, 0.7085539
29250.0, 0.70855343
29260.0, 0.7085529
29270.0, 0.70855236
29280.0, 0.7085519
29290.0, 0.70855135
29300.0, 0.7085509
29310.0, 0.70855033
29320.0, 0.70854986
29330.0, 0.7085493
29340.0, 0.70854884
29350.0, 0.7085483
29360.0, 0.70854783
29370.0, 0.7085473
29380.0, 0.7085468
29390.0, 0.7085463
29400.0, 0.7085458
29410.0, 0.7085453
29420.0, 0.7085448
29430.0, 0.7085443
29440.0, 0.7085438
29450.0, 0.7085433
29460.0, 0.7085428
29470.0, 0.7085423
29480.0, 0.7085418
29490.0, 0.70854133
29500.0, 0.70854086
29510.0, 0.7085404
29520.0, 0.70853984
29530.0, 0.70853937
29540.0, 0.7085389
29550.0, 0.7085384
29560.0, 0.70853794
29570.0, 0.70853746
29580.0, 0.7085369
29590.0, 0.70853645
29600.0, 0.70853597
29610.0, 0.7085355
29620.0, 0.708535
29630.0, 0.70853454
29640.0, 0.70853406
29650.0, 0.7085336
29660.0, 0.7085331
29670.0, 0.70853263
29680.0, 0.70853215
29690.0, 0.7085317
29700.0, 0.70853126
29710.0, 0.7085308
29720.0, 0.7085303
29730.0, 0.70852983
29740.0, 0.70852935
29750.0, 0.7085289
29760.0, 0.7085284
29770.0, 0.7085279
29780.0, 0.7085275
29790.0, 0.708527
29800.0, 0.70852655
29810.0, 0.7085261
29820.0, 0.70852566
29830.0, 0.7085252
29840.0, 0.7085247
29850.0, 0.7085243
29860.0, 0.7085238
29870.0, 0.70852333
29880.0, 0.7085229
29890.0, 0.70852244
29900.0, 0.70852196
29910.0, 0.70852154
29920.0, 0.70852107
29930.0, 0.70852065
29940.0, 0.7085202
29950.0, 0.70851976
29960.0, 0.7085193
29970.0, 0.70851886
29980.0, 0.7085184
29990.0, 0.70851797
30000.0, 0.7085175
