Energy (in eV), backscattering yield of material alox-reduced-PEY at incidence 10.0 degree
   X,       Y
0.0, 0.0
10.0, 0.0
20.0, 0.0
30.0, 0.0
40.0, 0.0
50.0, 0.0
60.0, 0.015321208
70.0, 0.02799003
80.0, 0.038868047
90.0, 0.048403718
100.0, 0.056890532
110.0, 0.064533696
120.0, 0.07148295
130.0, 0.077851154
140.0, 0.08372556
150.0, 0.08917504
160.0, 0.09425493
170.0, 0.099010415
180.0, 0.10347879
190.0, 0.10769129
200.0, 0.11167429
210.0, 0.11545025
220.0, 0.119038545
230.0, 0.12245585
240.0, 0.12571679
250.0, 0.12883416
260.0, 0.13181919
270.0, 0.13468194
280.0, 0.13743125
290.0, 0.14007513
300.0, 0.14262071
310.0, 0.14507444
320.0, 0.14744215
330.0, 0.14972913
340.0, 0.15194023
350.0, 0.15407975
360.0, 0.15615185
370.0, 0.15816012
380.0, 0.160108
390.0, 0.16199863
400.0, 0.1638349
410.0, 0.16561948
420.0, 0.16735487
430.0, 0.16904339
440.0, 0.17068718
450.0, 0.17228827
460.0, 0.1738485
470.0, 0.17536962
480.0, 0.17685334
490.0, 0.17830117
500.0, 0.17971455
510.0, 0.18109483
520.0, 0.1824433
530.0, 0.18376122
540.0, 0.18504968
550.0, 0.1863098
560.0, 0.18754257
570.0, 0.18874897
580.0, 0.18992995
590.0, 0.1910863
600.0, 0.19221893
610.0, 0.19332862
620.0, 0.19441606
630.0, 0.19548205
640.0, 0.19652717
650.0, 0.19755211
660.0, 0.19855753
670.0, 0.19954397
680.0, 0.20051202
690.0, 0.20146222
700.0, 0.2023951
710.0, 0.20331107
720.0, 0.20421073
730.0, 0.20509446
740.0, 0.20596272
750.0, 0.20681588
760.0, 0.20765439
770.0, 0.20847866
780.0, 0.20928901
790.0, 0.21008582
800.0, 0.21086946
810.0, 0.21164022
820.0, 0.2123984
830.0, 0.21314439
840.0, 0.21387842
850.0, 0.21460079
860.0, 0.21531181
870.0, 0.21601169
880.0, 0.21670075
890.0, 0.21737915
900.0, 0.21804725
910.0, 0.21870519
920.0, 0.21935326
930.0, 0.21999161
940.0, 0.22062048
950.0, 0.2212401
960.0, 0.22185066
970.0, 0.22245234
980.0, 0.22304533
990.0, 0.2236298
1000.0, 0.22420594
1010.0, 0.22404109
1020.0, 0.22387655
1030.0, 0.22371235
1040.0, 0.22354847
1050.0, 0.22338492
1060.0, 0.2232217
1070.0, 0.22305879
1080.0, 0.22289622
1090.0, 0.22273396
1100.0, 0.22257203
1110.0, 0.22241043
1120.0, 0.22224914
1130.0, 0.22208816
1140.0, 0.22192751
1150.0, 0.22176717
1160.0, 0.22160716
1170.0, 0.22144747
1180.0, 0.2212881
1190.0, 0.22112903
1200.0, 0.22097029
1210.0, 0.22081186
1220.0, 0.22065374
1230.0, 0.22049595
1240.0, 0.22033846
1250.0, 0.22018129
1260.0, 0.22002444
1270.0, 0.21986787
1280.0, 0.21971163
1290.0, 0.2195557
1300.0, 0.2194001
1310.0, 0.2192448
1320.0, 0.21908979
1330.0, 0.2189351
1340.0, 0.21878071
1350.0, 0.21862663
1360.0, 0.21847285
1370.0, 0.2183194
1380.0, 0.21816623
1390.0, 0.21801338
1400.0, 0.21786082
1410.0, 0.21770857
1420.0, 0.21755663
1430.0, 0.21740499
1440.0, 0.21725363
1450.0, 0.21710259
1460.0, 0.21695185
1470.0, 0.2168014
1480.0, 0.21665128
1490.0, 0.21650143
1500.0, 0.21635188
1510.0, 0.21620262
1520.0, 0.21605366
1530.0, 0.21590501
1540.0, 0.21575664
1550.0, 0.21560858
1560.0, 0.21546079
1570.0, 0.21531332
1580.0, 0.21516614
1590.0, 0.21501924
1600.0, 0.21487263
1610.0, 0.21472633
1620.0, 0.21458031
1630.0, 0.21443456
1640.0, 0.21428913
1650.0, 0.21414398
1660.0, 0.21399912
1670.0, 0.21385454
1680.0, 0.21371025
1690.0, 0.21356626
1700.0, 0.21342254
1710.0, 0.21327911
1720.0, 0.21313597
1730.0, 0.21299312
1740.0, 0.21285053
1750.0, 0.21270823
1760.0, 0.21256624
1770.0, 0.2124245
1780.0, 0.21228306
1790.0, 0.2121419
1800.0, 0.21200101
1810.0, 0.2118604
1820.0, 0.21172008
1830.0, 0.21158004
1840.0, 0.21144027
1850.0, 0.21130078
1860.0, 0.21116158
1870.0, 0.21102263
1880.0, 0.21088398
1890.0, 0.2107456
1900.0, 0.21060748
1910.0, 0.21046965
1920.0, 0.2103321
1930.0, 0.21019481
1940.0, 0.2100578
1950.0, 0.20992105
1960.0, 0.20978458
1970.0, 0.20964839
1980.0, 0.20951246
1990.0, 0.20937681
2000.0, 0.20924142
2010.0, 0.2091063
2020.0, 0.20897144
2030.0, 0.20883687
2040.0, 0.20870255
2050.0, 0.20856851
2060.0, 0.20843475
2070.0, 0.20830122
2080.0, 0.20816797
2090.0, 0.20803499
2100.0, 0.20790227
2110.0, 0.20776981
2120.0, 0.20763762
2130.0, 0.20750569
2140.0, 0.20737402
2150.0, 0.20724262
2160.0, 0.20711148
2170.0, 0.2069806
2180.0, 0.20684998
2190.0, 0.20671962
2200.0, 0.2065895
2210.0, 0.20645966
2220.0, 0.20633008
2230.0, 0.20620075
2240.0, 0.20607167
2250.0, 0.20594287
2260.0, 0.2058143
2270.0, 0.205686
2280.0, 0.20555794
2290.0, 0.20543015
2300.0, 0.20530261
2310.0, 0.20517533
2320.0, 0.2050483
2330.0, 0.20492151
2340.0, 0.20479499
2350.0, 0.20466872
2360.0, 0.2045427
2370.0, 0.2044169
2380.0, 0.20429137
2390.0, 0.2041661
2400.0, 0.2040411
2410.0, 0.20391631
2420.0, 0.20379177
2430.0, 0.20366749
2440.0, 0.20354345
2450.0, 0.20341967
2460.0, 0.20329612
2470.0, 0.20317283
2480.0, 0.20304978
2490.0, 0.20292698
2500.0, 0.20280442
2510.0, 0.2026821
2520.0, 0.20256002
2530.0, 0.20243819
2540.0, 0.2023166
2550.0, 0.20219524
2560.0, 0.20207416
2570.0, 0.20195328
2580.0, 0.20183264
2590.0, 0.20171227
2600.0, 0.20159212
2610.0, 0.20147221
2620.0, 0.20135254
2630.0, 0.20123312
2640.0, 0.20111392
2650.0, 0.20099497
2660.0, 0.20087624
2670.0, 0.20075776
2680.0, 0.2006395
2690.0, 0.2005215
2700.0, 0.20040372
2710.0, 0.20028618
2720.0, 0.20016886
2730.0, 0.2000518
2740.0, 0.19993494
2750.0, 0.19981833
2760.0, 0.19970195
2770.0, 0.19958581
2780.0, 0.1994699
2790.0, 0.1993542
2800.0, 0.19923875
2810.0, 0.19912353
2820.0, 0.19900852
2830.0, 0.19889376
2840.0, 0.19877923
2850.0, 0.1986649
2860.0, 0.19855082
2870.0, 0.19843696
2880.0, 0.19832334
2890.0, 0.19820991
2900.0, 0.19809674
2910.0, 0.19798379
2920.0, 0.19787106
2930.0, 0.19775856
2940.0, 0.19764628
2950.0, 0.1975342
2960.0, 0.19742237
2970.0, 0.19731076
2980.0, 0.19719937
2990.0, 0.19708821
3000.0, 0.19697724
3010.0, 0.19686651
3020.0, 0.19675602
3030.0, 0.19664572
3040.0, 0.19653566
3050.0, 0.19642581
3060.0, 0.19631618
3070.0, 0.19620676
3080.0, 0.19609757
3090.0, 0.1959886
3100.0, 0.19587983
3110.0, 0.19577129
3120.0, 0.19566296
3130.0, 0.19555485
3140.0, 0.19544694
3150.0, 0.19533926
3160.0, 0.19523178
3170.0, 0.19512455
3180.0, 0.1950175
3190.0, 0.19491066
3200.0, 0.19480404
3210.0, 0.19469765
3220.0, 0.19459145
3230.0, 0.19448547
3240.0, 0.1943797
3250.0, 0.19427413
3260.0, 0.19416879
3270.0, 0.19406365
3280.0, 0.19395871
3290.0, 0.19385399
3300.0, 0.19374947
3310.0, 0.19364518
3320.0, 0.19354108
3330.0, 0.19343719
3340.0, 0.1933335
3350.0, 0.19323003
3360.0, 0.19312675
3370.0, 0.19302368
3380.0, 0.19292082
3390.0, 0.19281816
3400.0, 0.19271572
3410.0, 0.19261347
3420.0, 0.19251141
3430.0, 0.19240957
3440.0, 0.19230793
3450.0, 0.1922065
3460.0, 0.19210525
3470.0, 0.19200422
3480.0, 0.1919034
3490.0, 0.19180275
3500.0, 0.19170232
3510.0, 0.1916021
3520.0, 0.19150206
3530.0, 0.19140223
3540.0, 0.19130258
3550.0, 0.19120315
3560.0, 0.19110392
3570.0, 0.19100487
3580.0, 0.19090603
3590.0, 0.19080737
3600.0, 0.19070894
3610.0, 0.19061066
3620.0, 0.19051261
3630.0, 0.19041474
3640.0, 0.19031708
3650.0, 0.1902196
3660.0, 0.1901223
3670.0, 0.19002523
3680.0, 0.18992834
3690.0, 0.18983163
3700.0, 0.18973513
3710.0, 0.18963881
3720.0, 0.18954268
3730.0, 0.18944673
3740.0, 0.18935099
3750.0, 0.18925545
3760.0, 0.18916008
3770.0, 0.1890649
3780.0, 0.18896993
3790.0, 0.18887512
3800.0, 0.18878053
3810.0, 0.1886861
3820.0, 0.18859187
3830.0, 0.18849784
3840.0, 0.18840398
3850.0, 0.18831031
3860.0, 0.18821682
3870.0, 0.18812354
3880.0, 0.18803042
3890.0, 0.1879375
3900.0, 0.18784475
3910.0, 0.1877522
3920.0, 0.18765983
3930.0, 0.18756765
3940.0, 0.18747564
3950.0, 0.18738382
3960.0, 0.18729217
3970.0, 0.18720073
3980.0, 0.18710946
3990.0, 0.18701835
4000.0, 0.18692744
4010.0, 0.1868367
4020.0, 0.18674618
4030.0, 0.1866558
4040.0, 0.18656561
4050.0, 0.1864756
4060.0, 0.18638578
4070.0, 0.18629612
4080.0, 0.18620665
4090.0, 0.18611735
4100.0, 0.18602823
4110.0, 0.1859393
4120.0, 0.18585053
4130.0, 0.18576194
4140.0, 0.18567353
4150.0, 0.1855853
4160.0, 0.18549724
4170.0, 0.18540937
4180.0, 0.18532166
4190.0, 0.18523413
4200.0, 0.18514676
4210.0, 0.18505958
4220.0, 0.18497257
4230.0, 0.18488573
4240.0, 0.18479906
4250.0, 0.18471257
4260.0, 0.18462625
4270.0, 0.1845401
4280.0, 0.18445413
4290.0, 0.18436833
4300.0, 0.18428268
4310.0, 0.18419722
4320.0, 0.18411192
4330.0, 0.18402681
4340.0, 0.18394186
4350.0, 0.18385707
4360.0, 0.18377243
4370.0, 0.18368798
4380.0, 0.1836037
4390.0, 0.1835196
4400.0, 0.18343566
4410.0, 0.18335187
4420.0, 0.18326826
4430.0, 0.18318482
4440.0, 0.18310153
4450.0, 0.18301843
4460.0, 0.18293548
4470.0, 0.1828527
4480.0, 0.18277007
4490.0, 0.18268763
4500.0, 0.18260533
4510.0, 0.1825232
4520.0, 0.18244125
4530.0, 0.18235946
4540.0, 0.18227781
4550.0, 0.18219635
4560.0, 0.18211503
4570.0, 0.18203388
4580.0, 0.18195291
4590.0, 0.18187207
4600.0, 0.18179141
4610.0, 0.1817109
4620.0, 0.18163055
4630.0, 0.18155037
4640.0, 0.18147035
4650.0, 0.1813905
4660.0, 0.18131077
4670.0, 0.18123123
4680.0, 0.18115184
4690.0, 0.18107261
4700.0, 0.18099354
4710.0, 0.18091463
4720.0, 0.18083587
4730.0, 0.18075725
4740.0, 0.18067881
4750.0, 0.18060052
4760.0, 0.1805224
4770.0, 0.18044442
4780.0, 0.18036659
4790.0, 0.18028893
4800.0, 0.18021141
4810.0, 0.18013406
4820.0, 0.18005686
4830.0, 0.1799798
4840.0, 0.17990291
4850.0, 0.17982616
4860.0, 0.17974956
4870.0, 0.17967312
4880.0, 0.17959686
4890.0, 0.17952071
4900.0, 0.17944473
4910.0, 0.17936888
4920.0, 0.17929322
4930.0, 0.17921768
4940.0, 0.17914231
4950.0, 0.17906709
4960.0, 0.17899199
4970.0, 0.17891707
4980.0, 0.17884229
4990.0, 0.17876765
5000.0, 0.17869318
5010.0, 0.17861883
5020.0, 0.17854464
5030.0, 0.17847061
5040.0, 0.17839672
5050.0, 0.17832299
5060.0, 0.17824937
5070.0, 0.17817593
5080.0, 0.17810261
5090.0, 0.17802946
5100.0, 0.17795645
5110.0, 0.17788358
5120.0, 0.17781086
5130.0, 0.17773828
5140.0, 0.17766584
5150.0, 0.17759357
5160.0, 0.17752142
5170.0, 0.17744942
5180.0, 0.17737757
5190.0, 0.17730585
5200.0, 0.17723428
5210.0, 0.17716286
5220.0, 0.17709157
5230.0, 0.1770204
5240.0, 0.17694941
5250.0, 0.17687854
5260.0, 0.17680784
5270.0, 0.17673725
5280.0, 0.17666681
5290.0, 0.1765965
5300.0, 0.17652635
5310.0, 0.17645633
5320.0, 0.17638646
5330.0, 0.17631672
5340.0, 0.1762471
5350.0, 0.17617765
5360.0, 0.17610833
5370.0, 0.17603914
5380.0, 0.17597009
5390.0, 0.17590117
5400.0, 0.1758324
5410.0, 0.17576377
5420.0, 0.17569527
5430.0, 0.17562692
5440.0, 0.17555867
5450.0, 0.17549059
5460.0, 0.17542262
5470.0, 0.17535481
5480.0, 0.17528713
5490.0, 0.17521958
5500.0, 0.17515217
5510.0, 0.17508487
5520.0, 0.17501773
5530.0, 0.17495072
5540.0, 0.17488384
5550.0, 0.17481709
5560.0, 0.17475046
5570.0, 0.17468399
5580.0, 0.17461763
5590.0, 0.17455143
5600.0, 0.17448534
5610.0, 0.17441939
5620.0, 0.17435357
5630.0, 0.17428789
5640.0, 0.17422232
5650.0, 0.17415689
5660.0, 0.17409159
5670.0, 0.17402641
5680.0, 0.17396139
5690.0, 0.17389648
5700.0, 0.1738317
5710.0, 0.17376703
5720.0, 0.17370252
5730.0, 0.17363814
5740.0, 0.17357387
5750.0, 0.17350972
5760.0, 0.1734457
5770.0, 0.17338182
5780.0, 0.17331809
5790.0, 0.17325445
5800.0, 0.17319095
5810.0, 0.17312756
5820.0, 0.17306432
5830.0, 0.1730012
5840.0, 0.17293821
5850.0, 0.17287534
5860.0, 0.17281258
5870.0, 0.17274997
5880.0, 0.17268747
5890.0, 0.17262511
5900.0, 0.17256285
5910.0, 0.17250073
5920.0, 0.17243873
5930.0, 0.17237686
5940.0, 0.1723151
5950.0, 0.17225347
5960.0, 0.17219198
5970.0, 0.17213058
5980.0, 0.17206933
5990.0, 0.17200819
6000.0, 0.17194717
6010.0, 0.17188627
6020.0, 0.1718255
6030.0, 0.17176484
6040.0, 0.1717043
6050.0, 0.1716439
6060.0, 0.1715836
6070.0, 0.17152344
6080.0, 0.17146339
6090.0, 0.17140345
6100.0, 0.17134364
6110.0, 0.17128395
6120.0, 0.17122437
6130.0, 0.17116491
6140.0, 0.17110558
6150.0, 0.17104636
6160.0, 0.17098726
6170.0, 0.17092827
6180.0, 0.17086941
6190.0, 0.17081065
6200.0, 0.17075202
6210.0, 0.1706935
6220.0, 0.17063512
6230.0, 0.17057683
6240.0, 0.17051867
6250.0, 0.17046061
6260.0, 0.17040268
6270.0, 0.17034486
6280.0, 0.17028716
6290.0, 0.17022957
6300.0, 0.17017211
6310.0, 0.17011474
6320.0, 0.17005749
6330.0, 0.17000036
6340.0, 0.16994335
6350.0, 0.16988644
6360.0, 0.16982965
6370.0, 0.16977297
6380.0, 0.16971642
6390.0, 0.16965996
6400.0, 0.16960362
6410.0, 0.1695474
6420.0, 0.16949129
6430.0, 0.16943529
6440.0, 0.1693794
6450.0, 0.16932362
6460.0, 0.16926795
6470.0, 0.16921239
6480.0, 0.16915694
6490.0, 0.1691016
6500.0, 0.16904637
6510.0, 0.16899125
6520.0, 0.16893625
6530.0, 0.16888136
6540.0, 0.16882657
6550.0, 0.1687719
6560.0, 0.16871732
6570.0, 0.16866286
6580.0, 0.1686085
6590.0, 0.16855426
6600.0, 0.16850014
6610.0, 0.16844611
6620.0, 0.1683922
6630.0, 0.16833837
6640.0, 0.16828468
6650.0, 0.16823107
6660.0, 0.16817759
6670.0, 0.1681242
6680.0, 0.16807093
6690.0, 0.16801775
6700.0, 0.16796468
6710.0, 0.16791172
6720.0, 0.16785887
6730.0, 0.16780612
6740.0, 0.16775347
6750.0, 0.16770095
6760.0, 0.16764851
6770.0, 0.16759619
6780.0, 0.16754395
6790.0, 0.16749182
6800.0, 0.16743982
6810.0, 0.1673879
6820.0, 0.16733609
6830.0, 0.16728438
6840.0, 0.16723278
6850.0, 0.16718128
6860.0, 0.16712987
6870.0, 0.16707858
6880.0, 0.16702738
6890.0, 0.1669763
6900.0, 0.16692531
6910.0, 0.16687442
6920.0, 0.16682364
6930.0, 0.16677295
6940.0, 0.16672237
6950.0, 0.16667189
6960.0, 0.1666215
6970.0, 0.16657121
6980.0, 0.16652104
6990.0, 0.16647096
7000.0, 0.16642097
7010.0, 0.16637108
7020.0, 0.16632129
7030.0, 0.16627161
7040.0, 0.16622204
7050.0, 0.16617255
7060.0, 0.16612317
7070.0, 0.16607387
7080.0, 0.16602467
7090.0, 0.16597559
7100.0, 0.16592659
7110.0, 0.1658777
7120.0, 0.1658289
7130.0, 0.16578019
7140.0, 0.1657316
7150.0, 0.16568309
7160.0, 0.16563468
7170.0, 0.16558637
7180.0, 0.16553815
7190.0, 0.16549002
7200.0, 0.16544199
7210.0, 0.16539405
7220.0, 0.16534622
7230.0, 0.16529848
7240.0, 0.16525084
7250.0, 0.16520329
7260.0, 0.16515583
7270.0, 0.16510847
7280.0, 0.16506119
7290.0, 0.16501403
7300.0, 0.16496696
7310.0, 0.16491997
7320.0, 0.16487308
7330.0, 0.16482629
7340.0, 0.16477959
7350.0, 0.16473296
7360.0, 0.16468644
7370.0, 0.16464002
7380.0, 0.16459368
7390.0, 0.16454746
7400.0, 0.1645013
7410.0, 0.16445525
7420.0, 0.16440928
7430.0, 0.16436341
7440.0, 0.16431764
7450.0, 0.16427194
7460.0, 0.16422634
7470.0, 0.16418083
7480.0, 0.16413541
7490.0, 0.1640901
7500.0, 0.16404486
7510.0, 0.1639997
7520.0, 0.16395465
7530.0, 0.16390969
7540.0, 0.1638648
7550.0, 0.16382001
7560.0, 0.16377532
7570.0, 0.16373071
7580.0, 0.1636862
7590.0, 0.16364178
7600.0, 0.16359742
7610.0, 0.16355318
7620.0, 0.16350901
7630.0, 0.16346493
7640.0, 0.16342095
7650.0, 0.16337705
7660.0, 0.16333322
7670.0, 0.1632895
7680.0, 0.16324586
7690.0, 0.1632023
7700.0, 0.16315885
7710.0, 0.16311546
7720.0, 0.16307217
7730.0, 0.16302897
7740.0, 0.16298583
7750.0, 0.16294281
7760.0, 0.16289987
7770.0, 0.162857
7780.0, 0.16281421
7790.0, 0.16277152
7800.0, 0.16272892
7810.0, 0.1626864
7820.0, 0.16264395
7830.0, 0.1626016
7840.0, 0.16255933
7850.0, 0.16251716
7860.0, 0.16247506
7870.0, 0.16243304
7880.0, 0.16239111
7890.0, 0.16234925
7900.0, 0.1623075
7910.0, 0.1622658
7920.0, 0.16222422
7930.0, 0.16218269
7940.0, 0.16214126
7950.0, 0.16209991
7960.0, 0.16205865
7970.0, 0.16201746
7980.0, 0.16197637
7990.0, 0.16193534
8000.0, 0.1618944
8010.0, 0.16185354
8020.0, 0.16181275
8030.0, 0.16177207
8040.0, 0.16173145
8050.0, 0.16169094
8060.0, 0.16165046
8070.0, 0.1616101
8080.0, 0.1615698
8090.0, 0.1615296
8100.0, 0.16148946
8110.0, 0.16144942
8120.0, 0.16140945
8130.0, 0.16136956
8140.0, 0.16132975
8150.0, 0.16129002
8160.0, 0.16125037
8170.0, 0.16121079
8180.0, 0.16117129
8190.0, 0.16113187
8200.0, 0.16109255
8210.0, 0.16105329
8220.0, 0.1610141
8230.0, 0.160975
8240.0, 0.16093597
8250.0, 0.16089703
8260.0, 0.16085817
8270.0, 0.16081937
8280.0, 0.16078065
8290.0, 0.16074201
8300.0, 0.16070347
8310.0, 0.16066498
8320.0, 0.16062656
8330.0, 0.16058825
8340.0, 0.16054998
8350.0, 0.1605118
8360.0, 0.1604737
8370.0, 0.16043568
8380.0, 0.16039772
8390.0, 0.16035986
8400.0, 0.16032206
8410.0, 0.16028434
8420.0, 0.16024669
8430.0, 0.16020912
8440.0, 0.16017161
8450.0, 0.1601342
8460.0, 0.16009685
8470.0, 0.16005959
8480.0, 0.1600224
8490.0, 0.15998524
8500.0, 0.1599482
8510.0, 0.15991122
8520.0, 0.15987433
8530.0, 0.1598375
8540.0, 0.15980074
8550.0, 0.15976405
8560.0, 0.15972744
8570.0, 0.15969092
8580.0, 0.15965445
8590.0, 0.15961806
8600.0, 0.15958174
8610.0, 0.1595455
8620.0, 0.15950932
8630.0, 0.15947323
8640.0, 0.1594372
8650.0, 0.15940124
8660.0, 0.15936534
8670.0, 0.15932953
8680.0, 0.15929379
8690.0, 0.15925811
8700.0, 0.15922251
8710.0, 0.159187
8720.0, 0.15915154
8730.0, 0.15911615
8740.0, 0.15908082
8750.0, 0.15904558
8760.0, 0.15901041
8770.0, 0.15897529
8780.0, 0.15894027
8790.0, 0.1589053
8800.0, 0.1588704
8810.0, 0.15883557
8820.0, 0.15880081
8830.0, 0.15876612
8840.0, 0.1587315
8850.0, 0.15869696
8860.0, 0.15866248
8870.0, 0.15862808
8880.0, 0.15859373
8890.0, 0.15855946
8900.0, 0.15852524
8910.0, 0.1584911
8920.0, 0.15845703
8930.0, 0.15842302
8940.0, 0.15838909
8950.0, 0.15835522
8960.0, 0.15832144
8970.0, 0.15828769
8980.0, 0.15825404
8990.0, 0.15822043
9000.0, 0.15818691
9010.0, 0.15815343
9020.0, 0.15812004
9030.0, 0.15808672
9040.0, 0.15805346
9050.0, 0.15802026
9060.0, 0.15798713
9070.0, 0.15795407
9080.0, 0.15792106
9090.0, 0.15788813
9100.0, 0.15785526
9110.0, 0.15782246
9120.0, 0.1577897
9130.0, 0.15775706
9140.0, 0.15772444
9150.0, 0.1576919
9160.0, 0.15765943
9170.0, 0.157627
9180.0, 0.15759467
9190.0, 0.15756239
9200.0, 0.15753016
9210.0, 0.15749802
9220.0, 0.15746593
9230.0, 0.1574339
9240.0, 0.15740193
9250.0, 0.15737003
9260.0, 0.1573382
9270.0, 0.15730643
9280.0, 0.15727472
9290.0, 0.15724307
9300.0, 0.1572115
9310.0, 0.15718
9320.0, 0.15714853
9330.0, 0.15711713
9340.0, 0.1570858
9350.0, 0.15705454
9360.0, 0.15702333
9370.0, 0.1569922
9380.0, 0.15696111
9390.0, 0.1569301
9400.0, 0.15689912
9410.0, 0.15686823
9420.0, 0.15683742
9430.0, 0.15680665
9440.0, 0.15677592
9450.0, 0.15674527
9460.0, 0.1567147
9470.0, 0.15668416
9480.0, 0.1566537
9490.0, 0.15662329
9500.0, 0.15659295
9510.0, 0.15656267
9520.0, 0.15653245
9530.0, 0.15650228
9540.0, 0.15647218
9550.0, 0.15644214
9560.0, 0.15641215
9570.0, 0.15638223
9580.0, 0.15635237
9590.0, 0.15632257
9600.0, 0.15629281
9610.0, 0.15626314
9620.0, 0.1562335
9630.0, 0.15620394
9640.0, 0.15617444
9650.0, 0.15614499
9660.0, 0.15611559
9670.0, 0.15608627
9680.0, 0.156057
9690.0, 0.15602778
9700.0, 0.15599862
9710.0, 0.15596953
9720.0, 0.15594049
9730.0, 0.1559115
9740.0, 0.15588257
9750.0, 0.15585372
9760.0, 0.1558249
9770.0, 0.15579614
9780.0, 0.15576746
9790.0, 0.15573882
9800.0, 0.15571024
9810.0, 0.15568171
9820.0, 0.15565325
9830.0, 0.15562484
9840.0, 0.15559648
9850.0, 0.1555682
9860.0, 0.15553996
9870.0, 0.15551177
9880.0, 0.15548363
9890.0, 0.15545557
9900.0, 0.15542756
9910.0, 0.15539959
9920.0, 0.1553717
9930.0, 0.15534385
9940.0, 0.15531605
9950.0, 0.15528832
9960.0, 0.15526064
9970.0, 0.15523301
9980.0, 0.15520543
9990.0, 0.15517794
10000.0, 0.15515046
10010.0, 0.15512307
10020.0, 0.15509571
10030.0, 0.15506841
10040.0, 0.15504117
10050.0, 0.15501398
10060.0, 0.15498686
10070.0, 0.15495977
10080.0, 0.15493274
10090.0, 0.15490578
10100.0, 0.15487885
10110.0, 0.154852
10120.0, 0.1548252
10130.0, 0.15479843
10140.0, 0.15477173
10150.0, 0.15474507
10160.0, 0.15471847
10170.0, 0.15469193
10180.0, 0.15466544
10190.0, 0.15463899
10200.0, 0.15461263
10210.0, 0.15458629
10220.0, 0.15456
10230.0, 0.15453379
10240.0, 0.15450759
10250.0, 0.15448149
10260.0, 0.15445541
10270.0, 0.15442939
10280.0, 0.15440342
10290.0, 0.1543775
10300.0, 0.15435165
10310.0, 0.15432583
10320.0, 0.15430006
10330.0, 0.15427436
10340.0, 0.1542487
10350.0, 0.1542231
10360.0, 0.15419754
10370.0, 0.15417205
10380.0, 0.15414658
10390.0, 0.15412119
10400.0, 0.15409583
10410.0, 0.15407053
10420.0, 0.15404527
10430.0, 0.15402009
10440.0, 0.15399493
10450.0, 0.15396982
10460.0, 0.15394478
10470.0, 0.15391977
10480.0, 0.15389483
10490.0, 0.15386993
10500.0, 0.15384507
10510.0, 0.15382028
10520.0, 0.15379553
10530.0, 0.15377082
10540.0, 0.15374617
10550.0, 0.15372157
10560.0, 0.153697
10570.0, 0.1536725
10580.0, 0.15364805
10590.0, 0.15362364
10600.0, 0.15359928
10610.0, 0.15357497
10620.0, 0.15355071
10630.0, 0.1535265
10640.0, 0.15350233
10650.0, 0.1534782
10660.0, 0.15345414
10670.0, 0.15343013
10680.0, 0.15340614
10690.0, 0.15338223
10700.0, 0.15335834
10710.0, 0.15333451
10720.0, 0.15331073
10730.0, 0.15328701
10740.0, 0.15326332
10750.0, 0.15323968
10760.0, 0.15321608
10770.0, 0.15319254
10780.0, 0.15316904
10790.0, 0.15314558
10800.0, 0.15312217
10810.0, 0.15309882
10820.0, 0.15307552
10830.0, 0.15305224
10840.0, 0.15302902
10850.0, 0.15300585
10860.0, 0.15298273
10870.0, 0.15295964
10880.0, 0.15293661
10890.0, 0.15291362
10900.0, 0.15289067
10910.0, 0.15286778
10920.0, 0.15284494
10930.0, 0.15282212
10940.0, 0.15279937
10950.0, 0.15277664
10960.0, 0.152754
10970.0, 0.15273136
10980.0, 0.15270878
10990.0, 0.15268625
11000.0, 0.15266377
11010.0, 0.15264131
11020.0, 0.15261893
11030.0, 0.15259656
11040.0, 0.15257426
11050.0, 0.152552
11060.0, 0.15252976
11070.0, 0.15250759
11080.0, 0.15248546
11090.0, 0.15246338
11100.0, 0.15244132
11110.0, 0.15241933
11120.0, 0.15239736
11130.0, 0.15237546
11140.0, 0.15235358
11150.0, 0.15233177
11160.0, 0.15230998
11170.0, 0.15228824
11180.0, 0.15226656
11190.0, 0.15224491
11200.0, 0.1522233
11210.0, 0.15220173
11220.0, 0.15218022
11230.0, 0.15215874
11240.0, 0.1521373
11250.0, 0.15211591
11260.0, 0.15209456
11270.0, 0.15207325
11280.0, 0.15205199
11290.0, 0.15203077
11300.0, 0.15200958
11310.0, 0.15198845
11320.0, 0.15196735
11330.0, 0.15194629
11340.0, 0.15192528
11350.0, 0.15190431
11360.0, 0.1518834
11370.0, 0.15186249
11380.0, 0.15184164
11390.0, 0.15182084
11400.0, 0.15180008
11410.0, 0.15177937
11420.0, 0.15175869
11430.0, 0.15173805
11440.0, 0.15171745
11450.0, 0.15169689
11460.0, 0.15167639
11470.0, 0.15165591
11480.0, 0.15163548
11490.0, 0.15161508
11500.0, 0.15159474
11510.0, 0.15157443
11520.0, 0.15155415
11530.0, 0.15153393
11540.0, 0.15151374
11550.0, 0.15149361
11560.0, 0.15147349
11570.0, 0.15145342
11580.0, 0.1514334
11590.0, 0.15141341
11600.0, 0.15139344
11610.0, 0.15137355
11620.0, 0.15135369
11630.0, 0.15133384
11640.0, 0.15131405
11650.0, 0.1512943
11660.0, 0.1512746
11670.0, 0.15125494
11680.0, 0.1512353
11690.0, 0.15121572
11700.0, 0.15119615
11710.0, 0.15117665
11720.0, 0.15115717
11730.0, 0.15113772
11740.0, 0.15111834
11750.0, 0.15109897
11760.0, 0.15107964
11770.0, 0.15106036
11780.0, 0.15104114
11790.0, 0.15102193
11800.0, 0.15100275
11810.0, 0.15098362
11820.0, 0.15096453
11830.0, 0.15094548
11840.0, 0.15092647
11850.0, 0.15090749
11860.0, 0.15088856
11870.0, 0.15086965
11880.0, 0.15085079
11890.0, 0.15083195
11900.0, 0.15081318
11910.0, 0.15079443
11920.0, 0.15077572
11930.0, 0.15075704
11940.0, 0.1507384
11950.0, 0.1507198
11960.0, 0.15070122
11970.0, 0.1506827
11980.0, 0.15066423
11990.0, 0.15064576
12000.0, 0.15062734
12010.0, 0.15060897
12020.0, 0.15059063
12030.0, 0.15057233
12040.0, 0.15055406
12050.0, 0.15053582
12060.0, 0.15051763
12070.0, 0.15049948
12080.0, 0.15048134
12090.0, 0.15046325
12100.0, 0.1504452
12110.0, 0.15042719
12120.0, 0.1504092
12130.0, 0.15039127
12140.0, 0.15037337
12150.0, 0.15035549
12160.0, 0.15033764
12170.0, 0.15031984
12180.0, 0.15030208
12190.0, 0.15028435
12200.0, 0.15026666
12210.0, 0.15024899
12220.0, 0.15023138
12230.0, 0.1502138
12240.0, 0.15019622
12250.0, 0.15017872
12260.0, 0.15016124
12270.0, 0.15014377
12280.0, 0.15012637
12290.0, 0.150109
12300.0, 0.15009165
12310.0, 0.15007433
12320.0, 0.15005706
12330.0, 0.15003982
12340.0, 0.15002261
12350.0, 0.15000544
12360.0, 0.14998831
12370.0, 0.1499712
12380.0, 0.14995413
12390.0, 0.1499371
12400.0, 0.14992009
12410.0, 0.14990313
12420.0, 0.14988619
12430.0, 0.1498693
12440.0, 0.14985242
12450.0, 0.1498356
12460.0, 0.1498188
12470.0, 0.14980204
12480.0, 0.14978531
12490.0, 0.1497686
12500.0, 0.14975195
12510.0, 0.1497353
12520.0, 0.14971872
12530.0, 0.14970213
12540.0, 0.1496856
12550.0, 0.14966913
12560.0, 0.14965264
12570.0, 0.14963621
12580.0, 0.14961982
12590.0, 0.14960344
12600.0, 0.14958711
12610.0, 0.14957081
12620.0, 0.14955454
12630.0, 0.14953831
12640.0, 0.14952208
12650.0, 0.14950591
12660.0, 0.14948978
12670.0, 0.14947367
12680.0, 0.14945759
12690.0, 0.14944156
12700.0, 0.14942554
12710.0, 0.14940956
12720.0, 0.14939362
12730.0, 0.1493777
12740.0, 0.14936182
12750.0, 0.14934596
12760.0, 0.14933014
12770.0, 0.14931434
12780.0, 0.1492986
12790.0, 0.14928287
12800.0, 0.14926717
12810.0, 0.1492515
12820.0, 0.14923587
12830.0, 0.14922027
12840.0, 0.1492047
12850.0, 0.14918916
12860.0, 0.14917366
12870.0, 0.14915818
12880.0, 0.14914273
12890.0, 0.1491273
12900.0, 0.14911193
12910.0, 0.14909658
12920.0, 0.14908125
12930.0, 0.14906596
12940.0, 0.1490507
12950.0, 0.14903547
12960.0, 0.14902027
12970.0, 0.1490051
12980.0, 0.14898996
12990.0, 0.14897485
13000.0, 0.14895977
13010.0, 0.1489447
13020.0, 0.14892969
13030.0, 0.1489147
13040.0, 0.14889975
13050.0, 0.14888482
13060.0, 0.14886992
13070.0, 0.14885505
13080.0, 0.1488402
13090.0, 0.14882539
13100.0, 0.14881061
13110.0, 0.14879586
13120.0, 0.14878114
13130.0, 0.14876644
13140.0, 0.14875177
13150.0, 0.14873715
13160.0, 0.14872254
13170.0, 0.14870796
13180.0, 0.14869341
13190.0, 0.1486789
13200.0, 0.1486644
13210.0, 0.14864995
13220.0, 0.1486355
13230.0, 0.14862111
13240.0, 0.14860673
13250.0, 0.1485924
13260.0, 0.14857808
13270.0, 0.14856379
13280.0, 0.14854953
13290.0, 0.1485353
13300.0, 0.1485211
13310.0, 0.14850691
13320.0, 0.14849277
13330.0, 0.14847866
13340.0, 0.14846458
13350.0, 0.1484505
13360.0, 0.14843647
13370.0, 0.14842246
13380.0, 0.14840849
13390.0, 0.14839454
13400.0, 0.14838062
13410.0, 0.14836672
13420.0, 0.14835285
13430.0, 0.14833902
13440.0, 0.1483252
13450.0, 0.14831142
13460.0, 0.14829767
13470.0, 0.14828394
13480.0, 0.14827025
13490.0, 0.14825657
13500.0, 0.14824292
13510.0, 0.1482293
13520.0, 0.14821571
13530.0, 0.14820214
13540.0, 0.1481886
13550.0, 0.1481751
13560.0, 0.1481616
13570.0, 0.14814816
13580.0, 0.14813472
13590.0, 0.14812133
13600.0, 0.14810796
13610.0, 0.1480946
13620.0, 0.14808129
13630.0, 0.14806798
13640.0, 0.1480547
13650.0, 0.14804147
13660.0, 0.14802824
13670.0, 0.14801507
13680.0, 0.14800191
13690.0, 0.14798875
13700.0, 0.14797565
13710.0, 0.14796256
13720.0, 0.1479495
13730.0, 0.14793648
13740.0, 0.14792347
13750.0, 0.14791048
13760.0, 0.14789753
13770.0, 0.1478846
13780.0, 0.1478717
13790.0, 0.14785883
13800.0, 0.14784595
13810.0, 0.14783314
13820.0, 0.14782034
13830.0, 0.14780757
13840.0, 0.14779481
13850.0, 0.14778209
13860.0, 0.14776939
13870.0, 0.14775671
13880.0, 0.14774407
13890.0, 0.14773144
13900.0, 0.14771885
13910.0, 0.14770627
13920.0, 0.14769372
13930.0, 0.1476812
13940.0, 0.14766872
13950.0, 0.14765623
13960.0, 0.14764379
13970.0, 0.14763136
13980.0, 0.14761898
13990.0, 0.1476066
14000.0, 0.14759424
14010.0, 0.14758193
14020.0, 0.14756963
14030.0, 0.14755735
14040.0, 0.1475451
14050.0, 0.14753287
14060.0, 0.14752068
14070.0, 0.1475085
14080.0, 0.14749636
14090.0, 0.14748421
14100.0, 0.14747211
14110.0, 0.14746003
14120.0, 0.14744797
14130.0, 0.14743593
14140.0, 0.14742394
14150.0, 0.14741196
14160.0, 0.14739999
14170.0, 0.14738806
14180.0, 0.14737615
14190.0, 0.14736426
14200.0, 0.1473524
14210.0, 0.14734055
14220.0, 0.14732873
14230.0, 0.14731695
14240.0, 0.14730516
14250.0, 0.14729342
14260.0, 0.1472817
14270.0, 0.14727001
14280.0, 0.14725833
14290.0, 0.14724667
14300.0, 0.14723505
14310.0, 0.14722344
14320.0, 0.14721186
14330.0, 0.1472003
14340.0, 0.14718875
14350.0, 0.14717725
14360.0, 0.14716575
14370.0, 0.14715429
14380.0, 0.14714283
14390.0, 0.14713141
14400.0, 0.14712003
14410.0, 0.14710864
14420.0, 0.14709729
14430.0, 0.14708595
14440.0, 0.14707464
14450.0, 0.14706336
14460.0, 0.1470521
14470.0, 0.14704084
14480.0, 0.14702964
14490.0, 0.14701843
14500.0, 0.14700726
14510.0, 0.14699611
14520.0, 0.14698498
14530.0, 0.14697388
14540.0, 0.14696279
14550.0, 0.14695174
14560.0, 0.1469407
14570.0, 0.14692968
14580.0, 0.14691867
14590.0, 0.1469077
14600.0, 0.14689673
14610.0, 0.14688581
14620.0, 0.14687492
14630.0, 0.14686401
14640.0, 0.14685315
14650.0, 0.1468423
14660.0, 0.14683148
14670.0, 0.1468207
14680.0, 0.1468099
14690.0, 0.14679915
14700.0, 0.1467884
14710.0, 0.1467777
14720.0, 0.146767
14730.0, 0.14675634
14740.0, 0.14674568
14750.0, 0.14673504
14760.0, 0.14672445
14770.0, 0.14671385
14780.0, 0.14670329
14790.0, 0.14669275
14800.0, 0.14668222
14810.0, 0.14667173
14820.0, 0.14666124
14830.0, 0.14665078
14840.0, 0.14664035
14850.0, 0.14662991
14860.0, 0.14661951
14870.0, 0.14660914
14880.0, 0.14659879
14890.0, 0.14658846
14900.0, 0.14657815
14910.0, 0.14656784
14920.0, 0.14655757
14930.0, 0.1465473
14940.0, 0.14653708
14950.0, 0.14652687
14960.0, 0.14651668
14970.0, 0.1465065
14980.0, 0.14649636
14990.0, 0.14648622
15000.0, 0.1464761
15010.0, 0.14646602
15020.0, 0.14645594
15030.0, 0.1464459
15040.0, 0.14643587
15050.0, 0.14642584
15060.0, 0.14641587
15070.0, 0.14640589
15080.0, 0.14639595
15090.0, 0.14638601
15100.0, 0.1463761
15110.0, 0.14636622
15120.0, 0.14635634
15130.0, 0.1463465
15140.0, 0.14633664
15150.0, 0.14632684
15160.0, 0.14631706
15170.0, 0.14630727
15180.0, 0.14629753
15190.0, 0.1462878
15200.0, 0.14627807
15210.0, 0.14626838
15220.0, 0.14625871
15230.0, 0.14624906
15240.0, 0.1462394
15250.0, 0.14622979
15260.0, 0.14622019
15270.0, 0.14621061
15280.0, 0.14620106
15290.0, 0.14619152
15300.0, 0.14618199
15310.0, 0.14617248
15320.0, 0.14616299
15330.0, 0.14615352
15340.0, 0.14614408
15350.0, 0.14613466
15360.0, 0.14612524
15370.0, 0.14611585
15380.0, 0.14610648
15390.0, 0.14609712
15400.0, 0.1460878
15410.0, 0.14607848
15420.0, 0.1460692
15430.0, 0.14605992
15440.0, 0.14605065
15450.0, 0.14604141
15460.0, 0.14603218
15470.0, 0.14602298
15480.0, 0.14601378
15490.0, 0.14600463
15500.0, 0.14599548
15510.0, 0.14598635
15520.0, 0.14597723
15530.0, 0.14596814
15540.0, 0.14595906
15550.0, 0.14595
15560.0, 0.14594097
15570.0, 0.14593194
15580.0, 0.14592293
15590.0, 0.14591396
15600.0, 0.14590497
15610.0, 0.14589603
15620.0, 0.14588709
15630.0, 0.1458782
15640.0, 0.14586928
15650.0, 0.1458604
15660.0, 0.14585155
15670.0, 0.14584272
15680.0, 0.14583388
15690.0, 0.14582507
15700.0, 0.14581628
15710.0, 0.1458075
15720.0, 0.14579874
15730.0, 0.14579001
15740.0, 0.1457813
15750.0, 0.14577258
15760.0, 0.1457639
15770.0, 0.14575523
15780.0, 0.14574657
15790.0, 0.14573795
15800.0, 0.14572933
15810.0, 0.14572074
15820.0, 0.14571214
15830.0, 0.14570358
15840.0, 0.14569503
15850.0, 0.1456865
15860.0, 0.14567798
15870.0, 0.14566949
15880.0, 0.14566101
15890.0, 0.14565255
15900.0, 0.1456441
15910.0, 0.14563568
15920.0, 0.14562726
15930.0, 0.14561887
15940.0, 0.14561048
15950.0, 0.14560212
15960.0, 0.14559378
15970.0, 0.14558545
15980.0, 0.14557715
15990.0, 0.14556885
16000.0, 0.14556056
16010.0, 0.1455523
16020.0, 0.14554405
16030.0, 0.14553583
16040.0, 0.1455276
16050.0, 0.1455194
16060.0, 0.14551122
16070.0, 0.14550306
16080.0, 0.14549492
16090.0, 0.14548679
16100.0, 0.14547867
16110.0, 0.14547057
16120.0, 0.14546248
16130.0, 0.14545442
16140.0, 0.14544638
16150.0, 0.14543833
16160.0, 0.14543033
16170.0, 0.14542232
16180.0, 0.14541432
16190.0, 0.14540635
16200.0, 0.14539841
16210.0, 0.14539047
16220.0, 0.14538255
16230.0, 0.14537464
16240.0, 0.14536674
16250.0, 0.14535888
16260.0, 0.14535101
16270.0, 0.14534317
16280.0, 0.14533533
16290.0, 0.14532754
16300.0, 0.14531973
16310.0, 0.14531195
16320.0, 0.14530417
16330.0, 0.14529644
16340.0, 0.14528869
16350.0, 0.14528097
16360.0, 0.14527327
16370.0, 0.14526558
16380.0, 0.14525792
16390.0, 0.14525025
16400.0, 0.14524262
16410.0, 0.14523499
16420.0, 0.14522736
16430.0, 0.14521977
16440.0, 0.14521219
16450.0, 0.14520462
16460.0, 0.14519706
16470.0, 0.14518954
16480.0, 0.145182
16490.0, 0.1451745
16500.0, 0.14516701
16510.0, 0.14515954
16520.0, 0.14515208
16530.0, 0.14514463
16540.0, 0.14513719
16550.0, 0.14512977
16560.0, 0.14512238
16570.0, 0.14511499
16580.0, 0.14510763
16590.0, 0.14510027
16600.0, 0.14509292
16610.0, 0.14508559
16620.0, 0.14507829
16630.0, 0.14507097
16640.0, 0.14506368
16650.0, 0.14505641
16660.0, 0.14504915
16670.0, 0.14504191
16680.0, 0.14503469
16690.0, 0.14502749
16700.0, 0.14502029
16710.0, 0.14501311
16720.0, 0.14500594
16730.0, 0.14499877
16740.0, 0.14499164
16750.0, 0.14498451
16760.0, 0.14497739
16770.0, 0.1449703
16780.0, 0.14496322
16790.0, 0.14495616
16800.0, 0.1449491
16810.0, 0.14494205
16820.0, 0.14493501
16830.0, 0.14492802
16840.0, 0.14492102
16850.0, 0.14491403
16860.0, 0.14490704
16870.0, 0.1449001
16880.0, 0.14489315
16890.0, 0.14488623
16900.0, 0.14487931
16910.0, 0.14487241
16920.0, 0.14486551
16930.0, 0.14485864
16940.0, 0.14485179
16950.0, 0.14484493
16960.0, 0.14483811
16970.0, 0.14483128
16980.0, 0.14482448
16990.0, 0.14481768
17000.0, 0.1448109
17010.0, 0.14480413
17020.0, 0.14479738
17030.0, 0.14479065
17040.0, 0.14478391
17050.0, 0.14477721
17060.0, 0.1447705
17070.0, 0.14476383
17080.0, 0.14475717
17090.0, 0.1447505
17100.0, 0.14474386
17110.0, 0.14473721
17120.0, 0.14473061
17130.0, 0.144724
17140.0, 0.14471741
17150.0, 0.14471084
17160.0, 0.14470425
17170.0, 0.14469771
17180.0, 0.14469118
17190.0, 0.14468464
17200.0, 0.14467813
17210.0, 0.14467163
17220.0, 0.14466515
17230.0, 0.14465867
17240.0, 0.1446522
17250.0, 0.14464577
17260.0, 0.14463933
17270.0, 0.14463289
17280.0, 0.1446265
17290.0, 0.14462009
17300.0, 0.14461371
17310.0, 0.14460735
17320.0, 0.14460097
17330.0, 0.14459462
17340.0, 0.1445883
17350.0, 0.14458197
17360.0, 0.14457567
17370.0, 0.14456938
17380.0, 0.1445631
17390.0, 0.14455684
17400.0, 0.14455058
17410.0, 0.14454433
17420.0, 0.14453809
17430.0, 0.14453188
17440.0, 0.14452566
17450.0, 0.14451946
17460.0, 0.1445133
17470.0, 0.14450711
17480.0, 0.14450096
17490.0, 0.14449482
17500.0, 0.14448868
17510.0, 0.14448255
17520.0, 0.14447644
17530.0, 0.14447035
17540.0, 0.14446425
17550.0, 0.14445817
17560.0, 0.14445212
17570.0, 0.14444607
17580.0, 0.14444004
17590.0, 0.14443402
17600.0, 0.144428
17610.0, 0.144422
17620.0, 0.144416
17630.0, 0.14441004
17640.0, 0.14440407
17650.0, 0.14439812
17660.0, 0.14439218
17670.0, 0.14438625
17680.0, 0.14438033
17690.0, 0.14437443
17700.0, 0.14436853
17710.0, 0.14436266
17720.0, 0.14435677
17730.0, 0.14435092
17740.0, 0.14434507
17750.0, 0.14433923
17760.0, 0.1443334
17770.0, 0.14432761
17780.0, 0.1443218
17790.0, 0.144316
17800.0, 0.14431024
17810.0, 0.14430447
17820.0, 0.14429872
17830.0, 0.14429298
17840.0, 0.14428726
17850.0, 0.14428152
17860.0, 0.14427583
17870.0, 0.14427012
17880.0, 0.14426443
17890.0, 0.14425877
17900.0, 0.14425309
17910.0, 0.14424744
17920.0, 0.14424181
17930.0, 0.14423618
17940.0, 0.14423057
17950.0, 0.14422496
17960.0, 0.14421937
17970.0, 0.14421377
17980.0, 0.14420821
17990.0, 0.14420265
18000.0, 0.14419709
18010.0, 0.14419156
18020.0, 0.14418602
18030.0, 0.1441805
18040.0, 0.14417501
18050.0, 0.1441695
18060.0, 0.14416403
18070.0, 0.14415856
18080.0, 0.14415307
18090.0, 0.14414763
18100.0, 0.1441422
18110.0, 0.14413677
18120.0, 0.14413135
18130.0, 0.14412594
18140.0, 0.14412054
18150.0, 0.14411516
18160.0, 0.14410977
18170.0, 0.1441044
18180.0, 0.14409906
18190.0, 0.14409372
18200.0, 0.14408839
18210.0, 0.14408305
18220.0, 0.14407775
18230.0, 0.14407244
18240.0, 0.14406715
18250.0, 0.14406188
18260.0, 0.14405662
18270.0, 0.14405136
18280.0, 0.14404611
18290.0, 0.14404085
18300.0, 0.14403564
18310.0, 0.14403042
18320.0, 0.1440252
18330.0, 0.14402002
18340.0, 0.14401484
18350.0, 0.14400965
18360.0, 0.1440045
18370.0, 0.14399934
18380.0, 0.1439942
18390.0, 0.14398906
18400.0, 0.14398393
18410.0, 0.14397882
18420.0, 0.14397371
18430.0, 0.14396863
18440.0, 0.14396353
18450.0, 0.14395846
18460.0, 0.1439534
18470.0, 0.14394836
18480.0, 0.14394331
18490.0, 0.14393829
18500.0, 0.14393325
18510.0, 0.14392824
18520.0, 0.14392324
18530.0, 0.14391825
18540.0, 0.14391325
18550.0, 0.14390829
18560.0, 0.14390333
18570.0, 0.14389838
18580.0, 0.14389344
18590.0, 0.1438885
18600.0, 0.14388359
18610.0, 0.14387867
18620.0, 0.14387377
18630.0, 0.14386886
18640.0, 0.14386398
18650.0, 0.14385912
18660.0, 0.14385425
18670.0, 0.14384939
18680.0, 0.14384456
18690.0, 0.14383972
18700.0, 0.14383489
18710.0, 0.14383006
18720.0, 0.14382526
18730.0, 0.14382046
18740.0, 0.14381567
18750.0, 0.14381091
18760.0, 0.14380613
18770.0, 0.14380138
18780.0, 0.14379662
18790.0, 0.14379188
18800.0, 0.14378716
18810.0, 0.14378244
18820.0, 0.14377773
18830.0, 0.14377302
18840.0, 0.14376833
18850.0, 0.14376365
18860.0, 0.14375897
18870.0, 0.14375432
18880.0, 0.14374965
18890.0, 0.14374502
18900.0, 0.14374037
18910.0, 0.14373575
18920.0, 0.14373113
18930.0, 0.14372653
18940.0, 0.14372192
18950.0, 0.14371733
18960.0, 0.14371274
18970.0, 0.14370818
18980.0, 0.14370361
18990.0, 0.14369906
19000.0, 0.14369452
19010.0, 0.14368998
19020.0, 0.14368546
19030.0, 0.14368093
19040.0, 0.14367643
19050.0, 0.14367194
19060.0, 0.14366744
19070.0, 0.14366296
19080.0, 0.14365847
19090.0, 0.14365402
19100.0, 0.14364958
19110.0, 0.14364512
19120.0, 0.14364068
19130.0, 0.14363626
19140.0, 0.14363183
19150.0, 0.14362742
19160.0, 0.14362302
19170.0, 0.14361864
19180.0, 0.14361425
19190.0, 0.14360987
19200.0, 0.14360552
19210.0, 0.14360116
19220.0, 0.1435968
19230.0, 0.14359246
19240.0, 0.14358813
19250.0, 0.1435838
19260.0, 0.14357948
19270.0, 0.14357518
19280.0, 0.14357089
19290.0, 0.14356661
19300.0, 0.14356233
19310.0, 0.14355806
19320.0, 0.14355378
19330.0, 0.14354953
19340.0, 0.14354528
19350.0, 0.14354105
19360.0, 0.14353682
19370.0, 0.1435326
19380.0, 0.14352839
19390.0, 0.14352418
19400.0, 0.14351998
19410.0, 0.1435158
19420.0, 0.14351162
19430.0, 0.14350745
19440.0, 0.1435033
19450.0, 0.14349914
19460.0, 0.143495
19470.0, 0.14349085
19480.0, 0.14348672
19490.0, 0.14348261
19500.0, 0.1434785
19510.0, 0.14347439
19520.0, 0.14347029
19530.0, 0.1434662
19540.0, 0.14346212
19550.0, 0.14345805
19560.0, 0.14345399
19570.0, 0.14344993
19580.0, 0.1434459
19590.0, 0.14344184
19600.0, 0.14343782
19610.0, 0.1434338
19620.0, 0.14342977
19630.0, 0.14342578
19640.0, 0.14342178
19650.0, 0.14341779
19660.0, 0.14341381
19670.0, 0.14340983
19680.0, 0.14340585
19690.0, 0.1434019
19700.0, 0.14339794
19710.0, 0.14339402
19720.0, 0.14339007
19730.0, 0.14338616
19740.0, 0.14338222
19750.0, 0.14337832
19760.0, 0.14337441
19770.0, 0.14337052
19780.0, 0.14336663
19790.0, 0.14336275
19800.0, 0.14335887
19810.0, 0.143355
19820.0, 0.14335115
19830.0, 0.14334731
19840.0, 0.14334346
19850.0, 0.14333962
19860.0, 0.1433358
19870.0, 0.14333197
19880.0, 0.14332816
19890.0, 0.14332438
19900.0, 0.14332058
19910.0, 0.14331678
19920.0, 0.14331299
19930.0, 0.14330924
19940.0, 0.14330547
19950.0, 0.1433017
19960.0, 0.14329796
19970.0, 0.1432942
19980.0, 0.14329046
19990.0, 0.14328675
20000.0, 0.14328302
20010.0, 0.14327931
20020.0, 0.1432756
20030.0, 0.1432719
20040.0, 0.14326821
20050.0, 0.14326453
20060.0, 0.14326085
20070.0, 0.14325719
20080.0, 0.14325352
20090.0, 0.14324987
20100.0, 0.14324622
20110.0, 0.14324258
20120.0, 0.14323895
20130.0, 0.14323533
20140.0, 0.1432317
20150.0, 0.14322808
20160.0, 0.1432245
20170.0, 0.14322089
20180.0, 0.14321731
20190.0, 0.14321372
20200.0, 0.14321014
20210.0, 0.14320657
20220.0, 0.14320302
20230.0, 0.14319946
20240.0, 0.14319591
20250.0, 0.14319238
20260.0, 0.14318885
20270.0, 0.14318532
20280.0, 0.1431818
20290.0, 0.1431783
20300.0, 0.14317478
20310.0, 0.1431713
20320.0, 0.14316781
20330.0, 0.1431643
20340.0, 0.14316083
20350.0, 0.14315736
20360.0, 0.1431539
20370.0, 0.14315046
20380.0, 0.14314699
20390.0, 0.14314356
20400.0, 0.14314012
20410.0, 0.1431367
20420.0, 0.14313328
20430.0, 0.14312986
20440.0, 0.14312646
20450.0, 0.14312306
20460.0, 0.14311965
20470.0, 0.14311627
20480.0, 0.1431129
20490.0, 0.14310953
20500.0, 0.14310615
20510.0, 0.1431028
20520.0, 0.14309944
20530.0, 0.14309609
20540.0, 0.14309275
20550.0, 0.14308941
20560.0, 0.14308609
20570.0, 0.14308277
20580.0, 0.14307946
20590.0, 0.14307615
20600.0, 0.14307286
20610.0, 0.14306955
20620.0, 0.14306626
20630.0, 0.143063
20640.0, 0.14305972
20650.0, 0.14305645
20660.0, 0.14305317
20670.0, 0.14304993
20680.0, 0.14304668
20690.0, 0.14304344
20700.0, 0.14304021
20710.0, 0.14303699
20720.0, 0.14303374
20730.0, 0.14303054
20740.0, 0.14302734
20750.0, 0.14302413
20760.0, 0.14302093
20770.0, 0.14301774
20780.0, 0.14301457
20790.0, 0.14301139
20800.0, 0.1430082
20810.0, 0.14300504
20820.0, 0.14300188
20830.0, 0.14299874
20840.0, 0.1429956
20850.0, 0.14299245
20860.0, 0.14298932
20870.0, 0.1429862
20880.0, 0.14298308
20890.0, 0.14297996
20900.0, 0.14297685
20910.0, 0.14297375
20920.0, 0.14297065
20930.0, 0.14296757
20940.0, 0.14296448
20950.0, 0.14296141
20960.0, 0.14295834
20970.0, 0.14295527
20980.0, 0.14295222
20990.0, 0.14294916
21000.0, 0.14294611
21010.0, 0.14294307
21020.0, 0.14294003
21030.0, 0.142937
21040.0, 0.14293398
21050.0, 0.14293097
21060.0, 0.14292796
21070.0, 0.14292495
21080.0, 0.14292195
21090.0, 0.14291896
21100.0, 0.14291598
21110.0, 0.14291298
21120.0, 0.14291002
21130.0, 0.14290704
21140.0, 0.14290409
21150.0, 0.14290114
21160.0, 0.14289819
21170.0, 0.14289524
21180.0, 0.1428923
21190.0, 0.14288937
21200.0, 0.14288643
21210.0, 0.14288351
21220.0, 0.14288059
21230.0, 0.1428777
21240.0, 0.14287479
21250.0, 0.14287189
21260.0, 0.142869
21270.0, 0.1428661
21280.0, 0.14286323
21290.0, 0.14286035
21300.0, 0.14285749
21310.0, 0.14285462
21320.0, 0.14285176
21330.0, 0.14284891
21340.0, 0.14284608
21350.0, 0.14284323
21360.0, 0.14284039
21370.0, 0.14283755
21380.0, 0.14283472
21390.0, 0.14283192
21400.0, 0.1428291
21410.0, 0.1428263
21420.0, 0.14282349
21430.0, 0.1428207
21440.0, 0.14281791
21450.0, 0.14281513
21460.0, 0.14281236
21470.0, 0.14280958
21480.0, 0.14280681
21490.0, 0.14280404
21500.0, 0.1428013
21510.0, 0.14279854
21520.0, 0.14279579
21530.0, 0.14279306
21540.0, 0.14279032
21550.0, 0.14278759
21560.0, 0.14278486
21570.0, 0.14278215
21580.0, 0.14277942
21590.0, 0.14277673
21600.0, 0.14277403
21610.0, 0.14277132
21620.0, 0.14276864
21630.0, 0.14276595
21640.0, 0.14276326
21650.0, 0.1427606
21660.0, 0.14275792
21670.0, 0.14275527
21680.0, 0.1427526
21690.0, 0.14274994
21700.0, 0.1427473
21710.0, 0.14274465
21720.0, 0.14274202
21730.0, 0.14273939
21740.0, 0.14273675
21750.0, 0.14273414
21760.0, 0.14273152
21770.0, 0.14272891
21780.0, 0.1427263
21790.0, 0.14272371
21800.0, 0.1427211
21810.0, 0.14271852
21820.0, 0.14271593
21830.0, 0.14271334
21840.0, 0.14271078
21850.0, 0.1427082
21860.0, 0.14270563
21870.0, 0.14270307
21880.0, 0.14270052
21890.0, 0.14269796
21900.0, 0.14269543
21910.0, 0.14269288
21920.0, 0.14269035
21930.0, 0.14268781
21940.0, 0.1426853
21950.0, 0.14268276
21960.0, 0.14268026
21970.0, 0.14267775
21980.0, 0.14267525
21990.0, 0.14267275
22000.0, 0.14267024
22010.0, 0.14266777
22020.0, 0.14266528
22030.0, 0.14266281
22040.0, 0.14266032
22050.0, 0.14265786
22060.0, 0.1426554
22070.0, 0.14265293
22080.0, 0.14265049
22090.0, 0.14264803
22100.0, 0.14264558
22110.0, 0.14264315
22120.0, 0.14264071
22130.0, 0.14263828
22140.0, 0.14263584
22150.0, 0.14263342
22160.0, 0.14263102
22170.0, 0.1426286
22180.0, 0.1426262
22190.0, 0.1426238
22200.0, 0.1426214
22210.0, 0.14261901
22220.0, 0.14261663
22230.0, 0.14261423
22240.0, 0.14261186
22250.0, 0.14260949
22260.0, 0.14260712
22270.0, 0.14260475
22280.0, 0.1426024
22290.0, 0.14260004
22300.0, 0.14259769
22310.0, 0.14259535
22320.0, 0.14259301
22330.0, 0.14259067
22340.0, 0.14258835
22350.0, 0.14258601
22360.0, 0.1425837
22370.0, 0.14258139
22380.0, 0.14257908
22390.0, 0.14257675
22400.0, 0.14257446
22410.0, 0.14257216
22420.0, 0.14256987
22430.0, 0.14256757
22440.0, 0.1425653
22450.0, 0.14256302
22460.0, 0.14256075
22470.0, 0.14255846
22480.0, 0.1425562
22490.0, 0.14255394
22500.0, 0.14255169
22510.0, 0.14254944
22520.0, 0.14254718
22530.0, 0.14254494
22540.0, 0.1425427
22550.0, 0.14254047
22560.0, 0.14253825
22570.0, 0.142536
22580.0, 0.14253378
22590.0, 0.14253157
22600.0, 0.14252937
22610.0, 0.14252716
22620.0, 0.14252496
22630.0, 0.14252274
22640.0, 0.14252055
22650.0, 0.14251836
22660.0, 0.14251618
22670.0, 0.142514
22680.0, 0.14251183
22690.0, 0.14250964
22700.0, 0.14250748
22710.0, 0.14250532
22720.0, 0.14250316
22730.0, 0.142501
22740.0, 0.14249885
22750.0, 0.1424967
22760.0, 0.14249456
22770.0, 0.14249243
22780.0, 0.14249028
22790.0, 0.14248815
22800.0, 0.14248602
22810.0, 0.1424839
22820.0, 0.14248179
22830.0, 0.14247967
22840.0, 0.14247757
22850.0, 0.14247547
22860.0, 0.14247337
22870.0, 0.14247127
22880.0, 0.14246918
22890.0, 0.1424671
22900.0, 0.14246501
22910.0, 0.14246294
22920.0, 0.14246085
22930.0, 0.14245877
22940.0, 0.14245671
22950.0, 0.14245464
22960.0, 0.14245258
22970.0, 0.14245053
22980.0, 0.14244848
22990.0, 0.14244643
23000.0, 0.14244439
23010.0, 0.14244236
23020.0, 0.14244032
23030.0, 0.14243829
23040.0, 0.14243627
23050.0, 0.14243424
23060.0, 0.14243223
23070.0, 0.14243022
23080.0, 0.1424282
23090.0, 0.1424262
23100.0, 0.14242421
23110.0, 0.1424222
23120.0, 0.14242022
23130.0, 0.14241822
23140.0, 0.14241624
23150.0, 0.14241426
23160.0, 0.14241228
23170.0, 0.1424103
23180.0, 0.14240833
23190.0, 0.14240636
23200.0, 0.14240439
23210.0, 0.14240244
23220.0, 0.14240049
23230.0, 0.14239854
23240.0, 0.14239658
23250.0, 0.14239463
23260.0, 0.14239271
23270.0, 0.14239077
23280.0, 0.14238885
23290.0, 0.14238691
23300.0, 0.14238499
23310.0, 0.14238307
23320.0, 0.14238115
23330.0, 0.14237924
23340.0, 0.14237733
23350.0, 0.14237544
23360.0, 0.14237353
23370.0, 0.14237164
23380.0, 0.14236975
23390.0, 0.14236785
23400.0, 0.14236596
23410.0, 0.14236408
23420.0, 0.1423622
23430.0, 0.14236033
23440.0, 0.14235847
23450.0, 0.14235659
23460.0, 0.14235473
23470.0, 0.14235286
23480.0, 0.14235103
23490.0, 0.14234917
23500.0, 0.14234732
23510.0, 0.14234547
23520.0, 0.14234363
23530.0, 0.1423418
23540.0, 0.14233997
23550.0, 0.14233814
23560.0, 0.14233631
23570.0, 0.14233448
23580.0, 0.14233267
23590.0, 0.14233086
23600.0, 0.14232904
23610.0, 0.14232723
23620.0, 0.14232543
23630.0, 0.14232363
23640.0, 0.14232184
23650.0, 0.14232004
23660.0, 0.14231825
23670.0, 0.14231648
23680.0, 0.14231469
23690.0, 0.1423129
23700.0, 0.14231113
23710.0, 0.14230935
23720.0, 0.1423076
23730.0, 0.14230582
23740.0, 0.14230405
23750.0, 0.1423023
23760.0, 0.14230055
23770.0, 0.14229879
23780.0, 0.14229704
23790.0, 0.14229532
23800.0, 0.14229356
23810.0, 0.14229183
23820.0, 0.1422901
23830.0, 0.14228837
23840.0, 0.14228663
23850.0, 0.14228491
23860.0, 0.1422832
23870.0, 0.14228147
23880.0, 0.14227976
23890.0, 0.14227806
23900.0, 0.14227635
23910.0, 0.14227465
23920.0, 0.14227295
23930.0, 0.14227125
23940.0, 0.14226955
23950.0, 0.14226788
23960.0, 0.14226618
23970.0, 0.1422645
23980.0, 0.14226283
23990.0, 0.14226115
24000.0, 0.14225946
24010.0, 0.14225781
24020.0, 0.14225614
24030.0, 0.14225449
24040.0, 0.14225282
24050.0, 0.14225116
24060.0, 0.14224952
24070.0, 0.14224787
24080.0, 0.14224622
24090.0, 0.14224458
24100.0, 0.14224294
24110.0, 0.14224131
24120.0, 0.14223967
24130.0, 0.14223804
24140.0, 0.14223643
24150.0, 0.14223479
24160.0, 0.14223318
24170.0, 0.14223155
24180.0, 0.14222994
24190.0, 0.14222834
24200.0, 0.14222673
24210.0, 0.14222513
24220.0, 0.14222352
24230.0, 0.14222194
24240.0, 0.14222033
24250.0, 0.14221874
24260.0, 0.14221716
24270.0, 0.14221556
24280.0, 0.142214
24290.0, 0.1422124
24300.0, 0.14221084
24310.0, 0.14220926
24320.0, 0.14220771
24330.0, 0.14220613
24340.0, 0.14220457
24350.0, 0.14220302
24360.0, 0.14220145
24370.0, 0.1421999
24380.0, 0.14219835
24390.0, 0.1421968
24400.0, 0.14219525
24410.0, 0.14219372
24420.0, 0.14219218
24430.0, 0.14219065
24440.0, 0.14218912
24450.0, 0.1421876
24460.0, 0.14218606
24470.0, 0.14218456
24480.0, 0.14218302
24490.0, 0.14218152
24500.0, 0.14218
24510.0, 0.14217849
24520.0, 0.14217697
24530.0, 0.14217548
24540.0, 0.14217398
24550.0, 0.14217249
24560.0, 0.14217098
24570.0, 0.14216949
24580.0, 0.142168
24590.0, 0.14216651
24600.0, 0.14216502
24610.0, 0.14216354
24620.0, 0.14216208
24630.0, 0.1421606
24640.0, 0.14215913
24650.0, 0.14215766
24660.0, 0.1421562
24670.0, 0.14215472
24680.0, 0.14215328
24690.0, 0.1421518
24700.0, 0.14215036
24710.0, 0.14214891
24720.0, 0.14214747
24730.0, 0.14214602
24740.0, 0.14214458
24750.0, 0.14214315
24760.0, 0.14214171
24770.0, 0.14214027
24780.0, 0.14213884
24790.0, 0.14213741
24800.0, 0.142136
24810.0, 0.14213456
24820.0, 0.14213315
24830.0, 0.14213173
24840.0, 0.14213032
24850.0, 0.1421289
24860.0, 0.1421275
24870.0, 0.14212608
24880.0, 0.1421247
24890.0, 0.14212328
24900.0, 0.1421219
24910.0, 0.1421205
24920.0, 0.1421191
24930.0, 0.14211772
24940.0, 0.14211634
24950.0, 0.14211495
24960.0, 0.14211357
24970.0, 0.14211218
24980.0, 0.14211081
24990.0, 0.14210945
25000.0, 0.14210807
25010.0, 0.14210671
25020.0, 0.14210536
25030.0, 0.14210398
25040.0, 0.14210263
25050.0, 0.14210127
25060.0, 0.14209992
25070.0, 0.14209858
25080.0, 0.14209722
25090.0, 0.14209588
25100.0, 0.14209454
25110.0, 0.1420932
25120.0, 0.14209186
25130.0, 0.14209053
25140.0, 0.1420892
25150.0, 0.14208786
25160.0, 0.14208654
25170.0, 0.14208522
25180.0, 0.1420839
25190.0, 0.14208257
25200.0, 0.14208126
25210.0, 0.14207995
25220.0, 0.14207864
25230.0, 0.14207733
25240.0, 0.14207603
25250.0, 0.14207473
25260.0, 0.14207342
25270.0, 0.14207213
25280.0, 0.14207084
25290.0, 0.14206953
25300.0, 0.14206825
25310.0, 0.14206697
25320.0, 0.14206569
25330.0, 0.1420644
25340.0, 0.14206313
25350.0, 0.14206184
25360.0, 0.14206058
25370.0, 0.1420593
25380.0, 0.14205803
25390.0, 0.14205676
25400.0, 0.14205551
25410.0, 0.14205423
25420.0, 0.14205298
25430.0, 0.14205173
25440.0, 0.14205047
25450.0, 0.14204921
25460.0, 0.14204797
25470.0, 0.14204672
25480.0, 0.14204548
25490.0, 0.14204423
25500.0, 0.142043
25510.0, 0.14204176
25520.0, 0.14204054
25530.0, 0.1420393
25540.0, 0.14203806
25550.0, 0.14203684
25560.0, 0.14203562
25570.0, 0.1420344
25580.0, 0.14203319
25590.0, 0.14203195
25600.0, 0.14203075
25610.0, 0.14202954
25620.0, 0.14202833
25630.0, 0.14202712
25640.0, 0.1420259
25650.0, 0.14202471
25660.0, 0.14202352
25670.0, 0.14202231
25680.0, 0.14202112
25690.0, 0.14201994
25700.0, 0.14201874
25710.0, 0.14201754
25720.0, 0.14201637
25730.0, 0.14201519
25740.0, 0.14201401
25750.0, 0.14201283
25760.0, 0.14201164
25770.0, 0.14201047
25780.0, 0.1420093
25790.0, 0.14200814
25800.0, 0.14200696
25810.0, 0.14200582
25820.0, 0.14200464
25830.0, 0.14200348
25840.0, 0.14200231
25850.0, 0.14200117
25860.0, 0.14200002
25870.0, 0.14199887
25880.0, 0.14199772
25890.0, 0.14199656
25900.0, 0.14199543
25910.0, 0.14199428
25920.0, 0.14199315
25930.0, 0.14199202
25940.0, 0.14199089
25950.0, 0.14198975
25960.0, 0.14198862
25970.0, 0.14198749
25980.0, 0.14198636
25990.0, 0.14198524
26000.0, 0.14198412
26010.0, 0.141983
26020.0, 0.14198188
26030.0, 0.14198077
26040.0, 0.14197966
26050.0, 0.14197855
26060.0, 0.14197744
26070.0, 0.14197634
26080.0, 0.14197522
26090.0, 0.14197412
26100.0, 0.14197303
26110.0, 0.14197193
26120.0, 0.14197084
26130.0, 0.14196974
26140.0, 0.14196865
26150.0, 0.14196756
26160.0, 0.14196649
26170.0, 0.1419654
26180.0, 0.14196433
26190.0, 0.14196324
26200.0, 0.14196217
26210.0, 0.14196108
26220.0, 0.14196001
26230.0, 0.14195894
26240.0, 0.14195788
26250.0, 0.1419568
26260.0, 0.14195575
26270.0, 0.14195469
26280.0, 0.14195362
26290.0, 0.14195256
26300.0, 0.14195152
26310.0, 0.14195046
26320.0, 0.14194942
26330.0, 0.14194836
26340.0, 0.14194731
26350.0, 0.14194627
26360.0, 0.14194523
26370.0, 0.14194418
26380.0, 0.14194314
26390.0, 0.14194211
26400.0, 0.14194107
26410.0, 0.14194004
26420.0, 0.14193901
26430.0, 0.14193799
26440.0, 0.14193696
26450.0, 0.14193593
26460.0, 0.14193492
26470.0, 0.14193389
26480.0, 0.14193287
26490.0, 0.14193186
26500.0, 0.14193085
26510.0, 0.14192984
26520.0, 0.14192882
26530.0, 0.14192781
26540.0, 0.14192681
26550.0, 0.1419258
26560.0, 0.1419248
26570.0, 0.1419238
26580.0, 0.1419228
26590.0, 0.1419218
26600.0, 0.1419208
26610.0, 0.14191982
26620.0, 0.14191882
26630.0, 0.14191784
26640.0, 0.14191686
26650.0, 0.14191587
26660.0, 0.14191489
26670.0, 0.1419139
26680.0, 0.14191292
26690.0, 0.14191195
26700.0, 0.14191097
26710.0, 0.14191
26720.0, 0.14190903
26730.0, 0.14190806
26740.0, 0.1419071
26750.0, 0.14190613
26760.0, 0.14190516
26770.0, 0.1419042
26780.0, 0.14190324
26790.0, 0.14190228
26800.0, 0.14190134
26810.0, 0.14190039
26820.0, 0.14189944
26830.0, 0.14189848
26840.0, 0.14189753
26850.0, 0.14189659
26860.0, 0.14189565
26870.0, 0.1418947
26880.0, 0.14189376
26890.0, 0.14189282
26900.0, 0.14189188
26910.0, 0.14189094
26920.0, 0.14189002
26930.0, 0.14188908
26940.0, 0.14188817
26950.0, 0.14188723
26960.0, 0.14188631
26970.0, 0.14188538
26980.0, 0.14188446
26990.0, 0.14188355
27000.0, 0.14188263
27010.0, 0.1418817
27020.0, 0.1418808
27030.0, 0.14187989
27040.0, 0.14187896
27050.0, 0.14187807
27060.0, 0.14187716
27070.0, 0.14187625
27080.0, 0.14187536
27090.0, 0.14187445
27100.0, 0.14187355
27110.0, 0.14187264
27120.0, 0.14187175
27130.0, 0.14187086
27140.0, 0.14186998
27150.0, 0.14186908
27160.0, 0.14186819
27170.0, 0.14186731
27180.0, 0.14186642
27190.0, 0.14186554
27200.0, 0.14186464
27210.0, 0.14186376
27220.0, 0.1418629
27230.0, 0.14186202
27240.0, 0.14186114
27250.0, 0.14186028
27260.0, 0.1418594
27270.0, 0.14185853
27280.0, 0.14185765
27290.0, 0.1418568
27300.0, 0.14185594
27310.0, 0.14185508
27320.0, 0.14185421
27330.0, 0.14185335
27340.0, 0.14185248
27350.0, 0.14185163
27360.0, 0.14185078
27370.0, 0.14184994
27380.0, 0.14184909
27390.0, 0.14184824
27400.0, 0.14184737
27410.0, 0.14184654
27420.0, 0.1418457
27430.0, 0.14184485
27440.0, 0.14184402
27450.0, 0.14184317
27460.0, 0.14184234
27470.0, 0.1418415
27480.0, 0.14184067
27490.0, 0.14183983
27500.0, 0.141839
27510.0, 0.14183818
27520.0, 0.14183734
27530.0, 0.14183652
27540.0, 0.1418357
27550.0, 0.14183488
27560.0, 0.14183405
27570.0, 0.14183323
27580.0, 0.14183243
27590.0, 0.1418316
27600.0, 0.14183079
27610.0, 0.14182998
27620.0, 0.14182916
27630.0, 0.14182837
27640.0, 0.14182755
27650.0, 0.14182675
27660.0, 0.14182594
27670.0, 0.14182514
27680.0, 0.14182435
27690.0, 0.14182355
27700.0, 0.14182274
27710.0, 0.14182194
27720.0, 0.14182115
27730.0, 0.14182036
27740.0, 0.14181957
27750.0, 0.14181878
27760.0, 0.14181799
27770.0, 0.1418172
27780.0, 0.14181642
27790.0, 0.14181563
27800.0, 0.14181484
27810.0, 0.14181407
27820.0, 0.1418133
27830.0, 0.14181252
27840.0, 0.14181173
27850.0, 0.14181095
27860.0, 0.1418102
27870.0, 0.14180942
27880.0, 0.14180864
27890.0, 0.14180788
27900.0, 0.14180712
27910.0, 0.14180635
27920.0, 0.14180559
27930.0, 0.14180481
27940.0, 0.14180407
27950.0, 0.14180331
27960.0, 0.14180255
27970.0, 0.14180179
27980.0, 0.14180104
27990.0, 0.14180028
28000.0, 0.14179954
28010.0, 0.14179878
28020.0, 0.14179803
28030.0, 0.14179729
28040.0, 0.14179654
28050.0, 0.1417958
28060.0, 0.14179507
28070.0, 0.14179432
28080.0, 0.14179358
28090.0, 0.14179283
28100.0, 0.1417921
28110.0, 0.14179137
28120.0, 0.14179063
28130.0, 0.14178991
28140.0, 0.14178917
28150.0, 0.14178844
28160.0, 0.14178771
28170.0, 0.141787
28180.0, 0.14178626
28190.0, 0.14178553
28200.0, 0.1417848
28210.0, 0.1417841
28220.0, 0.14178337
28230.0, 0.14178266
28240.0, 0.14178196
28250.0, 0.14178123
28260.0, 0.14178051
28270.0, 0.14177981
28280.0, 0.1417791
28290.0, 0.14177838
28300.0, 0.14177766
28310.0, 0.14177698
28320.0, 0.14177626
28330.0, 0.14177556
28340.0, 0.14177486
28350.0, 0.14177416
28360.0, 0.14177346
28370.0, 0.14177276
28380.0, 0.14177206
28390.0, 0.14177136
28400.0, 0.14177069
28410.0, 0.14176999
28420.0, 0.14176929
28430.0, 0.14176862
28440.0, 0.14176792
28450.0, 0.14176723
28460.0, 0.14176653
28470.0, 0.14176586
28480.0, 0.14176518
28490.0, 0.14176449
28500.0, 0.14176382
28510.0, 0.14176314
28520.0, 0.14176245
28530.0, 0.1417618
28540.0, 0.14176111
28550.0, 0.14176044
28560.0, 0.14175977
28570.0, 0.1417591
28580.0, 0.14175843
28590.0, 0.14175776
28600.0, 0.14175709
28610.0, 0.14175642
28620.0, 0.14175576
28630.0, 0.1417551
28640.0, 0.14175445
28650.0, 0.14175378
28660.0, 0.14175312
28670.0, 0.14175247
28680.0, 0.14175181
28690.0, 0.14175116
28700.0, 0.14175051
28710.0, 0.14174984
28720.0, 0.14174919
28730.0, 0.14174855
28740.0, 0.1417479
28750.0, 0.14174725
28760.0, 0.14174661
28770.0, 0.14174597
28780.0, 0.14174531
28790.0, 0.14174469
28800.0, 0.14174403
28810.0, 0.1417434
28820.0, 0.14174277
28830.0, 0.14174213
28840.0, 0.1417415
28850.0, 0.14174086
28860.0, 0.14174022
28870.0, 0.14173959
28880.0, 0.14173897
28890.0, 0.14173834
28900.0, 0.14173771
28910.0, 0.14173707
28920.0, 0.14173646
28930.0, 0.14173584
28940.0, 0.1417352
28950.0, 0.14173459
28960.0, 0.14173396
28970.0, 0.14173335
28980.0, 0.14173274
28990.0, 0.14173211
29000.0, 0.1417315
29010.0, 0.14173089
29020.0, 0.14173028
29030.0, 0.14172967
29040.0, 0.14172904
29050.0, 0.14172845
29060.0, 0.14172783
29070.0, 0.14172724
29080.0, 0.14172663
29090.0, 0.14172602
29100.0, 0.14172542
29110.0, 0.14172481
29120.0, 0.14172421
29130.0, 0.14172362
29140.0, 0.141723
29150.0, 0.14172243
29160.0, 0.14172181
29170.0, 0.14172123
29180.0, 0.14172064
29190.0, 0.14172006
29200.0, 0.14171946
29210.0, 0.14171886
29220.0, 0.14171828
29230.0, 0.14171769
29240.0, 0.1417171
29250.0, 0.14171651
29260.0, 0.14171593
29270.0, 0.14171535
29280.0, 0.14171477
29290.0, 0.14171419
29300.0, 0.1417136
29310.0, 0.14171304
29320.0, 0.14171246
29330.0, 0.14171188
29340.0, 0.14171131
29350.0, 0.14171073
29360.0, 0.14171016
29370.0, 0.14170958
29380.0, 0.14170901
29390.0, 0.14170845
29400.0, 0.14170787
29410.0, 0.14170732
29420.0, 0.14170673
29430.0, 0.14170618
29440.0, 0.14170562
29450.0, 0.14170505
29460.0, 0.14170448
29470.0, 0.14170393
29480.0, 0.14170337
29490.0, 0.14170283
29500.0, 0.14170226
29510.0, 0.1417017
29520.0, 0.14170115
29530.0, 0.1417006
29540.0, 0.14170004
29550.0, 0.1416995
29560.0, 0.14169894
29570.0, 0.14169839
29580.0, 0.14169785
29590.0, 0.1416973
29600.0, 0.14169677
29610.0, 0.14169621
29620.0, 0.14169566
29630.0, 0.14169513
29640.0, 0.14169458
29650.0, 0.14169404
29660.0, 0.1416935
29670.0, 0.14169297
29680.0, 0.14169243
29690.0, 0.1416919
29700.0, 0.14169136
29710.0, 0.14169084
29720.0, 0.14169028
29730.0, 0.14168976
29740.0, 0.14168923
29750.0, 0.1416887
29760.0, 0.14168817
29770.0, 0.14168763
29780.0, 0.14168711
29790.0, 0.14168659
29800.0, 0.14168607
29810.0, 0.14168553
29820.0, 0.14168502
29830.0, 0.1416845
29840.0, 0.14168398
29850.0, 0.14168346
29860.0, 0.14168295
29870.0, 0.14168242
29880.0, 0.14168191
29890.0, 0.14168139
29900.0, 0.14168088
29910.0, 0.14168036
29920.0, 0.14167987
29930.0, 0.14167935
29940.0, 0.14167884
29950.0, 0.14167832
29960.0, 0.14167783
29970.0, 0.1416773
29980.0, 0.14167681
29990.0, 0.1416763
30000.0, 0.1416758
