Energy (in eV), backscattering yield of material CERS-withBUCT at isotropic incidence
   X,       Y
0.0, 0.63867396
10.0, 0.35205287
20.0, 0.20683554
30.0, 0.12950352
40.0, 0.08606911
50.0, 0.06031428
60.0, 0.10102925
70.0, 0.12649427
80.0, 0.14572842
90.0, 0.16118419
100.0, 0.17406797
110.0, 0.18508889
120.0, 0.19470127
130.0, 0.2032128
140.0, 0.2108409
150.0, 0.21774454
160.0, 0.22404341
170.0, 0.2298299
180.0, 0.23517667
190.0, 0.24014203
200.0, 0.24477343
210.0, 0.24911006
220.0, 0.2531846
230.0, 0.25702453
240.0, 0.26065344
250.0, 0.2640914
260.0, 0.26735583
270.0, 0.27046186
280.0, 0.2734228
290.0, 0.27625027
300.0, 0.27895465
310.0, 0.28154513
320.0, 0.2840299
330.0, 0.28641638
340.0, 0.28871113
350.0, 0.29092014
360.0, 0.29304886
370.0, 0.29510227
380.0, 0.29708478
390.0, 0.29900053
400.0, 0.3008533
410.0, 0.30264655
420.0, 0.30438346
430.0, 0.30606702
440.0, 0.30769983
450.0, 0.30928454
460.0, 0.31082338
470.0, 0.3123186
480.0, 0.3137722
490.0, 0.3151861
500.0, 0.31656203
510.0, 0.3179016
520.0, 0.31920648
530.0, 0.32047805
540.0, 0.32171762
550.0, 0.32292658
560.0, 0.32410607
570.0, 0.32525727
580.0, 0.3263813
590.0, 0.327479
600.0, 0.32855153
610.0, 0.3295997
620.0, 0.3306244
630.0, 0.33162647
640.0, 0.33260664
650.0, 0.33356565
660.0, 0.33450428
670.0, 0.3354231
680.0, 0.33632287
690.0, 0.33720407
700.0, 0.33806735
710.0, 0.33891326
720.0, 0.33974233
730.0, 0.340555
740.0, 0.3413519
750.0, 0.34213334
760.0, 0.34289983
770.0, 0.3436518
780.0, 0.34438968
790.0, 0.34511384
800.0, 0.34582463
810.0, 0.34652242
820.0, 0.34720758
830.0, 0.34788045
840.0, 0.3485413
850.0, 0.3491905
860.0, 0.3498283
870.0, 0.35045502
880.0, 0.35107094
890.0, 0.3516763
900.0, 0.35227132
910.0, 0.35285637
920.0, 0.3534316
930.0, 0.35399723
940.0, 0.35455355
950.0, 0.3551007
960.0, 0.35563892
970.0, 0.35616848
980.0, 0.35668948
990.0, 0.35720214
1000.0, 0.35770664
1010.0, 0.3575316
1020.0, 0.35735688
1030.0, 0.35718247
1040.0, 0.35700834
1050.0, 0.3568345
1060.0, 0.35666093
1070.0, 0.35648772
1080.0, 0.35631478
1090.0, 0.35614213
1100.0, 0.35596982
1110.0, 0.3557978
1120.0, 0.35562602
1130.0, 0.35545456
1140.0, 0.3552834
1150.0, 0.35511255
1160.0, 0.354942
1170.0, 0.35477173
1180.0, 0.35460177
1190.0, 0.35443208
1200.0, 0.35426268
1210.0, 0.3540936
1220.0, 0.35392478
1230.0, 0.35375628
1240.0, 0.35358804
1250.0, 0.3534201
1260.0, 0.35325247
1270.0, 0.35308513
1280.0, 0.35291806
1290.0, 0.35275128
1300.0, 0.3525848
1310.0, 0.35241863
1320.0, 0.3522527
1330.0, 0.35208708
1340.0, 0.3519217
1350.0, 0.35175666
1360.0, 0.35159194
1370.0, 0.35142744
1380.0, 0.35126325
1390.0, 0.35109937
1400.0, 0.35093573
1410.0, 0.35077238
1420.0, 0.3506093
1430.0, 0.35044652
1440.0, 0.35028407
1450.0, 0.35012183
1460.0, 0.34995988
1470.0, 0.34979823
1480.0, 0.34963685
1490.0, 0.34947577
1500.0, 0.34931496
1510.0, 0.3491544
1520.0, 0.34899417
1530.0, 0.3488342
1540.0, 0.3486745
1550.0, 0.34851506
1560.0, 0.34835595
1570.0, 0.34819704
1580.0, 0.34803846
1590.0, 0.34788013
1600.0, 0.34772208
1610.0, 0.34756434
1620.0, 0.34740683
1630.0, 0.34724963
1640.0, 0.34709266
1650.0, 0.346936
1660.0, 0.3467796
1670.0, 0.34662345
1680.0, 0.34646758
1690.0, 0.34631202
1700.0, 0.3461567
1710.0, 0.34600165
1720.0, 0.3458469
1730.0, 0.3456924
1740.0, 0.34553814
1750.0, 0.34538415
1760.0, 0.34523046
1770.0, 0.34507704
1780.0, 0.34492388
1790.0, 0.34477097
1800.0, 0.34461832
1810.0, 0.34446597
1820.0, 0.3443139
1830.0, 0.34416202
1840.0, 0.34401047
1850.0, 0.34385914
1860.0, 0.3437081
1870.0, 0.34355733
1880.0, 0.3434068
1890.0, 0.34325656
1900.0, 0.3431066
1910.0, 0.34295684
1920.0, 0.34280738
1930.0, 0.3426582
1940.0, 0.34250924
1950.0, 0.34236056
1960.0, 0.34221214
1970.0, 0.34206393
1980.0, 0.34191602
1990.0, 0.34176838
2000.0, 0.34162098
2010.0, 0.34147388
2020.0, 0.341327
2030.0, 0.34118038
2040.0, 0.341034
2050.0, 0.34088787
2060.0, 0.34074205
2070.0, 0.34059644
2080.0, 0.34045112
2090.0, 0.340306
2100.0, 0.34016117
2110.0, 0.34001663
2120.0, 0.3398723
2130.0, 0.33972824
2140.0, 0.3395844
2150.0, 0.33944085
2160.0, 0.3392975
2170.0, 0.33915442
2180.0, 0.33901164
2190.0, 0.3388691
2200.0, 0.33872676
2210.0, 0.33858472
2220.0, 0.33844286
2230.0, 0.33830133
2240.0, 0.33816
2250.0, 0.33801892
2260.0, 0.33787814
2270.0, 0.33773756
2280.0, 0.33759722
2290.0, 0.33745712
2300.0, 0.3373173
2310.0, 0.33717772
2320.0, 0.33703837
2330.0, 0.33689928
2340.0, 0.33676043
2350.0, 0.33662182
2360.0, 0.33648345
2370.0, 0.33634531
2380.0, 0.33620745
2390.0, 0.3360698
2400.0, 0.3359324
2410.0, 0.33579525
2420.0, 0.33565837
2430.0, 0.3355217
2440.0, 0.33538523
2450.0, 0.33524904
2460.0, 0.3351131
2470.0, 0.3349774
2480.0, 0.33484194
2490.0, 0.3347067
2500.0, 0.3345717
2510.0, 0.33443692
2520.0, 0.33430243
2530.0, 0.3341681
2540.0, 0.33403412
2550.0, 0.33390024
2560.0, 0.3337667
2570.0, 0.33363336
2580.0, 0.33350027
2590.0, 0.3333674
2600.0, 0.3332348
2610.0, 0.33310238
2620.0, 0.3329702
2630.0, 0.3328383
2640.0, 0.33270657
2650.0, 0.33257514
2660.0, 0.33244386
2670.0, 0.33231288
2680.0, 0.3321821
2690.0, 0.33205155
2700.0, 0.33192128
2710.0, 0.3317912
2720.0, 0.3316613
2730.0, 0.33153173
2740.0, 0.33140233
2750.0, 0.33127317
2760.0, 0.33114424
2770.0, 0.33101556
2780.0, 0.33088708
2790.0, 0.33075878
2800.0, 0.3306308
2810.0, 0.33050302
2820.0, 0.33037543
2830.0, 0.33024812
2840.0, 0.33012098
2850.0, 0.32999408
2860.0, 0.32986742
2870.0, 0.32974097
2880.0, 0.32961476
2890.0, 0.32948875
2900.0, 0.329363
2910.0, 0.32923746
2920.0, 0.3291121
2930.0, 0.328987
2940.0, 0.32886216
2950.0, 0.32873747
2960.0, 0.32861304
2970.0, 0.32848883
2980.0, 0.32836482
2990.0, 0.32824105
3000.0, 0.32811752
3010.0, 0.32799417
3020.0, 0.32787105
3030.0, 0.32774815
3040.0, 0.32762548
3050.0, 0.327503
3060.0, 0.32738078
3070.0, 0.3272587
3080.0, 0.3271369
3090.0, 0.32701534
3100.0, 0.326894
3110.0, 0.3267728
3120.0, 0.32665187
3130.0, 0.32653114
3140.0, 0.3264106
3150.0, 0.3262903
3160.0, 0.3261702
3170.0, 0.32605034
3180.0, 0.32593068
3190.0, 0.32581127
3200.0, 0.325692
3210.0, 0.32557297
3220.0, 0.32545415
3230.0, 0.32533556
3240.0, 0.3252172
3250.0, 0.32509902
3260.0, 0.32498106
3270.0, 0.3248633
3280.0, 0.32474577
3290.0, 0.3246284
3300.0, 0.3245113
3310.0, 0.32439438
3320.0, 0.3242777
3330.0, 0.32416117
3340.0, 0.3240449
3350.0, 0.3239288
3360.0, 0.32381296
3370.0, 0.32369727
3380.0, 0.3235818
3390.0, 0.32346654
3400.0, 0.32335147
3410.0, 0.32323664
3420.0, 0.32312202
3430.0, 0.32300758
3440.0, 0.32289335
3450.0, 0.32277933
3460.0, 0.32266548
3470.0, 0.32255188
3480.0, 0.32243848
3490.0, 0.32232526
3500.0, 0.32221225
3510.0, 0.32209945
3520.0, 0.32198685
3530.0, 0.32187444
3540.0, 0.32176223
3550.0, 0.32165024
3560.0, 0.32153842
3570.0, 0.32142684
3580.0, 0.3213154
3590.0, 0.32120422
3600.0, 0.32109323
3610.0, 0.32098243
3620.0, 0.32087183
3630.0, 0.32076138
3640.0, 0.3206512
3650.0, 0.3205412
3660.0, 0.32043138
3670.0, 0.32032177
3680.0, 0.32021233
3690.0, 0.3201031
3700.0, 0.31999406
3710.0, 0.31988528
3720.0, 0.31977662
3730.0, 0.31966817
3740.0, 0.31955993
3750.0, 0.31945187
3760.0, 0.31934404
3770.0, 0.31923637
3780.0, 0.3191289
3790.0, 0.3190216
3800.0, 0.31891453
3810.0, 0.31880763
3820.0, 0.31870094
3830.0, 0.31859443
3840.0, 0.31848812
3850.0, 0.318382
3860.0, 0.31827608
3870.0, 0.31817034
3880.0, 0.31806478
3890.0, 0.31795943
3900.0, 0.31785423
3910.0, 0.31774926
3920.0, 0.31764445
3930.0, 0.31753984
3940.0, 0.3174354
3950.0, 0.31733122
3960.0, 0.31722715
3970.0, 0.3171233
3980.0, 0.3170196
3990.0, 0.31691617
4000.0, 0.31681284
4010.0, 0.31670976
4020.0, 0.31660682
4030.0, 0.3165041
4040.0, 0.31640154
4050.0, 0.31629917
4060.0, 0.31619698
4070.0, 0.316095
4080.0, 0.3159932
4090.0, 0.31589156
4100.0, 0.31579012
4110.0, 0.31568885
4120.0, 0.31558776
4130.0, 0.31548685
4140.0, 0.31538615
4150.0, 0.31528562
4160.0, 0.31518525
4170.0, 0.31508508
4180.0, 0.31498513
4190.0, 0.3148853
4200.0, 0.31478566
4210.0, 0.31468624
4220.0, 0.31458697
4230.0, 0.31448787
4240.0, 0.31438896
4250.0, 0.31429023
4260.0, 0.31419167
4270.0, 0.3140933
4280.0, 0.3139951
4290.0, 0.31389707
4300.0, 0.31379923
4310.0, 0.3137016
4320.0, 0.3136041
4330.0, 0.3135068
4340.0, 0.31340966
4350.0, 0.3133127
4360.0, 0.3132159
4370.0, 0.3131193
4380.0, 0.31302288
4390.0, 0.31292662
4400.0, 0.3128305
4410.0, 0.31273463
4420.0, 0.31263888
4430.0, 0.31254333
4440.0, 0.31244797
4450.0, 0.31235275
4460.0, 0.31225768
4470.0, 0.3121628
4480.0, 0.3120681
4490.0, 0.31197357
4500.0, 0.31187925
4510.0, 0.31178504
4520.0, 0.31169105
4530.0, 0.3115972
4540.0, 0.31150353
4550.0, 0.31141004
4560.0, 0.3113167
4570.0, 0.31122357
4580.0, 0.31113055
4590.0, 0.31103772
4600.0, 0.3109451
4610.0, 0.3108526
4620.0, 0.3107603
4630.0, 0.3106681
4640.0, 0.31057614
4650.0, 0.31048435
4660.0, 0.3103927
4670.0, 0.3103012
4680.0, 0.3102099
4690.0, 0.31011873
4700.0, 0.31002778
4710.0, 0.30993697
4720.0, 0.30984628
4730.0, 0.3097558
4740.0, 0.3096655
4750.0, 0.30957535
4760.0, 0.30948535
4770.0, 0.3093955
4780.0, 0.30930582
4790.0, 0.30921635
4800.0, 0.309127
4810.0, 0.30903783
4820.0, 0.30894884
4830.0, 0.30885997
4840.0, 0.30877128
4850.0, 0.30868277
4860.0, 0.3085944
4870.0, 0.3085062
4880.0, 0.30841815
4890.0, 0.30833027
4900.0, 0.30824253
4910.0, 0.30815497
4920.0, 0.3080676
4930.0, 0.30798033
4940.0, 0.30789325
4950.0, 0.3078063
4960.0, 0.3077196
4970.0, 0.30763295
4980.0, 0.30754653
4990.0, 0.30746022
5000.0, 0.30737412
5010.0, 0.3072881
5020.0, 0.3072023
5030.0, 0.30711663
5040.0, 0.30703115
5050.0, 0.3069458
5060.0, 0.3068606
5070.0, 0.30677557
5080.0, 0.30669066
5090.0, 0.30660596
5100.0, 0.3065214
5110.0, 0.30643696
5120.0, 0.3063527
5130.0, 0.3062686
5140.0, 0.30618465
5150.0, 0.30610085
5160.0, 0.3060172
5170.0, 0.30593374
5180.0, 0.3058504
5190.0, 0.30576718
5200.0, 0.30568415
5210.0, 0.30560127
5220.0, 0.30551854
5230.0, 0.305436
5240.0, 0.30535352
5250.0, 0.30527127
5260.0, 0.30518913
5270.0, 0.30510715
5280.0, 0.30502534
5290.0, 0.30494365
5300.0, 0.3048621
5310.0, 0.30478078
5320.0, 0.30469954
5330.0, 0.30461848
5340.0, 0.30453753
5350.0, 0.30445674
5360.0, 0.30437613
5370.0, 0.30429563
5380.0, 0.30421528
5390.0, 0.3041351
5400.0, 0.3040551
5410.0, 0.30397516
5420.0, 0.3038954
5430.0, 0.30381584
5440.0, 0.3037364
5450.0, 0.30365705
5460.0, 0.3035779
5470.0, 0.3034989
5480.0, 0.30342004
5490.0, 0.3033413
5500.0, 0.30326274
5510.0, 0.3031843
5520.0, 0.30310598
5530.0, 0.30302784
5540.0, 0.30294985
5550.0, 0.30287197
5560.0, 0.30279428
5570.0, 0.3027167
5580.0, 0.30263925
5590.0, 0.30256197
5600.0, 0.3024848
5610.0, 0.30240783
5620.0, 0.30233097
5630.0, 0.30225426
5640.0, 0.30217767
5650.0, 0.30210122
5660.0, 0.30202493
5670.0, 0.30194876
5680.0, 0.30187276
5690.0, 0.30179688
5700.0, 0.30172116
5710.0, 0.30164558
5720.0, 0.30157012
5730.0, 0.30149478
5740.0, 0.3014196
5750.0, 0.30134454
5760.0, 0.30126968
5770.0, 0.30119488
5780.0, 0.30112025
5790.0, 0.30104578
5800.0, 0.30097142
5810.0, 0.3008972
5820.0, 0.30082315
5830.0, 0.30074918
5840.0, 0.3006754
5850.0, 0.30060175
5860.0, 0.30052823
5870.0, 0.3004548
5880.0, 0.3003815
5890.0, 0.3003084
5900.0, 0.30023545
5910.0, 0.30016258
5920.0, 0.30008987
5930.0, 0.30001727
5940.0, 0.29994482
5950.0, 0.29987252
5960.0, 0.29980034
5970.0, 0.2997283
5980.0, 0.2996564
5990.0, 0.2995846
6000.0, 0.29951295
6010.0, 0.2994414
6020.0, 0.29937005
6030.0, 0.29929882
6040.0, 0.29922765
6050.0, 0.2991567
6060.0, 0.29908583
6070.0, 0.2990151
6080.0, 0.29894453
6090.0, 0.29887402
6100.0, 0.29880372
6110.0, 0.29873347
6120.0, 0.29866344
6130.0, 0.2985935
6140.0, 0.2985237
6150.0, 0.298454
6160.0, 0.29838443
6170.0, 0.29831502
6180.0, 0.29824573
6190.0, 0.29817656
6200.0, 0.2981075
6210.0, 0.2980386
6220.0, 0.29796982
6230.0, 0.29790115
6240.0, 0.2978326
6250.0, 0.29776424
6260.0, 0.29769593
6270.0, 0.29762778
6280.0, 0.29755977
6290.0, 0.2974919
6300.0, 0.2974241
6310.0, 0.29735646
6320.0, 0.29728895
6330.0, 0.29722157
6340.0, 0.29715428
6350.0, 0.29708716
6360.0, 0.29702014
6370.0, 0.2969532
6380.0, 0.29688647
6390.0, 0.29681984
6400.0, 0.29675332
6410.0, 0.29668692
6420.0, 0.29662064
6430.0, 0.29655448
6440.0, 0.29648843
6450.0, 0.29642257
6460.0, 0.2963568
6470.0, 0.2962911
6480.0, 0.29622558
6490.0, 0.29616016
6500.0, 0.29609486
6510.0, 0.2960297
6520.0, 0.29596466
6530.0, 0.29589972
6540.0, 0.29583493
6550.0, 0.29577023
6560.0, 0.29570565
6570.0, 0.2956412
6580.0, 0.2955769
6590.0, 0.29551268
6600.0, 0.29544857
6610.0, 0.29538465
6620.0, 0.29532078
6630.0, 0.29525703
6640.0, 0.29519343
6650.0, 0.29512995
6660.0, 0.29506657
6670.0, 0.2950033
6680.0, 0.29494017
6690.0, 0.29487714
6700.0, 0.29481426
6710.0, 0.29475144
6720.0, 0.29468876
6730.0, 0.29462624
6740.0, 0.29456383
6750.0, 0.2945015
6760.0, 0.29443932
6770.0, 0.2943772
6780.0, 0.29431528
6790.0, 0.2942534
6800.0, 0.29419166
6810.0, 0.29413003
6820.0, 0.29406852
6830.0, 0.29400712
6840.0, 0.29394585
6850.0, 0.2938847
6860.0, 0.29382366
6870.0, 0.2937627
6880.0, 0.2937019
6890.0, 0.29364118
6900.0, 0.2935806
6910.0, 0.2935201
6920.0, 0.29345974
6930.0, 0.29339948
6940.0, 0.29333934
6950.0, 0.29327932
6960.0, 0.2932194
6970.0, 0.29315957
6980.0, 0.2930999
6990.0, 0.29304034
7000.0, 0.29298085
7010.0, 0.29292148
7020.0, 0.29286224
7030.0, 0.2928031
7040.0, 0.29274407
7050.0, 0.29268515
7060.0, 0.29262635
7070.0, 0.29256767
7080.0, 0.29250908
7090.0, 0.2924506
7100.0, 0.29239222
7110.0, 0.29233396
7120.0, 0.29227585
7130.0, 0.29221782
7140.0, 0.29215986
7150.0, 0.29210204
7160.0, 0.29204434
7170.0, 0.29198673
7180.0, 0.29192924
7190.0, 0.29187185
7200.0, 0.29181457
7210.0, 0.29175738
7220.0, 0.29170033
7230.0, 0.29164338
7240.0, 0.29158652
7250.0, 0.29152977
7260.0, 0.29147315
7270.0, 0.2914166
7280.0, 0.29136017
7290.0, 0.29130384
7300.0, 0.29124764
7310.0, 0.29119155
7320.0, 0.29113552
7330.0, 0.29107964
7340.0, 0.29102385
7350.0, 0.29096815
7360.0, 0.29091257
7370.0, 0.2908571
7380.0, 0.29080173
7390.0, 0.29074645
7400.0, 0.29069126
7410.0, 0.2906362
7420.0, 0.29058126
7430.0, 0.2905264
7440.0, 0.29047164
7450.0, 0.290417
7460.0, 0.29036245
7470.0, 0.290308
7480.0, 0.29025367
7490.0, 0.29019943
7500.0, 0.29014525
7510.0, 0.29009122
7520.0, 0.2900373
7530.0, 0.28998345
7540.0, 0.28992975
7550.0, 0.2898761
7560.0, 0.28982258
7570.0, 0.28976914
7580.0, 0.2897158
7590.0, 0.28966257
7600.0, 0.28960943
7610.0, 0.2895564
7620.0, 0.28950348
7630.0, 0.28945065
7640.0, 0.28939793
7650.0, 0.2893453
7660.0, 0.28929278
7670.0, 0.28924033
7680.0, 0.28918803
7690.0, 0.28913578
7700.0, 0.28908366
7710.0, 0.28903162
7720.0, 0.28897968
7730.0, 0.28892782
7740.0, 0.2888761
7750.0, 0.28882444
7760.0, 0.28877288
7770.0, 0.28872144
7780.0, 0.2886701
7790.0, 0.2886188
7800.0, 0.28856766
7810.0, 0.2885166
7820.0, 0.28846565
7830.0, 0.28841475
7840.0, 0.288364
7850.0, 0.2883133
7860.0, 0.28826272
7870.0, 0.28821224
7880.0, 0.28816184
7890.0, 0.28811154
7900.0, 0.28806132
7910.0, 0.28801122
7920.0, 0.2879612
7930.0, 0.2879113
7940.0, 0.2878615
7950.0, 0.28781173
7960.0, 0.2877621
7970.0, 0.28771254
7980.0, 0.2876631
7990.0, 0.28761375
8000.0, 0.2875645
8010.0, 0.28751534
8020.0, 0.28746626
8030.0, 0.28741726
8040.0, 0.2873684
8050.0, 0.28731957
8060.0, 0.28727087
8070.0, 0.28722227
8080.0, 0.28717372
8090.0, 0.2871253
8100.0, 0.28707695
8110.0, 0.2870287
8120.0, 0.28698057
8130.0, 0.2869325
8140.0, 0.28688455
8150.0, 0.28683665
8160.0, 0.28678885
8170.0, 0.28674117
8180.0, 0.2866935
8190.0, 0.286646
8200.0, 0.28659856
8210.0, 0.28655124
8220.0, 0.286504
8230.0, 0.28645682
8240.0, 0.28640977
8250.0, 0.28636277
8260.0, 0.28631586
8270.0, 0.28626907
8280.0, 0.28622234
8290.0, 0.28617573
8300.0, 0.28612918
8310.0, 0.2860827
8320.0, 0.28603637
8330.0, 0.2859901
8340.0, 0.2859439
8350.0, 0.2858978
8360.0, 0.28585178
8370.0, 0.28580588
8380.0, 0.28576002
8390.0, 0.28571427
8400.0, 0.28566858
8410.0, 0.285623
8420.0, 0.28557754
8430.0, 0.28553212
8440.0, 0.28548682
8450.0, 0.28544155
8460.0, 0.28539643
8470.0, 0.28535137
8480.0, 0.2853064
8490.0, 0.2852615
8500.0, 0.2852167
8510.0, 0.285172
8520.0, 0.28512734
8530.0, 0.28508276
8540.0, 0.28503832
8550.0, 0.28499395
8560.0, 0.28494963
8570.0, 0.28490543
8580.0, 0.28486133
8590.0, 0.28481725
8600.0, 0.2847733
8610.0, 0.2847294
8620.0, 0.2846856
8630.0, 0.28464192
8640.0, 0.2845983
8650.0, 0.28455472
8660.0, 0.28451127
8670.0, 0.28446788
8680.0, 0.2844246
8690.0, 0.2843814
8700.0, 0.28433824
8710.0, 0.2842952
8720.0, 0.28425223
8730.0, 0.28420934
8740.0, 0.2841665
8750.0, 0.28412378
8760.0, 0.28408116
8770.0, 0.28403857
8780.0, 0.2839961
8790.0, 0.28395373
8800.0, 0.2839114
8810.0, 0.28386915
8820.0, 0.283827
8830.0, 0.28378493
8840.0, 0.2837429
8850.0, 0.28370103
8860.0, 0.28365916
8870.0, 0.2836174
8880.0, 0.28357574
8890.0, 0.2835341
8900.0, 0.28349262
8910.0, 0.28345117
8920.0, 0.2834098
8930.0, 0.28336853
8940.0, 0.2833273
8950.0, 0.28328618
8960.0, 0.28324518
8970.0, 0.28320417
8980.0, 0.2831633
8990.0, 0.28312248
9000.0, 0.28308174
9010.0, 0.2830411
9020.0, 0.2830005
9030.0, 0.28296
9040.0, 0.2829196
9050.0, 0.28287923
9060.0, 0.28283894
9070.0, 0.28279877
9080.0, 0.28275865
9090.0, 0.2827186
9100.0, 0.28267863
9110.0, 0.28263876
9120.0, 0.28259894
9130.0, 0.2825592
9140.0, 0.28251955
9150.0, 0.28247997
9160.0, 0.28244042
9170.0, 0.28240103
9180.0, 0.28236166
9190.0, 0.28232238
9200.0, 0.28228316
9210.0, 0.28224403
9220.0, 0.282205
9230.0, 0.28216597
9240.0, 0.28212705
9250.0, 0.28208825
9260.0, 0.2820495
9270.0, 0.2820108
9280.0, 0.2819722
9290.0, 0.28193364
9300.0, 0.2818952
9310.0, 0.28185678
9320.0, 0.28181845
9330.0, 0.2817802
9340.0, 0.28174204
9350.0, 0.28170395
9360.0, 0.28166592
9370.0, 0.28162795
9380.0, 0.28159007
9390.0, 0.28155228
9400.0, 0.28151453
9410.0, 0.28147689
9420.0, 0.28143927
9430.0, 0.28140175
9440.0, 0.28136432
9450.0, 0.28132692
9460.0, 0.28128964
9470.0, 0.2812524
9480.0, 0.28121522
9490.0, 0.28117815
9500.0, 0.28114113
9510.0, 0.28110418
9520.0, 0.2810673
9530.0, 0.28103048
9540.0, 0.28099376
9550.0, 0.28095707
9560.0, 0.2809205
9570.0, 0.28088397
9580.0, 0.2808475
9590.0, 0.28081113
9600.0, 0.2807748
9610.0, 0.28073856
9620.0, 0.28070238
9630.0, 0.28066626
9640.0, 0.28063023
9650.0, 0.28059423
9660.0, 0.28055835
9670.0, 0.28052253
9680.0, 0.28048673
9690.0, 0.28045106
9700.0, 0.28041545
9710.0, 0.28037986
9720.0, 0.28034437
9730.0, 0.28030896
9740.0, 0.28027362
9750.0, 0.2802383
9760.0, 0.28020307
9770.0, 0.28016794
9780.0, 0.28013286
9790.0, 0.2800978
9800.0, 0.28006288
9810.0, 0.28002802
9820.0, 0.27999318
9830.0, 0.27995843
9840.0, 0.27992377
9850.0, 0.27988914
9860.0, 0.27985457
9870.0, 0.2798201
9880.0, 0.2797857
9890.0, 0.27975133
9900.0, 0.27971706
9910.0, 0.27968284
9920.0, 0.2796487
9930.0, 0.2796146
9940.0, 0.2795806
9950.0, 0.27954662
9960.0, 0.27951273
9970.0, 0.2794789
9980.0, 0.27944514
9990.0, 0.27941144
10000.0, 0.27937782
10010.0, 0.27934426
10020.0, 0.27931073
10030.0, 0.2792773
10040.0, 0.27924392
10050.0, 0.2792106
10060.0, 0.27917737
10070.0, 0.27914417
10080.0, 0.27911106
10090.0, 0.279078
10100.0, 0.27904502
10110.0, 0.27901208
10120.0, 0.2789792
10130.0, 0.27894643
10140.0, 0.27891368
10150.0, 0.278881
10160.0, 0.2788484
10170.0, 0.27881584
10180.0, 0.27878335
10190.0, 0.27875093
10200.0, 0.2787186
10210.0, 0.27868629
10220.0, 0.27865404
10230.0, 0.27862185
10240.0, 0.27858976
10250.0, 0.27855772
10260.0, 0.2785257
10270.0, 0.2784938
10280.0, 0.27846193
10290.0, 0.2784301
10300.0, 0.27839833
10310.0, 0.27836668
10320.0, 0.27833506
10330.0, 0.2783035
10340.0, 0.27827197
10350.0, 0.27824053
10360.0, 0.27820918
10370.0, 0.27817783
10380.0, 0.2781466
10390.0, 0.2781154
10400.0, 0.27808425
10410.0, 0.2780532
10420.0, 0.27802214
10430.0, 0.27799118
10440.0, 0.2779603
10450.0, 0.27792946
10460.0, 0.27789867
10470.0, 0.27786797
10480.0, 0.2778373
10490.0, 0.2778067
10500.0, 0.27777615
10510.0, 0.27774566
10520.0, 0.27771524
10530.0, 0.27768487
10540.0, 0.27765456
10550.0, 0.2776243
10560.0, 0.27759412
10570.0, 0.277564
10580.0, 0.27753392
10590.0, 0.27750388
10600.0, 0.27747393
10610.0, 0.27744403
10620.0, 0.2774142
10630.0, 0.2773844
10640.0, 0.2773547
10650.0, 0.277325
10660.0, 0.27729538
10670.0, 0.27726582
10680.0, 0.27723634
10690.0, 0.2772069
10700.0, 0.2771775
10710.0, 0.27714816
10720.0, 0.2771189
10730.0, 0.2770897
10740.0, 0.2770605
10750.0, 0.27703142
10760.0, 0.27700236
10770.0, 0.27697337
10780.0, 0.27694443
10790.0, 0.27691555
10800.0, 0.27688673
10810.0, 0.27685797
10820.0, 0.27682924
10830.0, 0.2768006
10840.0, 0.276772
10850.0, 0.27674344
10860.0, 0.27671495
10870.0, 0.27668652
10880.0, 0.27665812
10890.0, 0.2766298
10900.0, 0.27660155
10910.0, 0.27657333
10920.0, 0.27654517
10930.0, 0.27651703
10940.0, 0.276489
10950.0, 0.276461
10960.0, 0.27643305
10970.0, 0.27640516
10980.0, 0.27637732
10990.0, 0.27634954
11000.0, 0.2763218
11010.0, 0.2762941
11020.0, 0.27626652
11030.0, 0.27623892
11040.0, 0.2762114
11050.0, 0.27618396
11060.0, 0.27615654
11070.0, 0.2761292
11080.0, 0.2761019
11090.0, 0.27607462
11100.0, 0.27604744
11110.0, 0.2760203
11120.0, 0.27599317
11130.0, 0.27596614
11140.0, 0.27593917
11150.0, 0.27591223
11160.0, 0.2758853
11170.0, 0.2758585
11180.0, 0.27583173
11190.0, 0.27580503
11200.0, 0.27577832
11210.0, 0.2757517
11220.0, 0.27572513
11230.0, 0.2756986
11240.0, 0.2756721
11250.0, 0.2756457
11260.0, 0.27561936
11270.0, 0.275593
11280.0, 0.27556676
11290.0, 0.27554053
11300.0, 0.2755144
11310.0, 0.2754883
11320.0, 0.2754622
11330.0, 0.2754362
11340.0, 0.27541023
11350.0, 0.2753843
11360.0, 0.27535847
11370.0, 0.27533266
11380.0, 0.27530688
11390.0, 0.27528116
11400.0, 0.2752555
11410.0, 0.27522987
11420.0, 0.27520433
11430.0, 0.27517882
11440.0, 0.27515337
11450.0, 0.27512795
11460.0, 0.27510256
11470.0, 0.27507725
11480.0, 0.27505198
11490.0, 0.27502677
11500.0, 0.2750016
11510.0, 0.27497646
11520.0, 0.27495143
11530.0, 0.2749264
11540.0, 0.27490142
11550.0, 0.2748765
11560.0, 0.27485162
11570.0, 0.2748268
11580.0, 0.274802
11590.0, 0.27477726
11600.0, 0.2747526
11610.0, 0.27472794
11620.0, 0.27470335
11630.0, 0.2746788
11640.0, 0.27465433
11650.0, 0.2746299
11660.0, 0.27460548
11670.0, 0.27458113
11680.0, 0.27455682
11690.0, 0.27453256
11700.0, 0.27450836
11710.0, 0.2744842
11720.0, 0.27446008
11730.0, 0.27443603
11740.0, 0.274412
11750.0, 0.27438802
11760.0, 0.27436408
11770.0, 0.2743402
11780.0, 0.27431637
11790.0, 0.27429256
11800.0, 0.27426884
11810.0, 0.2742451
11820.0, 0.27422145
11830.0, 0.27419788
11840.0, 0.2741743
11850.0, 0.2741508
11860.0, 0.27412733
11870.0, 0.2741039
11880.0, 0.27408051
11890.0, 0.2740572
11900.0, 0.2740339
11910.0, 0.27401066
11920.0, 0.27398747
11930.0, 0.27396435
11940.0, 0.27394122
11950.0, 0.27391815
11960.0, 0.27389514
11970.0, 0.27387217
11980.0, 0.27384922
11990.0, 0.27382636
12000.0, 0.2738035
12010.0, 0.27378073
12020.0, 0.273758
12030.0, 0.27373528
12040.0, 0.2737126
12050.0, 0.27369
12060.0, 0.27366742
12070.0, 0.2736449
12080.0, 0.2736224
12090.0, 0.27359995
12100.0, 0.27357757
12110.0, 0.27355522
12120.0, 0.27353293
12130.0, 0.27351066
12140.0, 0.27348843
12150.0, 0.27346626
12160.0, 0.27344412
12170.0, 0.273422
12180.0, 0.27339995
12190.0, 0.27337793
12200.0, 0.27335596
12210.0, 0.27333403
12220.0, 0.27331218
12230.0, 0.27329034
12240.0, 0.27326852
12250.0, 0.27324677
12260.0, 0.2732251
12270.0, 0.2732034
12280.0, 0.27318177
12290.0, 0.27316022
12300.0, 0.27313867
12310.0, 0.27311715
12320.0, 0.2730957
12330.0, 0.2730743
12340.0, 0.2730529
12350.0, 0.27303156
12360.0, 0.27301028
12370.0, 0.27298903
12380.0, 0.27296782
12390.0, 0.27294666
12400.0, 0.27292553
12410.0, 0.27290446
12420.0, 0.27288342
12430.0, 0.2728624
12440.0, 0.27284142
12450.0, 0.27282053
12460.0, 0.27279964
12470.0, 0.2727788
12480.0, 0.272758
12490.0, 0.27273723
12500.0, 0.27271652
12510.0, 0.27269584
12520.0, 0.27267522
12530.0, 0.27265462
12540.0, 0.27263406
12550.0, 0.27261353
12560.0, 0.27259308
12570.0, 0.27257264
12580.0, 0.27255222
12590.0, 0.27253187
12600.0, 0.27251154
12610.0, 0.27249128
12620.0, 0.27247104
12630.0, 0.27245086
12640.0, 0.2724307
12650.0, 0.27241057
12660.0, 0.27239048
12670.0, 0.27237046
12680.0, 0.27235046
12690.0, 0.2723305
12700.0, 0.27231055
12710.0, 0.27229068
12720.0, 0.27227083
12730.0, 0.27225098
12740.0, 0.27223122
12750.0, 0.27221152
12760.0, 0.27219182
12770.0, 0.27217215
12780.0, 0.27215254
12790.0, 0.27213296
12800.0, 0.27211344
12810.0, 0.27209392
12820.0, 0.27207446
12830.0, 0.27205503
12840.0, 0.27203566
12850.0, 0.27201632
12860.0, 0.271997
12870.0, 0.27197772
12880.0, 0.2719585
12890.0, 0.2719393
12900.0, 0.2719201
12910.0, 0.271901
12920.0, 0.2718819
12930.0, 0.27186286
12940.0, 0.27184385
12950.0, 0.2718249
12960.0, 0.27180594
12970.0, 0.27178702
12980.0, 0.27176818
12990.0, 0.27174935
13000.0, 0.27173054
13010.0, 0.2717118
13020.0, 0.27169308
13030.0, 0.2716744
13040.0, 0.27165574
13050.0, 0.27163714
13060.0, 0.2716186
13070.0, 0.27160007
13080.0, 0.27158153
13090.0, 0.27156308
13100.0, 0.27154467
13110.0, 0.27152628
13120.0, 0.27150792
13130.0, 0.2714896
13140.0, 0.27147132
13150.0, 0.27145305
13160.0, 0.27143487
13170.0, 0.2714167
13180.0, 0.27139854
13190.0, 0.27138045
13200.0, 0.27136236
13210.0, 0.27134436
13220.0, 0.27132633
13230.0, 0.2713084
13240.0, 0.27129045
13250.0, 0.27127257
13260.0, 0.2712547
13270.0, 0.27123687
13280.0, 0.2712191
13290.0, 0.2712013
13300.0, 0.2711836
13310.0, 0.27116594
13320.0, 0.2711483
13330.0, 0.27113065
13340.0, 0.27111307
13350.0, 0.27109554
13360.0, 0.27107802
13370.0, 0.27106056
13380.0, 0.2710431
13390.0, 0.2710257
13400.0, 0.2710083
13410.0, 0.27099097
13420.0, 0.27097365
13430.0, 0.2709564
13440.0, 0.27093917
13450.0, 0.27092195
13460.0, 0.27090478
13470.0, 0.27088764
13480.0, 0.27087054
13490.0, 0.27085346
13500.0, 0.27083644
13510.0, 0.2708194
13520.0, 0.27080244
13530.0, 0.2707855
13540.0, 0.27076858
13550.0, 0.27075174
13560.0, 0.2707349
13570.0, 0.27071807
13580.0, 0.2707013
13590.0, 0.27068457
13600.0, 0.27066785
13610.0, 0.2706512
13620.0, 0.27063453
13630.0, 0.27061793
13640.0, 0.27060136
13650.0, 0.27058482
13660.0, 0.2705683
13670.0, 0.27055183
13680.0, 0.27053538
13690.0, 0.27051896
13700.0, 0.27050257
13710.0, 0.2704862
13720.0, 0.27046987
13730.0, 0.27045363
13740.0, 0.27043736
13750.0, 0.27042115
13760.0, 0.27040493
13770.0, 0.27038878
13780.0, 0.27037266
13790.0, 0.27035654
13800.0, 0.2703405
13810.0, 0.27032447
13820.0, 0.27030846
13830.0, 0.2702925
13840.0, 0.27027655
13850.0, 0.27026063
13860.0, 0.27024478
13870.0, 0.2702289
13880.0, 0.2702131
13890.0, 0.2701973
13900.0, 0.27018157
13910.0, 0.27016583
13920.0, 0.27015015
13930.0, 0.27013448
13940.0, 0.27011886
13950.0, 0.27010325
13960.0, 0.2700877
13970.0, 0.27007213
13980.0, 0.27005666
13990.0, 0.27004114
14000.0, 0.2700257
14010.0, 0.2700103
14020.0, 0.2699949
14030.0, 0.26997957
14040.0, 0.26996422
14050.0, 0.26994893
14060.0, 0.26993367
14070.0, 0.26991844
14080.0, 0.2699032
14090.0, 0.26988804
14100.0, 0.2698729
14110.0, 0.2698578
14120.0, 0.26984268
14130.0, 0.26982763
14140.0, 0.2698126
14150.0, 0.26979762
14160.0, 0.26978266
14170.0, 0.2697677
14180.0, 0.2697528
14190.0, 0.2697379
14200.0, 0.26972306
14210.0, 0.26970825
14220.0, 0.26969343
14230.0, 0.26967868
14240.0, 0.26966393
14250.0, 0.26964924
14260.0, 0.26963454
14270.0, 0.2696199
14280.0, 0.2696053
14290.0, 0.26959068
14300.0, 0.26957613
14310.0, 0.2695616
14320.0, 0.26954708
14330.0, 0.2695326
14340.0, 0.26951817
14350.0, 0.26950374
14360.0, 0.26948935
14370.0, 0.269475
14380.0, 0.26946065
14390.0, 0.26944634
14400.0, 0.26943207
14410.0, 0.2694178
14420.0, 0.26940358
14430.0, 0.2693894
14440.0, 0.26937523
14450.0, 0.26936108
14460.0, 0.26934698
14470.0, 0.2693329
14480.0, 0.26931882
14490.0, 0.26930478
14500.0, 0.2692908
14510.0, 0.26927683
14520.0, 0.26926288
14530.0, 0.26924896
14540.0, 0.26923507
14550.0, 0.26922122
14560.0, 0.26920736
14570.0, 0.26919353
14580.0, 0.26917976
14590.0, 0.269166
14600.0, 0.26915228
14610.0, 0.26913857
14620.0, 0.2691249
14630.0, 0.26911125
14640.0, 0.26909763
14650.0, 0.26908404
14660.0, 0.26907048
14670.0, 0.26905692
14680.0, 0.26904342
14690.0, 0.26902992
14700.0, 0.26901647
14710.0, 0.26900303
14720.0, 0.26898962
14730.0, 0.26897624
14740.0, 0.2689629
14750.0, 0.26894954
14760.0, 0.26893625
14770.0, 0.26892298
14780.0, 0.26890972
14790.0, 0.2688965
14800.0, 0.2688833
14810.0, 0.26887015
14820.0, 0.26885697
14830.0, 0.26884386
14840.0, 0.26883075
14850.0, 0.2688177
14860.0, 0.26880464
14870.0, 0.26879162
14880.0, 0.26877862
14890.0, 0.26876566
14900.0, 0.26875272
14910.0, 0.2687398
14920.0, 0.26872692
14930.0, 0.26871404
14940.0, 0.26870123
14950.0, 0.26868838
14960.0, 0.2686756
14970.0, 0.26866284
14980.0, 0.26865008
14990.0, 0.2686374
15000.0, 0.2686247
15010.0, 0.26861203
15020.0, 0.2685994
15030.0, 0.26858678
15040.0, 0.2685742
15050.0, 0.2685616
15060.0, 0.26854905
15070.0, 0.26853654
15080.0, 0.26852408
15090.0, 0.2685116
15100.0, 0.26849917
15110.0, 0.26848677
15120.0, 0.26847434
15130.0, 0.26846197
15140.0, 0.26844963
15150.0, 0.26843733
15160.0, 0.26842502
15170.0, 0.26841274
15180.0, 0.26840052
15190.0, 0.26838827
15200.0, 0.26837608
15210.0, 0.26836392
15220.0, 0.26835176
15230.0, 0.2683396
15240.0, 0.26832753
15250.0, 0.26831543
15260.0, 0.26830336
15270.0, 0.26829135
15280.0, 0.26827934
15290.0, 0.26826736
15300.0, 0.26825538
15310.0, 0.26824346
15320.0, 0.2682315
15330.0, 0.26821965
15340.0, 0.2682078
15350.0, 0.26819593
15360.0, 0.26818413
15370.0, 0.26817232
15380.0, 0.26816055
15390.0, 0.2681488
15400.0, 0.26813707
15410.0, 0.26812536
15420.0, 0.26811367
15430.0, 0.26810202
15440.0, 0.26809037
15450.0, 0.26807874
15460.0, 0.26806718
15470.0, 0.26805562
15480.0, 0.26804405
15490.0, 0.26803255
15500.0, 0.26802105
15510.0, 0.26800957
15520.0, 0.2679981
15530.0, 0.26798669
15540.0, 0.26797527
15550.0, 0.2679639
15560.0, 0.2679525
15570.0, 0.2679412
15580.0, 0.26792985
15590.0, 0.26791856
15600.0, 0.2679073
15610.0, 0.26789603
15620.0, 0.2678848
15630.0, 0.2678736
15640.0, 0.26786244
15650.0, 0.26785123
15660.0, 0.26784012
15670.0, 0.267829
15680.0, 0.26781788
15690.0, 0.2678068
15700.0, 0.26779574
15710.0, 0.2677847
15720.0, 0.26777372
15730.0, 0.26776272
15740.0, 0.26775178
15750.0, 0.26774082
15760.0, 0.26772988
15770.0, 0.267719
15780.0, 0.26770812
15790.0, 0.26769724
15800.0, 0.2676864
15810.0, 0.26767558
15820.0, 0.2676648
15830.0, 0.26765403
15840.0, 0.26764327
15850.0, 0.2676325
15860.0, 0.26762182
15870.0, 0.26761115
15880.0, 0.26760048
15890.0, 0.2675898
15900.0, 0.2675792
15910.0, 0.2675686
15920.0, 0.267558
15930.0, 0.26754746
15940.0, 0.2675369
15950.0, 0.2675264
15960.0, 0.26751587
15970.0, 0.2675054
15980.0, 0.26749492
15990.0, 0.2674845
16000.0, 0.26747409
16010.0, 0.26746368
16020.0, 0.2674533
16030.0, 0.26744294
16040.0, 0.2674326
16050.0, 0.2674223
16060.0, 0.267412
16070.0, 0.26740173
16080.0, 0.26739147
16090.0, 0.26738122
16100.0, 0.267371
16110.0, 0.2673608
16120.0, 0.26735064
16130.0, 0.26734048
16140.0, 0.26733038
16150.0, 0.26732022
16160.0, 0.26731014
16170.0, 0.26730007
16180.0, 0.26729
16190.0, 0.26727998
16200.0, 0.26726997
16210.0, 0.26726
16220.0, 0.26725
16230.0, 0.26724005
16240.0, 0.2672301
16250.0, 0.26722017
16260.0, 0.26721027
16270.0, 0.2672004
16280.0, 0.26719058
16290.0, 0.2671807
16300.0, 0.2671709
16310.0, 0.26716107
16320.0, 0.26715133
16330.0, 0.26714155
16340.0, 0.2671318
16350.0, 0.2671221
16360.0, 0.26711237
16370.0, 0.2671027
16380.0, 0.26709303
16390.0, 0.2670834
16400.0, 0.26707375
16410.0, 0.26706415
16420.0, 0.26705456
16430.0, 0.267045
16440.0, 0.26703545
16450.0, 0.26702592
16460.0, 0.26701638
16470.0, 0.2670069
16480.0, 0.26699743
16490.0, 0.26698798
16500.0, 0.26697853
16510.0, 0.2669691
16520.0, 0.2669597
16530.0, 0.26695034
16540.0, 0.26694098
16550.0, 0.26693162
16560.0, 0.2669223
16570.0, 0.26691297
16580.0, 0.26690367
16590.0, 0.26689443
16600.0, 0.26688516
16610.0, 0.26687595
16620.0, 0.2668667
16630.0, 0.2668575
16640.0, 0.26684833
16650.0, 0.26683918
16660.0, 0.26683003
16670.0, 0.2668209
16680.0, 0.2668118
16690.0, 0.2668027
16700.0, 0.26679364
16710.0, 0.26678458
16720.0, 0.26677555
16730.0, 0.26676652
16740.0, 0.26675752
16750.0, 0.26674855
16760.0, 0.26673958
16770.0, 0.2667306
16780.0, 0.2667217
16790.0, 0.26671278
16800.0, 0.26670387
16810.0, 0.266695
16820.0, 0.26668614
16830.0, 0.2666773
16840.0, 0.26666847
16850.0, 0.26665968
16860.0, 0.2666509
16870.0, 0.26664212
16880.0, 0.26663336
16890.0, 0.2666246
16900.0, 0.2666159
16910.0, 0.2666072
16920.0, 0.26659852
16930.0, 0.26658982
16940.0, 0.2665812
16950.0, 0.26657254
16960.0, 0.26656392
16970.0, 0.26655534
16980.0, 0.26654673
16990.0, 0.2665382
17000.0, 0.26652962
17010.0, 0.2665211
17020.0, 0.26651257
17030.0, 0.26650408
17040.0, 0.26649562
17050.0, 0.26648712
17060.0, 0.2664787
17070.0, 0.26647025
17080.0, 0.26646182
17090.0, 0.26645344
17100.0, 0.26644504
17110.0, 0.2664367
17120.0, 0.26642835
17130.0, 0.26642
17140.0, 0.2664117
17150.0, 0.26640338
17160.0, 0.2663951
17170.0, 0.26638684
17180.0, 0.26637858
17190.0, 0.26637036
17200.0, 0.26636213
17210.0, 0.26635394
17220.0, 0.26634574
17230.0, 0.26633757
17240.0, 0.26632944
17250.0, 0.26632127
17260.0, 0.26631317
17270.0, 0.26630506
17280.0, 0.26629698
17290.0, 0.2662889
17300.0, 0.26628083
17310.0, 0.2662728
17320.0, 0.2662648
17330.0, 0.26625678
17340.0, 0.2662488
17350.0, 0.2662408
17360.0, 0.26623282
17370.0, 0.2662249
17380.0, 0.26621696
17390.0, 0.26620904
17400.0, 0.26620114
17410.0, 0.26619327
17420.0, 0.2661854
17430.0, 0.26617756
17440.0, 0.2661697
17450.0, 0.2661619
17460.0, 0.26615408
17470.0, 0.2661463
17480.0, 0.26613852
17490.0, 0.26613078
17500.0, 0.26612303
17510.0, 0.26611528
17520.0, 0.26610756
17530.0, 0.26609987
17540.0, 0.2660922
17550.0, 0.26608452
17560.0, 0.26607686
17570.0, 0.26606923
17580.0, 0.2660616
17590.0, 0.266054
17600.0, 0.2660464
17610.0, 0.26603884
17620.0, 0.26603127
17630.0, 0.26602373
17640.0, 0.26601622
17650.0, 0.26600868
17660.0, 0.2660012
17670.0, 0.26599368
17680.0, 0.2659862
17690.0, 0.26597875
17700.0, 0.2659713
17710.0, 0.26596388
17720.0, 0.26595646
17730.0, 0.26594907
17740.0, 0.26594168
17750.0, 0.26593432
17760.0, 0.26592696
17770.0, 0.26591963
17780.0, 0.2659123
17790.0, 0.265905
17800.0, 0.2658977
17810.0, 0.26589042
17820.0, 0.26588315
17830.0, 0.2658759
17840.0, 0.26586863
17850.0, 0.26586142
17860.0, 0.2658542
17870.0, 0.26584703
17880.0, 0.26583984
17890.0, 0.2658327
17900.0, 0.2658255
17910.0, 0.2658184
17920.0, 0.26581123
17930.0, 0.26580414
17940.0, 0.26579705
17950.0, 0.26578993
17960.0, 0.2657829
17970.0, 0.26577583
17980.0, 0.2657688
17990.0, 0.26576176
18000.0, 0.26575473
18010.0, 0.26574776
18020.0, 0.26574075
18030.0, 0.26573378
18040.0, 0.2657268
18050.0, 0.2657199
18060.0, 0.26571295
18070.0, 0.26570603
18080.0, 0.26569915
18090.0, 0.26569223
18100.0, 0.26568538
18110.0, 0.26567852
18120.0, 0.26567167
18130.0, 0.26566485
18140.0, 0.265658
18150.0, 0.2656512
18160.0, 0.2656444
18170.0, 0.26563764
18180.0, 0.26563084
18190.0, 0.26562408
18200.0, 0.26561737
18210.0, 0.26561064
18220.0, 0.2656039
18230.0, 0.26559722
18240.0, 0.26559055
18250.0, 0.26558387
18260.0, 0.2655772
18270.0, 0.26557055
18280.0, 0.26556394
18290.0, 0.2655573
18300.0, 0.2655507
18310.0, 0.2655441
18320.0, 0.2655375
18330.0, 0.26553094
18340.0, 0.2655244
18350.0, 0.26551783
18360.0, 0.2655113
18370.0, 0.2655048
18380.0, 0.26549828
18390.0, 0.26549178
18400.0, 0.26548535
18410.0, 0.26547885
18420.0, 0.2654724
18430.0, 0.26546595
18440.0, 0.26545954
18450.0, 0.26545313
18460.0, 0.2654467
18470.0, 0.26544032
18480.0, 0.26543394
18490.0, 0.2654276
18500.0, 0.26542124
18510.0, 0.2654149
18520.0, 0.26540858
18530.0, 0.26540226
18540.0, 0.26539594
18550.0, 0.26538965
18560.0, 0.2653834
18570.0, 0.26537713
18580.0, 0.26537088
18590.0, 0.26536465
18600.0, 0.26535842
18610.0, 0.2653522
18620.0, 0.265346
18630.0, 0.26533982
18640.0, 0.26533362
18650.0, 0.26532748
18660.0, 0.2653213
18670.0, 0.26531518
18680.0, 0.26530904
18690.0, 0.26530293
18700.0, 0.26529682
18710.0, 0.26529074
18720.0, 0.26528466
18730.0, 0.26527858
18740.0, 0.26527253
18750.0, 0.26526648
18760.0, 0.26526046
18770.0, 0.26525444
18780.0, 0.26524845
18790.0, 0.26524243
18800.0, 0.26523644
18810.0, 0.26523048
18820.0, 0.26522452
18830.0, 0.26521856
18840.0, 0.26521263
18850.0, 0.2652067
18860.0, 0.2652008
18870.0, 0.2651949
18880.0, 0.265189
18890.0, 0.26518312
18900.0, 0.26517728
18910.0, 0.2651714
18920.0, 0.26516557
18930.0, 0.26515973
18940.0, 0.2651539
18950.0, 0.2651481
18960.0, 0.2651423
18970.0, 0.2651365
18980.0, 0.26513073
18990.0, 0.26512498
19000.0, 0.26511922
19010.0, 0.2651135
19020.0, 0.26510775
19030.0, 0.26510203
19040.0, 0.26509634
19050.0, 0.2650906
19060.0, 0.26508495
19070.0, 0.2650793
19080.0, 0.26507363
19090.0, 0.26506796
19100.0, 0.26506233
19110.0, 0.26505673
19120.0, 0.2650511
19130.0, 0.2650455
19140.0, 0.2650399
19150.0, 0.26503432
19160.0, 0.26502874
19170.0, 0.2650232
19180.0, 0.26501763
19190.0, 0.2650121
19200.0, 0.26500657
19210.0, 0.26500106
19220.0, 0.26499555
19230.0, 0.26499006
19240.0, 0.26498458
19250.0, 0.2649791
19260.0, 0.26497364
19270.0, 0.2649682
19280.0, 0.26496276
19290.0, 0.26495734
19300.0, 0.2649519
19310.0, 0.2649465
19320.0, 0.2649411
19330.0, 0.2649357
19340.0, 0.26493034
19350.0, 0.26492497
19360.0, 0.2649196
19370.0, 0.26491427
19380.0, 0.26490894
19390.0, 0.2649036
19400.0, 0.2648983
19410.0, 0.264893
19420.0, 0.26488772
19430.0, 0.26488245
19440.0, 0.26487714
19450.0, 0.2648719
19460.0, 0.26486665
19470.0, 0.2648614
19480.0, 0.2648562
19490.0, 0.26485097
19500.0, 0.26484576
19510.0, 0.26484054
19520.0, 0.26483536
19530.0, 0.2648302
19540.0, 0.26482505
19550.0, 0.26481986
19560.0, 0.26481473
19570.0, 0.2648096
19580.0, 0.26480448
19590.0, 0.26479936
19600.0, 0.26479426
19610.0, 0.26478916
19620.0, 0.26478407
19630.0, 0.264779
19640.0, 0.26477394
19650.0, 0.26476887
19660.0, 0.26476383
19670.0, 0.2647588
19680.0, 0.26475376
19690.0, 0.26474878
19700.0, 0.26474375
19710.0, 0.26473877
19720.0, 0.26473376
19730.0, 0.2647288
19740.0, 0.26472384
19750.0, 0.2647189
19760.0, 0.26471394
19770.0, 0.26470903
19780.0, 0.26470408
19790.0, 0.26469916
19800.0, 0.26469424
19810.0, 0.26468936
19820.0, 0.26468447
19830.0, 0.2646796
19840.0, 0.26467472
19850.0, 0.26466987
19860.0, 0.26466504
19870.0, 0.26466018
19880.0, 0.26465535
19890.0, 0.26465055
19900.0, 0.26464576
19910.0, 0.26464093
19920.0, 0.26463616
19930.0, 0.26463136
19940.0, 0.2646266
19950.0, 0.26462182
19960.0, 0.2646171
19970.0, 0.26461232
19980.0, 0.2646076
19990.0, 0.26460287
20000.0, 0.26459816
20010.0, 0.26459348
20020.0, 0.26458877
20030.0, 0.26458406
20040.0, 0.2645794
20050.0, 0.26457474
20060.0, 0.2645701
20070.0, 0.26456544
20080.0, 0.2645608
20090.0, 0.26455614
20100.0, 0.26455152
20110.0, 0.26454693
20120.0, 0.2645423
20130.0, 0.26453772
20140.0, 0.26453313
20150.0, 0.26452854
20160.0, 0.26452398
20170.0, 0.26451945
20180.0, 0.2645149
20190.0, 0.26451033
20200.0, 0.2645058
20210.0, 0.26450127
20220.0, 0.26449677
20230.0, 0.26449227
20240.0, 0.26448777
20250.0, 0.2644833
20260.0, 0.2644788
20270.0, 0.26447436
20280.0, 0.2644699
20290.0, 0.26446542
20300.0, 0.264461
20310.0, 0.26445657
20320.0, 0.26445213
20330.0, 0.26444772
20340.0, 0.2644433
20350.0, 0.26443893
20360.0, 0.26443452
20370.0, 0.26443014
20380.0, 0.26442578
20390.0, 0.2644214
20400.0, 0.26441708
20410.0, 0.26441273
20420.0, 0.26440838
20430.0, 0.26440403
20440.0, 0.26439974
20450.0, 0.26439542
20460.0, 0.26439112
20470.0, 0.26438683
20480.0, 0.26438254
20490.0, 0.26437828
20500.0, 0.264374
20510.0, 0.26436973
20520.0, 0.2643655
20530.0, 0.26436126
20540.0, 0.264357
20550.0, 0.26435277
20560.0, 0.26434857
20570.0, 0.26434436
20580.0, 0.26434016
20590.0, 0.26433593
20600.0, 0.2643318
20610.0, 0.26432762
20620.0, 0.26432344
20630.0, 0.26431927
20640.0, 0.2643151
20650.0, 0.26431096
20660.0, 0.26430684
20670.0, 0.26430273
20680.0, 0.26429862
20690.0, 0.26429448
20700.0, 0.2642904
20710.0, 0.26428628
20720.0, 0.2642822
20730.0, 0.2642781
20740.0, 0.26427406
20750.0, 0.26426998
20760.0, 0.26426592
20770.0, 0.2642619
20780.0, 0.26425788
20790.0, 0.26425382
20800.0, 0.26424983
20810.0, 0.2642458
20820.0, 0.26424178
20830.0, 0.2642378
20840.0, 0.2642338
20850.0, 0.2642298
20860.0, 0.26422584
20870.0, 0.26422188
20880.0, 0.2642179
20890.0, 0.26421398
20900.0, 0.26421005
20910.0, 0.2642061
20920.0, 0.26420218
20930.0, 0.26419827
20940.0, 0.26419437
20950.0, 0.26419047
20960.0, 0.26418653
20970.0, 0.26418266
20980.0, 0.26417878
20990.0, 0.2641749
21000.0, 0.26417103
21010.0, 0.26416722
21020.0, 0.26416335
21030.0, 0.2641595
21040.0, 0.2641557
21050.0, 0.26415184
21060.0, 0.26414803
21070.0, 0.2641442
21080.0, 0.26414043
21090.0, 0.2641366
21100.0, 0.26413283
21110.0, 0.26412904
21120.0, 0.2641253
21130.0, 0.2641215
21140.0, 0.26411775
21150.0, 0.264114
21160.0, 0.26411027
21170.0, 0.2641065
21180.0, 0.2641028
21190.0, 0.26409906
21200.0, 0.26409537
21210.0, 0.26409164
21220.0, 0.26408795
21230.0, 0.26408428
21240.0, 0.26408058
21250.0, 0.2640769
21260.0, 0.26407322
21270.0, 0.2640696
21280.0, 0.26406592
21290.0, 0.26406226
21300.0, 0.26405865
21310.0, 0.264055
21320.0, 0.26405138
21330.0, 0.26404774
21340.0, 0.26404414
21350.0, 0.26404053
21360.0, 0.26403695
21370.0, 0.26403335
21380.0, 0.26402977
21390.0, 0.2640262
21400.0, 0.26402265
21410.0, 0.26401904
21420.0, 0.2640155
21430.0, 0.26401198
21440.0, 0.26400843
21450.0, 0.2640049
21460.0, 0.26400137
21470.0, 0.26399785
21480.0, 0.26399434
21490.0, 0.26399082
21500.0, 0.26398733
21510.0, 0.26398385
21520.0, 0.26398036
21530.0, 0.26397687
21540.0, 0.2639734
21550.0, 0.26396996
21560.0, 0.26396647
21570.0, 0.26396304
21580.0, 0.2639596
21590.0, 0.26395616
21600.0, 0.26395273
21610.0, 0.2639493
21620.0, 0.26394588
21630.0, 0.26394248
21640.0, 0.26393908
21650.0, 0.2639357
21660.0, 0.26393232
21670.0, 0.26392892
21680.0, 0.26392555
21690.0, 0.26392215
21700.0, 0.26391882
21710.0, 0.26391545
21720.0, 0.26391208
21730.0, 0.26390877
21740.0, 0.26390544
21750.0, 0.2639021
21760.0, 0.2638988
21770.0, 0.26389545
21780.0, 0.26389214
21790.0, 0.26388887
21800.0, 0.26388556
21810.0, 0.26388228
21820.0, 0.263879
21830.0, 0.2638757
21840.0, 0.26387244
21850.0, 0.2638692
21860.0, 0.26386592
21870.0, 0.26386267
21880.0, 0.26385942
21890.0, 0.2638562
21900.0, 0.26385298
21910.0, 0.26384977
21920.0, 0.26384655
21930.0, 0.2638433
21940.0, 0.2638401
21950.0, 0.26383692
21960.0, 0.26383373
21970.0, 0.26383054
21980.0, 0.26382735
21990.0, 0.2638242
22000.0, 0.26382104
22010.0, 0.26381785
22020.0, 0.2638147
22030.0, 0.26381156
22040.0, 0.26380843
22050.0, 0.2638053
22060.0, 0.26380214
22070.0, 0.263799
22080.0, 0.2637959
22090.0, 0.2637928
22100.0, 0.2637897
22110.0, 0.2637866
22120.0, 0.2637835
22130.0, 0.26378044
22140.0, 0.26377735
22150.0, 0.26377428
22160.0, 0.26377124
22170.0, 0.26376814
22180.0, 0.2637651
22190.0, 0.26376206
22200.0, 0.263759
22210.0, 0.26375598
22220.0, 0.26375294
22230.0, 0.2637499
22240.0, 0.2637469
22250.0, 0.26374388
22260.0, 0.26374087
22270.0, 0.2637379
22280.0, 0.26373488
22290.0, 0.2637319
22300.0, 0.2637289
22310.0, 0.26372594
22320.0, 0.26372296
22330.0, 0.26371998
22340.0, 0.26371703
22350.0, 0.26371408
22360.0, 0.26371112
22370.0, 0.2637082
22380.0, 0.26370525
22390.0, 0.26370233
22400.0, 0.26369938
22410.0, 0.26369646
22420.0, 0.26369357
22430.0, 0.26369065
22440.0, 0.26368776
22450.0, 0.26368487
22460.0, 0.26368198
22470.0, 0.2636791
22480.0, 0.26367623
22490.0, 0.26367337
22500.0, 0.26367047
22510.0, 0.2636676
22520.0, 0.26366475
22530.0, 0.2636619
22540.0, 0.2636591
22550.0, 0.26365623
22560.0, 0.2636534
22570.0, 0.26365057
22580.0, 0.26364776
22590.0, 0.26364496
22600.0, 0.26364213
22610.0, 0.26363933
22620.0, 0.26363653
22630.0, 0.26363373
22640.0, 0.26363096
22650.0, 0.26362815
22660.0, 0.26362538
22670.0, 0.2636226
22680.0, 0.26361984
22690.0, 0.2636171
22700.0, 0.26361436
22710.0, 0.26361158
22720.0, 0.26360884
22730.0, 0.2636061
22740.0, 0.26360336
22750.0, 0.26360065
22760.0, 0.26359794
22770.0, 0.26359522
22780.0, 0.2635925
22790.0, 0.2635898
22800.0, 0.2635871
22810.0, 0.2635844
22820.0, 0.2635817
22830.0, 0.263579
22840.0, 0.26357636
22850.0, 0.26357368
22860.0, 0.26357102
22870.0, 0.26356834
22880.0, 0.2635657
22890.0, 0.26356304
22900.0, 0.26356038
22910.0, 0.26355773
22920.0, 0.2635551
22930.0, 0.2635525
22940.0, 0.26354986
22950.0, 0.26354724
22960.0, 0.26354462
22970.0, 0.263542
22980.0, 0.2635394
22990.0, 0.2635368
23000.0, 0.26353422
23010.0, 0.26353163
23020.0, 0.26352903
23030.0, 0.26352647
23040.0, 0.26352388
23050.0, 0.2635213
23060.0, 0.26351878
23070.0, 0.2635162
23080.0, 0.26351365
23090.0, 0.26351112
23100.0, 0.26350856
23110.0, 0.26350603
23120.0, 0.26350346
23130.0, 0.26350096
23140.0, 0.26349843
23150.0, 0.26349592
23160.0, 0.26349342
23170.0, 0.2634909
23180.0, 0.2634884
23190.0, 0.26348588
23200.0, 0.2634834
23210.0, 0.2634809
23220.0, 0.26347843
23230.0, 0.26347595
23240.0, 0.26347348
23250.0, 0.263471
23260.0, 0.26346853
23270.0, 0.2634661
23280.0, 0.26346365
23290.0, 0.2634612
23300.0, 0.26345876
23310.0, 0.26345628
23320.0, 0.26345387
23330.0, 0.26345146
23340.0, 0.263449
23350.0, 0.2634466
23360.0, 0.2634442
23370.0, 0.26344177
23380.0, 0.2634394
23390.0, 0.26343697
23400.0, 0.26343456
23410.0, 0.26343217
23420.0, 0.2634298
23430.0, 0.2634274
23440.0, 0.26342502
23450.0, 0.26342267
23460.0, 0.2634203
23470.0, 0.26341796
23480.0, 0.26341558
23490.0, 0.26341322
23500.0, 0.2634109
23510.0, 0.26340854
23520.0, 0.2634062
23530.0, 0.26340386
23540.0, 0.26340154
23550.0, 0.2633992
23560.0, 0.2633969
23570.0, 0.26339456
23580.0, 0.26339227
23590.0, 0.26338997
23600.0, 0.26338765
23610.0, 0.26338536
23620.0, 0.26338306
23630.0, 0.26338077
23640.0, 0.2633785
23650.0, 0.2633762
23660.0, 0.26337394
23670.0, 0.26337168
23680.0, 0.2633694
23690.0, 0.26336715
23700.0, 0.26336488
23710.0, 0.26336262
23720.0, 0.26336038
23730.0, 0.26335815
23740.0, 0.2633559
23750.0, 0.26335368
23760.0, 0.26335144
23770.0, 0.26334924
23780.0, 0.26334697
23790.0, 0.26334476
23800.0, 0.26334256
23810.0, 0.26334038
23820.0, 0.26333818
23830.0, 0.26333597
23840.0, 0.26333377
23850.0, 0.26333156
23860.0, 0.26332942
23870.0, 0.2633272
23880.0, 0.263325
23890.0, 0.26332283
23900.0, 0.2633207
23910.0, 0.26331854
23920.0, 0.26331636
23930.0, 0.26331422
23940.0, 0.26331207
23950.0, 0.26330993
23960.0, 0.26330778
23970.0, 0.26330563
23980.0, 0.2633035
23990.0, 0.26330137
24000.0, 0.26329926
24010.0, 0.2632971
24020.0, 0.263295
24030.0, 0.2632929
24040.0, 0.2632908
24050.0, 0.26328868
24060.0, 0.2632866
24070.0, 0.2632845
24080.0, 0.2632824
24090.0, 0.2632803
24100.0, 0.26327822
24110.0, 0.26327616
24120.0, 0.26327407
24130.0, 0.263272
24140.0, 0.26326993
24150.0, 0.26326787
24160.0, 0.26326582
24170.0, 0.26326376
24180.0, 0.2632617
24190.0, 0.26325965
24200.0, 0.26325762
24210.0, 0.2632556
24220.0, 0.26325354
24230.0, 0.2632515
24240.0, 0.26324952
24250.0, 0.26324746
24260.0, 0.26324543
24270.0, 0.26324344
24280.0, 0.26324144
24290.0, 0.26323944
24300.0, 0.26323742
24310.0, 0.26323542
24320.0, 0.26323345
24330.0, 0.26323143
24340.0, 0.26322946
24350.0, 0.26322746
24360.0, 0.2632255
24370.0, 0.2632235
24380.0, 0.26322156
24390.0, 0.2632196
24400.0, 0.26321763
24410.0, 0.26321566
24420.0, 0.2632137
24430.0, 0.26321176
24440.0, 0.26320982
24450.0, 0.26320785
24460.0, 0.26320592
24470.0, 0.26320398
24480.0, 0.26320204
24490.0, 0.26320013
24500.0, 0.26319823
24510.0, 0.2631963
24520.0, 0.26319435
24530.0, 0.26319245
24540.0, 0.26319057
24550.0, 0.26318866
24560.0, 0.26318675
24570.0, 0.26318485
24580.0, 0.26318297
24590.0, 0.26318106
24600.0, 0.26317918
24610.0, 0.2631773
24620.0, 0.26317543
24630.0, 0.26317355
24640.0, 0.26317167
24650.0, 0.26316983
24660.0, 0.26316795
24670.0, 0.2631661
24680.0, 0.26316422
24690.0, 0.26316237
24700.0, 0.26316053
24710.0, 0.26315868
24720.0, 0.26315683
24730.0, 0.263155
24740.0, 0.26315317
24750.0, 0.26315135
24760.0, 0.2631495
24770.0, 0.26314768
24780.0, 0.2631459
24790.0, 0.26314408
24800.0, 0.26314226
24810.0, 0.26314044
24820.0, 0.26313865
24830.0, 0.26313683
24840.0, 0.26313505
24850.0, 0.26313326
24860.0, 0.26313144
24870.0, 0.26312968
24880.0, 0.2631279
24890.0, 0.2631261
24900.0, 0.26312435
24910.0, 0.26312256
24920.0, 0.26312077
24930.0, 0.26311904
24940.0, 0.26311728
24950.0, 0.26311553
24960.0, 0.26311377
24970.0, 0.26311198
24980.0, 0.26311025
24990.0, 0.26310852
25000.0, 0.26310676
25010.0, 0.26310503
25020.0, 0.2631033
25030.0, 0.26310158
25040.0, 0.26309982
25050.0, 0.26309812
25060.0, 0.2630964
25070.0, 0.2630947
25080.0, 0.26309296
25090.0, 0.26309124
25100.0, 0.26308954
25110.0, 0.26308784
25120.0, 0.26308614
25130.0, 0.26308444
25140.0, 0.26308274
25150.0, 0.26308104
25160.0, 0.26307938
25170.0, 0.2630777
25180.0, 0.263076
25190.0, 0.26307434
25200.0, 0.26307267
25210.0, 0.263071
25220.0, 0.26306933
25230.0, 0.2630677
25240.0, 0.263066
25250.0, 0.26306435
25260.0, 0.2630627
25270.0, 0.26306108
25280.0, 0.2630594
25290.0, 0.26305777
25300.0, 0.26305613
25310.0, 0.2630545
25320.0, 0.26305285
25330.0, 0.2630512
25340.0, 0.2630496
25350.0, 0.263048
25360.0, 0.26304635
25370.0, 0.26304474
25380.0, 0.26304314
25390.0, 0.26304153
25400.0, 0.26303992
25410.0, 0.26303828
25420.0, 0.2630367
25430.0, 0.2630351
25440.0, 0.2630335
25450.0, 0.2630319
25460.0, 0.26303032
25470.0, 0.26302874
25480.0, 0.26302716
25490.0, 0.26302558
25500.0, 0.263024
25510.0, 0.26302245
25520.0, 0.26302087
25530.0, 0.2630193
25540.0, 0.26301774
25550.0, 0.2630162
25560.0, 0.2630146
25570.0, 0.26301306
25580.0, 0.26301152
25590.0, 0.26300997
25600.0, 0.26300842
25610.0, 0.2630069
25620.0, 0.26300535
25630.0, 0.26300383
25640.0, 0.26300228
25650.0, 0.26300073
25660.0, 0.2629992
25670.0, 0.2629977
25680.0, 0.26299617
25690.0, 0.26299468
25700.0, 0.26299313
25710.0, 0.26299164
25720.0, 0.26299012
25730.0, 0.26298863
25740.0, 0.26298714
25750.0, 0.26298562
25760.0, 0.2629841
25770.0, 0.26298264
25780.0, 0.26298115
25790.0, 0.26297966
25800.0, 0.26297817
25810.0, 0.26297668
25820.0, 0.26297522
25830.0, 0.26297376
25840.0, 0.26297227
25850.0, 0.2629708
25860.0, 0.26296934
25870.0, 0.26296788
25880.0, 0.26296642
25890.0, 0.26296496
25900.0, 0.2629635
25910.0, 0.26296204
25920.0, 0.26296058
25930.0, 0.26295915
25940.0, 0.26295772
25950.0, 0.26295626
25960.0, 0.26295483
25970.0, 0.2629534
25980.0, 0.26295194
25990.0, 0.26295054
26000.0, 0.2629491
26010.0, 0.26294768
26020.0, 0.26294625
26030.0, 0.26294485
26040.0, 0.26294342
26050.0, 0.26294202
26060.0, 0.26294062
26070.0, 0.26293918
26080.0, 0.26293778
26090.0, 0.2629364
26100.0, 0.262935
26110.0, 0.2629336
26120.0, 0.2629322
26130.0, 0.2629308
26140.0, 0.26292944
26150.0, 0.26292804
26160.0, 0.26292667
26170.0, 0.2629253
26180.0, 0.26292393
26190.0, 0.26292256
26200.0, 0.26292115
26210.0, 0.2629198
26220.0, 0.26291844
26230.0, 0.2629171
26240.0, 0.26291573
26250.0, 0.2629144
26260.0, 0.26291302
26270.0, 0.26291165
26280.0, 0.26291034
26290.0, 0.26290897
26300.0, 0.26290762
26310.0, 0.26290628
26320.0, 0.26290494
26330.0, 0.26290363
26340.0, 0.2629023
26350.0, 0.26290095
26360.0, 0.2628996
26370.0, 0.2628983
26380.0, 0.26289698
26390.0, 0.26289567
26400.0, 0.26289433
26410.0, 0.26289302
26420.0, 0.2628917
26430.0, 0.2628904
26440.0, 0.2628891
26450.0, 0.2628878
26460.0, 0.2628865
26470.0, 0.2628852
26480.0, 0.2628839
26490.0, 0.26288262
26500.0, 0.2628813
26510.0, 0.26288003
26520.0, 0.26287875
26530.0, 0.26287746
26540.0, 0.26287618
26550.0, 0.26287493
26560.0, 0.26287362
26570.0, 0.26287237
26580.0, 0.2628711
26590.0, 0.26286983
26600.0, 0.26286855
26610.0, 0.2628673
26620.0, 0.26286605
26630.0, 0.26286477
26640.0, 0.26286355
26650.0, 0.2628623
26660.0, 0.262861
26670.0, 0.26285976
26680.0, 0.26285854
26690.0, 0.2628573
26700.0, 0.26285607
26710.0, 0.2628548
26720.0, 0.2628536
26730.0, 0.26285234
26740.0, 0.26285112
26750.0, 0.2628499
26760.0, 0.26284868
26770.0, 0.26284742
26780.0, 0.2628462
26790.0, 0.26284498
26800.0, 0.2628438
26810.0, 0.26284257
26820.0, 0.26284137
26830.0, 0.26284015
26840.0, 0.26283896
26850.0, 0.26283774
26860.0, 0.26283655
26870.0, 0.26283535
26880.0, 0.26283416
26890.0, 0.26283297
26900.0, 0.26283178
26910.0, 0.2628306
26920.0, 0.2628294
26930.0, 0.2628282
26940.0, 0.26282704
26950.0, 0.26282585
26960.0, 0.26282465
26970.0, 0.2628235
26980.0, 0.26282233
26990.0, 0.26282114
27000.0, 0.26281998
27010.0, 0.2628188
27020.0, 0.26281765
27030.0, 0.2628165
27040.0, 0.26281536
27050.0, 0.2628142
27060.0, 0.26281303
27070.0, 0.26281187
27080.0, 0.26281074
27090.0, 0.26280957
27100.0, 0.26280844
27110.0, 0.26280728
27120.0, 0.26280615
27130.0, 0.262805
27140.0, 0.26280385
27150.0, 0.26280272
27160.0, 0.26280162
27170.0, 0.26280048
27180.0, 0.26279935
27190.0, 0.26279825
27200.0, 0.2627971
27210.0, 0.26279598
27220.0, 0.26279485
27230.0, 0.26279375
27240.0, 0.26279265
27250.0, 0.26279154
27260.0, 0.2627904
27270.0, 0.2627893
27280.0, 0.2627882
27290.0, 0.2627871
27300.0, 0.262786
27310.0, 0.26278493
27320.0, 0.26278383
27330.0, 0.26278272
27340.0, 0.26278162
27350.0, 0.26278055
27360.0, 0.26277947
27370.0, 0.26277837
27380.0, 0.2627773
27390.0, 0.2627762
27400.0, 0.26277512
27410.0, 0.26277408
27420.0, 0.26277298
27430.0, 0.26277193
27440.0, 0.26277083
27450.0, 0.26276976
27460.0, 0.26276872
27470.0, 0.26276764
27480.0, 0.2627666
27490.0, 0.26276553
27500.0, 0.26276445
27510.0, 0.2627634
27520.0, 0.26276237
27530.0, 0.2627613
27540.0, 0.26276025
27550.0, 0.2627592
27560.0, 0.26275817
27570.0, 0.26275715
27580.0, 0.26275608
27590.0, 0.26275507
27600.0, 0.26275402
27610.0, 0.262753
27620.0, 0.26275197
27630.0, 0.26275092
27640.0, 0.2627499
27650.0, 0.26274887
27660.0, 0.26274785
27670.0, 0.26274684
27680.0, 0.2627458
27690.0, 0.26274478
27700.0, 0.26274377
27710.0, 0.26274276
27720.0, 0.26274174
27730.0, 0.26274073
27740.0, 0.26273975
27750.0, 0.26273873
27760.0, 0.26273772
27770.0, 0.26273674
27780.0, 0.26273572
27790.0, 0.2627347
27800.0, 0.26273373
27810.0, 0.2627327
27820.0, 0.26273173
27830.0, 0.26273075
27840.0, 0.26272976
27850.0, 0.26272878
27860.0, 0.2627278
27870.0, 0.2627268
27880.0, 0.26272583
27890.0, 0.26272485
27900.0, 0.2627239
27910.0, 0.2627229
27920.0, 0.26272196
27930.0, 0.26272094
27940.0, 0.26272002
27950.0, 0.262719
27960.0, 0.26271808
27970.0, 0.26271713
27980.0, 0.26271614
27990.0, 0.2627152
28000.0, 0.26271424
28010.0, 0.26271328
28020.0, 0.26271233
28030.0, 0.26271138
28040.0, 0.26271042
28050.0, 0.26270947
28060.0, 0.26270854
28070.0, 0.2627076
28080.0, 0.26270664
28090.0, 0.2627057
28100.0, 0.2627048
28110.0, 0.26270384
28120.0, 0.2627029
28130.0, 0.262702
28140.0, 0.26270103
28150.0, 0.2627001
28160.0, 0.2626992
28170.0, 0.26269826
28180.0, 0.26269734
28190.0, 0.26269642
28200.0, 0.2626955
28210.0, 0.2626946
28220.0, 0.26269367
28230.0, 0.26269275
28240.0, 0.26269186
28250.0, 0.26269093
28260.0, 0.26269004
28270.0, 0.2626891
28280.0, 0.26268822
28290.0, 0.2626873
28300.0, 0.2626864
28310.0, 0.2626855
28320.0, 0.2626846
28330.0, 0.26268372
28340.0, 0.26268283
28350.0, 0.26268193
28360.0, 0.26268107
28370.0, 0.26268014
28380.0, 0.26267928
28390.0, 0.26267838
28400.0, 0.26267752
28410.0, 0.26267663
28420.0, 0.26267576
28430.0, 0.26267487
28440.0, 0.26267397
28450.0, 0.2626731
28460.0, 0.26267225
28470.0, 0.26267135
28480.0, 0.26267052
28490.0, 0.26266962
28500.0, 0.26266876
28510.0, 0.2626679
28520.0, 0.26266706
28530.0, 0.2626662
28540.0, 0.26266533
28550.0, 0.26266447
28560.0, 0.2626636
28570.0, 0.26266277
28580.0, 0.2626619
28590.0, 0.26266104
28600.0, 0.2626602
28610.0, 0.26265934
28620.0, 0.2626585
28630.0, 0.26265767
28640.0, 0.26265684
28650.0, 0.262656
28660.0, 0.26265517
28670.0, 0.26265433
28680.0, 0.2626535
28690.0, 0.26265264
28700.0, 0.2626518
28710.0, 0.262651
28720.0, 0.26265016
28730.0, 0.26264933
28740.0, 0.2626485
28750.0, 0.2626477
28760.0, 0.26264688
28770.0, 0.26264605
28780.0, 0.26264524
28790.0, 0.2626444
28800.0, 0.2626436
28810.0, 0.2626428
28820.0, 0.26264197
28830.0, 0.26264116
28840.0, 0.26264036
28850.0, 0.26263955
28860.0, 0.26263875
28870.0, 0.26263794
28880.0, 0.26263714
28890.0, 0.26263633
28900.0, 0.26263553
28910.0, 0.26263472
28920.0, 0.26263395
28930.0, 0.26263314
28940.0, 0.26263234
28950.0, 0.26263157
28960.0, 0.2626308
28970.0, 0.26263
28980.0, 0.2626292
28990.0, 0.2626284
29000.0, 0.26262763
29010.0, 0.26262686
29020.0, 0.26262608
29030.0, 0.2626253
29040.0, 0.2626245
29050.0, 0.26262373
29060.0, 0.26262295
29070.0, 0.2626222
29080.0, 0.26262143
29090.0, 0.26262066
29100.0, 0.26261988
29110.0, 0.26261914
29120.0, 0.26261836
29130.0, 0.2626176
29140.0, 0.26261684
29150.0, 0.26261607
29160.0, 0.2626153
29170.0, 0.26261455
29180.0, 0.2626138
29190.0, 0.26261306
29200.0, 0.26261228
29210.0, 0.26261154
29220.0, 0.2626108
29230.0, 0.26261005
29240.0, 0.2626093
29250.0, 0.26260856
29260.0, 0.2626078
29270.0, 0.26260707
29280.0, 0.26260632
29290.0, 0.2626056
29300.0, 0.26260483
29310.0, 0.26260412
29320.0, 0.26260337
29330.0, 0.26260266
29340.0, 0.2626019
29350.0, 0.2626012
29360.0, 0.26260045
29370.0, 0.26259974
29380.0, 0.262599
29390.0, 0.26259828
29400.0, 0.26259756
29410.0, 0.26259682
29420.0, 0.26259613
29430.0, 0.2625954
29440.0, 0.26259467
29450.0, 0.26259395
29460.0, 0.26259324
29470.0, 0.26259252
29480.0, 0.2625918
29490.0, 0.26259112
29500.0, 0.2625904
29510.0, 0.2625897
29520.0, 0.26258898
29530.0, 0.2625883
29540.0, 0.26258758
29550.0, 0.26258686
29560.0, 0.26258618
29570.0, 0.2625855
29580.0, 0.26258478
29590.0, 0.2625841
29600.0, 0.2625834
29610.0, 0.26258272
29620.0, 0.262582
29630.0, 0.26258132
29640.0, 0.26258063
29650.0, 0.26257995
29660.0, 0.26257926
29670.0, 0.26257855
29680.0, 0.2625779
29690.0, 0.2625772
29700.0, 0.26257652
29710.0, 0.26257583
29720.0, 0.26257518
29730.0, 0.2625745
29740.0, 0.2625738
29750.0, 0.26257315
29760.0, 0.26257247
29770.0, 0.26257178
29780.0, 0.26257113
29790.0, 0.26257047
29800.0, 0.2625698
29810.0, 0.2625691
29820.0, 0.26256844
29830.0, 0.2625678
29840.0, 0.26256713
29850.0, 0.26256648
29860.0, 0.26256582
29870.0, 0.26256517
29880.0, 0.26256448
29890.0, 0.26256385
29900.0, 0.26256317
29910.0, 0.26256254
29920.0, 0.26256186
29930.0, 0.26256123
29940.0, 0.26256058
29950.0, 0.26255992
29960.0, 0.2625593
29970.0, 0.26255864
29980.0, 0.262558
29990.0, 0.26255736
30000.0, 0.2625567
