Energy (in eV), backscattering yield of material alox-reduced-PEY at isotropic incidence
   X,       Y
0.0, 0.0
10.0, 0.0
20.0, 0.0
30.0, 0.0
40.0, 0.0
50.0, 0.0
60.0, 0.10272656
70.0, 0.13308375
80.0, 0.1546929
90.0, 0.17171122
100.0, 0.18579738
110.0, 0.19782078
120.0, 0.20830454
130.0, 0.21759157
140.0, 0.22592019
150.0, 0.2334633
160.0, 0.24035063
170.0, 0.24668214
180.0, 0.2525365
190.0, 0.25797683
200.0, 0.26305455
210.0, 0.26781198
220.0, 0.27228466
230.0, 0.2765024
240.0, 0.28049067
250.0, 0.28427133
260.0, 0.28786322
270.0, 0.29128283
280.0, 0.29454452
290.0, 0.29766104
300.0, 0.30064353
310.0, 0.30350205
320.0, 0.3062455
330.0, 0.30888188
340.0, 0.31141847
350.0, 0.3138616
360.0, 0.31621733
370.0, 0.31849098
380.0, 0.32068738
390.0, 0.3228111
400.0, 0.32486618
410.0, 0.3268564
420.0, 0.3287852
430.0, 0.33065584
440.0, 0.33247125
450.0, 0.33423415
460.0, 0.33594707
470.0, 0.3376124
480.0, 0.33923241
490.0, 0.34080908
500.0, 0.3423444
510.0, 0.3438401
520.0, 0.34529784
530.0, 0.34671932
540.0, 0.34810594
550.0, 0.3494591
560.0, 0.35078022
570.0, 0.3520704
580.0, 0.3533309
590.0, 0.35456276
600.0, 0.3557671
610.0, 0.35694492
620.0, 0.35809708
630.0, 0.35922456
640.0, 0.36032817
650.0, 0.36140862
660.0, 0.36246687
670.0, 0.36350352
680.0, 0.3645193
690.0, 0.3655149
700.0, 0.3664909
710.0, 0.3674479
720.0, 0.3683865
730.0, 0.3693073
740.0, 0.3702108
750.0, 0.37109742
760.0, 0.37196773
770.0, 0.37282223
780.0, 0.37366128
790.0, 0.3744853
800.0, 0.3752948
810.0, 0.37609008
820.0, 0.37687153
830.0, 0.3776396
840.0, 0.3783945
850.0, 0.3791367
860.0, 0.37986642
870.0, 0.38058406
880.0, 0.38128987
890.0, 0.3819841
900.0, 0.38266715
910.0, 0.38333917
920.0, 0.3840005
930.0, 0.3846514
940.0, 0.38529202
950.0, 0.3859227
960.0, 0.3865436
970.0, 0.38715497
980.0, 0.38775703
990.0, 0.38834995
1000.0, 0.38893393
1010.0, 0.38876688
1020.0, 0.38860014
1030.0, 0.38843367
1040.0, 0.3882675
1050.0, 0.38810155
1060.0, 0.38793597
1070.0, 0.38777068
1080.0, 0.38760567
1090.0, 0.38744095
1100.0, 0.38727653
1110.0, 0.3871124
1120.0, 0.38694853
1130.0, 0.38678497
1140.0, 0.3866217
1150.0, 0.38645872
1160.0, 0.38629603
1170.0, 0.3861336
1180.0, 0.38597152
1190.0, 0.38580966
1200.0, 0.38564813
1210.0, 0.38548684
1220.0, 0.3853259
1230.0, 0.3851652
1240.0, 0.38500482
1250.0, 0.38484466
1260.0, 0.38468483
1270.0, 0.38452527
1280.0, 0.384366
1290.0, 0.384207
1300.0, 0.3840483
1310.0, 0.3838899
1320.0, 0.38373175
1330.0, 0.38357386
1340.0, 0.38341627
1350.0, 0.38325897
1360.0, 0.38310197
1370.0, 0.38294518
1380.0, 0.38278872
1390.0, 0.38263255
1400.0, 0.3824766
1410.0, 0.382321
1420.0, 0.3821656
1430.0, 0.38201052
1440.0, 0.38185573
1450.0, 0.38170117
1460.0, 0.38154688
1470.0, 0.3813929
1480.0, 0.38123918
1490.0, 0.38108578
1500.0, 0.3809326
1510.0, 0.3807797
1520.0, 0.38062707
1530.0, 0.38047472
1540.0, 0.38032266
1550.0, 0.38017082
1560.0, 0.38001928
1570.0, 0.37986797
1580.0, 0.379717
1590.0, 0.37956625
1600.0, 0.37941578
1610.0, 0.37926558
1620.0, 0.37911564
1630.0, 0.37896597
1640.0, 0.37881657
1650.0, 0.37866744
1660.0, 0.37851858
1670.0, 0.37836996
1680.0, 0.37822163
1690.0, 0.37807357
1700.0, 0.37792572
1710.0, 0.3777782
1720.0, 0.37763095
1730.0, 0.3774839
1740.0, 0.37733716
1750.0, 0.37719062
1760.0, 0.37704438
1770.0, 0.37689844
1780.0, 0.37675273
1790.0, 0.37660727
1800.0, 0.37646204
1810.0, 0.3763171
1820.0, 0.37617245
1830.0, 0.376028
1840.0, 0.37588385
1850.0, 0.37573996
1860.0, 0.3755963
1870.0, 0.3754529
1880.0, 0.3753098
1890.0, 0.37516692
1900.0, 0.37502432
1910.0, 0.3748819
1920.0, 0.3747398
1930.0, 0.37459794
1940.0, 0.37445638
1950.0, 0.374315
1960.0, 0.3741739
1970.0, 0.37403303
1980.0, 0.37389246
1990.0, 0.37375212
2000.0, 0.373612
2010.0, 0.37347218
2020.0, 0.3733326
2030.0, 0.37319323
2040.0, 0.37305418
2050.0, 0.3729153
2060.0, 0.37277672
2070.0, 0.37263837
2080.0, 0.37250027
2090.0, 0.3723624
2100.0, 0.3722248
2110.0, 0.37208748
2120.0, 0.37195036
2130.0, 0.3718135
2140.0, 0.3716769
2150.0, 0.37154052
2160.0, 0.37140435
2170.0, 0.37126845
2180.0, 0.37113285
2190.0, 0.37099746
2200.0, 0.3708623
2210.0, 0.37072736
2220.0, 0.37059268
2230.0, 0.3704583
2240.0, 0.3703241
2250.0, 0.37019014
2260.0, 0.37005645
2270.0, 0.369923
2280.0, 0.36978978
2290.0, 0.36965677
2300.0, 0.36952403
2310.0, 0.36939153
2320.0, 0.36925927
2330.0, 0.3691272
2340.0, 0.36899543
2350.0, 0.36886388
2360.0, 0.36873257
2370.0, 0.36860147
2380.0, 0.36847064
2390.0, 0.36834
2400.0, 0.3682096
2410.0, 0.3680795
2420.0, 0.36794958
2430.0, 0.36781994
2440.0, 0.36769047
2450.0, 0.36756125
2460.0, 0.36743227
2470.0, 0.36730355
2480.0, 0.36717504
2490.0, 0.36704674
2500.0, 0.36691868
2510.0, 0.36679086
2520.0, 0.36666334
2530.0, 0.36653593
2540.0, 0.36640885
2550.0, 0.3662819
2560.0, 0.36615527
2570.0, 0.36602882
2580.0, 0.3659026
2590.0, 0.36577663
2600.0, 0.36565086
2610.0, 0.36552536
2620.0, 0.36540005
2630.0, 0.365275
2640.0, 0.3651501
2650.0, 0.36502552
2660.0, 0.3649011
2670.0, 0.3647769
2680.0, 0.36465296
2690.0, 0.36452922
2700.0, 0.36440575
2710.0, 0.36428246
2720.0, 0.36415938
2730.0, 0.36403656
2740.0, 0.36391398
2750.0, 0.36379158
2760.0, 0.3636694
2770.0, 0.36354747
2780.0, 0.36342573
2790.0, 0.3633042
2800.0, 0.36318293
2810.0, 0.36306188
2820.0, 0.36294103
2830.0, 0.36282042
2840.0, 0.3627
2850.0, 0.36257976
2860.0, 0.3624598
2870.0, 0.36234003
2880.0, 0.3622205
2890.0, 0.3621012
2900.0, 0.36198208
2910.0, 0.3618632
2920.0, 0.3617445
2930.0, 0.36162603
2940.0, 0.36150783
2950.0, 0.3613898
2960.0, 0.36127195
2970.0, 0.36115435
2980.0, 0.36103696
2990.0, 0.3609198
3000.0, 0.36080283
3010.0, 0.3606861
3020.0, 0.36056954
3030.0, 0.36045322
3040.0, 0.36033708
3050.0, 0.36022118
3060.0, 0.3601055
3070.0, 0.35998997
3080.0, 0.35987473
3090.0, 0.35975966
3100.0, 0.35964483
3110.0, 0.35953018
3120.0, 0.35941574
3130.0, 0.3593015
3140.0, 0.35918745
3150.0, 0.35907367
3160.0, 0.35896006
3170.0, 0.35884666
3180.0, 0.35873345
3190.0, 0.35862043
3200.0, 0.35850766
3210.0, 0.35839507
3220.0, 0.3582827
3230.0, 0.35817054
3240.0, 0.35805857
3250.0, 0.35794684
3260.0, 0.35783526
3270.0, 0.35772392
3280.0, 0.35761276
3290.0, 0.3575018
3300.0, 0.35739106
3310.0, 0.35728052
3320.0, 0.3571702
3330.0, 0.35706005
3340.0, 0.3569501
3350.0, 0.35684034
3360.0, 0.35673085
3370.0, 0.35662147
3380.0, 0.3565123
3390.0, 0.35640338
3400.0, 0.35629463
3410.0, 0.35618612
3420.0, 0.35607776
3430.0, 0.3559696
3440.0, 0.35586163
3450.0, 0.3557539
3460.0, 0.3556463
3470.0, 0.35553896
3480.0, 0.35543182
3490.0, 0.35532483
3500.0, 0.35521805
3510.0, 0.3551115
3520.0, 0.35500512
3530.0, 0.35489893
3540.0, 0.35479292
3550.0, 0.35468712
3560.0, 0.3545815
3570.0, 0.35447612
3580.0, 0.35437086
3590.0, 0.3542658
3600.0, 0.354161
3610.0, 0.35405636
3620.0, 0.3539519
3630.0, 0.35384762
3640.0, 0.35374358
3650.0, 0.3536397
3660.0, 0.35353598
3670.0, 0.35343248
3680.0, 0.35332915
3690.0, 0.35322607
3700.0, 0.3531231
3710.0, 0.3530204
3720.0, 0.35291782
3730.0, 0.35281545
3740.0, 0.3527133
3750.0, 0.35261127
3760.0, 0.35250947
3770.0, 0.35240784
3780.0, 0.35230643
3790.0, 0.35220516
3800.0, 0.3521041
3810.0, 0.3520032
3820.0, 0.3519025
3830.0, 0.35180202
3840.0, 0.3517017
3850.0, 0.35160157
3860.0, 0.35150158
3870.0, 0.35140187
3880.0, 0.35130227
3890.0, 0.35120288
3900.0, 0.3511036
3910.0, 0.3510046
3920.0, 0.35090572
3930.0, 0.35080707
3940.0, 0.35070854
3950.0, 0.35061023
3960.0, 0.3505121
3970.0, 0.35041413
3980.0, 0.35031635
3990.0, 0.35021877
4000.0, 0.35012135
4010.0, 0.3500241
4020.0, 0.34992707
4030.0, 0.3498302
4040.0, 0.3497335
4050.0, 0.349637
4060.0, 0.34954062
4070.0, 0.34944445
4080.0, 0.3493485
4090.0, 0.34925267
4100.0, 0.349157
4110.0, 0.34906158
4120.0, 0.34896627
4130.0, 0.34887117
4140.0, 0.34877622
4150.0, 0.3486815
4160.0, 0.3485869
4170.0, 0.34849247
4180.0, 0.34839827
4190.0, 0.34830418
4200.0, 0.3482103
4210.0, 0.34811658
4220.0, 0.34802303
4230.0, 0.3479297
4240.0, 0.34783646
4250.0, 0.34774345
4260.0, 0.3476506
4270.0, 0.34755787
4280.0, 0.34746537
4290.0, 0.34737304
4300.0, 0.3472809
4310.0, 0.34718886
4320.0, 0.34709707
4330.0, 0.3470054
4340.0, 0.3469139
4350.0, 0.3468226
4360.0, 0.3467314
4370.0, 0.34664044
4380.0, 0.34654963
4390.0, 0.34645897
4400.0, 0.34636846
4410.0, 0.34627816
4420.0, 0.34618798
4430.0, 0.34609804
4440.0, 0.3460082
4450.0, 0.34591857
4460.0, 0.34582907
4470.0, 0.34573972
4480.0, 0.34565058
4490.0, 0.3455616
4500.0, 0.34547278
4510.0, 0.34538412
4520.0, 0.3452956
4530.0, 0.34520727
4540.0, 0.34511912
4550.0, 0.3450311
4560.0, 0.34494326
4570.0, 0.34485558
4580.0, 0.34476808
4590.0, 0.34468073
4600.0, 0.34459355
4610.0, 0.3445065
4620.0, 0.34441963
4630.0, 0.3443329
4640.0, 0.34424636
4650.0, 0.34416002
4660.0, 0.34407374
4670.0, 0.3439877
4680.0, 0.34390178
4690.0, 0.34381604
4700.0, 0.34373045
4710.0, 0.34364504
4720.0, 0.34355974
4730.0, 0.3434746
4740.0, 0.34338966
4750.0, 0.34330487
4760.0, 0.34322023
4770.0, 0.3431357
4780.0, 0.34305137
4790.0, 0.3429672
4800.0, 0.3428832
4810.0, 0.34279937
4820.0, 0.34271568
4830.0, 0.3426321
4840.0, 0.34254873
4850.0, 0.34246546
4860.0, 0.3423824
4870.0, 0.34229946
4880.0, 0.3422167
4890.0, 0.34213406
4900.0, 0.3420516
4910.0, 0.34196928
4920.0, 0.34188712
4930.0, 0.3418051
4940.0, 0.34172323
4950.0, 0.34164155
4960.0, 0.34155998
4970.0, 0.3414786
4980.0, 0.34139735
4990.0, 0.34131625
5000.0, 0.3412353
5010.0, 0.34115452
5020.0, 0.34107387
5030.0, 0.34099337
5040.0, 0.34091303
5050.0, 0.34083283
5060.0, 0.34075278
5070.0, 0.34067285
5080.0, 0.3405931
5090.0, 0.34051353
5100.0, 0.34043407
5110.0, 0.34035477
5120.0, 0.34027562
5130.0, 0.34019658
5140.0, 0.34011775
5150.0, 0.340039
5160.0, 0.33996043
5170.0, 0.33988205
5180.0, 0.33980379
5190.0, 0.3397256
5200.0, 0.33964762
5210.0, 0.3395698
5220.0, 0.3394921
5230.0, 0.33941457
5240.0, 0.33933714
5250.0, 0.3392599
5260.0, 0.3391828
5270.0, 0.33910578
5280.0, 0.33902898
5290.0, 0.3389523
5300.0, 0.33887574
5310.0, 0.33879936
5320.0, 0.33872312
5330.0, 0.338647
5340.0, 0.338571
5350.0, 0.3384952
5360.0, 0.3384195
5370.0, 0.33834395
5380.0, 0.33826852
5390.0, 0.3381933
5400.0, 0.33811817
5410.0, 0.33804315
5420.0, 0.33796832
5430.0, 0.33789364
5440.0, 0.33781907
5450.0, 0.33774462
5460.0, 0.33767036
5470.0, 0.3375962
5480.0, 0.3375222
5490.0, 0.33744836
5500.0, 0.33737463
5510.0, 0.33730102
5520.0, 0.33722755
5530.0, 0.33715424
5540.0, 0.33708107
5550.0, 0.33700803
5560.0, 0.33693513
5570.0, 0.33686233
5580.0, 0.3367897
5590.0, 0.3367172
5600.0, 0.33664483
5610.0, 0.33657262
5620.0, 0.33650056
5630.0, 0.33642858
5640.0, 0.33635676
5650.0, 0.33628505
5660.0, 0.33621353
5670.0, 0.33614206
5680.0, 0.3360708
5690.0, 0.33599967
5700.0, 0.33592865
5710.0, 0.33585775
5720.0, 0.33578703
5730.0, 0.33571637
5740.0, 0.33564588
5750.0, 0.33557552
5760.0, 0.3355053
5770.0, 0.3354352
5780.0, 0.33536527
5790.0, 0.33529547
5800.0, 0.33522573
5810.0, 0.33515617
5820.0, 0.33508673
5830.0, 0.3350174
5840.0, 0.33494827
5850.0, 0.33487925
5860.0, 0.33481032
5870.0, 0.3347415
5880.0, 0.33467284
5890.0, 0.33460432
5900.0, 0.33453596
5910.0, 0.33446768
5920.0, 0.33439952
5930.0, 0.3343315
5940.0, 0.3342636
5950.0, 0.33419585
5960.0, 0.33412823
5970.0, 0.33406076
5980.0, 0.33399338
5990.0, 0.33392608
6000.0, 0.333859
6010.0, 0.33379197
6020.0, 0.33372512
6030.0, 0.33365837
6040.0, 0.33359173
6050.0, 0.33352527
6060.0, 0.33345887
6070.0, 0.33339265
6080.0, 0.33332655
6090.0, 0.3332605
6100.0, 0.33319467
6110.0, 0.33312887
6120.0, 0.33306327
6130.0, 0.3329978
6140.0, 0.3329324
6150.0, 0.33286715
6160.0, 0.33280203
6170.0, 0.332737
6180.0, 0.33267212
6190.0, 0.33260736
6200.0, 0.33254272
6210.0, 0.3324782
6220.0, 0.33241382
6230.0, 0.3323495
6240.0, 0.33228534
6250.0, 0.33222136
6260.0, 0.3321574
6270.0, 0.3320936
6280.0, 0.33202994
6290.0, 0.3319664
6300.0, 0.33190295
6310.0, 0.33183962
6320.0, 0.33177644
6330.0, 0.33171335
6340.0, 0.3316504
6350.0, 0.3315876
6360.0, 0.33152485
6370.0, 0.33146223
6380.0, 0.3313998
6390.0, 0.33133742
6400.0, 0.33127517
6410.0, 0.33121306
6420.0, 0.33115104
6430.0, 0.33108914
6440.0, 0.33102733
6450.0, 0.3309657
6460.0, 0.33090416
6470.0, 0.33084273
6480.0, 0.33078143
6490.0, 0.33072022
6500.0, 0.3306591
6510.0, 0.33059818
6520.0, 0.33053732
6530.0, 0.3304766
6540.0, 0.33041596
6550.0, 0.33035544
6560.0, 0.33029503
6570.0, 0.3302348
6580.0, 0.33017462
6590.0, 0.33011457
6600.0, 0.3300546
6610.0, 0.32999483
6620.0, 0.3299351
6630.0, 0.3298755
6640.0, 0.329816
6650.0, 0.32975665
6660.0, 0.32969737
6670.0, 0.32963824
6680.0, 0.3295792
6690.0, 0.3295203
6700.0, 0.3294615
6710.0, 0.32940274
6720.0, 0.32934415
6730.0, 0.3292857
6740.0, 0.32922733
6750.0, 0.3291691
6760.0, 0.32911095
6770.0, 0.32905293
6780.0, 0.328995
6790.0, 0.32893717
6800.0, 0.32887948
6810.0, 0.32882187
6820.0, 0.32876435
6830.0, 0.328707
6840.0, 0.3286497
6850.0, 0.32859257
6860.0, 0.3285355
6870.0, 0.32847854
6880.0, 0.32842168
6890.0, 0.328365
6900.0, 0.32830837
6910.0, 0.32825187
6920.0, 0.32819545
6930.0, 0.32813913
6940.0, 0.32808292
6950.0, 0.32802686
6960.0, 0.3279709
6970.0, 0.327915
6980.0, 0.32785925
6990.0, 0.32780358
7000.0, 0.32774803
7010.0, 0.32769254
7020.0, 0.32763723
7030.0, 0.32758197
7040.0, 0.32752684
7050.0, 0.32747176
7060.0, 0.3274169
7070.0, 0.32736206
7080.0, 0.32730734
7090.0, 0.3272527
7100.0, 0.3271982
7110.0, 0.3271438
7120.0, 0.3270895
7130.0, 0.32703528
7140.0, 0.3269812
7150.0, 0.3269272
7160.0, 0.3268733
7170.0, 0.32681954
7180.0, 0.32676584
7190.0, 0.32671222
7200.0, 0.32665876
7210.0, 0.32660535
7220.0, 0.3265521
7230.0, 0.3264989
7240.0, 0.32644582
7250.0, 0.32639283
7260.0, 0.32634
7270.0, 0.32628718
7280.0, 0.32623455
7290.0, 0.32618195
7300.0, 0.32612947
7310.0, 0.3260771
7320.0, 0.3260248
7330.0, 0.32597265
7340.0, 0.32592058
7350.0, 0.32586858
7360.0, 0.32581672
7370.0, 0.32576495
7380.0, 0.32571328
7390.0, 0.3256617
7400.0, 0.32561016
7410.0, 0.32555878
7420.0, 0.32550752
7430.0, 0.32545632
7440.0, 0.3254052
7450.0, 0.32535422
7460.0, 0.32530332
7470.0, 0.32525253
7480.0, 0.3252018
7490.0, 0.3251512
7500.0, 0.3251007
7510.0, 0.32505026
7520.0, 0.32499996
7530.0, 0.3249497
7540.0, 0.3248996
7550.0, 0.32484958
7560.0, 0.32479963
7570.0, 0.3247498
7580.0, 0.32470003
7590.0, 0.32465038
7600.0, 0.32460082
7610.0, 0.32455137
7620.0, 0.324502
7630.0, 0.32445273
7640.0, 0.32440355
7650.0, 0.32435444
7660.0, 0.32430544
7670.0, 0.32425654
7680.0, 0.32420778
7690.0, 0.32415906
7700.0, 0.32411042
7710.0, 0.3240619
7720.0, 0.32401347
7730.0, 0.3239651
7740.0, 0.32391688
7750.0, 0.32386872
7760.0, 0.32382065
7770.0, 0.32377267
7780.0, 0.3237248
7790.0, 0.323677
7800.0, 0.3236293
7810.0, 0.3235817
7820.0, 0.32353416
7830.0, 0.32348675
7840.0, 0.3234394
7850.0, 0.32339215
7860.0, 0.323345
7870.0, 0.32329795
7880.0, 0.32325098
7890.0, 0.32320407
7900.0, 0.32315728
7910.0, 0.32311055
7920.0, 0.323064
7930.0, 0.32301742
7940.0, 0.32297102
7950.0, 0.32292464
7960.0, 0.3228784
7970.0, 0.3228322
7980.0, 0.32278615
7990.0, 0.32274014
8000.0, 0.32269424
8010.0, 0.32264844
8020.0, 0.32260266
8030.0, 0.32255703
8040.0, 0.3225115
8050.0, 0.32246602
8060.0, 0.3224206
8070.0, 0.32237533
8080.0, 0.32233012
8090.0, 0.322285
8100.0, 0.32223997
8110.0, 0.322195
8120.0, 0.32215014
8130.0, 0.32210538
8140.0, 0.32206067
8150.0, 0.3220161
8160.0, 0.32197154
8170.0, 0.32192713
8180.0, 0.32188275
8190.0, 0.3218385
8200.0, 0.3217943
8210.0, 0.3217502
8220.0, 0.3217062
8230.0, 0.32166225
8240.0, 0.32161844
8250.0, 0.32157466
8260.0, 0.321531
8270.0, 0.3214874
8280.0, 0.3214439
8290.0, 0.32140046
8300.0, 0.3213571
8310.0, 0.32131386
8320.0, 0.32127067
8330.0, 0.3212276
8340.0, 0.32118455
8350.0, 0.32114166
8360.0, 0.3210988
8370.0, 0.32105607
8380.0, 0.32101336
8390.0, 0.32097074
8400.0, 0.32092825
8410.0, 0.3208858
8420.0, 0.32084346
8430.0, 0.3208012
8440.0, 0.320759
8450.0, 0.32071686
8460.0, 0.32067487
8470.0, 0.3206329
8480.0, 0.32059103
8490.0, 0.32054922
8500.0, 0.32050756
8510.0, 0.3204659
8520.0, 0.32042435
8530.0, 0.3203829
8540.0, 0.3203415
8550.0, 0.32030016
8560.0, 0.32025898
8570.0, 0.32021782
8580.0, 0.32017678
8590.0, 0.32013574
8600.0, 0.32009485
8610.0, 0.320054
8620.0, 0.32001325
8630.0, 0.31997257
8640.0, 0.31993198
8650.0, 0.31989145
8660.0, 0.31985098
8670.0, 0.31981063
8680.0, 0.31977034
8690.0, 0.31973013
8700.0, 0.31969
8710.0, 0.31964996
8720.0, 0.31960997
8730.0, 0.31957006
8740.0, 0.31953022
8750.0, 0.31949046
8760.0, 0.31945083
8770.0, 0.3194112
8780.0, 0.31937167
8790.0, 0.31933227
8800.0, 0.3192929
8810.0, 0.31925356
8820.0, 0.31921437
8830.0, 0.3191752
8840.0, 0.31913617
8850.0, 0.3190972
8860.0, 0.31905824
8870.0, 0.3190194
8880.0, 0.31898063
8890.0, 0.31894195
8900.0, 0.31890333
8910.0, 0.3188648
8920.0, 0.31882632
8930.0, 0.31878793
8940.0, 0.3187496
8950.0, 0.31871134
8960.0, 0.3186732
8970.0, 0.31863508
8980.0, 0.31859708
8990.0, 0.31855908
9000.0, 0.31852123
9010.0, 0.31848344
9020.0, 0.31844568
9030.0, 0.318408
9040.0, 0.31837046
9050.0, 0.31833294
9060.0, 0.31829548
9070.0, 0.31825814
9080.0, 0.3182208
9090.0, 0.31818357
9100.0, 0.31814644
9110.0, 0.31810936
9120.0, 0.31807232
9130.0, 0.3180354
9140.0, 0.31799853
9150.0, 0.31796172
9160.0, 0.31792498
9170.0, 0.31788832
9180.0, 0.31785175
9190.0, 0.3178152
9200.0, 0.3177788
9210.0, 0.3177424
9220.0, 0.3177061
9230.0, 0.31766987
9240.0, 0.3176337
9250.0, 0.3175976
9260.0, 0.3175616
9270.0, 0.31752563
9280.0, 0.31748974
9290.0, 0.31745392
9300.0, 0.3174182
9310.0, 0.31738248
9320.0, 0.31734687
9330.0, 0.31731135
9340.0, 0.31727585
9350.0, 0.31724045
9360.0, 0.31720513
9370.0, 0.31716985
9380.0, 0.31713468
9390.0, 0.3170995
9400.0, 0.31706446
9410.0, 0.31702948
9420.0, 0.31699455
9430.0, 0.31695968
9440.0, 0.3169249
9450.0, 0.31689015
9460.0, 0.31685552
9470.0, 0.3168209
9480.0, 0.31678638
9490.0, 0.31675193
9500.0, 0.31671754
9510.0, 0.3166832
9520.0, 0.31664896
9530.0, 0.31661478
9540.0, 0.31658065
9550.0, 0.31654656
9560.0, 0.31651258
9570.0, 0.31647864
9580.0, 0.31644478
9590.0, 0.316411
9600.0, 0.31637722
9610.0, 0.31634358
9620.0, 0.31631
9630.0, 0.31627643
9640.0, 0.31624296
9650.0, 0.31620955
9660.0, 0.3161762
9670.0, 0.31614295
9680.0, 0.31610972
9690.0, 0.31607658
9700.0, 0.3160435
9710.0, 0.31601048
9720.0, 0.3159775
9730.0, 0.31594464
9740.0, 0.3159118
9750.0, 0.31587902
9760.0, 0.31584632
9770.0, 0.3158137
9780.0, 0.3157811
9790.0, 0.31574857
9800.0, 0.31571612
9810.0, 0.31568375
9820.0, 0.31565142
9830.0, 0.31561914
9840.0, 0.31558695
9850.0, 0.31555483
9860.0, 0.31552273
9870.0, 0.31549072
9880.0, 0.31545877
9890.0, 0.3154269
9900.0, 0.31539506
9910.0, 0.3153633
9920.0, 0.3153316
9930.0, 0.31529996
9940.0, 0.31526837
9950.0, 0.31523684
9960.0, 0.31520537
9970.0, 0.31517398
9980.0, 0.31514263
9990.0, 0.31511137
10000.0, 0.31508014
10010.0, 0.31504902
10020.0, 0.31501788
10030.0, 0.31498685
10040.0, 0.3149559
10050.0, 0.31492496
10060.0, 0.3148941
10070.0, 0.3148633
10080.0, 0.31483257
10090.0, 0.3148019
10100.0, 0.3147713
10110.0, 0.31474072
10120.0, 0.31471023
10130.0, 0.3146798
10140.0, 0.3146494
10150.0, 0.31461906
10160.0, 0.31458884
10170.0, 0.31455863
10180.0, 0.31452847
10190.0, 0.3144984
10200.0, 0.31446838
10210.0, 0.3144384
10220.0, 0.3144085
10230.0, 0.31437865
10240.0, 0.31434882
10250.0, 0.31431913
10260.0, 0.31428942
10270.0, 0.31425983
10280.0, 0.31423026
10290.0, 0.31420073
10300.0, 0.31417128
10310.0, 0.3141419
10320.0, 0.31411254
10330.0, 0.31408328
10340.0, 0.31405404
10350.0, 0.3140249
10360.0, 0.31399578
10370.0, 0.31396672
10380.0, 0.31393772
10390.0, 0.31390882
10400.0, 0.3138799
10410.0, 0.31385112
10420.0, 0.31382233
10430.0, 0.3137936
10440.0, 0.31376496
10450.0, 0.31373632
10460.0, 0.31370777
10470.0, 0.3136793
10480.0, 0.31365088
10490.0, 0.31362247
10500.0, 0.31359416
10510.0, 0.3135659
10520.0, 0.31353766
10530.0, 0.3135095
10540.0, 0.3134814
10550.0, 0.31345335
10560.0, 0.31342536
10570.0, 0.3133974
10580.0, 0.3133695
10590.0, 0.31334168
10600.0, 0.3133139
10610.0, 0.3132862
10620.0, 0.3132585
10630.0, 0.3132309
10640.0, 0.31320333
10650.0, 0.3131758
10660.0, 0.31314835
10670.0, 0.31312096
10680.0, 0.3130936
10690.0, 0.3130663
10700.0, 0.31303906
10710.0, 0.31301185
10720.0, 0.31298473
10730.0, 0.31295764
10740.0, 0.3129306
10750.0, 0.31290364
10760.0, 0.31287667
10770.0, 0.31284982
10780.0, 0.31282297
10790.0, 0.3127962
10800.0, 0.3127695
10810.0, 0.31274283
10820.0, 0.31271622
10830.0, 0.31268966
10840.0, 0.31266314
10850.0, 0.31263667
10860.0, 0.31261027
10870.0, 0.3125839
10880.0, 0.31255758
10890.0, 0.31253135
10900.0, 0.31250516
10910.0, 0.31247902
10920.0, 0.3124529
10930.0, 0.31242684
10940.0, 0.31240085
10950.0, 0.3123749
10960.0, 0.31234902
10970.0, 0.31232312
10980.0, 0.31229734
10990.0, 0.31227162
11000.0, 0.3122459
11010.0, 0.31222028
11020.0, 0.31219468
11030.0, 0.3121691
11040.0, 0.3121436
11050.0, 0.31211817
11060.0, 0.31209278
11070.0, 0.3120674
11080.0, 0.31204212
11090.0, 0.31201684
11100.0, 0.31199166
11110.0, 0.3119665
11120.0, 0.3119414
11130.0, 0.31191635
11140.0, 0.31189135
11150.0, 0.3118664
11160.0, 0.31184146
11170.0, 0.3118166
11180.0, 0.3117918
11190.0, 0.31176707
11200.0, 0.31174234
11210.0, 0.31171766
11220.0, 0.31169307
11230.0, 0.31166852
11240.0, 0.31164396
11250.0, 0.3116195
11260.0, 0.31159508
11270.0, 0.31157067
11280.0, 0.31154636
11290.0, 0.31152207
11300.0, 0.31149784
11310.0, 0.31147367
11320.0, 0.3114495
11330.0, 0.31142542
11340.0, 0.31140137
11350.0, 0.31137738
11360.0, 0.31135342
11370.0, 0.31132948
11380.0, 0.31130564
11390.0, 0.3112818
11400.0, 0.31125802
11410.0, 0.31123433
11420.0, 0.31121066
11430.0, 0.31118703
11440.0, 0.31116346
11450.0, 0.3111399
11460.0, 0.31111643
11470.0, 0.31109294
11480.0, 0.31106955
11490.0, 0.3110462
11500.0, 0.31102288
11510.0, 0.31099963
11520.0, 0.31097642
11530.0, 0.31095326
11540.0, 0.31093013
11550.0, 0.31090707
11560.0, 0.31088403
11570.0, 0.31086102
11580.0, 0.31083807
11590.0, 0.3108152
11600.0, 0.3107923
11610.0, 0.3107695
11620.0, 0.31074673
11630.0, 0.31072402
11640.0, 0.31070134
11650.0, 0.31067872
11660.0, 0.31065613
11670.0, 0.31063357
11680.0, 0.31061107
11690.0, 0.3105886
11700.0, 0.3105662
11710.0, 0.31054384
11720.0, 0.3105215
11730.0, 0.31049922
11740.0, 0.31047702
11750.0, 0.3104548
11760.0, 0.31043264
11770.0, 0.31041053
11780.0, 0.31038848
11790.0, 0.31036645
11800.0, 0.31034446
11810.0, 0.3103225
11820.0, 0.31030062
11830.0, 0.3102788
11840.0, 0.31025696
11850.0, 0.3102352
11860.0, 0.3102135
11870.0, 0.3101918
11880.0, 0.31017014
11890.0, 0.31014857
11900.0, 0.31012702
11910.0, 0.3101055
11920.0, 0.31008402
11930.0, 0.31006262
11940.0, 0.31004122
11950.0, 0.31001988
11960.0, 0.30999857
11970.0, 0.30997732
11980.0, 0.3099561
11990.0, 0.3099349
12000.0, 0.30991378
12010.0, 0.3098927
12020.0, 0.30987164
12030.0, 0.30985063
12040.0, 0.30982965
12050.0, 0.30980873
12060.0, 0.30978787
12070.0, 0.30976698
12080.0, 0.30974618
12090.0, 0.3097254
12100.0, 0.3097047
12110.0, 0.309684
12120.0, 0.30966336
12130.0, 0.3096428
12140.0, 0.30962223
12150.0, 0.3096017
12160.0, 0.3095812
12170.0, 0.30956075
12180.0, 0.30954036
12190.0, 0.30951998
12200.0, 0.30949965
12210.0, 0.3094794
12220.0, 0.30945912
12230.0, 0.3094389
12240.0, 0.30941874
12250.0, 0.30939862
12260.0, 0.30937856
12270.0, 0.3093585
12280.0, 0.3093385
12290.0, 0.30931854
12300.0, 0.3092986
12310.0, 0.3092787
12320.0, 0.30925885
12330.0, 0.30923903
12340.0, 0.30921927
12350.0, 0.30919954
12360.0, 0.30917984
12370.0, 0.3091602
12380.0, 0.30914056
12390.0, 0.309121
12400.0, 0.30910146
12410.0, 0.30908197
12420.0, 0.30906248
12430.0, 0.30904308
12440.0, 0.30902365
12450.0, 0.3090043
12460.0, 0.308985
12470.0, 0.3089657
12480.0, 0.3089465
12490.0, 0.3089273
12500.0, 0.30890813
12510.0, 0.308889
12520.0, 0.30886993
12530.0, 0.30885085
12540.0, 0.30883184
12550.0, 0.3088129
12560.0, 0.30879396
12570.0, 0.30877504
12580.0, 0.30875617
12590.0, 0.30873737
12600.0, 0.30871856
12610.0, 0.30869982
12620.0, 0.3086811
12630.0, 0.30866244
12640.0, 0.3086438
12650.0, 0.30862516
12660.0, 0.3086066
12670.0, 0.3085881
12680.0, 0.30856958
12690.0, 0.3085511
12700.0, 0.30853269
12710.0, 0.3085143
12720.0, 0.30849594
12730.0, 0.3084776
12740.0, 0.30845934
12750.0, 0.30844113
12760.0, 0.3084229
12770.0, 0.3084047
12780.0, 0.30838656
12790.0, 0.30836847
12800.0, 0.3083504
12810.0, 0.30833238
12820.0, 0.3083144
12830.0, 0.30829644
12840.0, 0.3082785
12850.0, 0.30826065
12860.0, 0.30824277
12870.0, 0.30822495
12880.0, 0.30820715
12890.0, 0.30818942
12900.0, 0.3081717
12910.0, 0.30815402
12920.0, 0.30813637
12930.0, 0.30811876
12940.0, 0.30810118
12950.0, 0.30808365
12960.0, 0.30806616
12970.0, 0.30804867
12980.0, 0.30803123
12990.0, 0.30801383
13000.0, 0.30799645
13010.0, 0.30797914
13020.0, 0.30796182
13030.0, 0.30794454
13040.0, 0.3079273
13050.0, 0.3079101
13060.0, 0.30789298
13070.0, 0.30787584
13080.0, 0.30785874
13090.0, 0.30784166
13100.0, 0.3078246
13110.0, 0.30780762
13120.0, 0.3077907
13130.0, 0.3077737
13140.0, 0.3077568
13150.0, 0.30773997
13160.0, 0.30772316
13170.0, 0.30770633
13180.0, 0.30768958
13190.0, 0.30767286
13200.0, 0.30765614
13210.0, 0.30763948
13220.0, 0.30762282
13230.0, 0.30760625
13240.0, 0.30758965
13250.0, 0.30757314
13260.0, 0.30755663
13270.0, 0.30754015
13280.0, 0.30752373
13290.0, 0.3075073
13300.0, 0.30749092
13310.0, 0.3074746
13320.0, 0.30745828
13330.0, 0.307442
13340.0, 0.30742577
13350.0, 0.30740955
13360.0, 0.30739337
13370.0, 0.30737722
13380.0, 0.3073611
13390.0, 0.307345
13400.0, 0.30732894
13410.0, 0.30731294
13420.0, 0.30729693
13430.0, 0.307281
13440.0, 0.30726507
13450.0, 0.30724916
13460.0, 0.30723327
13470.0, 0.30721742
13480.0, 0.30720165
13490.0, 0.30718586
13500.0, 0.30717012
13510.0, 0.30715442
13520.0, 0.30713874
13530.0, 0.30712306
13540.0, 0.30710745
13550.0, 0.30709186
13560.0, 0.30707633
13570.0, 0.30706078
13580.0, 0.30704528
13590.0, 0.30702984
13600.0, 0.3070144
13610.0, 0.30699897
13620.0, 0.3069836
13630.0, 0.30696824
13640.0, 0.30695295
13650.0, 0.30693766
13660.0, 0.3069224
13670.0, 0.3069072
13680.0, 0.306892
13690.0, 0.30687684
13700.0, 0.3068617
13710.0, 0.3068466
13720.0, 0.3068315
13730.0, 0.3068165
13740.0, 0.30680147
13750.0, 0.30678648
13760.0, 0.30677152
13770.0, 0.30675662
13780.0, 0.30674168
13790.0, 0.3067268
13800.0, 0.30671197
13810.0, 0.3066972
13820.0, 0.3066824
13830.0, 0.30666766
13840.0, 0.3066529
13850.0, 0.30663824
13860.0, 0.30662358
13870.0, 0.30660892
13880.0, 0.3065943
13890.0, 0.3065797
13900.0, 0.3065652
13910.0, 0.30655068
13920.0, 0.30653617
13930.0, 0.30652168
13940.0, 0.3065073
13950.0, 0.30649287
13960.0, 0.3064785
13970.0, 0.30646414
13980.0, 0.30644983
13990.0, 0.30643553
14000.0, 0.30642125
14010.0, 0.30640703
14020.0, 0.30639282
14030.0, 0.30637863
14040.0, 0.30636448
14050.0, 0.30635035
14060.0, 0.30633625
14070.0, 0.3063222
14080.0, 0.30630815
14090.0, 0.3062941
14100.0, 0.30628014
14110.0, 0.30626616
14120.0, 0.30625224
14130.0, 0.30623832
14140.0, 0.3062245
14150.0, 0.30621064
14160.0, 0.3061968
14170.0, 0.306183
14180.0, 0.30616924
14190.0, 0.30615547
14200.0, 0.3061418
14210.0, 0.30612808
14220.0, 0.3061144
14230.0, 0.3061008
14240.0, 0.3060872
14250.0, 0.3060736
14260.0, 0.30606008
14270.0, 0.30604655
14280.0, 0.30603305
14290.0, 0.30601957
14300.0, 0.30600613
14310.0, 0.3059927
14320.0, 0.3059793
14330.0, 0.30596593
14340.0, 0.3059526
14350.0, 0.3059393
14360.0, 0.305926
14370.0, 0.30591276
14380.0, 0.3058995
14390.0, 0.3058863
14400.0, 0.3058731
14410.0, 0.30585992
14420.0, 0.3058468
14430.0, 0.30583373
14440.0, 0.30582064
14450.0, 0.3058076
14460.0, 0.30579457
14470.0, 0.30578154
14480.0, 0.30576855
14490.0, 0.3057556
14500.0, 0.30574268
14510.0, 0.3057298
14520.0, 0.30571693
14530.0, 0.3057041
14540.0, 0.30569124
14550.0, 0.30567846
14560.0, 0.30566567
14570.0, 0.30565292
14580.0, 0.3056402
14590.0, 0.3056275
14600.0, 0.30561483
14610.0, 0.3056022
14620.0, 0.30558956
14630.0, 0.30557695
14640.0, 0.30556437
14650.0, 0.30555186
14660.0, 0.3055393
14670.0, 0.30552682
14680.0, 0.30551437
14690.0, 0.30550188
14700.0, 0.30548945
14710.0, 0.30547708
14720.0, 0.30546468
14730.0, 0.30545235
14740.0, 0.30544004
14750.0, 0.30542773
14760.0, 0.30541545
14770.0, 0.30540317
14780.0, 0.30539095
14790.0, 0.30537876
14800.0, 0.30536655
14810.0, 0.30535442
14820.0, 0.30534226
14830.0, 0.30533016
14840.0, 0.3053181
14850.0, 0.305306
14860.0, 0.30529395
14870.0, 0.30528197
14880.0, 0.30527
14890.0, 0.305258
14900.0, 0.30524606
14910.0, 0.30523413
14920.0, 0.30522224
14930.0, 0.30521035
14940.0, 0.30519852
14950.0, 0.3051867
14960.0, 0.3051749
14970.0, 0.30516312
14980.0, 0.30515134
14990.0, 0.30513963
15000.0, 0.30512792
15010.0, 0.3051162
15020.0, 0.30510458
15030.0, 0.30509293
15040.0, 0.3050813
15050.0, 0.30506968
15060.0, 0.30505812
15070.0, 0.3050466
15080.0, 0.30503508
15090.0, 0.30502355
15100.0, 0.30501208
15110.0, 0.30500063
15120.0, 0.3049892
15130.0, 0.30497777
15140.0, 0.30496636
15150.0, 0.304955
15160.0, 0.30494365
15170.0, 0.30493233
15180.0, 0.30492106
15190.0, 0.30490977
15200.0, 0.3048985
15210.0, 0.3048873
15220.0, 0.3048761
15230.0, 0.30486488
15240.0, 0.3048537
15250.0, 0.30484256
15260.0, 0.30483142
15270.0, 0.30482033
15280.0, 0.30480927
15290.0, 0.30479822
15300.0, 0.30478716
15310.0, 0.30477616
15320.0, 0.30476514
15330.0, 0.30475417
15340.0, 0.30474323
15350.0, 0.30473232
15360.0, 0.30472142
15370.0, 0.3047105
15380.0, 0.30469966
15390.0, 0.3046888
15400.0, 0.304678
15410.0, 0.3046672
15420.0, 0.30465645
15430.0, 0.30464566
15440.0, 0.30463493
15450.0, 0.30462423
15460.0, 0.30461353
15470.0, 0.30460286
15480.0, 0.3045922
15490.0, 0.3045816
15500.0, 0.304571
15510.0, 0.3045604
15520.0, 0.3045498
15530.0, 0.30453926
15540.0, 0.30452877
15550.0, 0.30451828
15560.0, 0.30450776
15570.0, 0.30449733
15580.0, 0.30448684
15590.0, 0.30447644
15600.0, 0.30446607
15610.0, 0.30445567
15620.0, 0.3044453
15630.0, 0.30443496
15640.0, 0.30442467
15650.0, 0.30441433
15660.0, 0.30440408
15670.0, 0.30439383
15680.0, 0.30438358
15690.0, 0.30437338
15700.0, 0.3043632
15710.0, 0.304353
15720.0, 0.30434284
15730.0, 0.30433273
15740.0, 0.3043226
15750.0, 0.3043125
15760.0, 0.30430242
15770.0, 0.30429235
15780.0, 0.30428234
15790.0, 0.30427232
15800.0, 0.3042623
15810.0, 0.30425233
15820.0, 0.30424237
15830.0, 0.30423245
15840.0, 0.30422255
15850.0, 0.30421263
15860.0, 0.30420277
15870.0, 0.3041929
15880.0, 0.30418307
15890.0, 0.30417323
15900.0, 0.30416346
15910.0, 0.30415368
15920.0, 0.3041439
15930.0, 0.30413416
15940.0, 0.30412444
15950.0, 0.30411473
15960.0, 0.30410504
15970.0, 0.3040954
15980.0, 0.30408576
15990.0, 0.3040761
16000.0, 0.30406648
16010.0, 0.30405694
16020.0, 0.30404735
16030.0, 0.30403778
16040.0, 0.30402824
16050.0, 0.30401877
16060.0, 0.30400926
16070.0, 0.30399978
16080.0, 0.30399033
16090.0, 0.3039809
16100.0, 0.30397147
16110.0, 0.30396205
16120.0, 0.3039527
16130.0, 0.3039433
16140.0, 0.30393398
16150.0, 0.30392462
16160.0, 0.30391535
16170.0, 0.30390605
16180.0, 0.30389678
16190.0, 0.30388752
16200.0, 0.3038783
16210.0, 0.30386907
16220.0, 0.3038599
16230.0, 0.3038507
16240.0, 0.30384153
16250.0, 0.30383238
16260.0, 0.30382326
16270.0, 0.30381414
16280.0, 0.30380508
16290.0, 0.30379602
16300.0, 0.30378696
16310.0, 0.3037779
16320.0, 0.30376887
16330.0, 0.3037599
16340.0, 0.3037509
16350.0, 0.30374196
16360.0, 0.303733
16370.0, 0.30372405
16380.0, 0.30371517
16390.0, 0.3037063
16400.0, 0.3036974
16410.0, 0.30368853
16420.0, 0.30367967
16430.0, 0.30367088
16440.0, 0.30366206
16450.0, 0.30365327
16460.0, 0.30364448
16470.0, 0.30363578
16480.0, 0.303627
16490.0, 0.30361828
16500.0, 0.30360958
16510.0, 0.30360094
16520.0, 0.30359223
16530.0, 0.3035836
16540.0, 0.30357495
16550.0, 0.30356634
16560.0, 0.30355775
16570.0, 0.30354917
16580.0, 0.3035406
16590.0, 0.30353206
16600.0, 0.3035235
16610.0, 0.30351502
16620.0, 0.3035065
16630.0, 0.30349803
16640.0, 0.30348957
16650.0, 0.30348113
16660.0, 0.3034727
16670.0, 0.3034643
16680.0, 0.30345586
16690.0, 0.30344748
16700.0, 0.30343917
16710.0, 0.3034308
16720.0, 0.30342248
16730.0, 0.30341414
16740.0, 0.30340585
16750.0, 0.30339757
16760.0, 0.3033893
16770.0, 0.30338106
16780.0, 0.30337283
16790.0, 0.30336463
16800.0, 0.3033564
16810.0, 0.3033482
16820.0, 0.30334008
16830.0, 0.3033319
16840.0, 0.30332378
16850.0, 0.30331567
16860.0, 0.30330756
16870.0, 0.30329946
16880.0, 0.3032914
16890.0, 0.30328336
16900.0, 0.30327532
16910.0, 0.3032673
16920.0, 0.30325928
16930.0, 0.30325127
16940.0, 0.30324334
16950.0, 0.30323538
16960.0, 0.30322742
16970.0, 0.3032195
16980.0, 0.3032116
16990.0, 0.3032037
17000.0, 0.3031958
17010.0, 0.30318794
17020.0, 0.3031801
17030.0, 0.30317226
17040.0, 0.30316445
17050.0, 0.30315664
17060.0, 0.30314887
17070.0, 0.30314106
17080.0, 0.3031333
17090.0, 0.3031256
17100.0, 0.30311784
17110.0, 0.30311012
17120.0, 0.30310246
17130.0, 0.30309477
17140.0, 0.30308712
17150.0, 0.30307946
17160.0, 0.30307183
17170.0, 0.30306423
17180.0, 0.30305663
17190.0, 0.30304903
17200.0, 0.30304143
17210.0, 0.3030339
17220.0, 0.30302635
17230.0, 0.3030188
17240.0, 0.3030113
17250.0, 0.3030038
17260.0, 0.3029963
17270.0, 0.30298883
17280.0, 0.3029814
17290.0, 0.30297396
17300.0, 0.3029665
17310.0, 0.30295914
17320.0, 0.30295172
17330.0, 0.30294433
17340.0, 0.30293697
17350.0, 0.3029296
17360.0, 0.3029223
17370.0, 0.30291498
17380.0, 0.30290768
17390.0, 0.30290037
17400.0, 0.30289307
17410.0, 0.30288583
17420.0, 0.30287856
17430.0, 0.30287135
17440.0, 0.3028641
17450.0, 0.3028569
17460.0, 0.30284974
17470.0, 0.30284253
17480.0, 0.30283538
17490.0, 0.30282822
17500.0, 0.3028211
17510.0, 0.30281398
17520.0, 0.30280685
17530.0, 0.3027998
17540.0, 0.3027927
17550.0, 0.3027856
17560.0, 0.30277857
17570.0, 0.3027715
17580.0, 0.3027645
17590.0, 0.30275753
17600.0, 0.3027505
17610.0, 0.30274352
17620.0, 0.30273658
17630.0, 0.3027296
17640.0, 0.30272266
17650.0, 0.30271575
17660.0, 0.30270886
17670.0, 0.30270192
17680.0, 0.30269507
17690.0, 0.30268818
17700.0, 0.3026813
17710.0, 0.3026745
17720.0, 0.30266765
17730.0, 0.30266082
17740.0, 0.302654
17750.0, 0.30264723
17760.0, 0.30264044
17770.0, 0.3026337
17780.0, 0.30262694
17790.0, 0.3026202
17800.0, 0.30261347
17810.0, 0.3026068
17820.0, 0.3026001
17830.0, 0.3025934
17840.0, 0.3025867
17850.0, 0.30258006
17860.0, 0.30257344
17870.0, 0.3025668
17880.0, 0.30256018
17890.0, 0.3025536
17900.0, 0.30254698
17910.0, 0.30254042
17920.0, 0.30253384
17930.0, 0.30252728
17940.0, 0.30252078
17950.0, 0.30251423
17960.0, 0.30250773
17970.0, 0.30250123
17980.0, 0.30249473
17990.0, 0.30248827
18000.0, 0.3024818
18010.0, 0.30247536
18020.0, 0.3024689
18030.0, 0.30246252
18040.0, 0.30245608
18050.0, 0.3024497
18060.0, 0.3024433
18070.0, 0.30243692
18080.0, 0.30243057
18090.0, 0.30242422
18100.0, 0.30241787
18110.0, 0.3024116
18120.0, 0.30240527
18130.0, 0.30239898
18140.0, 0.3023927
18150.0, 0.3023864
18160.0, 0.30238014
18170.0, 0.30237392
18180.0, 0.30236766
18190.0, 0.30236143
18200.0, 0.30235523
18210.0, 0.30234906
18220.0, 0.30234283
18230.0, 0.30233666
18240.0, 0.30233052
18250.0, 0.30232438
18260.0, 0.30231825
18270.0, 0.3023121
18280.0, 0.30230603
18290.0, 0.3022999
18300.0, 0.30229384
18310.0, 0.30228776
18320.0, 0.30228168
18330.0, 0.30227563
18340.0, 0.3022696
18350.0, 0.30226356
18360.0, 0.30225757
18370.0, 0.30225155
18380.0, 0.30224556
18390.0, 0.30223957
18400.0, 0.3022336
18410.0, 0.30222765
18420.0, 0.30222172
18430.0, 0.30221578
18440.0, 0.30220985
18450.0, 0.30220395
18460.0, 0.30219805
18470.0, 0.30219218
18480.0, 0.3021863
18490.0, 0.30218044
18500.0, 0.3021746
18510.0, 0.30216873
18520.0, 0.30216292
18530.0, 0.3021571
18540.0, 0.3021513
18550.0, 0.30214548
18560.0, 0.3021397
18570.0, 0.30213395
18580.0, 0.3021282
18590.0, 0.30212247
18600.0, 0.30211672
18610.0, 0.302111
18620.0, 0.30210528
18630.0, 0.3020996
18640.0, 0.3020939
18650.0, 0.30208823
18660.0, 0.30208254
18670.0, 0.30207688
18680.0, 0.30207124
18690.0, 0.3020656
18700.0, 0.30206
18710.0, 0.3020544
18720.0, 0.30204877
18730.0, 0.30204317
18740.0, 0.30203763
18750.0, 0.30203205
18760.0, 0.3020265
18770.0, 0.30202094
18780.0, 0.30201542
18790.0, 0.3020099
18800.0, 0.3020044
18810.0, 0.30199888
18820.0, 0.3019934
18830.0, 0.30198792
18840.0, 0.30198243
18850.0, 0.301977
18860.0, 0.30197155
18870.0, 0.30196613
18880.0, 0.30196068
18890.0, 0.30195528
18900.0, 0.3019499
18910.0, 0.3019445
18920.0, 0.30193913
18930.0, 0.30193374
18940.0, 0.3019284
18950.0, 0.30192304
18960.0, 0.3019177
18970.0, 0.30191237
18980.0, 0.30190703
18990.0, 0.30190176
19000.0, 0.30189642
19010.0, 0.30189115
19020.0, 0.3018859
19030.0, 0.30188063
19040.0, 0.30187535
19050.0, 0.3018701
19060.0, 0.3018649
19070.0, 0.30185968
19080.0, 0.30185446
19090.0, 0.30184922
19100.0, 0.30184406
19110.0, 0.3018389
19120.0, 0.3018337
19130.0, 0.30182853
19140.0, 0.30182338
19150.0, 0.30181825
19160.0, 0.30181313
19170.0, 0.30180803
19180.0, 0.3018029
19190.0, 0.30179778
19200.0, 0.30179268
19210.0, 0.3017876
19220.0, 0.30178255
19230.0, 0.30177748
19240.0, 0.30177245
19250.0, 0.3017674
19260.0, 0.30176237
19270.0, 0.30175737
19280.0, 0.30175236
19290.0, 0.30174735
19300.0, 0.30174235
19310.0, 0.30173737
19320.0, 0.30173242
19330.0, 0.30172744
19340.0, 0.3017225
19350.0, 0.30171755
19360.0, 0.30171263
19370.0, 0.3017077
19380.0, 0.3017028
19390.0, 0.30169788
19400.0, 0.301693
19410.0, 0.30168813
19420.0, 0.30168328
19430.0, 0.30167842
19440.0, 0.30167353
19450.0, 0.3016687
19460.0, 0.30166388
19470.0, 0.30165905
19480.0, 0.30165422
19490.0, 0.30164942
19500.0, 0.30164462
19510.0, 0.30163983
19520.0, 0.30163506
19530.0, 0.30163032
19540.0, 0.30162555
19550.0, 0.30162078
19560.0, 0.30161607
19570.0, 0.30161133
19580.0, 0.30160666
19590.0, 0.3016019
19600.0, 0.3015972
19610.0, 0.30159253
19620.0, 0.30158782
19630.0, 0.30158314
19640.0, 0.3015785
19650.0, 0.30157384
19660.0, 0.30156922
19670.0, 0.30156457
19680.0, 0.30155995
19690.0, 0.30155534
19700.0, 0.30155072
19710.0, 0.30154613
19720.0, 0.3015415
19730.0, 0.30153695
19740.0, 0.30153236
19750.0, 0.30152783
19760.0, 0.30152327
19770.0, 0.30151874
19780.0, 0.30151418
19790.0, 0.30150965
19800.0, 0.30150515
19810.0, 0.30150062
19820.0, 0.30149615
19830.0, 0.30149168
19840.0, 0.30148718
19850.0, 0.30148268
19860.0, 0.30147824
19870.0, 0.30147377
19880.0, 0.30146933
19890.0, 0.30146492
19900.0, 0.3014605
19910.0, 0.30145603
19920.0, 0.30145165
19930.0, 0.30144724
19940.0, 0.30144286
19950.0, 0.30143848
19960.0, 0.3014341
19970.0, 0.30142972
19980.0, 0.30142534
19990.0, 0.30142102
20000.0, 0.30141667
20010.0, 0.30141234
20020.0, 0.30140802
20030.0, 0.3014037
20040.0, 0.30139938
20050.0, 0.30139512
20060.0, 0.30139083
20070.0, 0.30138656
20080.0, 0.30138227
20090.0, 0.30137798
20100.0, 0.30137375
20110.0, 0.3013695
20120.0, 0.30136526
20130.0, 0.30136102
20140.0, 0.30135682
20150.0, 0.3013526
20160.0, 0.3013484
20170.0, 0.30134422
20180.0, 0.30134
20190.0, 0.30133584
20200.0, 0.30133164
20210.0, 0.3013275
20220.0, 0.30132335
20230.0, 0.3013192
20240.0, 0.30131504
20250.0, 0.30131093
20260.0, 0.3013068
20270.0, 0.3013027
20280.0, 0.3012986
20290.0, 0.3012945
20300.0, 0.30129042
20310.0, 0.30128634
20320.0, 0.30128226
20330.0, 0.30127817
20340.0, 0.30127412
20350.0, 0.3012701
20360.0, 0.30126604
20370.0, 0.30126202
20380.0, 0.30125797
20390.0, 0.30125397
20400.0, 0.30124998
20410.0, 0.301246
20420.0, 0.30124196
20430.0, 0.30123797
20440.0, 0.30123404
20450.0, 0.30123004
20460.0, 0.30122608
20470.0, 0.30122212
20480.0, 0.30121818
20490.0, 0.30121428
20500.0, 0.3012103
20510.0, 0.3012064
20520.0, 0.3012025
20530.0, 0.3011986
20540.0, 0.3011947
20550.0, 0.3011908
20560.0, 0.3011869
20570.0, 0.30118304
20580.0, 0.30117917
20590.0, 0.3011753
20600.0, 0.30117145
20610.0, 0.30116764
20620.0, 0.30116376
20630.0, 0.30115995
20640.0, 0.30115613
20650.0, 0.30115232
20660.0, 0.3011485
20670.0, 0.30114472
20680.0, 0.30114093
20690.0, 0.30113712
20700.0, 0.30113336
20710.0, 0.3011296
20720.0, 0.30112585
20730.0, 0.30112207
20740.0, 0.30111837
20750.0, 0.3011146
20760.0, 0.30111086
20770.0, 0.30110714
20780.0, 0.30110344
20790.0, 0.30109972
20800.0, 0.30109602
20810.0, 0.30109233
20820.0, 0.30108863
20830.0, 0.30108497
20840.0, 0.3010813
20850.0, 0.3010776
20860.0, 0.30107397
20870.0, 0.30107033
20880.0, 0.30106667
20890.0, 0.30106306
20900.0, 0.3010594
20910.0, 0.30105582
20920.0, 0.30105218
20930.0, 0.30104858
20940.0, 0.30104497
20950.0, 0.3010414
20960.0, 0.3010378
20970.0, 0.3010342
20980.0, 0.30103067
20990.0, 0.3010271
21000.0, 0.3010235
21010.0, 0.30102
21020.0, 0.30101642
21030.0, 0.3010129
21040.0, 0.30100936
21050.0, 0.30100587
21060.0, 0.30100232
21070.0, 0.3009988
21080.0, 0.30099535
21090.0, 0.30099183
21100.0, 0.30098835
21110.0, 0.30098486
21120.0, 0.3009814
21130.0, 0.30097792
21140.0, 0.3009745
21150.0, 0.30097103
21160.0, 0.30096757
21170.0, 0.30096415
21180.0, 0.30096072
21190.0, 0.30095726
21200.0, 0.30095387
21210.0, 0.30095044
21220.0, 0.30094707
21230.0, 0.30094367
21240.0, 0.30094028
21250.0, 0.3009369
21260.0, 0.3009335
21270.0, 0.30093014
21280.0, 0.30092677
21290.0, 0.3009234
21300.0, 0.3009201
21310.0, 0.3009167
21320.0, 0.30091336
21330.0, 0.30091006
21340.0, 0.30090672
21350.0, 0.3009034
21360.0, 0.3009001
21370.0, 0.3008968
21380.0, 0.30089352
21390.0, 0.3008902
21400.0, 0.30088693
21410.0, 0.30088365
21420.0, 0.3008804
21430.0, 0.30087712
21440.0, 0.30087388
21450.0, 0.30087063
21460.0, 0.30086738
21470.0, 0.30086416
21480.0, 0.30086088
21490.0, 0.30085766
21500.0, 0.30085444
21510.0, 0.30085123
21520.0, 0.30084804
21530.0, 0.30084485
21540.0, 0.30084163
21550.0, 0.30083844
21560.0, 0.30083525
21570.0, 0.3008321
21580.0, 0.30082893
21590.0, 0.30082577
21600.0, 0.30082262
21610.0, 0.30081946
21620.0, 0.3008163
21630.0, 0.3008132
21640.0, 0.30081004
21650.0, 0.30080694
21660.0, 0.3008038
21670.0, 0.3008007
21680.0, 0.3007976
21690.0, 0.3007945
21700.0, 0.30079138
21710.0, 0.3007883
21720.0, 0.3007852
21730.0, 0.30078214
21740.0, 0.3007791
21750.0, 0.30077603
21760.0, 0.30077296
21770.0, 0.3007699
21780.0, 0.30076686
21790.0, 0.30076385
21800.0, 0.3007608
21810.0, 0.3007578
21820.0, 0.30075476
21830.0, 0.30075172
21840.0, 0.30074874
21850.0, 0.30074576
21860.0, 0.30074275
21870.0, 0.30073974
21880.0, 0.30073676
21890.0, 0.30073377
21900.0, 0.30073082
21910.0, 0.30072784
21920.0, 0.3007249
21930.0, 0.3007219
21940.0, 0.30071896
21950.0, 0.300716
21960.0, 0.30071312
21970.0, 0.30071017
21980.0, 0.30070725
21990.0, 0.30070433
22000.0, 0.3007014
22010.0, 0.30069852
22020.0, 0.3006956
22030.0, 0.3006927
22040.0, 0.30068982
22050.0, 0.30068696
22060.0, 0.30068403
22070.0, 0.30068117
22080.0, 0.3006783
22090.0, 0.30067545
22100.0, 0.3006726
22110.0, 0.30066976
22120.0, 0.3006669
22130.0, 0.30066407
22140.0, 0.3006612
22150.0, 0.3006584
22160.0, 0.3006556
22170.0, 0.30065277
22180.0, 0.30064994
22190.0, 0.30064714
22200.0, 0.30064434
22210.0, 0.30064154
22220.0, 0.30063877
22230.0, 0.30063596
22240.0, 0.3006332
22250.0, 0.30063045
22260.0, 0.30062765
22270.0, 0.3006249
22280.0, 0.30062214
22290.0, 0.30061942
22300.0, 0.30061662
22310.0, 0.3006139
22320.0, 0.3006112
22330.0, 0.30060843
22340.0, 0.3006057
22350.0, 0.300603
22360.0, 0.30060032
22370.0, 0.3005976
22380.0, 0.3005949
22390.0, 0.30059218
22400.0, 0.3005895
22410.0, 0.3005868
22420.0, 0.3005841
22430.0, 0.30058146
22440.0, 0.3005788
22450.0, 0.30057615
22460.0, 0.30057347
22470.0, 0.30057082
22480.0, 0.30056816
22490.0, 0.30056554
22500.0, 0.3005629
22510.0, 0.30056027
22520.0, 0.30055764
22530.0, 0.300555
22540.0, 0.30055243
22550.0, 0.30054978
22560.0, 0.30054718
22570.0, 0.30054456
22580.0, 0.30054197
22590.0, 0.3005394
22600.0, 0.3005368
22610.0, 0.30053422
22620.0, 0.30053166
22630.0, 0.3005291
22640.0, 0.30052653
22650.0, 0.30052394
22660.0, 0.3005214
22670.0, 0.30051887
22680.0, 0.3005163
22690.0, 0.30051377
22700.0, 0.30051124
22710.0, 0.30050874
22720.0, 0.30050617
22730.0, 0.30050367
22740.0, 0.30050114
22750.0, 0.30049863
22760.0, 0.30049616
22770.0, 0.30049366
22780.0, 0.30049115
22790.0, 0.30048865
22800.0, 0.30048615
22810.0, 0.3004837
22820.0, 0.3004812
22830.0, 0.30047876
22840.0, 0.30047628
22850.0, 0.30047384
22860.0, 0.3004714
22870.0, 0.3004689
22880.0, 0.30046648
22890.0, 0.30046406
22900.0, 0.3004616
22910.0, 0.30045918
22920.0, 0.30045676
22930.0, 0.30045432
22940.0, 0.30045193
22950.0, 0.3004495
22960.0, 0.30044708
22970.0, 0.3004447
22980.0, 0.3004423
22990.0, 0.3004399
23000.0, 0.3004375
23010.0, 0.30043513
23020.0, 0.30043277
23030.0, 0.30043042
23040.0, 0.30042803
23050.0, 0.30042565
23060.0, 0.30042332
23070.0, 0.30042097
23080.0, 0.3004186
23090.0, 0.30041626
23100.0, 0.3004139
23110.0, 0.30041158
23120.0, 0.30040923
23130.0, 0.30040693
23140.0, 0.3004046
23150.0, 0.30040228
23160.0, 0.3004
23170.0, 0.30039763
23180.0, 0.30039537
23190.0, 0.30039307
23200.0, 0.30039078
23210.0, 0.3003885
23220.0, 0.3003862
23230.0, 0.30038393
23240.0, 0.30038166
23250.0, 0.30037937
23260.0, 0.3003771
23270.0, 0.30037484
23280.0, 0.3003726
23290.0, 0.30037034
23300.0, 0.3003681
23310.0, 0.30036584
23320.0, 0.3003636
23330.0, 0.30036137
23340.0, 0.30035913
23350.0, 0.30035692
23360.0, 0.3003547
23370.0, 0.30035248
23380.0, 0.30035028
23390.0, 0.30034807
23400.0, 0.30034584
23410.0, 0.30034366
23420.0, 0.30034146
23430.0, 0.30033925
23440.0, 0.30033708
23450.0, 0.30033487
23460.0, 0.30033273
23470.0, 0.30033055
23480.0, 0.30032837
23490.0, 0.3003262
23500.0, 0.30032408
23510.0, 0.3003219
23520.0, 0.30031973
23530.0, 0.30031762
23540.0, 0.30031547
23550.0, 0.30031332
23560.0, 0.3003112
23570.0, 0.30030906
23580.0, 0.30030695
23590.0, 0.3003048
23600.0, 0.30030268
23610.0, 0.3003006
23620.0, 0.30029848
23630.0, 0.30029634
23640.0, 0.30029428
23650.0, 0.30029213
23660.0, 0.30029008
23670.0, 0.300288
23680.0, 0.3002859
23690.0, 0.3002838
23700.0, 0.30028176
23710.0, 0.30027965
23720.0, 0.30027762
23730.0, 0.30027556
23740.0, 0.30027348
23750.0, 0.30027142
23760.0, 0.3002694
23770.0, 0.30026734
23780.0, 0.30026528
23790.0, 0.30026326
23800.0, 0.3002612
23810.0, 0.3002592
23820.0, 0.30025718
23830.0, 0.30025515
23840.0, 0.30025312
23850.0, 0.3002511
23860.0, 0.3002491
23870.0, 0.30024707
23880.0, 0.30024508
23890.0, 0.30024308
23900.0, 0.30024108
23910.0, 0.30023912
23920.0, 0.30023712
23930.0, 0.30023512
23940.0, 0.30023316
23950.0, 0.3002312
23960.0, 0.30022922
23970.0, 0.30022722
23980.0, 0.30022526
23990.0, 0.30022332
24000.0, 0.30022135
24010.0, 0.30021942
24020.0, 0.30021748
24030.0, 0.3002155
24040.0, 0.30021358
24050.0, 0.30021164
24060.0, 0.3002097
24070.0, 0.3002078
24080.0, 0.3002059
24090.0, 0.30020395
24100.0, 0.30020204
24110.0, 0.3002001
24120.0, 0.3001982
24130.0, 0.3001963
24140.0, 0.3001944
24150.0, 0.3001925
24160.0, 0.3001906
24170.0, 0.30018872
24180.0, 0.30018684
24190.0, 0.30018494
24200.0, 0.30018306
24210.0, 0.3001812
24220.0, 0.30017933
24230.0, 0.30017745
24240.0, 0.3001756
24250.0, 0.30017373
24260.0, 0.30017188
24270.0, 0.30017003
24280.0, 0.3001682
24290.0, 0.30016634
24300.0, 0.3001645
24310.0, 0.30016264
24320.0, 0.30016086
24330.0, 0.300159
24340.0, 0.30015716
24350.0, 0.30015534
24360.0, 0.30015352
24370.0, 0.30015168
24380.0, 0.3001499
24390.0, 0.30014807
24400.0, 0.30014625
24410.0, 0.30014446
24420.0, 0.30014268
24430.0, 0.3001409
24440.0, 0.3001391
24450.0, 0.3001373
24460.0, 0.30013552
24470.0, 0.30013373
24480.0, 0.30013198
24490.0, 0.3001302
24500.0, 0.30012843
24510.0, 0.30012664
24520.0, 0.3001249
24530.0, 0.30012313
24540.0, 0.3001214
24550.0, 0.30011964
24560.0, 0.30011788
24570.0, 0.30011612
24580.0, 0.30011442
24590.0, 0.30011263
24600.0, 0.3001109
24610.0, 0.3001092
24620.0, 0.30010748
24630.0, 0.30010572
24640.0, 0.30010402
24650.0, 0.30010232
24660.0, 0.3001006
24670.0, 0.30009887
24680.0, 0.30009717
24690.0, 0.30009547
24700.0, 0.30009377
24710.0, 0.30009207
24720.0, 0.30009037
24730.0, 0.30008867
24740.0, 0.300087
24750.0, 0.30008534
24760.0, 0.30008364
24770.0, 0.30008197
24780.0, 0.3000803
24790.0, 0.30007863
24800.0, 0.30007696
24810.0, 0.3000753
24820.0, 0.30007362
24830.0, 0.30007198
24840.0, 0.30007035
24850.0, 0.30006865
24860.0, 0.30006704
24870.0, 0.3000654
24880.0, 0.30006376
24890.0, 0.30006212
24900.0, 0.30006048
24910.0, 0.3000588
24920.0, 0.3000572
24930.0, 0.3000556
24940.0, 0.30005398
24950.0, 0.30005237
24960.0, 0.30005074
24970.0, 0.3000491
24980.0, 0.30004752
24990.0, 0.30004594
25000.0, 0.3000443
25010.0, 0.30004272
25020.0, 0.30004114
25030.0, 0.30003953
25040.0, 0.30003792
25050.0, 0.30003634
25060.0, 0.30003476
25070.0, 0.3000332
25080.0, 0.3000316
25090.0, 0.30003005
25100.0, 0.30002847
25110.0, 0.3000269
25120.0, 0.30002534
25130.0, 0.30002376
25140.0, 0.3000222
25150.0, 0.30002066
25160.0, 0.30001912
25170.0, 0.30001757
25180.0, 0.30001602
25190.0, 0.3000145
25200.0, 0.30001295
25210.0, 0.30001143
25220.0, 0.30000988
25230.0, 0.30000836
25240.0, 0.30000684
25250.0, 0.30000532
25260.0, 0.30000377
25270.0, 0.30000228
25280.0, 0.30000076
25290.0, 0.29999927
25300.0, 0.29999775
25310.0, 0.29999623
25320.0, 0.29999474
25330.0, 0.29999322
25340.0, 0.29999176
25350.0, 0.29999024
25360.0, 0.29998875
25370.0, 0.2999873
25380.0, 0.2999858
25390.0, 0.2999843
25400.0, 0.29998285
25410.0, 0.29998133
25420.0, 0.29997987
25430.0, 0.2999784
25440.0, 0.29997694
25450.0, 0.29997548
25460.0, 0.29997402
25470.0, 0.29997256
25480.0, 0.2999711
25490.0, 0.29996964
25500.0, 0.29996818
25510.0, 0.29996675
25520.0, 0.29996532
25530.0, 0.29996386
25540.0, 0.29996243
25550.0, 0.299961
25560.0, 0.29995954
25570.0, 0.2999581
25580.0, 0.2999567
25590.0, 0.29995528
25600.0, 0.29995388
25610.0, 0.29995245
25620.0, 0.29995105
25630.0, 0.29994962
25640.0, 0.29994822
25650.0, 0.29994678
25660.0, 0.2999454
25670.0, 0.29994398
25680.0, 0.29994258
25690.0, 0.29994124
25700.0, 0.2999398
25710.0, 0.2999384
25720.0, 0.29993704
25730.0, 0.29993567
25740.0, 0.2999343
25750.0, 0.2999329
25760.0, 0.2999315
25770.0, 0.29993016
25780.0, 0.29992878
25790.0, 0.2999274
25800.0, 0.29992604
25810.0, 0.2999247
25820.0, 0.29992333
25830.0, 0.299922
25840.0, 0.29992062
25850.0, 0.29991928
25860.0, 0.29991794
25870.0, 0.29991657
25880.0, 0.29991522
25890.0, 0.29991388
25900.0, 0.29991254
25910.0, 0.29991123
25920.0, 0.2999099
25930.0, 0.29990855
25940.0, 0.29990724
25950.0, 0.2999059
25960.0, 0.29990456
25970.0, 0.29990324
25980.0, 0.29990193
25990.0, 0.29990062
26000.0, 0.29989934
26010.0, 0.299898
26020.0, 0.2998967
26030.0, 0.2998954
26040.0, 0.2998941
26050.0, 0.2998928
26060.0, 0.2998915
26070.0, 0.2998902
26080.0, 0.2998889
26090.0, 0.29988763
26100.0, 0.29988635
26110.0, 0.29988506
26120.0, 0.29988378
26130.0, 0.2998825
26140.0, 0.29988122
26150.0, 0.29987994
26160.0, 0.2998787
26170.0, 0.2998774
26180.0, 0.29987615
26190.0, 0.2998749
26200.0, 0.29987362
26210.0, 0.29987237
26220.0, 0.29987112
26230.0, 0.29986987
26240.0, 0.2998686
26250.0, 0.29986736
26260.0, 0.2998661
26270.0, 0.2998649
26280.0, 0.29986364
26290.0, 0.29986238
26300.0, 0.29986116
26310.0, 0.29985994
26320.0, 0.29985872
26330.0, 0.29985747
26340.0, 0.29985625
26350.0, 0.29985502
26360.0, 0.2998538
26370.0, 0.2998526
26380.0, 0.29985136
26390.0, 0.29985017
26400.0, 0.29984894
26410.0, 0.29984772
26420.0, 0.29984653
26430.0, 0.29984534
26440.0, 0.29984412
26450.0, 0.29984292
26460.0, 0.29984173
26470.0, 0.29984054
26480.0, 0.29983935
26490.0, 0.2998382
26500.0, 0.29983696
26510.0, 0.2998358
26520.0, 0.2998346
26530.0, 0.29983342
26540.0, 0.29983225
26550.0, 0.2998311
26560.0, 0.2998299
26570.0, 0.29982874
26580.0, 0.29982758
26590.0, 0.2998264
26600.0, 0.29982522
26610.0, 0.29982406
26620.0, 0.29982293
26630.0, 0.29982176
26640.0, 0.29982063
26650.0, 0.29981947
26660.0, 0.2998183
26670.0, 0.29981714
26680.0, 0.299816
26690.0, 0.29981488
26700.0, 0.29981375
26710.0, 0.29981261
26720.0, 0.29981148
26730.0, 0.29981035
26740.0, 0.29980922
26750.0, 0.29980808
26760.0, 0.29980695
26770.0, 0.29980582
26780.0, 0.2998047
26790.0, 0.29980356
26800.0, 0.29980245
26810.0, 0.29980135
26820.0, 0.29980025
26830.0, 0.2997991
26840.0, 0.299798
26850.0, 0.29979688
26860.0, 0.2997958
26870.0, 0.2997947
26880.0, 0.29979357
26890.0, 0.2997925
26900.0, 0.2997914
26910.0, 0.29979032
26920.0, 0.29978922
26930.0, 0.29978812
26940.0, 0.29978704
26950.0, 0.29978594
26960.0, 0.29978484
26970.0, 0.2997838
26980.0, 0.29978272
26990.0, 0.29978165
27000.0, 0.29978055
27010.0, 0.29977947
27020.0, 0.29977843
27030.0, 0.29977736
27040.0, 0.2997763
27050.0, 0.29977524
27060.0, 0.29977417
27070.0, 0.2997731
27080.0, 0.29977208
27090.0, 0.29977098
27100.0, 0.29976994
27110.0, 0.29976887
27120.0, 0.29976785
27130.0, 0.2997668
27140.0, 0.29976574
27150.0, 0.2997647
27160.0, 0.29976368
27170.0, 0.29976264
27180.0, 0.2997616
27190.0, 0.29976058
27200.0, 0.2997595
27210.0, 0.2997585
27220.0, 0.29975748
27230.0, 0.29975644
27240.0, 0.2997554
27250.0, 0.2997544
27260.0, 0.29975337
27270.0, 0.29975238
27280.0, 0.29975134
27290.0, 0.29975033
27300.0, 0.2997493
27310.0, 0.29974833
27320.0, 0.29974732
27330.0, 0.2997463
27340.0, 0.29974532
27350.0, 0.2997443
27360.0, 0.2997433
27370.0, 0.2997423
27380.0, 0.29974133
27390.0, 0.2997403
27400.0, 0.2997393
27410.0, 0.29973835
27420.0, 0.29973736
27430.0, 0.29973635
27440.0, 0.2997354
27450.0, 0.2997344
27460.0, 0.2997334
27470.0, 0.29973245
27480.0, 0.29973146
27490.0, 0.29973048
27500.0, 0.2997295
27510.0, 0.29972854
27520.0, 0.2997276
27530.0, 0.2997266
27540.0, 0.29972565
27550.0, 0.29972467
27560.0, 0.2997237
27570.0, 0.29972276
27580.0, 0.2997218
27590.0, 0.29972085
27600.0, 0.2997199
27610.0, 0.29971898
27620.0, 0.299718
27630.0, 0.29971707
27640.0, 0.29971611
27650.0, 0.29971516
27660.0, 0.29971424
27670.0, 0.2997133
27680.0, 0.29971236
27690.0, 0.2997114
27700.0, 0.29971048
27710.0, 0.29970953
27720.0, 0.29970863
27730.0, 0.29970768
27740.0, 0.29970676
27750.0, 0.29970586
27760.0, 0.29970494
27770.0, 0.29970402
27780.0, 0.2997031
27790.0, 0.29970217
27800.0, 0.29970124
27810.0, 0.29970032
27820.0, 0.29969943
27830.0, 0.2996985
27840.0, 0.29969758
27850.0, 0.29969668
27860.0, 0.2996958
27870.0, 0.2996949
27880.0, 0.29969397
27890.0, 0.2996931
27900.0, 0.2996922
27910.0, 0.2996913
27920.0, 0.29969043
27930.0, 0.29968953
27940.0, 0.2996886
27950.0, 0.2996877
27960.0, 0.29968685
27970.0, 0.29968598
27980.0, 0.2996851
27990.0, 0.29968417
28000.0, 0.29968333
28010.0, 0.29968244
28020.0, 0.29968157
28030.0, 0.29968068
28040.0, 0.29967982
28050.0, 0.29967895
28060.0, 0.2996781
28070.0, 0.29967722
28080.0, 0.29967636
28090.0, 0.2996755
28100.0, 0.29967463
28110.0, 0.29967377
28120.0, 0.2996729
28130.0, 0.29967204
28140.0, 0.29967117
28150.0, 0.29967034
28160.0, 0.29966947
28170.0, 0.29966864
28180.0, 0.29966778
28190.0, 0.29966694
28200.0, 0.29966608
28210.0, 0.29966524
28220.0, 0.2996644
28230.0, 0.29966357
28240.0, 0.29966277
28250.0, 0.2996619
28260.0, 0.29966104
28270.0, 0.29966024
28280.0, 0.2996594
28290.0, 0.29965854
28300.0, 0.29965773
28310.0, 0.29965693
28320.0, 0.2996561
28330.0, 0.29965526
28340.0, 0.29965445
28350.0, 0.29965362
28360.0, 0.2996528
28370.0, 0.29965198
28380.0, 0.29965118
28390.0, 0.29965034
28400.0, 0.29964957
28410.0, 0.29964873
28420.0, 0.29964793
28430.0, 0.29964712
28440.0, 0.29964632
28450.0, 0.2996455
28460.0, 0.2996447
28470.0, 0.29964393
28480.0, 0.29964313
28490.0, 0.29964232
28500.0, 0.29964152
28510.0, 0.29964072
28520.0, 0.29963994
28530.0, 0.29963917
28540.0, 0.29963836
28550.0, 0.29963756
28560.0, 0.29963675
28570.0, 0.29963598
28580.0, 0.2996352
28590.0, 0.29963443
28600.0, 0.29963362
28610.0, 0.29963288
28620.0, 0.29963207
28630.0, 0.2996313
28640.0, 0.29963052
28650.0, 0.29962975
28660.0, 0.299629
28670.0, 0.29962823
28680.0, 0.29962745
28690.0, 0.29962668
28700.0, 0.29962593
28710.0, 0.29962516
28720.0, 0.29962438
28730.0, 0.29962364
28740.0, 0.2996229
28750.0, 0.29962212
28760.0, 0.29962137
28770.0, 0.29962063
28780.0, 0.29961985
28790.0, 0.29961914
28800.0, 0.29961836
28810.0, 0.29961762
28820.0, 0.29961687
28830.0, 0.29961613
28840.0, 0.29961538
28850.0, 0.29961464
28860.0, 0.2996139
28870.0, 0.29961315
28880.0, 0.29961243
28890.0, 0.29961166
28900.0, 0.29961097
28910.0, 0.2996102
28920.0, 0.2996095
28930.0, 0.29960877
28940.0, 0.29960802
28950.0, 0.29960728
28960.0, 0.2996066
28970.0, 0.29960585
28980.0, 0.29960513
28990.0, 0.29960442
29000.0, 0.2996037
29010.0, 0.299603
29020.0, 0.29960227
29030.0, 0.29960155
29040.0, 0.2996008
29050.0, 0.2996001
29060.0, 0.2995994
29070.0, 0.2995987
29080.0, 0.29959798
29090.0, 0.29959726
29100.0, 0.29959658
29110.0, 0.29959586
29120.0, 0.29959515
29130.0, 0.29959446
29140.0, 0.29959375
29150.0, 0.29959306
29160.0, 0.29959238
29170.0, 0.29959166
29180.0, 0.29959098
29190.0, 0.2995903
29200.0, 0.29958957
29210.0, 0.2995889
29220.0, 0.2995882
29230.0, 0.29958752
29240.0, 0.29958683
29250.0, 0.29958612
29260.0, 0.29958546
29270.0, 0.29958475
29280.0, 0.2995841
29290.0, 0.2995834
29300.0, 0.29958272
29310.0, 0.29958206
29320.0, 0.29958138
29330.0, 0.29958072
29340.0, 0.29958004
29350.0, 0.29957938
29360.0, 0.2995787
29370.0, 0.29957804
29380.0, 0.29957736
29390.0, 0.2995767
29400.0, 0.299576
29410.0, 0.29957536
29420.0, 0.2995747
29430.0, 0.29957405
29440.0, 0.2995734
29450.0, 0.29957274
29460.0, 0.29957205
29470.0, 0.2995714
29480.0, 0.29957074
29490.0, 0.29957014
29500.0, 0.29956946
29510.0, 0.2995688
29520.0, 0.29956815
29530.0, 0.2995675
29540.0, 0.29956686
29550.0, 0.2995662
29560.0, 0.29956558
29570.0, 0.29956493
29580.0, 0.2995643
29590.0, 0.29956365
29600.0, 0.29956302
29610.0, 0.2995624
29620.0, 0.29956174
29630.0, 0.2995611
29640.0, 0.2995605
29650.0, 0.29955983
29660.0, 0.29955924
29670.0, 0.29955855
29680.0, 0.29955795
29690.0, 0.2995573
29700.0, 0.2995567
29710.0, 0.29955608
29720.0, 0.29955545
29730.0, 0.29955482
29740.0, 0.2995542
29750.0, 0.29955357
29760.0, 0.29955298
29770.0, 0.29955232
29780.0, 0.29955173
29790.0, 0.29955113
29800.0, 0.29955047
29810.0, 0.29954988
29820.0, 0.29954928
29830.0, 0.29954866
29840.0, 0.29954806
29850.0, 0.29954746
29860.0, 0.29954684
29870.0, 0.29954624
29880.0, 0.29954562
29890.0, 0.29954502
29900.0, 0.29954442
29910.0, 0.29954383
29920.0, 0.29954323
29930.0, 0.29954267
29940.0, 0.29954204
29950.0, 0.2995414
29960.0, 0.29954085
29970.0, 0.29954025
29980.0, 0.2995397
29990.0, 0.2995391
30000.0, 0.29953846
