Energy (in eV), backscattering yield of material alox-reduced-PEY at incidence 50.000004 degree
   X,       Y
0.0, 0.0
10.0, 0.0
20.0, 0.0
30.0, 0.0
40.0, 0.0
50.0, 0.0
60.0, 0.06539344
70.0, 0.096906625
80.0, 0.12006656
90.0, 0.13855287
100.0, 0.15396078
110.0, 0.16716422
120.0, 0.1787038
130.0, 0.18894033
140.0, 0.19812787
150.0, 0.20645243
160.0, 0.2140546
170.0, 0.22104326
180.0, 0.22750445
190.0, 0.23350745
200.0, 0.23910882
210.0, 0.24435529
220.0, 0.24928603
230.0, 0.25393406
240.0, 0.25832757
250.0, 0.26249078
260.0, 0.26644456
270.0, 0.2702073
280.0, 0.27379486
290.0, 0.2772214
300.0, 0.28049937
310.0, 0.2836399
320.0, 0.2866529
330.0, 0.28954723
340.0, 0.29233098
350.0, 0.29501125
360.0, 0.29759476
370.0, 0.30008736
380.0, 0.3024945
390.0, 0.30482122
400.0, 0.307072
410.0, 0.30925104
420.0, 0.31136224
430.0, 0.31340912
440.0, 0.31539497
450.0, 0.31732282
460.0, 0.31919554
470.0, 0.32101572
480.0, 0.32278582
490.0, 0.32450816
500.0, 0.32618484
510.0, 0.32781783
520.0, 0.32940906
530.0, 0.33096024
540.0, 0.33247304
550.0, 0.33394903
560.0, 0.33538964
570.0, 0.33679625
580.0, 0.3381702
590.0, 0.33951262
600.0, 0.34082478
610.0, 0.34210774
620.0, 0.3433625
630.0, 0.34459016
640.0, 0.34579155
650.0, 0.34696758
660.0, 0.34811914
670.0, 0.34924698
680.0, 0.35035193
690.0, 0.3514347
700.0, 0.35249603
710.0, 0.35353646
720.0, 0.35455677
730.0, 0.3555575
740.0, 0.35653925
750.0, 0.35750252
760.0, 0.35844794
770.0, 0.35937598
780.0, 0.36028713
790.0, 0.36118183
800.0, 0.3620606
810.0, 0.36292383
820.0, 0.36377192
830.0, 0.36460534
840.0, 0.3654244
850.0, 0.3662295
860.0, 0.36702105
870.0, 0.3677993
880.0, 0.36856467
890.0, 0.36931735
900.0, 0.37005782
910.0, 0.37078625
920.0, 0.37150303
930.0, 0.37220833
940.0, 0.37290248
950.0, 0.3735857
960.0, 0.37425834
970.0, 0.37492052
980.0, 0.37557256
990.0, 0.37621462
1000.0, 0.37684697
1010.0, 0.37666607
1020.0, 0.3764855
1030.0, 0.37630525
1040.0, 0.3761253
1050.0, 0.37594566
1060.0, 0.37576637
1070.0, 0.37558734
1080.0, 0.37540865
1090.0, 0.37523025
1100.0, 0.37505215
1110.0, 0.3748744
1120.0, 0.37469694
1130.0, 0.37451977
1140.0, 0.37434292
1150.0, 0.3741664
1160.0, 0.37399015
1170.0, 0.37381423
1180.0, 0.3736386
1190.0, 0.37346327
1200.0, 0.37328827
1210.0, 0.37311357
1220.0, 0.37293917
1230.0, 0.37276506
1240.0, 0.37259126
1250.0, 0.37241775
1260.0, 0.37224457
1270.0, 0.37207168
1280.0, 0.37189907
1290.0, 0.37172678
1300.0, 0.3715548
1310.0, 0.3713831
1320.0, 0.3712117
1330.0, 0.37104064
1340.0, 0.37086982
1350.0, 0.37069932
1360.0, 0.37052912
1370.0, 0.3703592
1380.0, 0.3701896
1390.0, 0.3700203
1400.0, 0.36985126
1410.0, 0.36968255
1420.0, 0.36951414
1430.0, 0.369346
1440.0, 0.36917815
1450.0, 0.3690106
1460.0, 0.36884335
1470.0, 0.36867636
1480.0, 0.3685097
1490.0, 0.36834335
1500.0, 0.36817726
1510.0, 0.36801144
1520.0, 0.36784592
1530.0, 0.36768073
1540.0, 0.3675158
1550.0, 0.36735114
1560.0, 0.36718678
1570.0, 0.36702272
1580.0, 0.36685896
1590.0, 0.36669543
1600.0, 0.36653224
1610.0, 0.36636934
1620.0, 0.3662067
1630.0, 0.36604434
1640.0, 0.36588228
1650.0, 0.36572048
1660.0, 0.365559
1670.0, 0.36539778
1680.0, 0.36523685
1690.0, 0.36507618
1700.0, 0.36491582
1710.0, 0.36475575
1720.0, 0.36459592
1730.0, 0.36443642
1740.0, 0.36427715
1750.0, 0.3641182
1760.0, 0.36395952
1770.0, 0.36380112
1780.0, 0.363643
1790.0, 0.36348513
1800.0, 0.36332753
1810.0, 0.36317024
1820.0, 0.3630132
1830.0, 0.36285648
1840.0, 0.36270002
1850.0, 0.36254382
1860.0, 0.3623879
1870.0, 0.36223224
1880.0, 0.36207688
1890.0, 0.3619218
1900.0, 0.36176696
1910.0, 0.3616124
1920.0, 0.36145812
1930.0, 0.3613041
1940.0, 0.36115038
1950.0, 0.3609969
1960.0, 0.36084372
1970.0, 0.3606908
1980.0, 0.36053815
1990.0, 0.36038575
2000.0, 0.36023363
2010.0, 0.3600818
2020.0, 0.3599302
2030.0, 0.35977888
2040.0, 0.35962784
2050.0, 0.35947707
2060.0, 0.35932657
2070.0, 0.3591763
2080.0, 0.3590263
2090.0, 0.35887662
2100.0, 0.35872716
2110.0, 0.35857797
2120.0, 0.35842904
2130.0, 0.35828036
2140.0, 0.35813197
2150.0, 0.35798383
2160.0, 0.35783595
2170.0, 0.35768834
2180.0, 0.357541
2190.0, 0.35739392
2200.0, 0.35724708
2210.0, 0.3571005
2220.0, 0.3569542
2230.0, 0.35680813
2240.0, 0.35666233
2250.0, 0.3565168
2260.0, 0.35637152
2270.0, 0.3562265
2280.0, 0.35608175
2290.0, 0.35593724
2300.0, 0.35579297
2310.0, 0.355649
2320.0, 0.35550526
2330.0, 0.35536176
2340.0, 0.35521853
2350.0, 0.35507557
2360.0, 0.35493284
2370.0, 0.35479036
2380.0, 0.35464814
2390.0, 0.3545062
2400.0, 0.35436448
2410.0, 0.354223
2420.0, 0.3540818
2430.0, 0.35394087
2440.0, 0.35380015
2450.0, 0.3536597
2460.0, 0.35351947
2470.0, 0.35337955
2480.0, 0.35323983
2490.0, 0.35310036
2500.0, 0.35296115
2510.0, 0.35282218
2520.0, 0.35268345
2530.0, 0.352545
2540.0, 0.35240677
2550.0, 0.3522688
2560.0, 0.35213107
2570.0, 0.3519936
2580.0, 0.35185632
2590.0, 0.35171935
2600.0, 0.3515826
2610.0, 0.3514461
2620.0, 0.3513098
2630.0, 0.3511738
2640.0, 0.351038
2650.0, 0.3509025
2660.0, 0.35076717
2670.0, 0.35063213
2680.0, 0.3504973
2690.0, 0.35036275
2700.0, 0.3502284
2710.0, 0.35009432
2720.0, 0.34996045
2730.0, 0.34982684
2740.0, 0.34969348
2750.0, 0.34956032
2760.0, 0.34942743
2770.0, 0.34929478
2780.0, 0.34916234
2790.0, 0.34903017
2800.0, 0.3488982
2810.0, 0.3487665
2820.0, 0.34863502
2830.0, 0.34850377
2840.0, 0.34837276
2850.0, 0.34824198
2860.0, 0.34811145
2870.0, 0.34798113
2880.0, 0.34785107
2890.0, 0.34772122
2900.0, 0.3475916
2910.0, 0.34746224
2920.0, 0.34733307
2930.0, 0.34720418
2940.0, 0.3470755
2950.0, 0.34694704
2960.0, 0.3468188
2970.0, 0.34669083
2980.0, 0.34656307
2990.0, 0.34643555
3000.0, 0.34630823
3010.0, 0.34618115
3020.0, 0.34605432
3030.0, 0.3459277
3040.0, 0.3458013
3050.0, 0.34567514
3060.0, 0.3455492
3070.0, 0.34542346
3080.0, 0.345298
3090.0, 0.34517273
3100.0, 0.34504768
3110.0, 0.34492287
3120.0, 0.3447983
3130.0, 0.34467393
3140.0, 0.34454978
3150.0, 0.3444259
3160.0, 0.34430218
3170.0, 0.3441787
3180.0, 0.34405544
3190.0, 0.34393242
3200.0, 0.34380963
3210.0, 0.34368703
3220.0, 0.34356466
3230.0, 0.34344253
3240.0, 0.3433206
3250.0, 0.3431989
3260.0, 0.34307742
3270.0, 0.34295616
3280.0, 0.3428351
3290.0, 0.34271428
3300.0, 0.34259367
3310.0, 0.34247327
3320.0, 0.3423531
3330.0, 0.34223312
3340.0, 0.3421134
3350.0, 0.34199387
3360.0, 0.34187454
3370.0, 0.34175545
3380.0, 0.34163657
3390.0, 0.3415179
3400.0, 0.34139946
3410.0, 0.3412812
3420.0, 0.3411632
3430.0, 0.34104538
3440.0, 0.34092775
3450.0, 0.3408104
3460.0, 0.3406932
3470.0, 0.34057623
3480.0, 0.3404595
3490.0, 0.34034294
3500.0, 0.34022662
3510.0, 0.3401105
3520.0, 0.3399946
3530.0, 0.3398789
3540.0, 0.3397634
3550.0, 0.33964813
3560.0, 0.33953306
3570.0, 0.33941817
3580.0, 0.33930352
3590.0, 0.33918908
3600.0, 0.33907485
3610.0, 0.3389608
3620.0, 0.33884698
3630.0, 0.33873335
3640.0, 0.33861995
3650.0, 0.33850673
3660.0, 0.33839372
3670.0, 0.33828092
3680.0, 0.33816832
3690.0, 0.33805594
3700.0, 0.33794373
3710.0, 0.33783177
3720.0, 0.33771998
3730.0, 0.3376084
3740.0, 0.33749703
3750.0, 0.33738583
3760.0, 0.33727488
3770.0, 0.3371641
3780.0, 0.33705354
3790.0, 0.33694318
3800.0, 0.336833
3810.0, 0.33672303
3820.0, 0.33661327
3830.0, 0.3365037
3840.0, 0.3363943
3850.0, 0.33628514
3860.0, 0.3361762
3870.0, 0.3360674
3880.0, 0.33595884
3890.0, 0.33585045
3900.0, 0.33574226
3910.0, 0.3356343
3920.0, 0.3355265
3930.0, 0.3354189
3940.0, 0.3353115
3950.0, 0.3352043
3960.0, 0.3350973
3970.0, 0.3349905
3980.0, 0.33488387
3990.0, 0.33477744
4000.0, 0.33467123
4010.0, 0.3345652
4020.0, 0.33445936
4030.0, 0.33435372
4040.0, 0.33424824
4050.0, 0.33414298
4060.0, 0.33403793
4070.0, 0.33393303
4080.0, 0.33382836
4090.0, 0.33372384
4100.0, 0.33361953
4110.0, 0.33351544
4120.0, 0.33341148
4130.0, 0.33330774
4140.0, 0.3332042
4150.0, 0.33310086
4160.0, 0.33299768
4170.0, 0.3328947
4180.0, 0.33279192
4190.0, 0.33268932
4200.0, 0.33258688
4210.0, 0.33248466
4220.0, 0.3323826
4230.0, 0.33228076
4240.0, 0.33217907
4250.0, 0.3320776
4260.0, 0.3319763
4270.0, 0.33187518
4280.0, 0.33177426
4290.0, 0.3316735
4300.0, 0.33157295
4310.0, 0.33147258
4320.0, 0.33137238
4330.0, 0.33127236
4340.0, 0.33117256
4350.0, 0.3310729
4360.0, 0.33097342
4370.0, 0.33087415
4380.0, 0.33077505
4390.0, 0.33067614
4400.0, 0.33057743
4410.0, 0.33047885
4420.0, 0.3303805
4430.0, 0.3302823
4440.0, 0.33018428
4450.0, 0.33008644
4460.0, 0.32998878
4470.0, 0.32989132
4480.0, 0.32979402
4490.0, 0.32969692
4500.0, 0.32959998
4510.0, 0.3295032
4520.0, 0.32940662
4530.0, 0.32931024
4540.0, 0.329214
4550.0, 0.32911795
4560.0, 0.32902208
4570.0, 0.32892635
4580.0, 0.32883084
4590.0, 0.3287355
4600.0, 0.3286403
4610.0, 0.3285453
4620.0, 0.3284505
4630.0, 0.32835585
4640.0, 0.32826138
4650.0, 0.32816708
4660.0, 0.32807294
4670.0, 0.327979
4680.0, 0.32788518
4690.0, 0.3277916
4700.0, 0.32769817
4710.0, 0.3276049
4720.0, 0.3275118
4730.0, 0.32741886
4740.0, 0.32732612
4750.0, 0.32723355
4760.0, 0.32714114
4770.0, 0.3270489
4780.0, 0.3269568
4790.0, 0.3268649
4800.0, 0.32677317
4810.0, 0.3266816
4820.0, 0.32659024
4830.0, 0.326499
4840.0, 0.32640794
4850.0, 0.32631704
4860.0, 0.32622632
4870.0, 0.32613578
4880.0, 0.3260454
4890.0, 0.32595515
4900.0, 0.32586512
4910.0, 0.3257752
4920.0, 0.3256855
4930.0, 0.32559595
4940.0, 0.32550657
4950.0, 0.32541734
4960.0, 0.32532826
4970.0, 0.32523936
4980.0, 0.32515064
4990.0, 0.32506207
5000.0, 0.32497367
5010.0, 0.3248854
5020.0, 0.32479733
5030.0, 0.32470942
5040.0, 0.32462165
5050.0, 0.32453406
5060.0, 0.32444662
5070.0, 0.32435936
5080.0, 0.32427225
5090.0, 0.3241853
5100.0, 0.32409853
5110.0, 0.3240119
5120.0, 0.32392544
5130.0, 0.32383913
5140.0, 0.32375297
5150.0, 0.32366702
5160.0, 0.3235812
5170.0, 0.3234955
5180.0, 0.32341
5190.0, 0.32332465
5200.0, 0.32323945
5210.0, 0.32315442
5220.0, 0.32306954
5230.0, 0.3229848
5240.0, 0.32290027
5250.0, 0.32281587
5260.0, 0.3227316
5270.0, 0.3226475
5280.0, 0.32256356
5290.0, 0.32247978
5300.0, 0.32239616
5310.0, 0.32231268
5320.0, 0.3222294
5330.0, 0.3221462
5340.0, 0.3220632
5350.0, 0.32198036
5360.0, 0.32189766
5370.0, 0.3218151
5380.0, 0.3217327
5390.0, 0.32165045
5400.0, 0.32156837
5410.0, 0.32148644
5420.0, 0.32140467
5430.0, 0.32132304
5440.0, 0.32124153
5450.0, 0.3211602
5460.0, 0.32107902
5470.0, 0.320998
5480.0, 0.32091713
5490.0, 0.3208364
5500.0, 0.32075584
5510.0, 0.3206754
5520.0, 0.32059512
5530.0, 0.320515
5540.0, 0.32043502
5550.0, 0.32035518
5560.0, 0.3202755
5570.0, 0.32019597
5580.0, 0.32011658
5590.0, 0.32003734
5600.0, 0.31995824
5610.0, 0.3198793
5620.0, 0.31980053
5630.0, 0.31972188
5640.0, 0.31964335
5650.0, 0.319565
5660.0, 0.3194868
5670.0, 0.3194087
5680.0, 0.3193308
5690.0, 0.31925303
5700.0, 0.31917542
5710.0, 0.3190979
5720.0, 0.31902057
5730.0, 0.31894338
5740.0, 0.3188663
5750.0, 0.31878942
5760.0, 0.31871265
5770.0, 0.31863603
5780.0, 0.31855956
5790.0, 0.3184832
5800.0, 0.31840703
5810.0, 0.31833094
5820.0, 0.31825504
5830.0, 0.31817928
5840.0, 0.31810367
5850.0, 0.31802818
5860.0, 0.3179528
5870.0, 0.31787762
5880.0, 0.31780255
5890.0, 0.31772763
5900.0, 0.31765285
5910.0, 0.3175782
5920.0, 0.3175037
5930.0, 0.31742933
5940.0, 0.3173551
5950.0, 0.317281
5960.0, 0.31720707
5970.0, 0.31713325
5980.0, 0.31705958
5990.0, 0.31698602
6000.0, 0.31691265
6010.0, 0.31683937
6020.0, 0.31676626
6030.0, 0.31669325
6040.0, 0.3166204
6050.0, 0.3165477
6060.0, 0.31647512
6070.0, 0.31640267
6080.0, 0.31633037
6090.0, 0.3162582
6100.0, 0.31618616
6110.0, 0.31611425
6120.0, 0.31604248
6130.0, 0.31597087
6140.0, 0.31589934
6150.0, 0.315828
6160.0, 0.31575677
6170.0, 0.31568566
6180.0, 0.3156147
6190.0, 0.31554386
6200.0, 0.31547317
6210.0, 0.3154026
6220.0, 0.31533217
6230.0, 0.31526184
6240.0, 0.3151917
6250.0, 0.31512165
6260.0, 0.31505173
6270.0, 0.31498194
6280.0, 0.31491232
6290.0, 0.3148428
6300.0, 0.3147734
6310.0, 0.31470415
6320.0, 0.314635
6330.0, 0.31456602
6340.0, 0.31449717
6350.0, 0.31442845
6360.0, 0.3143598
6370.0, 0.31429133
6380.0, 0.314223
6390.0, 0.31415477
6400.0, 0.31408668
6410.0, 0.3140187
6420.0, 0.31395087
6430.0, 0.31388316
6440.0, 0.31381556
6450.0, 0.31374812
6460.0, 0.3136808
6470.0, 0.3136136
6480.0, 0.3135465
6490.0, 0.31347954
6500.0, 0.31341273
6510.0, 0.31334603
6520.0, 0.31327945
6530.0, 0.31321302
6540.0, 0.31314668
6550.0, 0.31308046
6560.0, 0.3130144
6570.0, 0.31294847
6580.0, 0.31288263
6590.0, 0.31281692
6600.0, 0.31275135
6610.0, 0.31268588
6620.0, 0.31262055
6630.0, 0.31255534
6640.0, 0.31249025
6650.0, 0.3124253
6660.0, 0.31236044
6670.0, 0.31229573
6680.0, 0.31223112
6690.0, 0.31216666
6700.0, 0.3121023
6710.0, 0.31203806
6720.0, 0.31197396
6730.0, 0.31190994
6740.0, 0.31184608
6750.0, 0.31178236
6760.0, 0.3117187
6770.0, 0.3116552
6780.0, 0.3115918
6790.0, 0.31152853
6800.0, 0.31146538
6810.0, 0.31140235
6820.0, 0.31133944
6830.0, 0.31127664
6840.0, 0.31121397
6850.0, 0.31115142
6860.0, 0.31108895
6870.0, 0.31102663
6880.0, 0.31096444
6890.0, 0.31090236
6900.0, 0.31084037
6910.0, 0.3107785
6920.0, 0.31071678
6930.0, 0.31065515
6940.0, 0.31059366
6950.0, 0.31053227
6960.0, 0.310471
6970.0, 0.31040984
6980.0, 0.3103488
6990.0, 0.31028786
7000.0, 0.31022707
7010.0, 0.31016636
7020.0, 0.31010577
7030.0, 0.3100453
7040.0, 0.30998498
7050.0, 0.30992472
7060.0, 0.3098646
7070.0, 0.3098046
7080.0, 0.3097447
7090.0, 0.3096849
7100.0, 0.30962524
7110.0, 0.30956566
7120.0, 0.3095062
7130.0, 0.3094469
7140.0, 0.30938768
7150.0, 0.3093286
7160.0, 0.30926958
7170.0, 0.3092107
7180.0, 0.30915192
7190.0, 0.30909324
7200.0, 0.3090347
7210.0, 0.30897626
7220.0, 0.30891794
7230.0, 0.3088597
7240.0, 0.3088016
7250.0, 0.3087436
7260.0, 0.3086857
7270.0, 0.30862793
7280.0, 0.30857024
7290.0, 0.3085127
7300.0, 0.30845523
7310.0, 0.3083979
7320.0, 0.30834067
7330.0, 0.30828354
7340.0, 0.30822653
7350.0, 0.3081696
7360.0, 0.3081128
7370.0, 0.30805612
7380.0, 0.30799952
7390.0, 0.30794305
7400.0, 0.30788666
7410.0, 0.3078304
7420.0, 0.30777425
7430.0, 0.3077182
7440.0, 0.30766225
7450.0, 0.3076064
7460.0, 0.30755067
7470.0, 0.30749506
7480.0, 0.3074395
7490.0, 0.3073841
7500.0, 0.3073288
7510.0, 0.3072736
7520.0, 0.3072185
7530.0, 0.30716348
7540.0, 0.30710858
7550.0, 0.3070538
7560.0, 0.30699912
7570.0, 0.30694455
7580.0, 0.30689007
7590.0, 0.30683568
7600.0, 0.3067814
7610.0, 0.30672726
7620.0, 0.3066732
7630.0, 0.30661923
7640.0, 0.30656537
7650.0, 0.3065116
7660.0, 0.30645794
7670.0, 0.3064044
7680.0, 0.30635095
7690.0, 0.3062976
7700.0, 0.30624434
7710.0, 0.3061912
7720.0, 0.30613816
7730.0, 0.30608523
7740.0, 0.30603236
7750.0, 0.30597964
7760.0, 0.30592698
7770.0, 0.30587444
7780.0, 0.305822
7790.0, 0.30576965
7800.0, 0.3057174
7810.0, 0.30566525
7820.0, 0.30561322
7830.0, 0.30556127
7840.0, 0.30550942
7850.0, 0.30545768
7860.0, 0.30540603
7870.0, 0.30535448
7880.0, 0.30530304
7890.0, 0.30525166
7900.0, 0.30520043
7910.0, 0.30514926
7920.0, 0.3050982
7930.0, 0.3050472
7940.0, 0.30499637
7950.0, 0.3049456
7960.0, 0.30489492
7970.0, 0.30484435
7980.0, 0.30479386
7990.0, 0.30474347
8000.0, 0.3046932
8010.0, 0.304643
8020.0, 0.30459288
8030.0, 0.3045429
8040.0, 0.30449298
8050.0, 0.30444318
8060.0, 0.30439344
8070.0, 0.30434385
8080.0, 0.30429432
8090.0, 0.30424488
8100.0, 0.30419555
8110.0, 0.30414632
8120.0, 0.30409715
8130.0, 0.3040481
8140.0, 0.30399913
8150.0, 0.30395028
8160.0, 0.3039015
8170.0, 0.30385283
8180.0, 0.30380422
8190.0, 0.30375573
8200.0, 0.30370733
8210.0, 0.30365902
8220.0, 0.3036108
8230.0, 0.30356264
8240.0, 0.30351463
8250.0, 0.30346668
8260.0, 0.30341884
8270.0, 0.30337107
8280.0, 0.3033234
8290.0, 0.30327582
8300.0, 0.30322835
8310.0, 0.30318093
8320.0, 0.30313364
8330.0, 0.30308643
8340.0, 0.30303928
8350.0, 0.30299225
8360.0, 0.30294532
8370.0, 0.30289844
8380.0, 0.30285168
8390.0, 0.302805
8400.0, 0.30275843
8410.0, 0.30271193
8420.0, 0.3026655
8430.0, 0.3026192
8440.0, 0.30257297
8450.0, 0.30252683
8460.0, 0.30248076
8470.0, 0.3024348
8480.0, 0.30238894
8490.0, 0.30234313
8500.0, 0.30229744
8510.0, 0.30225182
8520.0, 0.30220628
8530.0, 0.30216083
8540.0, 0.30211547
8550.0, 0.3020702
8560.0, 0.30202502
8570.0, 0.30197996
8580.0, 0.30193496
8590.0, 0.30189002
8600.0, 0.30184516
8610.0, 0.30180043
8620.0, 0.30175576
8630.0, 0.3017112
8640.0, 0.3016667
8650.0, 0.30162227
8660.0, 0.30157796
8670.0, 0.30153373
8680.0, 0.30148956
8690.0, 0.3014455
8700.0, 0.30140153
8710.0, 0.30135763
8720.0, 0.30131382
8730.0, 0.30127007
8740.0, 0.3012264
8750.0, 0.30118287
8760.0, 0.30113938
8770.0, 0.301096
8780.0, 0.3010527
8790.0, 0.30100945
8800.0, 0.3009663
8810.0, 0.30092323
8820.0, 0.30088025
8830.0, 0.30083734
8840.0, 0.3007945
8850.0, 0.3007518
8860.0, 0.30070913
8870.0, 0.30066657
8880.0, 0.30062407
8890.0, 0.30058166
8900.0, 0.30053934
8910.0, 0.3004971
8920.0, 0.30045494
8930.0, 0.30041286
8940.0, 0.30037084
8950.0, 0.3003289
8960.0, 0.3002871
8970.0, 0.3002453
8980.0, 0.30020365
8990.0, 0.30016205
9000.0, 0.30012053
9010.0, 0.30007908
9020.0, 0.3000377
9030.0, 0.29999644
9040.0, 0.29995525
9050.0, 0.29991412
9060.0, 0.29987308
9070.0, 0.2998321
9080.0, 0.29979122
9090.0, 0.29975042
9100.0, 0.29970968
9110.0, 0.29966903
9120.0, 0.29962847
9130.0, 0.29958797
9140.0, 0.29954755
9150.0, 0.2995072
9160.0, 0.29946694
9170.0, 0.29942676
9180.0, 0.29938665
9190.0, 0.29934663
9200.0, 0.29930666
9210.0, 0.2992668
9220.0, 0.299227
9230.0, 0.29918727
9240.0, 0.29914764
9250.0, 0.29910806
9260.0, 0.29906857
9270.0, 0.29902914
9280.0, 0.2989898
9290.0, 0.29895052
9300.0, 0.29891133
9310.0, 0.29887223
9320.0, 0.2988332
9330.0, 0.2987942
9340.0, 0.29875535
9350.0, 0.29871652
9360.0, 0.29867777
9370.0, 0.29863912
9380.0, 0.29860052
9390.0, 0.29856202
9400.0, 0.29852355
9410.0, 0.2984852
9420.0, 0.29844692
9430.0, 0.2984087
9440.0, 0.29837054
9450.0, 0.29833245
9460.0, 0.29829445
9470.0, 0.29825655
9480.0, 0.2982187
9490.0, 0.2981809
9500.0, 0.2981432
9510.0, 0.29810557
9520.0, 0.29806802
9530.0, 0.2980305
9540.0, 0.2979931
9550.0, 0.29795575
9560.0, 0.29791847
9570.0, 0.29788128
9580.0, 0.29784414
9590.0, 0.29780707
9600.0, 0.29777008
9610.0, 0.2977332
9620.0, 0.29769635
9630.0, 0.29765958
9640.0, 0.29762286
9650.0, 0.29758623
9660.0, 0.29754966
9670.0, 0.29751316
9680.0, 0.29747677
9690.0, 0.2974404
9700.0, 0.2974041
9710.0, 0.29736793
9720.0, 0.29733178
9730.0, 0.29729572
9740.0, 0.29725972
9750.0, 0.29722378
9760.0, 0.29718792
9770.0, 0.29715213
9780.0, 0.2971164
9790.0, 0.29708076
9800.0, 0.29704514
9810.0, 0.29700965
9820.0, 0.2969742
9830.0, 0.29693884
9840.0, 0.2969035
9850.0, 0.29686826
9860.0, 0.2968331
9870.0, 0.296798
9880.0, 0.29676294
9890.0, 0.296728
9900.0, 0.2966931
9910.0, 0.29665822
9920.0, 0.29662347
9930.0, 0.29658878
9940.0, 0.29655415
9950.0, 0.29651958
9960.0, 0.29648507
9970.0, 0.29645064
9980.0, 0.29641625
9990.0, 0.29638198
10000.0, 0.29634774
10010.0, 0.29631355
10020.0, 0.29627946
10030.0, 0.29624543
10040.0, 0.29621145
10050.0, 0.29617754
10060.0, 0.2961437
10070.0, 0.29610994
10080.0, 0.2960762
10090.0, 0.2960426
10100.0, 0.296009
10110.0, 0.2959755
10120.0, 0.29594207
10130.0, 0.29590866
10140.0, 0.29587534
10150.0, 0.29584208
10160.0, 0.29580888
10170.0, 0.29577577
10180.0, 0.29574272
10190.0, 0.2957097
10200.0, 0.2956768
10210.0, 0.29564393
10220.0, 0.2956111
10230.0, 0.29557836
10240.0, 0.29554567
10250.0, 0.29551306
10260.0, 0.29548052
10270.0, 0.29544804
10280.0, 0.2954156
10290.0, 0.29538324
10300.0, 0.29535094
10310.0, 0.2953187
10320.0, 0.2952865
10330.0, 0.2952544
10340.0, 0.29522234
10350.0, 0.29519036
10360.0, 0.29515845
10370.0, 0.2951266
10380.0, 0.29509476
10390.0, 0.29506305
10400.0, 0.29503134
10410.0, 0.29499972
10420.0, 0.29496816
10430.0, 0.2949367
10440.0, 0.29490525
10450.0, 0.29487386
10460.0, 0.29484254
10470.0, 0.29481128
10480.0, 0.2947801
10490.0, 0.29474896
10500.0, 0.2947179
10510.0, 0.29468688
10520.0, 0.29465595
10530.0, 0.29462504
10540.0, 0.29459423
10550.0, 0.29456344
10560.0, 0.29453272
10570.0, 0.29450208
10580.0, 0.2944715
10590.0, 0.29444095
10600.0, 0.29441047
10610.0, 0.29438007
10620.0, 0.29434973
10630.0, 0.29431942
10640.0, 0.29428917
10650.0, 0.29425898
10660.0, 0.29422888
10670.0, 0.2941988
10680.0, 0.2941688
10690.0, 0.29413888
10700.0, 0.294109
10710.0, 0.29407912
10720.0, 0.29404938
10730.0, 0.29401967
10740.0, 0.29399002
10750.0, 0.29396042
10760.0, 0.29393086
10770.0, 0.29390138
10780.0, 0.29387194
10790.0, 0.29384258
10800.0, 0.29381326
10810.0, 0.29378402
10820.0, 0.29375482
10830.0, 0.29372567
10840.0, 0.2936966
10850.0, 0.29366758
10860.0, 0.2936386
10870.0, 0.29360968
10880.0, 0.29358083
10890.0, 0.293552
10900.0, 0.29352325
10910.0, 0.29349458
10920.0, 0.29346594
10930.0, 0.29343736
10940.0, 0.29340884
10950.0, 0.29338035
10960.0, 0.29335195
10970.0, 0.29332358
10980.0, 0.2932953
10990.0, 0.29326704
11000.0, 0.29323885
11010.0, 0.2932107
11020.0, 0.29318264
11030.0, 0.2931546
11040.0, 0.2931266
11050.0, 0.2930987
11060.0, 0.29307082
11070.0, 0.29304302
11080.0, 0.29301524
11090.0, 0.29298756
11100.0, 0.2929599
11110.0, 0.2929323
11120.0, 0.29290476
11130.0, 0.2928773
11140.0, 0.29284984
11150.0, 0.29282248
11160.0, 0.29279512
11170.0, 0.29276785
11180.0, 0.29274064
11190.0, 0.29271346
11200.0, 0.29268637
11210.0, 0.29265928
11220.0, 0.29263228
11230.0, 0.2926053
11240.0, 0.2925784
11250.0, 0.29255155
11260.0, 0.29252476
11270.0, 0.292498
11280.0, 0.29247132
11290.0, 0.29244468
11300.0, 0.29241806
11310.0, 0.29239154
11320.0, 0.29236504
11330.0, 0.2923386
11340.0, 0.2923122
11350.0, 0.2922859
11360.0, 0.2922596
11370.0, 0.29223335
11380.0, 0.29220718
11390.0, 0.29218104
11400.0, 0.29215497
11410.0, 0.29212895
11420.0, 0.29210296
11430.0, 0.29207703
11440.0, 0.29205117
11450.0, 0.29202533
11460.0, 0.29199955
11470.0, 0.29197383
11480.0, 0.29194817
11490.0, 0.29192254
11500.0, 0.29189694
11510.0, 0.29187143
11520.0, 0.29184595
11530.0, 0.29182053
11540.0, 0.29179513
11550.0, 0.29176983
11560.0, 0.29174456
11570.0, 0.29171932
11580.0, 0.29169413
11590.0, 0.291669
11600.0, 0.29164392
11610.0, 0.29161888
11620.0, 0.2915939
11630.0, 0.29156896
11640.0, 0.29154408
11650.0, 0.29151925
11660.0, 0.29149446
11670.0, 0.29146972
11680.0, 0.29144502
11690.0, 0.2914204
11700.0, 0.29139578
11710.0, 0.29137123
11720.0, 0.29134673
11730.0, 0.29132226
11740.0, 0.29129788
11750.0, 0.2912735
11760.0, 0.29124922
11770.0, 0.29122496
11780.0, 0.29120073
11790.0, 0.2911766
11800.0, 0.29115245
11810.0, 0.29112837
11820.0, 0.29110435
11830.0, 0.2910804
11840.0, 0.29105642
11850.0, 0.29103255
11860.0, 0.2910087
11870.0, 0.29098493
11880.0, 0.29096115
11890.0, 0.29093745
11900.0, 0.29091382
11910.0, 0.29089022
11920.0, 0.29086664
11930.0, 0.29084313
11940.0, 0.29081964
11950.0, 0.29079625
11960.0, 0.29077286
11970.0, 0.29074952
11980.0, 0.29072624
11990.0, 0.290703
12000.0, 0.29067978
12010.0, 0.29065666
12020.0, 0.29063353
12030.0, 0.2906105
12040.0, 0.29058748
12050.0, 0.2905645
12060.0, 0.2905416
12070.0, 0.2905187
12080.0, 0.29049584
12090.0, 0.29047307
12100.0, 0.2904503
12110.0, 0.29042763
12120.0, 0.29040495
12130.0, 0.29038236
12140.0, 0.2903598
12150.0, 0.29033726
12160.0, 0.29031476
12170.0, 0.29029232
12180.0, 0.29026994
12190.0, 0.2902476
12200.0, 0.2902253
12210.0, 0.290203
12220.0, 0.2901808
12230.0, 0.29015863
12240.0, 0.2901365
12250.0, 0.2901144
12260.0, 0.29009238
12270.0, 0.29007035
12280.0, 0.29004842
12290.0, 0.2900265
12300.0, 0.2900046
12310.0, 0.2899828
12320.0, 0.289961
12330.0, 0.28993925
12340.0, 0.28991756
12350.0, 0.2898959
12360.0, 0.2898743
12370.0, 0.2898527
12380.0, 0.28983116
12390.0, 0.28980967
12400.0, 0.28978822
12410.0, 0.28976682
12420.0, 0.28974545
12430.0, 0.28972414
12440.0, 0.28970286
12450.0, 0.2896816
12460.0, 0.2896604
12470.0, 0.28963926
12480.0, 0.28961813
12490.0, 0.28959706
12500.0, 0.28957602
12510.0, 0.28955504
12520.0, 0.2895341
12530.0, 0.28951317
12540.0, 0.2894923
12550.0, 0.2894715
12560.0, 0.2894507
12570.0, 0.28942993
12580.0, 0.28940925
12590.0, 0.2893886
12600.0, 0.28936794
12610.0, 0.28934738
12620.0, 0.28932682
12630.0, 0.2893063
12640.0, 0.28928584
12650.0, 0.28926542
12660.0, 0.28924504
12670.0, 0.2892247
12680.0, 0.2892044
12690.0, 0.28918415
12700.0, 0.28916392
12710.0, 0.28914374
12720.0, 0.2891236
12730.0, 0.28910348
12740.0, 0.28908342
12750.0, 0.2890634
12760.0, 0.2890434
12770.0, 0.28902346
12780.0, 0.28900355
12790.0, 0.28898367
12800.0, 0.28896385
12810.0, 0.28894404
12820.0, 0.2889243
12830.0, 0.28890458
12840.0, 0.2888849
12850.0, 0.28886527
12860.0, 0.2888457
12870.0, 0.2888261
12880.0, 0.2888066
12890.0, 0.2887871
12900.0, 0.28876764
12910.0, 0.28874823
12920.0, 0.28872886
12930.0, 0.28870955
12940.0, 0.28869024
12950.0, 0.28867102
12960.0, 0.2886518
12970.0, 0.2886326
12980.0, 0.28861347
12990.0, 0.28859434
13000.0, 0.2885753
13010.0, 0.28855625
13020.0, 0.28853726
13030.0, 0.28851828
13040.0, 0.2884994
13050.0, 0.28848052
13060.0, 0.28846166
13070.0, 0.28844285
13080.0, 0.28842407
13090.0, 0.28840533
13100.0, 0.28838664
13110.0, 0.288368
13120.0, 0.28834936
13130.0, 0.2883308
13140.0, 0.28831223
13150.0, 0.28829372
13160.0, 0.28827524
13170.0, 0.2882568
13180.0, 0.28823838
13190.0, 0.28822002
13200.0, 0.2882017
13210.0, 0.2881834
13220.0, 0.28816512
13230.0, 0.28814688
13240.0, 0.2881287
13250.0, 0.28811055
13260.0, 0.28809243
13270.0, 0.28807434
13280.0, 0.2880563
13290.0, 0.28803828
13300.0, 0.2880203
13310.0, 0.28800237
13320.0, 0.28798446
13330.0, 0.28796658
13340.0, 0.28794876
13350.0, 0.28793094
13360.0, 0.2879132
13370.0, 0.28789544
13380.0, 0.28787777
13390.0, 0.2878601
13400.0, 0.28784248
13410.0, 0.2878249
13420.0, 0.28780732
13430.0, 0.2877898
13440.0, 0.28777233
13450.0, 0.28775486
13460.0, 0.28773743
13470.0, 0.28772005
13480.0, 0.2877027
13490.0, 0.2876854
13500.0, 0.2876681
13510.0, 0.28765085
13520.0, 0.28763363
13530.0, 0.28761643
13540.0, 0.2875993
13550.0, 0.2875822
13560.0, 0.2875651
13570.0, 0.28754807
13580.0, 0.28753105
13590.0, 0.28751406
13600.0, 0.28749713
13610.0, 0.2874802
13620.0, 0.28746334
13630.0, 0.28744647
13640.0, 0.28742966
13650.0, 0.28741288
13660.0, 0.28739613
13670.0, 0.2873794
13680.0, 0.28736275
13690.0, 0.28734607
13700.0, 0.28732947
13710.0, 0.2873129
13720.0, 0.28729632
13730.0, 0.2872798
13740.0, 0.28726333
13750.0, 0.28724688
13760.0, 0.28723046
13770.0, 0.28721407
13780.0, 0.2871977
13790.0, 0.28718138
13800.0, 0.28716508
13810.0, 0.28714883
13820.0, 0.2871326
13830.0, 0.2871164
13840.0, 0.28710023
13850.0, 0.2870841
13860.0, 0.287068
13870.0, 0.28705192
13880.0, 0.28703588
13890.0, 0.28701988
13900.0, 0.2870039
13910.0, 0.28698796
13920.0, 0.28697205
13930.0, 0.28695616
13940.0, 0.28694034
13950.0, 0.28692448
13960.0, 0.28690872
13970.0, 0.28689295
13980.0, 0.28687724
13990.0, 0.28686154
14000.0, 0.28684586
14010.0, 0.28683025
14020.0, 0.28681463
14030.0, 0.28679907
14040.0, 0.28678352
14050.0, 0.28676802
14060.0, 0.28675252
14070.0, 0.28673708
14080.0, 0.28672168
14090.0, 0.28670627
14100.0, 0.28669092
14110.0, 0.2866756
14120.0, 0.28666028
14130.0, 0.28664503
14140.0, 0.2866298
14150.0, 0.28661457
14160.0, 0.2865994
14170.0, 0.28658426
14180.0, 0.28656915
14190.0, 0.28655407
14200.0, 0.286539
14210.0, 0.28652397
14220.0, 0.28650895
14230.0, 0.286494
14240.0, 0.28647906
14250.0, 0.28646412
14260.0, 0.28644925
14270.0, 0.2864344
14280.0, 0.28641957
14290.0, 0.2864048
14300.0, 0.28639004
14310.0, 0.28637528
14320.0, 0.2863606
14330.0, 0.2863459
14340.0, 0.28633124
14350.0, 0.28631663
14360.0, 0.28630203
14370.0, 0.2862875
14380.0, 0.28627294
14390.0, 0.28625846
14400.0, 0.28624398
14410.0, 0.28622952
14420.0, 0.2862151
14430.0, 0.2862007
14440.0, 0.28618634
14450.0, 0.286172
14460.0, 0.2861577
14470.0, 0.28614342
14480.0, 0.28612918
14490.0, 0.28611496
14500.0, 0.28610075
14510.0, 0.2860866
14520.0, 0.28607246
14530.0, 0.28605834
14540.0, 0.28604427
14550.0, 0.2860302
14560.0, 0.2860162
14570.0, 0.2860022
14580.0, 0.2859882
14590.0, 0.28597426
14600.0, 0.28596035
14610.0, 0.28594646
14620.0, 0.2859326
14630.0, 0.28591877
14640.0, 0.28590494
14650.0, 0.28589118
14660.0, 0.28587744
14670.0, 0.28586373
14680.0, 0.28585
14690.0, 0.28583634
14700.0, 0.2858227
14710.0, 0.28580907
14720.0, 0.28579548
14730.0, 0.28578192
14740.0, 0.2857684
14750.0, 0.28575486
14760.0, 0.2857414
14770.0, 0.28572792
14780.0, 0.28571448
14790.0, 0.2857011
14800.0, 0.2856877
14810.0, 0.28567436
14820.0, 0.28566104
14830.0, 0.28564772
14840.0, 0.2856345
14850.0, 0.28562123
14860.0, 0.285608
14870.0, 0.28559482
14880.0, 0.28558165
14890.0, 0.2855685
14900.0, 0.2855554
14910.0, 0.28554228
14920.0, 0.28552923
14930.0, 0.28551617
14940.0, 0.28550315
14950.0, 0.28549019
14960.0, 0.28547722
14970.0, 0.2854643
14980.0, 0.28545138
14990.0, 0.28543848
15000.0, 0.28542563
15010.0, 0.2854128
15020.0, 0.28539997
15030.0, 0.2853872
15040.0, 0.28537446
15050.0, 0.2853617
15060.0, 0.285349
15070.0, 0.28533632
15080.0, 0.28532368
15090.0, 0.28531104
15100.0, 0.2852984
15110.0, 0.28528583
15120.0, 0.28527328
15130.0, 0.28526074
15140.0, 0.28524822
15150.0, 0.28523573
15160.0, 0.2852233
15170.0, 0.28521085
15180.0, 0.28519845
15190.0, 0.28518605
15200.0, 0.28517368
15210.0, 0.28516138
15220.0, 0.28514904
15230.0, 0.28513676
15240.0, 0.28512448
15250.0, 0.28511226
15260.0, 0.28510004
15270.0, 0.28508782
15280.0, 0.28507566
15290.0, 0.28506353
15300.0, 0.2850514
15310.0, 0.2850393
15320.0, 0.28502724
15330.0, 0.2850152
15340.0, 0.28500316
15350.0, 0.28499117
15360.0, 0.2849792
15370.0, 0.28496724
15380.0, 0.2849553
15390.0, 0.2849434
15400.0, 0.2849315
15410.0, 0.28491968
15420.0, 0.28490782
15430.0, 0.28489602
15440.0, 0.2848842
15450.0, 0.28487244
15460.0, 0.28486073
15470.0, 0.284849
15480.0, 0.2848373
15490.0, 0.28482562
15500.0, 0.28481397
15510.0, 0.28480235
15520.0, 0.28479075
15530.0, 0.28477916
15540.0, 0.2847676
15550.0, 0.2847561
15560.0, 0.28474456
15570.0, 0.2847331
15580.0, 0.2847216
15590.0, 0.28471017
15600.0, 0.28469872
15610.0, 0.28468734
15620.0, 0.28467596
15630.0, 0.2846646
15640.0, 0.28465328
15650.0, 0.28464198
15660.0, 0.2846307
15670.0, 0.28461942
15680.0, 0.2846082
15690.0, 0.28459695
15700.0, 0.28458574
15710.0, 0.28457457
15720.0, 0.28456342
15730.0, 0.28455228
15740.0, 0.2845412
15750.0, 0.28453007
15760.0, 0.28451902
15770.0, 0.28450796
15780.0, 0.28449696
15790.0, 0.28448597
15800.0, 0.28447497
15810.0, 0.28446403
15820.0, 0.28445306
15830.0, 0.2844422
15840.0, 0.28443128
15850.0, 0.2844204
15860.0, 0.28440955
15870.0, 0.28439873
15880.0, 0.28438792
15890.0, 0.28437713
15900.0, 0.28436637
15910.0, 0.28435564
15920.0, 0.2843449
15930.0, 0.2843342
15940.0, 0.2843235
15950.0, 0.28431287
15960.0, 0.28430223
15970.0, 0.28429163
15980.0, 0.28428105
15990.0, 0.28427047
16000.0, 0.2842599
16010.0, 0.28424937
16020.0, 0.28423885
16030.0, 0.28422838
16040.0, 0.2842179
16050.0, 0.28420743
16060.0, 0.28419703
16070.0, 0.2841866
16080.0, 0.28417623
16090.0, 0.28416586
16100.0, 0.28415552
16110.0, 0.2841452
16120.0, 0.2841349
16130.0, 0.28412458
16140.0, 0.28411433
16150.0, 0.28410408
16160.0, 0.28409386
16170.0, 0.28408366
16180.0, 0.28407347
16190.0, 0.2840633
16200.0, 0.28405318
16210.0, 0.28404304
16220.0, 0.28403294
16230.0, 0.28402287
16240.0, 0.2840128
16250.0, 0.28400275
16260.0, 0.28399274
16270.0, 0.28398272
16280.0, 0.28397274
16290.0, 0.2839628
16300.0, 0.28395283
16310.0, 0.2839429
16320.0, 0.283933
16330.0, 0.28392312
16340.0, 0.28391325
16350.0, 0.2839034
16360.0, 0.2838936
16370.0, 0.28388378
16380.0, 0.283874
16390.0, 0.28386423
16400.0, 0.28385448
16410.0, 0.28384474
16420.0, 0.28383502
16430.0, 0.28382534
16440.0, 0.28381565
16450.0, 0.28380603
16460.0, 0.28379637
16470.0, 0.28378677
16480.0, 0.28377715
16490.0, 0.28376758
16500.0, 0.283758
16510.0, 0.2837485
16520.0, 0.28373897
16530.0, 0.2837295
16540.0, 0.28372
16550.0, 0.2837105
16560.0, 0.2837011
16570.0, 0.28369164
16580.0, 0.28368226
16590.0, 0.28367287
16600.0, 0.28366348
16610.0, 0.28365412
16620.0, 0.28364483
16630.0, 0.2836355
16640.0, 0.2836262
16650.0, 0.2836169
16660.0, 0.28360766
16670.0, 0.28359842
16680.0, 0.28358918
16690.0, 0.28357998
16700.0, 0.2835708
16710.0, 0.28356165
16720.0, 0.2835525
16730.0, 0.28354335
16740.0, 0.28353423
16750.0, 0.28352514
16760.0, 0.28351605
16770.0, 0.28350702
16780.0, 0.28349796
16790.0, 0.28348893
16800.0, 0.28347993
16810.0, 0.28347093
16820.0, 0.28346196
16830.0, 0.28345302
16840.0, 0.28344408
16850.0, 0.28343517
16860.0, 0.28342625
16870.0, 0.28341737
16880.0, 0.28340852
16890.0, 0.28339967
16900.0, 0.28339085
16910.0, 0.28338203
16920.0, 0.28337324
16930.0, 0.28336444
16940.0, 0.2833557
16950.0, 0.28334695
16960.0, 0.28333825
16970.0, 0.28332952
16980.0, 0.2833208
16990.0, 0.28331214
17000.0, 0.2833035
17010.0, 0.28329486
17020.0, 0.28328624
17030.0, 0.28327763
17040.0, 0.28326905
17050.0, 0.28326046
17060.0, 0.2832519
17070.0, 0.2832434
17080.0, 0.28323486
17090.0, 0.28322637
17100.0, 0.28321788
17110.0, 0.2832094
17120.0, 0.28320095
17130.0, 0.28319252
17140.0, 0.2831841
17150.0, 0.2831757
17160.0, 0.2831673
17170.0, 0.28315896
17180.0, 0.2831506
17190.0, 0.28314227
17200.0, 0.28313392
17210.0, 0.28312564
17220.0, 0.28311735
17230.0, 0.28310907
17240.0, 0.2831008
17250.0, 0.2830926
17260.0, 0.28308436
17270.0, 0.28307614
17280.0, 0.28306797
17290.0, 0.2830598
17300.0, 0.28305164
17310.0, 0.2830435
17320.0, 0.28303537
17330.0, 0.28302726
17340.0, 0.28301919
17350.0, 0.2830111
17360.0, 0.28300303
17370.0, 0.28299502
17380.0, 0.28298697
17390.0, 0.28297898
17400.0, 0.28297096
17410.0, 0.282963
17420.0, 0.28295502
17430.0, 0.28294706
17440.0, 0.28293914
17450.0, 0.2829312
17460.0, 0.28292334
17470.0, 0.28291544
17480.0, 0.28290758
17490.0, 0.28289974
17500.0, 0.28289187
17510.0, 0.28288406
17520.0, 0.28287625
17530.0, 0.28286847
17540.0, 0.28286067
17550.0, 0.28285292
17560.0, 0.28284517
17570.0, 0.28283742
17580.0, 0.28282973
17590.0, 0.282822
17600.0, 0.28281432
17610.0, 0.28280666
17620.0, 0.282799
17630.0, 0.28279138
17640.0, 0.28278375
17650.0, 0.28277615
17660.0, 0.28276855
17670.0, 0.28276095
17680.0, 0.2827534
17690.0, 0.28274587
17700.0, 0.28273833
17710.0, 0.28273082
17720.0, 0.28272328
17730.0, 0.2827158
17740.0, 0.28270832
17750.0, 0.28270087
17760.0, 0.28269342
17770.0, 0.282686
17780.0, 0.28267857
17790.0, 0.28267118
17800.0, 0.2826638
17810.0, 0.28265643
17820.0, 0.28264907
17830.0, 0.28264174
17840.0, 0.2826344
17850.0, 0.28262708
17860.0, 0.2826198
17870.0, 0.2826125
17880.0, 0.28260523
17890.0, 0.282598
17900.0, 0.28259075
17910.0, 0.2825835
17920.0, 0.2825763
17930.0, 0.2825691
17940.0, 0.28256193
17950.0, 0.28255478
17960.0, 0.28254762
17970.0, 0.28254047
17980.0, 0.28253335
17990.0, 0.28252622
18000.0, 0.28251913
18010.0, 0.28251207
18020.0, 0.28250498
18030.0, 0.2824979
18040.0, 0.28249088
18050.0, 0.28248385
18060.0, 0.28247684
18070.0, 0.28246984
18080.0, 0.28246284
18090.0, 0.2824559
18100.0, 0.28244892
18110.0, 0.28244197
18120.0, 0.28243506
18130.0, 0.28242815
18140.0, 0.28242123
18150.0, 0.28241435
18160.0, 0.28240746
18170.0, 0.28240058
18180.0, 0.28239375
18190.0, 0.28238693
18200.0, 0.2823801
18210.0, 0.28237328
18220.0, 0.28236648
18230.0, 0.28235972
18240.0, 0.28235292
18250.0, 0.2823462
18260.0, 0.28233945
18270.0, 0.28233272
18280.0, 0.282326
18290.0, 0.2823193
18300.0, 0.28231263
18310.0, 0.28230596
18320.0, 0.28229928
18330.0, 0.28229263
18340.0, 0.28228602
18350.0, 0.28227937
18360.0, 0.2822728
18370.0, 0.28226617
18380.0, 0.2822596
18390.0, 0.28225303
18400.0, 0.28224647
18410.0, 0.2822399
18420.0, 0.2822334
18430.0, 0.2822269
18440.0, 0.28222036
18450.0, 0.2822139
18460.0, 0.2822074
18470.0, 0.28220093
18480.0, 0.2821945
18490.0, 0.28218806
18500.0, 0.28218162
18510.0, 0.2821752
18520.0, 0.2821688
18530.0, 0.28216243
18540.0, 0.28215605
18550.0, 0.28214967
18560.0, 0.28214332
18570.0, 0.282137
18580.0, 0.28213066
18590.0, 0.28212437
18600.0, 0.28211805
18610.0, 0.28211176
18620.0, 0.2821055
18630.0, 0.28209922
18640.0, 0.282093
18650.0, 0.28208673
18660.0, 0.2820805
18670.0, 0.2820743
18680.0, 0.2820681
18690.0, 0.2820619
18700.0, 0.28205574
18710.0, 0.28204957
18720.0, 0.28204343
18730.0, 0.2820373
18740.0, 0.28203115
18750.0, 0.28202504
18760.0, 0.28201893
18770.0, 0.28201282
18780.0, 0.28200674
18790.0, 0.2820007
18800.0, 0.28199464
18810.0, 0.2819886
18820.0, 0.28198257
18830.0, 0.28197655
18840.0, 0.28197053
18850.0, 0.28196454
18860.0, 0.28195855
18870.0, 0.2819526
18880.0, 0.28194663
18890.0, 0.2819407
18900.0, 0.28193474
18910.0, 0.28192884
18920.0, 0.28192294
18930.0, 0.281917
18940.0, 0.28191113
18950.0, 0.28190523
18960.0, 0.2818994
18970.0, 0.28189352
18980.0, 0.28188768
18990.0, 0.28188187
19000.0, 0.28187603
19010.0, 0.28187022
19020.0, 0.28186443
19030.0, 0.28185865
19040.0, 0.28185287
19050.0, 0.28184712
19060.0, 0.28184137
19070.0, 0.28183562
19080.0, 0.2818299
19090.0, 0.28182417
19100.0, 0.28181848
19110.0, 0.2818128
19120.0, 0.2818071
19130.0, 0.28180143
19140.0, 0.28179577
19150.0, 0.28179014
19160.0, 0.2817845
19170.0, 0.28177887
19180.0, 0.28177327
19190.0, 0.28176764
19200.0, 0.28176206
19210.0, 0.2817565
19220.0, 0.28175092
19230.0, 0.28174534
19240.0, 0.2817398
19250.0, 0.28173426
19260.0, 0.28172874
19270.0, 0.28172323
19280.0, 0.28171772
19290.0, 0.28171223
19300.0, 0.28170675
19310.0, 0.28170127
19320.0, 0.2816958
19330.0, 0.2816904
19340.0, 0.28168494
19350.0, 0.2816795
19360.0, 0.2816741
19370.0, 0.2816687
19380.0, 0.28166327
19390.0, 0.2816579
19400.0, 0.28165254
19410.0, 0.28164718
19420.0, 0.2816418
19430.0, 0.28163648
19440.0, 0.28163114
19450.0, 0.28162584
19460.0, 0.2816205
19470.0, 0.2816152
19480.0, 0.28160992
19490.0, 0.28160465
19500.0, 0.28159937
19510.0, 0.28159413
19520.0, 0.28158885
19530.0, 0.28158364
19540.0, 0.2815784
19550.0, 0.2815732
19560.0, 0.281568
19570.0, 0.2815628
19580.0, 0.28155762
19590.0, 0.28155243
19600.0, 0.28154728
19610.0, 0.28154212
19620.0, 0.28153697
19630.0, 0.28153184
19640.0, 0.2815267
19650.0, 0.28152162
19660.0, 0.28151652
19670.0, 0.28151143
19680.0, 0.28150633
19690.0, 0.28150126
19700.0, 0.2814962
19710.0, 0.28149116
19720.0, 0.2814861
19730.0, 0.2814811
19740.0, 0.28147605
19750.0, 0.28147104
19760.0, 0.28146604
19770.0, 0.28146103
19780.0, 0.28145605
19790.0, 0.28145108
19800.0, 0.28144613
19810.0, 0.28144115
19820.0, 0.2814362
19830.0, 0.2814313
19840.0, 0.28142637
19850.0, 0.28142145
19860.0, 0.28141657
19870.0, 0.28141165
19880.0, 0.28140676
19890.0, 0.2814019
19900.0, 0.28139704
19910.0, 0.2813922
19920.0, 0.28138733
19930.0, 0.2813825
19940.0, 0.28137767
19950.0, 0.28137285
19960.0, 0.28136805
19970.0, 0.28136325
19980.0, 0.28135845
19990.0, 0.28135368
20000.0, 0.2813489
20010.0, 0.28134415
20020.0, 0.2813394
20030.0, 0.28133467
20040.0, 0.28132993
20050.0, 0.28132522
20060.0, 0.2813205
20070.0, 0.2813158
20080.0, 0.2813111
20090.0, 0.28130642
20100.0, 0.28130174
20110.0, 0.2812971
20120.0, 0.2812924
20130.0, 0.28128776
20140.0, 0.28128314
20150.0, 0.28127852
20160.0, 0.2812739
20170.0, 0.28126928
20180.0, 0.2812647
20190.0, 0.2812601
20200.0, 0.2812555
20210.0, 0.28125092
20220.0, 0.28124636
20230.0, 0.2812418
20240.0, 0.28123724
20250.0, 0.2812327
20260.0, 0.2812282
20270.0, 0.28122368
20280.0, 0.28121918
20290.0, 0.28121468
20300.0, 0.28121018
20310.0, 0.2812057
20320.0, 0.2812012
20330.0, 0.28119674
20340.0, 0.28119227
20350.0, 0.28118783
20360.0, 0.2811834
20370.0, 0.28117898
20380.0, 0.28117454
20390.0, 0.28117016
20400.0, 0.28116575
20410.0, 0.28116134
20420.0, 0.28115696
20430.0, 0.28115258
20440.0, 0.28114823
20450.0, 0.28114384
20460.0, 0.2811395
20470.0, 0.28113514
20480.0, 0.28113082
20490.0, 0.2811265
20500.0, 0.28112218
20510.0, 0.2811179
20520.0, 0.28111356
20530.0, 0.28110927
20540.0, 0.281105
20550.0, 0.28110072
20560.0, 0.28109646
20570.0, 0.2810922
20580.0, 0.28108796
20590.0, 0.2810837
20600.0, 0.28107947
20610.0, 0.28107527
20620.0, 0.28107104
20630.0, 0.28106683
20640.0, 0.28106263
20650.0, 0.28105843
20660.0, 0.28105426
20670.0, 0.2810501
20680.0, 0.2810459
20690.0, 0.28104177
20700.0, 0.28103763
20710.0, 0.2810335
20720.0, 0.28102934
20730.0, 0.28102523
20740.0, 0.28102112
20750.0, 0.281017
20760.0, 0.2810129
20770.0, 0.2810088
20780.0, 0.28100473
20790.0, 0.28100064
20800.0, 0.2809966
20810.0, 0.28099254
20820.0, 0.28098848
20830.0, 0.28098443
20840.0, 0.2809804
20850.0, 0.28097638
20860.0, 0.28097236
20870.0, 0.28096834
20880.0, 0.28096434
20890.0, 0.28096035
20900.0, 0.28095636
20910.0, 0.2809524
20920.0, 0.2809484
20930.0, 0.28094444
20940.0, 0.2809405
20950.0, 0.28093657
20960.0, 0.2809326
20970.0, 0.28092867
20980.0, 0.28092477
20990.0, 0.28092083
21000.0, 0.28091693
21010.0, 0.28091303
21020.0, 0.28090912
21030.0, 0.28090525
21040.0, 0.28090137
21050.0, 0.2808975
21060.0, 0.28089365
21070.0, 0.28088978
21080.0, 0.28088596
21090.0, 0.28088212
21100.0, 0.28087828
21110.0, 0.28087446
21120.0, 0.28087065
21130.0, 0.28086683
21140.0, 0.28086305
21150.0, 0.28085923
21160.0, 0.28085545
21170.0, 0.28085166
21180.0, 0.2808479
21190.0, 0.28084415
21200.0, 0.2808404
21210.0, 0.28083664
21220.0, 0.2808329
21230.0, 0.28082916
21240.0, 0.28082544
21250.0, 0.2808217
21260.0, 0.28081802
21270.0, 0.28081432
21280.0, 0.28081062
21290.0, 0.28080693
21300.0, 0.28080326
21310.0, 0.28079957
21320.0, 0.2807959
21330.0, 0.28079224
21340.0, 0.2807886
21350.0, 0.28078496
21360.0, 0.2807813
21370.0, 0.2807777
21380.0, 0.28077406
21390.0, 0.28077045
21400.0, 0.28076684
21410.0, 0.28076324
21420.0, 0.28075963
21430.0, 0.28075606
21440.0, 0.28075248
21450.0, 0.2807489
21460.0, 0.28074533
21470.0, 0.28074178
21480.0, 0.28073823
21490.0, 0.2807347
21500.0, 0.28073114
21510.0, 0.28072762
21520.0, 0.28072408
21530.0, 0.2807206
21540.0, 0.28071707
21550.0, 0.28071356
21560.0, 0.28071007
21570.0, 0.28070658
21580.0, 0.2807031
21590.0, 0.2806996
21600.0, 0.28069615
21610.0, 0.2806927
21620.0, 0.28068924
21630.0, 0.2806858
21640.0, 0.28068236
21650.0, 0.28067893
21660.0, 0.2806755
21670.0, 0.28067207
21680.0, 0.28066868
21690.0, 0.28066525
21700.0, 0.28066185
21710.0, 0.28065845
21720.0, 0.2806551
21730.0, 0.28065172
21740.0, 0.28064832
21750.0, 0.28064498
21760.0, 0.28064162
21770.0, 0.28063825
21780.0, 0.2806349
21790.0, 0.28063157
21800.0, 0.28062823
21810.0, 0.28062493
21820.0, 0.28062162
21830.0, 0.28061828
21840.0, 0.280615
21850.0, 0.2806117
21860.0, 0.2806084
21870.0, 0.2806051
21880.0, 0.28060183
21890.0, 0.28059855
21900.0, 0.2805953
21910.0, 0.28059202
21920.0, 0.28058878
21930.0, 0.28058553
21940.0, 0.28058228
21950.0, 0.28057903
21960.0, 0.2805758
21970.0, 0.2805726
21980.0, 0.2805694
21990.0, 0.2805662
22000.0, 0.28056297
22010.0, 0.28055978
22020.0, 0.28055662
22030.0, 0.28055343
22040.0, 0.28055024
22050.0, 0.28054708
22060.0, 0.28054392
22070.0, 0.28054073
22080.0, 0.2805376
22090.0, 0.28053445
22100.0, 0.28053132
22110.0, 0.2805282
22120.0, 0.28052506
22130.0, 0.28052193
22140.0, 0.2805188
22150.0, 0.2805157
22160.0, 0.28051263
22170.0, 0.2805095
22180.0, 0.28050643
22190.0, 0.28050333
22200.0, 0.28050026
22210.0, 0.2804972
22220.0, 0.28049412
22230.0, 0.28049108
22240.0, 0.280488
22250.0, 0.28048497
22260.0, 0.28048193
22270.0, 0.2804789
22280.0, 0.28047588
22290.0, 0.28047287
22300.0, 0.28046983
22310.0, 0.28046682
22320.0, 0.28046384
22330.0, 0.28046083
22340.0, 0.28045782
22350.0, 0.28045484
22360.0, 0.28045186
22370.0, 0.2804489
22380.0, 0.28044593
22390.0, 0.28044295
22400.0, 0.28044
22410.0, 0.28043705
22420.0, 0.2804341
22430.0, 0.28043118
22440.0, 0.28042826
22450.0, 0.2804253
22460.0, 0.2804224
22470.0, 0.28041947
22480.0, 0.28041658
22490.0, 0.28041366
22500.0, 0.28041077
22510.0, 0.28040788
22520.0, 0.28040498
22530.0, 0.28040212
22540.0, 0.28039923
22550.0, 0.28039637
22560.0, 0.2803935
22570.0, 0.28039065
22580.0, 0.2803878
22590.0, 0.28038496
22600.0, 0.28038213
22610.0, 0.28037927
22620.0, 0.28037643
22630.0, 0.2803736
22640.0, 0.2803708
22650.0, 0.28036797
22660.0, 0.28036517
22670.0, 0.2803624
22680.0, 0.2803596
22690.0, 0.2803568
22700.0, 0.28035402
22710.0, 0.28035125
22720.0, 0.28034845
22730.0, 0.28034568
22740.0, 0.28034294
22750.0, 0.28034016
22760.0, 0.28033742
22770.0, 0.28033468
22780.0, 0.28033194
22790.0, 0.2803292
22800.0, 0.28032646
22810.0, 0.28032374
22820.0, 0.28032103
22830.0, 0.2803183
22840.0, 0.2803156
22850.0, 0.2803129
22860.0, 0.2803102
22870.0, 0.2803075
22880.0, 0.28030482
22890.0, 0.28030214
22900.0, 0.28029945
22910.0, 0.2802968
22920.0, 0.28029412
22930.0, 0.28029147
22940.0, 0.28028882
22950.0, 0.28028616
22960.0, 0.2802835
22970.0, 0.2802809
22980.0, 0.28027827
22990.0, 0.2802756
23000.0, 0.280273
23010.0, 0.2802704
23020.0, 0.28026778
23030.0, 0.28026518
23040.0, 0.28026256
23050.0, 0.28025997
23060.0, 0.28025737
23070.0, 0.2802548
23080.0, 0.28025222
23090.0, 0.28024963
23100.0, 0.28024706
23110.0, 0.2802445
23120.0, 0.28024194
23130.0, 0.28023937
23140.0, 0.28023684
23150.0, 0.28023428
23160.0, 0.28023174
23170.0, 0.2802292
23180.0, 0.28022668
23190.0, 0.28022414
23200.0, 0.2802216
23210.0, 0.2802191
23220.0, 0.2802166
23230.0, 0.2802141
23240.0, 0.2802116
23250.0, 0.2802091
23260.0, 0.28020662
23270.0, 0.28020412
23280.0, 0.28020164
23290.0, 0.28019917
23300.0, 0.2801967
23310.0, 0.28019422
23320.0, 0.28019178
23330.0, 0.28018934
23340.0, 0.28018686
23350.0, 0.28018442
23360.0, 0.28018197
23370.0, 0.28017956
23380.0, 0.28017712
23390.0, 0.2801747
23400.0, 0.28017226
23410.0, 0.28016984
23420.0, 0.28016743
23430.0, 0.28016502
23440.0, 0.28016263
23450.0, 0.28016022
23460.0, 0.28015783
23470.0, 0.28015545
23480.0, 0.28015307
23490.0, 0.28015068
23500.0, 0.28014833
23510.0, 0.28014594
23520.0, 0.2801436
23530.0, 0.28014123
23540.0, 0.28013888
23550.0, 0.28013653
23560.0, 0.28013417
23570.0, 0.28013182
23580.0, 0.2801295
23590.0, 0.28012717
23600.0, 0.2801248
23610.0, 0.28012252
23620.0, 0.2801202
23630.0, 0.28011787
23640.0, 0.28011557
23650.0, 0.28011328
23660.0, 0.28011099
23670.0, 0.2801087
23680.0, 0.2801064
23690.0, 0.2801041
23700.0, 0.28010184
23710.0, 0.28009954
23720.0, 0.28009728
23730.0, 0.280095
23740.0, 0.28009275
23750.0, 0.28009048
23760.0, 0.28008822
23770.0, 0.28008598
23780.0, 0.28008375
23790.0, 0.2800815
23800.0, 0.28007925
23810.0, 0.28007704
23820.0, 0.2800748
23830.0, 0.2800726
23840.0, 0.28007036
23850.0, 0.28006813
23860.0, 0.28006595
23870.0, 0.28006372
23880.0, 0.28006154
23890.0, 0.28005934
23900.0, 0.28005713
23910.0, 0.28005496
23920.0, 0.28005278
23930.0, 0.2800506
23940.0, 0.28004843
23950.0, 0.28004625
23960.0, 0.28004408
23970.0, 0.28004193
23980.0, 0.28003976
23990.0, 0.2800376
24000.0, 0.28003547
24010.0, 0.28003332
24020.0, 0.28003117
24030.0, 0.28002903
24040.0, 0.2800269
24050.0, 0.2800248
24060.0, 0.28002268
24070.0, 0.28002056
24080.0, 0.28001845
24090.0, 0.2800163
24100.0, 0.28001422
24110.0, 0.28001213
24120.0, 0.28001
24130.0, 0.28000793
24140.0, 0.28000584
24150.0, 0.28000376
24160.0, 0.28000167
24170.0, 0.27999958
24180.0, 0.27999753
24190.0, 0.27999544
24200.0, 0.27999339
24210.0, 0.27999133
24220.0, 0.27998927
24230.0, 0.27998722
24240.0, 0.27998516
24250.0, 0.27998313
24260.0, 0.27998108
24270.0, 0.27997905
24280.0, 0.27997702
24290.0, 0.279975
24300.0, 0.27997297
24310.0, 0.27997094
24320.0, 0.27996895
24330.0, 0.27996692
24340.0, 0.27996492
24350.0, 0.27996293
24360.0, 0.2799609
24370.0, 0.2799589
24380.0, 0.27995694
24390.0, 0.27995494
24400.0, 0.27995294
24410.0, 0.27995098
24420.0, 0.279949
24430.0, 0.279947
24440.0, 0.27994505
24450.0, 0.2799431
24460.0, 0.27994114
24470.0, 0.27993917
24480.0, 0.27993724
24490.0, 0.27993527
24500.0, 0.27993333
24510.0, 0.2799314
24520.0, 0.27992946
24530.0, 0.27992752
24540.0, 0.2799256
24550.0, 0.27992368
24560.0, 0.27992174
24570.0, 0.27991983
24580.0, 0.27991793
24590.0, 0.279916
24600.0, 0.2799141
24610.0, 0.2799122
24620.0, 0.2799103
24630.0, 0.2799084
24640.0, 0.2799065
24650.0, 0.27990463
24660.0, 0.27990276
24670.0, 0.27990085
24680.0, 0.279899
24690.0, 0.27989712
24700.0, 0.27989525
24710.0, 0.27989337
24720.0, 0.27989152
24730.0, 0.27988967
24740.0, 0.27988783
24750.0, 0.27988598
24760.0, 0.27988413
24770.0, 0.27988228
24780.0, 0.27988043
24790.0, 0.27987862
24800.0, 0.27987677
24810.0, 0.27987495
24820.0, 0.27987313
24830.0, 0.27987128
24840.0, 0.2798695
24850.0, 0.27986768
24860.0, 0.27986586
24870.0, 0.27986404
24880.0, 0.27986225
24890.0, 0.27986047
24900.0, 0.27985868
24910.0, 0.27985686
24920.0, 0.27985507
24930.0, 0.2798533
24940.0, 0.27985153
24950.0, 0.27984974
24960.0, 0.27984795
24970.0, 0.2798462
24980.0, 0.2798444
24990.0, 0.27984267
25000.0, 0.2798409
25010.0, 0.27983916
25020.0, 0.2798374
25030.0, 0.27983564
25040.0, 0.2798339
25050.0, 0.27983215
25060.0, 0.27983043
25070.0, 0.2798287
25080.0, 0.27982694
25090.0, 0.27982524
25100.0, 0.2798235
25110.0, 0.27982178
25120.0, 0.27982005
25130.0, 0.27981836
25140.0, 0.27981663
25150.0, 0.27981493
25160.0, 0.27981323
25170.0, 0.27981153
25180.0, 0.2798098
25190.0, 0.27980813
25200.0, 0.27980644
25210.0, 0.27980474
25220.0, 0.27980307
25230.0, 0.27980137
25240.0, 0.2797997
25250.0, 0.27979803
25260.0, 0.27979636
25270.0, 0.2797947
25280.0, 0.27979305
25290.0, 0.27979136
25300.0, 0.27978972
25310.0, 0.27978808
25320.0, 0.2797864
25330.0, 0.27978477
25340.0, 0.27978313
25350.0, 0.27978146
25360.0, 0.27977985
25370.0, 0.2797782
25380.0, 0.27977657
25390.0, 0.27977493
25400.0, 0.27977332
25410.0, 0.2797717
25420.0, 0.27977008
25430.0, 0.27976847
25440.0, 0.27976686
25450.0, 0.27976525
25460.0, 0.27976364
25470.0, 0.27976203
25480.0, 0.27976045
25490.0, 0.27975884
25500.0, 0.27975726
25510.0, 0.27975565
25520.0, 0.27975407
25530.0, 0.2797525
25540.0, 0.2797509
25550.0, 0.27974933
25560.0, 0.27974775
25570.0, 0.27974617
25580.0, 0.27974463
25590.0, 0.27974305
25600.0, 0.2797415
25610.0, 0.27973995
25620.0, 0.2797384
25630.0, 0.27973685
25640.0, 0.27973527
25650.0, 0.27973375
25660.0, 0.2797322
25670.0, 0.27973065
25680.0, 0.27972913
25690.0, 0.2797276
25700.0, 0.27972606
25710.0, 0.27972454
25720.0, 0.27972302
25730.0, 0.2797215
25740.0, 0.27971998
25750.0, 0.27971846
25760.0, 0.27971694
25770.0, 0.27971542
25780.0, 0.27971393
25790.0, 0.27971244
25800.0, 0.27971092
25810.0, 0.27970943
25820.0, 0.27970794
25830.0, 0.27970645
25840.0, 0.27970496
25850.0, 0.27970347
25860.0, 0.279702
25870.0, 0.27970052
25880.0, 0.27969903
25890.0, 0.27969757
25900.0, 0.2796961
25910.0, 0.27969462
25920.0, 0.27969316
25930.0, 0.2796917
25940.0, 0.27969027
25950.0, 0.2796888
25960.0, 0.27968735
25970.0, 0.27968588
25980.0, 0.27968442
25990.0, 0.279683
26000.0, 0.27968156
26010.0, 0.27968013
26020.0, 0.27967867
26030.0, 0.27967724
26040.0, 0.2796758
26050.0, 0.27967438
26060.0, 0.27967295
26070.0, 0.27967155
26080.0, 0.27967012
26090.0, 0.27966872
26100.0, 0.27966732
26110.0, 0.2796659
26120.0, 0.2796645
26130.0, 0.27966306
26140.0, 0.27966166
26150.0, 0.27966025
26160.0, 0.27965888
26170.0, 0.27965748
26180.0, 0.2796561
26190.0, 0.2796547
26200.0, 0.27965334
26210.0, 0.27965194
26220.0, 0.27965057
26230.0, 0.2796492
26240.0, 0.27964783
26250.0, 0.27964646
26260.0, 0.2796451
26270.0, 0.2796437
26280.0, 0.27964234
26290.0, 0.27964097
26300.0, 0.27963963
26310.0, 0.27963826
26320.0, 0.27963692
26330.0, 0.27963558
26340.0, 0.27963424
26350.0, 0.2796329
26360.0, 0.27963156
26370.0, 0.2796302
26380.0, 0.27962887
26390.0, 0.27962753
26400.0, 0.2796262
26410.0, 0.27962488
26420.0, 0.27962357
26430.0, 0.27962223
26440.0, 0.27962092
26450.0, 0.27961957
26460.0, 0.2796183
26470.0, 0.27961695
26480.0, 0.27961567
26490.0, 0.27961436
26500.0, 0.27961305
26510.0, 0.27961174
26520.0, 0.27961046
26530.0, 0.27960914
26540.0, 0.27960786
26550.0, 0.27960655
26560.0, 0.27960527
26570.0, 0.279604
26580.0, 0.2796027
26590.0, 0.27960142
26600.0, 0.27960014
26610.0, 0.27959886
26620.0, 0.27959758
26630.0, 0.27959633
26640.0, 0.27959508
26650.0, 0.2795938
26660.0, 0.27959254
26670.0, 0.27959126
26680.0, 0.27959
26690.0, 0.27958876
26700.0, 0.2795875
26710.0, 0.27958626
26720.0, 0.279585
26730.0, 0.27958375
26740.0, 0.27958253
26750.0, 0.27958128
26760.0, 0.27958003
26770.0, 0.2795788
26780.0, 0.27957755
26790.0, 0.27957633
26800.0, 0.2795751
26810.0, 0.2795739
26820.0, 0.27957267
26830.0, 0.27957144
26840.0, 0.27957022
26850.0, 0.279569
26860.0, 0.2795678
26870.0, 0.2795666
26880.0, 0.27956536
26890.0, 0.27956417
26900.0, 0.27956295
26910.0, 0.27956176
26920.0, 0.27956057
26930.0, 0.27955934
26940.0, 0.27955818
26950.0, 0.27955696
26960.0, 0.27955577
26970.0, 0.2795546
26980.0, 0.2795534
26990.0, 0.27955225
27000.0, 0.27955106
27010.0, 0.27954987
27020.0, 0.2795487
27030.0, 0.27954754
27040.0, 0.27954635
27050.0, 0.2795452
27060.0, 0.27954403
27070.0, 0.27954283
27080.0, 0.2795417
27090.0, 0.27954054
27100.0, 0.27953938
27110.0, 0.2795382
27120.0, 0.27953708
27130.0, 0.27953592
27140.0, 0.2795348
27150.0, 0.27953362
27160.0, 0.2795325
27170.0, 0.27953136
27180.0, 0.2795302
27190.0, 0.27952906
27200.0, 0.27952793
27210.0, 0.2795268
27220.0, 0.27952567
27230.0, 0.27952453
27240.0, 0.2795234
27250.0, 0.2795223
27260.0, 0.27952117
27270.0, 0.27952006
27280.0, 0.27951893
27290.0, 0.27951783
27300.0, 0.27951673
27310.0, 0.27951562
27320.0, 0.27951452
27330.0, 0.2795134
27340.0, 0.2795123
27350.0, 0.2795112
27360.0, 0.27951008
27370.0, 0.279509
27380.0, 0.2795079
27390.0, 0.27950683
27400.0, 0.2795057
27410.0, 0.27950466
27420.0, 0.27950355
27430.0, 0.27950248
27440.0, 0.2795014
27450.0, 0.2795003
27460.0, 0.27949923
27470.0, 0.27949816
27480.0, 0.2794971
27490.0, 0.279496
27500.0, 0.27949494
27510.0, 0.2794939
27520.0, 0.27949283
27530.0, 0.27949175
27540.0, 0.2794907
27550.0, 0.27948964
27560.0, 0.27948856
27570.0, 0.27948752
27580.0, 0.27948648
27590.0, 0.27948543
27600.0, 0.2794844
27610.0, 0.27948335
27620.0, 0.2794823
27630.0, 0.27948126
27640.0, 0.27948022
27650.0, 0.27947918
27660.0, 0.27947816
27670.0, 0.27947712
27680.0, 0.27947608
27690.0, 0.27947506
27700.0, 0.27947402
27710.0, 0.279473
27720.0, 0.279472
27730.0, 0.27947095
27740.0, 0.27946994
27750.0, 0.27946892
27760.0, 0.2794679
27770.0, 0.2794669
27780.0, 0.27946588
27790.0, 0.27946487
27800.0, 0.2794639
27810.0, 0.27946287
27820.0, 0.27946186
27830.0, 0.27946088
27840.0, 0.27945986
27850.0, 0.27945888
27860.0, 0.2794579
27870.0, 0.27945688
27880.0, 0.2794559
27890.0, 0.27945492
27900.0, 0.27945393
27910.0, 0.27945295
27920.0, 0.27945197
27930.0, 0.27945098
27940.0, 0.27945
27950.0, 0.27944905
27960.0, 0.27944806
27970.0, 0.27944708
27980.0, 0.27944613
27990.0, 0.27944514
28000.0, 0.2794442
28010.0, 0.2794432
28020.0, 0.27944225
28030.0, 0.2794413
28040.0, 0.27944034
28050.0, 0.2794394
28060.0, 0.27943844
28070.0, 0.27943748
28080.0, 0.27943653
28090.0, 0.27943558
28100.0, 0.27943462
28110.0, 0.2794337
28120.0, 0.27943274
28130.0, 0.2794318
28140.0, 0.27943084
28150.0, 0.2794299
28160.0, 0.279429
28170.0, 0.27942804
28180.0, 0.2794271
28190.0, 0.2794262
28200.0, 0.27942523
28210.0, 0.27942434
28220.0, 0.2794234
28230.0, 0.2794225
28240.0, 0.27942157
28250.0, 0.2794206
28260.0, 0.27941972
28270.0, 0.2794188
28280.0, 0.27941787
28290.0, 0.27941698
28300.0, 0.27941605
28310.0, 0.27941516
28320.0, 0.27941424
28330.0, 0.27941334
28340.0, 0.27941245
28350.0, 0.27941155
28360.0, 0.27941066
28370.0, 0.27940974
28380.0, 0.27940884
28390.0, 0.27940795
28400.0, 0.27940708
28410.0, 0.27940616
28420.0, 0.27940527
28430.0, 0.2794044
28440.0, 0.2794035
28450.0, 0.27940264
28460.0, 0.27940175
28470.0, 0.27940086
28480.0, 0.2794
28490.0, 0.27939913
28500.0, 0.27939823
28510.0, 0.27939737
28520.0, 0.27939647
28530.0, 0.27939564
28540.0, 0.27939475
28550.0, 0.2793939
28560.0, 0.27939302
28570.0, 0.27939215
28580.0, 0.27939132
28590.0, 0.27939042
28600.0, 0.2793896
28610.0, 0.27938873
28620.0, 0.27938786
28630.0, 0.27938703
28640.0, 0.27938616
28650.0, 0.27938533
28660.0, 0.2793845
28670.0, 0.27938363
28680.0, 0.2793828
28690.0, 0.27938196
28700.0, 0.27938113
28710.0, 0.27938026
28720.0, 0.27937943
28730.0, 0.2793786
28740.0, 0.27937776
28750.0, 0.27937692
28760.0, 0.2793761
28770.0, 0.27937528
28780.0, 0.27937445
28790.0, 0.27937362
28800.0, 0.27937278
28810.0, 0.27937198
28820.0, 0.27937114
28830.0, 0.27937034
28840.0, 0.27936953
28850.0, 0.2793687
28860.0, 0.2793679
28870.0, 0.27936706
28880.0, 0.27936628
28890.0, 0.27936545
28900.0, 0.27936465
28910.0, 0.27936384
28920.0, 0.27936304
28930.0, 0.27936223
28940.0, 0.27936143
28950.0, 0.27936062
28960.0, 0.27935982
28970.0, 0.27935904
28980.0, 0.27935827
28990.0, 0.27935746
29000.0, 0.27935666
29010.0, 0.27935588
29020.0, 0.27935508
29030.0, 0.2793543
29040.0, 0.2793535
29050.0, 0.27935272
29060.0, 0.27935195
29070.0, 0.27935117
29080.0, 0.2793504
29090.0, 0.27934963
29100.0, 0.27934885
29110.0, 0.27934805
29120.0, 0.27934727
29130.0, 0.27934653
29140.0, 0.27934575
29150.0, 0.27934498
29160.0, 0.2793442
29170.0, 0.27934346
29180.0, 0.27934268
29190.0, 0.27934194
29200.0, 0.27934116
29210.0, 0.27934042
29220.0, 0.27933964
29230.0, 0.2793389
29240.0, 0.27933812
29250.0, 0.27933738
29260.0, 0.27933663
29270.0, 0.2793359
29280.0, 0.27933514
29290.0, 0.27933437
29300.0, 0.27933365
29310.0, 0.2793329
29320.0, 0.27933216
29330.0, 0.27933142
29340.0, 0.27933067
29350.0, 0.27932996
29360.0, 0.2793292
29370.0, 0.27932847
29380.0, 0.27932772
29390.0, 0.279327
29400.0, 0.27932626
29410.0, 0.27932554
29420.0, 0.2793248
29430.0, 0.27932408
29440.0, 0.27932337
29450.0, 0.27932262
29460.0, 0.2793219
29470.0, 0.2793212
29480.0, 0.27932048
29490.0, 0.27931976
29500.0, 0.27931905
29510.0, 0.27931833
29520.0, 0.27931762
29530.0, 0.2793169
29540.0, 0.2793162
29550.0, 0.2793155
29560.0, 0.27931476
29570.0, 0.27931407
29580.0, 0.27931336
29590.0, 0.27931267
29600.0, 0.27931195
29610.0, 0.27931127
29620.0, 0.27931055
29630.0, 0.27930987
29640.0, 0.27930915
29650.0, 0.27930847
29660.0, 0.27930778
29670.0, 0.27930707
29680.0, 0.2793064
29690.0, 0.2793057
29700.0, 0.279305
29710.0, 0.27930433
29720.0, 0.27930364
29730.0, 0.27930295
29740.0, 0.27930227
29750.0, 0.27930158
29760.0, 0.2793009
29770.0, 0.27930024
29780.0, 0.27929956
29790.0, 0.2792989
29800.0, 0.27929822
29810.0, 0.27929753
29820.0, 0.27929688
29830.0, 0.2792962
29840.0, 0.27929553
29850.0, 0.27929485
29860.0, 0.2792942
29870.0, 0.2792935
29880.0, 0.27929285
29890.0, 0.2792922
29900.0, 0.27929154
29910.0, 0.27929088
29920.0, 0.27929023
29930.0, 0.27928957
29940.0, 0.27928892
29950.0, 0.27928823
29960.0, 0.2792876
29970.0, 0.27928695
29980.0, 0.2792863
29990.0, 0.27928567
30000.0, 0.27928498
