Energy (in eV), backscattering yield of material alox-reduced-PEY at incidence 20.0 degree
   X,       Y
0.0, 0.0
10.0, 0.0
20.0, 0.0
30.0, 0.0
40.0, 0.0
50.0, 0.0
60.0, 0.018553536
70.0, 0.032972194
80.0, 0.045102958
90.0, 0.055606537
100.0, 0.06487434
110.0, 0.07316636
120.0, 0.0806664
130.0, 0.08750994
140.0, 0.09380005
150.0, 0.09961708
160.0, 0.10502492
170.0, 0.11007529
180.0, 0.11481062
190.0, 0.11926621
200.0, 0.123471715
210.0, 0.12745227
220.0, 0.13122946
230.0, 0.13482182
240.0, 0.13824552
250.0, 0.14151467
260.0, 0.14464165
270.0, 0.14763749
280.0, 0.15051186
290.0, 0.15327354
300.0, 0.15593025
310.0, 0.15848908
320.0, 0.16095631
330.0, 0.1633377
340.0, 0.16563848
350.0, 0.16786334
360.0, 0.1700167
370.0, 0.17210253
380.0, 0.17412443
390.0, 0.17608586
400.0, 0.17798989
410.0, 0.17983937
420.0, 0.181637
430.0, 0.18338527
440.0, 0.18508646
450.0, 0.18674271
460.0, 0.18835603
470.0, 0.1899283
480.0, 0.19146127
490.0, 0.1929566
500.0, 0.19441582
510.0, 0.19584034
520.0, 0.19723159
530.0, 0.19859084
540.0, 0.19991927
550.0, 0.20121807
560.0, 0.20248832
570.0, 0.20373099
580.0, 0.20494714
590.0, 0.2061376
600.0, 0.20730332
610.0, 0.2084451
620.0, 0.20956372
630.0, 0.21065998
640.0, 0.21173452
650.0, 0.21278808
660.0, 0.21382129
670.0, 0.2148348
680.0, 0.21582915
690.0, 0.216805
700.0, 0.21776281
710.0, 0.21870309
720.0, 0.21962643
730.0, 0.22053324
740.0, 0.221424
750.0, 0.22229911
760.0, 0.22315903
770.0, 0.22400418
780.0, 0.22483492
790.0, 0.22565164
800.0, 0.2264547
810.0, 0.22724445
820.0, 0.22802117
830.0, 0.22878529
840.0, 0.22953703
850.0, 0.2302767
860.0, 0.23100466
870.0, 0.2317211
880.0, 0.23242635
890.0, 0.2331206
900.0, 0.23380421
910.0, 0.23447733
920.0, 0.23514025
930.0, 0.23579316
940.0, 0.23643629
950.0, 0.23706986
960.0, 0.2376941
970.0, 0.23830917
980.0, 0.23891531
990.0, 0.23951264
1000.0, 0.2401014
1010.0, 0.23993294
1020.0, 0.2397648
1030.0, 0.239597
1040.0, 0.23942952
1050.0, 0.23926237
1060.0, 0.23909555
1070.0, 0.23892906
1080.0, 0.23876289
1090.0, 0.23859704
1100.0, 0.23843151
1110.0, 0.23826632
1120.0, 0.23810145
1130.0, 0.23793688
1140.0, 0.23777266
1150.0, 0.23760875
1160.0, 0.23744516
1170.0, 0.23728189
1180.0, 0.23711893
1190.0, 0.2369563
1200.0, 0.23679398
1210.0, 0.23663197
1220.0, 0.2364703
1230.0, 0.23630893
1240.0, 0.2361479
1250.0, 0.23598714
1260.0, 0.23582673
1270.0, 0.23566662
1280.0, 0.23550682
1290.0, 0.23534733
1300.0, 0.23518817
1310.0, 0.23502931
1320.0, 0.23487076
1330.0, 0.23471253
1340.0, 0.23455459
1350.0, 0.23439696
1360.0, 0.23423965
1370.0, 0.23408265
1380.0, 0.23392594
1390.0, 0.23376957
1400.0, 0.23361346
1410.0, 0.23345768
1420.0, 0.2333022
1430.0, 0.23314704
1440.0, 0.23299216
1450.0, 0.23283759
1460.0, 0.23268333
1470.0, 0.23252936
1480.0, 0.23237571
1490.0, 0.23222235
1500.0, 0.2320693
1510.0, 0.23191652
1520.0, 0.23176406
1530.0, 0.23161191
1540.0, 0.23146003
1550.0, 0.23130846
1560.0, 0.23115717
1570.0, 0.2310062
1580.0, 0.23085552
1590.0, 0.23070513
1600.0, 0.23055503
1610.0, 0.23040524
1620.0, 0.23025574
1630.0, 0.23010652
1640.0, 0.2299576
1650.0, 0.22980896
1660.0, 0.22966063
1670.0, 0.22951257
1680.0, 0.22936481
1690.0, 0.22921734
1700.0, 0.22907016
1710.0, 0.22892326
1720.0, 0.22877665
1730.0, 0.22863035
1740.0, 0.2284843
1750.0, 0.22833855
1760.0, 0.2281931
1770.0, 0.22804792
1780.0, 0.22790302
1790.0, 0.22775841
1800.0, 0.22761407
1810.0, 0.22747003
1820.0, 0.22732626
1830.0, 0.22718279
1840.0, 0.22703959
1850.0, 0.22689667
1860.0, 0.22675404
1870.0, 0.22661166
1880.0, 0.22646959
1890.0, 0.22632779
1900.0, 0.22618626
1910.0, 0.226045
1920.0, 0.22590403
1930.0, 0.22576334
1940.0, 0.22562292
1950.0, 0.22548276
1960.0, 0.2253429
1970.0, 0.22520329
1980.0, 0.22506396
1990.0, 0.22492492
2000.0, 0.22478613
2010.0, 0.22464763
2020.0, 0.22450939
2030.0, 0.22437142
2040.0, 0.22423373
2050.0, 0.22409631
2060.0, 0.22395916
2070.0, 0.22382227
2080.0, 0.22368565
2090.0, 0.22354929
2100.0, 0.2234132
2110.0, 0.22327739
2120.0, 0.22314183
2130.0, 0.22300655
2140.0, 0.22287153
2150.0, 0.22273676
2160.0, 0.22260228
2170.0, 0.22246805
2180.0, 0.22233409
2190.0, 0.22220038
2200.0, 0.22206694
2210.0, 0.22193375
2220.0, 0.22180083
2230.0, 0.22166817
2240.0, 0.22153577
2250.0, 0.22140364
2260.0, 0.22127175
2270.0, 0.22114013
2280.0, 0.22100876
2290.0, 0.22087766
2300.0, 0.2207468
2310.0, 0.22061622
2320.0, 0.22048587
2330.0, 0.2203558
2340.0, 0.22022597
2350.0, 0.2200964
2360.0, 0.21996708
2370.0, 0.21983801
2380.0, 0.2197092
2390.0, 0.21958064
2400.0, 0.21945234
2410.0, 0.21932428
2420.0, 0.21919647
2430.0, 0.21906893
2440.0, 0.21894161
2450.0, 0.21881457
2460.0, 0.21868774
2470.0, 0.2185612
2480.0, 0.21843489
2490.0, 0.21830884
2500.0, 0.21818301
2510.0, 0.21805744
2520.0, 0.21793212
2530.0, 0.21780705
2540.0, 0.21768223
2550.0, 0.21755764
2560.0, 0.2174333
2570.0, 0.2173092
2580.0, 0.21718533
2590.0, 0.21706174
2600.0, 0.21693836
2610.0, 0.21681525
2620.0, 0.21669236
2630.0, 0.21656972
2640.0, 0.21644732
2650.0, 0.21632515
2660.0, 0.21620323
2670.0, 0.21608154
2680.0, 0.2159601
2690.0, 0.2158389
2700.0, 0.21571793
2710.0, 0.2155972
2720.0, 0.21547669
2730.0, 0.21535645
2740.0, 0.21523643
2750.0, 0.21511663
2760.0, 0.21499708
2770.0, 0.21487777
2780.0, 0.21475868
2790.0, 0.21463983
2800.0, 0.21452121
2810.0, 0.21440284
2820.0, 0.21428469
2830.0, 0.21416678
2840.0, 0.21404909
2850.0, 0.21393164
2860.0, 0.2138144
2870.0, 0.2136974
2880.0, 0.21358064
2890.0, 0.2134641
2900.0, 0.2133478
2910.0, 0.21323171
2920.0, 0.21311586
2930.0, 0.21300024
2940.0, 0.21288484
2950.0, 0.21276967
2960.0, 0.21265471
2970.0, 0.21254
2980.0, 0.21242552
2990.0, 0.21231125
3000.0, 0.2121972
3010.0, 0.21208337
3020.0, 0.21196978
3030.0, 0.2118564
3040.0, 0.21174327
3050.0, 0.21163033
3060.0, 0.21151762
3070.0, 0.21140513
3080.0, 0.21129286
3090.0, 0.21118082
3100.0, 0.211069
3110.0, 0.2109574
3120.0, 0.210846
3130.0, 0.21073484
3140.0, 0.21062389
3150.0, 0.21051316
3160.0, 0.21040264
3170.0, 0.21029235
3180.0, 0.21018226
3190.0, 0.2100724
3200.0, 0.20996276
3210.0, 0.20985332
3220.0, 0.20974411
3230.0, 0.20963511
3240.0, 0.20952632
3250.0, 0.20941775
3260.0, 0.20930938
3270.0, 0.20920123
3280.0, 0.2090933
3290.0, 0.20898558
3300.0, 0.20887807
3310.0, 0.20877077
3320.0, 0.20866367
3330.0, 0.20855679
3340.0, 0.20845014
3350.0, 0.20834367
3360.0, 0.20823742
3370.0, 0.20813137
3380.0, 0.20802553
3390.0, 0.20791991
3400.0, 0.2078145
3410.0, 0.2077093
3420.0, 0.20760427
3430.0, 0.20749949
3440.0, 0.2073949
3450.0, 0.20729052
3460.0, 0.20718633
3470.0, 0.20708235
3480.0, 0.20697859
3490.0, 0.20687503
3500.0, 0.20677166
3510.0, 0.2066685
3520.0, 0.20656554
3530.0, 0.20646279
3540.0, 0.20636022
3550.0, 0.20625788
3560.0, 0.20615573
3570.0, 0.20605378
3580.0, 0.20595203
3590.0, 0.20585048
3600.0, 0.20574914
3610.0, 0.20564798
3620.0, 0.20554703
3630.0, 0.20544627
3640.0, 0.20534573
3650.0, 0.20524536
3660.0, 0.2051452
3670.0, 0.20504525
3680.0, 0.20494547
3690.0, 0.2048459
3700.0, 0.20474654
3710.0, 0.20464736
3720.0, 0.20454837
3730.0, 0.20444958
3740.0, 0.204351
3750.0, 0.2042526
3760.0, 0.20415439
3770.0, 0.20405637
3780.0, 0.20395856
3790.0, 0.20386092
3800.0, 0.2037635
3810.0, 0.20366624
3820.0, 0.20356919
3830.0, 0.20347235
3840.0, 0.20337565
3850.0, 0.20327918
3860.0, 0.20318288
3870.0, 0.2030868
3880.0, 0.20299087
3890.0, 0.20289515
3900.0, 0.20279962
3910.0, 0.20270427
3920.0, 0.20260912
3930.0, 0.20251414
3940.0, 0.20241936
3950.0, 0.20232475
3960.0, 0.20223033
3970.0, 0.20213611
3980.0, 0.20204207
3990.0, 0.20194821
4000.0, 0.20185454
4010.0, 0.20176105
4020.0, 0.20166776
4030.0, 0.20157462
4040.0, 0.20148169
4050.0, 0.20138894
4060.0, 0.20129637
4070.0, 0.20120399
4080.0, 0.20111178
4090.0, 0.20101975
4100.0, 0.2009279
4110.0, 0.20083624
4120.0, 0.20074475
4130.0, 0.20065345
4140.0, 0.20056233
4150.0, 0.20047139
4160.0, 0.20038062
4170.0, 0.20029004
4180.0, 0.20019963
4190.0, 0.2001094
4200.0, 0.20001934
4210.0, 0.19992948
4220.0, 0.19983977
4230.0, 0.19975026
4240.0, 0.19966091
4250.0, 0.19957174
4260.0, 0.19948275
4270.0, 0.19939393
4280.0, 0.19930528
4290.0, 0.19921683
4300.0, 0.19912852
4310.0, 0.1990404
4320.0, 0.19895247
4330.0, 0.1988647
4340.0, 0.1987771
4350.0, 0.19868967
4360.0, 0.1986024
4370.0, 0.19851533
4380.0, 0.1984284
4390.0, 0.19834167
4400.0, 0.1982551
4410.0, 0.1981687
4420.0, 0.19808248
4430.0, 0.19799641
4440.0, 0.19791052
4450.0, 0.1978248
4460.0, 0.19773924
4470.0, 0.19765386
4480.0, 0.19756866
4490.0, 0.19748361
4500.0, 0.19739872
4510.0, 0.19731401
4520.0, 0.19722946
4530.0, 0.19714509
4540.0, 0.19706088
4550.0, 0.19697683
4560.0, 0.19689295
4570.0, 0.19680923
4580.0, 0.19672568
4590.0, 0.1966423
4600.0, 0.19655909
4610.0, 0.19647601
4620.0, 0.19639312
4630.0, 0.19631039
4640.0, 0.19622783
4650.0, 0.19614543
4660.0, 0.19606318
4670.0, 0.1959811
4680.0, 0.19589917
4690.0, 0.19581743
4700.0, 0.19573583
4710.0, 0.19565439
4720.0, 0.19557312
4730.0, 0.195492
4740.0, 0.19541106
4750.0, 0.19533026
4760.0, 0.19524962
4770.0, 0.19516915
4780.0, 0.19508883
4790.0, 0.19500867
4800.0, 0.19492866
4810.0, 0.19484882
4820.0, 0.19476914
4830.0, 0.1946896
4840.0, 0.19461024
4850.0, 0.19453102
4860.0, 0.19445196
4870.0, 0.19437306
4880.0, 0.19429432
4890.0, 0.19421571
4900.0, 0.19413729
4910.0, 0.194059
4920.0, 0.19398087
4930.0, 0.1939029
4940.0, 0.19382508
4950.0, 0.19374742
4960.0, 0.19366989
4970.0, 0.19359253
4980.0, 0.19351533
4990.0, 0.19343826
5000.0, 0.19336137
5010.0, 0.19328462
5020.0, 0.19320801
5030.0, 0.19313155
5040.0, 0.19305526
5050.0, 0.19297911
5060.0, 0.19290312
5070.0, 0.19282727
5080.0, 0.19275157
5090.0, 0.19267602
5100.0, 0.19260062
5110.0, 0.19252536
5120.0, 0.19245027
5130.0, 0.1923753
5140.0, 0.1923005
5150.0, 0.19222584
5160.0, 0.19215134
5170.0, 0.19207697
5180.0, 0.19200276
5190.0, 0.19192868
5200.0, 0.19185476
5210.0, 0.19178098
5220.0, 0.19170734
5230.0, 0.19163384
5240.0, 0.1915605
5250.0, 0.1914873
5260.0, 0.19141425
5270.0, 0.19134134
5280.0, 0.19126858
5290.0, 0.19119595
5300.0, 0.19112347
5310.0, 0.19105114
5320.0, 0.19097894
5330.0, 0.1909069
5340.0, 0.19083497
5350.0, 0.19076322
5360.0, 0.19069159
5370.0, 0.19062011
5380.0, 0.19054876
5390.0, 0.19047755
5400.0, 0.1904065
5410.0, 0.19033557
5420.0, 0.19026479
5430.0, 0.19019416
5440.0, 0.19012365
5450.0, 0.19005328
5460.0, 0.18998305
5470.0, 0.18991297
5480.0, 0.18984303
5490.0, 0.18977322
5500.0, 0.18970355
5510.0, 0.18963401
5520.0, 0.18956462
5530.0, 0.18949537
5540.0, 0.18942624
5550.0, 0.18935725
5560.0, 0.1892884
5570.0, 0.18921968
5580.0, 0.18915111
5590.0, 0.18908267
5600.0, 0.18901436
5610.0, 0.18894619
5620.0, 0.18887815
5630.0, 0.18881024
5640.0, 0.18874247
5650.0, 0.18867484
5660.0, 0.18860734
5670.0, 0.18853997
5680.0, 0.18847273
5690.0, 0.18840563
5700.0, 0.18833867
5710.0, 0.18827182
5720.0, 0.18820512
5730.0, 0.18813854
5740.0, 0.1880721
5750.0, 0.18800579
5760.0, 0.1879396
5770.0, 0.18787356
5780.0, 0.18780765
5790.0, 0.18774185
5800.0, 0.18767619
5810.0, 0.18761066
5820.0, 0.18754525
5830.0, 0.18747999
5840.0, 0.18741485
5850.0, 0.18734984
5860.0, 0.18728495
5870.0, 0.18722019
5880.0, 0.18715556
5890.0, 0.18709107
5900.0, 0.1870267
5910.0, 0.18696244
5920.0, 0.18689832
5930.0, 0.18683434
5940.0, 0.18677047
5950.0, 0.18670674
5960.0, 0.18664312
5970.0, 0.18657963
5980.0, 0.18651627
5990.0, 0.18645303
6000.0, 0.18638992
6010.0, 0.18632692
6020.0, 0.18626407
6030.0, 0.18620132
6040.0, 0.1861387
6050.0, 0.18607622
6060.0, 0.18601385
6070.0, 0.1859516
6080.0, 0.1858895
6090.0, 0.18582748
6100.0, 0.18576561
6110.0, 0.18570386
6120.0, 0.18564223
6130.0, 0.18558072
6140.0, 0.18551932
6150.0, 0.18545806
6160.0, 0.18539692
6170.0, 0.18533589
6180.0, 0.18527499
6190.0, 0.1852142
6200.0, 0.18515353
6210.0, 0.185093
6220.0, 0.18503258
6230.0, 0.18497227
6240.0, 0.18491209
6250.0, 0.18485202
6260.0, 0.18479207
6270.0, 0.18473223
6280.0, 0.18467252
6290.0, 0.18461293
6300.0, 0.18455347
6310.0, 0.1844941
6320.0, 0.18443486
6330.0, 0.18437573
6340.0, 0.18431674
6350.0, 0.18425785
6360.0, 0.18419906
6370.0, 0.18414041
6380.0, 0.18408188
6390.0, 0.18402345
6400.0, 0.18396513
6410.0, 0.18390694
6420.0, 0.18384887
6430.0, 0.1837909
6440.0, 0.18373306
6450.0, 0.18367533
6460.0, 0.18361771
6470.0, 0.1835602
6480.0, 0.18350281
6490.0, 0.18344553
6500.0, 0.18338835
6510.0, 0.1833313
6520.0, 0.18327436
6530.0, 0.18321754
6540.0, 0.18316081
6550.0, 0.18310422
6560.0, 0.18304771
6570.0, 0.18299136
6580.0, 0.18293507
6590.0, 0.18287893
6600.0, 0.18282287
6610.0, 0.18276694
6620.0, 0.18271112
6630.0, 0.18265541
6640.0, 0.18259981
6650.0, 0.1825443
6660.0, 0.18248892
6670.0, 0.18243365
6680.0, 0.18237849
6690.0, 0.18232344
6700.0, 0.18226849
6710.0, 0.18221365
6720.0, 0.18215892
6730.0, 0.18210429
6740.0, 0.18204978
6750.0, 0.18199539
6760.0, 0.18194109
6770.0, 0.18188691
6780.0, 0.1818328
6790.0, 0.18177883
6800.0, 0.18172498
6810.0, 0.18167122
6820.0, 0.18161756
6830.0, 0.181564
6840.0, 0.18151057
6850.0, 0.18145724
6860.0, 0.18140398
6870.0, 0.18135087
6880.0, 0.18129784
6890.0, 0.18124494
6900.0, 0.18119211
6910.0, 0.18113941
6920.0, 0.18108681
6930.0, 0.18103431
6940.0, 0.18098192
6950.0, 0.18092963
6960.0, 0.18087743
6970.0, 0.18082535
6980.0, 0.18077338
6990.0, 0.18072149
7000.0, 0.18066971
7010.0, 0.18061803
7020.0, 0.18056646
7030.0, 0.18051499
7040.0, 0.18046364
7050.0, 0.18041237
7060.0, 0.18036121
7070.0, 0.18031015
7080.0, 0.18025918
7090.0, 0.18020831
7100.0, 0.18015756
7110.0, 0.18010691
7120.0, 0.18005633
7130.0, 0.18000588
7140.0, 0.17995553
7150.0, 0.17990528
7160.0, 0.17985511
7170.0, 0.17980506
7180.0, 0.17975509
7190.0, 0.17970522
7200.0, 0.17965546
7210.0, 0.1796058
7220.0, 0.17955624
7230.0, 0.17950675
7240.0, 0.1794574
7250.0, 0.17940812
7260.0, 0.17935894
7270.0, 0.17930986
7280.0, 0.17926088
7290.0, 0.179212
7300.0, 0.17916322
7310.0, 0.17911452
7320.0, 0.17906593
7330.0, 0.17901744
7340.0, 0.17896904
7350.0, 0.17892072
7360.0, 0.17887251
7370.0, 0.17882441
7380.0, 0.17877638
7390.0, 0.17872846
7400.0, 0.17868063
7410.0, 0.1786329
7420.0, 0.17858526
7430.0, 0.17853771
7440.0, 0.17849027
7450.0, 0.17844291
7460.0, 0.17839564
7470.0, 0.17834847
7480.0, 0.1783014
7490.0, 0.17825443
7500.0, 0.17820753
7510.0, 0.17816073
7520.0, 0.17811401
7530.0, 0.1780674
7540.0, 0.17802088
7550.0, 0.17797446
7560.0, 0.17792812
7570.0, 0.17788188
7580.0, 0.17783573
7590.0, 0.17778967
7600.0, 0.1777437
7610.0, 0.17769784
7620.0, 0.17765203
7630.0, 0.17760634
7640.0, 0.17756073
7650.0, 0.17751522
7660.0, 0.17746979
7670.0, 0.17742446
7680.0, 0.1773792
7690.0, 0.17733406
7700.0, 0.177289
7710.0, 0.17724401
7720.0, 0.17719914
7730.0, 0.17715433
7740.0, 0.17710961
7750.0, 0.177065
7760.0, 0.17702048
7770.0, 0.17697603
7780.0, 0.17693166
7790.0, 0.1768874
7800.0, 0.17684321
7810.0, 0.17679912
7820.0, 0.17675512
7830.0, 0.1767112
7840.0, 0.17666736
7850.0, 0.17662361
7860.0, 0.17657997
7870.0, 0.1765364
7880.0, 0.1764929
7890.0, 0.1764495
7900.0, 0.17640619
7910.0, 0.17636296
7920.0, 0.17631982
7930.0, 0.17627676
7940.0, 0.1762338
7950.0, 0.17619091
7960.0, 0.17614812
7970.0, 0.1761054
7980.0, 0.17606276
7990.0, 0.17602022
8000.0, 0.17597775
8010.0, 0.17593537
8020.0, 0.17589308
8030.0, 0.17585087
8040.0, 0.17580874
8050.0, 0.1757667
8060.0, 0.17572474
8070.0, 0.17568287
8080.0, 0.17564107
8090.0, 0.17559937
8100.0, 0.17555773
8110.0, 0.1755162
8120.0, 0.17547473
8130.0, 0.17543335
8140.0, 0.17539205
8150.0, 0.17535084
8160.0, 0.1753097
8170.0, 0.17526865
8180.0, 0.17522767
8190.0, 0.17518678
8200.0, 0.17514598
8210.0, 0.17510526
8220.0, 0.1750646
8230.0, 0.17502403
8240.0, 0.17498355
8250.0, 0.17494315
8260.0, 0.17490281
8270.0, 0.17486258
8280.0, 0.1748224
8290.0, 0.1747823
8300.0, 0.17474231
8310.0, 0.17470238
8320.0, 0.17466253
8330.0, 0.17462276
8340.0, 0.17458306
8350.0, 0.17454346
8360.0, 0.17450392
8370.0, 0.17446446
8380.0, 0.1744251
8390.0, 0.17438579
8400.0, 0.17434657
8410.0, 0.17430742
8420.0, 0.17426836
8430.0, 0.17422937
8440.0, 0.17419046
8450.0, 0.17415163
8460.0, 0.17411287
8470.0, 0.1740742
8480.0, 0.1740356
8490.0, 0.17399706
8500.0, 0.17395861
8510.0, 0.17392023
8520.0, 0.17388195
8530.0, 0.17384373
8540.0, 0.17380558
8550.0, 0.1737675
8560.0, 0.17372951
8570.0, 0.1736916
8580.0, 0.17365377
8590.0, 0.17361599
8600.0, 0.17357829
8610.0, 0.17354067
8620.0, 0.17350313
8630.0, 0.17346567
8640.0, 0.17342827
8650.0, 0.17339094
8660.0, 0.17335369
8670.0, 0.17331652
8680.0, 0.17327942
8690.0, 0.17324239
8700.0, 0.17320544
8710.0, 0.17316857
8720.0, 0.17313176
8730.0, 0.17309503
8740.0, 0.17305836
8750.0, 0.17302178
8760.0, 0.17298527
8770.0, 0.17294882
8780.0, 0.17291246
8790.0, 0.17287616
8800.0, 0.17283992
8810.0, 0.17280377
8820.0, 0.1727677
8830.0, 0.17273168
8840.0, 0.17269574
8850.0, 0.17265987
8860.0, 0.17262408
8870.0, 0.17258836
8880.0, 0.1725527
8890.0, 0.17251712
8900.0, 0.1724816
8910.0, 0.17244616
8920.0, 0.17241079
8930.0, 0.17237549
8940.0, 0.17234024
8950.0, 0.17230509
8960.0, 0.17227
8970.0, 0.17223497
8980.0, 0.17220002
8990.0, 0.17216514
9000.0, 0.17213033
9010.0, 0.17209558
9020.0, 0.1720609
9030.0, 0.1720263
9040.0, 0.17199177
9050.0, 0.17195728
9060.0, 0.17192289
9070.0, 0.17188856
9080.0, 0.17185429
9090.0, 0.17182009
9100.0, 0.17178597
9110.0, 0.1717519
9120.0, 0.1717179
9130.0, 0.17168398
9140.0, 0.17165013
9150.0, 0.17161633
9160.0, 0.17158261
9170.0, 0.17154895
9180.0, 0.17151536
9190.0, 0.17148183
9200.0, 0.17144836
9210.0, 0.17141499
9220.0, 0.17138167
9230.0, 0.17134841
9240.0, 0.17131521
9250.0, 0.17128207
9260.0, 0.17124902
9270.0, 0.17121603
9280.0, 0.1711831
9290.0, 0.17115022
9300.0, 0.17111742
9310.0, 0.1710847
9320.0, 0.17105202
9330.0, 0.1710194
9340.0, 0.17098689
9350.0, 0.1709544
9360.0, 0.17092198
9370.0, 0.17088965
9380.0, 0.17085737
9390.0, 0.17082515
9400.0, 0.17079298
9410.0, 0.1707609
9420.0, 0.17072889
9430.0, 0.17069691
9440.0, 0.17066501
9450.0, 0.17063318
9460.0, 0.17060141
9470.0, 0.1705697
9480.0, 0.17053805
9490.0, 0.17050646
9500.0, 0.17047496
9510.0, 0.17044349
9520.0, 0.1704121
9530.0, 0.17038076
9540.0, 0.1703495
9550.0, 0.17031828
9560.0, 0.17028713
9570.0, 0.17025605
9580.0, 0.17022502
9590.0, 0.17019406
9600.0, 0.17016315
9610.0, 0.17013234
9620.0, 0.17010155
9630.0, 0.17007083
9640.0, 0.17004018
9650.0, 0.17000958
9660.0, 0.16997904
9670.0, 0.16994856
9680.0, 0.16991816
9690.0, 0.16988781
9700.0, 0.1698575
9710.0, 0.16982728
9720.0, 0.16979712
9730.0, 0.169767
9740.0, 0.16973695
9750.0, 0.16970696
9760.0, 0.16967702
9770.0, 0.16964714
9780.0, 0.16961734
9790.0, 0.16958758
9800.0, 0.16955788
9810.0, 0.16952825
9820.0, 0.16949867
9830.0, 0.16946916
9840.0, 0.16943969
9850.0, 0.16941029
9860.0, 0.16938095
9870.0, 0.16935167
9880.0, 0.16932243
9890.0, 0.16929327
9900.0, 0.16926417
9910.0, 0.1692351
9920.0, 0.16920611
9930.0, 0.16917717
9940.0, 0.1691483
9950.0, 0.16911946
9960.0, 0.1690907
9970.0, 0.16906199
9980.0, 0.16903333
9990.0, 0.16900475
10000.0, 0.1689762
10010.0, 0.16894774
10020.0, 0.16891931
10030.0, 0.16889094
10040.0, 0.16886264
10050.0, 0.16883437
10060.0, 0.16880618
10070.0, 0.16877803
10080.0, 0.16874994
10090.0, 0.16872191
10100.0, 0.16869393
10110.0, 0.16866602
10120.0, 0.16863815
10130.0, 0.16861035
10140.0, 0.16858259
10150.0, 0.16855489
10160.0, 0.16852725
10170.0, 0.16849966
10180.0, 0.16847213
10190.0, 0.16844463
10200.0, 0.16841723
10210.0, 0.16838986
10220.0, 0.16836254
10230.0, 0.16833529
10240.0, 0.16830806
10250.0, 0.16828091
10260.0, 0.16825382
10270.0, 0.16822678
10280.0, 0.16819978
10290.0, 0.16817284
10300.0, 0.16814597
10310.0, 0.16811913
10320.0, 0.16809236
10330.0, 0.16806562
10340.0, 0.16803895
10350.0, 0.16801234
10360.0, 0.16798577
10370.0, 0.16795927
10380.0, 0.1679328
10390.0, 0.1679064
10400.0, 0.16788004
10410.0, 0.16785374
10420.0, 0.16782749
10430.0, 0.16780129
10440.0, 0.16777515
10450.0, 0.16774905
10460.0, 0.167723
10470.0, 0.16769701
10480.0, 0.16767108
10490.0, 0.1676452
10500.0, 0.16761936
10510.0, 0.16759358
10520.0, 0.16756785
10530.0, 0.16754216
10540.0, 0.16751654
10550.0, 0.16749096
10560.0, 0.16746542
10570.0, 0.16743995
10580.0, 0.16741453
10590.0, 0.16738914
10600.0, 0.16736381
10610.0, 0.16733855
10620.0, 0.16731332
10630.0, 0.16728815
10640.0, 0.16726302
10650.0, 0.16723794
10660.0, 0.16721292
10670.0, 0.16718794
10680.0, 0.167163
10690.0, 0.16713814
10700.0, 0.16711332
10710.0, 0.16708852
10720.0, 0.1670638
10730.0, 0.16703913
10740.0, 0.16701451
10750.0, 0.16698992
10760.0, 0.16696538
10770.0, 0.1669409
10780.0, 0.16691646
10790.0, 0.16689208
10800.0, 0.16686773
10810.0, 0.16684344
10820.0, 0.16681921
10830.0, 0.16679503
10840.0, 0.16677088
10850.0, 0.16674678
10860.0, 0.16672273
10870.0, 0.16669872
10880.0, 0.16667478
10890.0, 0.16665086
10900.0, 0.166627
10910.0, 0.16660321
10920.0, 0.16657944
10930.0, 0.16655572
10940.0, 0.16653205
10950.0, 0.16650842
10960.0, 0.16648486
10970.0, 0.16646133
10980.0, 0.16643785
10990.0, 0.16641442
11000.0, 0.16639103
11010.0, 0.16636768
11020.0, 0.16634439
11030.0, 0.16632114
11040.0, 0.16629794
11050.0, 0.16627479
11060.0, 0.16625167
11070.0, 0.1662286
11080.0, 0.16620559
11090.0, 0.16618262
11100.0, 0.16615969
11110.0, 0.16613682
11120.0, 0.16611397
11130.0, 0.16609119
11140.0, 0.16606843
11150.0, 0.16604574
11160.0, 0.16602309
11170.0, 0.16600049
11180.0, 0.16597791
11190.0, 0.1659554
11200.0, 0.16593292
11210.0, 0.16591048
11220.0, 0.16588812
11230.0, 0.16586576
11240.0, 0.16584347
11250.0, 0.16582122
11260.0, 0.16579902
11270.0, 0.16577685
11280.0, 0.16575474
11290.0, 0.16573265
11300.0, 0.16571063
11310.0, 0.16568863
11320.0, 0.16566668
11330.0, 0.1656448
11340.0, 0.16562293
11350.0, 0.16560112
11360.0, 0.16557935
11370.0, 0.16555762
11380.0, 0.16553593
11390.0, 0.16551429
11400.0, 0.1654927
11410.0, 0.16547115
11420.0, 0.16544963
11430.0, 0.16542816
11440.0, 0.16540675
11450.0, 0.16538535
11460.0, 0.16536401
11470.0, 0.16534272
11480.0, 0.16532147
11490.0, 0.16530025
11500.0, 0.16527908
11510.0, 0.16525795
11520.0, 0.16523686
11530.0, 0.1652158
11540.0, 0.16519481
11550.0, 0.16517386
11560.0, 0.16515294
11570.0, 0.16513205
11580.0, 0.16511123
11590.0, 0.16509043
11600.0, 0.16506967
11610.0, 0.16504896
11620.0, 0.16502829
11630.0, 0.16500765
11640.0, 0.16498706
11650.0, 0.16496652
11660.0, 0.16494602
11670.0, 0.16492555
11680.0, 0.16490512
11690.0, 0.16488475
11700.0, 0.16486439
11710.0, 0.1648441
11720.0, 0.16482383
11730.0, 0.1648036
11740.0, 0.16478343
11750.0, 0.16476327
11760.0, 0.16474317
11770.0, 0.16472311
11780.0, 0.1647031
11790.0, 0.16468312
11800.0, 0.16466317
11810.0, 0.16464326
11820.0, 0.1646234
11830.0, 0.16460358
11840.0, 0.16458379
11850.0, 0.16456404
11860.0, 0.16454434
11870.0, 0.16452467
11880.0, 0.16450503
11890.0, 0.16448544
11900.0, 0.1644659
11910.0, 0.1644464
11920.0, 0.16442692
11930.0, 0.16440749
11940.0, 0.16438809
11950.0, 0.16436873
11960.0, 0.16434942
11970.0, 0.16433014
11980.0, 0.1643109
11990.0, 0.1642917
12000.0, 0.16427253
12010.0, 0.16425341
12020.0, 0.16423433
12030.0, 0.16421528
12040.0, 0.16419627
12050.0, 0.16417728
12060.0, 0.16415836
12070.0, 0.16413945
12080.0, 0.16412058
12090.0, 0.16410176
12100.0, 0.16408297
12110.0, 0.16406423
12120.0, 0.16404551
12130.0, 0.16402686
12140.0, 0.16400822
12150.0, 0.16398962
12160.0, 0.16397104
12170.0, 0.16395251
12180.0, 0.16393404
12190.0, 0.16391557
12200.0, 0.16389717
12210.0, 0.16387878
12220.0, 0.16386044
12230.0, 0.16384214
12240.0, 0.16382387
12250.0, 0.16380563
12260.0, 0.16378744
12270.0, 0.16376927
12280.0, 0.16375116
12290.0, 0.16373308
12300.0, 0.16371502
12310.0, 0.163697
12320.0, 0.16367902
12330.0, 0.16366108
12340.0, 0.16364317
12350.0, 0.1636253
12360.0, 0.16360746
12370.0, 0.16358966
12380.0, 0.1635719
12390.0, 0.16355416
12400.0, 0.16353647
12410.0, 0.1635188
12420.0, 0.16350117
12430.0, 0.16348359
12440.0, 0.16346604
12450.0, 0.16344851
12460.0, 0.16343102
12470.0, 0.16341358
12480.0, 0.16339616
12490.0, 0.16337879
12500.0, 0.16336145
12510.0, 0.16334413
12520.0, 0.16332684
12530.0, 0.1633096
12540.0, 0.1632924
12550.0, 0.16327523
12560.0, 0.16325808
12570.0, 0.16324097
12580.0, 0.1632239
12590.0, 0.16320686
12600.0, 0.16318986
12610.0, 0.16317289
12620.0, 0.16315594
12630.0, 0.16313905
12640.0, 0.16312218
12650.0, 0.16310534
12660.0, 0.16308855
12670.0, 0.16307177
12680.0, 0.16305503
12690.0, 0.16303834
12700.0, 0.16302167
12710.0, 0.16300504
12720.0, 0.16298842
12730.0, 0.16297187
12740.0, 0.16295533
12750.0, 0.16293883
12760.0, 0.16292235
12770.0, 0.16290592
12780.0, 0.16288951
12790.0, 0.16287315
12800.0, 0.1628568
12810.0, 0.16284049
12820.0, 0.16282421
12830.0, 0.16280799
12840.0, 0.16279176
12850.0, 0.16277559
12860.0, 0.16275945
12870.0, 0.16274333
12880.0, 0.16272724
12890.0, 0.16271119
12900.0, 0.16269518
12910.0, 0.1626792
12920.0, 0.16266324
12930.0, 0.16264732
12940.0, 0.16263142
12950.0, 0.16261558
12960.0, 0.16259976
12970.0, 0.16258396
12980.0, 0.1625682
12990.0, 0.16255246
13000.0, 0.16253676
13010.0, 0.16252108
13020.0, 0.16250545
13030.0, 0.16248983
13040.0, 0.16247427
13050.0, 0.16245873
13060.0, 0.16244322
13070.0, 0.16242772
13080.0, 0.16241229
13090.0, 0.16239685
13100.0, 0.16238146
13110.0, 0.16236609
13120.0, 0.16235077
13130.0, 0.16233547
13140.0, 0.1623202
13150.0, 0.16230497
13160.0, 0.16228977
13170.0, 0.16227458
13180.0, 0.16225943
13190.0, 0.16224432
13200.0, 0.16222923
13210.0, 0.16221416
13220.0, 0.16219914
13230.0, 0.16218415
13240.0, 0.16216917
13250.0, 0.16215424
13260.0, 0.16213934
13270.0, 0.16212445
13280.0, 0.16210961
13290.0, 0.16209479
13300.0, 0.16207999
13310.0, 0.16206524
13320.0, 0.1620505
13330.0, 0.16203581
13340.0, 0.16202115
13350.0, 0.16200648
13360.0, 0.16199188
13370.0, 0.16197729
13380.0, 0.16196273
13390.0, 0.1619482
13400.0, 0.16193372
13410.0, 0.16191925
13420.0, 0.16190481
13430.0, 0.1618904
13440.0, 0.16187602
13450.0, 0.16186167
13460.0, 0.16184734
13470.0, 0.16183303
13480.0, 0.16181877
13490.0, 0.16180454
13500.0, 0.16179033
13510.0, 0.16177614
13520.0, 0.161762
13530.0, 0.16174786
13540.0, 0.16173376
13550.0, 0.1617197
13560.0, 0.16170564
13570.0, 0.16169164
13580.0, 0.16167764
13590.0, 0.1616637
13600.0, 0.16164978
13610.0, 0.16163586
13620.0, 0.16162199
13630.0, 0.16160814
13640.0, 0.16159432
13650.0, 0.16158053
13660.0, 0.16156676
13670.0, 0.16155304
13680.0, 0.16153932
13690.0, 0.16152562
13700.0, 0.16151199
13710.0, 0.16149835
13720.0, 0.16148475
13730.0, 0.16147119
13740.0, 0.16145763
13750.0, 0.16144411
13760.0, 0.16143061
13770.0, 0.16141716
13780.0, 0.16140372
13790.0, 0.1613903
13800.0, 0.16137691
13810.0, 0.16136356
13820.0, 0.16135022
13830.0, 0.16133693
13840.0, 0.16132364
13850.0, 0.16131039
13860.0, 0.16129716
13870.0, 0.16128395
13880.0, 0.1612708
13890.0, 0.16125764
13900.0, 0.16124451
13910.0, 0.16123143
13920.0, 0.16121836
13930.0, 0.1612053
13940.0, 0.1611923
13950.0, 0.1611793
13960.0, 0.16116634
13970.0, 0.1611534
13980.0, 0.16114049
13990.0, 0.1611276
14000.0, 0.16111474
14010.0, 0.16110191
14020.0, 0.16108909
14030.0, 0.1610763
14040.0, 0.16106354
14050.0, 0.1610508
14060.0, 0.1610381
14070.0, 0.16102542
14080.0, 0.16101277
14090.0, 0.16100012
14100.0, 0.16098751
14110.0, 0.16097493
14120.0, 0.16096237
14130.0, 0.16094984
14140.0, 0.16093734
14150.0, 0.16092485
14160.0, 0.1609124
14170.0, 0.16089997
14180.0, 0.16088755
14190.0, 0.16087517
14200.0, 0.16086282
14210.0, 0.16085048
14220.0, 0.16083816
14230.0, 0.16082588
14240.0, 0.16081361
14250.0, 0.16080138
14260.0, 0.16078918
14270.0, 0.16077699
14280.0, 0.16076483
14290.0, 0.16075268
14300.0, 0.16074057
14310.0, 0.16072848
14320.0, 0.16071641
14330.0, 0.16070437
14340.0, 0.16069235
14350.0, 0.16068037
14360.0, 0.16066837
14370.0, 0.16065644
14380.0, 0.1606445
14390.0, 0.16063263
14400.0, 0.16062075
14410.0, 0.16060889
14420.0, 0.16059707
14430.0, 0.16058525
14440.0, 0.16057348
14450.0, 0.16056171
14460.0, 0.16054998
14470.0, 0.16053827
14480.0, 0.16052659
14490.0, 0.16051492
14500.0, 0.16050328
14510.0, 0.16049166
14520.0, 0.16048007
14530.0, 0.16046849
14540.0, 0.16045696
14550.0, 0.16044542
14560.0, 0.16043393
14570.0, 0.16042244
14580.0, 0.16041099
14590.0, 0.16039956
14600.0, 0.16038813
14610.0, 0.16037674
14620.0, 0.16036539
14630.0, 0.16035403
14640.0, 0.16034272
14650.0, 0.16033143
14660.0, 0.16032015
14670.0, 0.16030891
14680.0, 0.16029766
14690.0, 0.16028647
14700.0, 0.16027527
14710.0, 0.16026412
14720.0, 0.16025297
14730.0, 0.16024184
14740.0, 0.16023076
14750.0, 0.16021967
14760.0, 0.16020864
14770.0, 0.1601976
14780.0, 0.16018659
14790.0, 0.1601756
14800.0, 0.16016464
14810.0, 0.1601537
14820.0, 0.16014278
14830.0, 0.16013187
14840.0, 0.16012101
14850.0, 0.16011015
14860.0, 0.1600993
14870.0, 0.1600885
14880.0, 0.1600777
14890.0, 0.16006693
14900.0, 0.1600562
14910.0, 0.16004546
14920.0, 0.16003476
14930.0, 0.16002406
14940.0, 0.16001341
14950.0, 0.16000277
14960.0, 0.15999216
14970.0, 0.15998156
14980.0, 0.15997097
14990.0, 0.15996042
15000.0, 0.15994988
15010.0, 0.15993936
15020.0, 0.15992887
15030.0, 0.1599184
15040.0, 0.15990795
15050.0, 0.15989752
15060.0, 0.15988712
15070.0, 0.15987672
15080.0, 0.15986636
15090.0, 0.159856
15100.0, 0.15984568
15110.0, 0.15983538
15120.0, 0.15982509
15130.0, 0.15981482
15140.0, 0.15980457
15150.0, 0.15979435
15160.0, 0.15978415
15170.0, 0.15977396
15180.0, 0.1597638
15190.0, 0.15975367
15200.0, 0.15974353
15210.0, 0.15973343
15220.0, 0.15972336
15230.0, 0.15971328
15240.0, 0.15970324
15250.0, 0.15969321
15260.0, 0.15968321
15270.0, 0.15967323
15280.0, 0.15966327
15290.0, 0.15965334
15300.0, 0.15964341
15310.0, 0.1596335
15320.0, 0.15962361
15330.0, 0.15961374
15340.0, 0.15960391
15350.0, 0.15959409
15360.0, 0.15958427
15370.0, 0.1595745
15380.0, 0.15956472
15390.0, 0.15955497
15400.0, 0.15954526
15410.0, 0.15953556
15420.0, 0.15952586
15430.0, 0.15951619
15440.0, 0.15950653
15450.0, 0.1594969
15460.0, 0.15948729
15470.0, 0.15947771
15480.0, 0.15946813
15490.0, 0.15945858
15500.0, 0.15944906
15510.0, 0.15943953
15520.0, 0.15943004
15530.0, 0.15942055
15540.0, 0.1594111
15550.0, 0.15940166
15560.0, 0.15939224
15570.0, 0.15938284
15580.0, 0.15937345
15590.0, 0.15936409
15600.0, 0.15935473
15610.0, 0.1593454
15620.0, 0.15933609
15630.0, 0.15932682
15640.0, 0.15931754
15650.0, 0.15930828
15660.0, 0.15929906
15670.0, 0.15928984
15680.0, 0.15928064
15690.0, 0.15927145
15700.0, 0.1592623
15710.0, 0.15925315
15720.0, 0.15924403
15730.0, 0.15923491
15740.0, 0.15922582
15750.0, 0.15921675
15760.0, 0.1592077
15770.0, 0.15919867
15780.0, 0.15918966
15790.0, 0.15918066
15800.0, 0.15917167
15810.0, 0.15916272
15820.0, 0.15915376
15830.0, 0.15914485
15840.0, 0.15913592
15850.0, 0.15912704
15860.0, 0.15911818
15870.0, 0.15910931
15880.0, 0.15910047
15890.0, 0.15909165
15900.0, 0.15908284
15910.0, 0.15907407
15920.0, 0.15906529
15930.0, 0.15905654
15940.0, 0.1590478
15950.0, 0.1590391
15960.0, 0.1590304
15970.0, 0.1590217
15980.0, 0.15901306
15990.0, 0.1590044
16000.0, 0.15899578
16010.0, 0.15898718
16020.0, 0.15897857
16030.0, 0.15897
16040.0, 0.15896143
16050.0, 0.15895289
16060.0, 0.15894437
16070.0, 0.15893586
16080.0, 0.15892737
16090.0, 0.15891889
16100.0, 0.15891042
16110.0, 0.15890199
16120.0, 0.15889357
16130.0, 0.15888515
16140.0, 0.15887676
16150.0, 0.15886839
16160.0, 0.15886003
16170.0, 0.1588517
16180.0, 0.15884335
16190.0, 0.15883505
16200.0, 0.15882677
16210.0, 0.1588185
16220.0, 0.15881024
16230.0, 0.158802
16240.0, 0.15879378
16250.0, 0.15878557
16260.0, 0.15877737
16270.0, 0.15876919
16280.0, 0.15876102
16290.0, 0.15875289
16300.0, 0.15874477
16310.0, 0.15873665
16320.0, 0.15872855
16330.0, 0.15872048
16340.0, 0.15871242
16350.0, 0.15870436
16360.0, 0.15869634
16370.0, 0.15868832
16380.0, 0.15868033
16390.0, 0.15867233
16400.0, 0.15866438
16410.0, 0.15865642
16420.0, 0.15864848
16430.0, 0.15864056
16440.0, 0.15863265
16450.0, 0.15862478
16460.0, 0.1586169
16470.0, 0.15860905
16480.0, 0.15860121
16490.0, 0.15859339
16500.0, 0.15858556
16510.0, 0.15857778
16520.0, 0.15857
16530.0, 0.15856224
16540.0, 0.1585545
16550.0, 0.15854676
16560.0, 0.15853906
16570.0, 0.15853134
16580.0, 0.15852366
16590.0, 0.15851599
16600.0, 0.15850833
16610.0, 0.15850069
16620.0, 0.15849307
16630.0, 0.15848547
16640.0, 0.15847787
16650.0, 0.15847029
16660.0, 0.15846272
16670.0, 0.15845518
16680.0, 0.15844764
16690.0, 0.15844013
16700.0, 0.15843262
16710.0, 0.15842514
16720.0, 0.15841767
16730.0, 0.15841019
16740.0, 0.15840276
16750.0, 0.15839534
16760.0, 0.15838791
16770.0, 0.15838052
16780.0, 0.15837313
16790.0, 0.15836577
16800.0, 0.15835841
16810.0, 0.15835106
16820.0, 0.15834373
16830.0, 0.15833645
16840.0, 0.15832914
16850.0, 0.15832186
16860.0, 0.15831457
16870.0, 0.15830733
16880.0, 0.15830009
16890.0, 0.15829287
16900.0, 0.15828566
16910.0, 0.15827847
16920.0, 0.15827128
16930.0, 0.15826412
16940.0, 0.15825698
16950.0, 0.15824983
16960.0, 0.1582427
16970.0, 0.1582356
16980.0, 0.15822849
16990.0, 0.15822141
17000.0, 0.15821436
17010.0, 0.1582073
17020.0, 0.15820026
17030.0, 0.15819323
17040.0, 0.15818621
17050.0, 0.15817922
17060.0, 0.15817223
17070.0, 0.15816528
17080.0, 0.15815832
17090.0, 0.15815139
17100.0, 0.15814444
17110.0, 0.15813753
17120.0, 0.15813065
17130.0, 0.15812376
17140.0, 0.15811688
17150.0, 0.15811002
17160.0, 0.15810317
17170.0, 0.15809634
17180.0, 0.15808953
17190.0, 0.15808272
17200.0, 0.15807593
17210.0, 0.15806915
17220.0, 0.1580624
17230.0, 0.15805565
17240.0, 0.1580489
17250.0, 0.15804218
17260.0, 0.15803547
17270.0, 0.15802877
17280.0, 0.1580221
17290.0, 0.15801542
17300.0, 0.15800877
17310.0, 0.15800214
17320.0, 0.15799549
17330.0, 0.15798888
17340.0, 0.15798229
17350.0, 0.15797569
17360.0, 0.1579691
17370.0, 0.15796255
17380.0, 0.15795599
17390.0, 0.15794946
17400.0, 0.15794294
17410.0, 0.15793642
17420.0, 0.15792993
17430.0, 0.15792345
17440.0, 0.15791696
17450.0, 0.1579105
17460.0, 0.15790407
17470.0, 0.15789762
17480.0, 0.1578912
17490.0, 0.1578848
17500.0, 0.1578784
17510.0, 0.15787202
17520.0, 0.15786566
17530.0, 0.1578593
17540.0, 0.15785295
17550.0, 0.15784661
17560.0, 0.15784031
17570.0, 0.15783398
17580.0, 0.15782769
17590.0, 0.15782142
17600.0, 0.15781514
17610.0, 0.15780888
17620.0, 0.15780264
17630.0, 0.15779641
17640.0, 0.15779018
17650.0, 0.157784
17660.0, 0.1577778
17670.0, 0.1577716
17680.0, 0.15776545
17690.0, 0.1577593
17700.0, 0.15775314
17710.0, 0.15774702
17720.0, 0.15774088
17730.0, 0.15773478
17740.0, 0.15772867
17750.0, 0.15772259
17760.0, 0.15771653
17770.0, 0.15771048
17780.0, 0.15770441
17790.0, 0.15769838
17800.0, 0.15769236
17810.0, 0.15768635
17820.0, 0.15768035
17830.0, 0.15767437
17840.0, 0.1576684
17850.0, 0.15766242
17860.0, 0.15765648
17870.0, 0.15765053
17880.0, 0.1576446
17890.0, 0.1576387
17900.0, 0.15763278
17910.0, 0.15762688
17920.0, 0.15762101
17930.0, 0.15761514
17940.0, 0.15760928
17950.0, 0.15760344
17960.0, 0.1575976
17970.0, 0.15759178
17980.0, 0.15758598
17990.0, 0.15758017
18000.0, 0.15757439
18010.0, 0.15756862
18020.0, 0.15756285
18030.0, 0.15755709
18040.0, 0.15755135
18050.0, 0.15754561
18060.0, 0.1575399
18070.0, 0.1575342
18080.0, 0.15752849
18090.0, 0.15752281
18100.0, 0.15751714
18110.0, 0.15751149
18120.0, 0.15750584
18130.0, 0.15750019
18140.0, 0.15749456
18150.0, 0.15748896
18160.0, 0.15748334
18170.0, 0.15747774
18180.0, 0.15747216
18190.0, 0.15746659
18200.0, 0.15746103
18210.0, 0.15745547
18220.0, 0.15744995
18230.0, 0.15744442
18240.0, 0.15743889
18250.0, 0.15743339
18260.0, 0.1574279
18270.0, 0.15742242
18280.0, 0.15741694
18290.0, 0.15741147
18300.0, 0.15740603
18310.0, 0.1574006
18320.0, 0.15739515
18330.0, 0.15738975
18340.0, 0.15738434
18350.0, 0.15737893
18360.0, 0.15737356
18370.0, 0.15736818
18380.0, 0.15736282
18390.0, 0.15735745
18400.0, 0.15735212
18410.0, 0.15734679
18420.0, 0.15734145
18430.0, 0.15733616
18440.0, 0.15733084
18450.0, 0.15732557
18460.0, 0.15732028
18470.0, 0.15731502
18480.0, 0.15730974
18490.0, 0.15730451
18500.0, 0.15729927
18510.0, 0.15729405
18520.0, 0.15728882
18530.0, 0.15728362
18540.0, 0.15727842
18550.0, 0.15727323
18560.0, 0.15726806
18570.0, 0.1572629
18580.0, 0.15725775
18590.0, 0.15725261
18600.0, 0.15724747
18610.0, 0.15724234
18620.0, 0.15723723
18630.0, 0.15723212
18640.0, 0.15722702
18650.0, 0.15722196
18660.0, 0.15721688
18670.0, 0.15721181
18680.0, 0.15720677
18690.0, 0.15720172
18700.0, 0.15719669
18710.0, 0.15719166
18720.0, 0.15718664
18730.0, 0.15718165
18740.0, 0.15717666
18750.0, 0.15717168
18760.0, 0.1571667
18770.0, 0.15716173
18780.0, 0.15715678
18790.0, 0.15715185
18800.0, 0.15714692
18810.0, 0.157142
18820.0, 0.15713707
18830.0, 0.15713216
18840.0, 0.15712728
18850.0, 0.15712239
18860.0, 0.15711752
18870.0, 0.15711266
18880.0, 0.1571078
18890.0, 0.15710297
18900.0, 0.15709813
18910.0, 0.1570933
18920.0, 0.15708849
18930.0, 0.15708368
18940.0, 0.15707889
18950.0, 0.1570741
18960.0, 0.15706931
18970.0, 0.15706456
18980.0, 0.15705979
18990.0, 0.15705505
19000.0, 0.1570503
19010.0, 0.15704557
19020.0, 0.15704085
19030.0, 0.15703614
19040.0, 0.15703143
19050.0, 0.15702675
19060.0, 0.15702207
19070.0, 0.1570174
19080.0, 0.15701272
19090.0, 0.15700807
19100.0, 0.15700343
19110.0, 0.1569988
19120.0, 0.15699416
19130.0, 0.15698954
19140.0, 0.15698494
19150.0, 0.15698034
19160.0, 0.15697575
19170.0, 0.15697117
19180.0, 0.1569666
19190.0, 0.15696202
19200.0, 0.15695748
19210.0, 0.15695293
19220.0, 0.1569484
19230.0, 0.15694387
19240.0, 0.15693934
19250.0, 0.15693484
19260.0, 0.15693034
19270.0, 0.15692584
19280.0, 0.15692137
19290.0, 0.1569169
19300.0, 0.15691245
19310.0, 0.15690798
19320.0, 0.15690354
19330.0, 0.1568991
19340.0, 0.15689467
19350.0, 0.15689026
19360.0, 0.15688583
19370.0, 0.15688144
19380.0, 0.15687704
19390.0, 0.15687266
19400.0, 0.1568683
19410.0, 0.15686391
19420.0, 0.15685956
19430.0, 0.15685521
19440.0, 0.15685087
19450.0, 0.15684654
19460.0, 0.15684222
19470.0, 0.1568379
19480.0, 0.15683359
19490.0, 0.1568293
19500.0, 0.156825
19510.0, 0.15682073
19520.0, 0.15681645
19530.0, 0.15681219
19540.0, 0.15680793
19550.0, 0.1568037
19560.0, 0.15679945
19570.0, 0.15679522
19580.0, 0.15679102
19590.0, 0.15678678
19600.0, 0.1567826
19610.0, 0.1567784
19620.0, 0.1567742
19630.0, 0.15677002
19640.0, 0.15676586
19650.0, 0.15676169
19660.0, 0.15675755
19670.0, 0.1567534
19680.0, 0.15674925
19690.0, 0.15674514
19700.0, 0.15674101
19710.0, 0.1567369
19720.0, 0.15673278
19730.0, 0.1567287
19740.0, 0.1567246
19750.0, 0.15672053
19760.0, 0.15671647
19770.0, 0.1567124
19780.0, 0.15670834
19790.0, 0.15670429
19800.0, 0.15670025
19810.0, 0.15669622
19820.0, 0.15669219
19830.0, 0.15668818
19840.0, 0.15668418
19850.0, 0.15668017
19860.0, 0.15667619
19870.0, 0.1566722
19880.0, 0.15666822
19890.0, 0.15666427
19900.0, 0.1566603
19910.0, 0.15665634
19920.0, 0.1566524
19930.0, 0.15664847
19940.0, 0.15664455
19950.0, 0.15664062
19960.0, 0.1566367
19970.0, 0.1566328
19980.0, 0.1566289
19990.0, 0.15662502
20000.0, 0.15662114
20010.0, 0.15661725
20020.0, 0.1566134
20030.0, 0.15660954
20040.0, 0.15660569
20050.0, 0.15660185
20060.0, 0.15659802
20070.0, 0.15659419
20080.0, 0.15659037
20090.0, 0.15658656
20100.0, 0.15658276
20110.0, 0.15657896
20120.0, 0.15657517
20130.0, 0.15657137
20140.0, 0.15656762
20150.0, 0.15656385
20160.0, 0.1565601
20170.0, 0.15655634
20180.0, 0.1565526
20190.0, 0.15654886
20200.0, 0.15654512
20210.0, 0.15654139
20220.0, 0.1565377
20230.0, 0.15653399
20240.0, 0.15653028
20250.0, 0.15652658
20260.0, 0.15652291
20270.0, 0.15651922
20280.0, 0.15651557
20290.0, 0.1565119
20300.0, 0.15650824
20310.0, 0.1565046
20320.0, 0.15650095
20330.0, 0.15649731
20340.0, 0.1564937
20350.0, 0.15649007
20360.0, 0.15648647
20370.0, 0.15648286
20380.0, 0.15647925
20390.0, 0.15647568
20400.0, 0.15647209
20410.0, 0.15646851
20420.0, 0.15646495
20430.0, 0.15646139
20440.0, 0.15645784
20450.0, 0.15645428
20460.0, 0.15645073
20470.0, 0.1564472
20480.0, 0.15644369
20490.0, 0.15644017
20500.0, 0.15643665
20510.0, 0.15643315
20520.0, 0.15642965
20530.0, 0.15642616
20540.0, 0.15642267
20550.0, 0.15641919
20560.0, 0.15641572
20570.0, 0.15641227
20580.0, 0.15640882
20590.0, 0.15640536
20600.0, 0.15640192
20610.0, 0.15639848
20620.0, 0.15639505
20630.0, 0.15639164
20640.0, 0.15638821
20650.0, 0.15638481
20660.0, 0.1563814
20670.0, 0.156378
20680.0, 0.15637462
20690.0, 0.15637124
20700.0, 0.15636787
20710.0, 0.1563645
20720.0, 0.15636113
20730.0, 0.15635778
20740.0, 0.15635444
20750.0, 0.1563511
20760.0, 0.15634775
20770.0, 0.15634443
20780.0, 0.15634112
20790.0, 0.1563378
20800.0, 0.15633449
20810.0, 0.1563312
20820.0, 0.15632789
20830.0, 0.15632461
20840.0, 0.15632133
20850.0, 0.15631805
20860.0, 0.15631479
20870.0, 0.15631153
20880.0, 0.15630828
20890.0, 0.15630503
20900.0, 0.15630178
20910.0, 0.15629855
20920.0, 0.15629531
20930.0, 0.1562921
20940.0, 0.15628888
20950.0, 0.15628567
20960.0, 0.15628247
20970.0, 0.15627927
20980.0, 0.15627608
20990.0, 0.15627289
21000.0, 0.1562697
21010.0, 0.15626654
21020.0, 0.15626337
21030.0, 0.1562602
21040.0, 0.15625705
21050.0, 0.15625392
21060.0, 0.15625077
21070.0, 0.15624765
21080.0, 0.15624452
21090.0, 0.15624139
21100.0, 0.15623829
21110.0, 0.15623516
21120.0, 0.15623207
21130.0, 0.15622896
21140.0, 0.15622589
21150.0, 0.15622279
21160.0, 0.15621972
21170.0, 0.15621664
21180.0, 0.15621358
21190.0, 0.15621053
21200.0, 0.15620746
21210.0, 0.15620442
21220.0, 0.15620138
21230.0, 0.15619834
21240.0, 0.15619531
21250.0, 0.15619229
21260.0, 0.15618928
21270.0, 0.15618627
21280.0, 0.15618326
21290.0, 0.15618025
21300.0, 0.15617727
21310.0, 0.15617427
21320.0, 0.15617129
21330.0, 0.15616833
21340.0, 0.15616536
21350.0, 0.1561624
21360.0, 0.15615943
21370.0, 0.15615648
21380.0, 0.15615353
21390.0, 0.1561506
21400.0, 0.15614766
21410.0, 0.15614474
21420.0, 0.1561418
21430.0, 0.15613888
21440.0, 0.15613599
21450.0, 0.15613309
21460.0, 0.15613018
21470.0, 0.15612729
21480.0, 0.15612441
21490.0, 0.15612152
21500.0, 0.15611865
21510.0, 0.15611579
21520.0, 0.15611291
21530.0, 0.15611005
21540.0, 0.1561072
21550.0, 0.15610436
21560.0, 0.1561015
21570.0, 0.15609868
21580.0, 0.15609583
21590.0, 0.15609302
21600.0, 0.1560902
21610.0, 0.15608738
21620.0, 0.15608458
21630.0, 0.15608178
21640.0, 0.15607898
21650.0, 0.1560762
21660.0, 0.1560734
21670.0, 0.15607063
21680.0, 0.15606785
21690.0, 0.15606508
21700.0, 0.15606232
21710.0, 0.15605956
21720.0, 0.1560568
21730.0, 0.15605406
21740.0, 0.15605132
21750.0, 0.1560486
21760.0, 0.15604587
21770.0, 0.15604313
21780.0, 0.15604042
21790.0, 0.1560377
21800.0, 0.15603499
21810.0, 0.1560323
21820.0, 0.1560296
21830.0, 0.1560269
21840.0, 0.15602422
21850.0, 0.15602154
21860.0, 0.15601885
21870.0, 0.15601619
21880.0, 0.15601352
21890.0, 0.15601085
21900.0, 0.15600821
21910.0, 0.15600556
21920.0, 0.15600291
21930.0, 0.15600027
21940.0, 0.15599763
21950.0, 0.155995
21960.0, 0.15599239
21970.0, 0.15598977
21980.0, 0.15598716
21990.0, 0.15598454
22000.0, 0.15598194
22010.0, 0.15597935
22020.0, 0.15597677
22030.0, 0.15597418
22040.0, 0.15597159
22050.0, 0.15596902
22060.0, 0.15596645
22070.0, 0.15596388
22080.0, 0.15596132
22090.0, 0.15595877
22100.0, 0.15595621
22110.0, 0.15595368
22120.0, 0.15595113
22130.0, 0.1559486
22140.0, 0.15594605
22150.0, 0.15594353
22160.0, 0.15594102
22170.0, 0.15593849
22180.0, 0.15593599
22190.0, 0.15593347
22200.0, 0.15593098
22210.0, 0.15592849
22220.0, 0.155926
22230.0, 0.1559235
22240.0, 0.15592103
22250.0, 0.15591855
22260.0, 0.1559161
22270.0, 0.15591362
22280.0, 0.15591115
22290.0, 0.1559087
22300.0, 0.15590625
22310.0, 0.1559038
22320.0, 0.15590137
22330.0, 0.15589893
22340.0, 0.1558965
22350.0, 0.15589407
22360.0, 0.15589166
22370.0, 0.15588924
22380.0, 0.15588683
22390.0, 0.15588441
22400.0, 0.15588202
22410.0, 0.15587962
22420.0, 0.15587722
22430.0, 0.15587483
22440.0, 0.15587245
22450.0, 0.15587007
22460.0, 0.15586771
22470.0, 0.15586533
22480.0, 0.15586297
22490.0, 0.1558606
22500.0, 0.15585825
22510.0, 0.15585591
22520.0, 0.15585355
22530.0, 0.15585122
22540.0, 0.15584888
22550.0, 0.15584655
22560.0, 0.15584423
22570.0, 0.15584189
22580.0, 0.15583958
22590.0, 0.15583727
22600.0, 0.15583497
22610.0, 0.15583266
22620.0, 0.15583037
22630.0, 0.15582806
22640.0, 0.15582576
22650.0, 0.15582348
22660.0, 0.1558212
22670.0, 0.15581894
22680.0, 0.15581666
22690.0, 0.1558144
22700.0, 0.15581214
22710.0, 0.15580988
22720.0, 0.15580763
22730.0, 0.15580536
22740.0, 0.15580313
22750.0, 0.1558009
22760.0, 0.15579864
22770.0, 0.15579642
22780.0, 0.1557942
22790.0, 0.15579198
22800.0, 0.15578975
22810.0, 0.15578754
22820.0, 0.15578534
22830.0, 0.15578313
22840.0, 0.15578093
22850.0, 0.15577874
22860.0, 0.15577655
22870.0, 0.15577435
22880.0, 0.15577218
22890.0, 0.15577
22900.0, 0.15576783
22910.0, 0.15576565
22920.0, 0.15576348
22930.0, 0.15576132
22940.0, 0.15575917
22950.0, 0.15575701
22960.0, 0.15575486
22970.0, 0.15575272
22980.0, 0.15575059
22990.0, 0.15574844
23000.0, 0.15574631
23010.0, 0.1557442
23020.0, 0.15574208
23030.0, 0.15573996
23040.0, 0.15573785
23050.0, 0.15573573
23060.0, 0.15573363
23070.0, 0.15573153
23080.0, 0.15572943
23090.0, 0.15572734
23100.0, 0.15572526
23110.0, 0.15572315
23120.0, 0.15572108
23130.0, 0.15571901
23140.0, 0.15571694
23150.0, 0.15571487
23160.0, 0.1557128
23170.0, 0.15571074
23180.0, 0.15570869
23190.0, 0.15570663
23200.0, 0.15570459
23210.0, 0.15570255
23220.0, 0.15570052
23230.0, 0.15569848
23240.0, 0.15569644
23250.0, 0.15569441
23260.0, 0.15569238
23270.0, 0.15569037
23280.0, 0.15568836
23290.0, 0.15568635
23300.0, 0.15568434
23310.0, 0.15568234
23320.0, 0.15568033
23330.0, 0.15567835
23340.0, 0.15567636
23350.0, 0.15567437
23360.0, 0.15567239
23370.0, 0.1556704
23380.0, 0.15566844
23390.0, 0.15566647
23400.0, 0.15566449
23410.0, 0.15566254
23420.0, 0.15566057
23430.0, 0.1556586
23440.0, 0.15565667
23450.0, 0.15565471
23460.0, 0.15565278
23470.0, 0.15565082
23480.0, 0.1556489
23490.0, 0.15564696
23500.0, 0.15564504
23510.0, 0.15564312
23520.0, 0.15564118
23530.0, 0.15563928
23540.0, 0.15563737
23550.0, 0.15563546
23560.0, 0.15563355
23570.0, 0.15563165
23580.0, 0.15562975
23590.0, 0.15562786
23600.0, 0.15562597
23610.0, 0.15562409
23620.0, 0.15562221
23630.0, 0.15562032
23640.0, 0.15561846
23650.0, 0.15561658
23660.0, 0.15561472
23670.0, 0.15561286
23680.0, 0.155611
23690.0, 0.15560913
23700.0, 0.15560728
23710.0, 0.15560542
23720.0, 0.15560359
23730.0, 0.15560174
23740.0, 0.15559989
23750.0, 0.15559807
23760.0, 0.15559624
23770.0, 0.15559441
23780.0, 0.15559259
23790.0, 0.15559077
23800.0, 0.15558895
23810.0, 0.15558715
23820.0, 0.15558533
23830.0, 0.15558353
23840.0, 0.15558173
23850.0, 0.15557992
23860.0, 0.15557814
23870.0, 0.15557633
23880.0, 0.15557456
23890.0, 0.15557277
23900.0, 0.155571
23910.0, 0.15556923
23920.0, 0.15556744
23930.0, 0.15556568
23940.0, 0.1555639
23950.0, 0.15556216
23960.0, 0.15556039
23970.0, 0.15555863
23980.0, 0.15555689
23990.0, 0.15555513
24000.0, 0.15555339
24010.0, 0.15555164
24020.0, 0.15554991
24030.0, 0.15554817
24040.0, 0.15554644
24050.0, 0.15554471
24060.0, 0.155543
24070.0, 0.15554129
24080.0, 0.15553956
24090.0, 0.15553784
24100.0, 0.15553613
24110.0, 0.15553443
24120.0, 0.15553273
24130.0, 0.15553102
24140.0, 0.15552934
24150.0, 0.15552764
24160.0, 0.15552594
24170.0, 0.15552425
24180.0, 0.15552258
24190.0, 0.1555209
24200.0, 0.15551922
24210.0, 0.15551755
24220.0, 0.15551588
24230.0, 0.15551423
24240.0, 0.15551254
24250.0, 0.15551089
24260.0, 0.15550923
24270.0, 0.15550758
24280.0, 0.15550594
24290.0, 0.15550429
24300.0, 0.15550263
24310.0, 0.155501
24320.0, 0.15549937
24330.0, 0.15549773
24340.0, 0.1554961
24350.0, 0.15549448
24360.0, 0.15549286
24370.0, 0.15549123
24380.0, 0.15548962
24390.0, 0.155488
24400.0, 0.15548639
24410.0, 0.15548478
24420.0, 0.15548319
24430.0, 0.15548158
24440.0, 0.15547998
24450.0, 0.15547839
24460.0, 0.1554768
24470.0, 0.15547521
24480.0, 0.15547362
24490.0, 0.15547204
24500.0, 0.15547046
24510.0, 0.15546888
24520.0, 0.15546732
24530.0, 0.15546575
24540.0, 0.15546419
24550.0, 0.15546262
24560.0, 0.15546106
24570.0, 0.1554595
24580.0, 0.15545796
24590.0, 0.1554564
24600.0, 0.15545484
24610.0, 0.1554533
24620.0, 0.15545176
24630.0, 0.15545022
24640.0, 0.15544869
24650.0, 0.15544716
24660.0, 0.15544564
24670.0, 0.1554441
24680.0, 0.15544258
24690.0, 0.15544105
24700.0, 0.15543954
24710.0, 0.15543802
24720.0, 0.15543653
24730.0, 0.15543501
24740.0, 0.1554335
24750.0, 0.15543202
24760.0, 0.15543051
24770.0, 0.155429
24780.0, 0.15542752
24790.0, 0.15542603
24800.0, 0.15542455
24810.0, 0.15542306
24820.0, 0.15542158
24830.0, 0.1554201
24840.0, 0.15541863
24850.0, 0.15541714
24860.0, 0.15541568
24870.0, 0.15541421
24880.0, 0.15541276
24890.0, 0.15541129
24900.0, 0.15540984
24910.0, 0.15540837
24920.0, 0.15540692
24930.0, 0.15540549
24940.0, 0.15540403
24950.0, 0.1554026
24960.0, 0.15540114
24970.0, 0.15539971
24980.0, 0.15539828
24990.0, 0.15539685
25000.0, 0.15539542
25010.0, 0.155394
25020.0, 0.15539257
25030.0, 0.15539116
25040.0, 0.15538974
25050.0, 0.15538831
25060.0, 0.15538691
25070.0, 0.15538551
25080.0, 0.1553841
25090.0, 0.1553827
25100.0, 0.15538129
25110.0, 0.15537989
25120.0, 0.1553785
25130.0, 0.15537712
25140.0, 0.15537572
25150.0, 0.15537433
25160.0, 0.15537295
25170.0, 0.15537158
25180.0, 0.15537019
25190.0, 0.15536882
25200.0, 0.15536743
25210.0, 0.15536606
25220.0, 0.1553647
25230.0, 0.15536334
25240.0, 0.15536198
25250.0, 0.15536062
25260.0, 0.15535927
25270.0, 0.15535791
25280.0, 0.15535657
25290.0, 0.15535522
25300.0, 0.15535387
25310.0, 0.15535253
25320.0, 0.15535119
25330.0, 0.15534985
25340.0, 0.15534852
25350.0, 0.15534718
25360.0, 0.15534586
25370.0, 0.15534453
25380.0, 0.1553432
25390.0, 0.15534188
25400.0, 0.15534057
25410.0, 0.15533924
25420.0, 0.15533793
25430.0, 0.15533662
25440.0, 0.1553353
25450.0, 0.155334
25460.0, 0.15533271
25470.0, 0.1553314
25480.0, 0.1553301
25490.0, 0.15532881
25500.0, 0.15532751
25510.0, 0.15532622
25520.0, 0.15532495
25530.0, 0.15532365
25540.0, 0.15532237
25550.0, 0.15532109
25560.0, 0.15531981
25570.0, 0.15531854
25580.0, 0.15531728
25590.0, 0.155316
25600.0, 0.15531473
25610.0, 0.15531348
25620.0, 0.15531221
25630.0, 0.15531094
25640.0, 0.15530969
25650.0, 0.15530844
25660.0, 0.15530719
25670.0, 0.15530594
25680.0, 0.15530469
25690.0, 0.15530345
25700.0, 0.15530221
25710.0, 0.15530096
25720.0, 0.15529972
25730.0, 0.1552985
25740.0, 0.15529726
25750.0, 0.15529604
25760.0, 0.1552948
25770.0, 0.15529357
25780.0, 0.15529236
25790.0, 0.15529114
25800.0, 0.15528992
25810.0, 0.15528871
25820.0, 0.1552875
25830.0, 0.15528628
25840.0, 0.15528508
25850.0, 0.15528387
25860.0, 0.15528268
25870.0, 0.15528147
25880.0, 0.15528028
25890.0, 0.15527907
25900.0, 0.1552779
25910.0, 0.15527669
25920.0, 0.15527551
25930.0, 0.15527432
25940.0, 0.15527314
25950.0, 0.15527195
25960.0, 0.15527077
25970.0, 0.1552696
25980.0, 0.15526842
25990.0, 0.15526725
26000.0, 0.15526609
26010.0, 0.15526491
26020.0, 0.15526375
26030.0, 0.15526257
26040.0, 0.15526143
26050.0, 0.15526026
26060.0, 0.1552591
26070.0, 0.15525796
26080.0, 0.15525681
26090.0, 0.15525566
26100.0, 0.15525451
26110.0, 0.15525337
26120.0, 0.15525223
26130.0, 0.15525107
26140.0, 0.15524994
26150.0, 0.1552488
26160.0, 0.15524769
26170.0, 0.15524654
26180.0, 0.15524542
26190.0, 0.15524429
26200.0, 0.15524317
26210.0, 0.15524206
26220.0, 0.15524092
26230.0, 0.1552398
26240.0, 0.1552387
26250.0, 0.15523759
26260.0, 0.15523648
26270.0, 0.15523538
26280.0, 0.15523426
26290.0, 0.15523314
26300.0, 0.15523206
26310.0, 0.15523095
26320.0, 0.15522987
26330.0, 0.15522876
26340.0, 0.15522768
26350.0, 0.15522659
26360.0, 0.1552255
26370.0, 0.15522441
26380.0, 0.15522332
26390.0, 0.15522225
26400.0, 0.15522116
26410.0, 0.15522008
26420.0, 0.155219
26430.0, 0.15521793
26440.0, 0.15521686
26450.0, 0.15521578
26460.0, 0.15521473
26470.0, 0.15521365
26480.0, 0.15521261
26490.0, 0.15521155
26500.0, 0.1552105
26510.0, 0.15520944
26520.0, 0.15520838
26530.0, 0.15520732
26540.0, 0.15520628
26550.0, 0.15520522
26560.0, 0.15520418
26570.0, 0.15520313
26580.0, 0.15520209
26590.0, 0.15520105
26600.0, 0.1552
26610.0, 0.15519899
26620.0, 0.15519795
26630.0, 0.15519692
26640.0, 0.15519589
26650.0, 0.15519486
26660.0, 0.15519384
26670.0, 0.1551928
26680.0, 0.1551918
26690.0, 0.15519078
26700.0, 0.15518975
26710.0, 0.15518874
26720.0, 0.15518773
26730.0, 0.15518673
26740.0, 0.15518571
26750.0, 0.1551847
26760.0, 0.15518369
26770.0, 0.1551827
26780.0, 0.15518169
26790.0, 0.1551807
26800.0, 0.1551797
26810.0, 0.15517871
26820.0, 0.15517771
26830.0, 0.15517671
26840.0, 0.15517573
26850.0, 0.15517475
26860.0, 0.15517376
26870.0, 0.15517277
26880.0, 0.1551718
26890.0, 0.15517081
26900.0, 0.15516984
26910.0, 0.15516886
26920.0, 0.1551679
26930.0, 0.15516692
26940.0, 0.15516596
26950.0, 0.15516497
26960.0, 0.15516402
26970.0, 0.15516305
26980.0, 0.1551621
26990.0, 0.15516114
27000.0, 0.15516017
27010.0, 0.15515922
27020.0, 0.15515827
27030.0, 0.15515733
27040.0, 0.15515636
27050.0, 0.15515542
27060.0, 0.15515447
27070.0, 0.15515351
27080.0, 0.15515259
27090.0, 0.15515164
27100.0, 0.15515071
27110.0, 0.15514976
27120.0, 0.15514883
27130.0, 0.1551479
27140.0, 0.15514697
27150.0, 0.15514603
27160.0, 0.15514511
27170.0, 0.1551442
27180.0, 0.15514326
27190.0, 0.15514235
27200.0, 0.15514141
27210.0, 0.1551405
27220.0, 0.15513958
27230.0, 0.15513867
27240.0, 0.15513775
27250.0, 0.15513685
27260.0, 0.15513594
27270.0, 0.15513504
27280.0, 0.15513413
27290.0, 0.15513322
27300.0, 0.15513232
27310.0, 0.15513143
27320.0, 0.15513052
27330.0, 0.15512963
27340.0, 0.15512873
27350.0, 0.15512784
27360.0, 0.15512694
27370.0, 0.15512607
27380.0, 0.15512517
27390.0, 0.15512429
27400.0, 0.1551234
27410.0, 0.15512252
27420.0, 0.15512164
27430.0, 0.15512076
27440.0, 0.1551199
27450.0, 0.155119
27460.0, 0.15511814
27470.0, 0.15511727
27480.0, 0.15511638
27490.0, 0.15511551
27500.0, 0.15511465
27510.0, 0.1551138
27520.0, 0.15511294
27530.0, 0.15511206
27540.0, 0.15511121
27550.0, 0.15511036
27560.0, 0.1551095
27570.0, 0.15510863
27580.0, 0.15510778
27590.0, 0.15510693
27600.0, 0.15510608
27610.0, 0.15510525
27620.0, 0.1551044
27630.0, 0.15510355
27640.0, 0.1551027
27650.0, 0.15510187
27660.0, 0.15510103
27670.0, 0.1551002
27680.0, 0.15509936
27690.0, 0.15509853
27700.0, 0.15509768
27710.0, 0.15509684
27720.0, 0.15509602
27730.0, 0.15509519
27740.0, 0.15509437
27750.0, 0.15509355
27760.0, 0.15509273
27770.0, 0.15509191
27780.0, 0.15509109
27790.0, 0.15509027
27800.0, 0.15508945
27810.0, 0.15508865
27820.0, 0.15508783
27830.0, 0.15508701
27840.0, 0.15508619
27850.0, 0.15508538
27860.0, 0.15508458
27870.0, 0.15508378
27880.0, 0.15508297
27890.0, 0.15508218
27900.0, 0.15508138
27910.0, 0.15508057
27920.0, 0.15507978
27930.0, 0.15507898
27940.0, 0.15507819
27950.0, 0.15507741
27960.0, 0.15507662
27970.0, 0.15507583
27980.0, 0.15507504
27990.0, 0.15507425
28000.0, 0.15507348
28010.0, 0.15507269
28020.0, 0.1550719
28030.0, 0.15507112
28040.0, 0.15507035
28050.0, 0.15506957
28060.0, 0.1550688
28070.0, 0.15506802
28080.0, 0.15506727
28090.0, 0.15506649
28100.0, 0.15506572
28110.0, 0.15506496
28120.0, 0.15506418
28130.0, 0.15506342
28140.0, 0.15506265
28150.0, 0.15506189
28160.0, 0.15506114
28170.0, 0.15506038
28180.0, 0.15505962
28190.0, 0.15505886
28200.0, 0.1550581
28210.0, 0.15505736
28220.0, 0.15505661
28230.0, 0.15505587
28240.0, 0.15505512
28250.0, 0.15505436
28260.0, 0.15505362
28270.0, 0.15505289
28280.0, 0.15505214
28290.0, 0.1550514
28300.0, 0.15505065
28310.0, 0.15504993
28320.0, 0.15504919
28330.0, 0.15504846
28340.0, 0.15504771
28350.0, 0.155047
28360.0, 0.15504627
28370.0, 0.15504552
28380.0, 0.1550448
28390.0, 0.15504408
28400.0, 0.15504336
28410.0, 0.15504263
28420.0, 0.15504192
28430.0, 0.1550412
28440.0, 0.15504047
28450.0, 0.15503977
28460.0, 0.15503904
28470.0, 0.15503833
28480.0, 0.15503763
28490.0, 0.15503691
28500.0, 0.1550362
28510.0, 0.1550355
28520.0, 0.15503478
28530.0, 0.15503408
28540.0, 0.15503338
28550.0, 0.15503268
28560.0, 0.15503196
28570.0, 0.15503128
28580.0, 0.15503058
28590.0, 0.15502986
28600.0, 0.15502918
28610.0, 0.15502848
28620.0, 0.15502779
28630.0, 0.1550271
28640.0, 0.15502642
28650.0, 0.15502572
28660.0, 0.15502504
28670.0, 0.15502435
28680.0, 0.15502366
28690.0, 0.155023
28700.0, 0.15502231
28710.0, 0.15502162
28720.0, 0.15502094
28730.0, 0.15502025
28740.0, 0.1550196
28750.0, 0.15501891
28760.0, 0.15501824
28770.0, 0.15501757
28780.0, 0.1550169
28790.0, 0.15501623
28800.0, 0.15501556
28810.0, 0.15501489
28820.0, 0.15501423
28830.0, 0.15501356
28840.0, 0.1550129
28850.0, 0.15501224
28860.0, 0.15501158
28870.0, 0.15501091
28880.0, 0.15501027
28890.0, 0.15500961
28900.0, 0.15500896
28910.0, 0.1550083
28920.0, 0.15500765
28930.0, 0.155007
28940.0, 0.15500633
28950.0, 0.1550057
28960.0, 0.15500504
28970.0, 0.1550044
28980.0, 0.15500377
28990.0, 0.15500312
29000.0, 0.15500247
29010.0, 0.15500183
29020.0, 0.1550012
29030.0, 0.15500057
29040.0, 0.15499991
29050.0, 0.15499929
29060.0, 0.15499866
29070.0, 0.15499802
29080.0, 0.1549974
29090.0, 0.15499675
29100.0, 0.15499613
29110.0, 0.1549955
29120.0, 0.15499486
29130.0, 0.15499425
29140.0, 0.15499362
29150.0, 0.154993
29160.0, 0.15499237
29170.0, 0.15499176
29180.0, 0.15499114
29190.0, 0.15499052
29200.0, 0.15498991
29210.0, 0.15498929
29220.0, 0.15498868
29230.0, 0.15498807
29240.0, 0.15498745
29250.0, 0.15498683
29260.0, 0.15498623
29270.0, 0.15498562
29280.0, 0.15498501
29290.0, 0.1549844
29300.0, 0.1549838
29310.0, 0.15498321
29320.0, 0.1549826
29330.0, 0.154982
29340.0, 0.1549814
29350.0, 0.15498081
29360.0, 0.1549802
29370.0, 0.1549796
29380.0, 0.154979
29390.0, 0.15497842
29400.0, 0.15497781
29410.0, 0.15497723
29420.0, 0.15497664
29430.0, 0.15497606
29440.0, 0.15497547
29450.0, 0.15497486
29460.0, 0.15497428
29470.0, 0.1549737
29480.0, 0.15497312
29490.0, 0.15497255
29500.0, 0.15497197
29510.0, 0.15497138
29520.0, 0.1549708
29530.0, 0.15497023
29540.0, 0.15496965
29550.0, 0.15496908
29560.0, 0.1549685
29570.0, 0.15496792
29580.0, 0.15496735
29590.0, 0.15496679
29600.0, 0.15496622
29610.0, 0.15496565
29620.0, 0.15496509
29630.0, 0.15496452
29640.0, 0.15496396
29650.0, 0.15496337
29660.0, 0.15496282
29670.0, 0.15496226
29680.0, 0.1549617
29690.0, 0.15496114
29700.0, 0.15496059
29710.0, 0.15496004
29720.0, 0.15495947
29730.0, 0.15495892
29740.0, 0.15495837
29750.0, 0.1549578
29760.0, 0.15495725
29770.0, 0.1549567
29780.0, 0.15495615
29790.0, 0.15495561
29800.0, 0.15495506
29810.0, 0.15495451
29820.0, 0.15495397
29830.0, 0.15495344
29840.0, 0.15495288
29850.0, 0.15495235
29860.0, 0.15495181
29870.0, 0.15495126
29880.0, 0.15495072
29890.0, 0.15495019
29900.0, 0.15494965
29910.0, 0.15494911
29920.0, 0.15494859
29930.0, 0.15494806
29940.0, 0.15494752
29950.0, 0.15494698
29960.0, 0.15494646
29970.0, 0.15494592
29980.0, 0.1549454
29990.0, 0.15494488
30000.0, 0.15494435
