Energy (in eV), backscattering yield of material alox-reduced-PEY at incidence 70.0 degree
   X,       Y
0.0, 0.0
10.0, 0.0
20.0, 0.0
30.0, 0.0
40.0, 0.0
50.0, 0.0
60.0, 0.23429286
70.0, 0.28883517
80.0, 0.32372096
90.0, 0.34935206
100.0, 0.36951327
110.0, 0.38604978
120.0, 0.4000081
130.0, 0.41204107
140.0, 0.4225836
150.0, 0.43194002
160.0, 0.4403314
170.0, 0.4479234
180.0, 0.45484304
190.0, 0.46119004
200.0, 0.4670439
210.0, 0.47246894
220.0, 0.47751802
230.0, 0.48223498
240.0, 0.48665667
250.0, 0.4908142
260.0, 0.49473414
270.0, 0.49843943
280.0, 0.50194985
290.0, 0.50528264
300.0, 0.50845295
310.0, 0.51147413
320.0, 0.5143579
330.0, 0.5171148
340.0, 0.51975423
350.0, 0.52228445
360.0, 0.52471316
370.0, 0.52704704
380.0, 0.52929235
390.0, 0.5314547
400.0, 0.5335392
410.0, 0.53555036
420.0, 0.53749263
430.0, 0.5393699
440.0, 0.5411856
450.0, 0.5429433
460.0, 0.54464585
470.0, 0.54629624
480.0, 0.547897
490.0, 0.54945064
500.0, 0.55095935
510.0, 0.55242527
520.0, 0.5538504
530.0, 0.55523664
540.0, 0.5565856
550.0, 0.557899
560.0, 0.5591783
570.0, 0.5604249
580.0, 0.5616402
590.0, 0.56282544
600.0, 0.56398183
610.0, 0.56511045
620.0, 0.56621236
630.0, 0.56728864
640.0, 0.5683401
650.0, 0.56936777
660.0, 0.57037246
670.0, 0.571355
680.0, 0.5723161
690.0, 0.5732566
700.0, 0.5741771
710.0, 0.5750782
720.0, 0.5759607
730.0, 0.57682514
740.0, 0.57767206
750.0, 0.578502
760.0, 0.5793155
770.0, 0.58011305
780.0, 0.5808952
790.0, 0.5816623
800.0, 0.5824149
810.0, 0.58315337
820.0, 0.58387804
830.0, 0.5845894
840.0, 0.5852878
850.0, 0.5859736
860.0, 0.58664715
870.0, 0.5873087
880.0, 0.5879587
890.0, 0.5885973
900.0, 0.58922493
910.0, 0.5898418
920.0, 0.5904482
930.0, 0.5910444
940.0, 0.59163064
950.0, 0.5922072
960.0, 0.5927743
970.0, 0.5933321
980.0, 0.59388095
990.0, 0.5944209
1000.0, 0.59495234
1010.0, 0.59480035
1020.0, 0.59464866
1030.0, 0.59449714
1040.0, 0.59434587
1050.0, 0.59419477
1060.0, 0.59404397
1070.0, 0.59389335
1080.0, 0.593743
1090.0, 0.5935929
1100.0, 0.593443
1110.0, 0.59329325
1120.0, 0.5931438
1130.0, 0.5929946
1140.0, 0.59284556
1150.0, 0.5926968
1160.0, 0.59254825
1170.0, 0.5923999
1180.0, 0.5922518
1190.0, 0.5921039
1200.0, 0.59195626
1210.0, 0.5918088
1220.0, 0.59166163
1230.0, 0.59151465
1240.0, 0.5913679
1250.0, 0.59122133
1260.0, 0.591075
1270.0, 0.5909289
1280.0, 0.59078306
1290.0, 0.5906374
1300.0, 0.590492
1310.0, 0.5903468
1320.0, 0.5902018
1330.0, 0.5900571
1340.0, 0.58991253
1350.0, 0.5897682
1360.0, 0.5896241
1370.0, 0.5894802
1380.0, 0.5893366
1390.0, 0.5891931
1400.0, 0.5890499
1410.0, 0.58890694
1420.0, 0.58876413
1430.0, 0.58862156
1440.0, 0.5884792
1450.0, 0.5883371
1460.0, 0.5881952
1470.0, 0.5880535
1480.0, 0.5879121
1490.0, 0.5877708
1500.0, 0.5876298
1510.0, 0.58748895
1520.0, 0.58734834
1530.0, 0.587208
1540.0, 0.5870678
1550.0, 0.58692783
1560.0, 0.5867881
1570.0, 0.5866486
1580.0, 0.5865093
1590.0, 0.58637017
1600.0, 0.5862313
1610.0, 0.58609265
1620.0, 0.5859542
1630.0, 0.58581597
1640.0, 0.5856779
1650.0, 0.5855401
1660.0, 0.58540255
1670.0, 0.58526516
1680.0, 0.58512795
1690.0, 0.58499104
1700.0, 0.58485425
1710.0, 0.58471775
1720.0, 0.58458143
1730.0, 0.5844453
1740.0, 0.5843094
1750.0, 0.58417374
1760.0, 0.58403826
1770.0, 0.58390296
1780.0, 0.5837679
1790.0, 0.58363307
1800.0, 0.5834984
1810.0, 0.583364
1820.0, 0.5832298
1830.0, 0.5830958
1840.0, 0.582962
1850.0, 0.58282834
1860.0, 0.582695
1870.0, 0.5825618
1880.0, 0.5824288
1890.0, 0.5822961
1900.0, 0.5821635
1910.0, 0.5820312
1920.0, 0.58189905
1930.0, 0.5817671
1940.0, 0.58163536
1950.0, 0.58150387
1960.0, 0.5813725
1970.0, 0.5812414
1980.0, 0.58111054
1990.0, 0.5809798
2000.0, 0.5808493
2010.0, 0.580719
2020.0, 0.58058894
2030.0, 0.58045906
2040.0, 0.58032936
2050.0, 0.5801999
2060.0, 0.5800706
2070.0, 0.5799416
2080.0, 0.5798127
2090.0, 0.579684
2100.0, 0.5795556
2110.0, 0.5794273
2120.0, 0.5792992
2130.0, 0.57917136
2140.0, 0.5790437
2150.0, 0.57891625
2160.0, 0.578789
2170.0, 0.5786619
2180.0, 0.5785351
2190.0, 0.5784084
2200.0, 0.578282
2210.0, 0.57815576
2220.0, 0.5780297
2230.0, 0.5779038
2240.0, 0.57777816
2250.0, 0.5776527
2260.0, 0.57752746
2270.0, 0.5774024
2280.0, 0.57727754
2290.0, 0.57715285
2300.0, 0.5770284
2310.0, 0.5769041
2320.0, 0.57678
2330.0, 0.57665616
2340.0, 0.5765325
2350.0, 0.576409
2360.0, 0.5762857
2370.0, 0.57616264
2380.0, 0.57603973
2390.0, 0.575917
2400.0, 0.5757945
2410.0, 0.5756722
2420.0, 0.5755501
2430.0, 0.5754281
2440.0, 0.5753064
2450.0, 0.5751849
2460.0, 0.5750635
2470.0, 0.5749424
2480.0, 0.5748214
2490.0, 0.57470065
2500.0, 0.5745801
2510.0, 0.57445973
2520.0, 0.5743395
2530.0, 0.5742195
2540.0, 0.5740997
2550.0, 0.5739801
2560.0, 0.5738607
2570.0, 0.5737415
2580.0, 0.5736224
2590.0, 0.57350355
2600.0, 0.57338494
2610.0, 0.57326645
2620.0, 0.5731482
2630.0, 0.5730301
2640.0, 0.5729122
2650.0, 0.5727945
2660.0, 0.57267696
2670.0, 0.5725596
2680.0, 0.5724425
2690.0, 0.5723255
2700.0, 0.57220876
2710.0, 0.5720922
2720.0, 0.57197577
2730.0, 0.5718596
2740.0, 0.57174355
2750.0, 0.5716277
2760.0, 0.57151204
2770.0, 0.5713966
2780.0, 0.5712813
2790.0, 0.5711662
2800.0, 0.57105136
2810.0, 0.5709366
2820.0, 0.57082206
2830.0, 0.57070774
2840.0, 0.5705936
2850.0, 0.5704796
2860.0, 0.5703658
2870.0, 0.5702522
2880.0, 0.57013875
2890.0, 0.5700255
2900.0, 0.56991243
2910.0, 0.56979954
2920.0, 0.56968683
2930.0, 0.56957436
2940.0, 0.569462
2950.0, 0.5693499
2960.0, 0.5692379
2970.0, 0.5691261
2980.0, 0.5690145
2990.0, 0.5689031
3000.0, 0.5687918
3010.0, 0.56868076
3020.0, 0.5685699
3030.0, 0.56845915
3040.0, 0.56834865
3050.0, 0.5682383
3060.0, 0.5681281
3070.0, 0.56801814
3080.0, 0.56790835
3090.0, 0.56779873
3100.0, 0.5676893
3110.0, 0.56758
3120.0, 0.5674709
3130.0, 0.567362
3140.0, 0.56725323
3150.0, 0.5671447
3160.0, 0.5670363
3170.0, 0.5669281
3180.0, 0.5668201
3190.0, 0.5667122
3200.0, 0.56660455
3210.0, 0.566497
3220.0, 0.5663897
3230.0, 0.5662826
3240.0, 0.5661756
3250.0, 0.56606877
3260.0, 0.56596214
3270.0, 0.5658557
3280.0, 0.5657494
3290.0, 0.5656433
3300.0, 0.5655374
3310.0, 0.5654316
3320.0, 0.56532604
3330.0, 0.5652206
3340.0, 0.5651154
3350.0, 0.5650103
3360.0, 0.56490546
3370.0, 0.56480074
3380.0, 0.56469613
3390.0, 0.56459177
3400.0, 0.5644876
3410.0, 0.56438357
3420.0, 0.5642797
3430.0, 0.564176
3440.0, 0.5640725
3450.0, 0.56396914
3460.0, 0.56386596
3470.0, 0.5637629
3480.0, 0.5636601
3490.0, 0.56355745
3500.0, 0.5634549
3510.0, 0.5633526
3520.0, 0.5632504
3530.0, 0.56314844
3540.0, 0.5630466
3550.0, 0.56294495
3560.0, 0.56284344
3570.0, 0.5627421
3580.0, 0.56264096
3590.0, 0.56254
3600.0, 0.56243914
3610.0, 0.56233853
3620.0, 0.56223804
3630.0, 0.5621377
3640.0, 0.5620375
3650.0, 0.5619376
3660.0, 0.56183773
3670.0, 0.5617381
3680.0, 0.5616386
3690.0, 0.56153923
3700.0, 0.56144005
3710.0, 0.5613411
3720.0, 0.5612422
3730.0, 0.5611436
3740.0, 0.56104505
3750.0, 0.5609467
3760.0, 0.56084853
3770.0, 0.56075054
3780.0, 0.5606527
3790.0, 0.560555
3800.0, 0.56045747
3810.0, 0.5603601
3820.0, 0.56026286
3830.0, 0.5601658
3840.0, 0.56006896
3850.0, 0.5599722
3860.0, 0.55987567
3870.0, 0.5597793
3880.0, 0.559683
3890.0, 0.55958694
3900.0, 0.55949104
3910.0, 0.5593953
3920.0, 0.5592997
3930.0, 0.5592043
3940.0, 0.559109
3950.0, 0.55901384
3960.0, 0.5589189
3970.0, 0.5588241
3980.0, 0.55872947
3990.0, 0.558635
4000.0, 0.55854064
4010.0, 0.55844647
4020.0, 0.5583525
4030.0, 0.55825865
4040.0, 0.5581649
4050.0, 0.5580714
4060.0, 0.55797803
4070.0, 0.5578848
4080.0, 0.5577917
4090.0, 0.5576988
4100.0, 0.55760604
4110.0, 0.5575135
4120.0, 0.557421
4130.0, 0.5573287
4140.0, 0.55723655
4150.0, 0.5571446
4160.0, 0.5570528
4170.0, 0.5569611
4180.0, 0.55686957
4190.0, 0.55677825
4200.0, 0.556687
4210.0, 0.556596
4220.0, 0.5565051
4230.0, 0.5564143
4240.0, 0.5563237
4250.0, 0.5562333
4260.0, 0.556143
4270.0, 0.55605286
4280.0, 0.55596286
4290.0, 0.55587304
4300.0, 0.55578333
4310.0, 0.5556938
4320.0, 0.55560446
4330.0, 0.5555152
4340.0, 0.5554261
4350.0, 0.5553372
4360.0, 0.55524844
4370.0, 0.5551598
4380.0, 0.5550713
4390.0, 0.55498296
4400.0, 0.5548948
4410.0, 0.55480677
4420.0, 0.5547189
4430.0, 0.5546312
4440.0, 0.5545436
4450.0, 0.5544562
4460.0, 0.55436885
4470.0, 0.5542817
4480.0, 0.55419475
4490.0, 0.5541079
4500.0, 0.5540212
4510.0, 0.5539347
4520.0, 0.55384827
4530.0, 0.553762
4540.0, 0.5536759
4550.0, 0.55358994
4560.0, 0.5535041
4570.0, 0.55341846
4580.0, 0.5533329
4590.0, 0.5532476
4600.0, 0.55316234
4610.0, 0.5530772
4620.0, 0.5529923
4630.0, 0.5529075
4640.0, 0.5528229
4650.0, 0.55273837
4660.0, 0.55265397
4670.0, 0.55256975
4680.0, 0.5524857
4690.0, 0.5524018
4700.0, 0.552318
4710.0, 0.5522343
4720.0, 0.5521508
4730.0, 0.55206746
4740.0, 0.55198425
4750.0, 0.55190116
4760.0, 0.5518182
4770.0, 0.5517354
4780.0, 0.5516528
4790.0, 0.55157024
4800.0, 0.55148786
4810.0, 0.55140567
4820.0, 0.5513236
4830.0, 0.55124164
4840.0, 0.5511598
4850.0, 0.55107814
4860.0, 0.5509966
4870.0, 0.55091524
4880.0, 0.550834
4890.0, 0.5507529
4900.0, 0.55067194
4910.0, 0.55059105
4920.0, 0.5505104
4930.0, 0.5504298
4940.0, 0.5503494
4950.0, 0.5502692
4960.0, 0.550189
4970.0, 0.550109
4980.0, 0.55002916
4990.0, 0.5499494
5000.0, 0.54986984
5010.0, 0.5497904
5020.0, 0.54971105
5030.0, 0.5496319
5040.0, 0.54955286
5050.0, 0.54947394
5060.0, 0.54939514
5070.0, 0.5493165
5080.0, 0.549238
5090.0, 0.5491597
5100.0, 0.54908144
5110.0, 0.54900336
5120.0, 0.5489254
5130.0, 0.54884756
5140.0, 0.5487699
5150.0, 0.54869235
5160.0, 0.5486149
5170.0, 0.5485376
5180.0, 0.5484605
5190.0, 0.5483835
5200.0, 0.5483066
5210.0, 0.5482298
5220.0, 0.54815316
5230.0, 0.5480767
5240.0, 0.54800034
5250.0, 0.5479241
5260.0, 0.547848
5270.0, 0.54777205
5280.0, 0.54769623
5290.0, 0.54762053
5300.0, 0.54754496
5310.0, 0.5474695
5320.0, 0.5473942
5330.0, 0.54731905
5340.0, 0.547244
5350.0, 0.5471691
5360.0, 0.5470943
5370.0, 0.54701966
5380.0, 0.5469451
5390.0, 0.5468707
5400.0, 0.54679644
5410.0, 0.5467223
5420.0, 0.5466483
5430.0, 0.5465744
5440.0, 0.5465007
5450.0, 0.546427
5460.0, 0.5463535
5470.0, 0.5462802
5480.0, 0.54620695
5490.0, 0.5461338
5500.0, 0.54606086
5510.0, 0.54598796
5520.0, 0.54591525
5530.0, 0.54584265
5540.0, 0.54577017
5550.0, 0.5456978
5560.0, 0.54562557
5570.0, 0.5455535
5580.0, 0.5454815
5590.0, 0.5454097
5600.0, 0.545338
5610.0, 0.54526633
5620.0, 0.54519486
5630.0, 0.5451235
5640.0, 0.5450523
5650.0, 0.54498124
5660.0, 0.54491025
5670.0, 0.5448394
5680.0, 0.5447687
5690.0, 0.54469806
5700.0, 0.5446276
5710.0, 0.5445572
5720.0, 0.544487
5730.0, 0.5444169
5740.0, 0.5443469
5750.0, 0.544277
5760.0, 0.5442073
5770.0, 0.54413766
5780.0, 0.54406816
5790.0, 0.5439988
5800.0, 0.5439296
5810.0, 0.54386044
5820.0, 0.5437914
5830.0, 0.5437225
5840.0, 0.5436537
5850.0, 0.5435851
5860.0, 0.5435166
5870.0, 0.54344815
5880.0, 0.54337984
5890.0, 0.5433117
5900.0, 0.54324365
5910.0, 0.5431757
5920.0, 0.5431079
5930.0, 0.5430402
5940.0, 0.5429727
5950.0, 0.5429052
5960.0, 0.54283786
5970.0, 0.5427707
5980.0, 0.54270357
5990.0, 0.5426366
6000.0, 0.54256976
6010.0, 0.542503
6020.0, 0.54243636
6030.0, 0.54236984
6040.0, 0.54230344
6050.0, 0.5422372
6060.0, 0.542171
6070.0, 0.542105
6080.0, 0.5420391
6090.0, 0.54197323
6100.0, 0.54190755
6110.0, 0.541842
6120.0, 0.54177654
6130.0, 0.5417112
6140.0, 0.54164594
6150.0, 0.54158086
6160.0, 0.5415159
6170.0, 0.541451
6180.0, 0.5413862
6190.0, 0.5413216
6200.0, 0.541257
6210.0, 0.5411926
6220.0, 0.5411283
6230.0, 0.5410641
6240.0, 0.541
6250.0, 0.54093605
6260.0, 0.54087216
6270.0, 0.54080844
6280.0, 0.5407448
6290.0, 0.5406813
6300.0, 0.5406179
6310.0, 0.5405546
6320.0, 0.5404914
6330.0, 0.54042834
6340.0, 0.5403654
6350.0, 0.5403025
6360.0, 0.5402398
6370.0, 0.54017717
6380.0, 0.5401147
6390.0, 0.5400523
6400.0, 0.53999
6410.0, 0.5399278
6420.0, 0.53986573
6430.0, 0.5398038
6440.0, 0.53974193
6450.0, 0.5396802
6460.0, 0.53961855
6470.0, 0.53955704
6480.0, 0.53949565
6490.0, 0.5394344
6500.0, 0.53937316
6510.0, 0.53931206
6520.0, 0.5392511
6530.0, 0.53919023
6540.0, 0.5391295
6550.0, 0.5390688
6560.0, 0.5390083
6570.0, 0.5389479
6580.0, 0.53888756
6590.0, 0.5388273
6600.0, 0.5387672
6610.0, 0.5387072
6620.0, 0.53864735
6630.0, 0.5385875
6640.0, 0.53852785
6650.0, 0.5384683
6660.0, 0.5384088
6670.0, 0.53834945
6680.0, 0.5382902
6690.0, 0.5382311
6700.0, 0.538172
6710.0, 0.53811306
6720.0, 0.5380542
6730.0, 0.5379955
6740.0, 0.53793687
6750.0, 0.5378784
6760.0, 0.53782
6770.0, 0.5377617
6780.0, 0.53770345
6790.0, 0.53764534
6800.0, 0.53758734
6810.0, 0.53752947
6820.0, 0.53747165
6830.0, 0.537414
6840.0, 0.53735644
6850.0, 0.5372989
6860.0, 0.5372416
6870.0, 0.5371843
6880.0, 0.53712714
6890.0, 0.53707004
6900.0, 0.5370131
6910.0, 0.5369562
6920.0, 0.53689945
6930.0, 0.5368428
6940.0, 0.53678626
6950.0, 0.5367298
6960.0, 0.5366734
6970.0, 0.5366172
6980.0, 0.5365611
6990.0, 0.536505
7000.0, 0.5364491
7010.0, 0.53639317
7020.0, 0.53633744
7030.0, 0.53628176
7040.0, 0.5362263
7050.0, 0.5361708
7060.0, 0.53611547
7070.0, 0.5360602
7080.0, 0.536005
7090.0, 0.53595
7100.0, 0.53589505
7110.0, 0.5358402
7120.0, 0.53578544
7130.0, 0.5357308
7140.0, 0.53567624
7150.0, 0.53562176
7160.0, 0.5355674
7170.0, 0.53551316
7180.0, 0.535459
7190.0, 0.5354049
7200.0, 0.535351
7210.0, 0.5352971
7220.0, 0.53524333
7230.0, 0.5351896
7240.0, 0.53513604
7250.0, 0.5350826
7260.0, 0.5350292
7270.0, 0.5349759
7280.0, 0.5349227
7290.0, 0.5348696
7300.0, 0.5348166
7310.0, 0.5347637
7320.0, 0.5347109
7330.0, 0.5346582
7340.0, 0.53460556
7350.0, 0.53455305
7360.0, 0.5345006
7370.0, 0.53444827
7380.0, 0.53439605
7390.0, 0.5343439
7400.0, 0.53429186
7410.0, 0.5342399
7420.0, 0.53418803
7430.0, 0.5341363
7440.0, 0.5340846
7450.0, 0.534033
7460.0, 0.5339815
7470.0, 0.5339301
7480.0, 0.5338788
7490.0, 0.5338276
7500.0, 0.5337765
7510.0, 0.5337255
7520.0, 0.53367454
7530.0, 0.5336237
7540.0, 0.533573
7550.0, 0.5335223
7560.0, 0.53347176
7570.0, 0.5334213
7580.0, 0.5333709
7590.0, 0.53332067
7600.0, 0.5332704
7610.0, 0.53322035
7620.0, 0.53317034
7630.0, 0.5331204
7640.0, 0.53307056
7650.0, 0.53302085
7660.0, 0.5329712
7670.0, 0.5329216
7680.0, 0.53287214
7690.0, 0.5328228
7700.0, 0.5327735
7710.0, 0.5327243
7720.0, 0.5326752
7730.0, 0.53262615
7740.0, 0.5325772
7750.0, 0.5325284
7760.0, 0.53247964
7770.0, 0.532431
7780.0, 0.5323824
7790.0, 0.5323339
7800.0, 0.5322855
7810.0, 0.53223723
7820.0, 0.532189
7830.0, 0.53214085
7840.0, 0.5320928
7850.0, 0.5320449
7860.0, 0.531997
7870.0, 0.5319492
7880.0, 0.53190154
7890.0, 0.5318539
7900.0, 0.5318064
7910.0, 0.53175896
7920.0, 0.5317116
7930.0, 0.5316643
7940.0, 0.53161716
7950.0, 0.5315701
7960.0, 0.53152305
7970.0, 0.53147614
7980.0, 0.53142935
7990.0, 0.53138256
8000.0, 0.5313359
8010.0, 0.53128934
8020.0, 0.53124285
8030.0, 0.5311965
8040.0, 0.5311501
8050.0, 0.5311039
8060.0, 0.5310577
8070.0, 0.5310117
8080.0, 0.5309657
8090.0, 0.5309198
8100.0, 0.530874
8110.0, 0.53082824
8120.0, 0.53078264
8130.0, 0.53073704
8140.0, 0.53069156
8150.0, 0.5306462
8160.0, 0.5306009
8170.0, 0.53055567
8180.0, 0.5305105
8190.0, 0.5304654
8200.0, 0.5304205
8210.0, 0.53037554
8220.0, 0.5303308
8230.0, 0.530286
8240.0, 0.5302414
8250.0, 0.5301968
8260.0, 0.5301523
8270.0, 0.5301079
8280.0, 0.53006357
8290.0, 0.53001934
8300.0, 0.5299752
8310.0, 0.52993107
8320.0, 0.5298871
8330.0, 0.5298432
8340.0, 0.52979934
8350.0, 0.5297556
8360.0, 0.5297119
8370.0, 0.52966833
8380.0, 0.5296248
8390.0, 0.52958137
8400.0, 0.52953804
8410.0, 0.52949476
8420.0, 0.52945155
8430.0, 0.52940845
8440.0, 0.5293654
8450.0, 0.52932245
8460.0, 0.5292796
8470.0, 0.5292368
8480.0, 0.52919406
8490.0, 0.5291514
8500.0, 0.5291088
8510.0, 0.5290663
8520.0, 0.52902395
8530.0, 0.5289816
8540.0, 0.52893937
8550.0, 0.5288972
8560.0, 0.5288551
8570.0, 0.5288131
8580.0, 0.52877116
8590.0, 0.5287293
8600.0, 0.52868754
8610.0, 0.5286458
8620.0, 0.52860415
8630.0, 0.5285626
8640.0, 0.5285211
8650.0, 0.52847975
8660.0, 0.52843845
8670.0, 0.5283972
8680.0, 0.528356
8690.0, 0.5283149
8700.0, 0.5282739
8710.0, 0.52823293
8720.0, 0.5281921
8730.0, 0.5281513
8740.0, 0.52811056
8750.0, 0.52807
8760.0, 0.5280294
8770.0, 0.52798885
8780.0, 0.5279485
8790.0, 0.52790815
8800.0, 0.52786785
8810.0, 0.5278277
8820.0, 0.52778757
8830.0, 0.5277475
8840.0, 0.5277075
8850.0, 0.52766764
8860.0, 0.5276278
8870.0, 0.52758807
8880.0, 0.52754843
8890.0, 0.5275088
8900.0, 0.5274693
8910.0, 0.5274298
8920.0, 0.5273905
8930.0, 0.52735114
8940.0, 0.5273119
8950.0, 0.52727276
8960.0, 0.52723366
8970.0, 0.5271946
8980.0, 0.5271557
8990.0, 0.52711684
9000.0, 0.52707803
9010.0, 0.5270393
9020.0, 0.52700067
9030.0, 0.5269621
9040.0, 0.5269236
9050.0, 0.52688515
9060.0, 0.52684677
9070.0, 0.52680844
9080.0, 0.52677023
9090.0, 0.5267321
9100.0, 0.526694
9110.0, 0.526656
9120.0, 0.52661806
9130.0, 0.52658015
9140.0, 0.52654237
9150.0, 0.52650464
9160.0, 0.52646697
9170.0, 0.5264294
9180.0, 0.52639186
9190.0, 0.52635443
9200.0, 0.52631706
9210.0, 0.52627975
9220.0, 0.5262425
9230.0, 0.5262053
9240.0, 0.5261682
9250.0, 0.52613115
9260.0, 0.5260942
9270.0, 0.5260573
9280.0, 0.52602047
9290.0, 0.5259837
9300.0, 0.52594703
9310.0, 0.52591044
9320.0, 0.52587384
9330.0, 0.52583736
9340.0, 0.52580094
9350.0, 0.5257646
9360.0, 0.52572834
9370.0, 0.5256921
9380.0, 0.525656
9390.0, 0.5256199
9400.0, 0.52558386
9410.0, 0.5255479
9420.0, 0.52551204
9430.0, 0.5254763
9440.0, 0.5254405
9450.0, 0.5254048
9460.0, 0.5253692
9470.0, 0.52533364
9480.0, 0.5252982
9490.0, 0.5252628
9500.0, 0.5252274
9510.0, 0.52519214
9520.0, 0.525157
9530.0, 0.5251218
9540.0, 0.5250867
9550.0, 0.5250517
9560.0, 0.5250168
9570.0, 0.52498186
9580.0, 0.52494705
9590.0, 0.5249123
9600.0, 0.5248776
9610.0, 0.524843
9620.0, 0.5248084
9630.0, 0.52477396
9640.0, 0.5247395
9650.0, 0.5247051
9660.0, 0.52467084
9670.0, 0.52463657
9680.0, 0.5246024
9690.0, 0.5245683
9700.0, 0.5245342
9710.0, 0.5245003
9720.0, 0.5244664
9730.0, 0.52443254
9740.0, 0.5243987
9750.0, 0.524365
9760.0, 0.52433133
9770.0, 0.5242977
9780.0, 0.52426416
9790.0, 0.5242307
9800.0, 0.5241973
9810.0, 0.52416396
9820.0, 0.52413064
9830.0, 0.52409744
9840.0, 0.52406424
9850.0, 0.52403116
9860.0, 0.52399814
9870.0, 0.5239652
9880.0, 0.5239322
9890.0, 0.5238994
9900.0, 0.5238666
9910.0, 0.5238339
9920.0, 0.5238012
9930.0, 0.5237686
9940.0, 0.52373606
9950.0, 0.5237036
9960.0, 0.52367115
9970.0, 0.5236388
9980.0, 0.5236065
9990.0, 0.52357423
10000.0, 0.52354205
10010.0, 0.5235099
10020.0, 0.5234779
10030.0, 0.5234459
10040.0, 0.52341396
10050.0, 0.52338207
10060.0, 0.52335024
10070.0, 0.52331847
10080.0, 0.52328676
10090.0, 0.52325517
10100.0, 0.5232236
10110.0, 0.52319205
10120.0, 0.5231606
10130.0, 0.52312917
10140.0, 0.5230979
10150.0, 0.5230666
10160.0, 0.52303535
10170.0, 0.5230042
10180.0, 0.52297306
10190.0, 0.522942
10200.0, 0.522911
10210.0, 0.5228801
10220.0, 0.5228492
10230.0, 0.52281845
10240.0, 0.52278763
10250.0, 0.52275693
10260.0, 0.5227263
10270.0, 0.5226957
10280.0, 0.5226652
10290.0, 0.52263474
10300.0, 0.52260435
10310.0, 0.52257395
10320.0, 0.52254367
10330.0, 0.52251345
10340.0, 0.5224832
10350.0, 0.5224531
10360.0, 0.5224231
10370.0, 0.52239305
10380.0, 0.52236307
10390.0, 0.5223332
10400.0, 0.52230334
10410.0, 0.5222736
10420.0, 0.52224386
10430.0, 0.5222142
10440.0, 0.52218455
10450.0, 0.522155
10460.0, 0.5221255
10470.0, 0.52209604
10480.0, 0.52206665
10490.0, 0.5220373
10500.0, 0.522008
10510.0, 0.5219788
10520.0, 0.52194965
10530.0, 0.5219205
10540.0, 0.5218915
10550.0, 0.52186245
10560.0, 0.5218335
10570.0, 0.5218046
10580.0, 0.5217758
10590.0, 0.52174693
10600.0, 0.5217182
10610.0, 0.52168953
10620.0, 0.5216609
10630.0, 0.5216324
10640.0, 0.5216038
10650.0, 0.5215754
10660.0, 0.52154696
10670.0, 0.52151865
10680.0, 0.5214903
10690.0, 0.5214621
10700.0, 0.5214339
10710.0, 0.5214057
10720.0, 0.5213776
10730.0, 0.5213496
10740.0, 0.52132165
10750.0, 0.5212937
10760.0, 0.5212658
10770.0, 0.521238
10780.0, 0.52121025
10790.0, 0.52118254
10800.0, 0.5211548
10810.0, 0.5211272
10820.0, 0.5210997
10830.0, 0.52107215
10840.0, 0.52104473
10850.0, 0.5210173
10860.0, 0.52098995
10870.0, 0.52096266
10880.0, 0.5209354
10890.0, 0.52090824
10900.0, 0.52088106
10910.0, 0.520854
10920.0, 0.52082694
10930.0, 0.52079993
10940.0, 0.520773
10950.0, 0.5207461
10960.0, 0.5207193
10970.0, 0.5206925
10980.0, 0.52066576
10990.0, 0.5206391
11000.0, 0.5206125
11010.0, 0.5205859
11020.0, 0.5205594
11030.0, 0.52053285
11040.0, 0.52050644
11050.0, 0.52048004
11060.0, 0.5204537
11070.0, 0.5204274
11080.0, 0.5204012
11090.0, 0.520375
11100.0, 0.5203489
11110.0, 0.5203228
11120.0, 0.52029675
11130.0, 0.5202708
11140.0, 0.52024484
11150.0, 0.52021897
11160.0, 0.52019316
11170.0, 0.52016735
11180.0, 0.5201416
11190.0, 0.520116
11200.0, 0.52009034
11210.0, 0.5200647
11220.0, 0.5200392
11230.0, 0.5200137
11240.0, 0.51998824
11250.0, 0.51996285
11260.0, 0.5199375
11270.0, 0.5199122
11280.0, 0.519887
11290.0, 0.51986176
11300.0, 0.5198366
11310.0, 0.5198115
11320.0, 0.5197864
11330.0, 0.51976144
11340.0, 0.51973647
11350.0, 0.51971155
11360.0, 0.5196867
11370.0, 0.51966184
11380.0, 0.51963705
11390.0, 0.5196124
11400.0, 0.5195877
11410.0, 0.519563
11420.0, 0.51953846
11430.0, 0.5195139
11440.0, 0.5194894
11450.0, 0.51946497
11460.0, 0.5194406
11470.0, 0.5194162
11480.0, 0.51939195
11490.0, 0.5193677
11500.0, 0.51934344
11510.0, 0.5193193
11520.0, 0.51929516
11530.0, 0.5192711
11540.0, 0.51924706
11550.0, 0.5192231
11560.0, 0.5191992
11570.0, 0.5191753
11580.0, 0.51915145
11590.0, 0.5191276
11600.0, 0.5191039
11610.0, 0.51908016
11620.0, 0.5190565
11630.0, 0.5190329
11640.0, 0.5190093
11650.0, 0.51898575
11660.0, 0.5189623
11670.0, 0.51893884
11680.0, 0.5189155
11690.0, 0.5188921
11700.0, 0.5188688
11710.0, 0.51884556
11720.0, 0.5188224
11730.0, 0.5187992
11740.0, 0.51877606
11750.0, 0.518753
11760.0, 0.5187299
11770.0, 0.5187069
11780.0, 0.51868397
11790.0, 0.5186611
11800.0, 0.5186382
11810.0, 0.5186154
11820.0, 0.5185926
11830.0, 0.5185699
11840.0, 0.51854724
11850.0, 0.5185246
11860.0, 0.518502
11870.0, 0.5184794
11880.0, 0.5184569
11890.0, 0.5184344
11900.0, 0.518412
11910.0, 0.5183896
11920.0, 0.5183673
11930.0, 0.518345
11940.0, 0.5183227
11950.0, 0.5183005
11960.0, 0.5182783
11970.0, 0.5182562
11980.0, 0.51823413
11990.0, 0.5182121
12000.0, 0.5181901
12010.0, 0.5181681
12020.0, 0.5181462
12030.0, 0.51812434
12040.0, 0.51810247
12050.0, 0.5180807
12060.0, 0.51805896
12070.0, 0.51803726
12080.0, 0.51801556
12090.0, 0.5179939
12100.0, 0.51797235
12110.0, 0.51795083
12120.0, 0.5179293
12130.0, 0.51790786
12140.0, 0.51788646
12150.0, 0.51786506
12160.0, 0.5178437
12170.0, 0.51782244
12180.0, 0.51780117
12190.0, 0.51777995
12200.0, 0.5177588
12210.0, 0.5177376
12220.0, 0.5177166
12230.0, 0.5176955
12240.0, 0.5176745
12250.0, 0.5176535
12260.0, 0.5176326
12270.0, 0.5176117
12280.0, 0.5175909
12290.0, 0.5175701
12300.0, 0.5175493
12310.0, 0.51752853
12320.0, 0.51750785
12330.0, 0.5174872
12340.0, 0.5174666
12350.0, 0.51744604
12360.0, 0.5174255
12370.0, 0.517405
12380.0, 0.5173845
12390.0, 0.51736414
12400.0, 0.51734376
12410.0, 0.51732343
12420.0, 0.5173031
12430.0, 0.51728284
12440.0, 0.51726264
12450.0, 0.5172425
12460.0, 0.51722234
12470.0, 0.51720226
12480.0, 0.5171822
12490.0, 0.51716214
12500.0, 0.5171422
12510.0, 0.5171222
12520.0, 0.5171023
12530.0, 0.51708245
12540.0, 0.5170626
12550.0, 0.5170428
12560.0, 0.517023
12570.0, 0.5170033
12580.0, 0.5169836
12590.0, 0.516964
12600.0, 0.5169444
12610.0, 0.51692486
12620.0, 0.5169053
12630.0, 0.5168858
12640.0, 0.5168663
12650.0, 0.51684695
12660.0, 0.5168276
12670.0, 0.5168082
12680.0, 0.5167889
12690.0, 0.51676965
12700.0, 0.5167504
12710.0, 0.51673126
12720.0, 0.51671207
12730.0, 0.51669294
12740.0, 0.51667386
12750.0, 0.51665485
12760.0, 0.51663584
12770.0, 0.5166168
12780.0, 0.5165979
12790.0, 0.51657903
12800.0, 0.51656014
12810.0, 0.5165413
12820.0, 0.5165225
12830.0, 0.5165038
12840.0, 0.51648504
12850.0, 0.5164664
12860.0, 0.5164477
12870.0, 0.5164291
12880.0, 0.5164105
12890.0, 0.516392
12900.0, 0.5163735
12910.0, 0.51635504
12920.0, 0.5163366
12930.0, 0.5163182
12940.0, 0.51629984
12950.0, 0.51628155
12960.0, 0.51626325
12970.0, 0.516245
12980.0, 0.51622677
12990.0, 0.5162086
13000.0, 0.5161904
13010.0, 0.51617235
13020.0, 0.5161542
13030.0, 0.51613617
13040.0, 0.5161182
13050.0, 0.5161002
13060.0, 0.5160823
13070.0, 0.5160644
13080.0, 0.5160465
13090.0, 0.51602864
13100.0, 0.5160109
13110.0, 0.5159931
13120.0, 0.51597536
13130.0, 0.51595765
13140.0, 0.51594
13150.0, 0.51592237
13160.0, 0.5159048
13170.0, 0.5158872
13180.0, 0.5158697
13190.0, 0.5158522
13200.0, 0.51583475
13210.0, 0.51581734
13220.0, 0.51579994
13230.0, 0.5157826
13240.0, 0.51576525
13250.0, 0.51574796
13260.0, 0.5157307
13270.0, 0.51571345
13280.0, 0.5156963
13290.0, 0.5156791
13300.0, 0.515662
13310.0, 0.5156449
13320.0, 0.51562786
13330.0, 0.5156108
13340.0, 0.5155938
13350.0, 0.51557684
13360.0, 0.5155599
13370.0, 0.51554304
13380.0, 0.5155262
13390.0, 0.51550937
13400.0, 0.51549256
13410.0, 0.5154758
13420.0, 0.51545906
13430.0, 0.5154424
13440.0, 0.5154257
13450.0, 0.51540905
13460.0, 0.5153925
13470.0, 0.51537585
13480.0, 0.51535934
13490.0, 0.51534283
13500.0, 0.5153264
13510.0, 0.51530993
13520.0, 0.51529354
13530.0, 0.51527715
13540.0, 0.51526076
13550.0, 0.5152445
13560.0, 0.5152282
13570.0, 0.51521194
13580.0, 0.5151957
13590.0, 0.5151795
13600.0, 0.51516336
13610.0, 0.5151472
13620.0, 0.5151312
13630.0, 0.5151151
13640.0, 0.51509905
13650.0, 0.5150831
13660.0, 0.5150671
13670.0, 0.5150511
13680.0, 0.5150352
13690.0, 0.51501936
13700.0, 0.5150035
13710.0, 0.5149877
13720.0, 0.5149719
13730.0, 0.5149562
13740.0, 0.51494044
13750.0, 0.5149247
13760.0, 0.5149091
13770.0, 0.5148934
13780.0, 0.51487786
13790.0, 0.51486224
13800.0, 0.5148467
13810.0, 0.5148312
13820.0, 0.51481575
13830.0, 0.51480025
13840.0, 0.5147848
13850.0, 0.51476943
13860.0, 0.51475406
13870.0, 0.51473874
13880.0, 0.5147235
13890.0, 0.51470816
13900.0, 0.51469296
13910.0, 0.5146777
13920.0, 0.51466256
13930.0, 0.51464736
13940.0, 0.5146323
13950.0, 0.51461715
13960.0, 0.51460207
13970.0, 0.51458704
13980.0, 0.514572
13990.0, 0.51455706
14000.0, 0.5145421
14010.0, 0.5145272
14020.0, 0.5145123
14030.0, 0.51449746
14040.0, 0.5144826
14050.0, 0.5144678
14060.0, 0.514453
14070.0, 0.5144383
14080.0, 0.51442355
14090.0, 0.5144089
14100.0, 0.5143942
14110.0, 0.51437956
14120.0, 0.51436496
14130.0, 0.51435035
14140.0, 0.5143358
14150.0, 0.5143213
14160.0, 0.51430684
14170.0, 0.51429236
14180.0, 0.51427794
14190.0, 0.5142635
14200.0, 0.51424915
14210.0, 0.5142348
14220.0, 0.5142205
14230.0, 0.5142062
14240.0, 0.51419187
14250.0, 0.5141776
14260.0, 0.51416343
14270.0, 0.51414925
14280.0, 0.5141351
14290.0, 0.51412094
14300.0, 0.51410687
14310.0, 0.5140928
14320.0, 0.51407874
14330.0, 0.5140647
14340.0, 0.5140507
14350.0, 0.5140368
14360.0, 0.5140228
14370.0, 0.51400894
14380.0, 0.513995
14390.0, 0.51398116
14400.0, 0.51396734
14410.0, 0.51395357
14420.0, 0.51393974
14430.0, 0.513926
14440.0, 0.51391226
14450.0, 0.5138986
14460.0, 0.5138849
14470.0, 0.51387125
14480.0, 0.51385766
14490.0, 0.5138441
14500.0, 0.5138305
14510.0, 0.51381695
14520.0, 0.5138035
14530.0, 0.51378995
14540.0, 0.51377654
14550.0, 0.51376307
14560.0, 0.51374966
14570.0, 0.5137363
14580.0, 0.51372296
14590.0, 0.5137096
14600.0, 0.5136963
14610.0, 0.513683
14620.0, 0.5136698
14630.0, 0.51365656
14640.0, 0.5136434
14650.0, 0.5136302
14660.0, 0.51361704
14670.0, 0.5136039
14680.0, 0.5135908
14690.0, 0.51357776
14700.0, 0.5135647
14710.0, 0.5135517
14720.0, 0.5135387
14730.0, 0.5135257
14740.0, 0.5135128
14750.0, 0.51349986
14760.0, 0.513487
14770.0, 0.5134741
14780.0, 0.51346123
14790.0, 0.5134485
14800.0, 0.51343566
14810.0, 0.5134229
14820.0, 0.51341015
14830.0, 0.5133974
14840.0, 0.51338476
14850.0, 0.51337206
14860.0, 0.5133594
14870.0, 0.5133468
14880.0, 0.5133342
14890.0, 0.51332164
14900.0, 0.5133091
14910.0, 0.51329654
14920.0, 0.5132841
14930.0, 0.5132716
14940.0, 0.5132592
14950.0, 0.5132467
14960.0, 0.5132343
14970.0, 0.513222
14980.0, 0.5132096
14990.0, 0.5131973
15000.0, 0.51318496
15010.0, 0.5131727
15020.0, 0.51316047
15030.0, 0.5131482
15040.0, 0.513136
15050.0, 0.5131238
15060.0, 0.51311165
15070.0, 0.51309955
15080.0, 0.51308745
15090.0, 0.51307535
15100.0, 0.51306325
15110.0, 0.5130512
15120.0, 0.51303923
15130.0, 0.5130272
15140.0, 0.5130152
15150.0, 0.5130033
15160.0, 0.51299137
15170.0, 0.51297945
15180.0, 0.5129676
15190.0, 0.5129557
15200.0, 0.5129439
15210.0, 0.5129321
15220.0, 0.5129203
15230.0, 0.5129086
15240.0, 0.51289684
15250.0, 0.5128851
15260.0, 0.5128734
15270.0, 0.5128617
15280.0, 0.5128501
15290.0, 0.5128385
15300.0, 0.51282686
15310.0, 0.5128153
15320.0, 0.51280373
15330.0, 0.51279217
15340.0, 0.51278067
15350.0, 0.5127692
15360.0, 0.5127577
15370.0, 0.5127463
15380.0, 0.51273483
15390.0, 0.51272345
15400.0, 0.51271206
15410.0, 0.51270074
15420.0, 0.5126894
15430.0, 0.5126781
15440.0, 0.5126668
15450.0, 0.51265556
15460.0, 0.5126443
15470.0, 0.5126331
15480.0, 0.5126219
15490.0, 0.5126107
15500.0, 0.5125995
15510.0, 0.5125884
15520.0, 0.5125773
15530.0, 0.5125662
15540.0, 0.5125551
15550.0, 0.5125441
15560.0, 0.51253307
15570.0, 0.51252204
15580.0, 0.5125111
15590.0, 0.5125001
15600.0, 0.51248914
15610.0, 0.51247823
15620.0, 0.5124673
15630.0, 0.5124565
15640.0, 0.5124456
15650.0, 0.5124348
15660.0, 0.512424
15670.0, 0.5124132
15680.0, 0.5124024
15690.0, 0.5123917
15700.0, 0.51238096
15710.0, 0.5123702
15720.0, 0.51235956
15730.0, 0.5123489
15740.0, 0.5123382
15750.0, 0.5123276
15760.0, 0.512317
15770.0, 0.5123064
15780.0, 0.51229584
15790.0, 0.51228535
15800.0, 0.5122748
15810.0, 0.5122643
15820.0, 0.5122538
15830.0, 0.5122434
15840.0, 0.5122329
15850.0, 0.5122225
15860.0, 0.5122121
15870.0, 0.5122017
15880.0, 0.5121914
15890.0, 0.51218104
15900.0, 0.51217073
15910.0, 0.5121604
15920.0, 0.51215017
15930.0, 0.5121399
15940.0, 0.51212966
15950.0, 0.5121195
15960.0, 0.5121093
15970.0, 0.5120991
15980.0, 0.51208895
15990.0, 0.5120788
16000.0, 0.5120687
16010.0, 0.5120586
16020.0, 0.51204854
16030.0, 0.51203847
16040.0, 0.5120284
16050.0, 0.5120184
16060.0, 0.5120084
16070.0, 0.5119984
16080.0, 0.51198846
16090.0, 0.5119785
16100.0, 0.5119686
16110.0, 0.5119587
16120.0, 0.5119488
16130.0, 0.511939
16140.0, 0.51192915
16150.0, 0.5119193
16160.0, 0.51190954
16170.0, 0.51189977
16180.0, 0.51188993
16190.0, 0.5118802
16200.0, 0.5118705
16210.0, 0.5118608
16220.0, 0.51185113
16230.0, 0.5118414
16240.0, 0.5118318
16250.0, 0.51182216
16260.0, 0.51181257
16270.0, 0.511803
16280.0, 0.5117934
16290.0, 0.51178384
16300.0, 0.5117743
16310.0, 0.51176476
16320.0, 0.5117553
16330.0, 0.5117458
16340.0, 0.51173633
16350.0, 0.51172686
16360.0, 0.51171744
16370.0, 0.5117081
16380.0, 0.51169866
16390.0, 0.5116893
16400.0, 0.51167995
16410.0, 0.5116706
16420.0, 0.5116613
16430.0, 0.511652
16440.0, 0.5116427
16450.0, 0.51163346
16460.0, 0.5116242
16470.0, 0.511615
16480.0, 0.5116058
16490.0, 0.5115966
16500.0, 0.51158744
16510.0, 0.5115783
16520.0, 0.51156914
16530.0, 0.51156
16540.0, 0.51155096
16550.0, 0.51154184
16560.0, 0.5115328
16570.0, 0.5115238
16580.0, 0.5115147
16590.0, 0.5115057
16600.0, 0.5114967
16610.0, 0.5114878
16620.0, 0.51147884
16630.0, 0.5114699
16640.0, 0.51146096
16650.0, 0.5114521
16660.0, 0.51144314
16670.0, 0.5114343
16680.0, 0.51142544
16690.0, 0.5114166
16700.0, 0.5114078
16710.0, 0.51139903
16720.0, 0.5113902
16730.0, 0.51138145
16740.0, 0.5113727
16750.0, 0.511364
16760.0, 0.5113553
16770.0, 0.5113466
16780.0, 0.5113379
16790.0, 0.51132923
16800.0, 0.5113206
16810.0, 0.51131195
16820.0, 0.51130337
16830.0, 0.5112948
16840.0, 0.5112862
16850.0, 0.5112776
16860.0, 0.5112691
16870.0, 0.51126057
16880.0, 0.51125205
16890.0, 0.5112436
16900.0, 0.51123506
16910.0, 0.51122665
16920.0, 0.5112182
16930.0, 0.5112097
16940.0, 0.5112014
16950.0, 0.511193
16960.0, 0.5111846
16970.0, 0.5111762
16980.0, 0.5111679
16990.0, 0.51115954
17000.0, 0.51115125
17010.0, 0.51114297
17020.0, 0.5111347
17030.0, 0.5111264
17040.0, 0.5111182
17050.0, 0.51110995
17060.0, 0.5111017
17070.0, 0.51109356
17080.0, 0.51108533
17090.0, 0.5110772
17100.0, 0.51106906
17110.0, 0.5110609
17120.0, 0.5110528
17130.0, 0.5110447
17140.0, 0.51103663
17150.0, 0.5110285
17160.0, 0.5110205
17170.0, 0.51101243
17180.0, 0.51100445
17190.0, 0.5109964
17200.0, 0.5109884
17210.0, 0.5109805
17220.0, 0.5109725
17230.0, 0.5109646
17240.0, 0.51095665
17250.0, 0.5109487
17260.0, 0.51094085
17270.0, 0.5109329
17280.0, 0.5109251
17290.0, 0.51091725
17300.0, 0.5109094
17310.0, 0.5109016
17320.0, 0.51089376
17330.0, 0.510886
17340.0, 0.5108782
17350.0, 0.51087046
17360.0, 0.5108627
17370.0, 0.510855
17380.0, 0.5108473
17390.0, 0.5108396
17400.0, 0.51083195
17410.0, 0.51082426
17420.0, 0.5108166
17430.0, 0.51080894
17440.0, 0.5108013
17450.0, 0.51079375
17460.0, 0.5107862
17470.0, 0.51077855
17480.0, 0.51077104
17490.0, 0.51076347
17500.0, 0.51075596
17510.0, 0.51074845
17520.0, 0.51074094
17530.0, 0.5107334
17540.0, 0.510726
17550.0, 0.5107185
17560.0, 0.5107111
17570.0, 0.5107036
17580.0, 0.51069623
17590.0, 0.51068884
17600.0, 0.51068145
17610.0, 0.51067406
17620.0, 0.5106667
17630.0, 0.5106594
17640.0, 0.51065207
17650.0, 0.51064473
17660.0, 0.51063746
17670.0, 0.51063013
17680.0, 0.5106229
17690.0, 0.51061565
17700.0, 0.51060843
17710.0, 0.51060116
17720.0, 0.51059395
17730.0, 0.5105868
17740.0, 0.5105796
17750.0, 0.51057243
17760.0, 0.5105653
17770.0, 0.5105581
17780.0, 0.510551
17790.0, 0.5105439
17800.0, 0.5105368
17810.0, 0.5105297
17820.0, 0.51052266
17830.0, 0.5105156
17840.0, 0.51050854
17850.0, 0.5105015
17860.0, 0.51049453
17870.0, 0.5104875
17880.0, 0.5104805
17890.0, 0.51047355
17900.0, 0.5104666
17910.0, 0.5104596
17920.0, 0.5104527
17930.0, 0.5104458
17940.0, 0.5104389
17950.0, 0.510432
17960.0, 0.5104251
17970.0, 0.51041824
17980.0, 0.5104114
17990.0, 0.5104046
18000.0, 0.51039773
18010.0, 0.51039094
18020.0, 0.51038414
18030.0, 0.51037735
18040.0, 0.5103706
18050.0, 0.5103638
18060.0, 0.5103571
18070.0, 0.51035035
18080.0, 0.5103436
18090.0, 0.51033694
18100.0, 0.51033026
18110.0, 0.5103236
18120.0, 0.5103169
18130.0, 0.51031023
18140.0, 0.5103036
18150.0, 0.510297
18160.0, 0.5102904
18170.0, 0.51028377
18180.0, 0.5102772
18190.0, 0.51027066
18200.0, 0.5102641
18210.0, 0.51025754
18220.0, 0.510251
18230.0, 0.5102445
18240.0, 0.510238
18250.0, 0.5102315
18260.0, 0.510225
18270.0, 0.5102185
18280.0, 0.51021206
18290.0, 0.5102056
18300.0, 0.5101992
18310.0, 0.5101928
18320.0, 0.5101864
18330.0, 0.51018
18340.0, 0.5101736
18350.0, 0.51016724
18360.0, 0.51016086
18370.0, 0.51015455
18380.0, 0.5101482
18390.0, 0.5101419
18400.0, 0.5101356
18410.0, 0.5101293
18420.0, 0.510123
18430.0, 0.51011676
18440.0, 0.5101105
18450.0, 0.51010424
18460.0, 0.51009804
18470.0, 0.5100918
18480.0, 0.5100856
18490.0, 0.5100794
18500.0, 0.5100732
18510.0, 0.51006705
18520.0, 0.5100609
18530.0, 0.51005477
18540.0, 0.5100486
18550.0, 0.5100425
18560.0, 0.5100364
18570.0, 0.51003027
18580.0, 0.5100242
18590.0, 0.5100181
18600.0, 0.5100121
18610.0, 0.510006
18620.0, 0.51
18630.0, 0.509994
18640.0, 0.50998795
18650.0, 0.50998193
18660.0, 0.50997597
18670.0, 0.50997
18680.0, 0.50996405
18690.0, 0.5099581
18700.0, 0.5099521
18710.0, 0.50994617
18720.0, 0.50994027
18730.0, 0.50993437
18740.0, 0.50992846
18750.0, 0.5099226
18760.0, 0.5099167
18770.0, 0.5099108
18780.0, 0.509905
18790.0, 0.5098992
18800.0, 0.50989336
18810.0, 0.5098875
18820.0, 0.50988173
18830.0, 0.50987595
18840.0, 0.5098702
18850.0, 0.5098644
18860.0, 0.5098586
18870.0, 0.5098529
18880.0, 0.50984716
18890.0, 0.50984144
18900.0, 0.5098357
18910.0, 0.50983
18920.0, 0.50982434
18930.0, 0.5098187
18940.0, 0.509813
18950.0, 0.50980735
18960.0, 0.5098017
18970.0, 0.5097961
18980.0, 0.5097904
18990.0, 0.5097848
19000.0, 0.5097792
19010.0, 0.5097736
19020.0, 0.50976807
19030.0, 0.50976247
19040.0, 0.5097569
19050.0, 0.5097514
19060.0, 0.5097459
19070.0, 0.50974035
19080.0, 0.5097348
19090.0, 0.5097293
19100.0, 0.50972384
19110.0, 0.50971836
19120.0, 0.5097129
19130.0, 0.50970745
19140.0, 0.50970197
19150.0, 0.50969654
19160.0, 0.5096911
19170.0, 0.5096857
19180.0, 0.50968033
19190.0, 0.5096749
19200.0, 0.50966954
19210.0, 0.5096642
19220.0, 0.5096588
19230.0, 0.50965345
19240.0, 0.5096481
19250.0, 0.5096428
19260.0, 0.5096375
19270.0, 0.5096322
19280.0, 0.50962687
19290.0, 0.50962156
19300.0, 0.5096163
19310.0, 0.509611
19320.0, 0.50960577
19330.0, 0.5096005
19340.0, 0.5095953
19350.0, 0.5095901
19360.0, 0.50958484
19370.0, 0.50957966
19380.0, 0.5095745
19390.0, 0.5095693
19400.0, 0.5095641
19410.0, 0.509559
19420.0, 0.5095538
19430.0, 0.50954866
19440.0, 0.50954354
19450.0, 0.5095384
19460.0, 0.5095333
19470.0, 0.50952816
19480.0, 0.5095231
19490.0, 0.509518
19500.0, 0.50951296
19510.0, 0.5095079
19520.0, 0.5095028
19530.0, 0.50949776
19540.0, 0.50949275
19550.0, 0.50948775
19560.0, 0.50948274
19570.0, 0.50947773
19580.0, 0.5094727
19590.0, 0.5094677
19600.0, 0.5094628
19610.0, 0.5094578
19620.0, 0.5094529
19630.0, 0.50944793
19640.0, 0.509443
19650.0, 0.50943804
19660.0, 0.50943315
19670.0, 0.50942826
19680.0, 0.5094233
19690.0, 0.5094185
19700.0, 0.5094136
19710.0, 0.5094087
19720.0, 0.5094039
19730.0, 0.50939906
19740.0, 0.50939417
19750.0, 0.50938934
19760.0, 0.5093846
19770.0, 0.50937974
19780.0, 0.5093749
19790.0, 0.50937015
19800.0, 0.5093654
19810.0, 0.5093606
19820.0, 0.50935584
19830.0, 0.5093511
19840.0, 0.50934637
19850.0, 0.5093416
19860.0, 0.5093369
19870.0, 0.5093322
19880.0, 0.5093275
19890.0, 0.50932276
19900.0, 0.5093181
19910.0, 0.5093134
19920.0, 0.50930876
19930.0, 0.5093041
19940.0, 0.50929946
19950.0, 0.5092948
19960.0, 0.50929016
19970.0, 0.50928557
19980.0, 0.5092809
19990.0, 0.50927633
20000.0, 0.50927174
20010.0, 0.50926715
20020.0, 0.5092626
20030.0, 0.50925803
20040.0, 0.50925344
20050.0, 0.5092489
20060.0, 0.5092444
20070.0, 0.50923985
20080.0, 0.5092353
20090.0, 0.50923085
20100.0, 0.5092263
20110.0, 0.50922185
20120.0, 0.5092173
20130.0, 0.50921285
20140.0, 0.5092084
20150.0, 0.509204
20160.0, 0.5091995
20170.0, 0.509195
20180.0, 0.5091906
20190.0, 0.5091862
20200.0, 0.5091818
20210.0, 0.5091774
20220.0, 0.509173
20230.0, 0.5091686
20240.0, 0.5091642
20250.0, 0.50915986
20260.0, 0.5091555
20270.0, 0.5091511
20280.0, 0.5091468
20290.0, 0.50914246
20300.0, 0.5091381
20310.0, 0.5091338
20320.0, 0.50912946
20330.0, 0.5091252
20340.0, 0.5091209
20350.0, 0.5091166
20360.0, 0.50911236
20370.0, 0.50910807
20380.0, 0.5091038
20390.0, 0.50909954
20400.0, 0.5090953
20410.0, 0.5090911
20420.0, 0.50908685
20430.0, 0.5090826
20440.0, 0.50907844
20450.0, 0.5090742
20460.0, 0.50907004
20470.0, 0.50906587
20480.0, 0.5090617
20490.0, 0.5090575
20500.0, 0.50905335
20510.0, 0.5090492
20520.0, 0.50904506
20530.0, 0.5090409
20540.0, 0.5090368
20550.0, 0.50903267
20560.0, 0.50902855
20570.0, 0.50902444
20580.0, 0.5090204
20590.0, 0.5090163
20600.0, 0.5090122
20610.0, 0.5090081
20620.0, 0.50900406
20630.0, 0.509
20640.0, 0.50899595
20650.0, 0.50899196
20660.0, 0.5089879
20670.0, 0.50898385
20680.0, 0.50897986
20690.0, 0.50897586
20700.0, 0.50897187
20710.0, 0.5089679
20720.0, 0.5089639
20730.0, 0.5089599
20740.0, 0.50895596
20750.0, 0.508952
20760.0, 0.508948
20770.0, 0.5089441
20780.0, 0.50894016
20790.0, 0.5089362
20800.0, 0.5089323
20810.0, 0.5089284
20820.0, 0.5089245
20830.0, 0.5089206
20840.0, 0.50891674
20850.0, 0.50891286
20860.0, 0.508909
20870.0, 0.5089051
20880.0, 0.50890124
20890.0, 0.5088974
20900.0, 0.50889355
20910.0, 0.50888973
20920.0, 0.50888586
20930.0, 0.50888205
20940.0, 0.50887823
20950.0, 0.5088745
20960.0, 0.50887066
20970.0, 0.50886685
20980.0, 0.5088631
20990.0, 0.50885934
21000.0, 0.5088555
21010.0, 0.50885177
21020.0, 0.508848
21030.0, 0.5088443
21040.0, 0.50884056
21050.0, 0.5088368
21060.0, 0.5088331
21070.0, 0.5088294
21080.0, 0.50882566
21090.0, 0.50882196
21100.0, 0.5088183
21110.0, 0.5088146
21120.0, 0.50881094
21130.0, 0.50880724
21140.0, 0.5088036
21150.0, 0.50879997
21160.0, 0.5087963
21170.0, 0.50879264
21180.0, 0.508789
21190.0, 0.50878537
21200.0, 0.5087818
21210.0, 0.50877815
21220.0, 0.5087745
21230.0, 0.50877094
21240.0, 0.50876737
21250.0, 0.5087638
21260.0, 0.5087602
21270.0, 0.50875664
21280.0, 0.50875306
21290.0, 0.5087495
21300.0, 0.50874597
21310.0, 0.5087424
21320.0, 0.5087389
21330.0, 0.50873536
21340.0, 0.50873184
21350.0, 0.5087283
21360.0, 0.5087248
21370.0, 0.5087213
21380.0, 0.50871783
21390.0, 0.5087143
21400.0, 0.50871086
21410.0, 0.5087074
21420.0, 0.50870395
21430.0, 0.5087005
21440.0, 0.50869703
21450.0, 0.5086936
21460.0, 0.5086901
21470.0, 0.5086867
21480.0, 0.50868326
21490.0, 0.50867987
21500.0, 0.50867647
21510.0, 0.5086731
21520.0, 0.5086697
21530.0, 0.5086663
21540.0, 0.5086629
21550.0, 0.5086595
21560.0, 0.50865614
21570.0, 0.50865275
21580.0, 0.5086494
21590.0, 0.5086461
21600.0, 0.50864273
21610.0, 0.5086394
21620.0, 0.50863606
21630.0, 0.5086327
21640.0, 0.5086294
21650.0, 0.5086261
21660.0, 0.5086228
21670.0, 0.5086195
21680.0, 0.5086162
21690.0, 0.50861293
21700.0, 0.50860965
21710.0, 0.5086064
21720.0, 0.5086031
21730.0, 0.5085999
21740.0, 0.5085966
21750.0, 0.5085934
21760.0, 0.5085901
21770.0, 0.5085869
21780.0, 0.50858366
21790.0, 0.50858045
21800.0, 0.5085772
21810.0, 0.508574
21820.0, 0.50857085
21830.0, 0.50856763
21840.0, 0.5085645
21850.0, 0.50856125
21860.0, 0.5085581
21870.0, 0.50855494
21880.0, 0.5085518
21890.0, 0.5085486
21900.0, 0.50854546
21910.0, 0.5085423
21920.0, 0.50853914
21930.0, 0.50853604
21940.0, 0.50853294
21950.0, 0.5085298
21960.0, 0.5085267
21970.0, 0.5085236
21980.0, 0.5085205
21990.0, 0.5085174
22000.0, 0.5085143
22010.0, 0.50851125
22020.0, 0.50850815
22030.0, 0.5085051
22040.0, 0.508502
22050.0, 0.50849897
22060.0, 0.5084959
22070.0, 0.5084928
22080.0, 0.50848985
22090.0, 0.5084868
22100.0, 0.50848377
22110.0, 0.5084807
22120.0, 0.50847775
22130.0, 0.5084747
22140.0, 0.5084717
22150.0, 0.5084687
22160.0, 0.5084657
22170.0, 0.5084627
22180.0, 0.50845975
22190.0, 0.50845677
22200.0, 0.50845385
22210.0, 0.50845087
22220.0, 0.5084479
22230.0, 0.50844496
22240.0, 0.508442
22250.0, 0.50843906
22260.0, 0.50843614
22270.0, 0.5084332
22280.0, 0.5084303
22290.0, 0.5084274
22300.0, 0.50842446
22310.0, 0.50842154
22320.0, 0.5084187
22330.0, 0.50841576
22340.0, 0.5084129
22350.0, 0.50841
22360.0, 0.5084071
22370.0, 0.50840425
22380.0, 0.5084014
22390.0, 0.50839853
22400.0, 0.5083957
22410.0, 0.5083929
22420.0, 0.50839
22430.0, 0.50838715
22440.0, 0.50838435
22450.0, 0.50838155
22460.0, 0.5083787
22470.0, 0.5083759
22480.0, 0.5083731
22490.0, 0.5083703
22500.0, 0.5083675
22510.0, 0.5083647
22520.0, 0.50836194
22530.0, 0.50835913
22540.0, 0.5083564
22550.0, 0.5083536
22560.0, 0.50835085
22570.0, 0.50834805
22580.0, 0.5083453
22590.0, 0.50834256
22600.0, 0.5083398
22610.0, 0.5083371
22620.0, 0.5083344
22630.0, 0.50833166
22640.0, 0.5083289
22650.0, 0.50832623
22660.0, 0.5083235
22670.0, 0.5083208
22680.0, 0.5083181
22690.0, 0.50831544
22700.0, 0.50831276
22710.0, 0.5083101
22720.0, 0.5083074
22730.0, 0.5083047
22740.0, 0.50830203
22750.0, 0.5082994
22760.0, 0.5082967
22770.0, 0.5082941
22780.0, 0.5082914
22790.0, 0.5082888
22800.0, 0.5082862
22810.0, 0.50828356
22820.0, 0.50828093
22830.0, 0.5082783
22840.0, 0.5082757
22850.0, 0.50827307
22860.0, 0.5082705
22870.0, 0.5082679
22880.0, 0.50826526
22890.0, 0.5082627
22900.0, 0.50826013
22910.0, 0.50825757
22920.0, 0.50825495
22930.0, 0.5082524
22940.0, 0.5082498
22950.0, 0.50824726
22960.0, 0.50824475
22970.0, 0.5082422
22980.0, 0.5082396
22990.0, 0.5082371
23000.0, 0.50823456
23010.0, 0.50823206
23020.0, 0.50822955
23030.0, 0.508227
23040.0, 0.5082245
23050.0, 0.508222
23060.0, 0.5082195
23070.0, 0.50821704
23080.0, 0.50821453
23090.0, 0.50821203
23100.0, 0.5082095
23110.0, 0.5082071
23120.0, 0.5082046
23130.0, 0.50820214
23140.0, 0.5081997
23150.0, 0.50819725
23160.0, 0.50819474
23170.0, 0.5081923
23180.0, 0.50818986
23190.0, 0.5081874
23200.0, 0.508185
23210.0, 0.5081826
23220.0, 0.50818014
23230.0, 0.50817776
23240.0, 0.5081753
23250.0, 0.5081729
23260.0, 0.5081705
23270.0, 0.5081681
23280.0, 0.5081657
23290.0, 0.50816333
23300.0, 0.50816095
23310.0, 0.50815856
23320.0, 0.5081562
23330.0, 0.50815386
23340.0, 0.5081515
23350.0, 0.5081491
23360.0, 0.50814676
23370.0, 0.5081444
23380.0, 0.50814205
23390.0, 0.5081397
23400.0, 0.50813735
23410.0, 0.508135
23420.0, 0.5081327
23430.0, 0.5081304
23440.0, 0.50812805
23450.0, 0.5081257
23460.0, 0.50812346
23470.0, 0.50812113
23480.0, 0.50811887
23490.0, 0.50811654
23500.0, 0.5081143
23510.0, 0.50811195
23520.0, 0.5081097
23530.0, 0.5081074
23540.0, 0.50810516
23550.0, 0.5081029
23560.0, 0.5081006
23570.0, 0.50809836
23580.0, 0.5080961
23590.0, 0.50809383
23600.0, 0.50809157
23610.0, 0.50808936
23620.0, 0.50808716
23630.0, 0.5080849
23640.0, 0.5080827
23650.0, 0.5080804
23660.0, 0.5080782
23670.0, 0.508076
23680.0, 0.5080738
23690.0, 0.5080716
23700.0, 0.5080694
23710.0, 0.5080672
23720.0, 0.508065
23730.0, 0.50806284
23740.0, 0.50806063
23750.0, 0.5080584
23760.0, 0.5080563
23770.0, 0.5080541
23780.0, 0.50805193
23790.0, 0.5080498
23800.0, 0.5080476
23810.0, 0.50804543
23820.0, 0.5080433
23830.0, 0.50804114
23840.0, 0.508039
23850.0, 0.50803685
23860.0, 0.50803477
23870.0, 0.5080326
23880.0, 0.5080305
23890.0, 0.5080284
23900.0, 0.50802624
23910.0, 0.50802416
23920.0, 0.50802207
23930.0, 0.5080199
23940.0, 0.50801784
23950.0, 0.50801575
23960.0, 0.50801367
23970.0, 0.5080116
23980.0, 0.5080095
23990.0, 0.5080074
24000.0, 0.5080053
24010.0, 0.5080033
24020.0, 0.5080012
24030.0, 0.5079991
24040.0, 0.5079971
24050.0, 0.507995
24060.0, 0.507993
24070.0, 0.50799096
24080.0, 0.5079889
24090.0, 0.50798684
24100.0, 0.5079848
24110.0, 0.5079828
24120.0, 0.50798076
24130.0, 0.50797874
24140.0, 0.5079768
24150.0, 0.50797474
24160.0, 0.5079727
24170.0, 0.5079707
24180.0, 0.5079687
24190.0, 0.5079667
24200.0, 0.50796473
24210.0, 0.50796276
24220.0, 0.50796074
24230.0, 0.50795877
24240.0, 0.5079568
24250.0, 0.50795484
24260.0, 0.50795287
24270.0, 0.5079509
24280.0, 0.50794894
24290.0, 0.50794697
24300.0, 0.507945
24310.0, 0.50794303
24320.0, 0.5079411
24330.0, 0.50793916
24340.0, 0.50793725
24350.0, 0.5079353
24360.0, 0.5079334
24370.0, 0.5079315
24380.0, 0.5079295
24390.0, 0.5079276
24400.0, 0.5079257
24410.0, 0.5079238
24420.0, 0.5079219
24430.0, 0.50791997
24440.0, 0.50791806
24450.0, 0.50791615
24460.0, 0.5079143
24470.0, 0.5079124
24480.0, 0.5079105
24490.0, 0.50790864
24500.0, 0.50790673
24510.0, 0.5079049
24520.0, 0.507903
24530.0, 0.50790113
24540.0, 0.5078993
24550.0, 0.50789744
24560.0, 0.5078956
24570.0, 0.50789374
24580.0, 0.5078919
24590.0, 0.50789005
24600.0, 0.5078882
24610.0, 0.50788635
24620.0, 0.5078845
24630.0, 0.50788265
24640.0, 0.50788087
24650.0, 0.507879
24660.0, 0.50787723
24670.0, 0.5078754
24680.0, 0.5078736
24690.0, 0.5078718
24700.0, 0.50786996
24710.0, 0.5078682
24720.0, 0.5078664
24730.0, 0.5078646
24740.0, 0.5078628
24750.0, 0.507861
24760.0, 0.50785923
24770.0, 0.50785744
24780.0, 0.50785565
24790.0, 0.5078539
24800.0, 0.50785214
24810.0, 0.5078504
24820.0, 0.5078486
24830.0, 0.50784683
24840.0, 0.5078451
24850.0, 0.5078434
24860.0, 0.5078416
24870.0, 0.50783986
24880.0, 0.50783813
24890.0, 0.5078364
24900.0, 0.5078347
24910.0, 0.5078329
24920.0, 0.5078312
24930.0, 0.5078295
24940.0, 0.50782776
24950.0, 0.50782603
24960.0, 0.5078243
24970.0, 0.50782263
24980.0, 0.5078209
24990.0, 0.50781924
25000.0, 0.5078175
25010.0, 0.50781584
25020.0, 0.5078141
25030.0, 0.50781244
25040.0, 0.5078108
25050.0, 0.50780904
25060.0, 0.5078074
25070.0, 0.5078057
25080.0, 0.50780404
25090.0, 0.50780237
25100.0, 0.5078007
25110.0, 0.507799
25120.0, 0.50779736
25130.0, 0.50779575
25140.0, 0.5077941
25150.0, 0.5077924
25160.0, 0.5077908
25170.0, 0.50778913
25180.0, 0.50778747
25190.0, 0.50778586
25200.0, 0.50778425
25210.0, 0.5077826
25220.0, 0.50778097
25230.0, 0.50777936
25240.0, 0.50777775
25250.0, 0.50777614
25260.0, 0.50777453
25270.0, 0.50777286
25280.0, 0.5077713
25290.0, 0.5077697
25300.0, 0.5077681
25310.0, 0.5077665
25320.0, 0.5077649
25330.0, 0.50776327
25340.0, 0.5077617
25350.0, 0.5077601
25360.0, 0.50775856
25370.0, 0.50775695
25380.0, 0.5077554
25390.0, 0.5077538
25400.0, 0.50775224
25410.0, 0.5077507
25420.0, 0.50774914
25430.0, 0.5077476
25440.0, 0.507746
25450.0, 0.50774443
25460.0, 0.5077429
25470.0, 0.50774133
25480.0, 0.5077398
25490.0, 0.5077383
25500.0, 0.50773674
25510.0, 0.5077352
25520.0, 0.50773364
25530.0, 0.50773215
25540.0, 0.5077306
25550.0, 0.5077291
25560.0, 0.50772756
25570.0, 0.5077261
25580.0, 0.5077245
25590.0, 0.50772303
25600.0, 0.50772154
25610.0, 0.50772
25620.0, 0.5077185
25630.0, 0.507717
25640.0, 0.5077155
25650.0, 0.50771403
25660.0, 0.50771254
25670.0, 0.50771105
25680.0, 0.50770956
25690.0, 0.5077081
25700.0, 0.50770664
25710.0, 0.50770515
25720.0, 0.50770366
25730.0, 0.50770223
25740.0, 0.50770074
25750.0, 0.50769925
25760.0, 0.5076978
25770.0, 0.50769633
25780.0, 0.5076949
25790.0, 0.50769347
25800.0, 0.507692
25810.0, 0.50769055
25820.0, 0.5076891
25830.0, 0.5076877
25840.0, 0.5076862
25850.0, 0.50768477
25860.0, 0.5076834
25870.0, 0.50768197
25880.0, 0.50768054
25890.0, 0.5076791
25900.0, 0.5076777
25910.0, 0.50767624
25920.0, 0.5076749
25930.0, 0.50767344
25940.0, 0.507672
25950.0, 0.50767064
25960.0, 0.5076692
25970.0, 0.5076678
25980.0, 0.5076664
25990.0, 0.50766504
26000.0, 0.5076636
26010.0, 0.50766224
26020.0, 0.50766087
26030.0, 0.50765944
26040.0, 0.50765806
26050.0, 0.5076567
26060.0, 0.5076553
26070.0, 0.50765395
26080.0, 0.5076526
26090.0, 0.5076512
26100.0, 0.50764984
26110.0, 0.50764847
26120.0, 0.50764716
26130.0, 0.5076458
26140.0, 0.5076444
26150.0, 0.50764304
26160.0, 0.50764173
26170.0, 0.50764036
26180.0, 0.50763905
26190.0, 0.5076377
26200.0, 0.50763637
26210.0, 0.50763506
26220.0, 0.5076337
26230.0, 0.5076324
26240.0, 0.50763106
26250.0, 0.5076297
26260.0, 0.5076284
26270.0, 0.50762707
26280.0, 0.50762576
26290.0, 0.50762445
26300.0, 0.50762314
26310.0, 0.5076218
26320.0, 0.5076205
26330.0, 0.5076192
26340.0, 0.5076179
26350.0, 0.50761664
26360.0, 0.5076153
26370.0, 0.507614
26380.0, 0.5076127
26390.0, 0.50761145
26400.0, 0.50761014
26410.0, 0.5076089
26420.0, 0.5076076
26430.0, 0.5076063
26440.0, 0.5076051
26450.0, 0.50760376
26460.0, 0.5076025
26470.0, 0.50760126
26480.0, 0.5076
26490.0, 0.5075987
26500.0, 0.50759745
26510.0, 0.5075962
26520.0, 0.50759494
26530.0, 0.5075937
26540.0, 0.50759244
26550.0, 0.5075912
26560.0, 0.50758994
26570.0, 0.5075887
26580.0, 0.5075875
26590.0, 0.50758624
26600.0, 0.507585
26610.0, 0.5075838
26620.0, 0.50758255
26630.0, 0.5075813
26640.0, 0.5075801
26650.0, 0.50757885
26660.0, 0.50757766
26670.0, 0.5075764
26680.0, 0.5075752
26690.0, 0.507574
26700.0, 0.50757277
26710.0, 0.5075716
26720.0, 0.5075704
26730.0, 0.5075692
26740.0, 0.50756794
26750.0, 0.50756675
26760.0, 0.50756556
26770.0, 0.50756437
26780.0, 0.5075632
26790.0, 0.507562
26800.0, 0.5075608
26810.0, 0.50755966
26820.0, 0.50755847
26830.0, 0.5075573
26840.0, 0.5075561
26850.0, 0.5075549
26860.0, 0.50755376
26870.0, 0.50755256
26880.0, 0.5075514
26890.0, 0.50755024
26900.0, 0.50754905
26910.0, 0.5075479
26920.0, 0.5075468
26930.0, 0.5075456
26940.0, 0.50754446
26950.0, 0.50754327
26960.0, 0.50754213
26970.0, 0.507541
26980.0, 0.50753987
26990.0, 0.50753874
27000.0, 0.50753754
27010.0, 0.5075364
27020.0, 0.5075353
27030.0, 0.50753415
27040.0, 0.507533
27050.0, 0.5075319
27060.0, 0.50753075
27070.0, 0.5075296
27080.0, 0.50752854
27090.0, 0.5075274
27100.0, 0.5075263
27110.0, 0.50752515
27120.0, 0.5075241
27130.0, 0.50752294
27140.0, 0.50752187
27150.0, 0.50752074
27160.0, 0.5075196
27170.0, 0.50751853
27180.0, 0.50751746
27190.0, 0.5075163
27200.0, 0.50751525
27210.0, 0.5075141
27220.0, 0.50751305
27230.0, 0.507512
27240.0, 0.5075109
27250.0, 0.5075098
27260.0, 0.5075087
27270.0, 0.5075076
27280.0, 0.50750655
27290.0, 0.5075055
27300.0, 0.5075044
27310.0, 0.50750333
27320.0, 0.50750226
27330.0, 0.5075012
27340.0, 0.5075001
27350.0, 0.5074991
27360.0, 0.507498
27370.0, 0.50749695
27380.0, 0.5074959
27390.0, 0.50749487
27400.0, 0.5074938
27410.0, 0.5074927
27420.0, 0.5074917
27430.0, 0.50749063
27440.0, 0.5074896
27450.0, 0.50748855
27460.0, 0.50748754
27470.0, 0.50748646
27480.0, 0.50748545
27490.0, 0.5074844
27500.0, 0.50748336
27510.0, 0.50748235
27520.0, 0.50748134
27530.0, 0.50748026
27540.0, 0.50747925
27550.0, 0.50747824
27560.0, 0.5074772
27570.0, 0.5074762
27580.0, 0.5074752
27590.0, 0.5074742
27600.0, 0.5074732
27610.0, 0.50747216
27620.0, 0.50747114
27630.0, 0.50747013
27640.0, 0.5074691
27650.0, 0.50746816
27660.0, 0.50746715
27670.0, 0.50746614
27680.0, 0.5074651
27690.0, 0.5074642
27700.0, 0.50746316
27710.0, 0.50746214
27720.0, 0.5074612
27730.0, 0.5074602
27740.0, 0.5074592
27750.0, 0.5074582
27760.0, 0.50745726
27770.0, 0.5074563
27780.0, 0.5074553
27790.0, 0.50745434
27800.0, 0.5074533
27810.0, 0.50745237
27820.0, 0.5074514
27830.0, 0.50745046
27840.0, 0.50744945
27850.0, 0.5074485
27860.0, 0.50744754
27870.0, 0.5074466
27880.0, 0.50744563
27890.0, 0.5074447
27900.0, 0.5074437
27910.0, 0.5074428
27920.0, 0.5074418
27930.0, 0.50744087
27940.0, 0.50744
27950.0, 0.507439
27960.0, 0.50743806
27970.0, 0.5074371
27980.0, 0.5074362
27990.0, 0.50743526
28000.0, 0.5074343
28010.0, 0.5074334
28020.0, 0.50743246
28030.0, 0.5074315
28040.0, 0.5074306
28050.0, 0.50742966
28060.0, 0.50742877
28070.0, 0.5074279
28080.0, 0.5074269
28090.0, 0.507426
28100.0, 0.50742507
28110.0, 0.5074242
28120.0, 0.5074233
28130.0, 0.5074223
28140.0, 0.50742143
28150.0, 0.50742054
28160.0, 0.50741965
28170.0, 0.50741875
28180.0, 0.5074178
28190.0, 0.5074169
28200.0, 0.507416
28210.0, 0.5074151
28220.0, 0.5074142
28230.0, 0.5074133
28240.0, 0.5074125
28250.0, 0.50741154
28260.0, 0.5074107
28270.0, 0.5074098
28280.0, 0.5074089
28290.0, 0.507408
28300.0, 0.5074071
28310.0, 0.5074063
28320.0, 0.5074054
28330.0, 0.5074045
28340.0, 0.5074037
28350.0, 0.5074028
28360.0, 0.50740194
28370.0, 0.50740105
28380.0, 0.50740016
28390.0, 0.5073993
28400.0, 0.5073985
28410.0, 0.5073976
28420.0, 0.50739676
28430.0, 0.50739586
28440.0, 0.507395
28450.0, 0.5073942
28460.0, 0.5073933
28470.0, 0.50739247
28480.0, 0.50739163
28490.0, 0.5073908
28500.0, 0.5073899
28510.0, 0.50738907
28520.0, 0.50738823
28530.0, 0.5073874
28540.0, 0.50738657
28550.0, 0.50738573
28560.0, 0.5073849
28570.0, 0.50738406
28580.0, 0.5073832
28590.0, 0.5073824
28600.0, 0.50738156
28610.0, 0.5073807
28620.0, 0.5073799
28630.0, 0.5073791
28640.0, 0.5073783
28650.0, 0.50737745
28660.0, 0.5073766
28670.0, 0.50737584
28680.0, 0.507375
28690.0, 0.50737417
28700.0, 0.5073734
28710.0, 0.50737256
28720.0, 0.5073717
28730.0, 0.50737095
28740.0, 0.5073702
28750.0, 0.50736934
28760.0, 0.5073685
28770.0, 0.50736773
28780.0, 0.50736696
28790.0, 0.5073661
28800.0, 0.50736535
28810.0, 0.5073646
28820.0, 0.50736374
28830.0, 0.50736296
28840.0, 0.5073622
28850.0, 0.5073614
28860.0, 0.5073606
28870.0, 0.5073598
28880.0, 0.507359
28890.0, 0.50735825
28900.0, 0.5073575
28910.0, 0.5073567
28920.0, 0.5073559
28930.0, 0.50735515
28940.0, 0.5073544
28950.0, 0.5073536
28960.0, 0.5073528
28970.0, 0.50735205
28980.0, 0.5073513
28990.0, 0.5073505
29000.0, 0.5073497
29010.0, 0.507349
29020.0, 0.50734824
29030.0, 0.50734746
29040.0, 0.5073467
29050.0, 0.507346
29060.0, 0.5073452
29070.0, 0.5073444
29080.0, 0.5073437
29090.0, 0.50734293
29100.0, 0.5073422
29110.0, 0.50734144
29120.0, 0.50734067
29130.0, 0.50733995
29140.0, 0.5073392
29150.0, 0.50733846
29160.0, 0.5073377
29170.0, 0.507337
29180.0, 0.50733626
29190.0, 0.50733554
29200.0, 0.50733477
29210.0, 0.50733405
29220.0, 0.50733334
29230.0, 0.50733256
29240.0, 0.50733185
29250.0, 0.50733113
29260.0, 0.5073304
29270.0, 0.50732964
29280.0, 0.5073289
29290.0, 0.5073282
29300.0, 0.5073275
29310.0, 0.5073268
29320.0, 0.50732607
29330.0, 0.50732535
29340.0, 0.50732464
29350.0, 0.5073239
29360.0, 0.5073232
29370.0, 0.5073225
29380.0, 0.5073218
29390.0, 0.5073211
29400.0, 0.5073204
29410.0, 0.5073197
29420.0, 0.507319
29430.0, 0.50731826
29440.0, 0.5073176
29450.0, 0.5073169
29460.0, 0.5073162
29470.0, 0.50731546
29480.0, 0.5073148
29490.0, 0.5073141
29500.0, 0.50731343
29510.0, 0.5073127
29520.0, 0.507312
29530.0, 0.50731134
29540.0, 0.5073106
29550.0, 0.50731
29560.0, 0.50730926
29570.0, 0.5073086
29580.0, 0.5073079
29590.0, 0.50730723
29600.0, 0.5073066
29610.0, 0.50730586
29620.0, 0.5073052
29630.0, 0.50730455
29640.0, 0.50730383
29650.0, 0.5073032
29660.0, 0.5073025
29670.0, 0.50730187
29680.0, 0.5073012
29690.0, 0.5073005
29700.0, 0.50729984
29710.0, 0.5072992
29720.0, 0.5072985
29730.0, 0.5072979
29740.0, 0.5072972
29750.0, 0.50729656
29760.0, 0.5072959
29770.0, 0.5072952
29780.0, 0.50729454
29790.0, 0.50729394
29800.0, 0.5072933
29810.0, 0.5072926
29820.0, 0.507292
29830.0, 0.5072913
29840.0, 0.50729066
29850.0, 0.50729
29860.0, 0.5072894
29870.0, 0.50728875
29880.0, 0.5072881
29890.0, 0.50728744
29900.0, 0.5072868
29910.0, 0.5072862
29920.0, 0.50728554
29930.0, 0.50728494
29940.0, 0.5072843
29950.0, 0.5072836
29960.0, 0.50728303
29970.0, 0.5072824
29980.0, 0.5072818
29990.0, 0.5072811
30000.0, 0.50728047
