#    time,   allInteract,  allInteract,  allInteract,  allInteract, 0-photoemission, 0-photoemission, 0-photoemission, 0-photoemission, 1-secondary emission from electrons of Ambiant_Electrons, 1-secondary emission from electrons of Ambiant_Electrons, 1-secondary emission from electrons of Ambiant_Electrons, 1-secondary emission from electrons of Ambiant_Electrons, 2-secondary emission from protons of Ambiant_Protons, 2-secondary emission from protons of Ambiant_Protons, 2-secondary emission from protons of Ambiant_Protons, 2-secondary emission from protons of Ambiant_Protons, 
#        ,   allNodes,  node0,  node1,  node2,  allNodes,  node0,  node1,  node2,  allNodes,  node0,  node1,  node2,  allNodes,  node0,  node1,  node2, 
25.700144, -9.786801E-4, -2.1762578E-4, -1.9867501E-4, -5.62379E-4, 0.0, 0.0, 0.0, 0.0, -9.021228E-4, -2.0109971E-4, -1.6128732E-4, -5.3973525E-4, -7.655766E-5, -1.6525986E-5, -3.738771E-5, -2.2643955E-5, 
46.77397, -8.81969E-4, -1.9418307E-4, -1.8030412E-4, -5.074817E-4, 0.0, 0.0, 0.0, 0.0, -7.95342E-4, -1.7538725E-4, -1.3746734E-4, -4.8248732E-4, -8.662704E-5, -1.8795856E-5, -4.283679E-5, -2.4994397E-5, 
67.848526, -8.6993026E-4, -1.9125911E-4, -1.7734895E-4, -5.0132215E-4, 0.0, 0.0, 0.0, 0.0, -7.8072934E-4, -1.7140052E-4, -1.3429421E-4, -4.7503458E-4, -8.920083E-5, -1.9858582E-5, -4.3054722E-5, -2.6287531E-5, 
87.59372, -8.6583605E-4, -1.8915073E-4, -1.7926982E-4, -4.9741537E-4, 0.0, 0.0, 0.0, 0.0, -7.7069603E-4, -1.6827299E-4, -1.3183753E-4, -4.7058554E-4, -9.514003E-5, -2.0877775E-5, -4.7432306E-5, -2.6829939E-5, 
100.433815, -8.570697E-4, -1.8688619E-4, -1.784557E-4, -4.9172784E-4, 0.0, 0.0, 0.0, 0.0, -7.580327E-4, -1.649036E-4, -1.2919557E-4, -4.639336E-4, -9.903698E-5, -2.1982583E-5, -4.926014E-5, -2.7794249E-5, 
120.67447, -8.5007027E-4, -1.8468841E-4, -1.7823733E-4, -4.871444E-4, 0.0, 0.0, 0.0, 0.0, -7.4660755E-4, -1.6168687E-4, -1.2667483E-4, -4.5824578E-4, -1.03462626E-4, -2.3001538E-5, -5.1562518E-5, -2.8898565E-5, 
142.87262, -8.457595E-4, -1.8375202E-4, -1.7849602E-4, -4.835114E-4, 0.0, 0.0, 0.0, 0.0, -7.389701E-4, -1.5971827E-4, -1.251324E-4, -4.5411944E-4, -1.0678941E-4, -2.4033774E-5, -5.3363623E-5, -2.9392015E-5, 
161.6477, -8.41547E-4, -1.8211921E-4, -1.7901925E-4, -4.8040843E-4, 0.0, 0.0, 0.0, 0.0, -7.309504E-4, -1.5744472E-4, -1.2335107E-4, -4.5015456E-4, -1.1059655E-4, -2.467448E-5, -5.5668188E-5, -3.0253896E-5, 
185.69318, -8.36578E-4, -1.8075609E-4, -1.7921912E-4, -4.7660287E-4, 0.0, 0.0, 0.0, 0.0, -7.2223257E-4, -1.5515098E-4, -1.21554076E-4, -4.4552746E-4, -1.1434552E-4, -2.5605095E-5, -5.7665035E-5, -3.1075386E-5, 
209.74063, -8.352025E-4, -1.7955675E-4, -1.7930457E-4, -4.7634114E-4, 0.0, 0.0, 0.0, 0.0, -7.2021753E-4, -1.5419176E-4, -1.20802564E-4, -4.452232E-4, -1.14984956E-4, -2.5365E-5, -5.850201E-5, -3.111794E-5, 
221.80849, -8.300271E-4, -1.7856681E-4, -1.795541E-4, -4.7190627E-4, 0.0, 0.0, 0.0, 0.0, -7.1011775E-4, -1.5144031E-4, -1.18646974E-4, -4.400305E-4, -1.199094E-4, -2.7126514E-5, -6.090712E-5, -3.187577E-5, 
258.01846, -8.277717E-4, -1.7756755E-4, -1.7983915E-4, -4.703649E-4, 0.0, 0.0, 0.0, 0.0, -7.0494256E-4, -1.5002167E-4, -1.175355E-4, -4.373854E-4, -1.2282906E-4, -2.7545886E-5, -6.230364E-5, -3.2979544E-5, 
260.38675, -8.249048E-4, -1.767878E-4, -1.80612E-4, -4.6750496E-4, 0.0, 0.0, 0.0, 0.0, -6.983491E-4, -1.4802115E-4, -1.1596814E-4, -4.3435974E-4, -1.265557E-4, -2.8766653E-5, -6.464384E-5, -3.3145214E-5, 
295.9383, -8.239074E-4, -1.7626195E-4, -1.8136155E-4, -4.662839E-4, 0.0, 0.0, 0.0, 0.0, -6.939655E-4, -1.469837E-4, -1.1515535E-4, -4.3182643E-4, -1.2994188E-4, -2.927824E-5, -6.6206194E-5, -3.445745E-5, 
333.8599, -8.2409265E-4, -1.7588167E-4, -1.8121432E-4, -4.6699672E-4, 0.0, 0.0, 0.0, 0.0, -6.9337315E-4, -1.4634311E-4, -1.1465346E-4, -4.3237655E-4, -1.3071958E-4, -2.9538553E-5, -6.656085E-5, -3.4620163E-5, 
333.89548, -8.2257116E-4, -1.7539239E-4, -1.8015766E-4, -4.6702108E-4, 0.0, 0.0, 0.0, 0.0, -6.920458E-4, -1.4537478E-4, -1.1389482E-4, -4.327762E-4, -1.3052532E-4, -3.0017598E-5, -6.626284E-5, -3.4244895E-5, 
340.30927, -8.170601E-4, -1.7417537E-4, -1.8155885E-4, -4.613259E-4, 0.0, 0.0, 0.0, 0.0, -6.820616E-4, -1.4332538E-4, -1.12289265E-4, -4.26447E-4, -1.3499851E-4, -3.085001E-5, -6.92696E-5, -3.487887E-5, 
367.47928, -8.1317377E-4, -1.7338035E-4, -1.8285187E-4, -4.5694137E-4, 0.0, 0.0, 0.0, 0.0, -6.7244703E-4, -1.4119325E-4, -1.1061877E-4, -4.2063493E-4, -1.4072665E-4, -3.2187105E-5, -7.223311E-5, -3.6306443E-5, 
386.93024, -8.134346E-4, -1.7334214E-4, -1.8358028E-4, -4.5651215E-4, 0.0, 0.0, 0.0, 0.0, -6.699621E-4, -1.4044599E-4, -1.1003332E-4, -4.1948276E-4, -1.4347251E-4, -3.2896143E-5, -7.354697E-5, -3.7029396E-5, 
425.83218, -8.127904E-4, -1.7356883E-4, -1.8252557E-4, -4.5669594E-4, 0.0, 0.0, 0.0, 0.0, -6.696356E-4, -1.401046E-4, -1.0976587E-4, -4.1976516E-4, -1.4315474E-4, -3.3464232E-5, -7.275972E-5, -3.6930793E-5, 
503.63602, -8.145521E-4, -1.73429E-4, -1.8399788E-4, -4.5712516E-4, 0.0, 0.0, 0.0, 0.0, -6.686448E-4, -1.3936778E-4, -1.0918871E-4, -4.2008833E-4, -1.4590724E-4, -3.406122E-5, -7.480917E-5, -3.703685E-5, 
503.68204, -8.1173546E-4, -1.7223881E-4, -1.8253645E-4, -4.5696026E-4, 0.0, 0.0, 0.0, 0.0, -6.666908E-4, -1.3800798E-4, -1.0812335E-4, -4.205595E-4, -1.4504472E-4, -3.4230838E-5, -7.4413096E-5, -3.640079E-5, 
503.72833, -8.094973E-4, -1.7162696E-4, -1.8274688E-4, -4.5512343E-4, 0.0, 0.0, 0.0, 0.0, -6.6215376E-4, -1.3707197E-4, -1.0738988E-4, -4.1769192E-4, -1.4734351E-4, -3.455499E-5, -7.535699E-5, -3.7431542E-5, 
503.82086, -8.099777E-4, -1.7158629E-4, -1.8413263E-4, -4.5425878E-4, 0.0, 0.0, 0.0, 0.0, -6.612621E-4, -1.3689397E-4, -1.0725046E-4, -4.1711767E-4, -1.4871563E-4, -3.4692326E-5, -7.688218E-5, -3.714112E-5, 
504.00595, -8.091052E-4, -1.7127073E-4, -1.8445204E-4, -4.533824E-4, 0.0, 0.0, 0.0, 0.0, -6.5777404E-4, -1.3617669E-4, -1.0668858E-4, -4.1490878E-4, -1.5133113E-4, -3.5094028E-5, -7.776348E-5, -3.847363E-5, 
524.0031, -8.0653996E-4, -1.7088484E-4, -1.8510823E-4, -4.50547E-4, 0.0, 0.0, 0.0, 0.0, -6.536113E-4, -1.3532395E-4, -1.0602045E-4, -4.1226708E-4, -1.529286E-4, -3.5560905E-5, -7.9087775E-5, -3.8279893E-5, 
549.57434, -8.04781E-4, -1.6985714E-4, -1.8627287E-4, -4.48651E-4, 0.0, 0.0, 0.0, 0.0, -6.492347E-4, -1.3438794E-4, -1.0528713E-4, -4.095596E-4, -1.5554634E-4, -3.546921E-5, -8.0985716E-5, -3.9091407E-5, 
583.6693, -8.0591306E-4, -1.7086607E-4, -1.865972E-4, -4.4844978E-4, 0.0, 0.0, 0.0, 0.0, -6.491465E-4, -1.3419696E-4, -1.051374E-4, -4.0981214E-4, -1.567665E-4, -3.66691E-5, -8.14598E-5, -3.8637616E-5, 
651.8592, -8.049276E-4, -1.7084343E-4, -1.8546512E-4, -4.4861902E-4, 0.0, 0.0, 0.0, 0.0, -6.4876553E-4, -1.338477E-4, -1.0486375E-4, -4.1005408E-4, -1.5616204E-4, -3.699572E-5, -8.060138E-5, -3.8564947E-5, 
651.92944, -8.061796E-4, -1.70168E-4, -1.8572614E-4, -4.5028547E-4, 0.0, 0.0, 0.0, 0.0, -6.4745394E-4, -1.3291228E-4, -1.0413103E-4, -4.1041066E-4, -1.5872563E-4, -3.7255733E-5, -8.15951E-5, -3.9874805E-5, 
652.0032, -8.028682E-4, -1.6936772E-4, -1.862213E-4, -4.4727916E-4, 0.0, 0.0, 0.0, 0.0, -6.433594E-4, -1.3208333E-4, -1.034816E-4, -4.077945E-4, -1.5950877E-4, -3.7284386E-5, -8.2739694E-5, -3.9484694E-5, 
652.07684, -8.047362E-4, -1.6942281E-4, -1.8715461E-4, -4.4815885E-4, 0.0, 0.0, 0.0, 0.0, -6.4384576E-4, -1.3219529E-4, -1.03569284E-4, -4.0808113E-4, -1.6089054E-4, -3.7227517E-5, -8.358532E-5, -4.0077717E-5, 
664.26624, -8.01011E-4, -1.6894288E-4, -1.8642611E-4, -4.456419E-4, 0.0, 0.0, 0.0, 0.0, -6.394924E-4, -1.3131757E-4, -1.0288168E-4, -4.0529322E-4, -1.6151843E-4, -3.762529E-5, -8.354444E-5, -4.0348703E-5, 
701.12225, -8.029327E-4, -1.6903428E-4, -1.8806112E-4, -4.4583724E-4, 0.0, 0.0, 0.0, 0.0, -6.3885946E-4, -1.3110069E-4, -1.0271172E-4, -4.05047E-4, -1.6407321E-4, -3.7933583E-5, -8.534943E-5, -4.0790208E-5, 
750.2636, -8.019472E-4, -1.6878602E-4, -1.877757E-4, -4.453855E-4, 0.0, 0.0, 0.0, 0.0, -6.385801E-4, -1.3082578E-4, -1.0249638E-4, -4.0525795E-4, -1.633671E-4, -3.7960235E-5, -8.5279324E-5, -4.0127547E-5, 
750.34595, -8.016822E-4, -1.6864059E-4, -1.8652E-4, -4.4652165E-4, 0.0, 0.0, 0.0, 0.0, -6.3811004E-4, -1.304475E-4, -1.0220001E-4, -4.0546255E-4, -1.6357216E-4, -3.8193084E-5, -8.431998E-5, -4.1059087E-5, 
750.4313, -7.989317E-4, -1.6806269E-4, -1.8744399E-4, -4.4342497E-4, 0.0, 0.0, 0.0, 0.0, -6.3407375E-4, -1.2963855E-4, -1.0156619E-4, -4.0286905E-4, -1.6485789E-4, -3.842415E-5, -8.587781E-5, -4.0555933E-5, 
761.1814, -8.000806E-4, -1.6857414E-4, -1.8787658E-4, -4.4362966E-4, 0.0, 0.0, 0.0, 0.0, -6.3372846E-4, -1.2959845E-4, -1.015348E-4, -4.0259515E-4, -1.66352E-4, -3.8975715E-5, -8.6341766E-5, -4.10345E-5, 
793.94385, -7.98381E-4, -1.6809424E-4, -1.8717402E-4, -4.4311275E-4, 0.0, 0.0, 0.0, 0.0, -6.331222E-4, -1.2942692E-4, -1.0140032E-4, -4.0229497E-4, -1.6525884E-4, -3.8667324E-5, -8.57737E-5, -4.0817806E-5, 
837.6271, -7.9851144E-4, -1.6753915E-4, -1.8822854E-4, -4.427437E-4, 0.0, 0.0, 0.0, 0.0, -6.330264E-4, -1.2928345E-4, -1.0128799E-4, -4.0245499E-4, -1.6548496E-4, -3.8255697E-5, -8.6940556E-5, -4.0288724E-5, 
837.80743, -8.013911E-4, -1.6901032E-4, -1.8848728E-4, -4.438935E-4, 0.0, 0.0, 0.0, 0.0, -6.3248177E-4, -1.2892434E-4, -1.0100664E-4, -4.0255077E-4, -1.6890936E-4, -4.008598E-5, -8.7480636E-5, -4.1342748E-5, 
840.53516, -7.988015E-4, -1.674328E-4, -1.893043E-4, -4.420644E-4, 0.0, 0.0, 0.0, 0.0, -6.28741E-4, -1.2818733E-4, -1.0042925E-4, -4.001244E-4, -1.7006046E-4, -3.924545E-5, -8.887504E-5, -4.193998E-5, 
860.9017, -7.9965434E-4, -1.6796138E-4, -1.8984752E-4, -4.4184548E-4, 0.0, 0.0, 0.0, 0.0, -6.282527E-4, -1.2809057E-4, -1.0035347E-4, -3.9980863E-4, -1.7140168E-4, -3.98708E-5, -8.949404E-5, -4.2036845E-5, 
884.17773, -8.004644E-4, -1.6813056E-4, -1.8961431E-4, -4.4271958E-4, 0.0, 0.0, 0.0, 0.0, -6.283698E-4, -1.2807122E-4, -1.0033828E-4, -3.9996032E-4, -1.7209465E-4, -4.0059338E-5, -8.927603E-5, -4.275928E-5, 
930.72986, -7.985269E-4, -1.6807936E-4, -1.8927632E-4, -4.411712E-4, 0.0, 0.0, 0.0, 0.0, -6.283087E-4, -1.2797938E-4, -1.002664E-4, -4.0006294E-4, -1.7021816E-4, -4.0099985E-5, -8.900992E-5, -4.1108266E-5, 
1000.0, -8.012607E-4, -1.6826743E-4, -1.9117564E-4, -4.4181762E-4, 0.0, 0.0, 0.0, 0.0, -6.2775856E-4, -1.2762587E-4, -9.998947E-5, -4.0014327E-4, -1.735021E-4, -4.0641567E-5, -9.118619E-5, -4.167434E-5, 
1000.01, -7.995489E-4, -1.6773866E-4, -1.8999596E-4, -4.418143E-4, -2.2013288E-7, -1.3352413E-8, -7.207032E-11, -2.0670839E-7, -6.269782E-4, -1.271065E-4, -9.9582474E-5, -4.0028917E-4, -1.7235066E-4, -4.06188E-5, -9.0413414E-5, -4.1318457E-5, 
1000.03, -8.0022315E-4, -1.6730321E-4, -1.9070302E-4, -4.4221696E-4, -6.603988E-7, -4.0057255E-8, -2.1621097E-10, -6.201253E-7, -6.2608917E-4, -1.269342E-4, -9.944745E-5, -3.997075E-4, -1.7347363E-4, -4.0328952E-5, -9.125537E-5, -4.1889307E-5, 
1000.07, -7.985093E-4, -1.678033E-4, -1.888943E-4, -4.4181163E-4, -1.5395876E-6, -9.3385474E-8, -5.0405274E-10, -1.4456981E-6, -6.248936E-4, -1.266993E-4, -9.9263445E-5, -3.989308E-4, -1.7207609E-4, -4.101062E-5, -8.963033E-5, -4.1435145E-5, 
1000.15, -8.0086465E-4, -1.6712412E-4, -1.8997086E-4, -4.437697E-4, -3.2993087E-6, -2.0012344E-7, -1.0801757E-9, -3.0981053E-6, -6.238973E-4, -1.2650379E-4, -9.911025E-5, -3.9828327E-4, -1.7366806E-4, -4.0420204E-5, -9.085954E-5, -4.238831E-5, 
1020.82025, -0.001025116, -1.8133127E-4, -1.8988196E-4, -6.539028E-4, -2.2495253E-4, -1.3644757E-5, -7.364826E-8, -2.1123407E-4, -6.272602E-4, -1.2718556E-4, -9.964436E-5, -4.0043026E-4, -1.7290331E-4, -4.0500938E-5, -9.016391E-5, -4.223843E-5, 
1041.5873, -0.0015053289, -2.1143274E-4, -1.8803887E-4, -0.0011058579, -6.974402E-4, -4.2304055E-5, -2.2833825E-7, -6.549078E-4, -6.4490555E-4, -1.3082488E-4, -1.0249564E-4, -4.11585E-4, -1.6298387E-4, -3.8303784E-5, -8.5314874E-5, -3.9365204E-5, 
1060.0, -0.0019221741, -2.3752914E-4, -1.8637055E-4, -0.0014982744, -0.001108227, -6.722081E-5, -3.628276E-7, -0.0010406433, -6.5900176E-4, -1.339478E-4, -1.0494232E-4, -4.2011158E-4, -1.5494574E-4, -3.636056E-5, -8.106537E-5, -3.7519796E-5, 
1080.4701, -0.0021367632, -2.5102336E-4, -1.8574431E-4, -0.0016999951, -0.0013195087, -8.003632E-5, -4.320001E-7, -0.0012390404, -6.6627935E-4, -1.3572739E-4, -1.0633654E-4, -4.2421542E-4, -1.509747E-4, -3.525964E-5, -7.897579E-5, -3.6739257E-5, 
1100.9501, -0.0021369015, -2.5156053E-4, -1.8499559E-4, -0.0017003451, -0.0013195087, -8.003632E-5, -4.3200004E-7, -0.0012390404, -6.6822197E-4, -1.3675756E-4, -1.0714361E-4, -4.243208E-4, -1.4917059E-4, -3.476665E-5, -7.741998E-5, -3.6983954E-5, 
1141.91, -0.0021364614, -2.5228216E-4, -1.8478777E-4, -0.0016993915, -0.0013195087, -8.003632E-5, -4.3200004E-7, -0.0012390404, -6.702391E-4, -1.3790939E-4, -1.0804604E-4, -4.2428367E-4, -1.4671359E-4, -3.4336445E-5, -7.630973E-5, -3.6067424E-5, 
1141.935, -0.0021383602, -2.529179E-4, -1.8610542E-4, -0.0016993369, -0.0013195087, -8.003632E-5, -4.3200004E-7, -0.0012390404, -6.7376276E-4, -1.39939E-4, -1.09636174E-4, -4.2418757E-4, -1.4508891E-4, -3.2942582E-5, -7.6037235E-5, -3.6109093E-5, 
1162.573, -0.0021439516, -2.5442743E-4, -1.8309573E-4, -0.0017064279, -0.0013195084, -8.003632E-5, -4.3199995E-7, -0.00123904, -6.8797497E-4, -1.429076E-4, -1.1196191E-4, -4.331056E-4, -1.3646744E-4, -3.148359E-5, -7.0701724E-5, -3.42821E-5, 
1182.0808, -0.002149771, -2.5594237E-4, -1.8188213E-4, -0.0017119466, -0.0013195088, -8.003632E-5, -4.32E-7, -0.0012390405, -7.0054946E-4, -1.4610299E-4, -1.14465314E-4, -4.3998117E-4, -1.2971341E-4, -2.9803152E-5, -6.698482E-5, -3.2925454E-5, 
1201.6469, -0.0021502385, -2.5622643E-4, -1.8085359E-4, -0.0017131588, -0.0013195087, -8.003632E-5, -4.3200004E-7, -0.0012390404, -7.035215E-4, -1.4690429E-4, -1.15093164E-4, -4.41524E-4, -1.2720858E-4, -2.928582E-5, -6.532843E-5, -3.259432E-5, 
1227.7349, -0.002151342, -2.5643816E-4, -1.8195527E-4, -0.0017129487, -0.0013195087, -8.003632E-5, -4.3200004E-7, -0.0012390404, -7.0446153E-4, -1.4743507E-4, -1.1550892E-4, -4.4151754E-4, -1.2737195E-4, -2.8966748E-5, -6.601434E-5, -3.2390864E-5, 
1240.153, -0.0021547177, -2.5773654E-4, -1.8106628E-4, -0.0017159149, -0.0013195087, -8.003632E-5, -4.3199995E-7, -0.0012390404, -7.1161165E-4, -1.4945812E-4, -1.17093994E-4, -4.4505965E-4, -1.2359727E-4, -2.8242079E-5, -6.3540254E-5, -3.1814936E-5, 
1272.8507, -0.0021564465, -2.5865648E-4, -1.8015044E-4, -0.00171764, -0.0013195087, -8.003632E-5, -4.3200004E-7, -0.0012390404, -7.15789E-4, -1.5057325E-4, -1.1796759E-4, -4.472481E-4, -1.21149256E-4, -2.8046914E-5, -6.175085E-5, -3.1351487E-5, 
1280.3405, -0.0021589738, -2.590182E-4, -1.8053931E-4, -0.001719417, -0.0013195088, -8.003632E-5, -4.320001E-7, -0.0012390404, -7.2029495E-4, -1.5196923E-4, -1.19061275E-4, -4.4926445E-4, -1.1917048E-4, -2.7012667E-5, -6.1046E-5, -3.1111824E-5, 
1300.6718, -0.0021590295, -2.59766E-4, -1.7975485E-4, -0.0017195084, -0.0013195087, -8.003632E-5, -4.3200004E-7, -0.0012390404, -7.2240125E-4, -1.5251625E-4, -1.1948988E-4, -4.5039513E-4, -1.17119336E-4, -2.721343E-5, -5.9832975E-5, -3.0072933E-5, 
1327.6724, -0.0021613694, -2.600435E-4, -1.797464E-4, -0.0017215796, -0.0013195088, -8.003632E-5, -4.3200004E-7, -0.0012390405, -7.2608073E-4, -1.5352099E-4, -1.2027703E-4, -4.5228255E-4, -1.1578004E-4, -2.6486186E-5, -5.90374E-5, -3.0256477E-5, 
1346.4233, -0.0021643005, -2.6066552E-4, -1.8012458E-4, -0.0017235107, -0.0013195088, -8.003632E-5, -4.320001E-7, -0.0012390404, -7.3041755E-4, -1.5473366E-4, -1.212271E-4, -4.5445666E-4, -1.1437425E-4, -2.5895539E-5, -5.846552E-5, -3.0013187E-5, 
1363.4845, -0.0021651562, -2.6065065E-4, -1.8018822E-4, -0.0017243171, -0.0013195087, -8.003632E-5, -4.3200004E-7, -0.0012390404, -7.316567E-4, -1.5515993E-4, -1.2156106E-4, -4.5493565E-4, -1.1399062E-4, -2.54544E-5, -5.8195154E-5, -3.0341074E-5, 
1397.6066, -0.0021662808, -2.6115484E-4, -1.8088994E-4, -0.001724236, -0.0013195087, -8.003632E-5, -4.3200004E-7, -0.0012390404, -7.321713E-4, -1.5544605E-4, -1.21785335E-4, -4.5493993E-4, -1.14600705E-4, -2.5672472E-5, -5.8672616E-5, -3.0255622E-5, 
1400.4714, -0.002166651, -2.6153203E-4, -1.8102767E-4, -0.0017240916, -0.0013195087, -8.003632E-5, -4.3200004E-7, -0.0012390404, -7.3382264E-4, -1.5613523E-4, -1.2232517E-4, -4.5536223E-4, -1.1331984E-4, -2.5360478E-5, -5.8270503E-5, -2.9688856E-5, 
1435.0402, -0.0021674414, -2.6168727E-4, -1.8035778E-4, -0.0017253961, -0.0013195085, -8.003632E-5, -4.3200004E-7, -0.0012390403, -7.3602557E-4, -1.5664457E-4, -1.2272422E-4, -4.566568E-4, -1.119068E-4, -2.5006366E-5, -5.7201534E-5, -2.969889E-5, 
1441.0295, -0.0021689227, -2.6239784E-4, -1.7982168E-4, -0.0017267033, -0.0013195088, -8.003632E-5, -4.320001E-7, -0.0012390404, -7.3927676E-4, -1.5741646E-4, -1.2332902E-4, -4.585313E-4, -1.1013725E-4, -2.4945102E-5, -5.6060668E-5, -2.9131494E-5, 
1474.5421, -0.0021699162, -2.6265765E-4, -1.7929604E-4, -0.0017279624, -0.0013195088, -8.003632E-5, -4.3200004E-7, -0.0012390404, -7.4105186E-4, -1.5782203E-4, -1.2364677E-4, -4.5958316E-4, -1.0935538E-4, -2.4799307E-5, -5.521729E-5, -2.9338797E-5, 
1512.842, -0.002170044, -2.6236175E-4, -1.796157E-4, -0.0017280666, -0.0013195087, -8.003632E-5, -4.3200004E-7, -0.0012390404, -7.4158935E-4, -1.5811893E-4, -1.2387929E-4, -4.595911E-4, -1.0894615E-4, -2.4206509E-5, -5.530442E-5, -2.9435225E-5, 
1513.2831, -0.0021704875, -2.6272406E-4, -1.8049925E-4, -0.0017272641, -0.0013195087, -8.003632E-5, -4.3200004E-7, -0.0012390404, -7.4224756E-4, -1.5849053E-4, -1.2417044E-4, -4.595866E-4, -1.0873116E-4, -2.4197221E-5, -5.589681E-5, -2.8637129E-5, 
1521.2712, -0.002172233, -2.6339947E-4, -1.7972078E-4, -0.0017291129, -0.0013195088, -8.003632E-5, -4.320001E-7, -0.0012390404, -7.4523024E-4, -1.5912094E-4, -1.2466444E-4, -4.614448E-4, -1.0749397E-4, -2.4242196E-5, -5.4624343E-5, -2.8627426E-5, 
1556.0652, -0.002172816, -2.636534E-4, -1.793406E-4, -0.0017298219, -0.0013195088, -8.003632E-5, -4.3200004E-7, -0.0012390404, -7.467727E-4, -1.5949129E-4, -1.2495466E-4, -4.6232672E-4, -1.0653446E-4, -2.4125791E-5, -5.3953954E-5, -2.8454715E-5, 
1595.8295, -0.0021727884, -2.635429E-4, -1.7916369E-4, -0.0017300816, -0.0013195087, -8.003632E-5, -4.3200004E-7, -0.0012390404, -7.4694306E-4, -1.5957611E-4, -1.2502103E-4, -4.623459E-4, -1.0633656E-4, -2.3930492E-5, -5.3710653E-5, -2.8695422E-5, 
1600.56, -0.0021735413, -2.6356734E-4, -1.7952417E-4, -0.00173045, -0.0013195087, -8.003632E-5, -4.3200004E-7, -0.0012390404, -7.466141E-4, -1.5938749E-4, -1.2487329E-4, -4.6235335E-4, -1.0741882E-4, -2.414352E-5, -5.4218883E-5, -2.9056415E-5, 
1602.943, -0.002173455, -2.636526E-4, -1.793018E-4, -0.0017305004, -0.0013195087, -8.003632E-5, -4.3200004E-7, -0.0012390404, -7.4774784E-4, -1.5965219E-4, -1.2508058E-4, -4.630151E-4, -1.0619824E-4, -2.3964096E-5, -5.3789216E-5, -2.844493E-5, 
1624.7104, -0.0021741225, -2.6375492E-4, -1.7970391E-4, -0.0017306637, -0.0013195087, -8.003632E-5, -4.3200004E-7, -0.0012390404, -7.4776035E-4, -1.5966837E-4, -1.2509327E-4, -4.629987E-4, -1.0685345E-4, -2.4050229E-5, -5.4178632E-5, -2.8624596E-5, 
1647.3024, -0.0021735835, -2.6376272E-4, -1.7997346E-4, -0.0017298472, -0.0013195087, -8.003632E-5, -4.3200004E-7, -0.0012390404, -7.482701E-4, -1.5985059E-4, -1.252361E-4, -4.6318342E-4, -1.05804764E-4, -2.3875833E-5, -5.430537E-5, -2.7623557E-5, 
1692.4862, -0.002175029, -2.6399043E-4, -1.7992489E-4, -0.0017311134, -0.0013195087, -8.003632E-5, -4.3200004E-7, -0.0012390404, -7.485684E-4, -1.6001641E-4, -1.253659E-4, -4.6318606E-4, -1.06951644E-4, -2.393772E-5, -5.412699E-5, -2.8886929E-5, 
1782.854, -0.002175971, -2.642315E-4, -1.800505E-4, -0.0017316889, -0.0013195087, -8.003632E-5, -4.3200004E-7, -0.0012390404, -7.490304E-4, -1.6027711E-4, -1.255701E-4, -4.6318315E-4, -1.07431806E-4, -2.3918084E-5, -5.4048396E-5, -2.9465318E-5, 
1882.854, -0.0021754182, -2.641856E-4, -1.7949387E-4, -0.0017317389, -0.0013195087, -8.003632E-5, -4.3200004E-7, -0.0012390404, -7.491779E-4, -1.6036126E-4, -1.2563619E-4, -4.6318048E-4, -1.06731764E-4, -2.3788001E-5, -5.342569E-5, -2.951807E-5, 
1885.0126, -0.0021742014, -2.6426458E-4, -1.7945367E-4, -0.001730483, -0.0013195087, -8.003632E-5, -4.3200004E-7, -0.0012390404, -7.4944407E-4, -1.6051269E-4, -1.2575492E-4, -4.6317643E-4, -1.0524853E-4, -2.371558E-5, -5.3266747E-5, -2.826621E-5, 
1887.1926, -0.0021745986, -2.6401578E-4, -1.7936641E-4, -0.0017312166, -0.0013195087, -8.003632E-5, -4.3200004E-7, -0.0012390404, -7.508385E-4, -1.608145E-4, -1.2599136E-4, -4.6403258E-4, -1.0425172E-4, -2.3164952E-5, -5.294306E-5, -2.8143697E-5, 
1891.5525, -0.0021761681, -2.6431587E-4, -1.8049843E-4, -0.0017313539, -0.0013195087, -8.003632E-5, -4.3200004E-7, -0.0012390404, -7.509831E-4, -1.6083801E-4, -1.2600972E-4, -4.6413532E-4, -1.056765E-4, -2.3441513E-5, -5.405669E-5, -2.81783E-5, 
1900.2725, -0.0021753882, -2.6402654E-4, -1.7915171E-4, -0.0017322099, -0.0013195087, -8.003632E-5, -4.3200004E-7, -0.0012390404, -7.510117E-4, -1.6084795E-4, -1.2601753E-4, -4.641462E-4, -1.0486783E-4, -2.3142258E-5, -5.270218E-5, -2.9023387E-5, 
1917.7123, -0.0021747616, -2.6385608E-4, -1.7992838E-4, -0.0017309773, -0.0013195087, -8.003632E-5, -4.3200004E-7, -0.0012390404, -7.510504E-4, -1.6086853E-4, -1.2603345E-4, -4.6414847E-4, -1.04202656E-4, -2.2951244E-5, -5.3462925E-5, -2.7788485E-5, 
1952.592, -0.0021745246, -2.641568E-4, -1.78764E-4, -0.0017316036, -0.0013195087, -8.003632E-5, -4.3200004E-7, -0.0012390404, -7.511129E-4, -1.609011E-4, -1.2605921E-4, -4.6415257E-4, -1.0390297E-4, -2.3219402E-5, -5.2272786E-5, -2.841078E-5, 
1957.4066, -0.002176296, -2.6453263E-4, -1.7977996E-4, -0.0017319832, -0.0013195087, -8.003632E-5, -4.3200004E-7, -0.0012390404, -7.508235E-4, -1.6073383E-4, -1.2592819E-4, -4.6416148E-4, -1.05963714E-4, -2.3762464E-5, -5.3419775E-5, -2.8781471E-5, 
1959.8184, -0.002175795, -2.6442477E-4, -1.7982484E-4, -0.0017315453, -0.0013195087, -8.003632E-5, -4.3200004E-7, -0.0012390404, -7.5210794E-4, -1.6100629E-4, -1.2614162E-4, -4.6495997E-4, -1.041784E-4, -2.338217E-5, -5.325122E-5, -2.7545004E-5, 
1960.9968, -0.002175133, -2.6401732E-4, -1.7943447E-4, -0.0017316813, -0.0013195087, -8.003632E-5, -4.3200004E-7, -0.0012390404, -7.5105956E-4, -1.607747E-4, -1.2596011E-4, -4.6432478E-4, -1.0456474E-4, -2.3206281E-5, -5.3042353E-5, -2.8316103E-5, 
1961.5936, -0.002177717, -2.6523613E-4, -1.7922751E-4, -0.0017332537, -0.0013195087, -8.003632E-5, -4.3200004E-7, -0.0012390404, -7.5259357E-4, -1.6110404E-4, -1.2621813E-4, -4.6527138E-4, -1.0561512E-4, -2.4095762E-5, -5.2577376E-5, -2.894199E-5, 
1962.0806, -0.0021755244, -2.6393542E-4, -1.8007129E-4, -0.0017315176, -0.0013195087, -8.003632E-5, -4.3200004E-7, -0.0012390404, -7.5138354E-4, -1.6083525E-4, -1.2600764E-4, -4.6454067E-4, -1.0463206E-4, -2.3063858E-5, -5.363166E-5, -2.793654E-5, 
1962.7133, -0.0021769146, -2.6433542E-4, -1.8003107E-4, -0.0017325481, -0.0013195087, -8.003632E-5, -4.3200004E-7, -0.0012390404, -7.5293944E-4, -1.6117381E-4, -1.2627282E-4, -4.654928E-4, -1.0446659E-4, -2.312529E-5, -5.332625E-5, -2.8015053E-5, 
1963.9788, -0.0021761172, -2.644468E-4, -1.7901698E-4, -0.0017326535, -0.0013195087, -8.003632E-5, -4.3200004E-7, -0.0012390404, -7.530658E-4, -1.6119228E-4, -1.2628722E-4, -4.6558632E-4, -1.03542654E-4, -2.3218201E-5, -5.229775E-5, -2.8026703E-5, 
1981.6946, -0.0021773984, -2.6433895E-4, -1.801159E-4, -0.0017329437, -0.0013195088, -8.003632E-5, -4.3200004E-7, -0.0012390404, -7.531204E-4, -1.6121207E-4, -1.2630282E-4, -4.6560558E-4, -1.0476951E-4, -2.3090539E-5, -5.3381056E-5, -2.8297924E-5, 
2000.0, -0.002176506, -2.6419156E-4, -1.7991441E-4, -0.0017324, -0.0013195087, -8.003632E-5, -4.3200004E-7, -0.0012390404, -7.532212E-4, -1.6127201E-4, -1.263497E-4, -4.6559956E-4, -1.0377604E-4, -2.288325E-5, -5.3132702E-5, -2.7760083E-5, 
