Time (s), esn 0 individual current (A)
25.513973, 0.0
47.94545, 0.0
77.81673, 0.0
107.68806, 0.0
134.89421, 0.0
162.10179, 0.0
183.75162, 0.0
206.68947, 0.0
249.46461, 0.0
271.35352, 0.0
293.24402, 0.0
337.025, 0.0
357.46384, 0.0
377.51654, 0.0
416.7095, 0.0
456.52457, 0.0
494.06387, 0.0
531.60596, 0.0
567.555, 0.0
598.53815, 0.0
624.4727, 0.0
676.34186, 0.0
705.2622, 0.0
737.564, 0.0
769.86804, 0.0
834.476, 0.0
934.476, 0.0
957.4048, 0.0
980.33673, 0.0
1000.63, -5.736219E-11
1020.7864, -1.0344503E-7
1041.2104, -3.1088481E-7
1061.2699, -5.150341E-7
1100.95, -6.1209147E-7
1127.1512, -5.5288393E-7
1151.4071, -7.3347104E-7
1199.9191, -6.3095484E-7
1220.9651, -5.942171E-7
1247.7335, -5.971117E-7
1283.4248, -5.630403E-7
1303.891, -5.932506E-7
1324.4175, -5.773095E-7
1345.3318, -6.3373164E-7
1379.103, -5.863708E-7
1424.1312, -5.943406E-7
1447.1107, -6.1018784E-7
1485.2582, -6.1405956E-7
1536.1213, -7.0561987E-7
1566.473, -5.870716E-7
1594.5376, -6.1245123E-7
1618.1089, -5.889587E-7
1641.7122, -6.0493693E-7
1688.9188, -5.8516076E-7
1783.3322, -6.793198E-7
1883.3322, -6.389481E-7
1918.2388, -5.7155097E-7
1952.4417, -5.941411E-7
2000.0, -6.7599785E-7
