Time (s), esn 2 individual current (A)
25.513973, 8.553655E-6
47.94545, 8.703051E-6
77.81673, 9.12289E-6
107.68806, 9.179254E-6
134.89421, 9.318349E-6
162.10179, 9.263602E-6
183.75162, 9.579993E-6
206.68947, 9.599912E-6
249.46461, 9.726093E-6
271.35352, 9.8865685E-6
293.24402, 9.804215E-6
337.025, 9.866609E-6
357.46384, 1.0012433E-5
377.51654, 9.958781E-6
416.7095, 1.0098431E-5
456.52457, 1.0018132E-5
494.06387, 1.021593E-5
531.60596, 1.0208629E-5
567.555, 1.0247336E-5
598.53815, 1.0363007E-5
624.4727, 1.03729135E-5
676.34186, 1.0332608E-5
705.2622, 1.0401378E-5
737.564, 1.0495439E-5
769.86804, 1.0498157E-5
834.476, 1.0445895E-5
934.476, 1.0430727E-5
957.4048, 1.0521527E-5
980.33673, 1.0553658E-5
1000.63, 1.05268455E-5
1020.7864, 1.0479564E-5
1041.2104, 1.0256776E-5
1061.2699, 1.0085621E-5
1100.95, 1.0029618E-5
1127.1512, 9.857267E-6
1151.4071, 9.8640485E-6
1199.9191, 9.88221E-6
1220.9651, 9.6569765E-6
1247.7335, 9.651217E-6
1283.4248, 9.565183E-6
1303.891, 9.514383E-6
1324.4175, 9.492356E-6
1345.3318, 9.438423E-6
1379.103, 9.434857E-6
1424.1312, 9.49369E-6
1447.1107, 9.374208E-6
1485.2582, 9.332687E-6
1536.1213, 9.258361E-6
1566.473, 9.292814E-6
1594.5376, 9.26317E-6
1618.1089, 9.312172E-6
1641.7122, 9.235236E-6
1688.9188, 9.240494E-6
1783.3322, 9.3352755E-6
1883.3322, 9.279002E-6
1918.2388, 9.215374E-6
1952.4417, 9.226151E-6
2000.0, 9.227483E-6
