Time (s), esn 1 individual current (A)
25.513973, 3.87768E-5
47.94545, 4.0535448E-5
77.81673, 4.6561257E-5
107.68806, 4.724915E-5
134.89421, 5.1724262E-5
162.10179, 5.3585612E-5
183.75162, 5.7396453E-5
206.68947, 5.865355E-5
249.46461, 6.1670165E-5
271.35352, 6.699529E-5
293.24402, 6.564082E-5
337.025, 6.705152E-5
357.46384, 7.153941E-5
377.51654, 7.2076415E-5
416.7095, 7.3785915E-5
456.52457, 7.445683E-5
494.06387, 7.774522E-5
531.60596, 7.711244E-5
567.555, 8.056584E-5
598.53815, 8.3004634E-5
624.4727, 8.353714E-5
676.34186, 8.2706174E-5
705.2622, 8.5320105E-5
737.564, 8.682566E-5
769.86804, 8.867324E-5
834.476, 8.725098E-5
934.476, 8.7779044E-5
957.4048, 9.015009E-5
980.33673, 8.999331E-5
1000.63, 9.032821E-5
1020.7864, 8.951994E-5
1041.2104, 8.4339255E-5
1061.2699, 8.054551E-5
1100.95, 7.65697E-5
1127.1512, 7.286009E-5
1151.4071, 7.212232E-5
1199.9191, 7.144577E-5
1220.9651, 6.522301E-5
1247.7335, 6.360446E-5
1283.4248, 6.282049E-5
1303.891, 6.154718E-5
1324.4175, 6.0199684E-5
1345.3318, 5.878773E-5
1379.103, 5.842939E-5
1424.1312, 5.873064E-5
1447.1107, 5.630498E-5
1485.2582, 5.6001838E-5
1536.1213, 5.574578E-5
1566.473, 5.4519165E-5
1594.5376, 5.3565753E-5
1618.1089, 5.4028336E-5
1641.7122, 5.2581618E-5
1688.9188, 5.4518317E-5
1783.3322, 5.3518055E-5
1883.3322, 5.490926E-5
1918.2388, 5.2617517E-5
1952.4417, 5.3325824E-5
2000.0, 5.1784235E-5
