Time (s), esn 2 individual current (A)
25.513973, -6.428732E-7
47.94545, -1.7233673E-6
77.81673, -2.1345327E-6
107.68806, -3.5875473E-6
134.89421, -4.1291323E-6
162.10179, -5.945016E-6
183.75162, -7.176175E-6
206.68947, -8.318555E-6
249.46461, -8.6400905E-6
271.35352, -9.508917E-6
293.24402, -1.1116612E-5
337.025, -1.0794901E-5
357.46384, -1.3117674E-5
377.51654, -1.3697956E-5
416.7095, -1.45426975E-5
456.52457, -1.5823794E-5
494.06387, -1.5451384E-5
531.60596, -1.744947E-5
567.555, -1.748049E-5
598.53815, -1.7548115E-5
624.4727, -1.9093974E-5
676.34186, -1.9714947E-5
705.2622, -1.9670837E-5
737.564, -2.0198151E-5
769.86804, -2.0599791E-5
834.476, -2.1183003E-5
934.476, -2.2545859E-5
957.4048, -2.0915855E-5
980.33673, -2.2464585E-5
1000.63, -2.2608583E-5
1020.7864, -2.7945678E-5
1041.2104, -3.146851E-5
1061.2699, -3.2283486E-5
1100.95, -3.049359E-5
1127.1512, -2.947643E-5
1151.4071, -2.869361E-5
1199.9191, -2.8666167E-5
1220.9651, -2.7038692E-5
1247.7335, -2.6195861E-5
1283.4248, -2.5783182E-5
1303.891, -2.5119116E-5
1324.4175, -2.3633138E-5
1345.3318, -2.4085111E-5
1379.103, -2.4261299E-5
1424.1312, -2.3428314E-5
1447.1107, -2.3317976E-5
1485.2582, -2.2066957E-5
1536.1213, -2.357304E-5
1566.473, -2.2621769E-5
1594.5376, -2.2467615E-5
1618.1089, -2.351087E-5
1641.7122, -2.397743E-5
1688.9188, -2.1157819E-5
1783.3322, -2.0993517E-5
1883.3322, -2.2124115E-5
1918.2388, -2.257676E-5
1952.4417, -1.975527E-5
2000.0, -2.2425002E-5
