Time (s), esn 2 individual current (A)
25.513973, 2.3074928E-5
47.94545, 2.425774E-5
77.81673, 2.6631384E-5
107.68806, 2.7386843E-5
134.89421, 2.845114E-5
162.10179, 2.8406459E-5
183.75162, 3.127324E-5
206.68947, 3.1635605E-5
249.46461, 3.2958087E-5
271.35352, 3.4377957E-5
293.24402, 3.4207602E-5
337.025, 3.4984914E-5
357.46384, 3.618063E-5
377.51654, 3.6132085E-5
416.7095, 3.7074933E-5
456.52457, 3.5957586E-5
494.06387, 3.7766193E-5
531.60596, 3.7846974E-5
567.555, 3.911791E-5
598.53815, 4.0188334E-5
624.4727, 4.043235E-5
676.34186, 3.9803774E-5
705.2622, 4.054723E-5
737.564, 4.1595853E-5
769.86804, 4.0880157E-5
834.476, 4.1142222E-5
934.476, 4.142594E-5
957.4048, 4.2793232E-5
980.33673, 4.280691E-5
1000.63, 4.205393E-5
1020.7864, 4.2051117E-5
1041.2104, 3.9384762E-5
1061.2699, 3.7117865E-5
1100.95, 3.6288893E-5
1127.1512, 3.4479504E-5
1151.4071, 3.535498E-5
1199.9191, 3.47173E-5
1220.9651, 3.2218522E-5
1247.7335, 3.1921216E-5
1283.4248, 3.1727595E-5
1303.891, 3.0542185E-5
1324.4175, 2.9819668E-5
1345.3318, 2.998393E-5
1379.103, 3.0150768E-5
1424.1312, 3.0495507E-5
1447.1107, 2.9300938E-5
1485.2582, 2.9208242E-5
1536.1213, 2.8367502E-5
1566.473, 2.8558137E-5
1594.5376, 2.8051852E-5
1618.1089, 2.8766486E-5
1641.7122, 2.7737475E-5
1688.9188, 2.7997668E-5
1783.3322, 2.8225917E-5
1883.3322, 2.8345983E-5
1918.2388, 2.8118191E-5
1952.4417, 2.7274238E-5
2000.0, 2.7942428E-5
