Time (s), esn 2 individual current (A)
25.513973, 9.161746E-7
47.94545, 1.6596337E-6
77.81673, 3.7633365E-6
107.68806, 3.771869E-6
134.89421, 4.988793E-6
162.10179, 5.030993E-6
183.75162, 6.1393584E-6
206.68947, 6.457179E-6
249.46461, 7.1002114E-6
271.35352, 7.833999E-6
293.24402, 7.757102E-6
337.025, 7.813627E-6
357.46384, 8.680209E-6
377.51654, 8.677647E-6
416.7095, 9.155803E-6
456.52457, 9.167639E-6
494.06387, 9.62366E-6
531.60596, 9.616065E-6
567.555, 1.0176408E-5
598.53815, 1.0592486E-5
624.4727, 1.0733412E-5
676.34186, 1.0516525E-5
705.2622, 1.0797222E-5
737.564, 1.1121035E-5
769.86804, 1.109867E-5
834.476, 1.1085413E-5
934.476, 1.1159786E-5
957.4048, 1.1512051E-5
980.33673, 1.1516935E-5
1000.63, 1.1652577E-5
1020.7864, 1.1304097E-5
1041.2104, 1.0084735E-5
1061.2699, 9.158371E-6
1100.95, 8.674994E-6
1127.1512, 8.009705E-6
1151.4071, 7.885841E-6
1199.9191, 7.941447E-6
1220.9651, 6.801455E-6
1247.7335, 6.5444424E-6
1283.4248, 6.519965E-6
1303.891, 6.0097595E-6
1324.4175, 5.9243744E-6
1345.3318, 5.652062E-6
1379.103, 5.6132626E-6
1424.1312, 5.592205E-6
1447.1107, 5.1653924E-6
1485.2582, 5.0540916E-6
1536.1213, 5.0694757E-6
1566.473, 4.855401E-6
1594.5376, 4.852579E-6
1618.1089, 4.7478325E-6
1641.7122, 4.7488425E-6
1688.9188, 4.7228364E-6
1783.3322, 4.7412905E-6
1883.3322, 4.6821283E-6
1918.2388, 4.462369E-6
1952.4417, 4.444636E-6
2000.0, 4.4334547E-6
