Time (s), esn 0 individual current (A)
25.513973, -1.3131635E-6
47.94545, -8.9383104E-7
77.81673, -9.4162857E-7
107.68806, -7.191145E-7
134.89421, -7.1677505E-7
162.10179, -7.6313984E-7
183.75162, -6.9869276E-7
206.68947, -6.268557E-7
249.46461, -5.322647E-7
271.35352, -6.10728E-7
293.24402, -7.275352E-7
337.025, -7.034833E-7
357.46384, -5.1136453E-7
377.51654, -6.6882575E-7
416.7095, -5.9914424E-7
456.52457, -5.217878E-7
494.06387, -5.9101563E-7
531.60596, -5.113796E-7
567.555, -6.7973815E-7
598.53815, -6.734553E-7
624.4727, -7.4581646E-7
676.34186, -4.442204E-7
705.2622, -5.2807104E-7
737.564, -5.0319693E-7
769.86804, -5.2861674E-7
834.476, -6.2638895E-7
934.476, -5.3364346E-7
957.4048, -4.573241E-7
980.33673, -6.868275E-7
1000.63, -2.867661E-7
1020.7864, -6.07781E-7
1041.2104, -5.907813E-7
1061.2699, -5.998979E-7
1100.95, -5.172091E-7
1127.1512, -5.434484E-7
1151.4071, -7.6077214E-7
1199.9191, -1.0985909E-6
1220.9651, -6.1830514E-7
1247.7335, -5.985081E-7
1283.4248, -1.0102434E-6
1303.891, -5.3322066E-7
1324.4175, -7.239054E-7
1345.3318, -6.730285E-7
1379.103, -6.5255585E-7
1424.1312, -7.107671E-7
1447.1107, -7.541462E-7
1485.2582, -8.0795945E-7
1536.1213, -6.7144674E-7
1566.473, -6.98234E-7
1594.5376, -4.107991E-7
1618.1089, -7.549608E-7
1641.7122, -3.7634464E-7
1688.9188, -6.4861814E-7
1783.3322, -7.862624E-7
1883.3322, -7.152747E-7
1918.2388, -7.723717E-7
1952.4417, -7.7279714E-7
2000.0, -7.7770443E-7
