Time (s), esn 2 individual current (A)
25.513973, -1.2880347E-5
47.94545, -2.876616E-5
77.81673, -3.36848E-5
107.68806, -5.238398E-5
134.89421, -5.6738943E-5
162.10179, -7.224375E-5
183.75162, -8.5608E-5
206.68947, -9.4685915E-5
249.46461, -9.6571544E-5
271.35352, -9.972947E-5
293.24402, -1.1077095E-4
337.025, -1.2267836E-4
357.46384, -1.1647039E-4
377.51654, -1.318556E-4
416.7095, -1.3515633E-4
456.52457, -1.41011E-4
494.06387, -1.3624162E-4
531.60596, -1.4953643E-4
567.555, -1.5445612E-4
598.53815, -1.4743532E-4
624.4727, -1.5267837E-4
676.34186, -1.6136502E-4
705.2622, -1.6276546E-4
737.564, -1.6241158E-4
769.86804, -1.6153645E-4
834.476, -1.6270038E-4
934.476, -1.8685444E-4
957.4048, -1.690958E-4
980.33673, -1.8257328E-4
1000.63, -1.7091379E-4
1020.7864, -2.1746289E-4
1041.2104, -2.720393E-4
1061.2699, -3.015823E-4
1100.95, -2.9638107E-4
1127.1512, -3.060217E-4
1151.4071, -3.0068765E-4
1199.9191, -2.8968815E-4
1220.9651, -3.0493742E-4
1247.7335, -3.0238501E-4
1283.4248, -2.9782986E-4
1303.891, -3.0375997E-4
1324.4175, -3.093366E-4
1345.3318, -3.0771986E-4
1379.103, -3.0487037E-4
1424.1312, -2.9509148E-4
1447.1107, -3.0066055E-4
1485.2582, -2.9595342E-4
1536.1213, -2.865576E-4
1566.473, -3.022029E-4
1594.5376, -3.075738E-4
1618.1089, -3.1332969E-4
1641.7122, -3.166579E-4
1688.9188, -2.9113627E-4
1783.3322, -3.0958242E-4
1883.3322, -2.9642563E-4
1918.2388, -3.0778226E-4
1952.4417, -3.0368645E-4
2000.0, -2.9959896E-4
