Time (s), esn 0 individual current (A)
25.513973, 1.891737E-4
47.94545, 1.8063265E-4
77.81673, 1.68971E-4
107.68806, 1.6800294E-4
134.89421, 1.6117113E-4
162.10179, 1.6032929E-4
183.75162, 1.5490389E-4
206.68947, 1.531413E-4
249.46461, 1.5015727E-4
271.35352, 1.4664362E-4
293.24402, 1.4628306E-4
337.025, 1.4578583E-4
357.46384, 1.4168676E-4
377.51654, 1.4134611E-4
416.7095, 1.3951604E-4
456.52457, 1.3910374E-4
494.06387, 1.3667875E-4
531.60596, 1.3630088E-4
567.555, 1.3413142E-4
598.53815, 1.3259274E-4
624.4727, 1.323472E-4
676.34186, 1.3205178E-4
705.2622, 1.306462E-4
737.564, 1.2960208E-4
769.86804, 1.2948224E-4
834.476, 1.2924516E-4
934.476, 1.2879125E-4
957.4048, 1.2679739E-4
980.33673, 1.2675411E-4
1000.63, 1.2667266E-4
1020.7864, 1.2773914E-4
1041.2104, 1.3136107E-4
1061.2699, 1.3467573E-4
1100.95, 1.3699383E-4
1127.1512, 1.4075599E-4
1151.4071, 1.4162475E-4
1199.9191, 1.4250663E-4
1220.9651, 1.477895E-4
1247.7335, 1.4908022E-4
1283.4248, 1.4961656E-4
1303.891, 1.522932E-4
1324.4175, 1.5280608E-4
1345.3318, 1.5439247E-4
1379.103, 1.5489923E-4
1424.1312, 1.5522627E-4
1447.1107, 1.5716157E-4
1485.2582, 1.5752536E-4
1536.1213, 1.5783074E-4
1566.473, 1.5893875E-4
1594.5376, 1.5903049E-4
1618.1089, 1.595201E-4
1641.7122, 1.5970382E-4
1688.9188, 1.5985561E-4
1783.3322, 1.6014471E-4
1883.3322, 1.6009391E-4
1918.2388, 1.6114255E-4
1952.4417, 1.6119689E-4
2000.0, 1.6109922E-4
