Time (s), esn 0 individual current (A)
25.513973, 6.181986E-6
47.94545, 6.310061E-6
77.81673, 6.6445596E-6
107.68806, 6.673501E-6
134.89421, 6.9140824E-6
162.10179, 6.9236694E-6
183.75162, 7.1480704E-6
206.68947, 7.218545E-6
249.46461, 7.346684E-6
271.35352, 7.4736636E-6
293.24402, 7.41875E-6
337.025, 7.495101E-6
357.46384, 7.6255637E-6
377.51654, 7.679925E-6
416.7095, 7.765113E-6
456.52457, 7.726265E-6
494.06387, 7.890786E-6
531.60596, 7.86639E-6
567.555, 7.9914635E-6
598.53815, 8.020724E-6
624.4727, 8.065919E-6
676.34186, 7.998081E-6
705.2622, 8.090493E-6
737.564, 8.178433E-6
769.86804, 8.211756E-6
834.476, 8.1689595E-6
934.476, 8.195603E-6
957.4048, 8.259175E-6
980.33673, 8.311764E-6
1000.63, 8.309188E-6
1020.7864, 8.235734E-6
1041.2104, 8.086127E-6
1061.2699, 7.952203E-6
1100.95, 7.887927E-6
1127.1512, 7.681921E-6
1151.4071, 7.658971E-6
1199.9191, 7.594559E-6
1220.9651, 7.4122017E-6
1247.7335, 7.3862952E-6
1283.4248, 7.379301E-6
1303.891, 7.240551E-6
1324.4175, 7.2604066E-6
1345.3318, 7.1764325E-6
1379.103, 7.1929862E-6
1424.1312, 7.0991714E-6
1447.1107, 7.05121E-6
1485.2582, 7.101104E-6
1536.1213, 7.0888686E-6
1566.473, 7.00339E-6
1594.5376, 6.995739E-6
1618.1089, 7.0019796E-6
1641.7122, 6.9901644E-6
1688.9188, 7.0079263E-6
1783.3322, 6.960827E-6
1883.3322, 6.894371E-6
1918.2388, 6.948523E-6
1952.4417, 6.88355E-6
2000.0, 6.9276452E-6
