Time (s), esn 1 individual current (A)
25.513973, 0.0
47.94545, 0.0
77.81673, 0.0
107.68806, 0.0
134.89421, 0.0
162.10179, 0.0
183.75162, 0.0
206.68947, 0.0
249.46461, 0.0
271.35352, 0.0
293.24402, 0.0
337.025, 0.0
357.46384, 0.0
377.51654, 0.0
416.7095, 0.0
456.52457, 0.0
494.06387, 0.0
531.60596, 0.0
567.555, 0.0
598.53815, 0.0
624.4727, 0.0
676.34186, 0.0
705.2622, 0.0
737.564, 0.0
769.86804, 0.0
834.476, 0.0
934.476, 0.0
957.4048, 0.0
980.33673, 0.0
1000.63, 9.4625946E-11
1020.7864, 8.2253095E-8
1041.2104, 2.2815541E-7
1061.2699, 3.7401097E-7
1100.95, 4.3200004E-7
1127.1512, 4.3200004E-7
1151.4071, 4.3200004E-7
1199.9191, 4.3200004E-7
1220.9651, 4.3200004E-7
1247.7335, 4.3200004E-7
1283.4248, 4.3200004E-7
1303.891, 4.3200004E-7
1324.4175, 4.3200004E-7
1345.3318, 4.3200004E-7
1379.103, 4.3200004E-7
1424.1312, 4.3200004E-7
1447.1107, 4.3200004E-7
1485.2582, 4.3200004E-7
1536.1213, 4.3200004E-7
1566.473, 4.3200004E-7
1594.5376, 4.3200004E-7
1618.1089, 4.3200004E-7
1641.7122, 4.3200004E-7
1688.9188, 4.3200004E-7
1783.3322, 4.3200004E-7
1883.3322, 4.3200004E-7
1918.2388, 4.3200004E-7
1952.4417, 4.3200004E-7
2000.0, 4.3200004E-7
