Time (s), esn 1 individual current (A)
25.513973, -5.926098E-7
47.94545, -2.008039E-7
77.81673, -3.6249315E-7
107.68806, -2.71277E-7
134.89421, -3.4848185E-7
162.10179, -5.0102915E-7
183.75162, -4.7034277E-7
206.68947, -3.7921762E-7
249.46461, -3.9892694E-7
271.35352, -5.848274E-7
293.24402, -3.0280336E-7
337.025, -5.824037E-7
357.46384, -4.6868786E-7
377.51654, -7.140922E-7
416.7095, -6.1709807E-7
456.52457, -3.3517327E-7
494.06387, -5.519609E-7
531.60596, -3.9750947E-7
567.555, -5.19548E-7
598.53815, -5.3415357E-7
624.4727, -8.5083286E-7
676.34186, -3.8463008E-7
705.2622, -5.7490206E-7
737.564, -7.917652E-7
769.86804, -4.6948114E-7
834.476, -9.135051E-7
934.476, -6.895334E-7
957.4048, -5.5676406E-7
980.33673, -4.9307664E-7
1000.63, -6.121963E-7
1020.7864, -5.9009767E-7
1041.2104, -6.4282386E-7
1061.2699, -6.7429124E-7
1100.95, -6.5250237E-7
1127.1512, -8.0963827E-7
1151.4071, -6.663116E-7
1199.9191, -5.7093405E-7
1220.9651, -6.9750445E-7
1247.7335, -5.8074284E-7
1283.4248, -7.211118E-7
1303.891, -6.758428E-7
1324.4175, -5.6085673E-7
1345.3318, -7.010419E-7
1379.103, -8.396495E-7
1424.1312, -6.1018045E-7
1447.1107, -6.988846E-7
1485.2582, -7.4356257E-7
1536.1213, -8.8857536E-7
1566.473, -6.520933E-7
1594.5376, -4.898358E-7
1618.1089, -7.238303E-7
1641.7122, -4.974433E-7
1688.9188, -5.721068E-7
1783.3322, -6.645775E-7
1883.3322, -5.2715114E-7
1918.2388, -8.771839E-7
1952.4417, -5.833939E-7
2000.0, -6.3408055E-7
