Time (s), esn 0 individual current (A)
25.513973, 1.7047456E-5
47.94545, 1.7909619E-5
77.81673, 2.0510963E-5
107.68806, 2.0780175E-5
134.89421, 2.3131714E-5
162.10179, 2.3761562E-5
183.75162, 2.5843263E-5
206.68947, 2.6391765E-5
249.46461, 2.7891087E-5
271.35352, 2.9250597E-5
293.24402, 2.9505243E-5
337.025, 3.0161895E-5
357.46384, 3.1725256E-5
377.51654, 3.2517706E-5
416.7095, 3.3098742E-5
456.52457, 3.283587E-5
494.06387, 3.513618E-5
531.60596, 3.456039E-5
567.555, 3.637806E-5
598.53815, 3.700069E-5
624.4727, 3.6853395E-5
676.34186, 3.703345E-5
705.2622, 3.8149385E-5
737.564, 3.900217E-5
769.86804, 3.9325085E-5
834.476, 3.9023842E-5
934.476, 3.9912127E-5
957.4048, 4.046664E-5
980.33673, 4.077123E-5
1000.63, 4.0561903E-5
1020.7864, 4.0245246E-5
1041.2104, 3.7878213E-5
1061.2699, 3.5981237E-5
1100.95, 3.4910103E-5
1127.1512, 3.2615033E-5
1151.4071, 3.19633E-5
1199.9191, 3.1802283E-5
1220.9651, 2.8995968E-5
1247.7335, 2.8376971E-5
1283.4248, 2.8225499E-5
1303.891, 2.7034537E-5
1324.4175, 2.6962503E-5
1345.3318, 2.5751599E-5
1379.103, 2.550186E-5
1424.1312, 2.5203099E-5
1447.1107, 2.4895991E-5
1485.2582, 2.4924695E-5
1536.1213, 2.4716643E-5
1566.473, 2.4406585E-5
1594.5376, 2.3493083E-5
1618.1089, 2.3972192E-5
1641.7122, 2.3879134E-5
1688.9188, 2.3718028E-5
1783.3322, 2.4012865E-5
1883.3322, 2.3983688E-5
1918.2388, 2.357143E-5
1952.4417, 2.3638018E-5
2000.0, 2.3512117E-5
