Time (s), esn 2 individual current (A)
25.513973, -1.5951213E-6
47.94545, -3.2473295E-8
77.81673, -6.354984E-11
107.68806, -1.5136538E-10
134.89421, -1.9449462E-6
162.10179, -3.6973674E-13
183.75162, -6.382095E-12
206.68947, -1.9723768E-7
249.46461, -1.6172438E-12
271.35352, -5.6234054E-13
293.24402, -2.5754103E-13
337.025, -1.2345576E-12
357.46384, -1.8528938E-6
377.51654, -1.9646257E-6
416.7095, -2.1226724E-6
456.52457, -2.9124706E-13
494.06387, -8.3571984E-14
531.60596, -1.4033113E-13
567.555, -3.707233E-14
598.53815, -7.835492E-7
624.4727, -2.7523877E-14
676.34186, -1.8725268E-6
705.2622, -3.8154488E-7
737.564, -1.3499519E-8
769.86804, -1.9081255E-14
834.476, -1.8746377E-14
934.476, -1.4633658E-14
957.4048, -1.2169444E-7
980.33673, -9.3413445E-15
1000.63, -5.781481E-15
1020.7864, -8.098984E-7
1041.2104, -5.944304E-7
1061.2699, -1.1891727E-6
1100.95, -2.4872092E-12
1127.1512, -3.078866E-6
1151.4071, -7.023872E-12
1199.9191, -1.9998681E-6
1220.9651, -8.3930433E-7
1247.7335, -3.925026E-11
1283.4248, -4.1433152E-11
1303.891, -1.0976845E-6
1324.4175, -2.4963214E-7
1345.3318, -1.4478174E-7
1379.103, -1.6611108E-10
1424.1312, -8.853831E-11
1447.1107, -2.0128913E-7
1485.2582, -1.3937786E-10
1536.1213, -1.2664335E-10
1566.473, -3.517807E-6
1594.5376, -3.7131173E-10
1618.1089, -1.4416581E-6
1641.7122, -2.3679206E-10
1688.9188, -2.255901E-6
1783.3322, -3.7793593E-10
1883.3322, -2.7727468E-10
1918.2388, -3.973801E-8
1952.4417, -4.6109608E-10
2000.0, -2.6054275E-10
