Time (s), esn 0 individual current (A)
25.513973, -2.5709855E-4
47.94545, -2.5069513E-4
77.81673, -2.3639711E-4
107.68806, -2.3504937E-4
134.89421, -2.2550242E-4
162.10179, -2.2432469E-4
183.75162, -2.1673439E-4
206.68947, -2.1426826E-4
249.46461, -2.1009322E-4
271.35352, -2.0517707E-4
293.24402, -2.0467243E-4
337.025, -2.0397686E-4
357.46384, -1.9824164E-4
377.51654, -1.9776468E-4
416.7095, -1.9520434E-4
456.52457, -1.9462746E-4
494.06387, -1.912344E-4
531.60596, -1.90706E-4
567.555, -1.8767042E-4
598.53815, -1.855176E-4
624.4727, -1.8517414E-4
676.34186, -1.8476084E-4
705.2622, -1.8279417E-4
737.564, -1.8133338E-4
769.86804, -1.8116567E-4
834.476, -1.8083377E-4
934.476, -1.8019881E-4
957.4048, -1.7740908E-4
980.33673, -1.7734828E-4
1000.63, -1.772346E-4
1020.7864, -1.7872672E-4
1041.2104, -1.8379437E-4
1061.2699, -1.8843202E-4
1100.95, -1.9167554E-4
1127.1512, -1.9693933E-4
1151.4071, -1.9815488E-4
1199.9191, -1.9938868E-4
1220.9651, -2.0678021E-4
1247.7335, -2.0858622E-4
1283.4248, -2.0933645E-4
1303.891, -2.1308172E-4
1324.4175, -2.1379936E-4
1345.3318, -2.1601871E-4
1379.103, -2.167276E-4
1424.1312, -2.1718514E-4
1447.1107, -2.1989307E-4
1485.2582, -2.2040181E-4
1536.1213, -2.2082937E-4
1566.473, -2.2237963E-4
1594.5376, -2.2250766E-4
1618.1089, -2.2319287E-4
1641.7122, -2.2344991E-4
1688.9188, -2.23662E-4
1783.3322, -2.2406668E-4
1883.3322, -2.2399548E-4
1918.2388, -2.2546243E-4
1952.4417, -2.255386E-4
2000.0, -2.2540173E-4
