Time (s), esn 1 individual current (A)
25.513973, -2.527403E-6
47.94545, -6.790848E-7
77.81673, -6.461755E-9
107.68806, -4.317569E-9
134.89421, -2.5911776E-10
162.10179, -1.7415101E-10
183.75162, -1.7871633E-11
206.68947, -8.730381E-12
249.46461, -1.931845E-12
271.35352, -3.8079313E-13
293.24402, -3.187562E-13
337.025, -2.5222232E-13
357.46384, -3.625462E-14
377.51654, -3.0240974E-14
416.7095, -1.2304894E-14
456.52457, -1.0020273E-14
494.06387, -3.0027938E-15
531.60596, -2.4725739E-15
567.555, -8.2225697E-16
598.53815, -3.7577516E-16
624.4727, -3.2676819E-16
676.34186, -2.8024053E-16
705.2622, -1.3441566E-16
737.564, -7.737821E-17
769.86804, -7.257734E-17
834.476, -6.3983856E-17
934.476, -5.0240664E-17
957.4048, -1.7236401E-17
980.33673, -1.6787783E-17
1000.63, -1.6087277E-17
1020.7864, -3.3155212E-17
1041.2104, -2.240858E-16
1061.2699, -1.1985474E-15
1100.95, -3.569047E-15
1127.1512, -2.2889712E-14
1151.4071, -3.4450087E-14
1199.9191, -5.278536E-14
1220.9651, -7.041961E-13
1247.7335, -1.1741268E-12
1283.4248, -1.5003297E-12
1303.891, -5.1107022E-12
1324.4175, -6.504317E-12
1345.3318, -1.3090838E-11
1379.103, -1.6315943E-11
1424.1312, -1.8843918E-11
1447.1107, -4.4513667E-11
1485.2582, -5.178297E-11
1536.1213, -5.915659E-11
1566.473, -9.589797E-11
1594.5376, -9.955701E-11
1618.1089, -1.232416E-10
1641.7122, -1.331197E-10
1688.9188, -1.4209128E-10
1783.3322, -1.6089491E-10
1883.3322, -1.5741781E-10
1918.2388, -2.4674152E-10
1952.4417, -2.5235056E-10
2000.0, -2.4205524E-10
