Time (s), esn 1 individual current (A)
25.513973, 9.537529E-6
47.94545, 9.734938E-6
77.81673, 1.02936965E-5
107.68806, 1.0349905E-5
134.89421, 1.0664297E-5
162.10179, 1.0695055E-5
183.75162, 1.100987E-5
206.68947, 1.1153945E-5
249.46461, 1.1280293E-5
271.35352, 1.1506744E-5
293.24402, 1.1529372E-5
337.025, 1.161907E-5
357.46384, 1.177465E-5
377.51654, 1.1852503E-5
416.7095, 1.19210645E-5
456.52457, 1.2014669E-5
494.06387, 1.212259E-5
531.60596, 1.2108611E-5
567.555, 1.22502415E-5
598.53815, 1.2372955E-5
624.4727, 1.23879745E-5
676.34186, 1.2413613E-5
705.2622, 1.2500253E-5
737.564, 1.2567392E-5
769.86804, 1.2641604E-5
834.476, 1.25885645E-5
934.476, 1.2632628E-5
957.4048, 1.2759245E-5
980.33673, 1.27920885E-5
1000.63, 1.281714E-5
1020.7864, 1.2690097E-5
1041.2104, 1.2454701E-5
1061.2699, 1.2238462E-5
1100.95, 1.2098196E-5
1127.1512, 1.1822489E-5
1151.4071, 1.1783003E-5
1199.9191, 1.177804E-5
1220.9651, 1.1413838E-5
1247.7335, 1.13445E-5
1283.4248, 1.1336178E-5
1303.891, 1.11827385E-5
1324.4175, 1.11691115E-5
1345.3318, 1.1075523E-5
1379.103, 1.09832245E-5
1424.1312, 1.1035982E-5
1447.1107, 1.0916763E-5
1485.2582, 1.0894038E-5
1536.1213, 1.0920682E-5
1566.473, 1.0739353E-5
1594.5376, 1.0724443E-5
1618.1089, 1.0780959E-5
1641.7122, 1.070729E-5
1688.9188, 1.0763308E-5
1783.3322, 1.0796328E-5
1883.3322, 1.07058695E-5
1918.2388, 1.0680498E-5
1952.4417, 1.0728173E-5
2000.0, 1.0688379E-5
