Time (s), esn 0 individual current (A)
25.513973, -9.278326E-6
47.94545, -1.774549E-6
77.81673, -1.1419484E-6
107.68806, -4.1238648E-11
134.89421, -4.1866624E-6
162.10179, -1.1891812E-12
183.75162, -2.5816387E-6
206.68947, -3.108303E-6
249.46461, -1.3314556E-6
271.35352, -1.2997574E-5
293.24402, -1.7703521E-6
337.025, -4.5260817E-6
357.46384, -2.258029E-6
377.51654, -7.404631E-6
416.7095, -5.3843166E-7
456.52457, -3.6554845E-6
494.06387, -5.7545544E-6
531.60596, -4.225554E-6
567.555, -5.698172E-6
598.53815, -5.009788E-6
624.4727, -4.240638E-8
676.34186, -2.734448E-18
705.2622, -1.1525381E-5
737.564, -3.658543E-6
769.86804, -7.1334316E-6
834.476, -1.6041448E-6
934.476, -3.6632942E-19
957.4048, -1.0765258E-6
980.33673, -9.3281016E-20
1000.63, -3.3284186E-6
1020.7864, -6.6532843E-6
1041.2104, -3.3974934E-6
1061.2699, -5.0247663E-6
1100.95, -8.938559E-6
1127.1512, -3.5801402E-6
1151.4071, -3.0288884E-5
1199.9191, -2.935981E-5
1220.9651, -9.50271E-6
1247.7335, -1.4719295E-5
1283.4248, -1.4352985E-14
1303.891, -3.6371887E-6
1324.4175, -1.2386629E-6
1345.3318, -7.1377513E-6
1379.103, -1.2006308E-5
1424.1312, -1.3174268E-5
1447.1107, -6.1081073E-6
1485.2582, -9.196986E-6
1536.1213, -1.8000941E-5
1566.473, -1.3768506E-5
1594.5376, -1.1247068E-12
1618.1089, -9.652546E-7
1641.7122, -6.1298937E-7
1688.9188, -9.690017E-13
1783.3322, -4.9216096E-6
1883.3322, -1.4097921E-5
1918.2388, -6.0244706E-6
1952.4417, -2.1925976E-5
2000.0, -1.9463357E-6
