Time (s), esn 2 individual current (A)
25.513973, 0.0
47.94545, 0.0
77.81673, 0.0
107.68806, 0.0
134.89421, 0.0
162.10179, 0.0
183.75162, 0.0
206.68947, 0.0
249.46461, 0.0
271.35352, 0.0
293.24402, 0.0
337.025, 0.0
357.46384, 0.0
377.51654, 0.0
416.7095, 0.0
456.52457, 0.0
494.06387, 0.0
531.60596, 0.0
567.555, 0.0
598.53815, 0.0
624.4727, 0.0
676.34186, 0.0
705.2622, 0.0
737.564, 0.0
769.86804, 0.0
834.476, 0.0
934.476, 0.0
957.4048, 0.0
980.33673, 0.0
1000.63, -6.853397E-8
1020.7864, -1.4914256E-4
1041.2104, -5.0670555E-4
1061.2699, -9.082569E-4
1100.95, -0.0010354845
1127.1512, -0.0010493422
1151.4071, -0.0010244728
1199.9191, -0.0010044692
1220.9651, -0.0010236173
1247.7335, -0.0010128487
1283.4248, -9.99411E-4
1303.891, -9.98438E-4
1324.4175, -9.850933E-4
1345.3318, -0.0010131261
1379.103, -9.972991E-4
1424.1312, -9.733283E-4
1447.1107, -9.898028E-4
1485.2582, -9.7476784E-4
1536.1213, -9.64344E-4
1566.473, -9.820721E-4
1594.5376, -9.642012E-4
1618.1089, -0.0010351561
1641.7122, -9.933294E-4
1688.9188, -9.825594E-4
1783.3322, -9.6218433E-4
1883.3322, -9.361123E-4
1918.2388, -9.949771E-4
1952.4417, -9.834637E-4
2000.0, -9.619073E-4
