Time (s), esn 0 individual current (A)
25.513973, 7.8146826E-7
47.94545, 1.5194485E-6
77.81673, 3.3221254E-6
107.68806, 3.4803265E-6
134.89421, 4.7283816E-6
162.10179, 4.883909E-6
183.75162, 5.9845597E-6
206.68947, 6.313244E-6
249.46461, 6.9255548E-6
271.35352, 7.639814E-6
293.24402, 7.715084E-6
337.025, 7.697607E-6
357.46384, 8.645037E-6
377.51654, 8.767674E-6
416.7095, 9.125323E-6
456.52457, 9.261167E-6
494.06387, 9.794032E-6
531.60596, 9.743863E-6
567.555, 1.0320458E-5
598.53815, 1.0695183E-5
624.4727, 1.0813019E-5
676.34186, 1.0851275E-5
705.2622, 1.11125E-5
737.564, 1.1479561E-5
769.86804, 1.1535203E-5
834.476, 1.15603E-5
934.476, 1.149906E-5
957.4048, 1.210079E-5
980.33673, 1.2144327E-5
1000.63, 1.21342855E-5
1020.7864, 1.1895187E-5
1041.2104, 1.102307E-5
1061.2699, 1.0308503E-5
1100.95, 9.769539E-6
1127.1512, 9.09053E-6
1151.4071, 8.680489E-6
1199.9191, 8.559021E-6
1220.9651, 7.4776103E-6
1247.7335, 7.2624207E-6
1283.4248, 7.0634474E-6
1303.891, 6.5640256E-6
1324.4175, 6.392623E-6
1345.3318, 6.110435E-6
1379.103, 5.953184E-6
1424.1312, 6.0015E-6
1447.1107, 5.5901037E-6
1485.2582, 5.578308E-6
1536.1213, 5.456794E-6
1566.473, 5.2361647E-6
1594.5376, 5.2214564E-6
1618.1089, 5.090533E-6
1641.7122, 5.0920476E-6
1688.9188, 5.0478725E-6
1783.3322, 5.035976E-6
1883.3322, 4.9642267E-6
1918.2388, 4.8136862E-6
1952.4417, 4.8013335E-6
2000.0, 4.807548E-6
