Time (s), esn 1 individual current (A)
25.513973, 1.1835774E-6
47.94545, 2.2625625E-6
77.81673, 5.062738E-6
107.68806, 5.252829E-6
134.89421, 7.1224576E-6
162.10179, 7.315112E-6
183.75162, 8.919722E-6
206.68947, 9.390396E-6
249.46461, 1.0386986E-5
271.35352, 1.151882E-5
293.24402, 1.148506E-5
337.025, 1.1759336E-5
357.46384, 1.3037381E-5
377.51654, 1.3060142E-5
416.7095, 1.3743639E-5
456.52457, 1.3737877E-5
494.06387, 1.4685507E-5
531.60596, 1.4823813E-5
567.555, 1.5646227E-5
598.53815, 1.6119804E-5
624.4727, 1.6319267E-5
676.34186, 1.635241E-5
705.2622, 1.669008E-5
737.564, 1.714834E-5
769.86804, 1.737353E-5
834.476, 1.7239949E-5
934.476, 1.7255534E-5
957.4048, 1.8028524E-5
980.33673, 1.7949184E-5
1000.63, 1.8073544E-5
1020.7864, 1.7836646E-5
1041.2104, 1.6502372E-5
1061.2699, 1.5399286E-5
1100.95, 1.4543604E-5
1127.1512, 1.3393425E-5
1151.4071, 1.3295565E-5
1199.9191, 1.2972634E-5
1220.9651, 1.11776035E-5
1247.7335, 1.0716792E-5
1283.4248, 1.0629253E-5
1303.891, 9.889294E-6
1324.4175, 9.623261E-6
1345.3318, 9.162127E-6
1379.103, 9.076759E-6
1424.1312, 8.981345E-6
1447.1107, 8.4075555E-6
1485.2582, 8.262314E-6
1536.1213, 8.24435E-6
1566.473, 7.868606E-6
1594.5376, 7.950909E-6
1618.1089, 7.726604E-6
1641.7122, 7.591E-6
1688.9188, 7.68869E-6
1783.3322, 7.5158646E-6
1883.3322, 7.5617327E-6
1918.2388, 7.1957716E-6
1952.4417, 7.2244475E-6
2000.0, 7.232615E-6
