Time (s), esn 1 individual current (A)
25.513973, -3.6161288E-4
47.94545, -3.526064E-4
77.81673, -3.3249595E-4
107.68806, -3.3059993E-4
134.89421, -3.171725E-4
162.10179, -3.1551637E-4
183.75162, -3.0484007E-4
206.68947, -3.0137142E-4
249.46461, -2.9549937E-4
271.35352, -2.8858444E-4
293.24402, -2.8787515E-4
337.025, -2.868966E-4
357.46384, -2.7882974E-4
377.51654, -2.7815942E-4
416.7095, -2.7455788E-4
456.52457, -2.7374644E-4
494.06387, -2.689742E-4
531.60596, -2.6823083E-4
567.555, -2.6396135E-4
598.53815, -2.6093336E-4
624.4727, -2.6045024E-4
676.34186, -2.598689E-4
705.2622, -2.571028E-4
737.564, -2.5504798E-4
769.86804, -2.5481213E-4
834.476, -2.5434565E-4
934.476, -2.5345242E-4
957.4048, -2.495284E-4
980.33673, -2.4944328E-4
1000.63, -2.4928324E-4
1020.7864, -2.513818E-4
1041.2104, -2.5850954E-4
1061.2699, -2.6503252E-4
1100.95, -2.6959454E-4
1127.1512, -2.7699795E-4
1151.4071, -2.7870794E-4
1199.9191, -2.8044317E-4
1220.9651, -2.9083953E-4
1247.7335, -2.9337956E-4
1283.4248, -2.9443484E-4
1303.891, -2.9970257E-4
1324.4175, -3.0071186E-4
1345.3318, -3.038335E-4
1379.103, -3.048306E-4
1424.1312, -3.05474E-4
1447.1107, -3.0928297E-4
1485.2582, -3.0999852E-4
1536.1213, -3.1059966E-4
1566.473, -3.1278032E-4
1594.5376, -3.1296033E-4
1618.1089, -3.1392422E-4
1641.7122, -3.1428557E-4
1688.9188, -3.1458394E-4
1783.3322, -3.151532E-4
1883.3322, -3.1505318E-4
1918.2388, -3.1711633E-4
1952.4417, -3.17223E-4
2000.0, -3.1703088E-4
