Time (s), esn 2 individual current (A)
25.513973, 5.163322E-4
47.94545, 5.002584E-4
77.81673, 4.7012125E-4
107.68806, 4.709214E-4
134.89421, 4.5751483E-4
162.10179, 4.5780747E-4
183.75162, 4.4645072E-4
206.68947, 4.4319997E-4
249.46461, 4.3738366E-4
271.35352, 4.3054338E-4
293.24402, 4.308165E-4
337.025, 4.3120372E-4
357.46384, 4.2285686E-4
377.51654, 4.2269405E-4
416.7095, 4.189177E-4
456.52457, 4.1915572E-4
494.06387, 4.144651E-4
531.60596, 4.1456637E-4
567.555, 4.098071E-4
598.53815, 4.0612824E-4
624.4727, 4.0599544E-4
676.34186, 4.0618065E-4
705.2622, 4.0380497E-4
737.564, 4.0126053E-4
769.86804, 4.0145815E-4
834.476, 4.016103E-4
934.476, 4.0180143E-4
957.4048, 3.9745856E-4
980.33673, 3.97475E-4
1000.63, 3.9753097E-4
1020.7864, 4.011123E-4
1041.2104, 4.1258932E-4
1061.2699, 4.2142815E-4
1100.95, 4.2517562E-4
1127.1512, 4.3151175E-4
1151.4071, 4.316914E-4
1199.9191, 4.316645E-4
1220.9651, 4.4255992E-4
1247.7335, 4.4520493E-4
1283.4248, 4.4520778E-4
1303.891, 4.4997316E-4
1324.4175, 4.5049383E-4
1345.3318, 4.5381603E-4
1379.103, 4.54373E-4
1424.1312, 4.543706E-4
1447.1107, 4.5842354E-4
1485.2582, 4.5905498E-4
1536.1213, 4.590561E-4
1566.473, 4.61474E-4
1594.5376, 4.616178E-4
1618.1089, 4.6224397E-4
1641.7122, 4.624964E-4
1688.9188, 4.6250262E-4
1783.3322, 4.6250084E-4
1883.3322, 4.625038E-4
1918.2388, 4.6537718E-4
1952.4417, 4.6543108E-4
2000.0, 4.6543384E-4
