Time (s), esn 0 individual current (A)
25.513973, 0.0
47.94545, 0.0
77.81673, 0.0
107.68806, 0.0
134.89421, 0.0
162.10179, 0.0
183.75162, 0.0
206.68947, 0.0
249.46461, 0.0
271.35352, 0.0
293.24402, 0.0
337.025, 0.0
357.46384, 0.0
377.51654, 0.0
416.7095, 0.0
456.52457, 0.0
494.06387, 0.0
531.60596, 0.0
567.555, 0.0
598.53815, 0.0
624.4727, 0.0
676.34186, 0.0
705.2622, 0.0
737.564, 0.0
769.86804, 0.0
834.476, 0.0
934.476, 0.0
957.4048, 0.0
980.33673, 0.0
1000.63, 1.7531278E-8
1020.7864, 1.5238971E-5
1041.2104, 4.2270185E-5
1061.2699, 6.9292735E-5
1100.95, 8.003632E-5
1127.1512, 8.003632E-5
1151.4071, 8.003632E-5
1199.9191, 8.003632E-5
1220.9651, 8.003632E-5
1247.7335, 8.003632E-5
1283.4248, 8.003632E-5
1303.891, 8.003632E-5
1324.4175, 8.003632E-5
1345.3318, 8.003632E-5
1379.103, 8.003632E-5
1424.1312, 8.003632E-5
1447.1107, 8.003632E-5
1485.2582, 8.003632E-5
1536.1213, 8.003632E-5
1566.473, 8.003632E-5
1594.5376, 8.003632E-5
1618.1089, 8.003632E-5
1641.7122, 8.003632E-5
1688.9188, 8.003632E-5
1783.3322, 8.003632E-5
1883.3322, 8.003632E-5
1918.2388, 8.003632E-5
1952.4417, 8.003632E-5
2000.0, 8.003632E-5
