Time (s), esn 1 individual current (A)
25.513973, -1.07269784E-7
47.94545, -1.3315577E-7
77.81673, -1.15332334E-7
107.68806, -1.16459134E-7
134.89421, -2.2696923E-7
162.10179, -3.4356046E-7
183.75162, -3.176287E-7
206.68947, -3.097493E-7
249.46461, -3.0948135E-7
271.35352, -4.4171222E-7
293.24402, -3.9436244E-7
337.025, -5.00933E-7
357.46384, -4.9686355E-7
377.51654, -6.579393E-7
416.7095, -5.321544E-7
456.52457, -5.99893E-7
494.06387, -5.605589E-7
531.60596, -5.0419055E-7
567.555, -6.8611786E-7
598.53815, -7.015519E-7
624.4727, -6.327616E-7
676.34186, -6.433257E-7
705.2622, -6.587539E-7
737.564, -6.8793696E-7
769.86804, -8.0125625E-7
834.476, -6.490705E-7
934.476, -7.487115E-7
957.4048, -7.5595096E-7
980.33673, -9.090137E-7
1000.63, -7.460419E-7
1020.7864, -8.2239546E-7
1041.2104, -8.584612E-7
1061.2699, -8.3595745E-7
1100.95, -7.6397487E-7
1127.1512, -7.412845E-7
1151.4071, -7.172206E-7
1199.9191, -7.413081E-7
1220.9651, -6.5604286E-7
1247.7335, -5.627719E-7
1283.4248, -6.040897E-7
1303.891, -5.5256703E-7
1324.4175, -6.415709E-7
1345.3318, -5.23746E-7
1379.103, -5.4372015E-7
1424.1312, -4.6152658E-7
1447.1107, -4.8603965E-7
1485.2582, -4.4846828E-7
1536.1213, -4.88157E-7
1566.473, -4.6527916E-7
1594.5376, -4.563109E-7
1618.1089, -4.835809E-7
1641.7122, -4.7157428E-7
1688.9188, -4.020356E-7
1783.3322, -4.6858497E-7
1883.3322, -4.4900855E-7
1918.2388, -4.5226045E-7
1952.4417, -3.895127E-7
2000.0, -4.852148E-7
