Time (s), esn 2 individual current (A)
25.513973, -2.8883856E-6
47.94545, -1.3945432E-6
77.81673, -3.0827984E-8
107.68806, -3.4772224E-8
134.89421, -5.0544258E-9
162.10179, -5.267723E-9
183.75162, -1.0000345E-9
206.68947, -6.4870365E-10
249.46461, -2.368145E-10
271.35352, -8.1004946E-11
293.24402, -8.619968E-11
337.025, -9.4518664E-11
357.46384, -2.470996E-11
377.51654, -2.428387E-11
416.7095, -1.3247308E-11
456.52457, -1.4321909E-11
494.06387, -6.663481E-12
531.60596, -7.0374904E-12
567.555, -3.0437762E-12
598.53815, -1.6209722E-12
624.4727, -1.6150562E-12
676.34186, -1.7220412E-12
705.2622, -1.1524756E-12
737.564, -7.3233943E-13
769.86804, -7.818668E-13
834.476, -8.290762E-13
934.476, -8.900835E-13
957.4048, -4.0337728E-13
980.33673, -4.1081938E-13
1000.63, -4.2192947E-13
1020.7864, -7.793799E-13
1041.2104, -4.887859E-12
1061.2699, -1.9135546E-11
1100.95, -3.368421E-11
1127.1512, -9.255226E-11
1151.4071, -9.6383686E-11
1199.9191, -9.6623376E-11
1220.9651, -5.5978244E-10
1247.7335, -7.860957E-10
1283.4248, -7.9272217E-10
1303.891, -1.638798E-9
1324.4175, -1.7942435E-9
1345.3318, -2.9338862E-9
1379.103, -3.2007357E-9
1424.1312, -3.2095973E-9
1447.1107, -5.836252E-9
1485.2582, -6.408691E-9
1536.1213, -6.4207786E-9
1566.473, -9.124454E-9
1594.5376, -9.33408E-9
1618.1089, -1.0295721E-8
1641.7122, -1.0661186E-8
1688.9188, -1.0661011E-8
1783.3322, -1.0664225E-8
1883.3322, -1.0656723E-8
1918.2388, -1.6039854E-8
1952.4417, -1.6196564E-8
2000.0, -1.6205748E-8
