Time (s), esn 1 individual current (A)
25.513973, 1.4962428E-4
47.94545, 1.4189807E-4
77.81673, 1.3238507E-4
107.68806, 1.3162542E-4
134.89421, 1.2627077E-4
162.10179, 1.2561119E-4
183.75162, 1.21360514E-4
206.68947, 1.19979566E-4
249.46461, 1.1764178E-4
271.35352, 1.1488893E-4
293.24402, 1.1460645E-4
337.025, 1.1421687E-4
357.46384, 1.1100543E-4
377.51654, 1.10738525E-4
416.7095, 1.093047E-4
456.52457, 1.08981665E-4
494.06387, 1.070818E-4
531.60596, 1.0678585E-4
567.555, 1.05086205E-4
598.53815, 1.0388066E-4
624.4727, 1.0368833E-4
676.34186, 1.0345689E-4
705.2622, 1.0235568E-4
737.564, 1.0153764E-4
769.86804, 1.0144373E-4
834.476, 1.0125792E-4
934.476, 1.00902456E-4
957.4048, 9.934024E-5
980.33673, 9.930635E-5
1000.63, 9.924269E-5
1020.7864, 1.000781E-4
1041.2104, 1.02915736E-4
1061.2699, 1.055126E-4
1100.95, 1.0732881E-4
1127.1512, 1.102762E-4
1151.4071, 1.10956906E-4
1199.9191, 1.1164778E-4
1220.9651, 1.1578669E-4
1247.7335, 1.1679791E-4
1283.4248, 1.1721802E-4
1303.891, 1.1931519E-4
1324.4175, 1.1971699E-4
1345.3318, 1.2095975E-4
1379.103, 1.21356796E-4
1424.1312, 1.21612946E-4
1447.1107, 1.231293E-4
1485.2582, 1.234142E-4
1536.1213, 1.2365353E-4
1566.473, 1.2452174E-4
1594.5376, 1.2459345E-4
1618.1089, 1.2497719E-4
1641.7122, 1.251212E-4
1688.9188, 1.2523991E-4
1783.3322, 1.2546657E-4
1883.3322, 1.254267E-4
1918.2388, 1.2624836E-4
1952.4417, 1.2629083E-4
2000.0, 1.2621435E-4
