Time (s), esn 2 individual current (A)
25.513973, -3.2597609E-4
47.94545, -3.2058745E-4
77.81673, -3.0561295E-4
107.68806, -3.0612003E-4
134.89421, -2.9750247E-4
162.10179, -2.9769223E-4
183.75162, -2.9032136E-4
206.68947, -2.8820868E-4
249.46461, -2.844276E-4
271.35352, -2.7997995E-4
293.24402, -2.8015752E-4
337.025, -2.8040927E-4
357.46384, -2.749817E-4
377.51654, -2.7487573E-4
416.7095, -2.7242006E-4
456.52457, -2.7257483E-4
494.06387, -2.695245E-4
531.60596, -2.695906E-4
567.555, -2.6649568E-4
598.53815, -2.6410323E-4
624.4727, -2.640168E-4
676.34186, -2.6413728E-4
705.2622, -2.6259248E-4
737.564, -2.6093784E-4
769.86804, -2.6106628E-4
834.476, -2.611651E-4
934.476, -2.6128956E-4
957.4048, -2.5846533E-4
980.33673, -2.5847615E-4
1000.63, -2.585125E-4
1020.7864, -2.6084136E-4
1041.2104, -2.683048E-4
1061.2699, -2.740526E-4
1100.95, -2.7648942E-4
1127.1512, -2.8060962E-4
1151.4071, -2.8072667E-4
1199.9191, -2.8070895E-4
1220.9651, -2.8779265E-4
1247.7335, -2.8951187E-4
1283.4248, -2.8951376E-4
1303.891, -2.9260974E-4
1324.4175, -2.929479E-4
1345.3318, -2.951044E-4
1379.103, -2.9546567E-4
1424.1312, -2.9546407E-4
1447.1107, -2.9809077E-4
1485.2582, -2.9849942E-4
1536.1213, -2.984999E-4
1566.473, -3.0006337E-4
1594.5376, -3.00156E-4
1618.1089, -3.005601E-4
1641.7122, -3.0072284E-4
1688.9188, -3.007271E-4
1783.3322, -3.00726E-4
1883.3322, -3.0072773E-4
1918.2388, -3.0257812E-4
1952.4417, -3.0261237E-4
2000.0, -3.0261435E-4
