Time (s), esn 0 individual current (A)
25.513973, -1.7969256E-6
47.94545, -4.8281396E-7
77.81673, -4.5941606E-9
107.68806, -3.0696892E-9
134.89421, -1.8422673E-10
162.10179, -1.2381733E-10
183.75162, -1.2706323E-11
206.68947, -6.2070986E-12
249.46461, -1.3734966E-12
271.35352, -2.7073512E-13
293.24402, -2.2662841E-13
337.025, -1.7932432E-13
357.46384, -2.5776209E-14
377.51654, -2.1500622E-14
416.7095, -8.7484985E-15
456.52457, -7.124192E-15
494.06387, -2.1349175E-15
531.60596, -1.7579429E-15
567.555, -5.846059E-16
598.53815, -2.671676E-16
624.4727, -2.323247E-16
676.34186, -1.9924464E-16
705.2622, -9.5566486E-17
737.564, -5.501416E-17
769.86804, -5.160084E-17
834.476, -4.5491152E-17
934.476, -3.5719952E-17
957.4048, -1.225469E-17
980.33673, -1.193573E-17
1000.63, -1.1437677E-17
1020.7864, -2.3572598E-17
1041.2104, -1.5931984E-16
1061.2699, -8.521395E-16
1100.95, -2.5375112E-15
1127.1512, -1.6274056E-14
1151.4071, -2.4493221E-14
1199.9191, -3.752916E-14
1220.9651, -5.0066743E-13
1247.7335, -8.3477707E-13
1283.4248, -1.0667E-12
1303.891, -3.6335917E-12
1324.4175, -4.6244154E-12
1345.3318, -9.307281E-12
1379.103, -1.160025E-11
1424.1312, -1.3397594E-11
1447.1107, -3.16482E-11
1485.2582, -3.6816498E-11
1536.1213, -4.2058964E-11
1566.473, -6.818126E-11
1594.5376, -7.0782824E-11
1618.1089, -8.762196E-11
1641.7122, -9.4645014E-11
1688.9188, -1.01023606E-10
1783.3322, -1.1439258E-10
1883.3322, -1.1192047E-10
1918.2388, -1.7542766E-10
1952.4417, -1.7941555E-10
2000.0, -1.7209568E-10
