Time (s), esn 0 individual current (A)
25.513973, -1.5838333E-7
47.94545, -1.15425735E-7
77.81673, -1.3050526E-7
107.68806, -7.4682355E-8
134.89421, -1.4692387E-7
162.10179, -1.05693665E-7
183.75162, -1.2960614E-7
206.68947, -1.6919735E-7
249.46461, -1.3028775E-7
271.35352, -1.5973195E-7
293.24402, -1.2240534E-7
337.025, -1.2077639E-7
357.46384, -1.7460106E-7
377.51654, -1.4927427E-7
416.7095, -1.6732729E-7
456.52457, -1.4690248E-7
494.06387, -1.702504E-7
531.60596, -1.5709045E-7
567.555, -1.2887742E-7
598.53815, -1.6348382E-7
624.4727, -2.0093124E-7
676.34186, -2.9720317E-7
705.2622, -1.715071E-7
737.564, -2.0329611E-7
769.86804, -2.7985163E-7
834.476, -1.74903E-7
934.476, -3.0444752E-7
957.4048, -2.4394038E-7
980.33673, -1.8727664E-7
1000.63, -2.423832E-7
1020.7864, -2.0804696E-7
1041.2104, -2.0536515E-7
1061.2699, -1.738594E-7
1100.95, -1.6159959E-7
1127.1512, -1.5641339E-7
1151.4071, -2.3520575E-7
1199.9191, -1.8919577E-7
1220.9651, -1.6461551E-7
1247.7335, -1.3301715E-7
1283.4248, -1.8117653E-7
1303.891, -1.5061765E-7
1324.4175, -1.7824513E-7
1345.3318, -1.2075775E-7
1379.103, -9.733862E-8
1424.1312, -1.4395236E-7
1447.1107, -1.2231827E-7
1485.2582, -1.4133992E-7
1536.1213, -1.17896015E-7
1566.473, -1.3998294E-7
1594.5376, -1.1013209E-7
1618.1089, -1.3855384E-7
1641.7122, -1.4751346E-7
1688.9188, -2.6288703E-7
1783.3322, -1.560725E-7
1883.3322, -9.145336E-8
1918.2388, -1.3147611E-7
1952.4417, -1.2704687E-7
2000.0, -1.1962582E-7
