#    time,   elecNode0ground, elecNode0surface, elecNode1ground, elecNode1surface, elecNode2ground, elecNode2surface, 
0.0, 0.0, 0.0, 0.0, 0.0, 0.0, 0.0, 
25.700144, -1392.9086, -1392.9095, -1392.9086, -1392.9081, -1392.9086, -1073.7291, 
46.77397, -2432.651, -2432.6494, -2432.651, -2432.65, -2432.651, -1874.216, 
67.848526, -2595.5852, -2595.5864, -2595.5852, -2595.584, -2595.5852, -1804.472, 
87.59372, -3194.6255, -3194.6252, -3194.6255, -3194.6243, -3194.6255, -2222.8774, 
100.433815, -3670.938, -3670.939, -3670.938, -3670.9375, -3670.938, -2594.3386, 
120.67447, -4345.805, -4345.8057, -4345.805, -4345.803, -4345.805, -3108.811, 
142.87262, -4498.899, -4498.902, -4498.899, -4498.8984, -4498.899, -3077.6926, 
161.6477, -4974.2485, -4974.25, -4974.2485, -4974.2495, -4974.2485, -3437.6912, 
185.69318, -5336.481, -5336.484, -5336.481, -5336.481, -5336.481, -3645.3948, 
209.74063, -5488.551, -5488.551, -5488.551, -5488.552, -5488.551, -3619.3313, 
221.80849, -6062.1426, -6062.1436, -6062.1426, -6062.1416, -6062.1426, -4145.8, 
258.01846, -6252.6943, -6252.6953, -6252.6943, -6252.693, -6252.6943, -4105.5864, 
260.38675, -6616.8047, -6616.811, -6616.8047, -6616.803, -6616.8047, -4479.1943, 
295.9383, -6773.169, -6773.17, -6773.169, -6773.165, -6773.169, -4454.052, 
333.8599, -6955.731, -6955.7295, -6955.731, -6955.727, -6955.731, -4425.2134, 
333.89548, -7134.4404, -7134.4414, -7134.4404, -7134.4404, -7134.4404, -4608.438, 
340.30927, -7518.399, -7518.398, -7518.399, -7518.397, -7518.399, -4988.5024, 
367.47928, -7904.268, -7904.268, -7904.268, -7904.266, -7904.268, -5277.6816, 
386.93024, -7971.1885, -7971.192, -7971.1885, -7971.1875, -7971.1885, -5261.001, 
425.83218, -8116.1836, -8116.1826, -8116.1836, -8116.182, -8116.1836, -5239.4106, 
503.63602, -8385.809, -8385.81, -8385.809, -8385.807, -8385.809, -5207.662, 
503.68204, -8572.991, -8572.987, -8572.991, -8572.992, -8572.991, -5396.996, 
503.72833, -8608.718, -8608.725, -8608.718, -8608.716, -8608.718, -5434.282, 
503.82086, -8753.17, -8753.17, -8753.17, -8753.166, -8753.17, -5580.7773, 
504.00595, -8734.104, -8734.107, -8734.104, -8734.1, -8734.104, -5562.205, 
524.0031, -9110.645, -9110.654, -9110.645, -9110.644, -9110.645, -5945.922, 
549.57434, -9155.9375, -9155.941, -9155.9375, -9155.9375, -9155.9375, -5925.0806, 
583.6693, -9227.588, -9227.597, -9227.588, -9227.584, -9227.588, -5907.7607, 
651.8592, -9420.433, -9420.444, -9420.433, -9420.433, -9420.433, -5882.7656, 
651.92944, -9592.469, -9592.474, -9592.469, -9592.472, -9592.469, -6058.7466, 
652.0032, -9569.188, -9569.183, -9569.188, -9569.1875, -9569.188, -6037.9717, 
652.07684, -9701.083, -9701.088, -9701.083, -9701.085, -9701.083, -6172.366, 
664.26624, -9787.245, -9787.241, -9787.245, -9787.244, -9787.245, -6251.8345, 
701.12225, -9855.55, -9855.548, -9855.55, -9855.544, -9855.55, -6233.1353, 
750.2636, -9935.184, -9935.19, -9935.184, -9935.175, -9935.184, -6217.961, 
750.34595, -10106.263, -10106.261, -10106.263, -10106.265, -10106.263, -6393.93, 
750.4313, -10040.964, -10040.96, -10040.964, -10040.962, -10040.964, -6331.4565, 
761.1814, -10148.91, -10148.915, -10148.91, -10148.908, -10148.91, -6438.062, 
793.94385, -10181.693, -10181.697, -10181.693, -10181.6875, -10181.693, -6421.7324, 
837.6271, -10258.183, -10258.18, -10258.183, -10258.179, -10258.183, -6414.7236, 
837.80743, -10417.816, -10417.821, -10417.816, -10417.81, -10417.816, -6578.797, 
840.53516, -10435.302, -10435.305, -10435.302, -10435.3, -10435.302, -6604.1353, 
860.9017, -10440.746, -10440.757, -10440.746, -10440.745, -10440.746, -6593.274, 
884.17773, -10460.468, -10460.466, -10460.468, -10460.461, -10460.468, -6584.927, 
930.72986, -10536.534, -10536.532, -10536.534, -10536.53, -10536.534, -6579.3594, 
1000.0, -10648.694, -10648.696, -10648.694, -10648.693, -10648.694, -6568.7603, 
1000.01, -10685.99, -10686.007, -10685.99, -10685.985, -10685.99, -6608.463, 
1000.03, -10736.935, -10736.936, -10736.935, -10736.929, -10736.935, -6661.5215, 
1000.07, -10779.408, -10779.41, -10779.408, -10779.3955, -10779.408, -6705.846, 
1000.15, -10830.601, -10830.6045, -10830.601, -10830.597, -10830.601, -6758.8403, 
1020.82025, -10249.613, -10249.617, -10249.613, -10249.61, -10249.613, -6171.1885, 
1041.5873, -9511.684, -9511.681, -9511.684, -9511.68, -9511.684, -5495.116, 
1060.0, -8885.915, -8885.904, -8885.915, -8885.908, -8885.915, -4991.214, 
1080.4701, -8636.13, -8636.131, -8636.13, -8636.125, -8636.13, -4959.5015, 
1100.9501, -8405.471, -8405.478, -8405.471, -8405.468, -8405.471, -4962.3228, 
1141.91, -8003.716, -8003.719, -8003.716, -8003.711, -8003.716, -4969.0522, 
1141.935, -7844.3003, -7844.304, -7844.3003, -7844.302, -7844.3003, -4807.8125, 
1162.573, -7032.2554, -7032.2544, -7032.2554, -7032.2534, -7032.2554, -4109.6816, 
1182.0808, -6684.8867, -6684.89, -6684.8867, -6684.8833, -6684.8867, -3867.2869, 
1201.6469, -6568.7397, -6568.7397, -6568.7397, -6568.739, -6568.7397, -3867.7637, 
1227.7349, -6409.3145, -6409.3145, -6409.3145, -6409.3115, -6409.3145, -3869.2349, 
1240.153, -6016.0015, -6015.9995, -6016.0015, -6016.0, -6016.0015, -3512.9634, 
1272.8507, -5857.3613, -5857.3623, -5857.3613, -5857.363, -5857.3613, -3513.1604, 
1280.3405, -5651.28, -5651.2773, -5651.28, -5651.2773, -5651.28, -3320.278, 
1300.6718, -5572.3193, -5572.3193, -5572.3193, -5572.318, -5572.3193, -3319.9973, 
1327.6724, -5322.5005, -5322.5005, -5322.5005, -5322.5005, -5322.5005, -3152.748, 
1346.4233, -5164.352, -5164.3496, -5164.352, -5164.348, -5164.352, -3045.6506, 
1363.4845, -5113.6797, -5113.678, -5113.6797, -5113.679, -5113.6797, -3045.4424, 
1397.6066, -5019.682, -5019.68, -5019.682, -5019.6787, -5019.682, -3045.9763, 
1400.4714, -4959.425, -4959.421, -4959.425, -4959.4243, -4959.425, -2988.145, 
1435.0402, -4857.3574, -4857.359, -4857.3574, -4857.358, -4857.3574, -2922.433, 
1441.0295, -4705.554, -4705.557, -4705.554, -4705.5527, -4705.554, -2767.4814, 
1474.5421, -4644.869, -4644.876, -4644.869, -4644.8677, -4644.869, -2766.777, 
1512.842, -4580.317, -4580.315, -4580.317, -4580.316, -4580.317, -2767.1501, 
1513.2831, -4499.946, -4499.9478, -4499.946, -4499.9443, -4499.946, -2682.956, 
1521.2712, -4414.78, -4414.7812, -4414.78, -4414.78, -4414.78, -2604.7676, 
1556.0652, -4392.6094, -4392.614, -4392.6094, -4392.6113, -4392.6094, -2603.422, 
1595.8295, -4425.129, -4425.127, -4425.129, -4425.1274, -4425.129, -2603.0388, 
1600.56, -4379.5127, -4379.5117, -4379.5127, -4379.511, -4379.5127, -2561.1353, 
1602.943, -4408.6733, -4408.6724, -4408.6733, -4408.6743, -4408.6733, -2592.8062, 
1624.7104, -4345.36, -4345.366, -4345.36, -4345.3594, -4345.36, -2554.2368, 
1647.3024, -4316.861, -4316.8657, -4316.861, -4316.8604, -4316.861, -2554.081, 
1692.4862, -4272.1113, -4272.1147, -4272.1113, -4272.11, -4272.1113, -2554.3347, 
1782.854, -4257.6484, -4257.652, -4257.6484, -4257.648, -4257.6484, -2554.4934, 
1882.854, -4231.689, -4231.688, -4231.689, -4231.6904, -4231.689, -2554.7102, 
1885.0126, -4180.0454, -4180.0425, -4180.0454, -4180.045, -4180.0454, -2500.619, 
1887.1926, -4176.0254, -4176.0273, -4176.0254, -4176.0254, -4176.0254, -2497.9546, 
1891.5525, -4174.3267, -4174.3257, -4174.3267, -4174.327, -4174.3267, -2497.4487, 
1900.2725, -4170.8477, -4170.849, -4170.8477, -4170.846, -4170.8477, -2497.326, 
1917.7123, -4165.2485, -4165.247, -4165.2485, -4165.2466, -4165.2485, -2497.154, 
1952.592, -4193.8345, -4193.8306, -4193.8345, -4193.832, -4193.8345, -2496.683, 
1957.4066, -4147.285, -4147.2847, -4147.285, -4147.2803, -4147.285, -2446.4172, 
1959.8184, -4186.874, -4186.874, -4186.874, -4186.8745, -4186.874, -2489.153, 
1960.9968, -4130.6094, -4130.613, -4130.6094, -4130.609, -4130.6094, -2428.3364, 
1961.5936, -4176.4897, -4176.4883, -4176.4897, -4176.49, -4176.4897, -2476.3633, 
1962.0806, -4118.6973, -4118.6978, -4118.6973, -4118.6963, -4118.6973, -2416.032, 
1962.7133, -4115.556, -4115.556, -4115.556, -4115.5537, -4115.556, -2414.0483, 
1963.9788, -4113.5786, -4113.579, -4113.5786, -4113.5757, -4113.5786, -2413.207, 
1981.6946, -4101.959, -4101.9604, -4101.959, -4101.9575, -4101.959, -2413.0044, 
2000.0, -4124.3037, -4124.306, -4124.3037, -4124.3047, -4124.3037, -2412.9666, 
