Energy (in eV), SEEE yield of material CFRP-NASCAP at incidence 90.0 degree
   X,       Y
0.0, 0.0
10.0, 0.22857742
20.0, 0.4426827
30.0, 0.6424351
40.0, 0.8282344
50.0, 1.0005878
60.0, 1.1600591
70.0, 1.3072426
80.0, 1.4427478
90.0, 1.5671877
100.0, 1.6811734
110.0, 1.7853072
120.0, 1.8801782
130.0, 1.9663602
140.0, 2.0444088
150.0, 2.1148586
160.0, 2.1782253
170.0, 2.2350004
180.0, 2.2856534
190.0, 2.330631
200.0, 2.3703573
210.0, 2.4052331
220.0, 2.4356365
230.0, 2.461924
240.0, 2.484431
250.0, 2.5034711
260.0, 2.519338
270.0, 2.5323057
280.0, 2.5426311
290.0, 2.5505512
300.0, 2.5562868
310.0, 2.5600436
320.0, 2.56201
330.0, 2.5623615
340.0, 2.56126
350.0, 2.5588522
360.0, 2.5552769
370.0, 2.5506582
380.0, 2.5451105
390.0, 2.5387394
400.0, 2.5316403
410.0, 2.5239
420.0, 2.515598
430.0, 2.5068069
440.0, 2.4975913
450.0, 2.488011
460.0, 2.4781184
470.0, 2.4679627
480.0, 2.4575865
490.0, 2.4470286
500.0, 2.4363246
510.0, 2.4255047
520.0, 2.4145975
530.0, 2.4036279
540.0, 2.3926167
550.0, 2.3815844
560.0, 2.370548
570.0, 2.359523
580.0, 2.3485217
590.0, 2.3375568
600.0, 2.3266373
610.0, 2.315773
620.0, 2.3049707
630.0, 2.2942374
640.0, 2.2835784
650.0, 2.2729986
660.0, 2.2625012
670.0, 2.2520897
680.0, 2.2417672
690.0, 2.2315347
700.0, 2.2213953
710.0, 2.211349
720.0, 2.201397
730.0, 2.1915398
740.0, 2.1817777
750.0, 2.1721106
760.0, 2.1625385
770.0, 2.1530607
780.0, 2.143677
790.0, 2.1343865
800.0, 2.1251886
810.0, 2.116082
820.0, 2.1070666
830.0, 2.0981407
840.0, 2.0893035
850.0, 2.0805538
860.0, 2.0718906
870.0, 2.0633125
880.0, 2.0548186
890.0, 2.046408
900.0, 2.0380788
910.0, 2.0298302
920.0, 2.021661
930.0, 2.0135703
940.0, 2.0055566
950.0, 1.9976188
960.0, 1.9897559
970.0, 1.9819664
980.0, 1.9742495
990.0, 1.9666044
1000.0, 1.9590293
1010.0, 1.9515238
1020.0, 1.9440863
1030.0, 1.9367163
1040.0, 1.9294125
1050.0, 1.9221739
1060.0, 1.9149996
1070.0, 1.9078885
1080.0, 1.9008399
1090.0, 1.893853
1100.0, 1.8869265
1110.0, 1.8800601
1120.0, 1.873252
1130.0, 1.8665024
1140.0, 1.8598096
1150.0, 1.8531736
1160.0, 1.846593
1170.0, 1.840067
1180.0, 1.8335955
1190.0, 1.8271768
1200.0, 1.8208112
1210.0, 1.8144971
1220.0, 1.8082343
1230.0, 1.8020219
1240.0, 1.7958595
1250.0, 1.789746
1260.0, 1.7836812
1270.0, 1.7776638
1280.0, 1.7716938
1290.0, 1.7657707
1300.0, 1.7598934
1310.0, 1.7540616
1320.0, 1.7482743
1330.0, 1.7425317
1340.0, 1.7368323
1350.0, 1.7311764
1360.0, 1.725563
1370.0, 1.7199917
1380.0, 1.7144617
1390.0, 1.7089729
1400.0, 1.703525
1410.0, 1.6981169
1420.0, 1.6927484
1430.0, 1.6874186
1440.0, 1.6821278
1450.0, 1.6768751
1460.0, 1.67166
1470.0, 1.6664824
1480.0, 1.6613413
1490.0, 1.6562369
1500.0, 1.6511682
1510.0, 1.6461354
1520.0, 1.6411376
1530.0, 1.6361744
1540.0, 1.6312457
1550.0, 1.6263511
1560.0, 1.6214899
1570.0, 1.6166617
1580.0, 1.6118667
1590.0, 1.6071041
1600.0, 1.6023736
1610.0, 1.5976747
1620.0, 1.5930076
1630.0, 1.5883713
1640.0, 1.5837656
1650.0, 1.5791906
1660.0, 1.5746455
1670.0, 1.5701303
1680.0, 1.5656445
1690.0, 1.5611877
1700.0, 1.5567597
1710.0, 1.5523604
1720.0, 1.5479894
1730.0, 1.5436462
1740.0, 1.5393307
1750.0, 1.5350424
1760.0, 1.5307814
1770.0, 1.5265468
1780.0, 1.5223393
1790.0, 1.5181576
1800.0, 1.5140022
1810.0, 1.5098724
1820.0, 1.5057681
1830.0, 1.501689
1840.0, 1.4976349
1850.0, 1.4936054
1860.0, 1.4896005
1870.0, 1.4856198
1880.0, 1.4816632
1890.0, 1.4777304
1900.0, 1.4738209
1910.0, 1.4699348
1920.0, 1.4660717
1930.0, 1.4622319
1940.0, 1.4584144
1950.0, 1.4546195
1960.0, 1.4508467
1970.0, 1.4470959
1980.0, 1.4433669
1990.0, 1.4396596
2000.0, 1.4359739
2010.0, 1.4323089
2020.0, 1.4286653
2030.0, 1.4250425
2040.0, 1.4214402
2050.0, 1.4178584
2060.0, 1.414297
2070.0, 1.4107554
2080.0, 1.4072337
2090.0, 1.4037321
2100.0, 1.4002496
2110.0, 1.3967867
2120.0, 1.393343
2130.0, 1.3899181
2140.0, 1.386512
2150.0, 1.383125
2160.0, 1.3797562
2170.0, 1.3764057
2180.0, 1.3730737
2190.0, 1.3697594
2200.0, 1.3664633
2210.0, 1.3631847
2220.0, 1.3599238
2230.0, 1.3566804
2240.0, 1.3534541
2250.0, 1.350245
2260.0, 1.347053
2270.0, 1.3438777
2280.0, 1.3407192
2290.0, 1.337577
2300.0, 1.3344516
2310.0, 1.3313421
2320.0, 1.328249
2330.0, 1.325172
2340.0, 1.3221107
2350.0, 1.3190652
2360.0, 1.3160354
2370.0, 1.3130211
2380.0, 1.310022
2390.0, 1.3070383
2400.0, 1.3040695
2410.0, 1.301116
2420.0, 1.2981772
2430.0, 1.2952534
2440.0, 1.292344
2450.0, 1.2894492
2460.0, 1.2865689
2470.0, 1.2837029
2480.0, 1.2808509
2490.0, 1.2780131
2500.0, 1.2751893
2510.0, 1.2723793
2520.0, 1.269583
2530.0, 1.2668003
2540.0, 1.2640313
2550.0, 1.2612756
2560.0, 1.2585334
2570.0, 1.2558042
2580.0, 1.2530881
2590.0, 1.2503854
2600.0, 1.2476953
2610.0, 1.2450182
2620.0, 1.2423538
2630.0, 1.2397019
2640.0, 1.2370626
2650.0, 1.2344357
2660.0, 1.2318213
2670.0, 1.2292191
2680.0, 1.226629
2690.0, 1.224051
2700.0, 1.221485
2710.0, 1.2189311
2720.0, 1.2163888
2730.0, 1.2138582
2740.0, 1.2113394
2750.0, 1.208832
2760.0, 1.2063361
2770.0, 1.2038517
2780.0, 1.2013786
2790.0, 1.1989167
2800.0, 1.1964658
2810.0, 1.1940262
2820.0, 1.1915975
2830.0, 1.1891797
2840.0, 1.1867728
2850.0, 1.1843764
2860.0, 1.1819909
2870.0, 1.1796161
2880.0, 1.1772517
2890.0, 1.1748977
2900.0, 1.172554
2910.0, 1.1702209
2920.0, 1.1678979
2930.0, 1.165585
2940.0, 1.1632823
2950.0, 1.1609895
2960.0, 1.1587069
2970.0, 1.156434
2980.0, 1.154171
2990.0, 1.1519177
3000.0, 1.1496742
