Energy (in eV), SEEE yield of material alox-reduced-PEY at isotropic incidence
   X,       Y
0.0, 0.0
10.0, 0.10771878
20.0, 0.21292078
30.0, 0.31604168
40.0, 0.4171722
50.0, 0.5163332
60.0, 0.6135175
70.0, 0.70871115
80.0, 0.80188864
90.0, 0.8930278
100.0, 0.9821106
110.0, 1.0691148
120.0, 1.1540265
130.0, 1.2368315
140.0, 1.3175201
150.0, 1.3960872
160.0, 1.4725289
170.0, 1.5468465
180.0, 1.6190435
190.0, 1.6891267
200.0, 1.7571064
210.0, 1.8229953
220.0, 1.8868084
230.0, 1.9485638
240.0, 2.0082817
250.0, 2.0659847
260.0, 2.1216972
270.0, 2.175446
280.0, 2.2272594
290.0, 2.2771661
300.0, 2.3251984
310.0, 2.3713884
320.0, 2.4157698
330.0, 2.4583771
340.0, 2.499246
350.0, 2.5384126
360.0, 2.5759144
370.0, 2.611789
380.0, 2.6460736
390.0, 2.6788073
400.0, 2.710028
410.0, 2.7397752
420.0, 2.7680871
430.0, 2.7950025
440.0, 2.8205602
450.0, 2.8447988
460.0, 2.8677564
470.0, 2.8894708
480.0, 2.9099789
490.0, 2.9293196
500.0, 2.9475284
510.0, 2.9646423
520.0, 2.9806967
530.0, 2.995726
540.0, 3.0097663
550.0, 3.022851
560.0, 3.035013
570.0, 3.0462842
580.0, 3.0566983
590.0, 3.0662851
600.0, 3.0750763
610.0, 3.0831006
620.0, 3.0903876
630.0, 3.0969656
640.0, 3.1028621
650.0, 3.1081038
660.0, 3.112717
670.0, 3.1167266
680.0, 3.1201575
690.0, 3.1230338
700.0, 3.125378
710.0, 3.1272137
720.0, 3.128561
730.0, 3.1294422
740.0, 3.1298769
750.0, 3.129885
760.0, 3.1294856
770.0, 3.1286964
780.0, 3.127536
790.0, 3.126021
800.0, 3.1241674
810.0, 3.121992
820.0, 3.1195092
830.0, 3.1167347
840.0, 3.113682
850.0, 3.1103644
860.0, 3.1067946
870.0, 3.102987
880.0, 3.0989518
890.0, 3.0947018
900.0, 3.0902474
910.0, 3.0856
920.0, 3.08077
930.0, 3.075766
940.0, 3.0705986
950.0, 3.0652761
960.0, 3.0598078
970.0, 3.0542016
980.0, 3.0484655
990.0, 3.0426073
1000.0, 3.0366342
1010.0, 3.0305529
1020.0, 3.0243716
1030.0, 3.0180943
1040.0, 3.0117285
1050.0, 3.0052795
1060.0, 2.9987535
1070.0, 2.992155
1080.0, 2.9854906
1090.0, 2.9787633
1100.0, 2.9719791
1110.0, 2.9651413
1120.0, 2.9582555
1130.0, 2.9513247
1140.0, 2.9443524
1150.0, 2.9373434
1160.0, 2.930301
1170.0, 2.9232275
1180.0, 2.9161274
1190.0, 2.9090033
1200.0, 2.9018574
1210.0, 2.8946934
1220.0, 2.8875132
1230.0, 2.8803196
1240.0, 2.873115
1250.0, 2.865902
1260.0, 2.8586817
1270.0, 2.8514574
1280.0, 2.84423
1290.0, 2.837002
1300.0, 2.8297746
1310.0, 2.8225505
1320.0, 2.81533
1330.0, 2.8081157
1340.0, 2.8009083
1350.0, 2.7937093
1360.0, 2.7865198
1370.0, 2.779342
1380.0, 2.7721756
1390.0, 2.7650225
1400.0, 2.7578838
1410.0, 2.7507608
1420.0, 2.7436535
1430.0, 2.736563
1440.0, 2.7294905
1450.0, 2.722437
1460.0, 2.7154026
1470.0, 2.708388
1480.0, 2.7013943
1490.0, 2.6944218
1500.0, 2.6874716
1510.0, 2.6805432
1520.0, 2.673638
1530.0, 2.6667566
1540.0, 2.6598988
1550.0, 2.6530657
1560.0, 2.6462567
1570.0, 2.639473
1580.0, 2.6327145
1590.0, 2.6259816
1600.0, 2.619275
1610.0, 2.6125948
1620.0, 2.605941
1630.0, 2.5993137
1640.0, 2.5927134
1650.0, 2.5861409
1660.0, 2.579595
1670.0, 2.5730767
1680.0, 2.5665867
1690.0, 2.5601237
1700.0, 2.5536888
1710.0, 2.5472815
1720.0, 2.540903
1730.0, 2.534552
1740.0, 2.52823
1750.0, 2.5219357
1760.0, 2.5156698
1770.0, 2.5094323
1780.0, 2.503223
1790.0, 2.4970422
1800.0, 2.4908895
1810.0, 2.4847658
1820.0, 2.47867
1830.0, 2.4726026
1840.0, 2.4665637
1850.0, 2.460553
1860.0, 2.4545705
1870.0, 2.4486163
1880.0, 2.4426904
1890.0, 2.4367924
1900.0, 2.4309223
1910.0, 2.4250803
1920.0, 2.4192665
1930.0, 2.4134798
1940.0, 2.4077218
1950.0, 2.4019907
1960.0, 2.3962874
1970.0, 2.3906116
1980.0, 2.384963
1990.0, 2.3793426
2000.0, 2.3737488
2010.0, 2.3681817
2020.0, 2.3626418
2030.0, 2.357129
2040.0, 2.3516428
2050.0, 2.3461835
2060.0, 2.3407502
2070.0, 2.3353438
2080.0, 2.329964
2090.0, 2.3246095
2100.0, 2.3192818
2110.0, 2.3139794
2120.0, 2.3087034
2130.0, 2.303453
2140.0, 2.2982278
2150.0, 2.2930284
2160.0, 2.2878544
2170.0, 2.2827048
2180.0, 2.2775807
2190.0, 2.272482
2200.0, 2.2674077
2210.0, 2.262358
2220.0, 2.2573323
2230.0, 2.252332
2240.0, 2.2473557
2250.0, 2.242403
2260.0, 2.2374747
2270.0, 2.2325702
2280.0, 2.227689
2290.0, 2.222832
2300.0, 2.2179978
2310.0, 2.2131875
2320.0, 2.2084002
2330.0, 2.203636
2340.0, 2.1988945
2350.0, 2.194176
2360.0, 2.1894796
2370.0, 2.1848063
2380.0, 2.180155
2390.0, 2.1755264
2400.0, 2.1709192
2410.0, 2.1663344
2420.0, 2.1617715
2430.0, 2.1572301
2440.0, 2.1527102
2450.0, 2.148212
2460.0, 2.143735
2470.0, 2.1392791
2480.0, 2.1348445
2490.0, 2.1304305
2500.0, 2.1260374
2510.0, 2.1216648
2520.0, 2.1173131
2530.0, 2.1129818
2540.0, 2.1086702
2550.0, 2.1043797
2560.0, 2.1001086
2570.0, 2.0958574
2580.0, 2.091626
2590.0, 2.0874138
2600.0, 2.083222
2610.0, 2.079049
2620.0, 2.0748956
2630.0, 2.070761
2640.0, 2.0666459
2650.0, 2.0625494
2660.0, 2.058472
2670.0, 2.054413
2680.0, 2.0503728
2690.0, 2.046351
2700.0, 2.0423474
2710.0, 2.0383623
2720.0, 2.0343945
2730.0, 2.0304458
2740.0, 2.0265145
2750.0, 2.0226007
2760.0, 2.018705
2770.0, 2.0148265
2780.0, 2.010965
2790.0, 2.0071218
2800.0, 2.0032952
2810.0, 1.9994859
2820.0, 1.9956934
2830.0, 1.991918
2840.0, 1.9881593
2850.0, 1.9844172
2860.0, 1.9806917
2870.0, 1.9769827
2880.0, 1.9732898
2890.0, 1.9696137
2900.0, 1.9659534
2910.0, 1.9623091
2920.0, 1.958681
2930.0, 1.9550683
2940.0, 1.9514718
2950.0, 1.9478906
2960.0, 1.944325
2970.0, 1.9407749
2980.0, 1.9372402
2990.0, 1.9337212
3000.0, 1.9302169
3010.0, 1.926728
3020.0, 1.9232532
3030.0, 1.919794
3040.0, 1.9163498
3050.0, 1.9129198
3060.0, 1.9095044
3070.0, 1.9061035
3080.0, 1.9027176
3090.0, 1.8993455
3100.0, 1.8959879
3110.0, 1.8926444
3120.0, 1.8893144
3130.0, 1.885999
3140.0, 1.8826977
3150.0, 1.8794094
3160.0, 1.8761355
3170.0, 1.8728752
3180.0, 1.8696284
3190.0, 1.8663949
3200.0, 1.8631746
3210.0, 1.859968
3220.0, 1.8567747
3230.0, 1.8535943
3240.0, 1.8504267
3250.0, 1.8472728
3260.0, 1.8441312
3270.0, 1.8410027
3280.0, 1.8378868
3290.0, 1.8347836
3300.0, 1.831693
3310.0, 1.8286151
3320.0, 1.8255496
3330.0, 1.822496
3340.0, 1.8194553
3350.0, 1.8164268
3360.0, 1.81341
3370.0, 1.8104056
3380.0, 1.8074132
3390.0, 1.8044324
3400.0, 1.801464
3410.0, 1.798507
3420.0, 1.7955618
3430.0, 1.7926283
3440.0, 1.7897062
3450.0, 1.7867959
3460.0, 1.7838968
3470.0, 1.7810091
3480.0, 1.7781329
3490.0, 1.7752678
3500.0, 1.772414
3510.0, 1.7695711
3520.0, 1.766739
3530.0, 1.7639184
3540.0, 1.7611085
3550.0, 1.7583095
3560.0, 1.7555213
3570.0, 1.7527438
3580.0, 1.7499771
3590.0, 1.7472208
3600.0, 1.7444749
3610.0, 1.7417396
3620.0, 1.739015
3630.0, 1.7363006
3640.0, 1.7335961
3650.0, 1.730902
3660.0, 1.7282184
3670.0, 1.7255447
3680.0, 1.7228812
3690.0, 1.7202274
3700.0, 1.7175838
3710.0, 1.7149503
3720.0, 1.7123263
3730.0, 1.7097121
3740.0, 1.7071078
3750.0, 1.7045128
3760.0, 1.7019277
3770.0, 1.6993521
3780.0, 1.696786
3790.0, 1.6942294
3800.0, 1.6916821
3810.0, 1.6891444
3820.0, 1.6866157
3830.0, 1.6840963
3840.0, 1.6815861
3850.0, 1.679085
3860.0, 1.676593
3870.0, 1.67411
3880.0, 1.6716361
3890.0, 1.6691712
3900.0, 1.6667149
3910.0, 1.6642675
3920.0, 1.6618292
3930.0, 1.6593996
3940.0, 1.6569785
3950.0, 1.654566
3960.0, 1.652162
3970.0, 1.6497668
3980.0, 1.64738
3990.0, 1.6450018
4000.0, 1.6426318
4010.0, 1.64027
4020.0, 1.6379172
4030.0, 1.635572
4040.0, 1.6332352
4050.0, 1.6309067
4060.0, 1.6285863
4070.0, 1.6262741
4080.0, 1.62397
4090.0, 1.6216737
4100.0, 1.6193852
4110.0, 1.617105
4120.0, 1.6148324
4130.0, 1.6125677
4140.0, 1.6103109
4150.0, 1.6080618
4160.0, 1.6058205
4170.0, 1.6035866
4180.0, 1.6013606
4190.0, 1.5991422
4200.0, 1.5969313
4210.0, 1.594728
4220.0, 1.5925319
4230.0, 1.5903432
4240.0, 1.5881624
4250.0, 1.5859884
4260.0, 1.583822
4270.0, 1.581663
4280.0, 1.5795109
4290.0, 1.5773664
4300.0, 1.5752288
4310.0, 1.5730983
4320.0, 1.5709751
4330.0, 1.5688587
4340.0, 1.5667496
4350.0, 1.5646472
4360.0, 1.562552
4370.0, 1.5604635
4380.0, 1.558382
4390.0, 1.5563074
4400.0, 1.5542394
4410.0, 1.5521785
4420.0, 1.5501242
4430.0, 1.5480766
4440.0, 1.5460353
4450.0, 1.5440011
4460.0, 1.5419734
4470.0, 1.5399524
4480.0, 1.5379376
4490.0, 1.5359293
4500.0, 1.5339277
4510.0, 1.5319325
4520.0, 1.5299437
4530.0, 1.5279614
4540.0, 1.525985
4550.0, 1.5240152
4560.0, 1.5220519
4570.0, 1.5200946
4580.0, 1.5181435
4590.0, 1.5161984
4600.0, 1.51426
4610.0, 1.5123274
4620.0, 1.5104008
4630.0, 1.5084804
4640.0, 1.5065662
4650.0, 1.5046577
4660.0, 1.5027554
4670.0, 1.5008588
4680.0, 1.4989684
4690.0, 1.4970839
4700.0, 1.4952048
4710.0, 1.493332
4720.0, 1.4914649
4730.0, 1.4896035
4740.0, 1.487748
4750.0, 1.485898
4760.0, 1.4840536
4770.0, 1.4822153
4780.0, 1.4803823
4790.0, 1.4785552
4800.0, 1.4767332
4810.0, 1.4749172
4820.0, 1.4731065
4830.0, 1.4713014
4840.0, 1.4695017
4850.0, 1.4677076
4860.0, 1.4659189
4870.0, 1.4641356
4880.0, 1.4623578
4890.0, 1.460585
4900.0, 1.4588176
4910.0, 1.4570556
4920.0, 1.4552988
4930.0, 1.4535476
4940.0, 1.4518011
4950.0, 1.4500602
4960.0, 1.4483244
4970.0, 1.4465936
4980.0, 1.444868
4990.0, 1.4431475
5000.0, 1.4414322
5010.0, 1.4397218
5020.0, 1.4380165
5030.0, 1.4363161
5040.0, 1.434621
5050.0, 1.4329307
5060.0, 1.4312456
5070.0, 1.4295646
5080.0, 1.4278893
5090.0, 1.4262185
5100.0, 1.4245526
5110.0, 1.4228916
5120.0, 1.4212357
5130.0, 1.419584
5140.0, 1.4179376
5150.0, 1.4162956
5160.0, 1.4146585
5170.0, 1.413026
5180.0, 1.4113982
5190.0, 1.409775
5200.0, 1.4081563
5210.0, 1.4065424
5220.0, 1.4049335
5230.0, 1.4033287
5240.0, 1.4017285
5250.0, 1.4001329
5260.0, 1.3985417
5270.0, 1.396955
5280.0, 1.3953729
5290.0, 1.393795
5300.0, 1.392222
5310.0, 1.3906533
5320.0, 1.3890887
5330.0, 1.3875289
5340.0, 1.385973
5350.0, 1.3844218
5360.0, 1.3828746
5370.0, 1.381332
5380.0, 1.3797934
5390.0, 1.3782593
5400.0, 1.3767294
5410.0, 1.3752036
5420.0, 1.3736821
5430.0, 1.3721647
5440.0, 1.3706516
5450.0, 1.3691428
5460.0, 1.3676378
5470.0, 1.3661371
5480.0, 1.3646406
5490.0, 1.3631481
5500.0, 1.3616594
5510.0, 1.3601749
5520.0, 1.3586947
5530.0, 1.3572181
5540.0, 1.3557458
5550.0, 1.3542773
5560.0, 1.3528128
5570.0, 1.3513523
5580.0, 1.349896
5590.0, 1.348443
5600.0, 1.3469942
5610.0, 1.3455495
5620.0, 1.3441083
5630.0, 1.3426712
5640.0, 1.3412378
5650.0, 1.3398082
5660.0, 1.3383825
5670.0, 1.3369604
5680.0, 1.3355423
5690.0, 1.3341279
5700.0, 1.3327172
5710.0, 1.3313102
5720.0, 1.3299068
5730.0, 1.3285074
5740.0, 1.3271115
5750.0, 1.325719
5760.0, 1.3243304
5770.0, 1.3229454
5780.0, 1.321564
5790.0, 1.3201861
5800.0, 1.318812
5810.0, 1.3174413
5820.0, 1.3160743
5830.0, 1.3147107
5840.0, 1.3133509
5850.0, 1.3119942
5860.0, 1.3106412
5870.0, 1.3092916
5880.0, 1.3079455
5890.0, 1.306603
5900.0, 1.305264
5910.0, 1.3039281
5920.0, 1.3025956
5930.0, 1.3012667
5940.0, 1.2999412
5950.0, 1.2986192
5960.0, 1.2973002
5970.0, 1.2959847
5980.0, 1.2946725
5990.0, 1.2933637
6000.0, 1.2920582
6010.0, 1.290756
6020.0, 1.2894572
6030.0, 1.2881612
6040.0, 1.2868688
6050.0, 1.2855797
6060.0, 1.2842938
6070.0, 1.283011
6080.0, 1.2817315
6090.0, 1.2804549
6100.0, 1.2791818
6110.0, 1.2779119
6120.0, 1.2766447
6130.0, 1.2753811
6140.0, 1.2741205
6150.0, 1.2728629
6160.0, 1.2716086
6170.0, 1.2703573
6180.0, 1.2691092
6190.0, 1.267864
6200.0, 1.2666217
6210.0, 1.2653826
6220.0, 1.2641466
6230.0, 1.2629137
6240.0, 1.2616835
6250.0, 1.2604566
6260.0, 1.2592325
6270.0, 1.2580115
6280.0, 1.2567934
6290.0, 1.2555783
6300.0, 1.2543658
6310.0, 1.2531565
6320.0, 1.2519503
6330.0, 1.2507467
6340.0, 1.2495463
6350.0, 1.2483484
6360.0, 1.2471536
6370.0, 1.2459617
6380.0, 1.2447727
6390.0, 1.2435863
6400.0, 1.2424027
6410.0, 1.241222
6420.0, 1.2400442
6430.0, 1.2388693
6440.0, 1.2376971
6450.0, 1.2365276
6460.0, 1.2353609
6470.0, 1.2341969
6480.0, 1.2330357
6490.0, 1.2318772
6500.0, 1.2307215
6510.0, 1.2295684
6520.0, 1.2284181
6530.0, 1.2272705
6540.0, 1.2261256
6550.0, 1.2249833
6560.0, 1.2238436
6570.0, 1.2227066
6580.0, 1.2215724
6590.0, 1.2204406
6600.0, 1.2193116
6610.0, 1.2181852
6620.0, 1.2170614
6630.0, 1.21594
6640.0, 1.2148213
6650.0, 1.2137052
6660.0, 1.2125916
6670.0, 1.2114807
6680.0, 1.2103724
6690.0, 1.2092667
6700.0, 1.2081634
6710.0, 1.2070625
6720.0, 1.2059642
6730.0, 1.2048683
6740.0, 1.203775
6750.0, 1.2026843
6760.0, 1.2015958
6770.0, 1.20051
6780.0, 1.1994267
6790.0, 1.1983457
6800.0, 1.197267
6810.0, 1.1961911
6820.0, 1.1951172
6830.0, 1.194046
6840.0, 1.1929771
6850.0, 1.1919107
6860.0, 1.1908466
6870.0, 1.189785
6880.0, 1.1887257
6890.0, 1.1876688
6900.0, 1.1866143
6910.0, 1.185562
6920.0, 1.184512
6930.0, 1.1834643
6940.0, 1.182419
6950.0, 1.1813761
6960.0, 1.1803355
6970.0, 1.1792973
6980.0, 1.1782612
6990.0, 1.1772276
7000.0, 1.1761959
7010.0, 1.1751666
7020.0, 1.1741399
7030.0, 1.1731151
7040.0, 1.1720923
7050.0, 1.1710722
7060.0, 1.1700543
7070.0, 1.1690385
7080.0, 1.168025
7090.0, 1.1670135
7100.0, 1.1660043
7110.0, 1.1649971
7120.0, 1.1639924
7130.0, 1.1629896
7140.0, 1.1619895
7150.0, 1.160991
7160.0, 1.159995
7170.0, 1.1590008
7180.0, 1.1580089
7190.0, 1.1570193
7200.0, 1.1560315
7210.0, 1.155046
7220.0, 1.1540625
7230.0, 1.1530813
7240.0, 1.1521021
7250.0, 1.151125
7260.0, 1.1501502
7270.0, 1.149177
7280.0, 1.148206
7290.0, 1.1472373
7300.0, 1.1462703
7310.0, 1.1453056
7320.0, 1.1443429
7330.0, 1.1433822
7340.0, 1.1424236
7350.0, 1.141467
7360.0, 1.1405123
7370.0, 1.1395596
7380.0, 1.1386088
7390.0, 1.1376601
7400.0, 1.1367136
7410.0, 1.135769
7420.0, 1.1348263
7430.0, 1.1338854
7440.0, 1.1329466
7450.0, 1.13201
7460.0, 1.131075
7470.0, 1.130142
7480.0, 1.1292111
7490.0, 1.1282817
7500.0, 1.1273546
7510.0, 1.1264294
7520.0, 1.1255059
7530.0, 1.1245846
7540.0, 1.123665
7550.0, 1.1227472
7560.0, 1.1218314
7570.0, 1.1209176
7580.0, 1.1200056
7590.0, 1.1190952
7600.0, 1.1181868
7610.0, 1.1172805
7620.0, 1.1163759
7630.0, 1.115473
7640.0, 1.1145722
7650.0, 1.1136729
7660.0, 1.1127756
7670.0, 1.1118802
7680.0, 1.1109865
7690.0, 1.1100945
7700.0, 1.1092045
7710.0, 1.1083161
7720.0, 1.1074296
7730.0, 1.1065449
7740.0, 1.105662
7750.0, 1.1047806
7760.0, 1.1039014
7770.0, 1.1030236
7780.0, 1.1021477
7790.0, 1.1012735
7800.0, 1.1004012
7810.0, 1.0995305
7820.0, 1.0986614
7830.0, 1.0977943
7840.0, 1.0969288
7850.0, 1.096065
7860.0, 1.0952028
7870.0, 1.0943424
7880.0, 1.0934838
7890.0, 1.0926268
7900.0, 1.0917716
7910.0, 1.0909178
7920.0, 1.090066
7930.0, 1.0892159
7940.0, 1.088367
7950.0, 1.0875202
7960.0, 1.0866749
7970.0, 1.0858312
7980.0, 1.0849893
7990.0, 1.0841489
8000.0, 1.0833101
8010.0, 1.0824732
8020.0, 1.0816376
8030.0, 1.080804
8040.0, 1.0799716
8050.0, 1.0791411
8060.0, 1.078312
8070.0, 1.0774846
8080.0, 1.0766587
8090.0, 1.0758345
8100.0, 1.0750121
8110.0, 1.0741911
8120.0, 1.0733714
8130.0, 1.0725536
8140.0, 1.071737
8150.0, 1.0709225
8160.0, 1.0701092
8170.0, 1.0692976
8180.0, 1.0684875
8190.0, 1.0676789
8200.0, 1.066872
8210.0, 1.0660663
8220.0, 1.0652624
8230.0, 1.0644599
8240.0, 1.0636591
8250.0, 1.0628598
8260.0, 1.0620617
8270.0, 1.0612653
8280.0, 1.0604705
8290.0, 1.0596771
8300.0, 1.0588852
8310.0, 1.0580947
8320.0, 1.0573059
8330.0, 1.0565184
8340.0, 1.0557325
8350.0, 1.0549479
8360.0, 1.0541649
8370.0, 1.0533832
8380.0, 1.0526031
8390.0, 1.0518245
8400.0, 1.0510473
8410.0, 1.0502715
8420.0, 1.0494972
8430.0, 1.0487243
8440.0, 1.0479529
8450.0, 1.0471828
8460.0, 1.0464143
8470.0, 1.045647
8480.0, 1.0448812
8490.0, 1.044117
8500.0, 1.0433539
8510.0, 1.0425923
8520.0, 1.0418323
8530.0, 1.0410734
8540.0, 1.0403162
8550.0, 1.0395602
8560.0, 1.0388055
8570.0, 1.0380522
8580.0, 1.0373003
8590.0, 1.03655
8600.0, 1.0358008
8610.0, 1.0350529
8620.0, 1.0343066
8630.0, 1.0335616
8640.0, 1.0328178
8650.0, 1.0320756
8660.0, 1.0313346
8670.0, 1.030595
8680.0, 1.0298566
8690.0, 1.0291196
8700.0, 1.028384
8710.0, 1.0276495
8720.0, 1.0269166
8730.0, 1.0261849
8740.0, 1.0254545
8750.0, 1.0247253
8760.0, 1.0239975
8770.0, 1.0232711
8780.0, 1.022546
8790.0, 1.0218221
8800.0, 1.0210993
8810.0, 1.020378
8820.0, 1.0196582
8830.0, 1.0189394
8840.0, 1.0182219
8850.0, 1.0175055
8860.0, 1.0167909
8870.0, 1.016077
8880.0, 1.0153646
8890.0, 1.0146533
8900.0, 1.0139437
8910.0, 1.0132349
8920.0, 1.0125275
8930.0, 1.0118213
8940.0, 1.0111165
8950.0, 1.0104128
8960.0, 1.0097103
8970.0, 1.009009
8980.0, 1.0083089
8990.0, 1.0076103
9000.0, 1.0069127
9010.0, 1.0062164
9020.0, 1.005521
9030.0, 1.0048273
9040.0, 1.0041348
9050.0, 1.0034432
9060.0, 1.0027527
9070.0, 1.0020638
9080.0, 1.0013757
9090.0, 1.000689
9100.0, 1.0000033
9110.0, 0.99931914
9120.0, 0.9986359
9130.0, 0.99795395
9140.0, 0.9972732
9150.0, 0.9965935
9160.0, 0.995915
9170.0, 0.99523765
9180.0, 0.99456125
9190.0, 0.9938865
9200.0, 0.99321246
9210.0, 0.9925398
9220.0, 0.99186826
9230.0, 0.9911979
9240.0, 0.9905286
9250.0, 0.98986036
9260.0, 0.98919344
9270.0, 0.9885275
9280.0, 0.9878628
9290.0, 0.9871991
9300.0, 0.9865366
9310.0, 0.9858752
9320.0, 0.985215
9330.0, 0.9845559
9340.0, 0.98389786
9350.0, 0.98324084
9360.0, 0.98258513
9370.0, 0.98193026
9380.0, 0.98127675
9390.0, 0.98062426
9400.0, 0.9799728
9410.0, 0.97932243
9420.0, 0.9786731
9430.0, 0.9780251
9440.0, 0.97737783
9450.0, 0.97673184
9460.0, 0.976087
9470.0, 0.9754429
9480.0, 0.97480035
9490.0, 0.97415864
9500.0, 0.9735179
9510.0, 0.9728783
9520.0, 0.9722396
9530.0, 0.97160226
9540.0, 0.9709659
9550.0, 0.97033054
9560.0, 0.96969616
9570.0, 0.9690628
9580.0, 0.96843064
9590.0, 0.96779937
9600.0, 0.9671692
9610.0, 0.96654004
9620.0, 0.9659119
9630.0, 0.96528494
9640.0, 0.9646589
9650.0, 0.9640339
9660.0, 0.9634099
9670.0, 0.96278673
9680.0, 0.96216494
9690.0, 0.9615439
9700.0, 0.960924
9710.0, 0.960305
9720.0, 0.959687
9730.0, 0.9590701
9740.0, 0.95845413
9750.0, 0.9578393
9760.0, 0.9572254
9770.0, 0.9566124
9780.0, 0.9560004
9790.0, 0.95538944
9800.0, 0.9547795
9810.0, 0.95417035
9820.0, 0.9535624
9830.0, 0.95295537
9840.0, 0.9523493
9850.0, 0.95174414
9860.0, 0.9511401
9870.0, 0.9505367
9880.0, 0.94993466
9890.0, 0.94933325
9900.0, 0.94873303
9910.0, 0.9481338
9920.0, 0.9475354
9930.0, 0.9469379
9940.0, 0.9463416
9950.0, 0.94574594
9960.0, 0.9451513
9970.0, 0.94455767
9980.0, 0.943965
9990.0, 0.9433732
10000.0, 0.94278246
10010.0, 0.94219244
10020.0, 0.94160354
10030.0, 0.9410155
10040.0, 0.9404283
10050.0, 0.93984216
10060.0, 0.93925685
10070.0, 0.9386726
10080.0, 0.9380892
10090.0, 0.9375067
10100.0, 0.936925
10110.0, 0.9363444
10120.0, 0.93576455
10130.0, 0.9351856
10140.0, 0.93460757
10150.0, 0.9340307
10160.0, 0.9334544
10170.0, 0.93287915
10180.0, 0.93230474
10190.0, 0.93173116
10200.0, 0.9311586
10210.0, 0.93058693
10220.0, 0.93001604
10230.0, 0.92944616
10240.0, 0.92887706
10250.0, 0.9283088
10260.0, 0.92774147
10270.0, 0.92717516
10280.0, 0.9266095
10290.0, 0.9260449
10300.0, 0.925481
10310.0, 0.9249179
10320.0, 0.924356
10330.0, 0.9237947
10340.0, 0.92323434
10350.0, 0.92267466
10360.0, 0.9221161
10370.0, 0.9215583
10380.0, 0.9210012
10390.0, 0.9204452
10400.0, 0.91988987
10410.0, 0.9193355
10420.0, 0.9187819
10430.0, 0.91822916
10440.0, 0.9176772
10450.0, 0.9171261
10460.0, 0.91657597
10470.0, 0.91602653
10480.0, 0.915478
10490.0, 0.9149303
10500.0, 0.91438335
10510.0, 0.91383713
10520.0, 0.91329193
10530.0, 0.91274756
10540.0, 0.91220385
10550.0, 0.911661
10560.0, 0.9111191
10570.0, 0.91057795
10580.0, 0.91003746
10590.0, 0.909498
10600.0, 0.90895927
10610.0, 0.9084213
10620.0, 0.9078842
10630.0, 0.90734786
10640.0, 0.90681225
10650.0, 0.90627754
10660.0, 0.90574354
10670.0, 0.9052104
10680.0, 0.9046779
10690.0, 0.9041464
10700.0, 0.9036156
10710.0, 0.9030856
10720.0, 0.9025565
10730.0, 0.90202796
10740.0, 0.90150034
10750.0, 0.9009735
10760.0, 0.90044737
10770.0, 0.899922
10780.0, 0.8993974
10790.0, 0.8988736
10800.0, 0.89835054
10810.0, 0.8978285
10820.0, 0.89730704
10830.0, 0.8967863
10840.0, 0.89626634
10850.0, 0.89574707
10860.0, 0.8952286
10870.0, 0.8947109
10880.0, 0.894194
10890.0, 0.8936778
10900.0, 0.89316237
10910.0, 0.89264774
10920.0, 0.89213395
10930.0, 0.89162076
10940.0, 0.8911082
10950.0, 0.8905965
10960.0, 0.89008564
10970.0, 0.8895754
10980.0, 0.88906604
10990.0, 0.8885573
11000.0, 0.8880492
11010.0, 0.88754207
11020.0, 0.8870355
11030.0, 0.88652974
11040.0, 0.8860245
11050.0, 0.88552016
11060.0, 0.88501656
11070.0, 0.8845138
11080.0, 0.8840116
11090.0, 0.8835102
11100.0, 0.8830093
11110.0, 0.8825093
11120.0, 0.88201
11130.0, 0.88151145
11140.0, 0.8810136
11150.0, 0.88051635
11160.0, 0.88001996
11170.0, 0.8795241
11180.0, 0.8790291
11190.0, 0.87853473
11200.0, 0.87804115
11210.0, 0.87754816
11220.0, 0.8770559
11230.0, 0.87656426
11240.0, 0.8760734
11250.0, 0.87558323
11260.0, 0.8750938
11270.0, 0.87460506
11280.0, 0.874117
11290.0, 0.87362957
11300.0, 0.8731429
11310.0, 0.8726568
11320.0, 0.87217146
11330.0, 0.8716867
11340.0, 0.87120277
11350.0, 0.8707196
11360.0, 0.87023693
11370.0, 0.86975497
11380.0, 0.8692737
11390.0, 0.8687929
11400.0, 0.868313
11410.0, 0.86783385
11420.0, 0.8673551
11430.0, 0.86687726
11440.0, 0.86640006
11450.0, 0.8659234
11460.0, 0.86544734
11470.0, 0.8649721
11480.0, 0.8644975
11490.0, 0.8640235
11500.0, 0.86355025
11510.0, 0.8630775
11520.0, 0.8626055
11530.0, 0.8621342
11540.0, 0.86166334
11550.0, 0.86119354
11560.0, 0.8607239
11570.0, 0.8602552
11580.0, 0.85978705
11590.0, 0.8593197
11600.0, 0.8588527
11610.0, 0.8583866
11620.0, 0.857921
11630.0, 0.85745615
11640.0, 0.8569918
11650.0, 0.8565281
11660.0, 0.8560652
11670.0, 0.855603
11680.0, 0.8551411
11690.0, 0.8546799
11700.0, 0.85421944
11710.0, 0.8537596
11720.0, 0.8533003
11730.0, 0.8528418
11740.0, 0.8523837
11750.0, 0.8519263
11760.0, 0.8514696
11770.0, 0.8510134
11780.0, 0.8505578
11790.0, 0.8501029
11800.0, 0.84964854
11810.0, 0.84919494
11820.0, 0.848742
11830.0, 0.84828943
11840.0, 0.8478375
11850.0, 0.8473865
11860.0, 0.84693587
11870.0, 0.8464858
11880.0, 0.84603626
11890.0, 0.8455875
11900.0, 0.8451392
11910.0, 0.8446916
11920.0, 0.8442446
11930.0, 0.8437983
11940.0, 0.8433523
11950.0, 0.84290725
11960.0, 0.8424624
11970.0, 0.8420183
11980.0, 0.8415751
11990.0, 0.84113216
12000.0, 0.8406899
12010.0, 0.84024805
12020.0, 0.8398071
12030.0, 0.8393666
12040.0, 0.83892673
12050.0, 0.83848715
12060.0, 0.8380484
12070.0, 0.83761036
12080.0, 0.83717257
12090.0, 0.83673567
12100.0, 0.8362991
12110.0, 0.8358633
12120.0, 0.83542794
12130.0, 0.83499324
12140.0, 0.8345591
12150.0, 0.83412546
12160.0, 0.8336924
12170.0, 0.8332598
12180.0, 0.83282804
12190.0, 0.8323968
12200.0, 0.83196604
12210.0, 0.8315357
12220.0, 0.8311062
12230.0, 0.830677
12240.0, 0.8302485
12250.0, 0.8298207
12260.0, 0.8293931
12270.0, 0.82896626
12280.0, 0.82853997
12290.0, 0.82811433
12300.0, 0.8276891
12310.0, 0.82726437
12320.0, 0.82684046
12330.0, 0.82641673
12340.0, 0.8259939
12350.0, 0.8255713
12360.0, 0.82514954
12370.0, 0.8247282
12380.0, 0.8243073
12390.0, 0.8238871
12400.0, 0.8234675
12410.0, 0.82304823
12420.0, 0.8226295
12430.0, 0.8222113
12440.0, 0.82179385
12450.0, 0.82137686
12460.0, 0.8209603
12470.0, 0.8205444
12480.0, 0.820129
12490.0, 0.8197141
12500.0, 0.81929964
12510.0, 0.8188858
12520.0, 0.81847245
12530.0, 0.8180596
12540.0, 0.81764746
12550.0, 0.8172356
12560.0, 0.8168246
12570.0, 0.8164138
12580.0, 0.8160037
12590.0, 0.81559396
12600.0, 0.8151848
12610.0, 0.81477624
12620.0, 0.8143682
12630.0, 0.8139606
12640.0, 0.81355345
12650.0, 0.81314695
12660.0, 0.812741
12670.0, 0.81233543
12680.0, 0.8119304
12690.0, 0.8115258
12700.0, 0.8111219
12710.0, 0.81071836
12720.0, 0.81031543
12730.0, 0.80991304
12740.0, 0.8095111
12750.0, 0.8091095
12760.0, 0.8087086
12770.0, 0.8083081
12780.0, 0.8079081
12790.0, 0.80750877
12800.0, 0.8071097
12810.0, 0.8067114
12820.0, 0.80631334
12830.0, 0.8059159
12840.0, 0.8055189
12850.0, 0.8051225
12860.0, 0.8047265
12870.0, 0.8043309
12880.0, 0.803936
12890.0, 0.8035414
12900.0, 0.8031475
12910.0, 0.802754
12920.0, 0.8023609
12930.0, 0.8019682
12940.0, 0.80157626
12950.0, 0.80118465
12960.0, 0.8007935
12970.0, 0.8004029
12980.0, 0.8000127
12990.0, 0.79962325
13000.0, 0.7992339
13010.0, 0.7988453
13020.0, 0.79845697
13030.0, 0.7980693
13040.0, 0.797682
13050.0, 0.7972952
13060.0, 0.79690886
13070.0, 0.7965229
13080.0, 0.7961377
13090.0, 0.7957527
13100.0, 0.7953684
13110.0, 0.7949844
13120.0, 0.7946008
13130.0, 0.7942178
13140.0, 0.7938352
13150.0, 0.79345316
13160.0, 0.79307145
13170.0, 0.79269046
13180.0, 0.7923097
13190.0, 0.7919294
13200.0, 0.7915496
13210.0, 0.79117024
13220.0, 0.7907914
13230.0, 0.790413
13240.0, 0.79003507
13250.0, 0.78965753
13260.0, 0.78928053
13270.0, 0.7889039
13280.0, 0.78852785
13290.0, 0.7881522
13300.0, 0.7877769
13310.0, 0.78740215
13320.0, 0.78702784
13330.0, 0.78665394
13340.0, 0.7862805
13350.0, 0.7859077
13360.0, 0.7855351
13370.0, 0.7851631
13380.0, 0.78479135
13390.0, 0.78442013
13400.0, 0.78404945
13410.0, 0.78367907
13420.0, 0.78330934
13430.0, 0.78293985
13440.0, 0.78257096
13450.0, 0.78220236
13460.0, 0.7818342
13470.0, 0.78146654
13480.0, 0.7810993
13490.0, 0.7807325
13500.0, 0.78036606
13510.0, 0.7800002
13520.0, 0.7796348
13530.0, 0.77926975
13540.0, 0.77890503
13550.0, 0.77854097
13560.0, 0.77817714
13570.0, 0.77781385
13580.0, 0.777451
13590.0, 0.77708834
13600.0, 0.7767264
13610.0, 0.77636474
13620.0, 0.7760037
13630.0, 0.7756429
13640.0, 0.77528244
13650.0, 0.7749226
13660.0, 0.77456295
13670.0, 0.77420396
13680.0, 0.7738453
13690.0, 0.7734871
13700.0, 0.77312934
13710.0, 0.77277184
13720.0, 0.7724149
13730.0, 0.77205837
13740.0, 0.77170223
13750.0, 0.77134645
13760.0, 0.7709911
13770.0, 0.7706362
13780.0, 0.7702817
13790.0, 0.7699276
13800.0, 0.7695739
13810.0, 0.7692207
13820.0, 0.76886797
13830.0, 0.76851547
13840.0, 0.7681634
13850.0, 0.7678118
13860.0, 0.7674606
13870.0, 0.7671098
13880.0, 0.7667594
13890.0, 0.76640934
13900.0, 0.76605976
13910.0, 0.7657106
13920.0, 0.7653618
13930.0, 0.76501334
13940.0, 0.7646654
13950.0, 0.7643178
13960.0, 0.7639706
13970.0, 0.7636238
13980.0, 0.7632775
13990.0, 0.7629314
14000.0, 0.7625858
14010.0, 0.7622407
14020.0, 0.76189584
14030.0, 0.7615514
14040.0, 0.7612074
14050.0, 0.76086384
14060.0, 0.7605205
14070.0, 0.7601778
14080.0, 0.7598353
14090.0, 0.75949323
14100.0, 0.7591515
14110.0, 0.7588102
14120.0, 0.75846934
14130.0, 0.7581288
14140.0, 0.7577887
14150.0, 0.757449
14160.0, 0.7571097
14170.0, 0.7567706
14180.0, 0.75643206
14190.0, 0.7560939
14200.0, 0.755756
14210.0, 0.7554187
14220.0, 0.75508153
14230.0, 0.75474495
14240.0, 0.7544086
14250.0, 0.7540727
14260.0, 0.7537371
14270.0, 0.753402
14280.0, 0.7530672
14290.0, 0.7527327
14300.0, 0.7523987
14310.0, 0.75206506
14320.0, 0.75173193
14330.0, 0.75139886
14340.0, 0.7510664
14350.0, 0.75073415
14360.0, 0.75040245
14370.0, 0.7500709
14380.0, 0.74973994
14390.0, 0.7494092
14400.0, 0.7490789
14410.0, 0.748749
14420.0, 0.74841946
14430.0, 0.74809027
14440.0, 0.74776137
14450.0, 0.74743295
14460.0, 0.74710476
14470.0, 0.746777
14480.0, 0.7464496
14490.0, 0.74612254
14500.0, 0.7457959
14510.0, 0.7454697
14520.0, 0.7451437
14530.0, 0.7448181
14540.0, 0.74449295
14550.0, 0.74416804
14560.0, 0.74384344
14570.0, 0.7435194
14580.0, 0.74319565
14590.0, 0.7428722
14600.0, 0.74254906
14610.0, 0.7422265
14620.0, 0.741904
14630.0, 0.741582
14640.0, 0.7412603
14650.0, 0.7409391
14660.0, 0.74061805
14670.0, 0.7402975
14680.0, 0.73997724
14690.0, 0.73965746
14700.0, 0.7393378
14710.0, 0.7390186
14720.0, 0.7386997
14730.0, 0.73838127
14740.0, 0.73806316
14750.0, 0.7377452
14760.0, 0.7374278
14770.0, 0.73711073
14780.0, 0.73679394
14790.0, 0.7364775
14800.0, 0.73616135
14810.0, 0.73584574
14820.0, 0.7355303
14830.0, 0.73521525
14840.0, 0.73490053
14850.0, 0.73458606
14860.0, 0.734272
14870.0, 0.7339584
14880.0, 0.7336451
14890.0, 0.733332
14900.0, 0.73301935
14910.0, 0.73270696
14920.0, 0.73239505
14930.0, 0.7320833
14940.0, 0.73177195
14950.0, 0.73146105
14960.0, 0.7311503
14970.0, 0.7308399
14980.0, 0.73052996
14990.0, 0.7302203
15000.0, 0.72991097
15010.0, 0.72960186
15020.0, 0.7292932
15030.0, 0.72898495
15040.0, 0.7286769
15050.0, 0.7283693
15060.0, 0.7280619
15070.0, 0.72775483
15080.0, 0.72744817
15090.0, 0.7271418
15100.0, 0.7268357
15110.0, 0.7265301
15120.0, 0.72622466
15130.0, 0.7259196
15140.0, 0.7256148
15150.0, 0.7253104
15160.0, 0.72500634
15170.0, 0.72470254
15180.0, 0.72439903
15190.0, 0.72409594
15200.0, 0.7237931
15210.0, 0.7234906
15220.0, 0.72318846
15230.0, 0.7228865
15240.0, 0.722585
15250.0, 0.7222838
15260.0, 0.72198296
15270.0, 0.7216823
15280.0, 0.7213821
15290.0, 0.7210822
15300.0, 0.72078246
15310.0, 0.72048324
15320.0, 0.72018415
15330.0, 0.7198855
15340.0, 0.719587
15350.0, 0.719289
15360.0, 0.7189913
15370.0, 0.7186938
15380.0, 0.7183968
15390.0, 0.7180999
15400.0, 0.7178034
15410.0, 0.7175071
15420.0, 0.7172113
15430.0, 0.7169158
15440.0, 0.71662045
15450.0, 0.7163255
15460.0, 0.71603084
15470.0, 0.71573645
15480.0, 0.7154425
15490.0, 0.71514875
15500.0, 0.71485525
15510.0, 0.7145622
15520.0, 0.71426934
15530.0, 0.7139768
15540.0, 0.7136845
15550.0, 0.7133926
15560.0, 0.7131011
15570.0, 0.71280974
15580.0, 0.71251875
15590.0, 0.71222794
15600.0, 0.71193755
15610.0, 0.71164745
15620.0, 0.71135765
15630.0, 0.71106815
15640.0, 0.7107789
15650.0, 0.71049
15660.0, 0.7102014
15670.0, 0.709913
15680.0, 0.709625
15690.0, 0.7093373
15700.0, 0.70904994
15710.0, 0.7087627
15720.0, 0.7084758
15730.0, 0.7081893
15740.0, 0.70790297
15750.0, 0.70761704
15760.0, 0.7073314
15770.0, 0.7070459
15780.0, 0.7067609
15790.0, 0.7064761
15800.0, 0.7061916
15810.0, 0.70590734
15820.0, 0.70562345
15830.0, 0.70533985
15840.0, 0.70505637
15850.0, 0.70477337
15860.0, 0.7044906
15870.0, 0.7042081
15880.0, 0.7039259
15890.0, 0.7036439
15900.0, 0.7033624
15910.0, 0.70308095
15920.0, 0.7028
15930.0, 0.7025191
15940.0, 0.7022387
15950.0, 0.7019584
15960.0, 0.7016785
15970.0, 0.70139885
15980.0, 0.7011195
15990.0, 0.70084035
16000.0, 0.70056164
16010.0, 0.700283
16020.0, 0.7000048
16030.0, 0.6997268
16040.0, 0.69944906
16050.0, 0.6991718
16060.0, 0.6988947
16070.0, 0.69861776
16080.0, 0.6983412
16090.0, 0.69806486
16100.0, 0.69778895
16110.0, 0.6975131
16120.0, 0.6972377
16130.0, 0.6969626
16140.0, 0.6966875
16150.0, 0.6964129
16160.0, 0.6961386
16170.0, 0.6958645
16180.0, 0.6955906
16190.0, 0.6953171
16200.0, 0.6950438
16210.0, 0.6947709
16220.0, 0.69449806
16230.0, 0.69422567
16240.0, 0.69395345
16250.0, 0.6936814
16260.0, 0.69340986
16270.0, 0.69313854
16280.0, 0.6928674
16290.0, 0.6925965
16300.0, 0.692326
16310.0, 0.69205564
16320.0, 0.6917856
16330.0, 0.6915158
16340.0, 0.69124633
16350.0, 0.69097704
16360.0, 0.6907081
16370.0, 0.6904393
16380.0, 0.6901708
16390.0, 0.6899027
16400.0, 0.6896348
16410.0, 0.6893672
16420.0, 0.6890997
16430.0, 0.6888326
16440.0, 0.6885658
16450.0, 0.688299
16460.0, 0.68803275
16470.0, 0.68776673
16480.0, 0.68750083
16490.0, 0.6872353
16500.0, 0.68696994
16510.0, 0.68670493
16520.0, 0.6864401
16530.0, 0.6861755
16540.0, 0.6859113
16550.0, 0.6856473
16560.0, 0.6853835
16570.0, 0.6851201
16580.0, 0.68485683
16590.0, 0.68459386
16600.0, 0.68433106
16610.0, 0.68406844
16620.0, 0.6838063
16630.0, 0.68354446
16640.0, 0.6832827
16650.0, 0.6830212
16660.0, 0.68276006
16670.0, 0.68249905
16680.0, 0.68223834
16690.0, 0.68197787
16700.0, 0.68171775
16710.0, 0.6814579
16720.0, 0.681198
16730.0, 0.6809386
16740.0, 0.68067944
16750.0, 0.68042046
16760.0, 0.6801618
16770.0, 0.6799033
16780.0, 0.679645
16790.0, 0.6793871
16800.0, 0.6791295
16810.0, 0.678872
16820.0, 0.67861474
16830.0, 0.6783578
16840.0, 0.67810106
16850.0, 0.6778445
16860.0, 0.67758834
16870.0, 0.67733234
16880.0, 0.67707664
16890.0, 0.6768211
16900.0, 0.6765658
16910.0, 0.67631096
16920.0, 0.6760561
16930.0, 0.6758017
16940.0, 0.67554736
16950.0, 0.6752933
16960.0, 0.6750396
16970.0, 0.6747859
16980.0, 0.67453253
16990.0, 0.6742796
17000.0, 0.6740267
17010.0, 0.6737742
17020.0, 0.6735219
17030.0, 0.6732697
17040.0, 0.67301786
17050.0, 0.6727662
17060.0, 0.6725148
17070.0, 0.6722637
17080.0, 0.67201275
17090.0, 0.67176205
17100.0, 0.6715116
17110.0, 0.67126137
17120.0, 0.6710114
17130.0, 0.67076164
17140.0, 0.6705122
17150.0, 0.6702629
17160.0, 0.67001384
17170.0, 0.66976506
17180.0, 0.66951656
17190.0, 0.66926813
17200.0, 0.6690201
17210.0, 0.6687723
17220.0, 0.6685246
17230.0, 0.6682772
17240.0, 0.66802996
17250.0, 0.667783
17260.0, 0.6675363
17270.0, 0.6672899
17280.0, 0.6670436
17290.0, 0.6667976
17300.0, 0.66655177
17310.0, 0.66630626
17320.0, 0.6660609
17330.0, 0.6658158
17340.0, 0.6655709
17350.0, 0.66532624
17360.0, 0.6650818
17370.0, 0.6648377
17380.0, 0.6645938
17390.0, 0.6643499
17400.0, 0.6641064
17410.0, 0.66386324
17420.0, 0.66362005
17430.0, 0.6633773
17440.0, 0.6631346
17450.0, 0.66289234
17460.0, 0.66265017
17470.0, 0.6624082
17480.0, 0.6621665
17490.0, 0.661925
17500.0, 0.6616837
17510.0, 0.6614427
17520.0, 0.6612018
17530.0, 0.66096115
17540.0, 0.6607209
17550.0, 0.66048074
17560.0, 0.6602408
17570.0, 0.66000104
17580.0, 0.6597616
17590.0, 0.6595223
17600.0, 0.6592833
17610.0, 0.6590444
17620.0, 0.6588057
17630.0, 0.6585675
17640.0, 0.65832925
17650.0, 0.6580913
17660.0, 0.6578535
17670.0, 0.65761596
17680.0, 0.6573787
17690.0, 0.65714157
17700.0, 0.6569047
17710.0, 0.6566681
17720.0, 0.65643173
17730.0, 0.65619534
17740.0, 0.6559594
17750.0, 0.6557236
17760.0, 0.65548795
17770.0, 0.6552526
17780.0, 0.6550175
17790.0, 0.6547825
17800.0, 0.65454775
17810.0, 0.65431327
17820.0, 0.654079
17830.0, 0.65384483
17840.0, 0.65361094
17850.0, 0.65337735
17860.0, 0.6531438
17870.0, 0.6529106
17880.0, 0.6526777
17890.0, 0.6524447
17900.0, 0.65221214
17910.0, 0.6519798
17920.0, 0.6517476
17930.0, 0.65151554
17940.0, 0.65128374
17950.0, 0.65105224
17960.0, 0.6508209
17970.0, 0.65058976
17980.0, 0.65035886
17990.0, 0.6501281
18000.0, 0.6498975
18010.0, 0.64966726
18020.0, 0.6494371
18030.0, 0.6492072
18040.0, 0.6489775
18050.0, 0.64874804
18060.0, 0.6485187
18070.0, 0.6482896
18080.0, 0.6480608
18090.0, 0.6478321
18100.0, 0.64760363
18110.0, 0.64737535
18120.0, 0.64714724
18130.0, 0.6469193
18140.0, 0.64669174
18150.0, 0.64646435
18160.0, 0.64623696
18170.0, 0.64601004
18180.0, 0.6457832
18190.0, 0.64555657
18200.0, 0.64533
18210.0, 0.6451038
18220.0, 0.6448778
18230.0, 0.6446519
18240.0, 0.6444263
18250.0, 0.6442008
18260.0, 0.64397556
18270.0, 0.6437505
18280.0, 0.6435257
18290.0, 0.643301
18300.0, 0.64307666
18310.0, 0.6428524
18320.0, 0.6426283
18330.0, 0.6424044
18340.0, 0.64218074
18350.0, 0.6419573
18360.0, 0.641734
18370.0, 0.641511
18380.0, 0.6412882
18390.0, 0.6410655
18400.0, 0.64084303
18410.0, 0.64062077
18420.0, 0.6403987
18430.0, 0.6401767
18440.0, 0.63995504
18450.0, 0.6397335
18460.0, 0.6395123
18470.0, 0.6392911
18480.0, 0.6390702
18490.0, 0.6388495
18500.0, 0.63862896
18510.0, 0.6384086
18520.0, 0.6381884
18530.0, 0.63796854
18540.0, 0.6377487
18550.0, 0.6375292
18560.0, 0.63730973
18570.0, 0.63709056
18580.0, 0.6368716
18590.0, 0.6366527
18600.0, 0.63643414
18610.0, 0.6362157
18620.0, 0.6359975
18630.0, 0.63577944
18640.0, 0.63556165
18650.0, 0.63534385
18660.0, 0.63512635
18670.0, 0.63490915
18680.0, 0.63469195
18690.0, 0.6344752
18700.0, 0.63425833
18710.0, 0.6340418
18720.0, 0.6338255
18730.0, 0.6336093
18740.0, 0.63339335
18750.0, 0.63317746
18760.0, 0.6329619
18770.0, 0.63274646
18780.0, 0.6325313
18790.0, 0.63231623
18800.0, 0.63210136
18810.0, 0.6318867
18820.0, 0.63167214
18830.0, 0.6314578
18840.0, 0.6312437
18850.0, 0.63102984
18860.0, 0.630816
18870.0, 0.6306024
18880.0, 0.63038903
18890.0, 0.6301759
18900.0, 0.6299628
18910.0, 0.62974995
18920.0, 0.6295373
18930.0, 0.62932485
18940.0, 0.6291125
18950.0, 0.62890035
18960.0, 0.62868845
18970.0, 0.6284766
18980.0, 0.62826514
18990.0, 0.6280537
19000.0, 0.6278425
19010.0, 0.6276314
19020.0, 0.6274206
19030.0, 0.62720996
19040.0, 0.62699926
19050.0, 0.62678903
19060.0, 0.6265789
19070.0, 0.62636894
19080.0, 0.62615913
19090.0, 0.6259496
19100.0, 0.6257401
19110.0, 0.6255308
19120.0, 0.6253218
19130.0, 0.6251129
19140.0, 0.62490416
19150.0, 0.62469566
19160.0, 0.6244873
19170.0, 0.624279
19180.0, 0.62407106
19190.0, 0.6238632
19200.0, 0.62365556
19210.0, 0.6234481
19220.0, 0.62324077
19230.0, 0.62303364
19240.0, 0.6228266
19250.0, 0.62261987
19260.0, 0.62241316
19270.0, 0.62220675
19280.0, 0.62200046
19290.0, 0.62179434
19300.0, 0.62158847
19310.0, 0.6213827
19320.0, 0.62117714
19330.0, 0.62097174
19340.0, 0.62076646
19350.0, 0.62056136
19360.0, 0.62035656
19370.0, 0.62015176
19380.0, 0.61994725
19390.0, 0.6197429
19400.0, 0.6195387
19410.0, 0.61933464
19420.0, 0.61913073
19430.0, 0.61892706
19440.0, 0.61872345
19450.0, 0.61852014
19460.0, 0.61831695
19470.0, 0.618114
19480.0, 0.6179111
19490.0, 0.6177084
19500.0, 0.6175059
19510.0, 0.6173035
19520.0, 0.6171013
19530.0, 0.6168994
19540.0, 0.61669743
19550.0, 0.61649585
19560.0, 0.6162943
19570.0, 0.616093
19580.0, 0.6158917
19590.0, 0.61569077
19600.0, 0.6154899
19610.0, 0.6152893
19620.0, 0.6150887
19630.0, 0.6148884
19640.0, 0.6146882
19650.0, 0.6144881
19660.0, 0.6142883
19670.0, 0.61408865
19680.0, 0.6138891
19690.0, 0.6136897
19700.0, 0.61349064
19710.0, 0.6132915
19720.0, 0.61309266
19730.0, 0.61289394
19740.0, 0.61269534
19750.0, 0.612497
19760.0, 0.6122988
19770.0, 0.6121008
19780.0, 0.6119028
19790.0, 0.6117051
19800.0, 0.6115075
19810.0, 0.6113102
19820.0, 0.61111295
19830.0, 0.6109158
19840.0, 0.61071885
19850.0, 0.6105221
19860.0, 0.6103255
19870.0, 0.610129
19880.0, 0.6099328
19890.0, 0.6097367
19900.0, 0.60954064
19910.0, 0.6093449
19920.0, 0.6091492
19930.0, 0.6089537
19940.0, 0.6087584
19950.0, 0.60856324
19960.0, 0.6083683
19970.0, 0.6081735
19980.0, 0.60797864
19990.0, 0.60778415
20000.0, 0.6075898
20010.0, 0.6073955
20020.0, 0.60720146
20030.0, 0.6070076
20040.0, 0.6068138
20050.0, 0.6066203
20060.0, 0.6064269
20070.0, 0.60623366
20080.0, 0.60604036
20090.0, 0.6058474
20100.0, 0.6056546
20110.0, 0.60546196
20120.0, 0.60526943
20130.0, 0.60507715
20140.0, 0.6048849
20150.0, 0.60469294
20160.0, 0.6045011
20170.0, 0.60430926
20180.0, 0.6041177
20190.0, 0.60392636
20200.0, 0.603735
20210.0, 0.60354394
20220.0, 0.60335296
20230.0, 0.60316217
20240.0, 0.6029715
20250.0, 0.602781
20260.0, 0.6025907
20270.0, 0.6024004
20280.0, 0.60221034
20290.0, 0.60202044
20300.0, 0.6018308
20310.0, 0.6016413
20320.0, 0.60145175
20330.0, 0.60126257
20340.0, 0.6010733
20350.0, 0.6008843
20360.0, 0.60069555
20370.0, 0.60050684
20380.0, 0.60031825
20390.0, 0.60012984
20400.0, 0.5999417
20410.0, 0.5997536
20420.0, 0.5995656
20430.0, 0.5993779
20440.0, 0.5991901
20450.0, 0.5990028
20460.0, 0.5988153
20470.0, 0.5986282
20480.0, 0.5984412
20490.0, 0.5982542
20500.0, 0.5980675
20510.0, 0.59788096
20520.0, 0.5976944
20530.0, 0.59750813
20540.0, 0.597322
20550.0, 0.597136
20560.0, 0.5969502
20570.0, 0.5967644
20580.0, 0.59657884
20590.0, 0.59639335
20600.0, 0.59620804
20610.0, 0.596023
20620.0, 0.59583783
20630.0, 0.5956531
20640.0, 0.5954684
20650.0, 0.59528387
20660.0, 0.59509945
20670.0, 0.5949153
20680.0, 0.5947311
20690.0, 0.5945471
20700.0, 0.5943633
20710.0, 0.5941796
20720.0, 0.5939959
20730.0, 0.59381264
20740.0, 0.59362936
20750.0, 0.59344625
20760.0, 0.5932632
20770.0, 0.59308046
20780.0, 0.5928978
20790.0, 0.59271514
20800.0, 0.5925328
20810.0, 0.59235054
20820.0, 0.59216845
20830.0, 0.5919864
20840.0, 0.5918047
20850.0, 0.591623
20860.0, 0.59144133
20870.0, 0.59125996
20880.0, 0.59107876
20890.0, 0.5908976
20900.0, 0.5907167
20910.0, 0.59053576
20920.0, 0.59035504
20930.0, 0.59017444
20940.0, 0.58999413
20950.0, 0.58981377
20960.0, 0.5896337
20970.0, 0.58945364
20980.0, 0.5892737
20990.0, 0.58909404
21000.0, 0.58891445
21010.0, 0.58873504
21020.0, 0.58855563
21030.0, 0.5883765
21040.0, 0.58819747
21050.0, 0.58801866
21060.0, 0.5878398
21070.0, 0.58766115
21080.0, 0.5874827
21090.0, 0.58730435
21100.0, 0.5871261
21110.0, 0.58694816
21120.0, 0.58677006
21130.0, 0.5865923
21140.0, 0.5864147
21150.0, 0.58623713
21160.0, 0.58605975
21170.0, 0.5858825
21180.0, 0.58570546
21190.0, 0.58552843
21200.0, 0.5853515
21210.0, 0.5851749
21220.0, 0.5849983
21230.0, 0.5848219
21240.0, 0.5846455
21250.0, 0.5844693
21260.0, 0.58429325
21270.0, 0.58411735
21280.0, 0.58394164
21290.0, 0.583766
21300.0, 0.5835905
21310.0, 0.5834151
21320.0, 0.5832399
21330.0, 0.58306473
21340.0, 0.5828898
21350.0, 0.582715
21360.0, 0.58254015
21370.0, 0.5823657
21380.0, 0.5821913
21390.0, 0.58201694
21400.0, 0.5818428
21410.0, 0.5816688
21420.0, 0.58149487
21430.0, 0.58132094
21440.0, 0.5811474
21450.0, 0.5809739
21460.0, 0.5808005
21470.0, 0.5806272
21480.0, 0.5804542
21490.0, 0.5802811
21500.0, 0.5801083
21510.0, 0.5799355
21520.0, 0.5797629
21530.0, 0.5795905
21540.0, 0.57941806
21550.0, 0.5792459
21560.0, 0.57907385
21570.0, 0.5789019
21580.0, 0.57873005
21590.0, 0.57855844
21600.0, 0.5783868
21610.0, 0.57821536
21620.0, 0.57804406
21630.0, 0.5778729
21640.0, 0.57770187
21650.0, 0.5775309
21660.0, 0.57736003
21670.0, 0.57718945
21680.0, 0.5770189
21690.0, 0.5768485
21700.0, 0.5766781
21710.0, 0.57650805
21720.0, 0.57633805
21730.0, 0.57616806
21740.0, 0.5759983
21750.0, 0.5758287
21760.0, 0.5756591
21770.0, 0.5754898
21780.0, 0.5753205
21790.0, 0.5751514
21800.0, 0.57498246
21810.0, 0.5748134
21820.0, 0.5746447
21830.0, 0.574476
21840.0, 0.57430756
21850.0, 0.5741391
21860.0, 0.57397085
21870.0, 0.57380277
21880.0, 0.57363474
21890.0, 0.5734669
21900.0, 0.57329905
21910.0, 0.57313144
21920.0, 0.5729639
21930.0, 0.5727965
21940.0, 0.5726292
21950.0, 0.5724622
21960.0, 0.5722952
21970.0, 0.57212824
21980.0, 0.5719614
21990.0, 0.57179475
22000.0, 0.5716283
22010.0, 0.57146186
22020.0, 0.57129556
22030.0, 0.5711294
22040.0, 0.5709634
22050.0, 0.57079756
22060.0, 0.5706317
22070.0, 0.57046604
22080.0, 0.5703004
22090.0, 0.57013506
22100.0, 0.56996965
22110.0, 0.56980455
22120.0, 0.56963944
22130.0, 0.5694746
22140.0, 0.56930965
22150.0, 0.569145
22160.0, 0.56898046
22170.0, 0.5688159
22180.0, 0.5686516
22190.0, 0.56848735
22200.0, 0.5683233
22210.0, 0.5681594
22220.0, 0.5679955
22230.0, 0.5678318
22240.0, 0.56766814
22250.0, 0.5675047
22260.0, 0.5673412
22270.0, 0.567178
22280.0, 0.5670148
22290.0, 0.5668518
22300.0, 0.5666889
22310.0, 0.5665261
22320.0, 0.5663635
22330.0, 0.5662009
22340.0, 0.5660385
22350.0, 0.56587607
22360.0, 0.565714
22370.0, 0.5655519
22380.0, 0.56539
22390.0, 0.5652281
22400.0, 0.5650664
22410.0, 0.5649048
22420.0, 0.5647433
22430.0, 0.56458193
22440.0, 0.56442064
22450.0, 0.5642595
22460.0, 0.5640985
22470.0, 0.56393766
22480.0, 0.5637768
22490.0, 0.5636161
22500.0, 0.5634556
22510.0, 0.5632951
22520.0, 0.5631348
22530.0, 0.5629745
22540.0, 0.5628144
22550.0, 0.56265444
22560.0, 0.5624947
22570.0, 0.56233484
22580.0, 0.5621753
22590.0, 0.5620158
22600.0, 0.5618564
22610.0, 0.56169707
22620.0, 0.5615378
22630.0, 0.5613789
22640.0, 0.5612198
22650.0, 0.5610611
22660.0, 0.5609023
22670.0, 0.5607437
22680.0, 0.5605852
22690.0, 0.56042683
22700.0, 0.5602685
22710.0, 0.56011033
22720.0, 0.5599524
22730.0, 0.5597944
22740.0, 0.5596366
22750.0, 0.5594789
22760.0, 0.55932134
22770.0, 0.5591638
22780.0, 0.5590065
22790.0, 0.55884916
22800.0, 0.5586921
22810.0, 0.5585351
22820.0, 0.5583781
22830.0, 0.55822134
22840.0, 0.5580647
22850.0, 0.557908
22860.0, 0.5577516
22870.0, 0.5575952
22880.0, 0.55743897
22890.0, 0.55728287
22900.0, 0.5571269
22910.0, 0.5569709
22920.0, 0.55681515
22930.0, 0.55665946
22940.0, 0.55650383
22950.0, 0.5563483
22960.0, 0.556193
22970.0, 0.5560377
22980.0, 0.5558826
22990.0, 0.5557276
23000.0, 0.5555726
23010.0, 0.55541784
23020.0, 0.5552631
23030.0, 0.5551085
23040.0, 0.554954
23050.0, 0.5547996
23060.0, 0.55464536
23070.0, 0.5544912
23080.0, 0.55433714
23090.0, 0.5541832
23100.0, 0.5540294
23110.0, 0.5538756
23120.0, 0.55372196
23130.0, 0.55356854
23140.0, 0.55341506
23150.0, 0.55326176
23160.0, 0.55310863
23170.0, 0.55295557
23180.0, 0.55280256
23190.0, 0.55264974
23200.0, 0.55249697
23210.0, 0.5523443
23220.0, 0.5521918
23230.0, 0.5520393
23240.0, 0.5518869
23250.0, 0.5517347
23260.0, 0.55158263
23270.0, 0.5514306
23280.0, 0.55127865
23290.0, 0.5511269
23300.0, 0.5509752
23310.0, 0.5508236
23320.0, 0.5506722
23330.0, 0.5505208
23340.0, 0.55036956
23350.0, 0.5502183
23360.0, 0.5500673
23370.0, 0.5499163
23380.0, 0.54976547
23390.0, 0.54961467
23400.0, 0.5494641
23410.0, 0.54931355
23420.0, 0.54916304
23430.0, 0.5490128
23440.0, 0.5488625
23450.0, 0.54871243
23460.0, 0.5485624
23470.0, 0.5484125
23480.0, 0.54826266
23490.0, 0.54811287
23500.0, 0.54796344
23510.0, 0.54781383
23520.0, 0.5476644
23530.0, 0.5475151
23540.0, 0.547366
23550.0, 0.5472169
23560.0, 0.54706794
23570.0, 0.5469191
23580.0, 0.5467702
23590.0, 0.5466216
23600.0, 0.5464731
23610.0, 0.5463246
23620.0, 0.54617614
23630.0, 0.546028
23640.0, 0.5458798
23650.0, 0.54573166
23660.0, 0.5455837
23670.0, 0.54543585
23680.0, 0.5452881
23690.0, 0.54514045
23700.0, 0.54499286
23710.0, 0.54484546
23720.0, 0.5446981
23730.0, 0.5445509
23740.0, 0.54440373
23750.0, 0.5442566
23760.0, 0.54410964
23770.0, 0.54396284
23780.0, 0.5438161
23790.0, 0.54366946
23800.0, 0.5435229
23810.0, 0.54337656
23820.0, 0.5432301
23830.0, 0.5430839
23840.0, 0.5429377
23850.0, 0.5427916
23860.0, 0.54264575
23870.0, 0.5424999
23880.0, 0.5423541
23890.0, 0.5422085
23900.0, 0.542063
23910.0, 0.54191744
23920.0, 0.5417721
23930.0, 0.5416268
23940.0, 0.54148173
23950.0, 0.54133666
23960.0, 0.5411917
23970.0, 0.5410468
23980.0, 0.5409021
23990.0, 0.5407574
24000.0, 0.5406129
24010.0, 0.5404684
24020.0, 0.5403239
24030.0, 0.54017967
24040.0, 0.5400356
24050.0, 0.53989154
24060.0, 0.5397475
24070.0, 0.53960365
24080.0, 0.5394599
24090.0, 0.5393161
24100.0, 0.53917253
24110.0, 0.53902906
24120.0, 0.5388856
24130.0, 0.5387424
24140.0, 0.5385992
24150.0, 0.53845596
24160.0, 0.53831303
24170.0, 0.53817016
24180.0, 0.5380273
24190.0, 0.53788453
24200.0, 0.53774184
24210.0, 0.5375994
24220.0, 0.5374569
24230.0, 0.5373147
24240.0, 0.5371724
24250.0, 0.5370302
24260.0, 0.53688824
24270.0, 0.53674626
24280.0, 0.53660434
24290.0, 0.53646255
24300.0, 0.53632087
24310.0, 0.53617936
24320.0, 0.53603786
24330.0, 0.5358965
24340.0, 0.53575516
24350.0, 0.535614
24360.0, 0.53547287
24370.0, 0.53533185
24380.0, 0.53519094
24390.0, 0.5350501
24400.0, 0.5349094
24410.0, 0.5347688
24420.0, 0.53462815
24430.0, 0.53448766
24440.0, 0.5343475
24450.0, 0.53420717
24460.0, 0.534067
24470.0, 0.53392684
24480.0, 0.5337869
24490.0, 0.53364706
24500.0, 0.5335073
24510.0, 0.5333676
24520.0, 0.53322786
24530.0, 0.5330884
24540.0, 0.532949
24550.0, 0.5328096
24560.0, 0.5326703
24570.0, 0.5325312
24580.0, 0.5323922
24590.0, 0.5322532
24600.0, 0.5321143
24610.0, 0.53197545
24620.0, 0.53183687
24630.0, 0.53169835
24640.0, 0.5315598
24650.0, 0.5314213
24660.0, 0.53128296
24670.0, 0.53114486
24680.0, 0.53100663
24690.0, 0.5308686
24700.0, 0.5307306
24710.0, 0.5305928
24720.0, 0.530455
24730.0, 0.53031725
24740.0, 0.53017974
24750.0, 0.5300422
24760.0, 0.5299048
24770.0, 0.52976745
24780.0, 0.5296302
24790.0, 0.529493
24800.0, 0.5293561
24810.0, 0.52921903
24820.0, 0.5290822
24830.0, 0.5289454
24840.0, 0.5288086
24850.0, 0.5286721
24860.0, 0.52853554
24870.0, 0.5283991
24880.0, 0.5282628
24890.0, 0.5281266
24900.0, 0.5279904
24910.0, 0.5278543
24920.0, 0.5277184
24930.0, 0.5275824
24940.0, 0.5274466
24950.0, 0.52731097
24960.0, 0.5271753
24970.0, 0.52703977
24980.0, 0.5269044
24990.0, 0.52676904
25000.0, 0.5266336
25010.0, 0.5264985
25020.0, 0.5263634
25030.0, 0.52622837
25040.0, 0.5260934
25050.0, 0.5259586
25060.0, 0.5258238
25070.0, 0.5256892
25080.0, 0.52555466
25090.0, 0.5254201
25100.0, 0.52528566
25110.0, 0.52515143
25120.0, 0.5250172
25130.0, 0.5248831
25140.0, 0.52474904
25150.0, 0.52461505
25160.0, 0.5244811
25170.0, 0.5243474
25180.0, 0.5242137
25190.0, 0.52408
25200.0, 0.5239464
25210.0, 0.52381307
25220.0, 0.52367973
25230.0, 0.52354646
25240.0, 0.52341324
25250.0, 0.52328026
25260.0, 0.5231471
25270.0, 0.5230142
25280.0, 0.5228813
25290.0, 0.52274853
25300.0, 0.5226159
25310.0, 0.52248335
25320.0, 0.52235085
25330.0, 0.52221835
25340.0, 0.5220861
25350.0, 0.5219538
25360.0, 0.5218217
25370.0, 0.5216896
25380.0, 0.52155757
25390.0, 0.52142566
25400.0, 0.5212938
25410.0, 0.5211621
25420.0, 0.5210304
25430.0, 0.5208989
25440.0, 0.52076745
25450.0, 0.52063596
25460.0, 0.5205047
25470.0, 0.5203734
25480.0, 0.52024233
25490.0, 0.5201112
25500.0, 0.5199802
25510.0, 0.51984936
25520.0, 0.5197186
25530.0, 0.51958776
25540.0, 0.51945716
25550.0, 0.5193266
25560.0, 0.5191961
25570.0, 0.5190657
25580.0, 0.5189354
25590.0, 0.51880515
25600.0, 0.5186749
25610.0, 0.5185449
25620.0, 0.518415
25630.0, 0.518285
25640.0, 0.51815516
25650.0, 0.51802546
25660.0, 0.5178958
25670.0, 0.5177663
25680.0, 0.5176368
25690.0, 0.5175074
25700.0, 0.5173781
25710.0, 0.51724875
25720.0, 0.51711965
25730.0, 0.51699054
25740.0, 0.51686144
25750.0, 0.51673263
25760.0, 0.51660377
25770.0, 0.51647496
25780.0, 0.5163463
25790.0, 0.5162177
25800.0, 0.51608926
25810.0, 0.5159608
25820.0, 0.5158324
25830.0, 0.51570415
25840.0, 0.51557606
25850.0, 0.5154479
25860.0, 0.5153199
25870.0, 0.5151919
25880.0, 0.51506406
25890.0, 0.5149362
25900.0, 0.51480854
25910.0, 0.5146809
25920.0, 0.51455337
25930.0, 0.5144259
25940.0, 0.51429856
25950.0, 0.5141711
25960.0, 0.514044
25970.0, 0.5139168
25980.0, 0.5137898
25990.0, 0.51366276
26000.0, 0.51353586
26010.0, 0.513409
26020.0, 0.51328236
26030.0, 0.51315564
26040.0, 0.51302904
26050.0, 0.51290256
26060.0, 0.5127761
26070.0, 0.5126498
26080.0, 0.5125235
26090.0, 0.5123973
26100.0, 0.51227117
26110.0, 0.51214516
26120.0, 0.51201916
26130.0, 0.51189333
26140.0, 0.5117675
26150.0, 0.51164174
26160.0, 0.51151615
26170.0, 0.51139057
26180.0, 0.5112651
26190.0, 0.5111396
26200.0, 0.51101434
26210.0, 0.51088905
26220.0, 0.51076394
26230.0, 0.51063883
26240.0, 0.5105138
26250.0, 0.51038885
26260.0, 0.510264
26270.0, 0.51013917
26280.0, 0.5100145
26290.0, 0.5098898
26300.0, 0.5097653
26310.0, 0.50964075
26320.0, 0.5095164
26330.0, 0.509392
26340.0, 0.50926787
26350.0, 0.50914365
26360.0, 0.50901955
26370.0, 0.5088955
26380.0, 0.50877166
26390.0, 0.50864774
26400.0, 0.50852394
26410.0, 0.50840026
26420.0, 0.50827664
26430.0, 0.5081531
26440.0, 0.5080296
26450.0, 0.50790614
26460.0, 0.5077828
26470.0, 0.5076596
26480.0, 0.5075364
26490.0, 0.50741327
26500.0, 0.50729024
26510.0, 0.5071673
26520.0, 0.5070444
26530.0, 0.5069216
26540.0, 0.50679886
26550.0, 0.50667626
26560.0, 0.50655365
26570.0, 0.5064312
26580.0, 0.5063088
26590.0, 0.50618637
26600.0, 0.5060641
26610.0, 0.5059419
26620.0, 0.50581974
26630.0, 0.5056977
26640.0, 0.50557566
26650.0, 0.50545377
26660.0, 0.50533205
26670.0, 0.5052103
26680.0, 0.5050885
26690.0, 0.5049669
26700.0, 0.50484544
26710.0, 0.50472397
26720.0, 0.5046026
26730.0, 0.50448126
26740.0, 0.50436014
26750.0, 0.50423884
26760.0, 0.5041178
26770.0, 0.5039968
26780.0, 0.5038758
26790.0, 0.503755
26800.0, 0.5036343
26810.0, 0.5035135
26820.0, 0.5033928
26830.0, 0.5032723
26840.0, 0.5031518
26850.0, 0.5030313
26860.0, 0.502911
26870.0, 0.50279063
26880.0, 0.50267047
26890.0, 0.50255036
26900.0, 0.50243026
26910.0, 0.50231034
26920.0, 0.5021904
26930.0, 0.50207055
26940.0, 0.5019508
26950.0, 0.501831
26960.0, 0.5017114
26970.0, 0.5015919
26980.0, 0.5014725
26990.0, 0.50135297
27000.0, 0.5012337
27010.0, 0.5011144
27020.0, 0.50099516
27030.0, 0.50087607
27040.0, 0.500757
27050.0, 0.500638
27060.0, 0.5005192
27070.0, 0.50040036
27080.0, 0.5002815
27090.0, 0.5001628
27100.0, 0.5000442
27110.0, 0.4999256
27120.0, 0.49980715
27130.0, 0.49968877
27140.0, 0.49957046
27150.0, 0.4994522
27160.0, 0.499334
27170.0, 0.49921578
27180.0, 0.4990977
27190.0, 0.49897984
27200.0, 0.49886188
27210.0, 0.4987441
27220.0, 0.49862626
27230.0, 0.4985085
27240.0, 0.49839097
27250.0, 0.49827343
27260.0, 0.49815592
27270.0, 0.4980385
27280.0, 0.49792114
27290.0, 0.49780384
27300.0, 0.49768665
27310.0, 0.49756953
27320.0, 0.4974524
27330.0, 0.49733546
27340.0, 0.4972185
27350.0, 0.4971017
27360.0, 0.49698484
27370.0, 0.49686813
27380.0, 0.4967516
27390.0, 0.49663493
27400.0, 0.4965184
27410.0, 0.49640203
27420.0, 0.4962856
27430.0, 0.49616927
27440.0, 0.49605307
27450.0, 0.49593687
27460.0, 0.4958208
27470.0, 0.49570477
27480.0, 0.49558884
27490.0, 0.49547297
27500.0, 0.4953571
27510.0, 0.4952414
27520.0, 0.49512562
27530.0, 0.49501002
27540.0, 0.4948945
27550.0, 0.49477902
27560.0, 0.49466366
27570.0, 0.49454823
27580.0, 0.49443305
27590.0, 0.49431774
27600.0, 0.49420264
27610.0, 0.49408758
27620.0, 0.49397257
27630.0, 0.49385765
27640.0, 0.49374276
27650.0, 0.49362794
27660.0, 0.4935133
27670.0, 0.49339855
27680.0, 0.49328396
27690.0, 0.4931695
27700.0, 0.49305502
27710.0, 0.49294063
27720.0, 0.49282625
27730.0, 0.49271202
27740.0, 0.49259785
27750.0, 0.49248374
27760.0, 0.4923696
27770.0, 0.49225566
27780.0, 0.4921417
27790.0, 0.49202782
27800.0, 0.49191412
27810.0, 0.49180034
27820.0, 0.49168673
27830.0, 0.49157304
27840.0, 0.49145958
27850.0, 0.49134606
27860.0, 0.49123263
27870.0, 0.4911194
27880.0, 0.49100614
27890.0, 0.49089292
27900.0, 0.49077982
27910.0, 0.4906668
27920.0, 0.49055377
27930.0, 0.49044085
27940.0, 0.49032792
27950.0, 0.49021518
27960.0, 0.49010244
27970.0, 0.48998976
27980.0, 0.4898771
27990.0, 0.48976457
28000.0, 0.48965213
28010.0, 0.48953974
28020.0, 0.48942742
28030.0, 0.48931512
28040.0, 0.48920295
28050.0, 0.48909086
28060.0, 0.4889787
28070.0, 0.48886672
28080.0, 0.48875478
28090.0, 0.4886429
28100.0, 0.48853102
28110.0, 0.48841932
28120.0, 0.4883076
28130.0, 0.48819596
28140.0, 0.48808447
28150.0, 0.487973
28160.0, 0.4878615
28170.0, 0.4877501
28180.0, 0.48763886
28190.0, 0.48752755
28200.0, 0.48741645
28210.0, 0.4873053
28220.0, 0.4871943
28230.0, 0.48708338
28240.0, 0.48697242
28250.0, 0.48686156
28260.0, 0.48675072
28270.0, 0.48664013
28280.0, 0.48652938
28290.0, 0.48641878
28300.0, 0.48630822
28310.0, 0.4861978
28320.0, 0.4860874
28330.0, 0.48597702
28340.0, 0.48586673
28350.0, 0.48575652
28360.0, 0.48564643
28370.0, 0.4855363
28380.0, 0.48542625
28390.0, 0.4853164
28400.0, 0.48520643
28410.0, 0.48509657
28420.0, 0.48498687
28430.0, 0.4848771
28440.0, 0.48476744
28450.0, 0.48465794
28460.0, 0.4845484
28470.0, 0.48443893
28480.0, 0.48432952
28490.0, 0.48422018
28500.0, 0.4841109
28510.0, 0.48400173
28520.0, 0.48389256
28530.0, 0.48378348
28540.0, 0.4836745
28550.0, 0.48356554
28560.0, 0.48345667
28570.0, 0.48334774
28580.0, 0.48323894
28590.0, 0.48313034
28600.0, 0.48302165
28610.0, 0.48291302
28620.0, 0.4828045
28630.0, 0.48269615
28640.0, 0.4825877
28650.0, 0.48247936
28660.0, 0.48237103
28670.0, 0.48226282
28680.0, 0.4821547
28690.0, 0.4820466
28700.0, 0.48193857
28710.0, 0.48183063
28720.0, 0.48172268
28730.0, 0.48161492
28740.0, 0.4815071
28750.0, 0.48139933
28760.0, 0.48129165
28770.0, 0.48118415
28780.0, 0.48107657
28790.0, 0.48096907
28800.0, 0.48086166
28810.0, 0.48075426
28820.0, 0.480647
28830.0, 0.48053977
28840.0, 0.4804326
28850.0, 0.48032546
28860.0, 0.48021844
28870.0, 0.48011145
28880.0, 0.4800045
28890.0, 0.47989756
28900.0, 0.47979087
28910.0, 0.47968403
28920.0, 0.47957736
28930.0, 0.47947073
28940.0, 0.47936413
28950.0, 0.47925764
28960.0, 0.4791512
28970.0, 0.47904477
28980.0, 0.47893843
28990.0, 0.47883222
29000.0, 0.47872597
29010.0, 0.4786199
29020.0, 0.47851372
29030.0, 0.47840762
29040.0, 0.4783017
29050.0, 0.47819582
29060.0, 0.47808996
29070.0, 0.47798413
29080.0, 0.47787845
29090.0, 0.4777727
29100.0, 0.47766715
29110.0, 0.4775615
29120.0, 0.477456
29130.0, 0.47735065
29140.0, 0.47724524
29150.0, 0.47713992
29160.0, 0.4770346
29170.0, 0.4769295
29180.0, 0.4768243
29190.0, 0.4767192
29200.0, 0.47661415
29210.0, 0.47650924
29220.0, 0.4764043
29230.0, 0.4762994
29240.0, 0.47619468
29250.0, 0.47608992
29260.0, 0.4759852
29270.0, 0.47588065
29280.0, 0.47577608
29290.0, 0.47567156
29300.0, 0.47556713
29310.0, 0.47546273
29320.0, 0.47535843
29330.0, 0.47525415
29340.0, 0.4751499
29350.0, 0.4750458
29360.0, 0.4749417
29370.0, 0.47483763
29380.0, 0.47473374
29390.0, 0.47462964
29400.0, 0.47452587
29410.0, 0.47442204
29420.0, 0.47431836
29430.0, 0.47421458
29440.0, 0.47411102
29450.0, 0.47400743
29460.0, 0.4739039
29470.0, 0.47380045
29480.0, 0.47369704
29490.0, 0.47359368
29500.0, 0.47349045
29510.0, 0.47338715
29520.0, 0.47328392
29530.0, 0.4731809
29540.0, 0.4730778
29550.0, 0.4729748
29560.0, 0.4728718
29570.0, 0.47276887
29580.0, 0.47266614
29590.0, 0.4725633
29600.0, 0.4724606
29610.0, 0.47235787
29620.0, 0.47225532
29630.0, 0.47215277
29640.0, 0.47205028
29650.0, 0.47194782
29660.0, 0.47184542
29670.0, 0.47174317
29680.0, 0.4716409
29690.0, 0.4715386
29700.0, 0.47143647
29710.0, 0.47133437
29720.0, 0.47123232
29730.0, 0.4711303
29740.0, 0.4710284
29750.0, 0.47092652
29760.0, 0.47082475
29770.0, 0.47072294
29780.0, 0.47062126
29790.0, 0.4705195
29800.0, 0.47041804
29810.0, 0.47031647
29820.0, 0.47021493
29830.0, 0.4701135
29840.0, 0.47001216
29850.0, 0.4699108
29860.0, 0.4698095
29870.0, 0.46970832
29880.0, 0.46960714
29890.0, 0.46950603
29900.0, 0.46940503
29910.0, 0.469304
29920.0, 0.46920308
29930.0, 0.4691022
29940.0, 0.46900138
29950.0, 0.46890065
29960.0, 0.4687999
29970.0, 0.4686992
29980.0, 0.4685987
29990.0, 0.4684981
30000.0, 0.46839756
