Energy (in eV), SEEE yield of material CERS-withBUCT at isotropic incidence
   X,       Y
0.0, 0.0
10.0, 0.10859823
20.0, 0.21637233
30.0, 0.32348645
40.0, 0.43000206
50.0, 0.53588694
60.0, 0.6411211
70.0, 0.7457076
80.0, 0.8496296
90.0, 0.9528633
100.0, 1.0553691
110.0, 1.1571467
120.0, 1.2581663
130.0, 1.358423
140.0, 1.4578729
150.0, 1.5565153
160.0, 1.654314
170.0, 1.751272
180.0, 1.8473682
190.0, 1.9425797
200.0, 2.036886
210.0, 2.1302848
220.0, 2.2227616
230.0, 2.3142889
240.0, 2.4048762
250.0, 2.4944954
260.0, 2.5831418
270.0, 2.6708074
280.0, 2.7574732
290.0, 2.8431444
300.0, 2.9278045
310.0, 3.0114405
320.0, 3.0940597
330.0, 3.1756463
340.0, 3.2561994
350.0, 3.3357072
360.0, 3.4141731
370.0, 3.4915888
380.0, 3.5679536
390.0, 3.6432638
400.0, 3.7175164
410.0, 3.7907126
420.0, 3.8628464
430.0, 3.933921
440.0, 4.0039363
450.0, 4.0728917
460.0, 4.140787
470.0, 4.207626
480.0, 4.273409
490.0, 4.338137
500.0, 4.401815
510.0, 4.464443
520.0, 4.5260267
530.0, 4.5865693
540.0, 4.646074
550.0, 4.704545
560.0, 4.7619886
570.0, 4.818409
580.0, 4.8738112
590.0, 4.9282002
600.0, 4.981583
610.0, 5.033966
620.0, 5.0853558
630.0, 5.1357574
640.0, 5.1851788
650.0, 5.2336283
660.0, 5.2811112
670.0, 5.3276367
680.0, 5.373212
690.0, 5.4178443
700.0, 5.4615436
710.0, 5.504317
720.0, 5.546173
730.0, 5.587121
740.0, 5.6271687
750.0, 5.666326
760.0, 5.7046022
770.0, 5.742006
780.0, 5.778546
790.0, 5.8142323
800.0, 5.8490744
810.0, 5.8830805
820.0, 5.9162626
830.0, 5.9486294
840.0, 5.9801903
850.0, 6.010956
860.0, 6.040935
870.0, 6.070138
880.0, 6.0985756
890.0, 6.1262574
900.0, 6.153192
910.0, 6.1793904
920.0, 6.204864
930.0, 6.2296205
940.0, 6.2536716
950.0, 6.2770267
960.0, 6.299696
970.0, 6.321689
980.0, 6.3430166
990.0, 6.3636875
1000.0, 6.383713
1010.0, 6.403102
1020.0, 6.421865
1030.0, 6.440011
1040.0, 6.457551
1050.0, 6.4744935
1060.0, 6.4908495
1070.0, 6.5066266
1080.0, 6.5218353
1090.0, 6.5364866
1100.0, 6.5505877
1110.0, 6.5641494
1120.0, 6.577181
1130.0, 6.58969
1140.0, 6.6016874
1150.0, 6.613182
1160.0, 6.624182
1170.0, 6.634698
1180.0, 6.644737
1190.0, 6.6543064
1200.0, 6.6634183
1210.0, 6.6720796
1220.0, 6.6802983
1230.0, 6.688085
1240.0, 6.695445
1250.0, 6.7023883
1260.0, 6.708922
1270.0, 6.715056
1280.0, 6.720795
1290.0, 6.7261505
1300.0, 6.731128
1310.0, 6.7357354
1320.0, 6.7399807
1330.0, 6.743871
1340.0, 6.747412
1350.0, 6.750615
1360.0, 6.7534842
1370.0, 6.7560263
1380.0, 6.7582498
1390.0, 6.760162
1400.0, 6.761767
1410.0, 6.763074
1420.0, 6.764088
1430.0, 6.764816
1440.0, 6.765264
1450.0, 6.7654386
1460.0, 6.7653465
1470.0, 6.7649937
1480.0, 6.7643833
1490.0, 6.7635255
1500.0, 6.7624226
1510.0, 6.761084
1520.0, 6.75951
1530.0, 6.757711
1540.0, 6.7556906
1550.0, 6.7534533
1560.0, 6.751005
1570.0, 6.7483516
1580.0, 6.7454963
1590.0, 6.7424455
1600.0, 6.7392044
1610.0, 6.735775
1620.0, 6.7321653
1630.0, 6.728379
1640.0, 6.7244196
1650.0, 6.720292
1660.0, 6.7160006
1670.0, 6.7115498
1680.0, 6.7069426
1690.0, 6.702186
1700.0, 6.6972814
1710.0, 6.692233
1720.0, 6.687045
1730.0, 6.681722
1740.0, 6.676268
1750.0, 6.6706834
1760.0, 6.664977
1770.0, 6.6591477
1780.0, 6.6532
1790.0, 6.647138
1800.0, 6.6409664
1810.0, 6.6346855
1820.0, 6.628301
1830.0, 6.621814
1840.0, 6.6152277
1850.0, 6.608547
1860.0, 6.601773
1870.0, 6.59491
1880.0, 6.5879583
1890.0, 6.580922
1900.0, 6.5738053
1910.0, 6.5666084
1920.0, 6.559335
1930.0, 6.551987
1940.0, 6.544568
1950.0, 6.5370793
1960.0, 6.5295243
1970.0, 6.5219035
1980.0, 6.5142207
1990.0, 6.506477
2000.0, 6.498675
2010.0, 6.490818
2020.0, 6.4829054
2030.0, 6.474943
2040.0, 6.466928
2050.0, 6.458866
2060.0, 6.4507565
2070.0, 6.4426036
2080.0, 6.4344063
2090.0, 6.426168
2100.0, 6.4178915
2110.0, 6.409577
2120.0, 6.4012256
2130.0, 6.3928394
2140.0, 6.3844204
2150.0, 6.3759694
2160.0, 6.367489
2170.0, 6.358979
2180.0, 6.350442
2190.0, 6.3418794
2200.0, 6.3332906
2210.0, 6.32468
2220.0, 6.3160467
2230.0, 6.3073936
2240.0, 6.298718
2250.0, 6.290026
2260.0, 6.281316
2270.0, 6.2725897
2280.0, 6.2638483
2290.0, 6.2550926
2300.0, 6.246323
2310.0, 6.2375417
2320.0, 6.22875
2330.0, 6.219948
2340.0, 6.2111363
2350.0, 6.2023153
2360.0, 6.193488
2370.0, 6.1846533
2380.0, 6.1758127
2390.0, 6.166968
2400.0, 6.158118
2410.0, 6.149265
2420.0, 6.140409
2430.0, 6.1315513
2440.0, 6.122692
2450.0, 6.113833
2460.0, 6.1049733
2470.0, 6.0961146
2480.0, 6.087257
2490.0, 6.0784006
2500.0, 6.0695486
2510.0, 6.0606985
2520.0, 6.0518537
2530.0, 6.043012
2540.0, 6.034175
2550.0, 6.025343
2560.0, 6.016517
2570.0, 6.007699
2580.0, 5.9988866
2590.0, 5.990082
2600.0, 5.981284
2610.0, 5.972496
2620.0, 5.963715
2630.0, 5.9549437
2640.0, 5.946182
2650.0, 5.93743
2660.0, 5.9286885
2670.0, 5.919956
2680.0, 5.9112372
2690.0, 5.9025273
2700.0, 5.8938313
2710.0, 5.885145
2720.0, 5.8764725
2730.0, 5.867811
2740.0, 5.8591647
2750.0, 5.8505297
2760.0, 5.841909
2770.0, 5.833302
2780.0, 5.8247085
2790.0, 5.8161297
2800.0, 5.8075647
2810.0, 5.799015
2820.0, 5.7904806
2830.0, 5.781961
2840.0, 5.7734566
2850.0, 5.7649674
2860.0, 5.756494
2870.0, 5.7480373
2880.0, 5.739597
2890.0, 5.731172
2900.0, 5.7227645
2910.0, 5.714373
2920.0, 5.7059984
2930.0, 5.6976404
2940.0, 5.6893005
2950.0, 5.680977
2960.0, 5.6726713
2970.0, 5.6643825
2980.0, 5.6561127
2990.0, 5.647859
3000.0, 5.6396255
3010.0, 5.6314077
3020.0, 5.62321
3030.0, 5.6150293
3040.0, 5.606867
3050.0, 5.5987234
3060.0, 5.590598
3070.0, 5.5824924
3080.0, 5.5744042
3090.0, 5.566335
3100.0, 5.5582843
3110.0, 5.5502534
3120.0, 5.542241
3130.0, 5.534247
3140.0, 5.526273
3150.0, 5.5183187
3160.0, 5.510382
3170.0, 5.5024652
3180.0, 5.4945683
3190.0, 5.4866896
3200.0, 5.478832
3210.0, 5.470993
3220.0, 5.4631724
3230.0, 5.4553714
3240.0, 5.4475913
3250.0, 5.4398303
3260.0, 5.432089
3270.0, 5.4243665
3280.0, 5.4166636
3290.0, 5.408981
3300.0, 5.4013176
3310.0, 5.3936744
3320.0, 5.38605
3330.0, 5.378446
3340.0, 5.3708615
3350.0, 5.3632965
3360.0, 5.355751
3370.0, 5.348225
3380.0, 5.340719
3390.0, 5.333233
3400.0, 5.3257666
3410.0, 5.318319
3420.0, 5.3108926
3430.0, 5.303485
3440.0, 5.296097
3450.0, 5.2887287
3460.0, 5.28138
3470.0, 5.274051
3480.0, 5.2667413
3490.0, 5.259452
3500.0, 5.2521806
3510.0, 5.2449307
3520.0, 5.237699
3530.0, 5.230487
3540.0, 5.2232947
3550.0, 5.216121
3560.0, 5.208968
3570.0, 5.201834
3580.0, 5.194719
3590.0, 5.187623
3600.0, 5.180547
3610.0, 5.1734905
3620.0, 5.166453
3630.0, 5.159434
3640.0, 5.152434
3650.0, 5.1454544
3660.0, 5.1384926
3670.0, 5.1315503
3680.0, 5.124627
3690.0, 5.1177235
3700.0, 5.1108375
3710.0, 5.1039715
3720.0, 5.0971236
3730.0, 5.0902953
3740.0, 5.083485
3750.0, 5.0766945
3760.0, 5.0699224
3770.0, 5.0631685
3780.0, 5.056433
3790.0, 5.0497165
3800.0, 5.0430183
3810.0, 5.0363393
3820.0, 5.0296783
3830.0, 5.023036
3840.0, 5.016411
3850.0, 5.0098042
3860.0, 5.0032167
3870.0, 4.9966474
3880.0, 4.9900956
3890.0, 4.983562
3900.0, 4.977046
3910.0, 4.970549
3920.0, 4.9640703
3930.0, 4.9576087
3940.0, 4.9511657
3950.0, 4.94474
3960.0, 4.938332
3970.0, 4.931941
3980.0, 4.925569
3990.0, 4.9192142
4000.0, 4.9128766
4010.0, 4.906557
4020.0, 4.9002542
4030.0, 4.893969
4040.0, 4.887702
4050.0, 4.881452
4060.0, 4.875219
4070.0, 4.8690033
4080.0, 4.862805
4090.0, 4.8566227
4100.0, 4.850458
4110.0, 4.8443108
4120.0, 4.8381805
4130.0, 4.832067
4140.0, 4.82597
4150.0, 4.8198905
4160.0, 4.813827
4170.0, 4.8077803
4180.0, 4.80175
4190.0, 4.7957373
4200.0, 4.789741
4210.0, 4.78376
4220.0, 4.7777963
4230.0, 4.771849
4240.0, 4.765918
4250.0, 4.7600026
4260.0, 4.754103
4270.0, 4.748221
4280.0, 4.742355
4290.0, 4.7365046
4300.0, 4.7306705
4310.0, 4.7248516
4320.0, 4.7190495
4330.0, 4.7132626
4340.0, 4.7074914
4350.0, 4.701737
4360.0, 4.6959968
4370.0, 4.690273
4380.0, 4.684565
4390.0, 4.6788716
4400.0, 4.673195
4410.0, 4.6675334
4420.0, 4.6618867
4430.0, 4.6562552
4440.0, 4.65064
4450.0, 4.6450396
4460.0, 4.6394534
4470.0, 4.6338825
4480.0, 4.628327
4490.0, 4.622787
4500.0, 4.617262
4510.0, 4.611751
4520.0, 4.6062555
4530.0, 4.600775
4540.0, 4.5953093
4550.0, 4.5898576
4560.0, 4.5844207
4570.0, 4.5789986
4580.0, 4.573591
4590.0, 4.568198
4600.0, 4.562819
4610.0, 4.557455
4620.0, 4.5521054
4630.0, 4.5467696
4640.0, 4.541448
4650.0, 4.536141
4660.0, 4.5308475
4670.0, 4.525569
4680.0, 4.520304
4690.0, 4.5150533
4700.0, 4.509816
4710.0, 4.5045934
4720.0, 4.4993844
4730.0, 4.4941883
4740.0, 4.4890065
4750.0, 4.4838386
4760.0, 4.478684
4770.0, 4.473543
4780.0, 4.468416
4790.0, 4.463303
4800.0, 4.458202
4810.0, 4.4531155
4820.0, 4.4480424
4830.0, 4.4429827
4840.0, 4.437935
4850.0, 4.432901
4860.0, 4.427881
4870.0, 4.4228735
4880.0, 4.417879
4890.0, 4.412898
4900.0, 4.40793
4910.0, 4.4029746
4920.0, 4.3980317
4930.0, 4.3931026
4940.0, 4.3881855
4950.0, 4.383281
4960.0, 4.37839
4970.0, 4.3735113
4980.0, 4.368645
4990.0, 4.363792
5000.0, 4.3589506
5010.0, 4.354122
5020.0, 4.349305
5030.0, 4.344502
5040.0, 4.3397117
5050.0, 4.3349323
5060.0, 4.3301654
5070.0, 4.3254104
5080.0, 4.3206687
5090.0, 4.3159375
5100.0, 4.3112197
5110.0, 4.3065133
5120.0, 4.3018193
5130.0, 4.2971373
5140.0, 4.292467
5150.0, 4.2878084
5160.0, 4.2831626
5170.0, 4.2785277
5180.0, 4.273905
5190.0, 4.269293
5200.0, 4.2646937
5210.0, 4.2601056
5220.0, 4.2555285
5230.0, 4.2509637
5240.0, 4.246411
5250.0, 4.241868
5260.0, 4.237337
5270.0, 4.2328186
5280.0, 4.2283106
5290.0, 4.223814
5300.0, 4.2193284
5310.0, 4.2148547
5320.0, 4.210391
5330.0, 4.2059393
5340.0, 4.201498
5350.0, 4.1970687
5360.0, 4.1926503
5370.0, 4.1882424
5380.0, 4.1838455
5390.0, 4.1794596
5400.0, 4.175084
5410.0, 4.17072
5420.0, 4.1663666
5430.0, 4.162024
5440.0, 4.157692
5450.0, 4.1533704
5460.0, 4.1490593
5470.0, 4.144759
5480.0, 4.1404696
5490.0, 4.1361904
5500.0, 4.131922
5510.0, 4.127663
5520.0, 4.123415
5530.0, 4.119178
5540.0, 4.114951
5550.0, 4.110734
5560.0, 4.1065273
5570.0, 4.102331
5580.0, 4.098144
5590.0, 4.0939684
5600.0, 4.0898023
5610.0, 4.085646
5620.0, 4.0815005
5630.0, 4.077365
5640.0, 4.0732384
5650.0, 4.0691223
5660.0, 4.0650167
5670.0, 4.0609202
5680.0, 4.056834
5690.0, 4.0527573
5700.0, 4.0486903
5710.0, 4.044633
5720.0, 4.040586
5730.0, 4.0365477
5740.0, 4.0325193
5750.0, 4.028501
5760.0, 4.0244923
5770.0, 4.0204926
5780.0, 4.016502
5790.0, 4.0125217
5800.0, 4.0085506
5810.0, 4.004589
5820.0, 4.0006366
5830.0, 3.996693
5840.0, 3.9927595
5850.0, 3.9888349
5860.0, 3.9849198
5870.0, 3.9810133
5880.0, 3.9771163
5890.0, 3.9732282
5900.0, 3.9693494
5910.0, 3.9654799
5920.0, 3.961619
5930.0, 3.9577677
5940.0, 3.9539244
5950.0, 3.9500906
5960.0, 3.9462662
5970.0, 3.9424496
5980.0, 3.938643
5990.0, 3.934844
6000.0, 3.931055
6010.0, 3.927274
6020.0, 3.9235022
6030.0, 3.919739
6040.0, 3.9159846
6050.0, 3.9122381
6060.0, 3.9085011
6070.0, 3.9047713
6080.0, 3.9010515
6090.0, 3.897339
6100.0, 3.8936362
6110.0, 3.889942
6120.0, 3.8862548
6130.0, 3.882577
6140.0, 3.878908
6150.0, 3.875246
6160.0, 3.871593
6170.0, 3.8679488
6180.0, 3.8643117
6190.0, 3.8606844
6200.0, 3.8570638
6210.0, 3.8534522
6220.0, 3.849849
6230.0, 3.8462527
6240.0, 3.8426661
6250.0, 3.839086
6260.0, 3.8355153
6270.0, 3.831952
6280.0, 3.8283963
6290.0, 3.824849
6300.0, 3.8213093
6310.0, 3.8177779
6320.0, 3.814254
6330.0, 3.8107383
6340.0, 3.80723
6350.0, 3.8037305
6360.0, 3.8002377
6370.0, 3.7967534
6380.0, 3.7932758
6390.0, 3.7898073
6400.0, 3.7863457
6410.0, 3.7828918
6420.0, 3.7794456
6430.0, 3.7760067
6440.0, 3.7725756
6450.0, 3.7691522
6460.0, 3.7657356
6470.0, 3.7623277
6480.0, 3.7589264
6490.0, 3.7555327
6500.0, 3.7521465
6510.0, 3.7487674
6520.0, 3.7453961
6530.0, 3.7420323
6540.0, 3.7386749
6550.0, 3.7353258
6560.0, 3.7319834
6570.0, 3.7286482
6580.0, 3.7253203
6590.0, 3.722
6600.0, 3.7186868
6610.0, 3.7153802
6620.0, 3.7120817
6630.0, 3.7087896
6640.0, 3.705504
6650.0, 3.7022266
6660.0, 3.6989555
6670.0, 3.6956923
6680.0, 3.6924357
6690.0, 3.689185
6700.0, 3.6859426
6710.0, 3.6827068
6720.0, 3.6794775
6730.0, 3.6762555
6740.0, 3.6730404
6750.0, 3.6698318
6760.0, 3.6666298
6770.0, 3.663435
6780.0, 3.6602468
6790.0, 3.6570656
6800.0, 3.653891
6810.0, 3.650723
6820.0, 3.6475618
6830.0, 3.6444073
6840.0, 3.6412592
6850.0, 3.6381178
6860.0, 3.6349838
6870.0, 3.6318552
6880.0, 3.6287332
6890.0, 3.6256187
6900.0, 3.62251
6910.0, 3.6194081
6920.0, 3.6163123
6930.0, 3.6132233
6940.0, 3.6101408
6950.0, 3.6070645
6960.0, 3.6039946
6970.0, 3.6009305
6980.0, 3.5978737
6990.0, 3.594823
7000.0, 3.5917783
7010.0, 3.58874
7020.0, 3.585708
7030.0, 3.5826826
7040.0, 3.579663
7050.0, 3.5766494
7060.0, 3.5736423
7070.0, 3.5706415
7080.0, 3.5676467
7090.0, 3.5646582
7100.0, 3.5616755
7110.0, 3.5586991
7120.0, 3.555729
7130.0, 3.5527644
7140.0, 3.5498064
7150.0, 3.5468538
7160.0, 3.5439079
7170.0, 3.5409675
7180.0, 3.538033
7190.0, 3.5351045
7200.0, 3.5321825
7210.0, 3.5292656
7220.0, 3.526355
7230.0, 3.5234504
7240.0, 3.5205517
7250.0, 3.5176582
7260.0, 3.514771
7270.0, 3.5118895
7280.0, 3.509014
7290.0, 3.5061443
7300.0, 3.50328
7310.0, 3.500421
7320.0, 3.4975684
7330.0, 3.4947212
7340.0, 3.49188
7350.0, 3.4890447
7360.0, 3.4862142
7370.0, 3.4833896
7380.0, 3.4805713
7390.0, 3.4777575
7400.0, 3.4749496
7410.0, 3.4721477
7420.0, 3.469351
7430.0, 3.4665601
7440.0, 3.463774
7450.0, 3.4609945
7460.0, 3.4582195
7470.0, 3.4554505
7480.0, 3.4526865
7490.0, 3.4499283
7500.0, 3.4471753
7510.0, 3.444428
7520.0, 3.4416854
7530.0, 3.438949
7540.0, 3.4362173
7550.0, 3.4334908
7560.0, 3.4307702
7570.0, 3.4280543
7580.0, 3.4253447
7590.0, 3.4226391
7600.0, 3.4199395
7610.0, 3.4172454
7620.0, 3.4145553
7630.0, 3.4118714
7640.0, 3.4091923
7650.0, 3.4065192
7660.0, 3.4038503
7670.0, 3.4011865
7680.0, 3.398528
7690.0, 3.3958747
7700.0, 3.3932266
7710.0, 3.3905833
7720.0, 3.3879454
7730.0, 3.3853126
7740.0, 3.3826847
7750.0, 3.3800614
7760.0, 3.3774436
7770.0, 3.3748305
7780.0, 3.3722222
7790.0, 3.3696194
7800.0, 3.367021
7810.0, 3.364428
7820.0, 3.3618393
7830.0, 3.3592563
7840.0, 3.3566775
7850.0, 3.3541043
7860.0, 3.351535
7870.0, 3.3489714
7880.0, 3.3464122
7890.0, 3.3438578
7900.0, 3.341308
7910.0, 3.3387635
7920.0, 3.3362234
7930.0, 3.333688
7940.0, 3.3311582
7950.0, 3.3286324
7960.0, 3.326111
7970.0, 3.3235948
7980.0, 3.3210828
7990.0, 3.3185763
8000.0, 3.316074
8010.0, 3.313576
8020.0, 3.3110836
8030.0, 3.308595
8040.0, 3.3061113
8050.0, 3.3036318
8060.0, 3.301157
8070.0, 3.298687
8080.0, 3.2962215
8090.0, 3.2937605
8100.0, 3.291304
8110.0, 3.2888522
8120.0, 3.286405
8130.0, 3.2839613
8140.0, 3.281523
8150.0, 3.2790897
8160.0, 3.2766595
8170.0, 3.2742345
8180.0, 3.2718139
8190.0, 3.2693977
8200.0, 3.266986
8210.0, 3.2645786
8220.0, 3.2621753
8230.0, 3.2597768
8240.0, 3.257382
8250.0, 3.2549922
8260.0, 3.2526062
8270.0, 3.2502248
8280.0, 3.2478476
8290.0, 3.2454753
8300.0, 3.2431066
8310.0, 3.2407422
8320.0, 3.2383826
8330.0, 3.236027
8340.0, 3.2336745
8350.0, 3.2313275
8360.0, 3.2289846
8370.0, 3.2266452
8380.0, 3.2243109
8390.0, 3.2219799
8400.0, 3.219654
8410.0, 3.217332
8420.0, 3.2150135
8430.0, 3.2126994
8440.0, 3.2103896
8450.0, 3.2080839
8460.0, 3.2057824
8470.0, 3.2034848
8480.0, 3.2011912
8490.0, 3.1989017
8500.0, 3.1966157
8510.0, 3.1943347
8520.0, 3.1920571
8530.0, 3.189784
8540.0, 3.1875143
8550.0, 3.185249
8560.0, 3.1829877
8570.0, 3.1807306
8580.0, 3.178477
8590.0, 3.1762273
8600.0, 3.173982
8610.0, 3.1717403
8620.0, 3.1695025
8630.0, 3.1672685
8640.0, 3.1650388
8650.0, 3.162813
8660.0, 3.1605906
8670.0, 3.158372
8680.0, 3.1561577
8690.0, 3.1539474
8700.0, 3.1517408
8710.0, 3.1495373
8720.0, 3.147338
8730.0, 3.145143
8740.0, 3.1429508
8750.0, 3.1407633
8760.0, 3.1385794
8770.0, 3.1363993
8780.0, 3.1342227
8790.0, 3.1320503
8800.0, 3.1298807
8810.0, 3.1277156
8820.0, 3.125554
8830.0, 3.123396
8840.0, 3.1212418
8850.0, 3.1190908
8860.0, 3.1169446
8870.0, 3.114801
8880.0, 3.1126614
8890.0, 3.1105254
8900.0, 3.1083934
8910.0, 3.1062644
8920.0, 3.1041396
8930.0, 3.1020179
8940.0, 3.0999005
8950.0, 3.0977862
8960.0, 3.0956748
8970.0, 3.093568
8980.0, 3.091464
8990.0, 3.0893645
9000.0, 3.0872676
9010.0, 3.085175
9020.0, 3.083085
9030.0, 3.0809994
9040.0, 3.0789168
9050.0, 3.076838
9060.0, 3.0747623
9070.0, 3.072691
9080.0, 3.070622
9090.0, 3.0685565
9100.0, 3.066495
9110.0, 3.0644367
9120.0, 3.062382
9130.0, 3.0603304
9140.0, 3.0582826
9150.0, 3.056238
9160.0, 3.054197
9170.0, 3.0521588
9180.0, 3.0501246
9190.0, 3.0480936
9200.0, 3.0460656
9210.0, 3.0440412
9220.0, 3.0420198
9230.0, 3.0400026
9240.0, 3.037988
9250.0, 3.0359771
9260.0, 3.0339694
9270.0, 3.0319643
9280.0, 3.0299637
9290.0, 3.0279655
9300.0, 3.025971
9310.0, 3.0239797
9320.0, 3.0219915
9330.0, 3.0200064
9340.0, 3.0180252
9350.0, 3.016046
9360.0, 3.0140715
9370.0, 3.012099
9380.0, 3.0101306
9390.0, 3.0081644
9400.0, 3.0062027
9410.0, 3.0042434
9420.0, 3.0022874
9430.0, 3.0003345
9440.0, 2.998385
9450.0, 2.9964378
9460.0, 2.9944944
9470.0, 2.992554
9480.0, 2.990617
9490.0, 2.9886835
9500.0, 2.9867518
9510.0, 2.984824
9520.0, 2.9828992
9530.0, 2.9809778
9540.0, 2.979059
9550.0, 2.9771435
9560.0, 2.975231
9570.0, 2.9733214
9580.0, 2.971415
9590.0, 2.9695113
9600.0, 2.967611
9610.0, 2.965714
9620.0, 2.9638197
9630.0, 2.9619281
9640.0, 2.96004
9650.0, 2.9581544
9660.0, 2.9562724
9670.0, 2.9543931
9680.0, 2.9525168
9690.0, 2.950643
9700.0, 2.9487727
9710.0, 2.9469054
9720.0, 2.9450407
9730.0, 2.9431791
9740.0, 2.9413202
9750.0, 2.9394653
9760.0, 2.9376116
9770.0, 2.935762
9780.0, 2.9339147
9790.0, 2.9320707
9800.0, 2.9302294
9810.0, 2.928391
9820.0, 2.9265554
9830.0, 2.9247222
9840.0, 2.9228926
9850.0, 2.9210658
9860.0, 2.9192417
9870.0, 2.9174206
9880.0, 2.9156017
9890.0, 2.913786
9900.0, 2.9119737
9910.0, 2.9101634
9920.0, 2.9083562
9930.0, 2.9065516
9940.0, 2.9047499
9950.0, 2.9029512
9960.0, 2.9011548
9970.0, 2.8993616
9980.0, 2.8975713
9990.0, 2.8957832
10000.0, 2.893998
10010.0, 2.8922155
10020.0, 2.890436
10030.0, 2.8886597
10040.0, 2.886885
10050.0, 2.8851137
10060.0, 2.8833447
10070.0, 2.881579
10080.0, 2.8798156
10090.0, 2.8780549
10100.0, 2.8762968
10110.0, 2.8745415
10120.0, 2.8727887
10130.0, 2.8710387
10140.0, 2.8692915
10150.0, 2.8675466
10160.0, 2.8658051
10170.0, 2.8640652
10180.0, 2.8623285
10190.0, 2.8605945
10200.0, 2.8588629
10210.0, 2.857134
10220.0, 2.8554075
10230.0, 2.853684
10240.0, 2.8519628
10250.0, 2.8502443
10260.0, 2.8485281
10270.0, 2.846815
10280.0, 2.845104
10290.0, 2.843396
10300.0, 2.8416898
10310.0, 2.8399866
10320.0, 2.8382864
10330.0, 2.8365881
10340.0, 2.8348927
10350.0, 2.8331993
10360.0, 2.831509
10370.0, 2.8298209
10380.0, 2.8281355
10390.0, 2.8264527
10400.0, 2.8247721
10410.0, 2.8230946
10420.0, 2.8214188
10430.0, 2.8197455
10440.0, 2.818075
10450.0, 2.816407
10460.0, 2.8147416
10470.0, 2.8130784
10480.0, 2.8114178
10490.0, 2.8097596
10500.0, 2.808103
10510.0, 2.8064504
10520.0, 2.8047988
10530.0, 2.8031507
10540.0, 2.8015044
10550.0, 2.7998605
10560.0, 2.7982192
10570.0, 2.7965806
10580.0, 2.7949438
10590.0, 2.7933097
10600.0, 2.7916782
10610.0, 2.7900484
10620.0, 2.7884216
10630.0, 2.7867968
10640.0, 2.7851746
10650.0, 2.783555
10660.0, 2.7819374
10670.0, 2.7803218
10680.0, 2.778709
10690.0, 2.7770984
10700.0, 2.7754905
10710.0, 2.7738845
10720.0, 2.772281
10730.0, 2.7706795
10740.0, 2.7690804
10750.0, 2.7674842
10760.0, 2.7658894
10770.0, 2.7642975
10780.0, 2.762708
10790.0, 2.7611206
10800.0, 2.759535
10810.0, 2.757952
10820.0, 2.7563713
10830.0, 2.754793
10840.0, 2.7532165
10850.0, 2.7516427
10860.0, 2.750071
10870.0, 2.7485018
10880.0, 2.7469347
10890.0, 2.7453692
10900.0, 2.743807
10910.0, 2.7422462
10920.0, 2.7406876
10930.0, 2.7391317
10940.0, 2.737578
10950.0, 2.7360263
10960.0, 2.7344766
10970.0, 2.7329297
10980.0, 2.7313845
10990.0, 2.7298417
11000.0, 2.7283008
11010.0, 2.7267623
11020.0, 2.7252257
11030.0, 2.7236917
11040.0, 2.7221594
11050.0, 2.7206292
11060.0, 2.7191017
11070.0, 2.7175758
11080.0, 2.7160525
11090.0, 2.7145314
11100.0, 2.7130117
11110.0, 2.711495
11120.0, 2.7099798
11130.0, 2.7084668
11140.0, 2.7069561
11150.0, 2.7054474
11160.0, 2.7039409
11170.0, 2.7024364
11180.0, 2.7009337
11190.0, 2.6994336
11200.0, 2.6979353
11210.0, 2.696439
11220.0, 2.6949446
11230.0, 2.693453
11240.0, 2.6919634
11250.0, 2.690475
11260.0, 2.6889896
11270.0, 2.6875057
11280.0, 2.6860235
11290.0, 2.684544
11300.0, 2.6830666
11310.0, 2.6815908
11320.0, 2.6801176
11330.0, 2.6786458
11340.0, 2.6771762
11350.0, 2.6757085
11360.0, 2.6742432
11370.0, 2.6727798
11380.0, 2.671318
11390.0, 2.6698585
11400.0, 2.6684012
11410.0, 2.6669455
11420.0, 2.6654918
11430.0, 2.6640406
11440.0, 2.662591
11450.0, 2.6611435
11460.0, 2.6596975
11470.0, 2.6582537
11480.0, 2.6568122
11490.0, 2.6553724
11500.0, 2.6539345
11510.0, 2.6524985
11520.0, 2.6510649
11530.0, 2.6496325
11540.0, 2.6482027
11550.0, 2.6467748
11560.0, 2.6453483
11570.0, 2.6439238
11580.0, 2.6425016
11590.0, 2.6410809
11600.0, 2.6396627
11610.0, 2.6382458
11620.0, 2.6368313
11630.0, 2.635418
11640.0, 2.6340075
11650.0, 2.6325986
11660.0, 2.631191
11670.0, 2.629786
11680.0, 2.628382
11690.0, 2.6269808
11700.0, 2.6255813
11710.0, 2.6241837
11720.0, 2.6227875
11730.0, 2.621393
11740.0, 2.620001
11750.0, 2.6186106
11760.0, 2.6172223
11770.0, 2.6158361
11780.0, 2.6144507
11790.0, 2.6130674
11800.0, 2.6116862
11810.0, 2.610307
11820.0, 2.6089299
11830.0, 2.6075535
11840.0, 2.6061797
11850.0, 2.6048076
11860.0, 2.6034377
11870.0, 2.602069
11880.0, 2.6007023
11890.0, 2.599337
11900.0, 2.5979745
11910.0, 2.5966132
11920.0, 2.5952532
11930.0, 2.5938954
11940.0, 2.5925395
11950.0, 2.5911858
11960.0, 2.589833
11970.0, 2.5884824
11980.0, 2.5871336
11990.0, 2.5857866
12000.0, 2.584441
12010.0, 2.5830972
12020.0, 2.5817554
12030.0, 2.5804155
12040.0, 2.5790768
12050.0, 2.5777402
12060.0, 2.5764053
12070.0, 2.5750723
12080.0, 2.5737405
12090.0, 2.5724108
12100.0, 2.5710828
12110.0, 2.5697565
12120.0, 2.5684323
12130.0, 2.567109
12140.0, 2.565788
12150.0, 2.5644689
12160.0, 2.5631506
12170.0, 2.5618348
12180.0, 2.5605202
12190.0, 2.559208
12200.0, 2.5578964
12210.0, 2.5565875
12220.0, 2.5552795
12230.0, 2.553974
12240.0, 2.5526693
12250.0, 2.5513668
12260.0, 2.5500655
12270.0, 2.5487661
12280.0, 2.547469
12290.0, 2.5461726
12300.0, 2.5448787
12310.0, 2.5435853
12320.0, 2.5422947
12330.0, 2.5410051
12340.0, 2.5397174
12350.0, 2.5384312
12360.0, 2.5371468
12370.0, 2.535864
12380.0, 2.5345826
12390.0, 2.5333033
12400.0, 2.5320249
12410.0, 2.5307486
12420.0, 2.5294735
12430.0, 2.5282009
12440.0, 2.5269291
12450.0, 2.525659
12460.0, 2.5243905
12470.0, 2.5231242
12480.0, 2.521859
12490.0, 2.5205953
12500.0, 2.519333
12510.0, 2.5180726
12520.0, 2.516814
12530.0, 2.5155566
12540.0, 2.514301
12550.0, 2.5130465
12560.0, 2.5117943
12570.0, 2.5105433
12580.0, 2.5092938
12590.0, 2.508046
12600.0, 2.5067995
12610.0, 2.5055547
12620.0, 2.5043116
12630.0, 2.5030699
12640.0, 2.5018299
12650.0, 2.5005913
12660.0, 2.4993541
12670.0, 2.4981184
12680.0, 2.4968843
12690.0, 2.4956522
12700.0, 2.4944212
12710.0, 2.4931922
12720.0, 2.491964
12730.0, 2.4907377
12740.0, 2.489513
12750.0, 2.4882896
12760.0, 2.4870675
12770.0, 2.4858468
12780.0, 2.4846284
12790.0, 2.483411
12800.0, 2.4821951
12810.0, 2.4809806
12820.0, 2.4797678
12830.0, 2.4785564
12840.0, 2.4773467
12850.0, 2.476138
12860.0, 2.4749315
12870.0, 2.4737256
12880.0, 2.4725215
12890.0, 2.4713194
12900.0, 2.470118
12910.0, 2.4689186
12920.0, 2.4677205
12930.0, 2.4665241
12940.0, 2.4653285
12950.0, 2.464135
12960.0, 2.4629421
12970.0, 2.4617515
12980.0, 2.4605625
12990.0, 2.4593744
13000.0, 2.4581878
13010.0, 2.4570022
13020.0, 2.455819
13030.0, 2.4546368
13040.0, 2.4534557
13050.0, 2.4522765
13060.0, 2.4510984
13070.0, 2.4499218
13080.0, 2.448747
13090.0, 2.4475727
13100.0, 2.4464004
13110.0, 2.4452298
13120.0, 2.4440603
13130.0, 2.4428918
13140.0, 2.4417253
13150.0, 2.4405603
13160.0, 2.4393961
13170.0, 2.4382336
13180.0, 2.4370725
13190.0, 2.4359128
13200.0, 2.4347546
13210.0, 2.4335973
13220.0, 2.4324417
13230.0, 2.4312878
13240.0, 2.4301348
13250.0, 2.4289837
13260.0, 2.427833
13270.0, 2.4266841
13280.0, 2.4255373
13290.0, 2.424391
13300.0, 2.4232464
13310.0, 2.4221032
13320.0, 2.4209614
13330.0, 2.4198205
13340.0, 2.4186816
13350.0, 2.4175436
13360.0, 2.4164069
13370.0, 2.4152715
13380.0, 2.4141378
13390.0, 2.4130054
13400.0, 2.411874
13410.0, 2.4107444
13420.0, 2.409616
13430.0, 2.4084885
13440.0, 2.4073625
13450.0, 2.406238
13460.0, 2.4051147
13470.0, 2.4039924
13480.0, 2.4028718
13490.0, 2.4017527
13500.0, 2.400635
13510.0, 2.399518
13520.0, 2.3984027
13530.0, 2.397288
13540.0, 2.3961759
13550.0, 2.395064
13560.0, 2.3939543
13570.0, 2.3928454
13580.0, 2.3917375
13590.0, 2.3906307
13600.0, 2.3895261
13610.0, 2.3884225
13620.0, 2.3873198
13630.0, 2.3862185
13640.0, 2.3851185
13650.0, 2.38402
13660.0, 2.3829224
13670.0, 2.3818266
13680.0, 2.3807313
13690.0, 2.3796382
13700.0, 2.3785455
13710.0, 2.3774543
13720.0, 2.3763645
13730.0, 2.3752763
13740.0, 2.3741887
13750.0, 2.3731024
13760.0, 2.3720176
13770.0, 2.3709342
13780.0, 2.3698523
13790.0, 2.3687708
13800.0, 2.3676913
13810.0, 2.3666122
13820.0, 2.365535
13830.0, 2.3644586
13840.0, 2.363384
13850.0, 2.3623102
13860.0, 2.3612378
13870.0, 2.3601665
13880.0, 2.3590965
13890.0, 2.3580275
13900.0, 2.3569603
13910.0, 2.3558934
13920.0, 2.3548281
13930.0, 2.3537645
13940.0, 2.352702
13950.0, 2.35164
13960.0, 2.35058
13970.0, 2.349521
13980.0, 2.348463
13990.0, 2.3474057
14000.0, 2.3463504
14010.0, 2.345296
14020.0, 2.344243
14030.0, 2.3431907
14040.0, 2.34214
14050.0, 2.3410904
14060.0, 2.3400419
14070.0, 2.338995
14080.0, 2.3379486
14090.0, 2.3369038
14100.0, 2.3358598
14110.0, 2.3348172
14120.0, 2.3337762
14130.0, 2.3327353
14140.0, 2.3316965
14150.0, 2.330659
14160.0, 2.3296223
14170.0, 2.3285863
14180.0, 2.327552
14190.0, 2.326519
14200.0, 2.3254862
14210.0, 2.3244557
14220.0, 2.323426
14230.0, 2.3223972
14240.0, 2.3213694
14250.0, 2.3203428
14260.0, 2.319318
14270.0, 2.3182938
14280.0, 2.317271
14290.0, 2.3162494
14300.0, 2.3152282
14310.0, 2.3142087
14320.0, 2.3131905
14330.0, 2.312173
14340.0, 2.311157
14350.0, 2.3101416
14360.0, 2.3091276
14370.0, 2.3081148
14380.0, 2.3071032
14390.0, 2.3060925
14400.0, 2.3050833
14410.0, 2.3040748
14420.0, 2.3030674
14430.0, 2.3020613
14440.0, 2.301056
14450.0, 2.300052
14460.0, 2.2990494
14470.0, 2.2980475
14480.0, 2.2970471
14490.0, 2.2960474
14500.0, 2.295049
14510.0, 2.2940516
14520.0, 2.293055
14530.0, 2.2920601
14540.0, 2.2910657
14550.0, 2.2900727
14560.0, 2.2890809
14570.0, 2.2880898
14580.0, 2.2871003
14590.0, 2.2861116
14600.0, 2.285124
14610.0, 2.284137
14620.0, 2.2831514
14630.0, 2.2821672
14640.0, 2.2811842
14650.0, 2.2802017
14660.0, 2.2792203
14670.0, 2.2782402
14680.0, 2.2772608
14690.0, 2.276283
14700.0, 2.2753057
14710.0, 2.27433
14720.0, 2.2733548
14730.0, 2.272381
14740.0, 2.2714083
14750.0, 2.2704365
14760.0, 2.2694662
14770.0, 2.268496
14780.0, 2.2675273
14790.0, 2.26656
14800.0, 2.2655935
14810.0, 2.264628
14820.0, 2.2636635
14830.0, 2.2627
14840.0, 2.2617373
14850.0, 2.2607763
14860.0, 2.259816
14870.0, 2.2588565
14880.0, 2.2578983
14890.0, 2.2569408
14900.0, 2.2559848
14910.0, 2.2550294
14920.0, 2.254075
14930.0, 2.2531219
14940.0, 2.2521696
14950.0, 2.2512186
14960.0, 2.2502682
14970.0, 2.2493186
14980.0, 2.2483706
14990.0, 2.2474234
15000.0, 2.2464776
15010.0, 2.2455325
15020.0, 2.2445881
15030.0, 2.243645
15040.0, 2.242703
15050.0, 2.241762
15060.0, 2.2408216
15070.0, 2.2398827
15080.0, 2.2389443
15090.0, 2.2380068
15100.0, 2.2370706
15110.0, 2.2361357
15120.0, 2.2352014
15130.0, 2.234268
15140.0, 2.2333355
15150.0, 2.2324042
15160.0, 2.2314742
15170.0, 2.2305448
15180.0, 2.2296162
15190.0, 2.228689
15200.0, 2.2277622
15210.0, 2.226837
15220.0, 2.2259126
15230.0, 2.224989
15240.0, 2.2240663
15250.0, 2.2231445
15260.0, 2.222224
15270.0, 2.2213044
15280.0, 2.2203856
15290.0, 2.2194679
15300.0, 2.218551
15310.0, 2.2176352
15320.0, 2.21672
15330.0, 2.215806
15340.0, 2.2148929
15350.0, 2.213981
15360.0, 2.2130697
15370.0, 2.2121599
15380.0, 2.2112503
15390.0, 2.2103422
15400.0, 2.2094347
15410.0, 2.2085283
15420.0, 2.2076228
15430.0, 2.2067182
15440.0, 2.2058146
15450.0, 2.204912
15460.0, 2.2040102
15470.0, 2.203109
15480.0, 2.2022097
15490.0, 2.2013102
15500.0, 2.200412
15510.0, 2.1995149
15520.0, 2.1986187
15530.0, 2.1977236
15540.0, 2.1968288
15550.0, 2.1959357
15560.0, 2.195043
15570.0, 2.1941516
15580.0, 2.1932607
15590.0, 2.192371
15600.0, 2.1914818
15610.0, 2.1905942
15620.0, 2.1897068
15630.0, 2.1888204
15640.0, 2.1879354
15650.0, 2.1870508
15660.0, 2.1861675
15670.0, 2.1852849
15680.0, 2.1844032
15690.0, 2.1835225
15700.0, 2.1826425
15710.0, 2.181763
15720.0, 2.1808848
15730.0, 2.180008
15740.0, 2.1791313
15750.0, 2.1782558
15760.0, 2.1773815
15770.0, 2.1765077
15780.0, 2.1756349
15790.0, 2.1747632
15800.0, 2.1738918
15810.0, 2.1730216
15820.0, 2.1721523
15830.0, 2.171284
15840.0, 2.1704166
15850.0, 2.1695497
15860.0, 2.1686838
15870.0, 2.1678188
15880.0, 2.1669548
15890.0, 2.1660917
15900.0, 2.1652293
15910.0, 2.164368
15920.0, 2.163507
15930.0, 2.1626477
15940.0, 2.1617887
15950.0, 2.1609306
15960.0, 2.1600733
15970.0, 2.159217
15980.0, 2.1583614
15990.0, 2.1575067
16000.0, 2.1566532
16010.0, 2.1557999
16020.0, 2.154948
16030.0, 2.1540966
16040.0, 2.1532464
16050.0, 2.152397
16060.0, 2.1515481
16070.0, 2.1507003
16080.0, 2.1498532
16090.0, 2.149007
16100.0, 2.1481616
16110.0, 2.1473174
16120.0, 2.146474
16130.0, 2.1456308
16140.0, 2.144789
16150.0, 2.1439478
16160.0, 2.1431074
16170.0, 2.1422682
16180.0, 2.1414292
16190.0, 2.1405911
16200.0, 2.1397543
16210.0, 2.138918
16220.0, 2.1380827
16230.0, 2.1372483
16240.0, 2.1364145
16250.0, 2.1355817
16260.0, 2.1347494
16270.0, 2.1339183
16280.0, 2.1330879
16290.0, 2.132258
16300.0, 2.1314294
16310.0, 2.1306012
16320.0, 2.1297739
16330.0, 2.1289477
16340.0, 2.128122
16350.0, 2.1272974
16360.0, 2.126473
16370.0, 2.1256502
16380.0, 2.1248279
16390.0, 2.124006
16400.0, 2.1231856
16410.0, 2.1223655
16420.0, 2.1215463
16430.0, 2.1207278
16440.0, 2.11991
16450.0, 2.1190932
16460.0, 2.1182773
16470.0, 2.1174622
16480.0, 2.1166477
16490.0, 2.1158342
16500.0, 2.115021
16510.0, 2.1142092
16520.0, 2.1133976
16530.0, 2.1125872
16540.0, 2.1117775
16550.0, 2.110969
16560.0, 2.1101604
16570.0, 2.1093533
16580.0, 2.1085467
16590.0, 2.1077409
16600.0, 2.1069357
16610.0, 2.1061316
16620.0, 2.1053278
16630.0, 2.1045249
16640.0, 2.1037233
16650.0, 2.1029222
16660.0, 2.1021218
16670.0, 2.101322
16680.0, 2.100523
16690.0, 2.099725
16700.0, 2.0989277
16710.0, 2.0981312
16720.0, 2.097335
16730.0, 2.0965402
16740.0, 2.0957458
16750.0, 2.0949523
16760.0, 2.0941594
16770.0, 2.0933676
16780.0, 2.092576
16790.0, 2.0917857
16800.0, 2.090996
16810.0, 2.0902066
16820.0, 2.0894186
16830.0, 2.088631
16840.0, 2.0878441
16850.0, 2.0870578
16860.0, 2.086273
16870.0, 2.0854883
16880.0, 2.0847044
16890.0, 2.0839214
16900.0, 2.0831392
16910.0, 2.0823576
16920.0, 2.0815768
16930.0, 2.0807965
16940.0, 2.080017
16950.0, 2.0792384
16960.0, 2.0784607
16970.0, 2.0776834
16980.0, 2.0769072
16990.0, 2.0761318
17000.0, 2.0753562
17010.0, 2.0745823
17020.0, 2.0738087
17030.0, 2.0730357
17040.0, 2.0722637
17050.0, 2.0714927
17060.0, 2.0707219
17070.0, 2.0699518
17080.0, 2.0691826
17090.0, 2.0684142
17100.0, 2.0676467
17110.0, 2.0668793
17120.0, 2.0661132
17130.0, 2.0653477
17140.0, 2.0645828
17150.0, 2.0638185
17160.0, 2.0630553
17170.0, 2.0622926
17180.0, 2.0615304
17190.0, 2.060769
17200.0, 2.0600085
17210.0, 2.0592487
17220.0, 2.0584893
17230.0, 2.057731
17240.0, 2.0569732
17250.0, 2.0562162
17260.0, 2.0554597
17270.0, 2.0547042
17280.0, 2.053949
17290.0, 2.0531948
17300.0, 2.0524411
17310.0, 2.0516882
17320.0, 2.0509362
17330.0, 2.0501845
17340.0, 2.0494337
17350.0, 2.0486841
17360.0, 2.0479343
17370.0, 2.0471854
17380.0, 2.0464377
17390.0, 2.04569
17400.0, 2.0449438
17410.0, 2.0441973
17420.0, 2.0434523
17430.0, 2.0427074
17440.0, 2.0419636
17450.0, 2.0412202
17460.0, 2.0404782
17470.0, 2.0397363
17480.0, 2.038995
17490.0, 2.0382545
17500.0, 2.0375147
17510.0, 2.0367754
17520.0, 2.0360367
17530.0, 2.035299
17540.0, 2.034562
17550.0, 2.0338254
17560.0, 2.0330899
17570.0, 2.0323548
17580.0, 2.0316203
17590.0, 2.0308864
17600.0, 2.030153
17610.0, 2.0294209
17620.0, 2.0286891
17630.0, 2.027958
17640.0, 2.0272276
17650.0, 2.0264978
17660.0, 2.0257683
17670.0, 2.02504
17680.0, 2.0243123
17690.0, 2.023585
17700.0, 2.0228581
17710.0, 2.0221329
17720.0, 2.0214078
17730.0, 2.0206833
17740.0, 2.0199594
17750.0, 2.0192363
17760.0, 2.0185137
17770.0, 2.0177917
17780.0, 2.0170703
17790.0, 2.0163498
17800.0, 2.0156302
17810.0, 2.0149105
17820.0, 2.0141916
17830.0, 2.0134737
17840.0, 2.0127563
17850.0, 2.0120397
17860.0, 2.0113235
17870.0, 2.0106082
17880.0, 2.0098937
17890.0, 2.0091794
17900.0, 2.0084662
17910.0, 2.007753
17920.0, 2.0070405
17930.0, 2.006329
17940.0, 2.005618
17950.0, 2.0049076
17960.0, 2.0041978
17970.0, 2.0034888
17980.0, 2.0027804
17990.0, 2.0020728
18000.0, 2.0013654
18010.0, 2.0006588
18020.0, 1.9999532
18030.0, 1.9992474
18040.0, 1.998543
18050.0, 1.9978395
18060.0, 1.9971355
18070.0, 1.9964328
18080.0, 1.9957306
18090.0, 1.9950292
18100.0, 1.9943281
18110.0, 1.9936279
18120.0, 1.9929281
18130.0, 1.9922296
18140.0, 1.991531
18150.0, 1.9908332
18160.0, 1.9901359
18170.0, 1.9894391
18180.0, 1.9887428
18190.0, 1.9880477
18200.0, 1.9873531
18210.0, 1.986659
18220.0, 1.9859655
18230.0, 1.9852726
18240.0, 1.9845804
18250.0, 1.9838885
18260.0, 1.9831976
18270.0, 1.9825069
18280.0, 1.9818169
18290.0, 1.9811277
18300.0, 1.9804392
18310.0, 1.9797513
18320.0, 1.9790637
18330.0, 1.9783767
18340.0, 1.9776905
18350.0, 1.9770052
18360.0, 1.97632
18370.0, 1.9756352
18380.0, 1.9749516
18390.0, 1.9742686
18400.0, 1.9735856
18410.0, 1.9729036
18420.0, 1.972222
18430.0, 1.971541
18440.0, 1.9708607
18450.0, 1.9701811
18460.0, 1.9695022
18470.0, 1.9688237
18480.0, 1.9681454
18490.0, 1.9674683
18500.0, 1.9667914
18510.0, 1.9661155
18520.0, 1.9654399
18530.0, 1.9647647
18540.0, 1.9640905
18550.0, 1.9634163
18560.0, 1.9627432
18570.0, 1.9620708
18580.0, 1.9613985
18590.0, 1.9607269
18600.0, 1.9600562
18610.0, 1.9593856
18620.0, 1.958716
18630.0, 1.9580468
18640.0, 1.9573781
18650.0, 1.9567103
18660.0, 1.9560428
18670.0, 1.9553759
18680.0, 1.9547096
18690.0, 1.954044
18700.0, 1.9533783
18710.0, 1.952714
18720.0, 1.9520501
18730.0, 1.9513867
18740.0, 1.9507235
18750.0, 1.9500612
18760.0, 1.9493998
18770.0, 1.9487383
18780.0, 1.9480778
18790.0, 1.9474175
18800.0, 1.9467583
18810.0, 1.9460993
18820.0, 1.9454409
18830.0, 1.9447832
18840.0, 1.9441258
18850.0, 1.943469
18860.0, 1.942813
18870.0, 1.9421575
18880.0, 1.9415027
18890.0, 1.9408479
18900.0, 1.9401942
18910.0, 1.939541
18920.0, 1.938888
18930.0, 1.9382356
18940.0, 1.9375842
18950.0, 1.9369332
18960.0, 1.9362823
18970.0, 1.9356325
18980.0, 1.934983
18990.0, 1.934334
19000.0, 1.9336855
19010.0, 1.9330378
19020.0, 1.9323906
19030.0, 1.9317435
19040.0, 1.9310974
19050.0, 1.930452
19060.0, 1.929807
19070.0, 1.9291624
19080.0, 1.9285185
19090.0, 1.9278746
19100.0, 1.927232
19110.0, 1.9265896
19120.0, 1.9259477
19130.0, 1.9253067
19140.0, 1.9246657
19150.0, 1.9240254
19160.0, 1.9233856
19170.0, 1.9227464
19180.0, 1.9221078
19190.0, 1.9214698
19200.0, 1.9208324
19210.0, 1.9201953
19220.0, 1.9195588
19230.0, 1.918923
19240.0, 1.9182875
19250.0, 1.9176527
19260.0, 1.9170182
19270.0, 1.9163841
19280.0, 1.9157511
19290.0, 1.9151182
19300.0, 1.914486
19310.0, 1.9138544
19320.0, 1.9132234
19330.0, 1.9125924
19340.0, 1.9119624
19350.0, 1.9113326
19360.0, 1.9107037
19370.0, 1.9100748
19380.0, 1.909447
19390.0, 1.9088197
19400.0, 1.9081924
19410.0, 1.907566
19420.0, 1.90694
19430.0, 1.9063147
19440.0, 1.9056895
19450.0, 1.9050651
19460.0, 1.9044412
19470.0, 1.9038181
19480.0, 1.903195
19490.0, 1.9025728
19500.0, 1.901951
19510.0, 1.9013295
19520.0, 1.9007087
19530.0, 1.9000883
19540.0, 1.8994687
19550.0, 1.8988494
19560.0, 1.8982306
19570.0, 1.8976125
19580.0, 1.8969947
19590.0, 1.8963773
19600.0, 1.8957607
19610.0, 1.8951441
19620.0, 1.8945286
19630.0, 1.8939134
19640.0, 1.8932986
19650.0, 1.8926846
19660.0, 1.8920704
19670.0, 1.8914573
19680.0, 1.8908446
19690.0, 1.8902324
19700.0, 1.8896207
19710.0, 1.8890096
19720.0, 1.888399
19730.0, 1.8877887
19740.0, 1.8871788
19750.0, 1.8865699
19760.0, 1.8859608
19770.0, 1.8853526
19780.0, 1.8847449
19790.0, 1.8841375
19800.0, 1.8835311
19810.0, 1.8829248
19820.0, 1.882319
19830.0, 1.8817137
19840.0, 1.8811089
19850.0, 1.8805044
19860.0, 1.8799009
19870.0, 1.8792975
19880.0, 1.8786947
19890.0, 1.8780925
19900.0, 1.8774906
19910.0, 1.8768892
19920.0, 1.8762882
19930.0, 1.875688
19940.0, 1.875088
19950.0, 1.8744886
19960.0, 1.8738898
19970.0, 1.8732913
19980.0, 1.8726933
19990.0, 1.8720956
20000.0, 1.8714987
20010.0, 1.8709022
20020.0, 1.8703061
20030.0, 1.8697106
20040.0, 1.8691154
20050.0, 1.8685209
20060.0, 1.8679268
20070.0, 1.8673329
20080.0, 1.8667397
20090.0, 1.8661472
20100.0, 1.8655548
20110.0, 1.864963
20120.0, 1.864372
20130.0, 1.8637811
20140.0, 1.8631905
20150.0, 1.8626009
20160.0, 1.8620116
20170.0, 1.8614225
20180.0, 1.8608338
20190.0, 1.8602461
20200.0, 1.8596586
20210.0, 1.8590719
20220.0, 1.8584851
20230.0, 1.8578988
20240.0, 1.8573133
20250.0, 1.856728
20260.0, 1.8561434
20270.0, 1.855559
20280.0, 1.8549753
20290.0, 1.8543918
20300.0, 1.853809
20310.0, 1.8532268
20320.0, 1.8526447
20330.0, 1.8520632
20340.0, 1.8514822
20350.0, 1.8509018
20360.0, 1.8503215
20370.0, 1.8497419
20380.0, 1.8491627
20390.0, 1.848584
20400.0, 1.8480058
20410.0, 1.8474281
20420.0, 1.8468506
20430.0, 1.8462738
20440.0, 1.8456972
20450.0, 1.8451213
20460.0, 1.844546
20470.0, 1.8439708
20480.0, 1.8433958
20490.0, 1.8428218
20500.0, 1.8422482
20510.0, 1.8416748
20520.0, 1.8411021
20530.0, 1.8405297
20540.0, 1.8399577
20550.0, 1.8393862
20560.0, 1.8388153
20570.0, 1.8382448
20580.0, 1.8376747
20590.0, 1.8371047
20600.0, 1.8365357
20610.0, 1.8359666
20620.0, 1.8353984
20630.0, 1.8348305
20640.0, 1.8342633
20650.0, 1.8336962
20660.0, 1.8331294
20670.0, 1.8325635
20680.0, 1.8319978
20690.0, 1.8314323
20700.0, 1.8308675
20710.0, 1.8303032
20720.0, 1.8297393
20730.0, 1.8291758
20740.0, 1.8286127
20750.0, 1.82805
20760.0, 1.827488
20770.0, 1.8269261
20780.0, 1.8263648
20790.0, 1.825804
20800.0, 1.8252437
20810.0, 1.8246835
20820.0, 1.8241241
20830.0, 1.8235649
20840.0, 1.8230062
20850.0, 1.8224479
20860.0, 1.82189
20870.0, 1.8213327
20880.0, 1.8207756
20890.0, 1.8202193
20900.0, 1.819663
20910.0, 1.8191074
20920.0, 1.8185519
20930.0, 1.8179972
20940.0, 1.8174429
20950.0, 1.8168887
20960.0, 1.8163352
20970.0, 1.8157821
20980.0, 1.8152294
20990.0, 1.8146771
21000.0, 1.8141254
21010.0, 1.8135737
21020.0, 1.8130229
21030.0, 1.8124721
21040.0, 1.8119222
21050.0, 1.8113723
21060.0, 1.8108231
21070.0, 1.8102741
21080.0, 1.8097256
21090.0, 1.8091778
21100.0, 1.8086299
21110.0, 1.8080823
21120.0, 1.8075358
21130.0, 1.8069896
21140.0, 1.8064435
21150.0, 1.805898
21160.0, 1.8053529
21170.0, 1.8048081
21180.0, 1.8042637
21190.0, 1.8037196
21200.0, 1.8031765
21210.0, 1.8026336
21220.0, 1.8020906
21230.0, 1.8015484
21240.0, 1.8010067
21250.0, 1.8004652
21260.0, 1.7999243
21270.0, 1.7993835
21280.0, 1.7988434
21290.0, 1.7983034
21300.0, 1.7977643
21310.0, 1.7972255
21320.0, 1.796687
21330.0, 1.7961485
21340.0, 1.7956108
21350.0, 1.7950736
21360.0, 1.7945366
21370.0, 1.7939999
21380.0, 1.7934641
21390.0, 1.7929285
21400.0, 1.792393
21410.0, 1.7918581
21420.0, 1.7913237
21430.0, 1.7907897
21440.0, 1.7902557
21450.0, 1.7897224
21460.0, 1.7891896
21470.0, 1.7886571
21480.0, 1.7881252
21490.0, 1.7875932
21500.0, 1.787062
21510.0, 1.7865311
21520.0, 1.7860007
21530.0, 1.7854706
21540.0, 1.7849408
21550.0, 1.7844115
21560.0, 1.7838826
21570.0, 1.7833539
21580.0, 1.7828262
21590.0, 1.7822984
21600.0, 1.7817711
21610.0, 1.7812444
21620.0, 1.7807173
21630.0, 1.7801914
21640.0, 1.7796658
21650.0, 1.7791404
21660.0, 1.7786154
21670.0, 1.7780907
21680.0, 1.7775666
21690.0, 1.7770427
21700.0, 1.7765193
21710.0, 1.7759966
21720.0, 1.7754737
21730.0, 1.7749513
21740.0, 1.7744296
21750.0, 1.7739083
21760.0, 1.7733873
21770.0, 1.7728662
21780.0, 1.7723459
21790.0, 1.771826
21800.0, 1.7713068
21810.0, 1.7707872
21820.0, 1.7702684
21830.0, 1.7697505
21840.0, 1.7692322
21850.0, 1.7687147
21860.0, 1.7681975
21870.0, 1.7676809
21880.0, 1.7671641
21890.0, 1.7666482
21900.0, 1.7661324
21910.0, 1.7656171
21920.0, 1.765102
21930.0, 1.7645874
21940.0, 1.7640733
21950.0, 1.7635597
21960.0, 1.7630461
21970.0, 1.7625333
21980.0, 1.7620203
21990.0, 1.7615079
22000.0, 1.7609961
22010.0, 1.7604846
22020.0, 1.7599735
22030.0, 1.7594626
22040.0, 1.7589519
22050.0, 1.758442
22060.0, 1.7579325
22070.0, 1.757423
22080.0, 1.756914
22090.0, 1.7564054
22100.0, 1.7558974
22110.0, 1.7553896
22120.0, 1.7548822
22130.0, 1.7543751
22140.0, 1.7538682
22150.0, 1.753362
22160.0, 1.7528561
22170.0, 1.7523507
22180.0, 1.7518452
22190.0, 1.7513403
22200.0, 1.7508359
22210.0, 1.7503318
22220.0, 1.7498281
22230.0, 1.7493246
22240.0, 1.7488219
22250.0, 1.7483189
22260.0, 1.7478166
22270.0, 1.7473148
22280.0, 1.7468129
22290.0, 1.7463117
22300.0, 1.7458111
22310.0, 1.7453109
22320.0, 1.7448105
22330.0, 1.7443109
22340.0, 1.7438115
22350.0, 1.7433126
22360.0, 1.7428136
22370.0, 1.7423153
22380.0, 1.7418176
22390.0, 1.7413199
22400.0, 1.7408224
22410.0, 1.7403258
22420.0, 1.7398293
22430.0, 1.7393333
22440.0, 1.7388372
22450.0, 1.7383417
22460.0, 1.7378469
22470.0, 1.7373519
22480.0, 1.7368577
22490.0, 1.7363634
22500.0, 1.7358699
22510.0, 1.7353766
22520.0, 1.7348837
22530.0, 1.7343911
22540.0, 1.7338988
22550.0, 1.7334069
22560.0, 1.7329153
22570.0, 1.7324243
22580.0, 1.7319334
22590.0, 1.7314429
22600.0, 1.7309526
22610.0, 1.730463
22620.0, 1.7299736
22630.0, 1.7294846
22640.0, 1.7289959
22650.0, 1.7285074
22660.0, 1.7280191
22670.0, 1.7275314
22680.0, 1.7270442
22690.0, 1.7265573
22700.0, 1.7260704
22710.0, 1.7255841
22720.0, 1.7250985
22730.0, 1.7246125
22740.0, 1.7241274
22750.0, 1.7236425
22760.0, 1.7231579
22770.0, 1.7226734
22780.0, 1.7221898
22790.0, 1.7217063
22800.0, 1.7212231
22810.0, 1.72074
22820.0, 1.7202578
22830.0, 1.7197756
22840.0, 1.7192936
22850.0, 1.7188121
22860.0, 1.7183312
22870.0, 1.7178503
22880.0, 1.7173698
22890.0, 1.7168896
22900.0, 1.7164099
22910.0, 1.7159303
22920.0, 1.7154512
22930.0, 1.7149725
22940.0, 1.714494
22950.0, 1.7140158
22960.0, 1.7135383
22970.0, 1.7130609
22980.0, 1.7125835
22990.0, 1.712107
23000.0, 1.7116305
23010.0, 1.7111545
23020.0, 1.7106786
23030.0, 1.710203
23040.0, 1.7097281
23050.0, 1.7092533
23060.0, 1.7087787
23070.0, 1.7083048
23080.0, 1.707831
23090.0, 1.7073579
23100.0, 1.7068846
23110.0, 1.7064117
23120.0, 1.7059393
23130.0, 1.7054673
23140.0, 1.7049954
23150.0, 1.7045242
23160.0, 1.7040529
23170.0, 1.7035822
23180.0, 1.7031118
23190.0, 1.7026416
23200.0, 1.7021718
23210.0, 1.7017022
23220.0, 1.7012333
23230.0, 1.7007644
23240.0, 1.700296
23250.0, 1.6998278
23260.0, 1.69936
23270.0, 1.6988925
23280.0, 1.6984253
23290.0, 1.6979584
23300.0, 1.6974919
23310.0, 1.6970257
23320.0, 1.6965597
23330.0, 1.696094
23340.0, 1.6956288
23350.0, 1.6951642
23360.0, 1.6946993
23370.0, 1.694235
23380.0, 1.6937711
23390.0, 1.6933078
23400.0, 1.6928443
23410.0, 1.6923813
23420.0, 1.6919186
23430.0, 1.6914561
23440.0, 1.6909943
23450.0, 1.6905326
23460.0, 1.6900711
23470.0, 1.6896099
23480.0, 1.6891491
23490.0, 1.688689
23500.0, 1.6882288
23510.0, 1.6877687
23520.0, 1.6873094
23530.0, 1.6868502
23540.0, 1.6863912
23550.0, 1.6859325
23560.0, 1.6854744
23570.0, 1.6850168
23580.0, 1.6845589
23590.0, 1.6841019
23600.0, 1.6836447
23610.0, 1.683188
23620.0, 1.6827317
23630.0, 1.6822759
23640.0, 1.6818202
23650.0, 1.6813645
23660.0, 1.6809094
23670.0, 1.6804546
23680.0, 1.6800003
23690.0, 1.679546
23700.0, 1.679092
23710.0, 1.6786386
23720.0, 1.6781856
23730.0, 1.6777325
23740.0, 1.67728
23750.0, 1.6768275
23760.0, 1.6763755
23770.0, 1.675924
23780.0, 1.6754725
23790.0, 1.6750215
23800.0, 1.6745706
23810.0, 1.67412
23820.0, 1.6736699
23830.0, 1.67322
23840.0, 1.6727709
23850.0, 1.6723212
23860.0, 1.6718723
23870.0, 1.6714239
23880.0, 1.6709753
23890.0, 1.6705276
23900.0, 1.67008
23910.0, 1.6696323
23920.0, 1.669185
23930.0, 1.6687385
23940.0, 1.6682918
23950.0, 1.6678457
23960.0, 1.6673998
23970.0, 1.6669543
23980.0, 1.6665089
23990.0, 1.6660639
24000.0, 1.6656191
24010.0, 1.6651746
24020.0, 1.6647305
24030.0, 1.6642867
24040.0, 1.6638434
24050.0, 1.6634003
24060.0, 1.6629573
24070.0, 1.6625144
24080.0, 1.6620723
24090.0, 1.6616304
24100.0, 1.6611884
24110.0, 1.6607474
24120.0, 1.6603061
24130.0, 1.6598653
24140.0, 1.6594247
24150.0, 1.6589844
24160.0, 1.6585445
24170.0, 1.6581048
24180.0, 1.6576653
24190.0, 1.6572264
24200.0, 1.6567878
24210.0, 1.6563493
24220.0, 1.6559111
24230.0, 1.6554732
24240.0, 1.6550354
24250.0, 1.6545981
24260.0, 1.6541613
24270.0, 1.6537246
24280.0, 1.653288
24290.0, 1.6528519
24300.0, 1.6524162
24310.0, 1.6519806
24320.0, 1.6515453
24330.0, 1.6511102
24340.0, 1.6506757
24350.0, 1.6502413
24360.0, 1.6498072
24370.0, 1.6493732
24380.0, 1.6489397
24390.0, 1.6485065
24400.0, 1.6480736
24410.0, 1.6476411
24420.0, 1.6472087
24430.0, 1.6467762
24440.0, 1.6463447
24450.0, 1.645913
24460.0, 1.6454821
24470.0, 1.6450509
24480.0, 1.6446202
24490.0, 1.6441901
24500.0, 1.64376
24510.0, 1.6433301
24520.0, 1.6429005
24530.0, 1.6424712
24540.0, 1.6420423
24550.0, 1.6416136
24560.0, 1.6411854
24570.0, 1.6407572
24580.0, 1.6403291
24590.0, 1.6399019
24600.0, 1.6394746
24610.0, 1.6390476
24620.0, 1.6386206
24630.0, 1.6381944
24640.0, 1.6377685
24650.0, 1.6373425
24660.0, 1.6369169
24670.0, 1.6364917
24680.0, 1.6360667
24690.0, 1.6356417
24700.0, 1.6352173
24710.0, 1.6347934
24720.0, 1.6343694
24730.0, 1.6339458
24740.0, 1.6335223
24750.0, 1.6330992
24760.0, 1.6326765
24770.0, 1.6322539
24780.0, 1.6318319
24790.0, 1.6314099
24800.0, 1.630988
24810.0, 1.6305667
24820.0, 1.6301455
24830.0, 1.6297247
24840.0, 1.6293042
24850.0, 1.6288836
24860.0, 1.6284636
24870.0, 1.628044
24880.0, 1.6276245
24890.0, 1.6272053
24900.0, 1.6267862
24910.0, 1.6263676
24920.0, 1.6259493
24930.0, 1.6255311
24940.0, 1.6251131
24950.0, 1.6246955
24960.0, 1.6242782
24970.0, 1.6238614
24980.0, 1.6234447
24990.0, 1.623028
25000.0, 1.6226119
25010.0, 1.6221958
25020.0, 1.6217799
25030.0, 1.6213646
25040.0, 1.6209495
25050.0, 1.6205348
25060.0, 1.62012
25070.0, 1.6197057
25080.0, 1.6192917
25090.0, 1.6188778
25100.0, 1.6184641
25110.0, 1.6180509
25120.0, 1.617638
25130.0, 1.6172253
25140.0, 1.6168127
25150.0, 1.6164005
25160.0, 1.6159886
25170.0, 1.6155766
25180.0, 1.6151655
25190.0, 1.6147542
25200.0, 1.6143435
25210.0, 1.6139328
25220.0, 1.6135223
25230.0, 1.6131124
25240.0, 1.6127025
25250.0, 1.6122929
25260.0, 1.6118836
25270.0, 1.6114745
25280.0, 1.6110656
25290.0, 1.6106572
25300.0, 1.6102489
25310.0, 1.6098412
25320.0, 1.6094332
25330.0, 1.609026
25340.0, 1.6086186
25350.0, 1.6082116
25360.0, 1.6078048
25370.0, 1.6073983
25380.0, 1.6069924
25390.0, 1.6065866
25400.0, 1.6061809
25410.0, 1.6057756
25420.0, 1.6053702
25430.0, 1.6049653
25440.0, 1.6045607
25450.0, 1.6041565
25460.0, 1.6037525
25470.0, 1.6033484
25480.0, 1.6029449
25490.0, 1.6025417
25500.0, 1.6021386
25510.0, 1.6017355
25520.0, 1.6013331
25530.0, 1.6009309
25540.0, 1.6005287
25550.0, 1.600127
25560.0, 1.5997254
25570.0, 1.5993242
25580.0, 1.5989231
25590.0, 1.5985223
25600.0, 1.5981219
25610.0, 1.5977216
25620.0, 1.5973214
25630.0, 1.5969218
25640.0, 1.5965221
25650.0, 1.596123
25660.0, 1.5957237
25670.0, 1.5953251
25680.0, 1.5949268
25690.0, 1.5945283
25700.0, 1.5941305
25710.0, 1.5937326
25720.0, 1.5933352
25730.0, 1.592938
25740.0, 1.592541
25750.0, 1.5921443
25760.0, 1.5917478
25770.0, 1.5913514
25780.0, 1.5909556
25790.0, 1.5905597
25800.0, 1.5901644
25810.0, 1.589769
25820.0, 1.5893741
25830.0, 1.5889792
25840.0, 1.5885848
25850.0, 1.5881906
25860.0, 1.5877964
25870.0, 1.5874027
25880.0, 1.5870092
25890.0, 1.5866159
25900.0, 1.586223
25910.0, 1.5858302
25920.0, 1.5854374
25930.0, 1.5850453
25940.0, 1.5846533
25950.0, 1.5842614
25960.0, 1.5838699
25970.0, 1.5834786
25980.0, 1.5830876
25990.0, 1.5826967
26000.0, 1.5823063
26010.0, 1.581916
26020.0, 1.5815257
26030.0, 1.5811359
26040.0, 1.5807462
26050.0, 1.5803571
26060.0, 1.5799679
26070.0, 1.5795791
26080.0, 1.5791905
26090.0, 1.5788019
26100.0, 1.5784138
26110.0, 1.5780259
26120.0, 1.5776383
26130.0, 1.5772508
26140.0, 1.5768636
26150.0, 1.5764767
26160.0, 1.5760902
26170.0, 1.5757036
26180.0, 1.5753174
26190.0, 1.5749313
26200.0, 1.5745455
26210.0, 1.57416
26220.0, 1.573775
26230.0, 1.57339
26240.0, 1.5730051
26250.0, 1.5726204
26260.0, 1.5722362
26270.0, 1.5718522
26280.0, 1.5714681
26290.0, 1.5710847
26300.0, 1.5707014
26310.0, 1.5703182
26320.0, 1.5699354
26330.0, 1.5695527
26340.0, 1.5691702
26350.0, 1.568788
26360.0, 1.568406
26370.0, 1.5680244
26380.0, 1.5676429
26390.0, 1.5672616
26400.0, 1.5668807
26410.0, 1.5664997
26420.0, 1.5661194
26430.0, 1.5657389
26440.0, 1.565359
26450.0, 1.5649792
26460.0, 1.5645995
26470.0, 1.5642201
26480.0, 1.5638409
26490.0, 1.5634619
26500.0, 1.5630834
26510.0, 1.5627049
26520.0, 1.5623267
26530.0, 1.5619487
26540.0, 1.5615708
26550.0, 1.5611936
26560.0, 1.5608162
26570.0, 1.5604393
26580.0, 1.5600623
26590.0, 1.5596856
26600.0, 1.5593094
26610.0, 1.5589331
26620.0, 1.5585574
26630.0, 1.5581815
26640.0, 1.557806
26650.0, 1.5574309
26660.0, 1.557056
26670.0, 1.5566812
26680.0, 1.5563066
26690.0, 1.555932
26700.0, 1.5555581
26710.0, 1.5551845
26720.0, 1.5548108
26730.0, 1.5544372
26740.0, 1.5540643
26750.0, 1.5536914
26760.0, 1.5533184
26770.0, 1.552946
26780.0, 1.5525738
26790.0, 1.552202
26800.0, 1.5518299
26810.0, 1.5514584
26820.0, 1.551087
26830.0, 1.5507159
26840.0, 1.5503448
26850.0, 1.5499741
26860.0, 1.5496036
26870.0, 1.5492336
26880.0, 1.5488635
26890.0, 1.5484939
26900.0, 1.5481242
26910.0, 1.5477548
26920.0, 1.5473858
26930.0, 1.5470167
26940.0, 1.5466481
26950.0, 1.5462795
26960.0, 1.5459116
26970.0, 1.5455434
26980.0, 1.5451757
26990.0, 1.544808
27000.0, 1.5444409
27010.0, 1.5440733
27020.0, 1.5437067
27030.0, 1.5433398
27040.0, 1.5429735
27050.0, 1.5426073
27060.0, 1.542241
27070.0, 1.5418752
27080.0, 1.5415097
27090.0, 1.5411445
27100.0, 1.5407791
27110.0, 1.5404141
27120.0, 1.5400498
27130.0, 1.539685
27140.0, 1.5393208
27150.0, 1.5389568
27160.0, 1.5385929
27170.0, 1.5382291
27180.0, 1.5378659
27190.0, 1.5375026
27200.0, 1.5371398
27210.0, 1.5367769
27220.0, 1.5364145
27230.0, 1.5360521
27240.0, 1.5356901
27250.0, 1.535328
27260.0, 1.5349662
27270.0, 1.5346049
27280.0, 1.5342437
27290.0, 1.5338826
27300.0, 1.5335218
27310.0, 1.5331612
27320.0, 1.5328008
27330.0, 1.5324407
27340.0, 1.5320807
27350.0, 1.531721
27360.0, 1.5313615
27370.0, 1.5310022
27380.0, 1.5306431
27390.0, 1.5302842
27400.0, 1.5299256
27410.0, 1.5295669
27420.0, 1.529209
27430.0, 1.5288506
27440.0, 1.5284928
27450.0, 1.5281352
27460.0, 1.5277781
27470.0, 1.5274206
27480.0, 1.5270635
27490.0, 1.5267069
27500.0, 1.5263503
27510.0, 1.5259941
27520.0, 1.525638
27530.0, 1.5252819
27540.0, 1.5249262
27550.0, 1.5245707
27560.0, 1.5242156
27570.0, 1.5238603
27580.0, 1.5235054
27590.0, 1.5231507
27600.0, 1.5227963
27610.0, 1.5224419
27620.0, 1.522088
27630.0, 1.521734
27640.0, 1.5213807
27650.0, 1.521027
27660.0, 1.5206739
27670.0, 1.520321
27680.0, 1.5199679
27690.0, 1.5196155
27700.0, 1.519263
27710.0, 1.518911
27720.0, 1.518559
27730.0, 1.5182072
27740.0, 1.5178556
27750.0, 1.5175043
27760.0, 1.517153
27770.0, 1.516802
27780.0, 1.5164514
27790.0, 1.516101
27800.0, 1.5157505
27810.0, 1.5154006
27820.0, 1.5150506
27830.0, 1.5147009
27840.0, 1.5143514
27850.0, 1.5140018
27860.0, 1.5136529
27870.0, 1.513304
27880.0, 1.5129553
27890.0, 1.5126069
27900.0, 1.5122585
27910.0, 1.5119106
27920.0, 1.5115626
27930.0, 1.511215
27940.0, 1.5108676
27950.0, 1.5105201
27960.0, 1.5101731
27970.0, 1.5098263
27980.0, 1.5094794
27990.0, 1.5091331
28000.0, 1.5087868
28010.0, 1.5084409
28020.0, 1.5080947
28030.0, 1.5077491
28040.0, 1.5074039
28050.0, 1.5070586
28060.0, 1.5067135
28070.0, 1.5063684
28080.0, 1.5060238
28090.0, 1.5056795
28100.0, 1.5053351
28110.0, 1.504991
28120.0, 1.5046473
28130.0, 1.5043035
28140.0, 1.5039601
28150.0, 1.5036167
28160.0, 1.503274
28170.0, 1.5029306
28180.0, 1.5025882
28190.0, 1.5022458
28200.0, 1.5019034
28210.0, 1.5015614
28220.0, 1.5012193
28230.0, 1.5008779
28240.0, 1.5005362
28250.0, 1.5001949
28260.0, 1.4998538
28270.0, 1.4995129
28280.0, 1.4991721
28290.0, 1.4988316
28300.0, 1.4984914
28310.0, 1.4981514
28320.0, 1.4978112
28330.0, 1.4974717
28340.0, 1.4971321
28350.0, 1.4967927
28360.0, 1.4964535
28370.0, 1.4961145
28380.0, 1.4957759
28390.0, 1.4954374
28400.0, 1.4950987
28410.0, 1.4947608
28420.0, 1.4944228
28430.0, 1.4940851
28440.0, 1.4937474
28450.0, 1.4934099
28460.0, 1.4930729
28470.0, 1.4927356
28480.0, 1.4923989
28490.0, 1.4920623
28500.0, 1.4917257
28510.0, 1.4913895
28520.0, 1.4910535
28530.0, 1.4907178
28540.0, 1.4903821
28550.0, 1.4900465
28560.0, 1.4897113
28570.0, 1.4893762
28580.0, 1.4890412
28590.0, 1.4887064
28600.0, 1.4883718
28610.0, 1.4880376
28620.0, 1.4877033
28630.0, 1.4873695
28640.0, 1.4870358
28650.0, 1.4867021
28660.0, 1.4863688
28670.0, 1.4860356
28680.0, 1.4857026
28690.0, 1.4853697
28700.0, 1.485037
28710.0, 1.4847046
28720.0, 1.4843723
28730.0, 1.4840403
28740.0, 1.4837085
28750.0, 1.4833765
28760.0, 1.4830452
28770.0, 1.4827138
28780.0, 1.4823828
28790.0, 1.4820517
28800.0, 1.481721
28810.0, 1.4813905
28820.0, 1.4810601
28830.0, 1.4807298
28840.0, 1.4803998
28850.0, 1.4800701
28860.0, 1.4797404
28870.0, 1.4794109
28880.0, 1.4790817
28890.0, 1.4787527
28900.0, 1.4784238
28910.0, 1.478095
28920.0, 1.4777663
28930.0, 1.4774381
28940.0, 1.4771098
28950.0, 1.4767818
28960.0, 1.4764543
28970.0, 1.4761266
28980.0, 1.4757992
28990.0, 1.4754719
29000.0, 1.4751447
29010.0, 1.474818
29020.0, 1.4744911
29030.0, 1.4741648
29040.0, 1.4738384
29050.0, 1.4735126
29060.0, 1.4731864
29070.0, 1.4728607
29080.0, 1.472535
29090.0, 1.4722095
29100.0, 1.4718843
29110.0, 1.4715593
29120.0, 1.4712343
29130.0, 1.4709096
29140.0, 1.4705852
29150.0, 1.4702611
29160.0, 1.4699367
29170.0, 1.4696126
29180.0, 1.4692892
29190.0, 1.4689653
29200.0, 1.468642
29210.0, 1.4683188
29220.0, 1.4679956
29230.0, 1.467673
29240.0, 1.4673501
29250.0, 1.4670277
29260.0, 1.4667052
29270.0, 1.4663831
29280.0, 1.4660611
29290.0, 1.4657394
29300.0, 1.4654179
29310.0, 1.4650962
29320.0, 1.464775
29330.0, 1.4644539
29340.0, 1.4641329
29350.0, 1.4638122
29360.0, 1.4634917
29370.0, 1.4631714
29380.0, 1.4628512
29390.0, 1.462531
29400.0, 1.4622111
29410.0, 1.4618917
29420.0, 1.4615722
29430.0, 1.4612528
29440.0, 1.4609337
29450.0, 1.4606147
29460.0, 1.4602958
29470.0, 1.4599771
29480.0, 1.4596589
29490.0, 1.4593406
29500.0, 1.4590224
29510.0, 1.4587045
29520.0, 1.4583869
29530.0, 1.4580693
29540.0, 1.4577519
29550.0, 1.4574348
29560.0, 1.4571177
29570.0, 1.4568008
29580.0, 1.4564841
29590.0, 1.4561675
29600.0, 1.4558514
29610.0, 1.455535
29620.0, 1.4552191
29630.0, 1.4549035
29640.0, 1.4545876
29650.0, 1.4542723
29660.0, 1.453957
29670.0, 1.4536419
29680.0, 1.453327
29690.0, 1.4530119
29700.0, 1.4526975
29710.0, 1.4523832
29720.0, 1.4520689
29730.0, 1.4517547
29740.0, 1.4514407
29750.0, 1.4511269
29760.0, 1.4508134
29770.0, 1.4505001
29780.0, 1.4501868
29790.0, 1.4498738
29800.0, 1.449561
29810.0, 1.4492482
29820.0, 1.4489357
29830.0, 1.4486233
29840.0, 1.4483111
29850.0, 1.4479991
29860.0, 1.4476871
29870.0, 1.4473754
29880.0, 1.447064
29890.0, 1.4467525
29900.0, 1.4464414
29910.0, 1.4461304
29920.0, 1.4458196
29930.0, 1.4455088
29940.0, 1.4451982
29950.0, 1.4448879
29960.0, 1.4445778
29970.0, 1.444268
29980.0, 1.4439579
29990.0, 1.4436483
30000.0, 1.443339
