Energy (in eV), SEEE yield of material CERS-withBUCT at incidence 90.0 degree
   X,       Y
0.0, 0.0
10.0, 0.108818196
20.0, 0.21701533
30.0, 0.32472044
40.0, 0.4319529
50.0, 0.5387125
60.0, 0.64498824
70.0, 0.75076693
80.0, 0.8560325
90.0, 0.96076757
100.0, 1.064955
110.0, 1.1685761
120.0, 1.2716165
130.0, 1.3740556
140.0, 1.47588
150.0, 1.5770715
160.0, 1.677614
170.0, 1.7774923
180.0, 1.8766919
190.0, 1.9751993
200.0, 2.072998
210.0, 2.1700754
220.0, 2.2664192
230.0, 2.3620145
240.0, 2.456853
250.0, 2.5509195
260.0, 2.6442032
270.0, 2.7366946
280.0, 2.8283827
290.0, 2.919258
300.0, 3.0093102
310.0, 3.0985308
320.0, 3.1869116
330.0, 3.2744436
340.0, 3.3611183
350.0, 3.4469304
360.0, 3.531872
370.0, 3.6159358
380.0, 3.699117
390.0, 3.7814088
400.0, 3.862805
410.0, 3.9433024
420.0, 4.022896
430.0, 4.101579
440.0, 4.179351
450.0, 4.2562056
460.0, 4.332142
470.0, 4.407153
480.0, 4.4812407
490.0, 4.554401
500.0, 4.6266313
510.0, 4.6979313
520.0, 4.768298
530.0, 4.8377314
540.0, 4.9062304
550.0, 4.9737945
560.0, 5.040423
570.0, 5.106117
580.0, 5.1708765
590.0, 5.234701
600.0, 5.2975936
610.0, 5.3595543
620.0, 5.420583
630.0, 5.4806833
640.0, 5.5398564
650.0, 5.5981054
660.0, 5.6554313
670.0, 5.7118363
680.0, 5.7673235
690.0, 5.8218975
700.0, 5.8755593
710.0, 5.9283137
720.0, 5.980163
730.0, 6.0311127
740.0, 6.081165
750.0, 6.1303253
760.0, 6.1785965
770.0, 6.225985
780.0, 6.2724943
790.0, 6.318129
800.0, 6.3628936
810.0, 6.406794
820.0, 6.449836
830.0, 6.492024
840.0, 6.5333643
850.0, 6.573861
860.0, 6.613522
870.0, 6.652351
880.0, 6.6903563
890.0, 6.727542
900.0, 6.7639165
910.0, 6.799483
920.0, 6.8342514
930.0, 6.868225
940.0, 6.9014125
950.0, 6.9338207
960.0, 6.9654546
970.0, 6.996323
980.0, 7.026433
990.0, 7.0557895
1000.0, 7.0844
1010.0, 7.112273
1020.0, 7.1394153
1030.0, 7.165834
1040.0, 7.191536
1050.0, 7.216529
1060.0, 7.24082
1070.0, 7.264416
1080.0, 7.2873263
1090.0, 7.3095565
1100.0, 7.3311167
1110.0, 7.3520107
1120.0, 7.372249
1130.0, 7.391839
1140.0, 7.410786
1150.0, 7.4291
1160.0, 7.4467874
1170.0, 7.463857
1180.0, 7.480315
1190.0, 7.4961715
1200.0, 7.5114307
1210.0, 7.5261025
1220.0, 7.540196
1230.0, 7.553715
1240.0, 7.56667
1250.0, 7.5790677
1260.0, 7.590915
1270.0, 7.602222
1280.0, 7.6129947
1290.0, 7.623239
1300.0, 7.6329656
1310.0, 7.6421804
1320.0, 7.6508894
1330.0, 7.659104
1340.0, 7.6668277
1350.0, 7.674071
1360.0, 7.680838
1370.0, 7.68714
1380.0, 7.692981
1390.0, 7.6983695
1400.0, 7.7033143
1410.0, 7.7078195
1420.0, 7.7118945
1430.0, 7.715545
1440.0, 7.718779
1450.0, 7.7216034
1460.0, 7.7240243
1470.0, 7.7260504
1480.0, 7.727687
1490.0, 7.7289424
1500.0, 7.729821
1510.0, 7.730332
1520.0, 7.7304807
1530.0, 7.730273
1540.0, 7.7297173
1550.0, 7.72882
1560.0, 7.7275863
1570.0, 7.7260227
1580.0, 7.7241354
1590.0, 7.721932
1600.0, 7.7194176
1610.0, 7.7165976
1620.0, 7.7134805
1630.0, 7.71007
1640.0, 7.7063737
1650.0, 7.702397
1660.0, 7.6981435
1670.0, 7.6936226
1680.0, 7.688838
1690.0, 7.6837955
1700.0, 7.6785
1710.0, 7.672959
1720.0, 7.667176
1730.0, 7.6611576
1740.0, 7.654909
1750.0, 7.648435
1760.0, 7.64174
1770.0, 7.6348314
1780.0, 7.627712
1790.0, 7.620388
1800.0, 7.612865
1810.0, 7.605145
1820.0, 7.597236
1830.0, 7.589141
1840.0, 7.580865
1850.0, 7.5724125
1860.0, 7.563789
1870.0, 7.5549974
1880.0, 7.5460434
1890.0, 7.536931
1900.0, 7.5276647
1910.0, 7.518247
1920.0, 7.5086846
1930.0, 7.49898
1940.0, 7.4891376
1950.0, 7.4791617
1960.0, 7.469056
1970.0, 7.4588237
1980.0, 7.4484696
1990.0, 7.437998
2000.0, 7.42741
2010.0, 7.416712
2020.0, 7.4059052
2030.0, 7.3949947
2040.0, 7.383984
2050.0, 7.372875
2060.0, 7.3616734
2070.0, 7.3503795
2080.0, 7.3389983
2090.0, 7.3275323
2100.0, 7.3159857
2110.0, 7.3043604
2120.0, 7.2926598
2130.0, 7.2808867
2140.0, 7.269044
2150.0, 7.2571344
2160.0, 7.245161
2170.0, 7.233126
2180.0, 7.221033
2190.0, 7.2088842
2200.0, 7.1966815
2210.0, 7.184428
2220.0, 7.172126
2230.0, 7.1597776
2240.0, 7.147386
2250.0, 7.134953
2260.0, 7.12248
2270.0, 7.109971
2280.0, 7.0974274
2290.0, 7.0848513
2300.0, 7.0722437
2310.0, 7.0596085
2320.0, 7.046946
2330.0, 7.03426
2340.0, 7.021551
2350.0, 7.008821
2360.0, 6.996073
2370.0, 6.983307
2380.0, 6.9705253
2390.0, 6.9577303
2400.0, 6.944924
2410.0, 6.932107
2420.0, 6.919281
2430.0, 6.9064484
2440.0, 6.893609
2450.0, 6.880766
2460.0, 6.867921
2470.0, 6.8550744
2480.0, 6.8422275
2490.0, 6.829382
2500.0, 6.8165393
2510.0, 6.8037004
2520.0, 6.790867
2530.0, 6.7780395
2540.0, 6.7652206
2550.0, 6.7524095
2560.0, 6.7396097
2570.0, 6.7268186
2580.0, 6.714041
2590.0, 6.7012763
2600.0, 6.688526
2610.0, 6.6757913
2620.0, 6.663071
2630.0, 6.6503677
2640.0, 6.637684
2650.0, 6.625017
2660.0, 6.6123714
2670.0, 6.5997443
2680.0, 6.58714
2690.0, 6.574557
2700.0, 6.5619965
2710.0, 6.549459
2720.0, 6.536947
2730.0, 6.5244584
2740.0, 6.511996
2750.0, 6.4995594
2760.0, 6.4871492
2770.0, 6.4747667
2780.0, 6.462412
2790.0, 6.4500856
2800.0, 6.4377885
2810.0, 6.42552
2820.0, 6.4132824
2830.0, 6.4010744
2840.0, 6.388898
2850.0, 6.376753
2860.0, 6.3646393
2870.0, 6.3525586
2880.0, 6.3405094
2890.0, 6.3284936
2900.0, 6.3165116
2910.0, 6.3045626
2920.0, 6.2926483
2930.0, 6.280768
2940.0, 6.2689223
2950.0, 6.2571115
2960.0, 6.2453365
2970.0, 6.233596
2980.0, 6.2218924
2990.0, 6.210223
3000.0, 6.1985917
