Energy (in eV), SEEE yield of material alox-reduced-PEY at incidence 0.0 degree
   X,       Y
0.0, 0.0
10.0, 0.1066323
20.0, 0.20953606
30.0, 0.30938405
40.0, 0.4063356
50.0, 0.5004421
60.0, 0.5917156
70.0, 0.68015176
80.0, 0.76574224
90.0, 0.8484777
100.0, 0.92835176
110.0, 1.0053623
120.0, 1.0795115
130.0, 1.1508079
140.0, 1.2192645
150.0, 1.2848997
160.0, 1.3477378
170.0, 1.4078072
180.0, 1.4651417
190.0, 1.519779
200.0, 1.5717613
210.0, 1.6211342
220.0, 1.6679473
230.0, 1.7122529
240.0, 1.7541059
250.0, 1.7935644
260.0, 1.8306884
270.0, 1.8655391
280.0, 1.8981801
290.0, 1.928676
300.0, 1.9570925
310.0, 1.9834961
320.0, 2.0079532
330.0, 2.0305321
340.0, 2.0512993
350.0, 2.0703228
360.0, 2.087669
370.0, 2.1034043
380.0, 2.1175954
390.0, 2.1303067
400.0, 2.1416028
410.0, 2.1515467
420.0, 2.1602004
430.0, 2.1676257
440.0, 2.1738803
450.0, 2.1790242
460.0, 2.1831129
470.0, 2.186202
480.0, 2.1883454
490.0, 2.1895945
500.0, 2.1899998
510.0, 2.1896102
520.0, 2.1884732
530.0, 2.186633
540.0, 2.1841345
550.0, 2.1810188
560.0, 2.1773272
570.0, 2.1730974
580.0, 2.1683674
590.0, 2.1631725
600.0, 2.1575458
610.0, 2.1515203
620.0, 2.1451268
630.0, 2.1383948
640.0, 2.1313522
650.0, 2.1240249
660.0, 2.1164386
670.0, 2.1086166
680.0, 2.100582
690.0, 2.0923557
700.0, 2.0839574
710.0, 2.0754068
720.0, 2.0667207
730.0, 2.0579166
740.0, 2.0490098
750.0, 2.0400152
760.0, 2.0309467
770.0, 2.0218165
780.0, 2.0126374
790.0, 2.0034196
800.0, 1.9941744
810.0, 1.9849114
820.0, 1.9756393
830.0, 1.9663662
840.0, 1.9571002
850.0, 1.947848
860.0, 1.9386162
870.0, 1.929411
880.0, 1.9202378
890.0, 1.9111012
900.0, 1.9020066
910.0, 1.8929573
920.0, 1.8839575
930.0, 1.8750107
940.0, 1.8661196
950.0, 1.8572872
960.0, 1.8485156
970.0, 1.8398076
980.0, 1.8311644
990.0, 1.8225882
1000.0, 1.81408
1010.0, 1.8056414
1020.0, 1.7972735
1030.0, 1.7889767
1040.0, 1.7807521
1050.0, 1.7725997
1060.0, 1.7645206
1070.0, 1.7565148
1080.0, 1.7485827
1090.0, 1.7407237
1100.0, 1.7329391
1110.0, 1.7252271
1120.0, 1.7175888
1130.0, 1.710023
1140.0, 1.70253
1150.0, 1.6951091
1160.0, 1.6877601
1170.0, 1.6804821
1180.0, 1.6732752
1190.0, 1.6661383
1200.0, 1.6590708
1210.0, 1.6520725
1220.0, 1.6451421
1230.0, 1.6382794
1240.0, 1.6314834
1250.0, 1.6247537
1260.0, 1.6180893
1270.0, 1.6114895
1280.0, 1.6049535
1290.0, 1.5984808
1300.0, 1.5920706
1310.0, 1.5857219
1320.0, 1.5794338
1330.0, 1.5732058
1340.0, 1.5670373
1350.0, 1.5609273
1360.0, 1.5548749
1370.0, 1.5488797
1380.0, 1.5429409
1390.0, 1.5370574
1400.0, 1.5312287
1410.0, 1.525454
1420.0, 1.5197327
1430.0, 1.5140642
1440.0, 1.5084474
1450.0, 1.5028816
1460.0, 1.4973669
1470.0, 1.4919016
1480.0, 1.4864856
1490.0, 1.4811181
1500.0, 1.4757984
1510.0, 1.470526
1520.0, 1.4653
1530.0, 1.4601201
1540.0, 1.4549856
1550.0, 1.4498956
1560.0, 1.44485
1570.0, 1.4398476
1580.0, 1.4348882
1590.0, 1.4299713
1600.0, 1.4250963
1610.0, 1.4202623
1620.0, 1.4154693
1630.0, 1.4107164
1640.0, 1.4060032
1650.0, 1.4013293
1660.0, 1.3966938
1670.0, 1.3920966
1680.0, 1.387537
1690.0, 1.3830146
1700.0, 1.3785291
1710.0, 1.3740795
1720.0, 1.3696659
1730.0, 1.3652875
1740.0, 1.3609442
1750.0, 1.3566352
1760.0, 1.3523601
1770.0, 1.3481188
1780.0, 1.3439106
1790.0, 1.339735
1800.0, 1.3355923
1810.0, 1.3314811
1820.0, 1.3274015
1830.0, 1.3233533
1840.0, 1.3193358
1850.0, 1.315349
1860.0, 1.311392
1870.0, 1.3074648
1880.0, 1.3035669
1890.0, 1.2996984
1900.0, 1.2958584
1910.0, 1.2920465
1920.0, 1.2882628
1930.0, 1.2845069
1940.0, 1.2807783
1950.0, 1.2770767
1960.0, 1.273402
1970.0, 1.2697536
1980.0, 1.2661315
1990.0, 1.2625352
2000.0, 1.2589645
2010.0, 1.2554189
2020.0, 1.2518984
2030.0, 1.2484027
2040.0, 1.2449312
2050.0, 1.241484
2060.0, 1.2380608
2070.0, 1.2346612
2080.0, 1.2312849
2090.0, 1.2279317
2100.0, 1.2246014
2110.0, 1.2212937
2120.0, 1.2180084
2130.0, 1.2147453
2140.0, 1.211504
2150.0, 1.2082844
2160.0, 1.2050862
2170.0, 1.2019093
2180.0, 1.1987535
2190.0, 1.1956183
2200.0, 1.1925036
2210.0, 1.1894094
2220.0, 1.1863352
2230.0, 1.1832811
2240.0, 1.1802466
2250.0, 1.1772316
2260.0, 1.1742359
2270.0, 1.1712595
2280.0, 1.1683017
2290.0, 1.1653628
2300.0, 1.1624424
2310.0, 1.1595405
2320.0, 1.1566567
2330.0, 1.1537911
2340.0, 1.150943
2350.0, 1.1481127
2360.0, 1.1452997
2370.0, 1.1425041
2380.0, 1.1397256
2390.0, 1.1369643
2400.0, 1.1342195
2410.0, 1.1314914
2420.0, 1.1287798
2430.0, 1.1260847
2440.0, 1.1234055
2450.0, 1.1207424
2460.0, 1.118095
2470.0, 1.1154636
2480.0, 1.1128476
2490.0, 1.1102471
2500.0, 1.1076617
2510.0, 1.1050916
2520.0, 1.1025363
2530.0, 1.099996
2540.0, 1.0974703
2550.0, 1.0949593
2560.0, 1.0924627
2570.0, 1.0899804
2580.0, 1.0875121
2590.0, 1.085058
2600.0, 1.0826179
2610.0, 1.0801914
2620.0, 1.0777787
2630.0, 1.0753793
2640.0, 1.0729936
2650.0, 1.0706211
2660.0, 1.0682619
2670.0, 1.0659158
2680.0, 1.0635825
2690.0, 1.061262
2700.0, 1.0589544
2710.0, 1.0566593
2720.0, 1.0543767
2730.0, 1.0521067
2740.0, 1.0498489
2750.0, 1.0476031
2760.0, 1.0453696
2770.0, 1.043148
2780.0, 1.0409381
2790.0, 1.0387404
2800.0, 1.036554
2810.0, 1.0343794
2820.0, 1.0322162
2830.0, 1.0300642
2840.0, 1.0279238
2850.0, 1.0257944
2860.0, 1.0236762
2870.0, 1.0215689
2880.0, 1.0194725
2890.0, 1.017387
2900.0, 1.0153122
2910.0, 1.0132482
2920.0, 1.0111946
2930.0, 1.0091515
2940.0, 1.0071187
2950.0, 1.0050963
2960.0, 1.0030842
2970.0, 1.0010823
2980.0, 0.99909025
2990.0, 0.9971082
3000.0, 0.9951362
