Energy (in eV), SEEP yield of material alox-reduced-PEY at isotropic incidence
   X,       Y
0.0, 0.0
200.0, 0.20809172
400.0, 0.29855406
600.0, 0.36778978
800.0, 0.42600837
1000.0, 0.4771685
1200.0, 0.5233021
1400.0, 0.56561714
1600.0, 0.6049019
1800.0, 0.6417042
2000.0, 0.67642313
2200.0, 0.7093604
2400.0, 0.7407508
2600.0, 0.7707807
2800.0, 0.79960185
3000.0, 0.8273392
3200.0, 0.8540974
3400.0, 0.879965
3600.0, 0.90501755
3800.0, 0.9293209
4000.0, 0.95293164
4200.0, 0.97589993
4400.0, 0.99827003
4600.0, 1.0200807
4800.0, 1.0413677
5000.0, 1.0621617
5200.0, 1.0824914
5400.0, 1.1023828
5600.0, 1.1218587
5800.0, 1.1409408
6000.0, 1.1596483
6200.0, 1.1779995
6400.0, 1.1960105
6600.0, 1.2136967
6800.0, 1.2310721
7000.0, 1.2481499
7200.0, 1.264942
7400.0, 1.2814603
7600.0, 1.2977151
7800.0, 1.3137157
8000.0, 1.3294725
8200.0, 1.3449935
8400.0, 1.3602868
8600.0, 1.3753605
8800.0, 1.3902215
9000.0, 1.4048774
9200.0, 1.4193339
9400.0, 1.4335974
9600.0, 1.447674
9800.0, 1.461569
10000.0, 1.4752874
10200.0, 1.4888347
10400.0, 1.5022157
10600.0, 1.5154344
10800.0, 1.5284957
11000.0, 1.5414034
11200.0, 1.5541615
11400.0, 1.5667742
11600.0, 1.5792444
11800.0, 1.5915761
12000.0, 1.6037725
12200.0, 1.615837
12400.0, 1.6277719
12600.0, 1.6395807
12800.0, 1.6512665
13000.0, 1.6628315
13200.0, 1.6742789
13400.0, 1.6856109
13600.0, 1.6968297
13800.0, 1.707938
14000.0, 1.7189376
14200.0, 1.7298315
14400.0, 1.740621
14600.0, 1.7513086
14800.0, 1.7618964
15000.0, 1.7723862
15200.0, 1.7827793
15400.0, 1.7930783
15600.0, 1.8032843
15800.0, 1.8133996
16000.0, 1.8234246
16200.0, 1.8333623
16400.0, 1.8432142
16600.0, 1.8529805
16800.0, 1.8626639
17000.0, 1.8722653
17200.0, 1.8817858
17400.0, 1.8912269
17600.0, 1.9005903
17800.0, 1.9098768
18000.0, 1.9190879
18200.0, 1.9282248
18400.0, 1.9372885
18600.0, 1.9462798
18800.0, 1.9552006
19000.0, 1.9640515
19200.0, 1.9728333
19400.0, 1.9815475
19600.0, 1.9901946
19800.0, 1.998776
20000.0, 2.0072923
20200.0, 2.0157444
20400.0, 2.0241342
20600.0, 2.0324612
20800.0, 2.0407264
21000.0, 2.0489318
21200.0, 2.0570774
21400.0, 2.0651639
21600.0, 2.0731924
21800.0, 2.0811634
22000.0, 2.089078
22200.0, 2.0969365
22400.0, 2.1047397
22600.0, 2.1124887
22800.0, 2.120184
23000.0, 2.1278262
23200.0, 2.1354158
23400.0, 2.1429534
23600.0, 2.1504402
23800.0, 2.1578763
24000.0, 2.1652627
24200.0, 2.172599
24400.0, 2.1798873
24600.0, 2.1871269
24800.0, 2.1943192
25000.0, 2.2014642
25200.0, 2.208563
25400.0, 2.2156155
25600.0, 2.2226224
25800.0, 2.2295845
26000.0, 2.236502
26200.0, 2.2433758
26400.0, 2.250206
26600.0, 2.2569926
26800.0, 2.2637374
27000.0, 2.2704396
27200.0, 2.2770998
27400.0, 2.2837195
27600.0, 2.290298
27800.0, 2.2968361
28000.0, 2.3033342
28200.0, 2.3097935
28400.0, 2.316213
28600.0, 2.3225937
28800.0, 2.3289356
29000.0, 2.3352406
29200.0, 2.3415072
29400.0, 2.3477373
29600.0, 2.35393
29800.0, 2.360087
30000.0, 2.3662064
30200.0, 2.3722908
30400.0, 2.3783398
30600.0, 2.3843536
30800.0, 2.390333
31000.0, 2.3962774
31200.0, 2.4021883
31400.0, 2.4080653
31600.0, 2.4139085
31800.0, 2.4197187
32000.0, 2.4254956
32200.0, 2.4312406
32400.0, 2.4369526
32600.0, 2.4426332
32800.0, 2.4482818
33000.0, 2.4538991
33200.0, 2.4594853
33400.0, 2.4650402
33600.0, 2.4705653
33800.0, 2.4760597
34000.0, 2.4815238
34200.0, 2.4869578
34400.0, 2.492363
34600.0, 2.4977388
34800.0, 2.5030854
35000.0, 2.5084033
35200.0, 2.5136921
35400.0, 2.518953
35600.0, 2.524186
35800.0, 2.5293908
36000.0, 2.5345683
36200.0, 2.5397182
36400.0, 2.5448408
36600.0, 2.5499368
36800.0, 2.555006
37000.0, 2.5600483
37200.0, 2.565065
37400.0, 2.570055
37600.0, 2.5750194
37800.0, 2.579958
38000.0, 2.584871
38200.0, 2.5897589
38400.0, 2.594622
38600.0, 2.5994596
38800.0, 2.604273
39000.0, 2.6090617
39200.0, 2.613826
39400.0, 2.6185663
39600.0, 2.6232822
39800.0, 2.627975
40000.0, 2.632644
40200.0, 2.6372893
40400.0, 2.6419115
40600.0, 2.6465108
40800.0, 2.6510873
41000.0, 2.6556408
41200.0, 2.660172
41400.0, 2.6646802
41600.0, 2.6691663
41800.0, 2.6736314
42000.0, 2.6780736
42200.0, 2.6824944
42400.0, 2.6868935
42600.0, 2.6912713
42800.0, 2.6956272
43000.0, 2.6999626
43200.0, 2.7042768
43400.0, 2.7085702
43600.0, 2.712843
43800.0, 2.717095
44000.0, 2.7213268
44200.0, 2.725538
44400.0, 2.72973
44600.0, 2.733901
44800.0, 2.7380526
45000.0, 2.742184
45200.0, 2.7462966
45400.0, 2.750389
45600.0, 2.754463
45800.0, 2.7585168
46000.0, 2.7625525
46200.0, 2.7665684
46400.0, 2.7705655
46600.0, 2.7745447
46800.0, 2.7785048
47000.0, 2.782447
47200.0, 2.78637
47400.0, 2.7902753
47600.0, 2.7941623
47800.0, 2.7980316
48000.0, 2.801883
48200.0, 2.8057168
48400.0, 2.8095329
48600.0, 2.8133311
48800.0, 2.8171127
49000.0, 2.8208761
49200.0, 2.8246226
49400.0, 2.8283522
49600.0, 2.832065
49800.0, 2.8357608
50000.0, 2.8394396
50200.0, 2.843102
50400.0, 2.8467479
50600.0, 2.8503776
50800.0, 2.8539908
51000.0, 2.8575876
51200.0, 2.8611681
51400.0, 2.8647332
51600.0, 2.8682816
51800.0, 2.8718145
52000.0, 2.8753319
52200.0, 2.8788335
52400.0, 2.8823197
52600.0, 2.88579
52800.0, 2.8892455
53000.0, 2.892685
53200.0, 2.8961096
53400.0, 2.8995194
53600.0, 2.9029143
53800.0, 2.9062939
54000.0, 2.9096587
54200.0, 2.9130092
54400.0, 2.916345
54600.0, 2.9196656
54800.0, 2.9229715
55000.0, 2.9262638
55200.0, 2.9295423
55400.0, 2.932805
55600.0, 2.936055
55800.0, 2.93929
56000.0, 2.9425113
56200.0, 2.9457188
56400.0, 2.9489121
56600.0, 2.9520922
56800.0, 2.9552584
57000.0, 2.9584115
57200.0, 2.96155
57400.0, 2.9646757
57600.0, 2.9677873
57800.0, 2.970887
58000.0, 2.9739723
58200.0, 2.9770446
58400.0, 2.980104
58600.0, 2.9831507
58800.0, 2.9861844
59000.0, 2.9892054
59200.0, 2.9922128
59400.0, 2.9952087
59600.0, 2.998191
59800.0, 3.0011609
60000.0, 3.0041184
60200.0, 3.0070634
60400.0, 3.0099962
60600.0, 3.0129166
60800.0, 3.0158246
61000.0, 3.0187204
61200.0, 3.0216043
61400.0, 3.0244758
61600.0, 3.0273361
61800.0, 3.0301838
62000.0, 3.0330198
62200.0, 3.0358436
62400.0, 3.0386567
62600.0, 3.0414574
62800.0, 3.044247
63000.0, 3.0470243
63200.0, 3.0497904
63400.0, 3.0525453
63600.0, 3.0552888
63800.0, 3.058021
64000.0, 3.060742
64200.0, 3.0634518
64400.0, 3.0661502
64600.0, 3.0688376
64800.0, 3.071514
65000.0, 3.0741796
65200.0, 3.0768342
65400.0, 3.079478
65600.0, 3.082111
65800.0, 3.084733
66000.0, 3.087345
66200.0, 3.0899453
66400.0, 3.092536
66600.0, 3.0951154
66800.0, 3.097685
67000.0, 3.1002436
67200.0, 3.1027925
67400.0, 3.1053305
67600.0, 3.1078582
67800.0, 3.1103766
68000.0, 3.1128843
68200.0, 3.1153815
68400.0, 3.1178687
68600.0, 3.1203463
68800.0, 3.1228135
69000.0, 3.125271
69200.0, 3.127719
69400.0, 3.1301565
69600.0, 3.132585
69800.0, 3.1350033
70000.0, 3.137412
70200.0, 3.139811
70400.0, 3.1422005
70600.0, 3.1445801
70800.0, 3.146951
71000.0, 3.1493115
71200.0, 3.1516635
71400.0, 3.1540058
71600.0, 3.1563387
71800.0, 3.1586626
72000.0, 3.160977
72200.0, 3.1632822
72400.0, 3.1655784
72600.0, 3.1678655
72800.0, 3.1701434
73000.0, 3.1724124
73200.0, 3.1746726
73400.0, 3.1769242
73600.0, 3.1791658
73800.0, 3.1813996
74000.0, 3.183624
74200.0, 3.1858404
74400.0, 3.1880472
74600.0, 3.1902459
74800.0, 3.1924355
75000.0, 3.1946168
75200.0, 3.1967893
75400.0, 3.198954
75600.0, 3.2011092
75800.0, 3.2032568
76000.0, 3.2053955
76200.0, 3.2075272
76400.0, 3.2096486
76600.0, 3.2117627
76800.0, 3.2138686
77000.0, 3.215966
77200.0, 3.2180552
77400.0, 3.2201364
77600.0, 3.22221
77800.0, 3.224275
78000.0, 3.2263322
78200.0, 3.2283807
78400.0, 3.2304225
78600.0, 3.232455
78800.0, 3.234481
79000.0, 3.2364984
79200.0, 3.2385077
79400.0, 3.24051
79600.0, 3.242504
79800.0, 3.2444906
80000.0, 3.2464693
80200.0, 3.24844
80400.0, 3.2504044
80600.0, 3.25236
80800.0, 3.2543087
81000.0, 3.2562494
81200.0, 3.2581832
81400.0, 3.2601087
81600.0, 3.2620275
81800.0, 3.2639391
82000.0, 3.2658424
82200.0, 3.2677393
82400.0, 3.2696292
82600.0, 3.271511
82800.0, 3.273386
83000.0, 3.2752533
83200.0, 3.2771144
83400.0, 3.278968
83600.0, 3.2808137
83800.0, 3.2826533
84000.0, 3.2844858
84200.0, 3.2863114
84400.0, 3.288129
84600.0, 3.2899408
84800.0, 3.2917452
85000.0, 3.293543
85200.0, 3.2953339
85400.0, 3.2971175
85600.0, 3.298895
85800.0, 3.300665
86000.0, 3.3024285
86200.0, 3.3041856
86400.0, 3.3059356
86600.0, 3.3076797
86800.0, 3.3094163
87000.0, 3.3111465
87200.0, 3.3128707
87400.0, 3.3145878
87600.0, 3.3162985
87800.0, 3.3180032
88000.0, 3.3197007
88200.0, 3.3213923
88400.0, 3.323077
88600.0, 3.3247561
88800.0, 3.326428
89000.0, 3.3280945
89200.0, 3.3297539
89400.0, 3.3314073
89600.0, 3.3330538
89800.0, 3.3346949
90000.0, 3.3363295
90200.0, 3.3379586
90400.0, 3.3395805
90600.0, 3.3411973
90800.0, 3.3428075
91000.0, 3.3444114
91200.0, 3.3460095
91400.0, 3.3476014
91600.0, 3.3491879
91800.0, 3.3507679
92000.0, 3.3523417
92200.0, 3.35391
92400.0, 3.3554726
92600.0, 3.3570292
92800.0, 3.3585796
93000.0, 3.3601236
93200.0, 3.3616633
93400.0, 3.3631961
93600.0, 3.3647234
93800.0, 3.3662455
94000.0, 3.3677616
94200.0, 3.3692718
94400.0, 3.3707762
94600.0, 3.372275
94800.0, 3.3737686
95000.0, 3.3752563
95200.0, 3.3767385
95400.0, 3.3782146
95600.0, 3.3796859
95800.0, 3.3811517
96000.0, 3.3826115
96200.0, 3.384066
96400.0, 3.3855155
96600.0, 3.386959
96800.0, 3.3883972
97000.0, 3.3898304
97200.0, 3.3912578
97400.0, 3.3926804
97600.0, 3.3940973
97800.0, 3.395509
98000.0, 3.3969154
98200.0, 3.3983164
98400.0, 3.399712
98600.0, 3.4011028
98800.0, 3.402488
99000.0, 3.4038687
99200.0, 3.4052436
99400.0, 3.4066138
99600.0, 3.4079783
99800.0, 3.409338
100000.0, 3.4106927
