Energy (in eV), backscattering yield of material ka2k-NASCAP at incidence 20.0 degree
   X,       Y
0.0, 0.52134395
10.0, 0.20371407
20.0, 0.07960085
30.0, 0.031103866
40.0, 0.012153772
50.0, 0.004749061
60.0, 0.013958446
70.0, 0.022611136
80.0, 0.0303666
90.0, 0.03725118
100.0, 0.04338409
110.0, 0.048888903
120.0, 0.053870726
130.0, 0.05841397
140.0, 0.06258555
150.0, 0.0664386
160.0, 0.0700158
170.0, 0.07335185
180.0, 0.07647526
190.0, 0.07940978
200.0, 0.08217539
210.0, 0.08478901
220.0, 0.087265186
230.0, 0.0896164
240.0, 0.09185358
250.0, 0.093986206
260.0, 0.096022636
270.0, 0.0979703
280.0, 0.09983577
290.0, 0.10162491
300.0, 0.10334298
310.0, 0.10499472
320.0, 0.1065844
330.0, 0.1081159
340.0, 0.109592766
350.0, 0.11101816
360.0, 0.11239506
370.0, 0.113726154
380.0, 0.115013905
390.0, 0.11626058
400.0, 0.11746833
410.0, 0.11863905
420.0, 0.11977459
430.0, 0.120876595
440.0, 0.12194661
450.0, 0.122986145
460.0, 0.123996496
470.0, 0.12497897
480.0, 0.12593475
490.0, 0.12686495
500.0, 0.1277706
510.0, 0.12865269
520.0, 0.12951216
530.0, 0.13034987
540.0, 0.13116664
550.0, 0.13196325
560.0, 0.13274047
570.0, 0.13349892
580.0, 0.13423935
590.0, 0.13496232
600.0, 0.13566844
610.0, 0.13635829
620.0, 0.13703239
630.0, 0.13769129
640.0, 0.1383354
650.0, 0.13896528
660.0, 0.13958131
670.0, 0.14018393
680.0, 0.14077353
690.0, 0.14135054
700.0, 0.14191528
710.0, 0.14246812
720.0, 0.14300942
730.0, 0.14353947
740.0, 0.14405863
750.0, 0.14456715
760.0, 0.14506534
770.0, 0.14555347
780.0, 0.14603183
790.0, 0.14650066
800.0, 0.14696017
810.0, 0.14741068
820.0, 0.14785233
830.0, 0.14828539
840.0, 0.14871006
850.0, 0.14912654
860.0, 0.14953505
870.0, 0.14993572
880.0, 0.15032881
890.0, 0.15071447
900.0, 0.15109287
910.0, 0.15146413
920.0, 0.15182851
930.0, 0.15218608
940.0, 0.152537
950.0, 0.15288146
960.0, 0.1532196
970.0, 0.1535515
980.0, 0.15387735
990.0, 0.15419723
1000.0, 0.1545113
1010.0, 0.154338
1020.0, 0.15416504
1030.0, 0.15399241
1040.0, 0.15382011
1050.0, 0.15364815
1060.0, 0.1534765
1070.0, 0.15330522
1080.0, 0.15313424
1090.0, 0.15296361
1100.0, 0.15279329
1110.0, 0.1526233
1120.0, 0.15245363
1130.0, 0.15228431
1140.0, 0.1521153
1150.0, 0.15194662
1160.0, 0.15177827
1170.0, 0.15161023
1180.0, 0.15144253
1190.0, 0.15127514
1200.0, 0.15110807
1210.0, 0.15094134
1220.0, 0.15077493
1230.0, 0.15060882
1240.0, 0.15044305
1250.0, 0.1502776
1260.0, 0.15011245
1270.0, 0.14994764
1280.0, 0.14978313
1290.0, 0.14961894
1300.0, 0.14945509
1310.0, 0.14929152
1320.0, 0.14912827
1330.0, 0.14896536
1340.0, 0.14880274
1350.0, 0.14864045
1360.0, 0.14847848
1370.0, 0.1483168
1380.0, 0.14815545
1390.0, 0.1479944
1400.0, 0.14783366
1410.0, 0.14767323
1420.0, 0.14751312
1430.0, 0.1473533
1440.0, 0.1471938
1450.0, 0.14703462
1460.0, 0.14687574
1470.0, 0.14671716
1480.0, 0.14655888
1490.0, 0.14640091
1500.0, 0.14624324
1510.0, 0.14608589
1520.0, 0.14592884
1530.0, 0.14577208
1540.0, 0.14561562
1550.0, 0.14545947
1560.0, 0.14530364
1570.0, 0.14514808
1580.0, 0.14499284
1590.0, 0.1448379
1600.0, 0.14468326
1610.0, 0.1445289
1620.0, 0.14437485
1630.0, 0.1442211
1640.0, 0.14406765
1650.0, 0.14391448
1660.0, 0.1437616
1670.0, 0.14360905
1680.0, 0.14345677
1690.0, 0.14330478
1700.0, 0.14315309
1710.0, 0.14300169
1720.0, 0.1428506
1730.0, 0.14269978
1740.0, 0.14254926
1750.0, 0.14239903
1760.0, 0.14224909
1770.0, 0.14209943
1780.0, 0.14195007
1790.0, 0.141801
1800.0, 0.14165221
1810.0, 0.14150372
1820.0, 0.1413555
1830.0, 0.14120758
1840.0, 0.14105994
1850.0, 0.14091259
1860.0, 0.14076552
1870.0, 0.14061873
1880.0, 0.14047222
1890.0, 0.14032601
1900.0, 0.14018007
1910.0, 0.1400344
1920.0, 0.13988903
1930.0, 0.13974394
1940.0, 0.13959913
1950.0, 0.13945459
1960.0, 0.13931035
1970.0, 0.13916636
1980.0, 0.13902266
1990.0, 0.13887925
2000.0, 0.1387361
2010.0, 0.13859324
2020.0, 0.13845064
2030.0, 0.13830833
2040.0, 0.1381663
2050.0, 0.13802452
2060.0, 0.13788304
2070.0, 0.13774182
2080.0, 0.13760087
2090.0, 0.1374602
2100.0, 0.1373198
2110.0, 0.13717967
2120.0, 0.13703981
2130.0, 0.13690022
2140.0, 0.1367609
2150.0, 0.13662185
2160.0, 0.13648307
2170.0, 0.13634457
2180.0, 0.13620631
2190.0, 0.13606834
2200.0, 0.13593063
2210.0, 0.13579318
2220.0, 0.135656
2230.0, 0.13551909
2240.0, 0.13538244
2250.0, 0.13524605
2260.0, 0.13510993
2270.0, 0.13497408
2280.0, 0.13483848
2290.0, 0.13470314
2300.0, 0.13456807
2310.0, 0.13443325
2320.0, 0.13429871
2330.0, 0.13416442
2340.0, 0.1340304
2350.0, 0.13389662
2360.0, 0.1337631
2370.0, 0.13362986
2380.0, 0.13349687
2390.0, 0.13336413
2400.0, 0.13323164
2410.0, 0.13309942
2420.0, 0.13296744
2430.0, 0.13283573
2440.0, 0.13270427
2450.0, 0.13257307
2460.0, 0.13244212
2470.0, 0.13231142
2480.0, 0.13218097
2490.0, 0.13205078
2500.0, 0.13192084
2510.0, 0.13179116
2520.0, 0.13166171
2530.0, 0.13153252
2540.0, 0.13140358
2550.0, 0.13127491
2560.0, 0.13114646
2570.0, 0.13101827
2580.0, 0.13089032
2590.0, 0.13076264
2600.0, 0.13063519
2610.0, 0.13050798
2620.0, 0.13038103
2630.0, 0.13025431
2640.0, 0.13012786
2650.0, 0.13000163
2660.0, 0.12987566
2670.0, 0.12974992
2680.0, 0.12962444
2690.0, 0.1294992
2700.0, 0.12937419
2710.0, 0.12924944
2720.0, 0.12912492
2730.0, 0.12900065
2740.0, 0.12887661
2750.0, 0.12875281
2760.0, 0.12862925
2770.0, 0.12850593
2780.0, 0.12838286
2790.0, 0.12826002
2800.0, 0.12813741
2810.0, 0.12801504
2820.0, 0.12789291
2830.0, 0.12777103
2840.0, 0.12764937
2850.0, 0.12752795
2860.0, 0.12740676
2870.0, 0.12728582
2880.0, 0.12716511
2890.0, 0.12704462
2900.0, 0.12692437
2910.0, 0.12680435
2920.0, 0.12668458
2930.0, 0.12656502
2940.0, 0.1264457
2950.0, 0.1263266
2960.0, 0.12620775
2970.0, 0.12608914
2980.0, 0.12597074
2990.0, 0.12585257
3000.0, 0.12573463
3010.0, 0.12561692
3020.0, 0.12549943
3030.0, 0.12538218
3040.0, 0.12526515
3050.0, 0.12514836
3060.0, 0.12503178
3070.0, 0.124915436
3080.0, 0.12479931
3090.0, 0.12468341
3100.0, 0.12456775
3110.0, 0.1244523
3120.0, 0.12433708
3130.0, 0.12422207
3140.0, 0.124107294
3150.0, 0.12399274
3160.0, 0.123878404
3170.0, 0.12376429
3180.0, 0.1236504
3190.0, 0.12353673
3200.0, 0.123423286
3210.0, 0.12331005
3220.0, 0.12319704
3230.0, 0.123084255
3240.0, 0.122971684
3250.0, 0.12285933
3260.0, 0.1227472
3270.0, 0.122635275
3280.0, 0.12252357
3290.0, 0.12241209
3300.0, 0.122300826
3310.0, 0.12218977
3320.0, 0.12207893
3330.0, 0.121968314
3340.0, 0.12185791
3350.0, 0.12174772
3360.0, 0.12163773
3370.0, 0.12152796
3380.0, 0.12141842
3390.0, 0.12130908
3400.0, 0.12119995
3410.0, 0.12109103
3420.0, 0.12098233
3430.0, 0.12087383
3440.0, 0.120765544
3450.0, 0.12065748
3460.0, 0.12054961
3470.0, 0.12044196
3480.0, 0.12033451
3490.0, 0.12022728
3500.0, 0.12012025
3510.0, 0.12001343
3520.0, 0.11990681
3530.0, 0.1198004
3540.0, 0.1196942
3550.0, 0.11958821
3560.0, 0.11948243
3570.0, 0.11937684
3580.0, 0.11927146
3590.0, 0.11916629
3600.0, 0.11906132
3610.0, 0.11895656
3620.0, 0.118852
3630.0, 0.11874764
3640.0, 0.118643485
3650.0, 0.11853952
3660.0, 0.11843577
3670.0, 0.11833222
3680.0, 0.118228875
3690.0, 0.11812572
3700.0, 0.11802278
3710.0, 0.117920026
3720.0, 0.11781748
3730.0, 0.117715135
3740.0, 0.11761298
3750.0, 0.11751103
3760.0, 0.117409274
3770.0, 0.117307715
3780.0, 0.11720636
3790.0, 0.11710519
3800.0, 0.11700423
3810.0, 0.11690346
3820.0, 0.116802886
3830.0, 0.116702504
3840.0, 0.116602324
3850.0, 0.11650234
3860.0, 0.11640254
3870.0, 0.116302945
3880.0, 0.11620353
3890.0, 0.11610431
3900.0, 0.116005294
3910.0, 0.11590647
3920.0, 0.11580783
3930.0, 0.11570939
3940.0, 0.11561113
3950.0, 0.115513064
3960.0, 0.1154152
3970.0, 0.11531751
3980.0, 0.11522002
3990.0, 0.11512271
4000.0, 0.11502561
4010.0, 0.11492868
4020.0, 0.11483195
4030.0, 0.114735395
4040.0, 0.11463904
4050.0, 0.114542864
4060.0, 0.11444688
4070.0, 0.11435108
4080.0, 0.114255466
4090.0, 0.11416004
4100.0, 0.1140648
4110.0, 0.113969736
4120.0, 0.11387487
4130.0, 0.11378018
4140.0, 0.11368568
4150.0, 0.11359136
4160.0, 0.11349723
4170.0, 0.11340327
4180.0, 0.1133095
4190.0, 0.11321591
4200.0, 0.11312251
4210.0, 0.113029286
4220.0, 0.11293624
4230.0, 0.11284338
4240.0, 0.112750694
4250.0, 0.1126582
4260.0, 0.11256588
4270.0, 0.11247374
4280.0, 0.11238178
4290.0, 0.11228999
4300.0, 0.11219839
4310.0, 0.112106964
4320.0, 0.11201572
4330.0, 0.11192464
4340.0, 0.11183375
4350.0, 0.11174303
4360.0, 0.11165249
4370.0, 0.11156213
4380.0, 0.11147194
4390.0, 0.11138193
4400.0, 0.11129209
4410.0, 0.111202426
4420.0, 0.11111294
4430.0, 0.111023635
4440.0, 0.11093449
4450.0, 0.11084553
4460.0, 0.11075673
4470.0, 0.110668115
4480.0, 0.11057966
4490.0, 0.11049139
4500.0, 0.110403284
4510.0, 0.11031535
4520.0, 0.11022759
4530.0, 0.11014
4540.0, 0.11005258
4550.0, 0.10996533
4560.0, 0.10987826
4570.0, 0.109791346
4580.0, 0.109704606
4590.0, 0.10961803
4600.0, 0.10953163
4610.0, 0.1094454
4620.0, 0.10935933
4630.0, 0.10927343
4640.0, 0.1091877
4650.0, 0.10910214
4660.0, 0.10901673
4670.0, 0.108931504
4680.0, 0.10884643
4690.0, 0.10876154
4700.0, 0.108676806
4710.0, 0.108592235
4720.0, 0.10850783
4730.0, 0.10842358
4740.0, 0.10833952
4750.0, 0.1082556
4760.0, 0.10817185
4770.0, 0.10808826
4780.0, 0.10800484
4790.0, 0.10792158
4800.0, 0.10783848
4810.0, 0.10775555
4820.0, 0.107672766
4830.0, 0.10759016
4840.0, 0.107507706
4850.0, 0.107425414
4860.0, 0.10734329
4870.0, 0.107261315
4880.0, 0.10717951
4890.0, 0.10709786
4900.0, 0.10701636
4910.0, 0.106935024
4920.0, 0.10685385
4930.0, 0.10677283
4940.0, 0.10669197
4950.0, 0.10661127
4960.0, 0.106530726
4970.0, 0.106450334
4980.0, 0.106370114
4990.0, 0.106290035
5000.0, 0.10621012
5010.0, 0.106130354
5020.0, 0.10605075
5030.0, 0.1059713
5040.0, 0.105892
5050.0, 0.10581286
5060.0, 0.10573387
5070.0, 0.10565504
5080.0, 0.10557636
5090.0, 0.10549783
5100.0, 0.105419464
5110.0, 0.10534124
5120.0, 0.10526317
5130.0, 0.105185255
5140.0, 0.10510749
5150.0, 0.10502988
5160.0, 0.104952425
5170.0, 0.10487511
5180.0, 0.10479795
5190.0, 0.10472094
5200.0, 0.10464409
5210.0, 0.10456738
5220.0, 0.104490824
5230.0, 0.10441441
5240.0, 0.104338154
5250.0, 0.10426204
5260.0, 0.10418608
5270.0, 0.10411027
5280.0, 0.1040346
5290.0, 0.10395908
5300.0, 0.10388371
5310.0, 0.10380849
5320.0, 0.10373341
5330.0, 0.10365848
5340.0, 0.1035837
5350.0, 0.10350906
5360.0, 0.10343457
5370.0, 0.10336022
5380.0, 0.10328602
5390.0, 0.10321196
5400.0, 0.103138044
5410.0, 0.103064284
5420.0, 0.10299066
5430.0, 0.10291718
5440.0, 0.102843836
5450.0, 0.10277065
5460.0, 0.102697596
5470.0, 0.102624685
5480.0, 0.102551915
5490.0, 0.102479294
5500.0, 0.102406815
5510.0, 0.10233447
5520.0, 0.102262266
5530.0, 0.10219021
5540.0, 0.10211829
5550.0, 0.10204652
5560.0, 0.10197488
5570.0, 0.10190339
5580.0, 0.10183203
5590.0, 0.10176081
5600.0, 0.10168973
5610.0, 0.10161879
5620.0, 0.10154799
5630.0, 0.101477325
5640.0, 0.101406805
5650.0, 0.10133641
5660.0, 0.10126617
5670.0, 0.10119604
5680.0, 0.101126075
5690.0, 0.10105623
5700.0, 0.10098653
5710.0, 0.10091697
5720.0, 0.100847535
5730.0, 0.100778244
5740.0, 0.10070908
5750.0, 0.10064006
5760.0, 0.10057116
5770.0, 0.10050242
5780.0, 0.1004338
5790.0, 0.1003653
5800.0, 0.10029695
5810.0, 0.100228734
5820.0, 0.10016065
5830.0, 0.100092694
5840.0, 0.10002488
5850.0, 0.09995719
5860.0, 0.099889636
5870.0, 0.099822216
5880.0, 0.09975492
5890.0, 0.09968776
5900.0, 0.09962074
5910.0, 0.09955384
5920.0, 0.09948707
5930.0, 0.099420436
5940.0, 0.09935393
5950.0, 0.099287555
5960.0, 0.09922131
5970.0, 0.099155195
5980.0, 0.099089205
5990.0, 0.09902335
6000.0, 0.09895762
6010.0, 0.09889202
6020.0, 0.09882655
6030.0, 0.0987612
6040.0, 0.098695986
6050.0, 0.0986309
6060.0, 0.098565936
6070.0, 0.0985011
6080.0, 0.09843639
6090.0, 0.09837181
6100.0, 0.098307356
6110.0, 0.09824303
6120.0, 0.09817882
6130.0, 0.09811475
6140.0, 0.098050795
6150.0, 0.09798697
6160.0, 0.09792327
6170.0, 0.09785969
6180.0, 0.09779624
6190.0, 0.09773291
6200.0, 0.097669706
6210.0, 0.09760662
6220.0, 0.097543664
6230.0, 0.097480826
6240.0, 0.097418115
6250.0, 0.09735553
6260.0, 0.097293064
6270.0, 0.09723072
6280.0, 0.09716849
6290.0, 0.09710639
6300.0, 0.097044416
6310.0, 0.09698256
6320.0, 0.09692082
6330.0, 0.09685921
6340.0, 0.09679771
6350.0, 0.09673634
6360.0, 0.09667508
6370.0, 0.09661395
6380.0, 0.09655293
6390.0, 0.09649204
6400.0, 0.09643126
6410.0, 0.0963706
6420.0, 0.096310064
6430.0, 0.09624964
6440.0, 0.09618934
6450.0, 0.09612916
6460.0, 0.0960691
6470.0, 0.09600914
6480.0, 0.095949315
6490.0, 0.0958896
6500.0, 0.09583
6510.0, 0.09577052
6520.0, 0.09571116
6530.0, 0.09565191
6540.0, 0.095592774
6550.0, 0.095533766
6560.0, 0.09547486
6570.0, 0.09541608
6580.0, 0.0953574
6590.0, 0.09529886
6600.0, 0.095240414
6610.0, 0.09518209
6620.0, 0.09512388
6630.0, 0.09506578
6640.0, 0.0950078
6650.0, 0.09494992
6660.0, 0.094892174
6670.0, 0.09483453
6680.0, 0.094776995
6690.0, 0.094719574
6700.0, 0.09466228
6710.0, 0.09460508
6720.0, 0.094548
6730.0, 0.09449103
6740.0, 0.09443417
6750.0, 0.09437743
6760.0, 0.09432079
6770.0, 0.09426427
6780.0, 0.09420785
6790.0, 0.09415156
6800.0, 0.09409536
6810.0, 0.094039276
6820.0, 0.09398331
6830.0, 0.09392744
6840.0, 0.09387169
6850.0, 0.09381604
6860.0, 0.09376051
6870.0, 0.09370509
6880.0, 0.09364977
6890.0, 0.093594566
6900.0, 0.09353946
6910.0, 0.09348447
6920.0, 0.09342958
6930.0, 0.09337481
6940.0, 0.09332014
6950.0, 0.09326558
6960.0, 0.09321112
6970.0, 0.09315677
6980.0, 0.09310254
6990.0, 0.093048394
7000.0, 0.09299436
7010.0, 0.09294044
7020.0, 0.09288662
7030.0, 0.092832915
7040.0, 0.0927793
7050.0, 0.0927258
7060.0, 0.0926724
7070.0, 0.09261911
7080.0, 0.092565924
7090.0, 0.09251284
7100.0, 0.09245986
7110.0, 0.09240699
7120.0, 0.092354216
7130.0, 0.09230155
7140.0, 0.09224898
7150.0, 0.09219652
7160.0, 0.09214416
7170.0, 0.0920919
7180.0, 0.09203975
7190.0, 0.0919877
7200.0, 0.09193575
7210.0, 0.0918839
7220.0, 0.09183215
7230.0, 0.09178051
7240.0, 0.09172897
7250.0, 0.09167753
7260.0, 0.09162618
7270.0, 0.091574945
7280.0, 0.091523804
7290.0, 0.09147277
7300.0, 0.09142183
7310.0, 0.09137099
7320.0, 0.091320254
7330.0, 0.09126961
7340.0, 0.09121907
7350.0, 0.09116863
7360.0, 0.09111828
7370.0, 0.091068044
7380.0, 0.0910179
7390.0, 0.09096786
7400.0, 0.09091791
7410.0, 0.090868056
7420.0, 0.0908183
7430.0, 0.09076865
7440.0, 0.0907191
7450.0, 0.09066963
7460.0, 0.090620264
7470.0, 0.09057101
7480.0, 0.090521835
7490.0, 0.09047276
7500.0, 0.090423785
7510.0, 0.0903749
7520.0, 0.09032613
7530.0, 0.09027743
7540.0, 0.09022884
7550.0, 0.090180345
7560.0, 0.090131946
7570.0, 0.09008364
7580.0, 0.09003542
7590.0, 0.08998731
7600.0, 0.08993929
7610.0, 0.08989136
7620.0, 0.08984352
7630.0, 0.089795776
7640.0, 0.08974813
7650.0, 0.08970058
7660.0, 0.08965312
7670.0, 0.089605756
7680.0, 0.089558475
7690.0, 0.0895113
7700.0, 0.08946421
7710.0, 0.08941722
7720.0, 0.08937031
7730.0, 0.0893235
7740.0, 0.08927678
7750.0, 0.08923016
7760.0, 0.08918362
7770.0, 0.089137174
7780.0, 0.08909082
7790.0, 0.08904456
7800.0, 0.08899839
7810.0, 0.08895231
7820.0, 0.08890632
7830.0, 0.088860415
7840.0, 0.08881461
7850.0, 0.08876889
7860.0, 0.088723265
7870.0, 0.08867773
7880.0, 0.08863227
7890.0, 0.08858691
7900.0, 0.088541634
7910.0, 0.088496454
7920.0, 0.08845136
7930.0, 0.08840636
7940.0, 0.088361435
7950.0, 0.08831661
7960.0, 0.08827187
7970.0, 0.08822721
7980.0, 0.08818266
7990.0, 0.08813818
8000.0, 0.08809379
8010.0, 0.08804948
8020.0, 0.08800527
8030.0, 0.087961145
8040.0, 0.087917104
8050.0, 0.087873146
8060.0, 0.08782927
8070.0, 0.0877855
8080.0, 0.0877418
8090.0, 0.087698184
8100.0, 0.087654665
8110.0, 0.08761122
8120.0, 0.087567866
8130.0, 0.0875246
8140.0, 0.08748141
8150.0, 0.08743832
8160.0, 0.08739531
8170.0, 0.08735237
8180.0, 0.08730953
8190.0, 0.08726677
8200.0, 0.087224096
8210.0, 0.0871815
8220.0, 0.08713899
8230.0, 0.087096564
8240.0, 0.08705422
8250.0, 0.08701197
8260.0, 0.08696979
8270.0, 0.0869277
8280.0, 0.08688569
8290.0, 0.086843766
8300.0, 0.08680192
8310.0, 0.086760156
8320.0, 0.08671848
8330.0, 0.08667688
8340.0, 0.08663536
8350.0, 0.086593926
8360.0, 0.086552575
8370.0, 0.08651131
8380.0, 0.08647011
8390.0, 0.08642901
8400.0, 0.08638798
8410.0, 0.08634703
8420.0, 0.08630616
8430.0, 0.08626538
8440.0, 0.08622467
8450.0, 0.08618404
8460.0, 0.08614349
8470.0, 0.08610303
8480.0, 0.08606264
8490.0, 0.08602233
8500.0, 0.0859821
8510.0, 0.085941955
8520.0, 0.085901886
8530.0, 0.0858619
8540.0, 0.08582198
8550.0, 0.08578215
8560.0, 0.08574239
8570.0, 0.08570271
8580.0, 0.08566311
8590.0, 0.08562359
8600.0, 0.085584156
8610.0, 0.08554479
8620.0, 0.08550549
8630.0, 0.08546629
8640.0, 0.08542715
8650.0, 0.0853881
8660.0, 0.08534911
8670.0, 0.08531021
8680.0, 0.08527138
8690.0, 0.08523264
8700.0, 0.08519396
8710.0, 0.08515537
8720.0, 0.08511684
8730.0, 0.085078396
8740.0, 0.085040025
8750.0, 0.08500174
8760.0, 0.084963515
8770.0, 0.08492537
8780.0, 0.0848873
8790.0, 0.084849305
8800.0, 0.0848114
8810.0, 0.08477355
8820.0, 0.08473577
8830.0, 0.08469808
8840.0, 0.08466046
8850.0, 0.08462291
8860.0, 0.084585436
8870.0, 0.08454804
8880.0, 0.084510714
8890.0, 0.08447347
8900.0, 0.08443628
8910.0, 0.08439918
8920.0, 0.08436215
8930.0, 0.084325194
8940.0, 0.0842883
8950.0, 0.084251486
8960.0, 0.08421475
8970.0, 0.084178075
8980.0, 0.084141485
8990.0, 0.084104955
9000.0, 0.08406851
9010.0, 0.084032126
9020.0, 0.08399581
9030.0, 0.08395958
9040.0, 0.083923414
9050.0, 0.08388732
9060.0, 0.083851285
9070.0, 0.08381534
9080.0, 0.083779454
9090.0, 0.08374365
9100.0, 0.08370791
9110.0, 0.08367223
9120.0, 0.083636634
9130.0, 0.0836011
9140.0, 0.083565645
9150.0, 0.083530255
9160.0, 0.08349493
9170.0, 0.08345968
9180.0, 0.0834245
9190.0, 0.08338939
9200.0, 0.083354354
9210.0, 0.08331937
9220.0, 0.08328447
9230.0, 0.08324964
9240.0, 0.08321487
9250.0, 0.083180174
9260.0, 0.08314554
9270.0, 0.08311097
9280.0, 0.08307649
9290.0, 0.083042055
9300.0, 0.0830077
9310.0, 0.08297341
9320.0, 0.082939185
9330.0, 0.08290503
9340.0, 0.08287095
9350.0, 0.082836926
9360.0, 0.08280297
9370.0, 0.08276908
9380.0, 0.08273527
9390.0, 0.08270151
9400.0, 0.08266783
9410.0, 0.0826342
9420.0, 0.08260065
9430.0, 0.08256717
9440.0, 0.08253374
9450.0, 0.08250039
9460.0, 0.0824671
9470.0, 0.08243388
9480.0, 0.082400724
9490.0, 0.08236762
9500.0, 0.0823346
9510.0, 0.08230164
9520.0, 0.08226874
9530.0, 0.0822359
9540.0, 0.082203135
9550.0, 0.082170434
9560.0, 0.08213779
9570.0, 0.08210522
9580.0, 0.082072705
9590.0, 0.08204026
9600.0, 0.08200788
9610.0, 0.08197556
9620.0, 0.08194331
9630.0, 0.08191112
9640.0, 0.08187899
9650.0, 0.08184693
9660.0, 0.08181492
9670.0, 0.08178299
9680.0, 0.081751116
9690.0, 0.0817193
9700.0, 0.08168755
9710.0, 0.08165587
9720.0, 0.08162425
9730.0, 0.08159268
9740.0, 0.081561185
9750.0, 0.081529744
9760.0, 0.08149836
9770.0, 0.081467055
9780.0, 0.08143581
9790.0, 0.08140461
9800.0, 0.08137348
9810.0, 0.08134242
9820.0, 0.08131141
9830.0, 0.08128047
9840.0, 0.08124959
9850.0, 0.08121877
9860.0, 0.08118801
9870.0, 0.081157304
9880.0, 0.08112667
9890.0, 0.08109608
9900.0, 0.081065565
9910.0, 0.08103511
9920.0, 0.08100471
9930.0, 0.08097437
9940.0, 0.0809441
9950.0, 0.08091387
9960.0, 0.08088372
9970.0, 0.08085361
9980.0, 0.08082357
9990.0, 0.08079359
10000.0, 0.08076367
10010.0, 0.08073381
10020.0, 0.080704
10030.0, 0.08067426
10040.0, 0.08064457
10050.0, 0.08061495
10060.0, 0.080585375
10070.0, 0.08055586
10080.0, 0.08052641
10090.0, 0.08049703
10100.0, 0.080467686
10110.0, 0.080438405
10120.0, 0.080409184
10130.0, 0.08038002
10140.0, 0.08035091
10150.0, 0.08032187
10160.0, 0.08029288
10170.0, 0.08026394
10180.0, 0.080235064
10190.0, 0.080206245
10200.0, 0.080177486
10210.0, 0.08014878
10220.0, 0.08012013
10230.0, 0.080091536
10240.0, 0.080063
10250.0, 0.080034524
10260.0, 0.08000611
10270.0, 0.07997774
10280.0, 0.07994942
10290.0, 0.07992117
10300.0, 0.07989298
10310.0, 0.07986483
10320.0, 0.07983674
10330.0, 0.07980871
10340.0, 0.079780735
10350.0, 0.07975281
10360.0, 0.07972495
10370.0, 0.07969713
10380.0, 0.07966938
10390.0, 0.07964167
10400.0, 0.07961403
10410.0, 0.07958643
10420.0, 0.0795589
10430.0, 0.07953142
10440.0, 0.07950399
10450.0, 0.07947661
10460.0, 0.07944929
10470.0, 0.07942203
10480.0, 0.07939481
10490.0, 0.07936765
10500.0, 0.07934055
10510.0, 0.079313494
10520.0, 0.0792865
10530.0, 0.07925955
10540.0, 0.07923266
10550.0, 0.079205826
10560.0, 0.07917904
10570.0, 0.0791523
10580.0, 0.07912563
10590.0, 0.079099
10600.0, 0.07907242
10610.0, 0.0790459
10620.0, 0.07901943
10630.0, 0.07899301
10640.0, 0.07896665
10650.0, 0.07894034
10660.0, 0.078914076
10670.0, 0.078887865
10680.0, 0.078861706
10690.0, 0.07883561
10700.0, 0.07880955
10710.0, 0.07878355
10720.0, 0.0787576
10730.0, 0.0787317
10740.0, 0.07870585
10750.0, 0.078680046
10760.0, 0.07865431
10770.0, 0.07862861
10780.0, 0.07860297
10790.0, 0.07857738
10800.0, 0.07855183
10810.0, 0.07852633
10820.0, 0.0785009
10830.0, 0.078475505
10840.0, 0.078450166
10850.0, 0.07842487
10860.0, 0.07839963
10870.0, 0.07837444
10880.0, 0.07834929
10890.0, 0.078324206
10900.0, 0.07829916
10910.0, 0.07827417
10920.0, 0.078249216
10930.0, 0.07822432
10940.0, 0.07819948
10950.0, 0.07817469
10960.0, 0.07814994
10970.0, 0.07812524
10980.0, 0.07810059
10990.0, 0.078076
11000.0, 0.07805144
11010.0, 0.078026935
11020.0, 0.078002475
11030.0, 0.077978075
11040.0, 0.07795371
11050.0, 0.07792941
11060.0, 0.07790515
11070.0, 0.077880934
11080.0, 0.077856764
11090.0, 0.077832654
11100.0, 0.077808574
11110.0, 0.07778456
11120.0, 0.07776058
11130.0, 0.07773665
11140.0, 0.077712774
11150.0, 0.07768894
11160.0, 0.07766515
11170.0, 0.07764141
11180.0, 0.07761772
11190.0, 0.07759408
11200.0, 0.077570476
11210.0, 0.077546924
11220.0, 0.07752342
11230.0, 0.07749996
11240.0, 0.077476546
11250.0, 0.07745318
11260.0, 0.07742986
11270.0, 0.07740659
11280.0, 0.07738336
11290.0, 0.07736018
11300.0, 0.07733705
11310.0, 0.07731396
11320.0, 0.077290915
11330.0, 0.077267915
11340.0, 0.07724496
11350.0, 0.07722205
11360.0, 0.07719919
11370.0, 0.07717638
11380.0, 0.0771536
11390.0, 0.07713087
11400.0, 0.0771082
11410.0, 0.077085555
11420.0, 0.077062964
11430.0, 0.07704042
11440.0, 0.07701791
11450.0, 0.076995455
11460.0, 0.076973036
11470.0, 0.07695067
11480.0, 0.07692835
11490.0, 0.07690607
11500.0, 0.07688383
11510.0, 0.076861635
11520.0, 0.076839484
11530.0, 0.07681738
11540.0, 0.076795325
11550.0, 0.0767733
11560.0, 0.07675133
11570.0, 0.076729394
11580.0, 0.07670751
11590.0, 0.07668567
11600.0, 0.07666387
11610.0, 0.07664211
11620.0, 0.0766204
11630.0, 0.076598726
11640.0, 0.07657709
11650.0, 0.07655551
11660.0, 0.076533966
11670.0, 0.07651247
11680.0, 0.076491006
11690.0, 0.0764696
11700.0, 0.07644822
11710.0, 0.07642689
11720.0, 0.0764056
11730.0, 0.07638436
11740.0, 0.076363154
11750.0, 0.076341994
11760.0, 0.07632087
11770.0, 0.076299794
11780.0, 0.07627876
11790.0, 0.07625776
11800.0, 0.07623681
11810.0, 0.07621589
11820.0, 0.076195024
11830.0, 0.07617419
11840.0, 0.076153405
11850.0, 0.07613266
11860.0, 0.07611196
11870.0, 0.0760913
11880.0, 0.07607067
11890.0, 0.07605009
11900.0, 0.07602954
11910.0, 0.07600904
11920.0, 0.075988576
11930.0, 0.07596816
11940.0, 0.07594778
11950.0, 0.075927444
11960.0, 0.07590714
11970.0, 0.07588689
11980.0, 0.07586666
11990.0, 0.075846486
12000.0, 0.07582635
12010.0, 0.075806245
12020.0, 0.075786196
12030.0, 0.075766176
12040.0, 0.07574619
12050.0, 0.075726256
12060.0, 0.07570635
12070.0, 0.07568649
12080.0, 0.07566667
12090.0, 0.07564689
12100.0, 0.07562714
12110.0, 0.07560744
12120.0, 0.07558778
12130.0, 0.075568154
12140.0, 0.07554856
12150.0, 0.07552902
12160.0, 0.0755095
12170.0, 0.075490035
12180.0, 0.0754706
12190.0, 0.07545121
12200.0, 0.07543185
12210.0, 0.075412534
12220.0, 0.07539326
12230.0, 0.075374015
12240.0, 0.07535481
12250.0, 0.075335644
12260.0, 0.07531652
12270.0, 0.07529743
12280.0, 0.07527838
12290.0, 0.07525937
12300.0, 0.075240396
12310.0, 0.07522146
12320.0, 0.075202554
12330.0, 0.07518369
12340.0, 0.07516487
12350.0, 0.07514608
12360.0, 0.075127326
12370.0, 0.07510861
12380.0, 0.07508994
12390.0, 0.0750713
12400.0, 0.07505269
12410.0, 0.07503413
12420.0, 0.0750156
12430.0, 0.074997105
12440.0, 0.07497866
12450.0, 0.07496023
12460.0, 0.07494185
12470.0, 0.07492351
12480.0, 0.074905194
12490.0, 0.07488692
12500.0, 0.07486869
12510.0, 0.074850485
12520.0, 0.07483233
12530.0, 0.07481419
12540.0, 0.074796095
12550.0, 0.07477804
12560.0, 0.07476002
12570.0, 0.074742034
12580.0, 0.074724086
12590.0, 0.074706174
12600.0, 0.07468829
12610.0, 0.07467045
12620.0, 0.07465264
12630.0, 0.074634865
12640.0, 0.07461713
12650.0, 0.07459943
12660.0, 0.074581765
12670.0, 0.07456413
12680.0, 0.07454653
12690.0, 0.07452898
12700.0, 0.07451144
12710.0, 0.074493945
12720.0, 0.074476495
12730.0, 0.07445907
12740.0, 0.07444168
12750.0, 0.07442433
12760.0, 0.074407004
12770.0, 0.07438972
12780.0, 0.07437247
12790.0, 0.07435525
12800.0, 0.07433807
12810.0, 0.07432092
12820.0, 0.074303806
12830.0, 0.07428672
12840.0, 0.07426968
12850.0, 0.074252665
12860.0, 0.074235685
12870.0, 0.074218735
12880.0, 0.07420183
12890.0, 0.07418495
12900.0, 0.0741681
12910.0, 0.07415129
12920.0, 0.074134514
12930.0, 0.074117765
12940.0, 0.07410105
12950.0, 0.07408437
12960.0, 0.074067734
12970.0, 0.07405112
12980.0, 0.07403454
12990.0, 0.074017994
13000.0, 0.07400148
13010.0, 0.073985
13020.0, 0.07396855
13030.0, 0.07395213
13040.0, 0.07393575
13050.0, 0.07391939
13060.0, 0.07390308
13070.0, 0.07388679
13080.0, 0.07387054
13090.0, 0.07385432
13100.0, 0.07383813
13110.0, 0.07382197
13120.0, 0.073805846
13130.0, 0.07378975
13140.0, 0.0737737
13150.0, 0.07375766
13160.0, 0.07374167
13170.0, 0.0737257
13180.0, 0.07370976
13190.0, 0.073693864
13200.0, 0.073677994
13210.0, 0.073662154
13220.0, 0.073646344
13230.0, 0.07363057
13240.0, 0.07361483
13250.0, 0.07359911
13260.0, 0.07358343
13270.0, 0.07356778
13280.0, 0.073552154
13290.0, 0.07353657
13300.0, 0.073521
13310.0, 0.07350548
13320.0, 0.07348999
13330.0, 0.07347452
13340.0, 0.07345908
13350.0, 0.07344367
13360.0, 0.0734283
13370.0, 0.073412955
13380.0, 0.073397644
13390.0, 0.07338236
13400.0, 0.073367104
13410.0, 0.07335189
13420.0, 0.07333669
13430.0, 0.07332153
13440.0, 0.0733064
13450.0, 0.073291294
13460.0, 0.07327622
13470.0, 0.07326119
13480.0, 0.07324617
13490.0, 0.07323119
13500.0, 0.07321624
13510.0, 0.07320131
13520.0, 0.07318642
13530.0, 0.073171556
13540.0, 0.07315672
13550.0, 0.07314192
13560.0, 0.07312714
13570.0, 0.0731124
13580.0, 0.073097676
13590.0, 0.07308299
13600.0, 0.073068336
13610.0, 0.0730537
13620.0, 0.0730391
13630.0, 0.07302453
13640.0, 0.07300999
13650.0, 0.07299548
13660.0, 0.07298099
13670.0, 0.07296653
13680.0, 0.07295211
13690.0, 0.072937705
13700.0, 0.07292334
13710.0, 0.072909
13720.0, 0.072894685
13730.0, 0.072880395
13740.0, 0.07286614
13750.0, 0.07285191
13760.0, 0.07283772
13770.0, 0.07282355
13780.0, 0.0728094
13790.0, 0.07279529
13800.0, 0.0727812
13810.0, 0.07276714
13820.0, 0.07275311
13830.0, 0.0727391
13840.0, 0.072725125
13850.0, 0.07271118
13860.0, 0.07269726
13870.0, 0.072683364
13880.0, 0.0726695
13890.0, 0.07265566
13900.0, 0.07264185
13910.0, 0.07262807
13920.0, 0.07261431
13930.0, 0.07260059
13940.0, 0.07258689
13950.0, 0.072573215
13960.0, 0.072559565
13970.0, 0.072545946
13980.0, 0.072532356
13990.0, 0.07251879
14000.0, 0.07250525
14010.0, 0.07249174
14020.0, 0.07247826
14030.0, 0.0724648
14040.0, 0.07245137
14050.0, 0.072437964
14060.0, 0.07242458
14070.0, 0.07241123
14080.0, 0.07239791
14090.0, 0.07238461
14100.0, 0.07237134
14110.0, 0.072358094
14120.0, 0.07234488
14130.0, 0.07233168
14140.0, 0.07231852
14150.0, 0.072305374
14160.0, 0.07229226
14170.0, 0.07227917
14180.0, 0.07226611
14190.0, 0.07225308
14200.0, 0.07224006
14210.0, 0.072227076
14220.0, 0.07221412
14230.0, 0.072201185
14240.0, 0.07218828
14250.0, 0.0721754
14260.0, 0.07216254
14270.0, 0.07214971
14280.0, 0.07213691
14290.0, 0.07212412
14300.0, 0.072111376
14310.0, 0.07209864
14320.0, 0.07208594
14330.0, 0.07207326
14340.0, 0.07206061
14350.0, 0.07204798
14360.0, 0.07203538
14370.0, 0.072022796
14380.0, 0.07201025
14390.0, 0.07199772
14400.0, 0.071985215
14410.0, 0.071972735
14420.0, 0.071960285
14430.0, 0.07194786
14440.0, 0.07193545
14450.0, 0.07192307
14460.0, 0.07191072
14470.0, 0.071898386
14480.0, 0.07188608
14490.0, 0.0718738
14500.0, 0.07186154
14510.0, 0.07184931
14520.0, 0.0718371
14530.0, 0.071824916
14540.0, 0.07181276
14550.0, 0.07180062
14560.0, 0.07178851
14570.0, 0.07177642
14580.0, 0.07176436
14590.0, 0.07175232
14600.0, 0.0717403
14610.0, 0.07172831
14620.0, 0.071716346
14630.0, 0.0717044
14640.0, 0.07169248
14650.0, 0.07168058
14660.0, 0.071668714
14670.0, 0.07165686
14680.0, 0.07164504
14690.0, 0.071633235
14700.0, 0.071621455
14710.0, 0.0716097
14720.0, 0.07159797
14730.0, 0.07158626
14740.0, 0.071574576
14750.0, 0.07156291
14760.0, 0.07155127
14770.0, 0.071539655
14780.0, 0.07152806
14790.0, 0.07151649
14800.0, 0.07150494
14810.0, 0.071493424
14820.0, 0.07148192
14830.0, 0.07147044
14840.0, 0.07145899
14850.0, 0.07144756
14860.0, 0.071436144
14870.0, 0.07142476
14880.0, 0.0714134
14890.0, 0.07140205
14900.0, 0.07139073
14910.0, 0.07137944
14920.0, 0.071368165
14930.0, 0.07135691
14940.0, 0.07134568
14950.0, 0.071334474
14960.0, 0.07132329
14970.0, 0.07131212
14980.0, 0.07130098
14990.0, 0.07128987
15000.0, 0.071278766
15010.0, 0.071267694
15020.0, 0.071256645
15030.0, 0.07124561
15040.0, 0.071234606
15050.0, 0.07122362
15060.0, 0.07121266
15070.0, 0.07120171
15080.0, 0.07119079
15090.0, 0.07117989
15100.0, 0.07116901
15110.0, 0.071158156
15120.0, 0.07114732
15130.0, 0.071136504
15140.0, 0.071125716
15150.0, 0.07111495
15160.0, 0.0711042
15170.0, 0.07109348
15180.0, 0.07108277
15190.0, 0.07107208
15200.0, 0.07106142
15210.0, 0.07105077
15220.0, 0.07104015
15230.0, 0.07102956
15240.0, 0.07101898
15250.0, 0.071008414
15260.0, 0.07099788
15270.0, 0.070987366
15280.0, 0.070976876
15290.0, 0.0709664
15300.0, 0.07095595
15310.0, 0.07094551
15320.0, 0.0709351
15330.0, 0.07092471
15340.0, 0.070914336
15350.0, 0.07090399
15360.0, 0.07089366
15370.0, 0.07088335
15380.0, 0.07087307
15390.0, 0.07086279
15400.0, 0.07085255
15410.0, 0.07084232
15420.0, 0.07083211
15430.0, 0.070821926
15440.0, 0.07081176
15450.0, 0.070801616
15460.0, 0.07079149
15470.0, 0.07078139
15480.0, 0.0707713
15490.0, 0.07076123
15500.0, 0.07075119
15510.0, 0.07074117
15520.0, 0.07073116
15530.0, 0.07072117
15540.0, 0.07071121
15550.0, 0.070701264
15560.0, 0.07069134
15570.0, 0.07068143
15580.0, 0.07067155
15590.0, 0.07066168
15600.0, 0.07065183
15610.0, 0.07064201
15620.0, 0.0706322
15630.0, 0.07062241
15640.0, 0.07061264
15650.0, 0.070602894
15660.0, 0.07059316
15670.0, 0.07058345
15680.0, 0.07057376
15690.0, 0.070564084
15700.0, 0.070554435
15710.0, 0.070544794
15720.0, 0.07053518
15730.0, 0.07052559
15740.0, 0.07051601
15750.0, 0.07050645
15760.0, 0.07049692
15770.0, 0.070487395
15780.0, 0.070477895
15790.0, 0.07046841
15800.0, 0.07045895
15810.0, 0.07044951
15820.0, 0.070440084
15830.0, 0.07043068
15840.0, 0.07042129
15850.0, 0.07041192
15860.0, 0.07040257
15870.0, 0.070393234
15880.0, 0.07038393
15890.0, 0.07037463
15900.0, 0.070365354
15910.0, 0.07035609
15920.0, 0.070346855
15930.0, 0.07033764
15940.0, 0.07032844
15950.0, 0.07031925
15960.0, 0.070310086
15970.0, 0.07030094
15980.0, 0.07029181
15990.0, 0.0702827
16000.0, 0.0702736
16010.0, 0.070264526
16020.0, 0.07025547
16030.0, 0.070246436
16040.0, 0.070237406
16050.0, 0.070228405
16060.0, 0.07021942
16070.0, 0.07021046
16080.0, 0.0702015
16090.0, 0.070192575
16100.0, 0.07018366
16110.0, 0.07017476
16120.0, 0.07016589
16130.0, 0.07015702
16140.0, 0.07014818
16150.0, 0.070139356
16160.0, 0.07013055
16170.0, 0.07012176
16180.0, 0.07011298
16190.0, 0.07010423
16200.0, 0.070095494
16210.0, 0.07008677
16220.0, 0.07007807
16230.0, 0.07006938
16240.0, 0.070060715
16250.0, 0.07005206
16260.0, 0.07004343
16270.0, 0.07003481
16280.0, 0.07002621
16290.0, 0.07001763
16300.0, 0.07000906
16310.0, 0.070000514
16320.0, 0.06999198
16330.0, 0.06998347
16340.0, 0.06997497
16350.0, 0.06996649
16360.0, 0.069958024
16370.0, 0.069949575
16380.0, 0.06994115
16390.0, 0.06993273
16400.0, 0.06992434
16410.0, 0.06991596
16420.0, 0.06990759
16430.0, 0.069899246
16440.0, 0.06989092
16450.0, 0.0698826
16460.0, 0.0698743
16470.0, 0.069866024
16480.0, 0.06985776
16490.0, 0.06984951
16500.0, 0.06984128
16510.0, 0.06983307
16520.0, 0.06982487
16530.0, 0.069816686
16540.0, 0.06980852
16550.0, 0.06980037
16560.0, 0.06979224
16570.0, 0.06978412
16580.0, 0.06977602
16590.0, 0.06976794
16600.0, 0.06975987
16610.0, 0.069751814
16620.0, 0.069743775
16630.0, 0.06973576
16640.0, 0.06972775
16650.0, 0.06971976
16660.0, 0.06971179
16670.0, 0.06970383
16680.0, 0.06969589
16690.0, 0.06968797
16700.0, 0.06968006
16710.0, 0.06967216
16720.0, 0.069664285
16730.0, 0.069656424
16740.0, 0.06964858
16750.0, 0.06964074
16760.0, 0.06963293
16770.0, 0.06962513
16780.0, 0.069617346
16790.0, 0.069609575
16800.0, 0.06960183
16810.0, 0.069594085
16820.0, 0.06958636
16830.0, 0.069578655
16840.0, 0.069570966
16850.0, 0.069563285
16860.0, 0.069555625
16870.0, 0.06954798
16880.0, 0.06954035
16890.0, 0.06953273
16900.0, 0.06952513
16910.0, 0.069517545
16920.0, 0.069509976
16930.0, 0.06950242
16940.0, 0.06949488
16950.0, 0.069487356
16960.0, 0.069479845
16970.0, 0.06947235
16980.0, 0.06946487
16990.0, 0.069457404
17000.0, 0.069449954
17010.0, 0.06944252
17020.0, 0.0694351
17030.0, 0.06942769
17040.0, 0.0694203
17050.0, 0.069412924
17060.0, 0.06940556
17070.0, 0.06939821
17080.0, 0.06939088
17090.0, 0.06938356
17100.0, 0.06937626
17110.0, 0.069368966
17120.0, 0.069361694
17130.0, 0.06935444
17140.0, 0.06934719
17150.0, 0.06933996
17160.0, 0.06933274
17170.0, 0.069325544
17180.0, 0.069318354
17190.0, 0.06931118
17200.0, 0.06930402
17210.0, 0.069296874
17220.0, 0.069289744
17230.0, 0.06928263
17240.0, 0.06927552
17250.0, 0.069268435
17260.0, 0.069261365
17270.0, 0.0692543
17280.0, 0.06924726
17290.0, 0.06924022
17300.0, 0.0692332
17310.0, 0.069226205
17320.0, 0.06921921
17330.0, 0.069212236
17340.0, 0.06920528
17350.0, 0.069198325
17360.0, 0.06919139
17370.0, 0.06918447
17380.0, 0.06917756
17390.0, 0.06917067
17400.0, 0.06916379
17410.0, 0.06915692
17420.0, 0.069150075
17430.0, 0.069143236
17440.0, 0.06913641
17450.0, 0.0691296
17460.0, 0.0691228
17470.0, 0.06911601
17480.0, 0.069109246
17490.0, 0.06910249
17500.0, 0.069095746
17510.0, 0.06908901
17520.0, 0.0690823
17530.0, 0.06907559
17540.0, 0.0690689
17550.0, 0.069062226
17560.0, 0.069055565
17570.0, 0.06904891
17580.0, 0.06904227
17590.0, 0.06903565
17600.0, 0.06902904
17610.0, 0.06902244
17620.0, 0.06901586
17630.0, 0.06900929
17640.0, 0.06900273
17650.0, 0.06899618
17660.0, 0.06898965
17670.0, 0.06898314
17680.0, 0.068976626
17690.0, 0.06897014
17700.0, 0.068963654
17710.0, 0.06895719
17720.0, 0.068950735
17730.0, 0.06894429
17740.0, 0.06893786
17750.0, 0.068931445
17760.0, 0.068925045
17770.0, 0.06891865
17780.0, 0.068912275
17790.0, 0.06890591
17800.0, 0.06889956
17810.0, 0.068893224
17820.0, 0.06888689
17830.0, 0.06888058
17840.0, 0.06887428
17850.0, 0.06886799
17860.0, 0.068861715
17870.0, 0.06885545
17880.0, 0.0688492
17890.0, 0.068842955
17900.0, 0.06883673
17910.0, 0.06883052
17920.0, 0.06882431
17930.0, 0.06881812
17940.0, 0.068811946
17950.0, 0.068805784
17960.0, 0.06879963
17970.0, 0.06879349
17980.0, 0.06878736
17990.0, 0.06878124
18000.0, 0.06877514
18010.0, 0.068769045
18020.0, 0.06876297
18030.0, 0.0687569
18040.0, 0.06875084
18050.0, 0.0687448
18060.0, 0.06873877
18070.0, 0.06873275
18080.0, 0.06872675
18090.0, 0.06872075
18100.0, 0.06871477
18110.0, 0.0687088
18120.0, 0.06870284
18130.0, 0.06869689
18140.0, 0.06869095
18150.0, 0.068685025
18160.0, 0.06867912
18170.0, 0.068673216
18180.0, 0.06866733
18190.0, 0.06866145
18200.0, 0.06865559
18210.0, 0.06864973
18220.0, 0.06864389
18230.0, 0.06863806
18240.0, 0.068632245
18250.0, 0.06862643
18260.0, 0.06862064
18270.0, 0.068614855
18280.0, 0.06860908
18290.0, 0.06860332
18300.0, 0.06859758
18310.0, 0.06859184
18320.0, 0.06858611
18330.0, 0.0685804
18340.0, 0.06857469
18350.0, 0.068569
18360.0, 0.06856332
18370.0, 0.06855765
18380.0, 0.068551995
18390.0, 0.06854635
18400.0, 0.06854071
18410.0, 0.06853508
18420.0, 0.06852947
18430.0, 0.06852387
18440.0, 0.06851827
18450.0, 0.0685127
18460.0, 0.06850713
18470.0, 0.06850157
18480.0, 0.068496026
18490.0, 0.06849049
18500.0, 0.06848496
18510.0, 0.06847945
18520.0, 0.06847395
18530.0, 0.06846846
18540.0, 0.068462975
18550.0, 0.06845751
18560.0, 0.06845205
18570.0, 0.0684466
18580.0, 0.06844116
18590.0, 0.068435736
18600.0, 0.06843033
18610.0, 0.06842492
18620.0, 0.06841952
18630.0, 0.06841414
18640.0, 0.068408765
18650.0, 0.06840341
18660.0, 0.06839806
18670.0, 0.06839272
18680.0, 0.06838739
18690.0, 0.06838207
18700.0, 0.06837676
18710.0, 0.06837146
18720.0, 0.06836618
18730.0, 0.068360895
18740.0, 0.068355635
18750.0, 0.068350375
18760.0, 0.06834513
18770.0, 0.0683399
18780.0, 0.06833467
18790.0, 0.06832945
18800.0, 0.06832425
18810.0, 0.06831906
18820.0, 0.068313874
18830.0, 0.0683087
18840.0, 0.06830354
18850.0, 0.06829839
18860.0, 0.06829325
18870.0, 0.06828812
18880.0, 0.06828299
18890.0, 0.06827788
18900.0, 0.068272784
18910.0, 0.068267696
18920.0, 0.068262614
18930.0, 0.06825754
18940.0, 0.06825248
18950.0, 0.06824743
18960.0, 0.06824239
18970.0, 0.068237364
18980.0, 0.06823234
18990.0, 0.068227336
19000.0, 0.06822234
19010.0, 0.068217345
19020.0, 0.06821237
19030.0, 0.0682074
19040.0, 0.068202436
19050.0, 0.06819748
19060.0, 0.06819254
19070.0, 0.06818761
19080.0, 0.06818269
19090.0, 0.06817778
19100.0, 0.06817288
19110.0, 0.06816799
19120.0, 0.068163104
19130.0, 0.06815823
19140.0, 0.068153374
19150.0, 0.068148516
19160.0, 0.06814368
19170.0, 0.068138845
19180.0, 0.06813402
19190.0, 0.06812921
19200.0, 0.0681244
19210.0, 0.06811961
19220.0, 0.068114825
19230.0, 0.06811005
19240.0, 0.06810528
19250.0, 0.06810053
19260.0, 0.06809577
19270.0, 0.068091035
19280.0, 0.06808631
19290.0, 0.068081595
19300.0, 0.068076886
19310.0, 0.068072185
19320.0, 0.06806749
19330.0, 0.06806281
19340.0, 0.06805814
19350.0, 0.06805348
19360.0, 0.06804882
19370.0, 0.06804418
19380.0, 0.068039544
19390.0, 0.06803492
19400.0, 0.0680303
19410.0, 0.06802569
19420.0, 0.0680211
19430.0, 0.06801651
19440.0, 0.068011925
19450.0, 0.06800736
19460.0, 0.0680028
19470.0, 0.067998245
19480.0, 0.0679937
19490.0, 0.06798916
19500.0, 0.06798464
19510.0, 0.067980126
19520.0, 0.06797562
19530.0, 0.06797112
19540.0, 0.06796663
19550.0, 0.06796215
19560.0, 0.06795768
19570.0, 0.067953214
19580.0, 0.067948766
19590.0, 0.06794432
19600.0, 0.06793988
19610.0, 0.06793545
19620.0, 0.06793103
19630.0, 0.06792663
19640.0, 0.06792223
19650.0, 0.06791784
19660.0, 0.06791345
19670.0, 0.06790908
19680.0, 0.06790471
19690.0, 0.06790035
19700.0, 0.06789601
19710.0, 0.06789167
19720.0, 0.067887336
19730.0, 0.067883015
19740.0, 0.0678787
19750.0, 0.067874394
19760.0, 0.0678701
19770.0, 0.06786581
19780.0, 0.067861535
19790.0, 0.067857265
19800.0, 0.067853004
19810.0, 0.06784875
19820.0, 0.0678445
19830.0, 0.06784026
19840.0, 0.06783604
19850.0, 0.06783182
19860.0, 0.067827605
19870.0, 0.0678234
19880.0, 0.06781921
19890.0, 0.06781502
19900.0, 0.06781085
19910.0, 0.067806676
19920.0, 0.06780251
19930.0, 0.06779836
19940.0, 0.06779422
19950.0, 0.067790076
19960.0, 0.06778595
19970.0, 0.06778183
19980.0, 0.067777716
19990.0, 0.06777362
20000.0, 0.06776952
20010.0, 0.06776543
20020.0, 0.067761354
20030.0, 0.067757286
20040.0, 0.06775322
20050.0, 0.067749165
20060.0, 0.06774512
20070.0, 0.06774108
20080.0, 0.06773705
20090.0, 0.06773303
20100.0, 0.06772901
20110.0, 0.067725
20120.0, 0.06772101
20130.0, 0.067717016
20140.0, 0.06771304
20150.0, 0.06770906
20160.0, 0.067705095
20170.0, 0.06770113
20180.0, 0.06769718
20190.0, 0.06769324
20200.0, 0.06768931
20210.0, 0.06768538
20220.0, 0.06768146
20230.0, 0.06767755
20240.0, 0.067673646
20250.0, 0.06766975
20260.0, 0.06766586
20270.0, 0.06766198
20280.0, 0.06765811
20290.0, 0.067654245
20300.0, 0.067650385
20310.0, 0.06764653
20320.0, 0.06764269
20330.0, 0.06763886
20340.0, 0.06763503
20350.0, 0.067631215
20360.0, 0.0676274
20370.0, 0.0676236
20380.0, 0.0676198
20390.0, 0.067616016
20400.0, 0.06761223
20410.0, 0.06760846
20420.0, 0.0676047
20430.0, 0.067600936
20440.0, 0.06759718
20450.0, 0.06759344
20460.0, 0.06758971
20470.0, 0.067585975
20480.0, 0.06758225
20490.0, 0.06757854
20500.0, 0.06757483
20510.0, 0.06757113
20520.0, 0.06756744
20530.0, 0.06756376
20540.0, 0.067560084
20550.0, 0.06755641
20560.0, 0.06755275
20570.0, 0.067549095
20580.0, 0.06754545
20590.0, 0.06754181
20600.0, 0.06753817
20610.0, 0.06753455
20620.0, 0.06753093
20630.0, 0.06752732
20640.0, 0.06752372
20650.0, 0.06752012
20660.0, 0.06751653
20670.0, 0.067512944
20680.0, 0.06750937
20690.0, 0.0675058
20700.0, 0.06750224
20710.0, 0.067498684
20720.0, 0.06749514
20730.0, 0.0674916
20740.0, 0.06748807
20750.0, 0.06748454
20760.0, 0.06748102
20770.0, 0.06747751
20780.0, 0.067474
20790.0, 0.067470506
20800.0, 0.06746702
20810.0, 0.06746353
20820.0, 0.06746006
20830.0, 0.06745659
20840.0, 0.06745312
20850.0, 0.06744967
20860.0, 0.06744622
20870.0, 0.067442775
20880.0, 0.06743934
20890.0, 0.067435905
20900.0, 0.067432486
20910.0, 0.06742907
20920.0, 0.06742567
20930.0, 0.06742226
20940.0, 0.067418866
20950.0, 0.06741548
20960.0, 0.0674121
20970.0, 0.067408726
20980.0, 0.06740536
20990.0, 0.067402
21000.0, 0.067398645
21010.0, 0.06739529
21020.0, 0.067391954
21030.0, 0.06738862
21040.0, 0.06738529
21050.0, 0.06738197
21060.0, 0.067378655
21070.0, 0.06737535
21080.0, 0.06737205
21090.0, 0.06736875
21100.0, 0.06736547
21110.0, 0.06736218
21120.0, 0.06735891
21130.0, 0.06735564
21140.0, 0.067352384
21150.0, 0.06734913
21160.0, 0.06734587
21170.0, 0.06734263
21180.0, 0.0673394
21190.0, 0.06733617
21200.0, 0.067332946
21210.0, 0.06732973
21220.0, 0.06732652
21230.0, 0.06732331
21240.0, 0.067320116
21250.0, 0.06731693
21260.0, 0.067313746
21270.0, 0.067310564
21280.0, 0.0673074
21290.0, 0.06730423
21300.0, 0.06730107
21310.0, 0.06729791
21320.0, 0.06729477
21330.0, 0.06729163
21340.0, 0.067288496
21350.0, 0.06728537
21360.0, 0.067282245
21370.0, 0.06727913
21380.0, 0.06727602
21390.0, 0.06727292
21400.0, 0.067269824
21410.0, 0.06726673
21420.0, 0.06726365
21430.0, 0.06726057
21440.0, 0.067257494
21450.0, 0.06725443
21460.0, 0.06725138
21470.0, 0.067248315
21480.0, 0.06724527
21490.0, 0.06724223
21500.0, 0.067239195
21510.0, 0.06723616
21520.0, 0.06723314
21530.0, 0.06723012
21540.0, 0.06722711
21550.0, 0.06722411
21560.0, 0.06722111
21570.0, 0.06721812
21580.0, 0.06721513
21590.0, 0.06721215
21600.0, 0.06720917
21610.0, 0.067206204
21620.0, 0.06720324
21630.0, 0.06720028
21640.0, 0.06719733
21650.0, 0.06719438
21660.0, 0.06719144
21670.0, 0.06718851
21680.0, 0.06718558
21690.0, 0.06718265
21700.0, 0.06717974
21710.0, 0.06717683
21720.0, 0.06717393
21730.0, 0.06717102
21740.0, 0.06716813
21750.0, 0.06716525
21760.0, 0.067162365
21770.0, 0.06715949
21780.0, 0.06715661
21790.0, 0.06715375
21800.0, 0.06715089
21810.0, 0.06714804
21820.0, 0.06714519
21830.0, 0.06714235
21840.0, 0.067139514
21850.0, 0.06713668
21860.0, 0.06713386
21870.0, 0.067131035
21880.0, 0.067128226
21890.0, 0.06712542
21900.0, 0.067122616
21910.0, 0.067119814
21920.0, 0.06711703
21930.0, 0.06711424
21940.0, 0.06711146
21950.0, 0.06710869
21960.0, 0.06710592
21970.0, 0.067103155
21980.0, 0.0671004
21990.0, 0.06709764
22000.0, 0.06709489
22010.0, 0.06709216
22020.0, 0.06708942
22030.0, 0.06708669
22040.0, 0.06708396
22050.0, 0.06708124
22060.0, 0.06707853
22070.0, 0.067075826
22080.0, 0.067073114
22090.0, 0.06707042
22100.0, 0.06706773
22110.0, 0.06706504
22120.0, 0.067062356
22130.0, 0.06705968
22140.0, 0.067057006
22150.0, 0.067054346
22160.0, 0.06705169
22170.0, 0.06704903
22180.0, 0.06704638
22190.0, 0.06704374
22200.0, 0.06704109
22210.0, 0.06703846
22220.0, 0.06703583
22230.0, 0.06703321
22240.0, 0.067030594
22250.0, 0.06702798
22260.0, 0.06702537
22270.0, 0.06702276
22280.0, 0.06702017
22290.0, 0.06701758
22300.0, 0.06701499
22310.0, 0.06701241
22320.0, 0.06700983
22330.0, 0.06700726
22340.0, 0.067004696
22350.0, 0.06700213
22360.0, 0.06699958
22370.0, 0.06699702
22380.0, 0.06699447
22390.0, 0.06699193
22400.0, 0.0669894
22410.0, 0.06698687
22420.0, 0.06698434
22430.0, 0.06698182
22440.0, 0.066979304
22450.0, 0.06697679
22460.0, 0.06697429
22470.0, 0.06697179
22480.0, 0.06696929
22490.0, 0.0669668
22500.0, 0.06696431
22510.0, 0.06696183
22520.0, 0.06695936
22530.0, 0.066956885
22540.0, 0.06695442
22550.0, 0.06695196
22560.0, 0.0669495
22570.0, 0.06694705
22580.0, 0.06694461
22590.0, 0.06694216
22600.0, 0.06693973
22610.0, 0.0669373
22620.0, 0.06693487
22630.0, 0.06693245
22640.0, 0.066930026
22650.0, 0.06692762
22660.0, 0.066925205
22670.0, 0.066922806
22680.0, 0.06692041
22690.0, 0.066918015
22700.0, 0.066915624
22710.0, 0.06691325
22720.0, 0.06691086
22730.0, 0.066908486
22740.0, 0.06690612
22750.0, 0.066903755
22760.0, 0.06690139
22770.0, 0.06689904
22780.0, 0.066896684
22790.0, 0.066894345
22800.0, 0.066892006
22810.0, 0.066889666
22820.0, 0.066887334
22830.0, 0.06688501
22840.0, 0.066882685
22850.0, 0.06688036
22860.0, 0.06687805
22870.0, 0.06687574
22880.0, 0.06687344
22890.0, 0.06687114
22900.0, 0.06686885
22910.0, 0.066866554
22920.0, 0.06686427
22930.0, 0.06686199
22940.0, 0.06685971
22950.0, 0.06685744
22960.0, 0.06685517
22970.0, 0.06685291
22980.0, 0.06685065
22990.0, 0.0668484
23000.0, 0.06684615
23010.0, 0.066843905
23020.0, 0.06684166
23030.0, 0.06683943
23040.0, 0.06683719
23050.0, 0.066834964
23060.0, 0.06683274
23070.0, 0.06683052
23080.0, 0.06682831
23090.0, 0.0668261
23100.0, 0.06682389
23110.0, 0.066821694
23120.0, 0.0668195
23130.0, 0.066817306
23140.0, 0.06681512
23150.0, 0.06681293
23160.0, 0.06681076
23170.0, 0.06680858
23180.0, 0.06680641
23190.0, 0.066804245
23200.0, 0.066802084
23210.0, 0.06679993
23220.0, 0.06679778
23230.0, 0.066795625
23240.0, 0.06679348
23250.0, 0.06679134
23260.0, 0.0667892
23270.0, 0.06678708
23280.0, 0.06678495
23290.0, 0.066782825
23300.0, 0.0667807
23310.0, 0.06677859
23320.0, 0.066776484
23330.0, 0.066774376
23340.0, 0.066772275
23350.0, 0.06677017
23360.0, 0.06676808
23370.0, 0.066765994
23380.0, 0.06676391
23390.0, 0.06676183
23400.0, 0.06675975
23410.0, 0.06675768
23420.0, 0.06675561
23430.0, 0.066753544
23440.0, 0.06675149
23450.0, 0.06674943
23460.0, 0.06674738
23470.0, 0.066745326
23480.0, 0.066743284
23490.0, 0.06674124
23500.0, 0.06673921
23510.0, 0.06673718
23520.0, 0.06673515
23530.0, 0.06673313
23540.0, 0.06673111
23550.0, 0.06672909
23560.0, 0.06672708
23570.0, 0.066725075
23580.0, 0.06672307
23590.0, 0.06672107
23600.0, 0.06671908
23610.0, 0.06671708
23620.0, 0.0667151
23630.0, 0.06671311
23640.0, 0.066711135
23650.0, 0.06670916
23660.0, 0.06670719
23670.0, 0.06670522
23680.0, 0.06670325
23690.0, 0.06670129
23700.0, 0.06669933
23710.0, 0.06669739
23720.0, 0.06669544
23730.0, 0.06669349
23740.0, 0.066691555
23750.0, 0.06668962
23760.0, 0.06668768
23770.0, 0.06668576
23780.0, 0.06668383
23790.0, 0.066681914
23800.0, 0.06667999
23810.0, 0.06667808
23820.0, 0.06667617
23830.0, 0.06667426
23840.0, 0.06667236
23850.0, 0.06667046
23860.0, 0.06666857
23870.0, 0.06666668
23880.0, 0.06666479
23890.0, 0.06666291
23900.0, 0.06666103
23910.0, 0.06665915
23920.0, 0.06665728
23930.0, 0.06665541
23940.0, 0.06665355
23950.0, 0.06665169
23960.0, 0.06664983
23970.0, 0.06664798
23980.0, 0.06664613
23990.0, 0.06664428
24000.0, 0.06664244
24010.0, 0.0666406
24020.0, 0.06663877
24030.0, 0.066636935
24040.0, 0.06663511
24050.0, 0.066633284
24060.0, 0.066631466
24070.0, 0.06662965
24080.0, 0.06662784
24090.0, 0.06662603
24100.0, 0.06662422
24110.0, 0.06662242
24120.0, 0.06662062
24130.0, 0.06661882
24140.0, 0.066617034
24150.0, 0.066615246
24160.0, 0.06661346
24170.0, 0.066611685
24180.0, 0.066609904
24190.0, 0.06660813
24200.0, 0.06660636
24210.0, 0.06660459
24220.0, 0.06660283
24230.0, 0.066601075
24240.0, 0.06659932
24250.0, 0.06659756
24260.0, 0.066595815
24270.0, 0.06659407
24280.0, 0.06659233
24290.0, 0.066590585
24300.0, 0.06658885
24310.0, 0.06658712
24320.0, 0.06658539
24330.0, 0.06658367
24340.0, 0.06658195
24350.0, 0.06658023
24360.0, 0.066578515
24370.0, 0.0665768
24380.0, 0.066575095
24390.0, 0.0665734
24400.0, 0.06657169
24410.0, 0.06656999
24420.0, 0.0665683
24430.0, 0.06656661
24440.0, 0.066564925
24450.0, 0.06656324
24460.0, 0.06656156
24470.0, 0.06655988
24480.0, 0.06655821
24490.0, 0.06655654
24500.0, 0.066554874
24510.0, 0.066553205
24520.0, 0.06655155
24530.0, 0.06654989
24540.0, 0.066548236
24550.0, 0.06654659
24560.0, 0.066544935
24570.0, 0.066543296
24580.0, 0.06654166
24590.0, 0.06654002
24600.0, 0.066538386
24610.0, 0.066536754
24620.0, 0.06653512
24630.0, 0.0665335
24640.0, 0.06653188
24650.0, 0.066530265
24660.0, 0.06652865
24670.0, 0.06652704
24680.0, 0.06652543
24690.0, 0.06652382
24700.0, 0.066522226
24710.0, 0.066520624
24720.0, 0.06651903
24730.0, 0.066517435
24740.0, 0.06651585
24750.0, 0.06651426
24760.0, 0.06651268
24770.0, 0.0665111
24780.0, 0.06650952
24790.0, 0.06650795
24800.0, 0.06650638
24810.0, 0.066504814
24820.0, 0.06650325
24830.0, 0.06650169
24840.0, 0.066500135
24850.0, 0.06649858
24860.0, 0.06649703
24870.0, 0.06649548
24880.0, 0.066493936
24890.0, 0.06649239
24900.0, 0.06649085
24910.0, 0.06648932
24920.0, 0.06648778
24930.0, 0.066486254
24940.0, 0.06648473
24950.0, 0.0664832
24960.0, 0.06648168
24970.0, 0.06648017
24980.0, 0.06647865
24990.0, 0.066477135
25000.0, 0.06647563
25010.0, 0.066474125
25020.0, 0.06647262
25030.0, 0.06647112
25040.0, 0.066469625
25050.0, 0.066468135
25060.0, 0.066466644
25070.0, 0.066465154
25080.0, 0.06646367
25090.0, 0.06646219
25100.0, 0.066460714
25110.0, 0.06645924
25120.0, 0.06645776
25130.0, 0.06645629
25140.0, 0.06645483
25150.0, 0.06645336
25160.0, 0.0664519
25170.0, 0.06645044
25180.0, 0.06644899
25190.0, 0.06644753
25200.0, 0.06644609
25210.0, 0.066444635
25220.0, 0.0664432
25230.0, 0.06644176
25240.0, 0.06644032
25250.0, 0.06643888
25260.0, 0.066437446
25270.0, 0.06643602
25280.0, 0.06643459
25290.0, 0.06643317
25300.0, 0.066431746
25310.0, 0.06643033
25320.0, 0.066428915
25330.0, 0.06642751
25340.0, 0.0664261
25350.0, 0.06642469
25360.0, 0.06642328
25370.0, 0.06642188
25380.0, 0.06642049
25390.0, 0.066419095
25400.0, 0.066417694
25410.0, 0.06641631
25420.0, 0.06641492
25430.0, 0.06641354
25440.0, 0.06641216
25450.0, 0.06641078
25460.0, 0.0664094
25470.0, 0.06640803
25480.0, 0.06640666
25490.0, 0.06640529
25500.0, 0.066403925
25510.0, 0.06640256
25520.0, 0.066401206
25530.0, 0.06639984
25540.0, 0.066398494
25550.0, 0.06639714
25560.0, 0.06639579
25570.0, 0.06639445
25580.0, 0.06639311
25590.0, 0.066391766
25600.0, 0.066390425
25610.0, 0.06638909
25620.0, 0.06638776
25630.0, 0.066386424
25640.0, 0.0663851
25650.0, 0.06638377
25660.0, 0.06638245
25670.0, 0.066381134
25680.0, 0.066379815
25690.0, 0.066378504
25700.0, 0.06637719
25710.0, 0.06637588
25720.0, 0.06637457
25730.0, 0.066373274
25740.0, 0.06637197
25750.0, 0.06637067
25760.0, 0.06636938
25770.0, 0.06636808
25780.0, 0.06636679
25790.0, 0.0663655
25800.0, 0.06636422
25810.0, 0.06636294
25820.0, 0.06636165
25830.0, 0.06636038
25840.0, 0.0663591
25850.0, 0.06635783
25860.0, 0.066356555
25870.0, 0.06635529
25880.0, 0.06635402
25890.0, 0.06635276
25900.0, 0.0663515
25910.0, 0.066350244
25920.0, 0.06634899
25930.0, 0.06634774
25940.0, 0.06634649
25950.0, 0.06634524
25960.0, 0.06634399
25970.0, 0.06634275
25980.0, 0.06634151
25990.0, 0.066340275
26000.0, 0.06633904
26010.0, 0.0663378
26020.0, 0.06633658
26030.0, 0.06633535
26040.0, 0.06633412
26050.0, 0.0663329
26060.0, 0.06633168
26070.0, 0.06633046
26080.0, 0.06632925
26090.0, 0.066328034
26100.0, 0.06632682
26110.0, 0.06632561
26120.0, 0.066324405
26130.0, 0.066323206
26140.0, 0.066322
26150.0, 0.06632081
26160.0, 0.06631961
26170.0, 0.066318415
26180.0, 0.06631722
26190.0, 0.06631604
26200.0, 0.06631485
26210.0, 0.06631366
26220.0, 0.066312484
26230.0, 0.0663113
26240.0, 0.06631012
26250.0, 0.066308945
26260.0, 0.066307776
26270.0, 0.066306606
26280.0, 0.066305436
26290.0, 0.066304274
26300.0, 0.066303104
26310.0, 0.06630195
26320.0, 0.06630079
26330.0, 0.06629963
26340.0, 0.06629848
26350.0, 0.06629733
26360.0, 0.066296175
26370.0, 0.066295035
26380.0, 0.06629389
26390.0, 0.06629275
26400.0, 0.0662916
26410.0, 0.06629047
26420.0, 0.06628933
26430.0, 0.066288196
26440.0, 0.06628706
26450.0, 0.06628594
26460.0, 0.066284806
26470.0, 0.06628368
26480.0, 0.06628256
26490.0, 0.06628144
26500.0, 0.06628032
26510.0, 0.06627921
26520.0, 0.06627809
26530.0, 0.06627698
26540.0, 0.06627587
26550.0, 0.06627477
26560.0, 0.06627367
26570.0, 0.066272564
26580.0, 0.06627146
26590.0, 0.06627037
26600.0, 0.06626927
26610.0, 0.066268176
26620.0, 0.06626709
26630.0, 0.06626599
26640.0, 0.066264905
26650.0, 0.066263825
26660.0, 0.06626274
26670.0, 0.066261664
26680.0, 0.06626058
26690.0, 0.0662595
26700.0, 0.06625843
26710.0, 0.06625736
26720.0, 0.06625629
26730.0, 0.06625523
26740.0, 0.066254154
26750.0, 0.066253096
26760.0, 0.06625204
26770.0, 0.06625097
26780.0, 0.06624992
26790.0, 0.066248864
26800.0, 0.06624781
26810.0, 0.06624676
26820.0, 0.06624571
26830.0, 0.06624466
26840.0, 0.06624362
26850.0, 0.066242576
26860.0, 0.06624154
26870.0, 0.066240504
26880.0, 0.06623946
26890.0, 0.06623843
26900.0, 0.0662374
26910.0, 0.06623637
26920.0, 0.06623534
26930.0, 0.06623431
26940.0, 0.06623329
26950.0, 0.06623227
26960.0, 0.06623125
26970.0, 0.06623024
26980.0, 0.06622922
26990.0, 0.0662282
27000.0, 0.06622719
27010.0, 0.066226184
27020.0, 0.06622518
27030.0, 0.06622417
27040.0, 0.06622317
27050.0, 0.06622217
27060.0, 0.06622117
27070.0, 0.066220164
27080.0, 0.06621917
27090.0, 0.06621818
27100.0, 0.06621719
27110.0, 0.0662162
27120.0, 0.06621522
27130.0, 0.066214226
27140.0, 0.06621324
27150.0, 0.06621227
27160.0, 0.06621128
27170.0, 0.06621031
27180.0, 0.06620933
27190.0, 0.066208355
27200.0, 0.06620739
27210.0, 0.06620641
27220.0, 0.06620545
27230.0, 0.06620448
27240.0, 0.06620352
27250.0, 0.06620255
27260.0, 0.0662016
27270.0, 0.06620064
27280.0, 0.06619968
27290.0, 0.06619872
27300.0, 0.066197775
27310.0, 0.06619682
27320.0, 0.066195875
27330.0, 0.06619492
27340.0, 0.06619398
27350.0, 0.06619304
27360.0, 0.0661921
27370.0, 0.06619116
27380.0, 0.06619022
27390.0, 0.06618929
27400.0, 0.06618835
27410.0, 0.06618742
27420.0, 0.06618649
27430.0, 0.066185564
27440.0, 0.06618464
27450.0, 0.06618371
27460.0, 0.06618279
27470.0, 0.06618187
27480.0, 0.06618095
27490.0, 0.06618003
27500.0, 0.06617911
27510.0, 0.0661782
27520.0, 0.066177286
27530.0, 0.066176385
27540.0, 0.066175476
27550.0, 0.06617457
27560.0, 0.066173665
27570.0, 0.06617276
27580.0, 0.06617186
27590.0, 0.06617096
27600.0, 0.06617007
27610.0, 0.066169165
27620.0, 0.06616828
27630.0, 0.066167384
27640.0, 0.06616649
27650.0, 0.0661656
27660.0, 0.06616472
27670.0, 0.06616383
27680.0, 0.06616295
27690.0, 0.06616207
27700.0, 0.06616119
27710.0, 0.066160314
27720.0, 0.066159435
27730.0, 0.06615856
27740.0, 0.06615769
27750.0, 0.06615682
27760.0, 0.066155955
27770.0, 0.06615509
27780.0, 0.06615422
27790.0, 0.066153355
27800.0, 0.0661525
27810.0, 0.066151634
27820.0, 0.06615078
27830.0, 0.06614992
27840.0, 0.06614906
27850.0, 0.066148214
27860.0, 0.06614736
27870.0, 0.06614651
27880.0, 0.06614566
27890.0, 0.06614482
27900.0, 0.06614397
27910.0, 0.066143125
27920.0, 0.06614228
27930.0, 0.06614144
27940.0, 0.06614061
27950.0, 0.066139765
27960.0, 0.06613894
27970.0, 0.0661381
27980.0, 0.06613727
27990.0, 0.06613644
28000.0, 0.066135615
28010.0, 0.06613479
28020.0, 0.06613396
28030.0, 0.06613314
28040.0, 0.066132315
28050.0, 0.066131495
28060.0, 0.06613068
28070.0, 0.06612986
28080.0, 0.06612904
28090.0, 0.06612823
28100.0, 0.06612742
28110.0, 0.066126615
28120.0, 0.0661258
28130.0, 0.066125
28140.0, 0.06612419
28150.0, 0.06612339
28160.0, 0.066122584
28170.0, 0.06612179
28180.0, 0.06612099
28190.0, 0.06612019
28200.0, 0.066119395
28210.0, 0.0661186
28220.0, 0.06611781
28230.0, 0.06611702
28240.0, 0.06611623
28250.0, 0.06611544
28260.0, 0.06611465
28270.0, 0.06611387
28280.0, 0.066113085
28290.0, 0.0661123
28300.0, 0.06611152
28310.0, 0.066110745
28320.0, 0.06610997
28330.0, 0.066109195
28340.0, 0.06610842
28350.0, 0.066107646
28360.0, 0.06610688
28370.0, 0.0661061
28380.0, 0.066105336
28390.0, 0.06610457
28400.0, 0.06610381
28410.0, 0.06610305
28420.0, 0.06610228
28430.0, 0.06610153
28440.0, 0.06610077
28450.0, 0.06610001
28460.0, 0.06609926
28470.0, 0.0660985
28480.0, 0.06609775
28490.0, 0.066097
28500.0, 0.066096246
28510.0, 0.0660955
28520.0, 0.066094756
28530.0, 0.06609401
28540.0, 0.066093266
28550.0, 0.06609252
28560.0, 0.06609178
28570.0, 0.066091046
28580.0, 0.06609031
28590.0, 0.06608957
28600.0, 0.06608883
28610.0, 0.0660881
28620.0, 0.06608737
28630.0, 0.06608664
28640.0, 0.06608591
28650.0, 0.06608518
28660.0, 0.06608446
28670.0, 0.06608374
28680.0, 0.066083014
28690.0, 0.06608229
28700.0, 0.06608157
28710.0, 0.06608085
28720.0, 0.06608013
28730.0, 0.06607942
28740.0, 0.06607871
28750.0, 0.06607799
28760.0, 0.06607728
28770.0, 0.06607657
28780.0, 0.06607586
28790.0, 0.06607515
28800.0, 0.06607445
28810.0, 0.066073745
28820.0, 0.06607304
28830.0, 0.06607234
28840.0, 0.066071644
28850.0, 0.066070944
28860.0, 0.06607024
28870.0, 0.06606955
28880.0, 0.06606885
28890.0, 0.06606816
28900.0, 0.06606747
28910.0, 0.06606678
28920.0, 0.06606609
28930.0, 0.0660654
28940.0, 0.066064715
28950.0, 0.06606403
28960.0, 0.066063344
28970.0, 0.06606267
28980.0, 0.06606199
28990.0, 0.0660613
29000.0, 0.066060625
29010.0, 0.066059954
29020.0, 0.06605928
29030.0, 0.0660586
29040.0, 0.06605793
29050.0, 0.06605726
29060.0, 0.06605659
29070.0, 0.066055916
29080.0, 0.06605525
29090.0, 0.06605459
29100.0, 0.06605392
29110.0, 0.06605326
29120.0, 0.06605259
29130.0, 0.06605194
29140.0, 0.066051275
29150.0, 0.06605062
29160.0, 0.06604996
29170.0, 0.06604931
29180.0, 0.06604865
29190.0, 0.066048
29200.0, 0.06604735
29210.0, 0.0660467
29220.0, 0.06604605
29230.0, 0.0660454
29240.0, 0.066044755
29250.0, 0.06604411
29260.0, 0.06604347
29270.0, 0.066042826
29280.0, 0.06604218
29290.0, 0.066041544
29300.0, 0.0660409
29310.0, 0.06604027
29320.0, 0.06603963
29330.0, 0.066038996
29340.0, 0.06603836
29350.0, 0.06603773
29360.0, 0.0660371
29370.0, 0.06603647
29380.0, 0.066035844
29390.0, 0.06603521
29400.0, 0.066034585
29410.0, 0.06603396
29420.0, 0.06603333
29430.0, 0.066032715
29440.0, 0.0660321
29450.0, 0.06603147
29460.0, 0.06603086
29470.0, 0.06603024
29480.0, 0.06602962
29490.0, 0.06602901
29500.0, 0.066028394
29510.0, 0.06602778
29520.0, 0.06602717
29530.0, 0.06602656
29540.0, 0.06602595
29550.0, 0.06602535
29560.0, 0.066024736
29570.0, 0.06602413
29580.0, 0.06602353
29590.0, 0.06602293
29600.0, 0.06602233
29610.0, 0.066021726
29620.0, 0.06602113
29630.0, 0.066020526
29640.0, 0.06601993
29650.0, 0.066019334
29660.0, 0.06601874
29670.0, 0.06601815
29680.0, 0.06601756
29690.0, 0.066016965
29700.0, 0.066016376
29710.0, 0.06601579
29720.0, 0.06601521
29730.0, 0.06601462
29740.0, 0.06601403
29750.0, 0.06601345
29760.0, 0.06601287
29770.0, 0.066012286
29780.0, 0.066011705
29790.0, 0.06601113
29800.0, 0.06601055
29810.0, 0.066009976
29820.0, 0.066009395
29830.0, 0.06600882
29840.0, 0.06600825
29850.0, 0.066007674
29860.0, 0.06600711
29870.0, 0.066006534
29880.0, 0.06600597
29890.0, 0.0660054
29900.0, 0.066004835
29910.0, 0.06600427
29920.0, 0.0660037
29930.0, 0.066003144
29940.0, 0.06600258
29950.0, 0.06600202
29960.0, 0.06600146
29970.0, 0.0660009
29980.0, 0.06600034
29990.0, 0.06599978
30000.0, 0.065999225
