Energy (in eV), backscattering yield of material ka2k-NASCAP at incidence 80.0 degree
   X,       Y
0.0, 0.88659793
10.0, 0.7452677
20.0, 0.6264666
30.0, 0.52660316
40.0, 0.44265875
50.0, 0.3720957
60.0, 0.4541297
70.0, 0.49646792
80.0, 0.52427393
90.0, 0.5444493
100.0, 0.5600012
110.0, 0.5725006
120.0, 0.5828591
130.0, 0.59164554
140.0, 0.5992354
150.0, 0.6058878
160.0, 0.611788
170.0, 0.617073
180.0, 0.6218464
190.0, 0.6261884
200.0, 0.63016236
210.0, 0.633819
220.0, 0.63719946
230.0, 0.64033777
240.0, 0.64326215
250.0, 0.6459963
260.0, 0.6485602
270.0, 0.65097135
280.0, 0.6532443
290.0, 0.655392
300.0, 0.6574255
310.0, 0.65935475
320.0, 0.66118824
330.0, 0.66293365
340.0, 0.66459787
350.0, 0.6661868
360.0, 0.66770595
370.0, 0.66916025
380.0, 0.670554
390.0, 0.6718912
400.0, 0.67317563
410.0, 0.6744104
420.0, 0.6755986
430.0, 0.676743
440.0, 0.677846
450.0, 0.67891014
460.0, 0.67993736
470.0, 0.6809297
480.0, 0.681889
490.0, 0.682817
500.0, 0.6837151
510.0, 0.6845849
520.0, 0.6854278
530.0, 0.6862449
540.0, 0.68703747
550.0, 0.6878066
560.0, 0.6885534
570.0, 0.6892787
580.0, 0.6899836
590.0, 0.6906688
600.0, 0.69133514
610.0, 0.6919834
620.0, 0.6926143
630.0, 0.6932285
640.0, 0.6938266
650.0, 0.6944094
660.0, 0.69497716
670.0, 0.69553065
680.0, 0.6960703
690.0, 0.6965966
700.0, 0.6971101
710.0, 0.69761115
720.0, 0.6981002
730.0, 0.6985776
740.0, 0.6990438
750.0, 0.6994992
760.0, 0.699944
770.0, 0.7003786
780.0, 0.7008034
790.0, 0.7012186
800.0, 0.7016246
810.0, 0.70202154
820.0, 0.70240974
830.0, 0.7027894
840.0, 0.70316094
850.0, 0.7035245
860.0, 0.7038802
870.0, 0.70422834
880.0, 0.70456916
890.0, 0.7049028
900.0, 0.7052295
910.0, 0.7055494
920.0, 0.70586276
930.0, 0.70616966
940.0, 0.7064703
950.0, 0.7067648
960.0, 0.7070534
970.0, 0.70733625
980.0, 0.70761335
990.0, 0.70788497
1000.0, 0.70815116
1010.0, 0.7080043
1020.0, 0.70785767
1030.0, 0.7077111
1040.0, 0.7075647
1050.0, 0.70741844
1060.0, 0.70727235
1070.0, 0.70712644
1080.0, 0.70698065
1090.0, 0.706835
1100.0, 0.7066895
1110.0, 0.7065441
1120.0, 0.7063989
1130.0, 0.7062539
1140.0, 0.706109
1150.0, 0.7059642
1160.0, 0.7058196
1170.0, 0.7056751
1180.0, 0.7055308
1190.0, 0.70538664
1200.0, 0.70524263
1210.0, 0.70509875
1220.0, 0.70495504
1230.0, 0.70481145
1240.0, 0.70466805
1250.0, 0.70452476
1260.0, 0.70438164
1270.0, 0.70423865
1280.0, 0.70409584
1290.0, 0.70395315
1300.0, 0.7038106
1310.0, 0.7036682
1320.0, 0.70352596
1330.0, 0.70338386
1340.0, 0.70324194
1350.0, 0.70310014
1360.0, 0.70295846
1370.0, 0.70281696
1380.0, 0.7026756
1390.0, 0.7025344
1400.0, 0.70239335
1410.0, 0.7022524
1420.0, 0.70211166
1430.0, 0.701971
1440.0, 0.70183057
1450.0, 0.7016902
1460.0, 0.70155007
1470.0, 0.70141
1480.0, 0.7012701
1490.0, 0.7011304
1500.0, 0.7009908
1510.0, 0.7008513
1520.0, 0.7007121
1530.0, 0.7005729
1540.0, 0.7004339
1550.0, 0.70029503
1560.0, 0.70015633
1570.0, 0.70001775
1580.0, 0.69987935
1590.0, 0.69974107
1600.0, 0.69960296
1610.0, 0.699465
1620.0, 0.6993271
1630.0, 0.6991894
1640.0, 0.6990519
1650.0, 0.6989145
1660.0, 0.69877726
1670.0, 0.69864017
1680.0, 0.6985032
1690.0, 0.6983664
1700.0, 0.69822973
1710.0, 0.69809324
1720.0, 0.69795686
1730.0, 0.69782066
1740.0, 0.6976846
1750.0, 0.6975486
1760.0, 0.69741285
1770.0, 0.6972772
1780.0, 0.6971417
1790.0, 0.69700634
1800.0, 0.69687116
1810.0, 0.6967361
1820.0, 0.69660115
1830.0, 0.6964664
1840.0, 0.6963318
1850.0, 0.69619733
1860.0, 0.696063
1870.0, 0.6959288
1880.0, 0.69579476
1890.0, 0.6956609
1900.0, 0.69552714
1910.0, 0.6953935
1920.0, 0.69526005
1930.0, 0.6951267
1940.0, 0.69499356
1950.0, 0.6948605
1960.0, 0.69472766
1970.0, 0.6945949
1980.0, 0.6944623
1990.0, 0.69432986
2000.0, 0.6941976
2010.0, 0.6940654
2020.0, 0.6939334
2030.0, 0.6938015
2040.0, 0.6936698
2050.0, 0.69353825
2060.0, 0.6934068
2070.0, 0.6932755
2080.0, 0.6931444
2090.0, 0.69301337
2100.0, 0.6928825
2110.0, 0.69275177
2120.0, 0.69262123
2130.0, 0.6924908
2140.0, 0.6923605
2150.0, 0.69223034
2160.0, 0.69210035
2170.0, 0.6919705
2180.0, 0.6918408
2190.0, 0.69171125
2200.0, 0.69158185
2210.0, 0.69145256
2220.0, 0.69132346
2230.0, 0.6911944
2240.0, 0.6910656
2250.0, 0.6909369
2260.0, 0.69080836
2270.0, 0.6906799
2280.0, 0.69055164
2290.0, 0.6904235
2300.0, 0.6902955
2310.0, 0.69016767
2320.0, 0.69004
2330.0, 0.68991244
2340.0, 0.689785
2350.0, 0.68965775
2360.0, 0.6895306
2370.0, 0.68940365
2380.0, 0.6892768
2390.0, 0.6891501
2400.0, 0.68902355
2410.0, 0.68889713
2420.0, 0.68877083
2430.0, 0.6886447
2440.0, 0.6885187
2450.0, 0.6883929
2460.0, 0.6882672
2470.0, 0.6881416
2480.0, 0.6880162
2490.0, 0.6878909
2500.0, 0.6877658
2510.0, 0.6876408
2520.0, 0.6875159
2530.0, 0.6873912
2540.0, 0.68726665
2550.0, 0.6871422
2560.0, 0.6870179
2570.0, 0.68689376
2580.0, 0.6867698
2590.0, 0.6866459
2600.0, 0.6865222
2610.0, 0.6863986
2620.0, 0.6862752
2630.0, 0.68615186
2640.0, 0.6860287
2650.0, 0.68590575
2660.0, 0.68578285
2670.0, 0.6856601
2680.0, 0.6855375
2690.0, 0.6854151
2700.0, 0.6852928
2710.0, 0.6851706
2720.0, 0.6850486
2730.0, 0.6849267
2740.0, 0.6848049
2750.0, 0.6846833
2760.0, 0.68456185
2770.0, 0.68444055
2780.0, 0.6843194
2790.0, 0.6841983
2800.0, 0.6840774
2810.0, 0.6839566
2820.0, 0.68383604
2830.0, 0.6837155
2840.0, 0.6835952
2850.0, 0.68347496
2860.0, 0.6833549
2870.0, 0.683235
2880.0, 0.6831152
2890.0, 0.68299556
2900.0, 0.68287605
2910.0, 0.68275666
2920.0, 0.68263745
2930.0, 0.68251836
2940.0, 0.6823994
2950.0, 0.6822806
2960.0, 0.6821619
2970.0, 0.68204343
2980.0, 0.681925
2990.0, 0.68180674
3000.0, 0.68168867
3010.0, 0.68157065
3020.0, 0.6814528
3030.0, 0.68133515
3040.0, 0.68121755
3050.0, 0.68110013
3060.0, 0.6809829
3070.0, 0.6808657
3080.0, 0.6807487
3090.0, 0.6806319
3100.0, 0.6805151
3110.0, 0.6803985
3120.0, 0.68028206
3130.0, 0.68016577
3140.0, 0.6800496
3150.0, 0.67993355
3160.0, 0.6798176
3170.0, 0.67970186
3180.0, 0.67958623
3190.0, 0.6794708
3200.0, 0.67935544
3210.0, 0.67924017
3220.0, 0.67912513
3230.0, 0.6790102
3240.0, 0.67889535
3250.0, 0.67878073
3260.0, 0.6786662
3270.0, 0.6785518
3280.0, 0.67843753
3290.0, 0.67832345
3300.0, 0.6782094
3310.0, 0.6780956
3320.0, 0.6779819
3330.0, 0.6778683
3340.0, 0.6777549
3350.0, 0.67764163
3360.0, 0.67752844
3370.0, 0.67741543
3380.0, 0.67730254
3390.0, 0.67718977
3400.0, 0.6770772
3410.0, 0.6769647
3420.0, 0.67685235
3430.0, 0.6767401
3440.0, 0.67662805
3450.0, 0.6765161
3460.0, 0.6764043
3470.0, 0.67629266
3480.0, 0.67618114
3490.0, 0.67606974
3500.0, 0.6759585
3510.0, 0.67584735
3520.0, 0.67573637
3530.0, 0.6756255
3540.0, 0.6755148
3550.0, 0.67540425
3560.0, 0.6752938
3570.0, 0.6751835
3580.0, 0.67507327
3590.0, 0.67496324
3600.0, 0.6748533
3610.0, 0.6747436
3620.0, 0.6746339
3630.0, 0.6745244
3640.0, 0.67441505
3650.0, 0.6743058
3660.0, 0.6741967
3670.0, 0.67408776
3680.0, 0.6739789
3690.0, 0.6738702
3700.0, 0.67376167
3710.0, 0.67365324
3720.0, 0.67354494
3730.0, 0.67343676
3740.0, 0.67332876
3750.0, 0.6732208
3760.0, 0.67311305
3770.0, 0.67300546
3780.0, 0.67289793
3790.0, 0.6727906
3800.0, 0.67268336
3810.0, 0.67257625
3820.0, 0.6724693
3830.0, 0.67236245
3840.0, 0.67225575
3850.0, 0.6721492
3860.0, 0.6720428
3870.0, 0.67193645
3880.0, 0.6718303
3890.0, 0.67172426
3900.0, 0.67161834
3910.0, 0.6715126
3920.0, 0.671407
3930.0, 0.6713014
3940.0, 0.67119604
3950.0, 0.67109084
3960.0, 0.6709857
3970.0, 0.67088073
3980.0, 0.6707759
3990.0, 0.67067116
4000.0, 0.6705666
4010.0, 0.67046213
4020.0, 0.6703578
4030.0, 0.67025363
4040.0, 0.67014956
4050.0, 0.6700457
4060.0, 0.66994184
4070.0, 0.6698382
4080.0, 0.66973466
4090.0, 0.66963124
4100.0, 0.669528
4110.0, 0.66942483
4120.0, 0.66932184
4130.0, 0.66921896
4140.0, 0.6691162
4150.0, 0.6690136
4160.0, 0.6689111
4170.0, 0.66880876
4180.0, 0.66870654
4190.0, 0.66860443
4200.0, 0.66850245
4210.0, 0.6684006
4220.0, 0.6682989
4230.0, 0.66819733
4240.0, 0.6680959
4250.0, 0.66799456
4260.0, 0.66789335
4270.0, 0.6677923
4280.0, 0.66769135
4290.0, 0.66759056
4300.0, 0.6674899
4310.0, 0.66738933
4320.0, 0.66728896
4330.0, 0.66718864
4340.0, 0.6670885
4350.0, 0.6669885
4360.0, 0.6668886
4370.0, 0.6667888
4380.0, 0.66668916
4390.0, 0.6665896
4400.0, 0.66649026
4410.0, 0.666391
4420.0, 0.66629183
4430.0, 0.6661929
4440.0, 0.666094
4450.0, 0.66599524
4460.0, 0.6658966
4470.0, 0.6657981
4480.0, 0.6656998
4490.0, 0.66560155
4500.0, 0.66550344
4510.0, 0.66540545
4520.0, 0.6653076
4530.0, 0.6652099
4540.0, 0.66511226
4550.0, 0.6650148
4560.0, 0.66491747
4570.0, 0.66482025
4580.0, 0.66472316
4590.0, 0.6646262
4600.0, 0.6645293
4610.0, 0.66443264
4620.0, 0.664336
4630.0, 0.6642396
4640.0, 0.66414326
4650.0, 0.66404706
4660.0, 0.663951
4670.0, 0.663855
4680.0, 0.6637592
4690.0, 0.66366345
4700.0, 0.6635679
4710.0, 0.6634724
4720.0, 0.6633771
4730.0, 0.6632819
4740.0, 0.66318685
4750.0, 0.6630919
4760.0, 0.66299707
4770.0, 0.66290236
4780.0, 0.66280776
4790.0, 0.66271335
4800.0, 0.662619
4810.0, 0.6625248
4820.0, 0.6624307
4830.0, 0.66233677
4840.0, 0.66224295
4850.0, 0.66214925
4860.0, 0.6620557
4870.0, 0.6619622
4880.0, 0.6618689
4890.0, 0.6617757
4900.0, 0.6616826
4910.0, 0.6615896
4920.0, 0.6614968
4930.0, 0.6614041
4940.0, 0.6613115
4950.0, 0.66121906
4960.0, 0.6611267
4970.0, 0.66103446
4980.0, 0.6609424
4990.0, 0.6608504
5000.0, 0.66075855
5010.0, 0.6606668
5020.0, 0.6605753
5030.0, 0.6604838
5040.0, 0.6603924
5050.0, 0.66030115
5060.0, 0.6602101
5070.0, 0.66011906
5080.0, 0.6600282
5090.0, 0.65993744
5100.0, 0.65984684
5110.0, 0.6597563
5120.0, 0.65966594
5130.0, 0.6595757
5140.0, 0.6594856
5150.0, 0.6593955
5160.0, 0.65930563
5170.0, 0.65921587
5180.0, 0.6591262
5190.0, 0.6590367
5200.0, 0.6589473
5210.0, 0.658858
5220.0, 0.65876883
5230.0, 0.6586798
5240.0, 0.65859085
5250.0, 0.65850204
5260.0, 0.65841335
5270.0, 0.65832484
5280.0, 0.6582364
5290.0, 0.65814805
5300.0, 0.65805984
5310.0, 0.65797174
5320.0, 0.6578838
5330.0, 0.65779597
5340.0, 0.6577082
5350.0, 0.65762067
5360.0, 0.65753317
5370.0, 0.6574458
5380.0, 0.6573585
5390.0, 0.65727144
5400.0, 0.6571844
5410.0, 0.6570975
5420.0, 0.6570108
5430.0, 0.6569241
5440.0, 0.6568376
5450.0, 0.65675116
5460.0, 0.6566649
5470.0, 0.6565787
5480.0, 0.65649265
5490.0, 0.6564067
5500.0, 0.6563209
5510.0, 0.6562352
5520.0, 0.6561496
5530.0, 0.65606415
5540.0, 0.6559788
5550.0, 0.65589356
5560.0, 0.65580845
5570.0, 0.6557235
5580.0, 0.65563864
5590.0, 0.6555539
5600.0, 0.65546924
5610.0, 0.6553847
5620.0, 0.65530026
5630.0, 0.655216
5640.0, 0.6551318
5650.0, 0.6550478
5660.0, 0.65496385
5670.0, 0.65488
5680.0, 0.6547963
5690.0, 0.65471274
5700.0, 0.65462923
5710.0, 0.6545459
5720.0, 0.65446264
5730.0, 0.65437955
5740.0, 0.6542965
5750.0, 0.6542136
5760.0, 0.6541308
5770.0, 0.6540482
5780.0, 0.65396565
5790.0, 0.6538832
5800.0, 0.6538009
5810.0, 0.6537187
5820.0, 0.65363663
5830.0, 0.6535546
5840.0, 0.6534728
5850.0, 0.65339106
5860.0, 0.6533094
5870.0, 0.6532279
5880.0, 0.6531465
5890.0, 0.65306526
5900.0, 0.6529841
5910.0, 0.652903
5920.0, 0.6528221
5930.0, 0.65274125
5940.0, 0.65266055
5950.0, 0.65257996
5960.0, 0.6524995
5970.0, 0.6524191
5980.0, 0.65233886
5990.0, 0.6522587
6000.0, 0.6521787
6010.0, 0.6520988
6020.0, 0.65201896
6030.0, 0.6519393
6040.0, 0.6518597
6050.0, 0.65178025
6060.0, 0.6517009
6070.0, 0.65162164
6080.0, 0.65154254
6090.0, 0.6514635
6100.0, 0.6513846
6110.0, 0.65130585
6120.0, 0.6512272
6130.0, 0.6511486
6140.0, 0.6510701
6150.0, 0.6509918
6160.0, 0.6509136
6170.0, 0.65083545
6180.0, 0.65075743
6190.0, 0.6506796
6200.0, 0.6506018
6210.0, 0.6505241
6220.0, 0.65044653
6230.0, 0.6503691
6240.0, 0.65029174
6250.0, 0.65021455
6260.0, 0.6501374
6270.0, 0.6500604
6280.0, 0.6499835
6290.0, 0.64990675
6300.0, 0.64983004
6310.0, 0.6497535
6320.0, 0.64967704
6330.0, 0.6496007
6340.0, 0.64952445
6350.0, 0.64944834
6360.0, 0.64937234
6370.0, 0.64929646
6380.0, 0.64922065
6390.0, 0.64914495
6400.0, 0.64906937
6410.0, 0.6489939
6420.0, 0.64891857
6430.0, 0.6488433
6440.0, 0.6487682
6450.0, 0.64869314
6460.0, 0.6486182
6470.0, 0.6485434
6480.0, 0.6484687
6490.0, 0.6483941
6500.0, 0.6483196
6510.0, 0.6482452
6520.0, 0.64817095
6530.0, 0.6480968
6540.0, 0.6480228
6550.0, 0.6479488
6560.0, 0.64787495
6570.0, 0.6478012
6580.0, 0.6477276
6590.0, 0.64765406
6600.0, 0.6475807
6610.0, 0.64750737
6620.0, 0.6474342
6630.0, 0.6473611
6640.0, 0.6472881
6650.0, 0.64721525
6660.0, 0.64714247
6670.0, 0.6470698
6680.0, 0.6469972
6690.0, 0.6469248
6700.0, 0.64685243
6710.0, 0.6467802
6720.0, 0.6467081
6730.0, 0.64663607
6740.0, 0.6465641
6750.0, 0.6464923
6760.0, 0.6464206
6770.0, 0.646349
6780.0, 0.6462775
6790.0, 0.64620614
6800.0, 0.64613485
6810.0, 0.6460636
6820.0, 0.6459926
6830.0, 0.6459216
6840.0, 0.6458507
6850.0, 0.64577997
6860.0, 0.64570934
6870.0, 0.64563876
6880.0, 0.6455683
6890.0, 0.645498
6900.0, 0.6454277
6910.0, 0.6453576
6920.0, 0.6452876
6930.0, 0.64521766
6940.0, 0.6451478
6950.0, 0.64507806
6960.0, 0.64500844
6970.0, 0.64493895
6980.0, 0.64486957
6990.0, 0.64480025
7000.0, 0.64473104
7010.0, 0.6446619
7020.0, 0.64459294
7030.0, 0.64452404
7040.0, 0.64445525
7050.0, 0.64438653
7060.0, 0.644318
7070.0, 0.6442495
7080.0, 0.6441811
7090.0, 0.6441128
7100.0, 0.64404464
7110.0, 0.64397657
7120.0, 0.64390856
7130.0, 0.64384073
7140.0, 0.64377296
7150.0, 0.64370525
7160.0, 0.6436377
7170.0, 0.64357024
7180.0, 0.64350283
7190.0, 0.6434356
7200.0, 0.6433684
7210.0, 0.64330137
7220.0, 0.6432344
7230.0, 0.64316756
7240.0, 0.6431008
7250.0, 0.6430341
7260.0, 0.6429676
7270.0, 0.64290106
7280.0, 0.6428347
7290.0, 0.64276844
7300.0, 0.64270234
7310.0, 0.64263624
7320.0, 0.6425703
7330.0, 0.64250445
7340.0, 0.64243865
7350.0, 0.642373
7360.0, 0.64230746
7370.0, 0.642242
7380.0, 0.6421766
7390.0, 0.64211136
7400.0, 0.6420462
7410.0, 0.6419811
7420.0, 0.64191616
7430.0, 0.6418513
7440.0, 0.6417865
7450.0, 0.64172184
7460.0, 0.64165723
7470.0, 0.6415928
7480.0, 0.6415284
7490.0, 0.6414641
7500.0, 0.6413999
7510.0, 0.64133584
7520.0, 0.6412719
7530.0, 0.641208
7540.0, 0.6411442
7550.0, 0.6410805
7560.0, 0.6410169
7570.0, 0.6409534
7580.0, 0.64089
7590.0, 0.6408267
7600.0, 0.64076346
7610.0, 0.64070034
7620.0, 0.64063734
7630.0, 0.6405744
7640.0, 0.6405116
7650.0, 0.64044887
7660.0, 0.6403862
7670.0, 0.6403237
7680.0, 0.64026123
7690.0, 0.64019895
7700.0, 0.64013666
7710.0, 0.64007455
7720.0, 0.64001244
7730.0, 0.6399505
7740.0, 0.63988864
7750.0, 0.6398269
7760.0, 0.6397652
7770.0, 0.63970363
7780.0, 0.6396421
7790.0, 0.6395807
7800.0, 0.63951945
7810.0, 0.63945824
7820.0, 0.63939714
7830.0, 0.6393361
7840.0, 0.6392752
7850.0, 0.6392144
7860.0, 0.63915366
7870.0, 0.639093
7880.0, 0.6390325
7890.0, 0.63897204
7900.0, 0.63891166
7910.0, 0.6388514
7920.0, 0.6387912
7930.0, 0.6387312
7940.0, 0.63867116
7950.0, 0.6386113
7960.0, 0.6385515
7970.0, 0.6384918
7980.0, 0.6384322
7990.0, 0.63837266
8000.0, 0.63831323
8010.0, 0.6382539
8020.0, 0.6381947
8030.0, 0.6381355
8040.0, 0.6380765
8050.0, 0.6380175
8060.0, 0.63795865
8070.0, 0.6378999
8080.0, 0.63784117
8090.0, 0.6377826
8100.0, 0.63772404
8110.0, 0.6376656
8120.0, 0.63760734
8130.0, 0.6375491
8140.0, 0.6374909
8150.0, 0.63743293
8160.0, 0.63737494
8170.0, 0.63731706
8180.0, 0.6372593
8190.0, 0.6372016
8200.0, 0.637144
8210.0, 0.6370865
8220.0, 0.6370291
8230.0, 0.6369718
8240.0, 0.63691455
8250.0, 0.6368574
8260.0, 0.63680035
8270.0, 0.63674337
8280.0, 0.6366865
8290.0, 0.6366297
8300.0, 0.636573
8310.0, 0.6365164
8320.0, 0.6364599
8330.0, 0.6364035
8340.0, 0.6363471
8350.0, 0.6362909
8360.0, 0.6362347
8370.0, 0.6361787
8380.0, 0.63612264
8390.0, 0.63606673
8400.0, 0.63601094
8410.0, 0.6359552
8420.0, 0.6358996
8430.0, 0.63584405
8440.0, 0.6357886
8450.0, 0.63573325
8460.0, 0.63567793
8470.0, 0.63562274
8480.0, 0.63556767
8490.0, 0.63551265
8500.0, 0.6354577
8510.0, 0.63540286
8520.0, 0.6353481
8530.0, 0.6352934
8540.0, 0.6352389
8550.0, 0.63518435
8560.0, 0.6351299
8570.0, 0.6350756
8580.0, 0.6350214
8590.0, 0.63496727
8600.0, 0.6349132
8610.0, 0.6348592
8620.0, 0.6348053
8630.0, 0.6347515
8640.0, 0.6346978
8650.0, 0.63464415
8660.0, 0.6345906
8670.0, 0.63453716
8680.0, 0.63448375
8690.0, 0.63443047
8700.0, 0.6343773
8710.0, 0.6343242
8720.0, 0.63427114
8730.0, 0.63421816
8740.0, 0.6341653
8750.0, 0.63411254
8760.0, 0.63405985
8770.0, 0.6340072
8780.0, 0.6339547
8790.0, 0.63390225
8800.0, 0.6338499
8810.0, 0.63379765
8820.0, 0.63374543
8830.0, 0.63369334
8840.0, 0.6336413
8850.0, 0.6335893
8860.0, 0.6335375
8870.0, 0.63348573
8880.0, 0.63343406
8890.0, 0.63338244
8900.0, 0.6333309
8910.0, 0.63327944
8920.0, 0.6332281
8930.0, 0.63317686
8940.0, 0.63312566
8950.0, 0.6330745
8960.0, 0.6330235
8970.0, 0.63297254
8980.0, 0.6329217
8990.0, 0.6328709
9000.0, 0.63282025
9010.0, 0.63276964
9020.0, 0.6327191
9030.0, 0.6326686
9040.0, 0.63261825
9050.0, 0.63256794
9060.0, 0.63251776
9070.0, 0.6324676
9080.0, 0.6324176
9090.0, 0.6323676
9100.0, 0.6323177
9110.0, 0.63226795
9120.0, 0.63221824
9130.0, 0.6321686
9140.0, 0.632119
9150.0, 0.6320695
9160.0, 0.6320202
9170.0, 0.6319708
9180.0, 0.6319216
9190.0, 0.6318724
9200.0, 0.63182336
9210.0, 0.63177437
9220.0, 0.63172543
9230.0, 0.6316766
9240.0, 0.63162786
9250.0, 0.63157916
9260.0, 0.6315306
9270.0, 0.63148206
9280.0, 0.63143367
9290.0, 0.63138527
9300.0, 0.631337
9310.0, 0.63128877
9320.0, 0.63124067
9330.0, 0.6311926
9340.0, 0.63114464
9350.0, 0.6310968
9360.0, 0.631049
9370.0, 0.63100123
9380.0, 0.63095355
9390.0, 0.630906
9400.0, 0.6308585
9410.0, 0.6308111
9420.0, 0.6307637
9430.0, 0.6307165
9440.0, 0.6306693
9450.0, 0.6306222
9460.0, 0.6305752
9470.0, 0.6305282
9480.0, 0.63048136
9490.0, 0.6304345
9500.0, 0.6303878
9510.0, 0.6303412
9520.0, 0.6302946
9530.0, 0.6302481
9540.0, 0.6302017
9550.0, 0.6301553
9560.0, 0.6301091
9570.0, 0.6300629
9580.0, 0.6300168
9590.0, 0.6299707
9600.0, 0.62992483
9610.0, 0.62987894
9620.0, 0.6298331
9630.0, 0.6297874
9640.0, 0.6297417
9650.0, 0.62969613
9660.0, 0.62965065
9670.0, 0.62960523
9680.0, 0.6295599
9690.0, 0.6295146
9700.0, 0.6294694
9710.0, 0.6294243
9720.0, 0.6293792
9730.0, 0.6293342
9740.0, 0.6292893
9750.0, 0.6292445
9760.0, 0.62919974
9770.0, 0.62915504
9780.0, 0.62911046
9790.0, 0.62906593
9800.0, 0.62902147
9810.0, 0.62897706
9820.0, 0.6289328
9830.0, 0.62888855
9840.0, 0.6288444
9850.0, 0.6288003
9860.0, 0.6287563
9870.0, 0.62871236
9880.0, 0.6286685
9890.0, 0.6286247
9900.0, 0.6285809
9910.0, 0.6285373
9920.0, 0.6284937
9930.0, 0.6284502
9940.0, 0.62840676
9950.0, 0.62836343
9960.0, 0.62832016
9970.0, 0.6282769
9980.0, 0.6282338
9990.0, 0.6281907
10000.0, 0.6281477
10010.0, 0.62810475
10020.0, 0.62806195
10030.0, 0.62801915
10040.0, 0.6279764
10050.0, 0.6279338
10060.0, 0.62789124
10070.0, 0.62784874
10080.0, 0.6278063
10090.0, 0.6277639
10100.0, 0.62772167
10110.0, 0.62767947
10120.0, 0.62763727
10130.0, 0.62759525
10140.0, 0.6275532
10150.0, 0.6275113
10160.0, 0.6274694
10170.0, 0.62742764
10180.0, 0.6273859
10190.0, 0.6273443
10200.0, 0.6273027
10210.0, 0.6272612
10220.0, 0.62721974
10230.0, 0.6271784
10240.0, 0.62713706
10250.0, 0.6270959
10260.0, 0.6270547
10270.0, 0.6270136
10280.0, 0.6269726
10290.0, 0.6269316
10300.0, 0.6268908
10310.0, 0.62684995
10320.0, 0.6268092
10330.0, 0.6267685
10340.0, 0.62672794
10350.0, 0.62668735
10360.0, 0.62664694
10370.0, 0.6266065
10380.0, 0.6265662
10390.0, 0.6265259
10400.0, 0.6264857
10410.0, 0.6264456
10420.0, 0.62640554
10430.0, 0.62636554
10440.0, 0.6263256
10450.0, 0.62628573
10460.0, 0.626246
10470.0, 0.6262062
10480.0, 0.6261666
10490.0, 0.626127
10500.0, 0.6260875
10510.0, 0.626048
10520.0, 0.6260086
10530.0, 0.6259693
10540.0, 0.6259301
10550.0, 0.6258909
10560.0, 0.62585175
10570.0, 0.6258127
10580.0, 0.6257737
10590.0, 0.6257348
10600.0, 0.62569594
10610.0, 0.62565714
10620.0, 0.62561846
10630.0, 0.6255798
10640.0, 0.6255412
10650.0, 0.6255027
10660.0, 0.6254642
10670.0, 0.6254258
10680.0, 0.6253875
10690.0, 0.6253492
10700.0, 0.625311
10710.0, 0.6252729
10720.0, 0.62523484
10730.0, 0.6251969
10740.0, 0.6251589
10750.0, 0.62512106
10760.0, 0.62508327
10770.0, 0.6250455
10780.0, 0.6250078
10790.0, 0.6249702
10800.0, 0.62493265
10810.0, 0.62489516
10820.0, 0.6248578
10830.0, 0.6248204
10840.0, 0.6247831
10850.0, 0.6247459
10860.0, 0.6247087
10870.0, 0.62467164
10880.0, 0.62463456
10890.0, 0.6245976
10900.0, 0.6245607
10910.0, 0.6245239
10920.0, 0.6244871
10930.0, 0.6244504
10940.0, 0.6244137
10950.0, 0.62437713
10960.0, 0.6243406
10970.0, 0.6243041
10980.0, 0.6242677
10990.0, 0.6242314
11000.0, 0.6241951
11010.0, 0.62415886
11020.0, 0.62412274
11030.0, 0.6240866
11040.0, 0.6240506
11050.0, 0.6240146
11060.0, 0.62397873
11070.0, 0.6239429
11080.0, 0.6239071
11090.0, 0.6238714
11100.0, 0.62383574
11110.0, 0.62380016
11120.0, 0.6237646
11130.0, 0.6237291
11140.0, 0.6236937
11150.0, 0.62365836
11160.0, 0.6236231
11170.0, 0.62358785
11180.0, 0.6235527
11190.0, 0.6235176
11200.0, 0.6234825
11210.0, 0.62344754
11220.0, 0.6234126
11230.0, 0.62337774
11240.0, 0.62334293
11250.0, 0.6233082
11260.0, 0.6232735
11270.0, 0.6232389
11280.0, 0.62320435
11290.0, 0.62316984
11300.0, 0.6231354
11310.0, 0.623101
11320.0, 0.62306666
11330.0, 0.6230324
11340.0, 0.6229982
11350.0, 0.6229641
11360.0, 0.62293
11370.0, 0.62289596
11380.0, 0.622862
11390.0, 0.62282807
11400.0, 0.6227942
11410.0, 0.6227604
11420.0, 0.6227267
11430.0, 0.62269306
11440.0, 0.6226594
11450.0, 0.6226258
11460.0, 0.62259233
11470.0, 0.6225589
11480.0, 0.6225255
11490.0, 0.6224922
11500.0, 0.62245893
11510.0, 0.62242573
11520.0, 0.6223926
11530.0, 0.6223595
11540.0, 0.6223265
11550.0, 0.6222935
11560.0, 0.6222606
11570.0, 0.6222277
11580.0, 0.62219495
11590.0, 0.62216216
11600.0, 0.6221295
11610.0, 0.62209684
11620.0, 0.6220643
11630.0, 0.62203175
11640.0, 0.6219993
11650.0, 0.6219669
11660.0, 0.62193453
11670.0, 0.6219023
11680.0, 0.62187004
11690.0, 0.62183785
11700.0, 0.6218057
11710.0, 0.62177366
11720.0, 0.62174165
11730.0, 0.6217097
11740.0, 0.6216778
11750.0, 0.621646
11760.0, 0.62161416
11770.0, 0.62158245
11780.0, 0.6215508
11790.0, 0.62151915
11800.0, 0.6214876
11810.0, 0.6214561
11820.0, 0.6214247
11830.0, 0.62139326
11840.0, 0.6213619
11850.0, 0.6213306
11860.0, 0.6212994
11870.0, 0.6212682
11880.0, 0.6212371
11890.0, 0.62120605
11900.0, 0.62117505
11910.0, 0.62114406
11920.0, 0.6211132
11930.0, 0.6210823
11940.0, 0.62105155
11950.0, 0.6210208
11960.0, 0.6209901
11970.0, 0.62095946
11980.0, 0.6209289
11990.0, 0.62089837
12000.0, 0.6208679
12010.0, 0.6208375
12020.0, 0.6208072
12030.0, 0.62077683
12040.0, 0.62074655
12050.0, 0.6207164
12060.0, 0.62068623
12070.0, 0.62065613
12080.0, 0.6206261
12090.0, 0.6205961
12100.0, 0.6205662
12110.0, 0.6205363
12120.0, 0.62050647
12130.0, 0.6204767
12140.0, 0.620447
12150.0, 0.6204173
12160.0, 0.6203877
12170.0, 0.6203581
12180.0, 0.6203286
12190.0, 0.62029916
12200.0, 0.6202697
12210.0, 0.6202404
12220.0, 0.62021106
12230.0, 0.6201818
12240.0, 0.6201526
12250.0, 0.62012345
12260.0, 0.62009436
12270.0, 0.62006533
12280.0, 0.62003636
12290.0, 0.6200074
12300.0, 0.6199785
12310.0, 0.6199497
12320.0, 0.61992085
12330.0, 0.6198921
12340.0, 0.61986345
12350.0, 0.61983484
12360.0, 0.61980623
12370.0, 0.6197777
12380.0, 0.61974925
12390.0, 0.6197208
12400.0, 0.6196924
12410.0, 0.6196641
12420.0, 0.6196358
12430.0, 0.61960757
12440.0, 0.6195794
12450.0, 0.61955124
12460.0, 0.61952317
12470.0, 0.61949515
12480.0, 0.6194672
12490.0, 0.61943924
12500.0, 0.61941135
12510.0, 0.6193835
12520.0, 0.6193558
12530.0, 0.619328
12540.0, 0.61930037
12550.0, 0.6192727
12560.0, 0.6192451
12570.0, 0.61921763
12580.0, 0.6191901
12590.0, 0.6191627
12600.0, 0.6191353
12610.0, 0.61910796
12620.0, 0.61908066
12630.0, 0.6190534
12640.0, 0.61902624
12650.0, 0.6189991
12660.0, 0.618972
12670.0, 0.618945
12680.0, 0.618918
12690.0, 0.61889106
12700.0, 0.6188641
12710.0, 0.6188373
12720.0, 0.6188105
12730.0, 0.6187837
12740.0, 0.618757
12750.0, 0.61873037
12760.0, 0.6187038
12770.0, 0.6186772
12780.0, 0.6186507
12790.0, 0.6186242
12800.0, 0.6185978
12810.0, 0.6185714
12820.0, 0.6185451
12830.0, 0.6185188
12840.0, 0.6184926
12850.0, 0.6184664
12860.0, 0.6184403
12870.0, 0.61841416
12880.0, 0.6183881
12890.0, 0.6183621
12900.0, 0.6183362
12910.0, 0.6183103
12920.0, 0.6182844
12930.0, 0.6182586
12940.0, 0.61823285
12950.0, 0.61820716
12960.0, 0.61818147
12970.0, 0.61815584
12980.0, 0.61813027
12990.0, 0.6181047
13000.0, 0.61807925
13010.0, 0.6180538
13020.0, 0.6180284
13030.0, 0.6180031
13040.0, 0.61797774
13050.0, 0.6179525
13060.0, 0.6179273
13070.0, 0.6179021
13080.0, 0.617877
13090.0, 0.6178519
13100.0, 0.6178269
13110.0, 0.6178019
13120.0, 0.617777
13130.0, 0.6177521
13140.0, 0.6177272
13150.0, 0.6177024
13160.0, 0.6176777
13170.0, 0.61765295
13180.0, 0.6176283
13190.0, 0.61760366
13200.0, 0.61757904
13210.0, 0.61755455
13220.0, 0.61753005
13230.0, 0.6175056
13240.0, 0.6174812
13250.0, 0.61745685
13260.0, 0.61743253
13270.0, 0.6174083
13280.0, 0.617384
13290.0, 0.6173598
13300.0, 0.6173357
13310.0, 0.6173116
13320.0, 0.6172876
13330.0, 0.61726356
13340.0, 0.6172396
13350.0, 0.61721563
13360.0, 0.6171918
13370.0, 0.61716795
13380.0, 0.61714417
13390.0, 0.6171204
13400.0, 0.6170967
13410.0, 0.61707306
13420.0, 0.6170494
13430.0, 0.61702585
13440.0, 0.6170023
13450.0, 0.6169788
13460.0, 0.61695534
13470.0, 0.616932
13480.0, 0.6169086
13490.0, 0.6168853
13500.0, 0.616862
13510.0, 0.61683875
13520.0, 0.61681557
13530.0, 0.61679244
13540.0, 0.6167693
13550.0, 0.61674625
13560.0, 0.61672324
13570.0, 0.61670023
13580.0, 0.6166773
13590.0, 0.6166544
13600.0, 0.6166315
13610.0, 0.61660874
13620.0, 0.61658597
13630.0, 0.6165632
13640.0, 0.6165405
13650.0, 0.61651784
13660.0, 0.61649525
13670.0, 0.61647266
13680.0, 0.6164502
13690.0, 0.61642766
13700.0, 0.61640525
13710.0, 0.61638284
13720.0, 0.6163605
13730.0, 0.61633813
13740.0, 0.61631584
13750.0, 0.6162936
13760.0, 0.61627144
13770.0, 0.61624926
13780.0, 0.61622715
13790.0, 0.6162051
13800.0, 0.61618304
13810.0, 0.61616105
13820.0, 0.61613905
13830.0, 0.6161172
13840.0, 0.6160953
13850.0, 0.6160734
13860.0, 0.6160517
13870.0, 0.6160299
13880.0, 0.61600816
13890.0, 0.61598647
13900.0, 0.61596483
13910.0, 0.61594325
13920.0, 0.6159217
13930.0, 0.61590016
13940.0, 0.6158787
13950.0, 0.61585724
13960.0, 0.61583585
13970.0, 0.6158145
13980.0, 0.61579317
13990.0, 0.6157719
14000.0, 0.6157507
14010.0, 0.61572945
14020.0, 0.6157083
14030.0, 0.61568713
14040.0, 0.61566603
14050.0, 0.615645
14060.0, 0.615624
14070.0, 0.615603
14080.0, 0.6155821
14090.0, 0.6155612
14100.0, 0.6155403
14110.0, 0.6155195
14120.0, 0.6154987
14130.0, 0.615478
14140.0, 0.6154573
14150.0, 0.6154366
14160.0, 0.615416
14170.0, 0.61539537
14180.0, 0.61537486
14190.0, 0.61535436
14200.0, 0.61533386
14210.0, 0.6153134
14220.0, 0.615293
14230.0, 0.61527264
14240.0, 0.6152523
14250.0, 0.61523205
14260.0, 0.6152118
14270.0, 0.6151916
14280.0, 0.6151714
14290.0, 0.6151512
14300.0, 0.61513114
14310.0, 0.61511105
14320.0, 0.615091
14330.0, 0.61507106
14340.0, 0.6150511
14350.0, 0.6150312
14360.0, 0.6150113
14370.0, 0.6149914
14380.0, 0.61497164
14390.0, 0.61495185
14400.0, 0.6149321
14410.0, 0.61491245
14420.0, 0.6148928
14430.0, 0.6148732
14440.0, 0.61485356
14450.0, 0.614834
14460.0, 0.61481446
14470.0, 0.61479497
14480.0, 0.61477554
14490.0, 0.61475617
14500.0, 0.61473674
14510.0, 0.6147174
14520.0, 0.6146981
14530.0, 0.61467886
14540.0, 0.6146596
14550.0, 0.6146404
14560.0, 0.6146213
14570.0, 0.61460215
14580.0, 0.6145831
14590.0, 0.614564
14600.0, 0.614545
14610.0, 0.614526
14620.0, 0.6145071
14630.0, 0.6144881
14640.0, 0.61446923
14650.0, 0.6144504
14660.0, 0.6144316
14670.0, 0.61441284
14680.0, 0.61439407
14690.0, 0.6143754
14700.0, 0.6143567
14710.0, 0.6143381
14720.0, 0.6143195
14730.0, 0.6143009
14740.0, 0.61428237
14750.0, 0.6142639
14760.0, 0.6142454
14770.0, 0.614227
14780.0, 0.6142086
14790.0, 0.6141902
14800.0, 0.6141719
14810.0, 0.6141536
14820.0, 0.6141354
14830.0, 0.61411715
14840.0, 0.61409897
14850.0, 0.6140808
14860.0, 0.61406267
14870.0, 0.6140446
14880.0, 0.61402655
14890.0, 0.6140085
14900.0, 0.61399055
14910.0, 0.61397254
14920.0, 0.61395466
14930.0, 0.6139367
14940.0, 0.6139189
14950.0, 0.6139011
14960.0, 0.61388326
14970.0, 0.61386555
14980.0, 0.6138478
14990.0, 0.6138301
15000.0, 0.61381245
15010.0, 0.61379486
15020.0, 0.6137772
15030.0, 0.6137597
15040.0, 0.6137422
15050.0, 0.61372465
15060.0, 0.6137072
15070.0, 0.6136898
15080.0, 0.6136724
15090.0, 0.61365503
15100.0, 0.6136377
15110.0, 0.6136204
15120.0, 0.6136031
15130.0, 0.6135859
15140.0, 0.6135687
15150.0, 0.6135515
15160.0, 0.6135344
15170.0, 0.6135173
15180.0, 0.6135002
15190.0, 0.6134832
15200.0, 0.61346614
15210.0, 0.61344916
15220.0, 0.6134322
15230.0, 0.6134153
15240.0, 0.61339843
15250.0, 0.61338156
15260.0, 0.61336476
15270.0, 0.61334795
15280.0, 0.6133312
15290.0, 0.6133145
15300.0, 0.61329776
15310.0, 0.61328113
15320.0, 0.6132645
15330.0, 0.6132479
15340.0, 0.6132313
15350.0, 0.6132148
15360.0, 0.6131983
15370.0, 0.61318177
15380.0, 0.6131653
15390.0, 0.6131489
15400.0, 0.61313254
15410.0, 0.6131162
15420.0, 0.6130999
15430.0, 0.61308354
15440.0, 0.6130673
15450.0, 0.61305106
15460.0, 0.61303484
15470.0, 0.6130187
15480.0, 0.61300254
15490.0, 0.61298645
15500.0, 0.61297035
15510.0, 0.6129543
15520.0, 0.6129383
15530.0, 0.6129223
15540.0, 0.61290634
15550.0, 0.6128904
15560.0, 0.6128745
15570.0, 0.61285865
15580.0, 0.6128428
15590.0, 0.612827
15600.0, 0.6128112
15610.0, 0.6127955
15620.0, 0.61277974
15630.0, 0.612764
15640.0, 0.6127484
15650.0, 0.6127327
15660.0, 0.61271715
15670.0, 0.61270154
15680.0, 0.612686
15690.0, 0.6126705
15700.0, 0.612655
15710.0, 0.61263955
15720.0, 0.6126241
15730.0, 0.61260873
15740.0, 0.61259335
15750.0, 0.612578
15760.0, 0.61256266
15770.0, 0.6125474
15780.0, 0.61253214
15790.0, 0.6125169
15800.0, 0.6125017
15810.0, 0.61248654
15820.0, 0.6124714
15830.0, 0.61245626
15840.0, 0.6124412
15850.0, 0.6124261
15860.0, 0.6124111
15870.0, 0.6123961
15880.0, 0.6123811
15890.0, 0.6123662
15900.0, 0.61235124
15910.0, 0.6123364
15920.0, 0.6123215
15930.0, 0.6123067
15940.0, 0.6122919
15950.0, 0.6122771
15960.0, 0.61226237
15970.0, 0.61224765
15980.0, 0.6122329
15990.0, 0.61221826
16000.0, 0.61220366
16010.0, 0.61218905
16020.0, 0.61217445
16030.0, 0.6121599
16040.0, 0.61214536
16050.0, 0.6121309
16060.0, 0.6121164
16070.0, 0.6121019
16080.0, 0.61208755
16090.0, 0.6120731
16100.0, 0.61205876
16110.0, 0.61204445
16120.0, 0.6120301
16130.0, 0.61201584
16140.0, 0.6120016
16150.0, 0.61198735
16160.0, 0.61197317
16170.0, 0.611959
16180.0, 0.6119448
16190.0, 0.61193067
16200.0, 0.6119166
16210.0, 0.61190253
16220.0, 0.61188847
16230.0, 0.61187446
16240.0, 0.6118605
16250.0, 0.6118465
16260.0, 0.6118326
16270.0, 0.6118187
16280.0, 0.6118048
16290.0, 0.61179096
16300.0, 0.6117771
16310.0, 0.6117633
16320.0, 0.61174953
16330.0, 0.61173576
16340.0, 0.61172205
16350.0, 0.61170834
16360.0, 0.6116947
16370.0, 0.611681
16380.0, 0.6116674
16390.0, 0.6116538
16400.0, 0.6116402
16410.0, 0.6116267
16420.0, 0.61161315
16430.0, 0.6115997
16440.0, 0.6115862
16450.0, 0.61157274
16460.0, 0.61155933
16470.0, 0.6115459
16480.0, 0.61153257
16490.0, 0.6115192
16500.0, 0.6115059
16510.0, 0.61149263
16520.0, 0.61147934
16530.0, 0.6114661
16540.0, 0.6114529
16550.0, 0.6114397
16560.0, 0.61142653
16570.0, 0.6114134
16580.0, 0.6114003
16590.0, 0.6113872
16600.0, 0.61137414
16610.0, 0.6113611
16620.0, 0.61134803
16630.0, 0.61133504
16640.0, 0.6113221
16650.0, 0.6113092
16660.0, 0.61129624
16670.0, 0.61128336
16680.0, 0.6112705
16690.0, 0.6112576
16700.0, 0.6112448
16710.0, 0.611232
16720.0, 0.6112192
16730.0, 0.6112065
16740.0, 0.6111938
16750.0, 0.6111811
16760.0, 0.6111684
16770.0, 0.61115575
16780.0, 0.6111431
16790.0, 0.6111305
16800.0, 0.6111179
16810.0, 0.6111054
16820.0, 0.61109287
16830.0, 0.61108035
16840.0, 0.61106783
16850.0, 0.6110554
16860.0, 0.6110429
16870.0, 0.6110305
16880.0, 0.6110181
16890.0, 0.6110058
16900.0, 0.61099344
16910.0, 0.6109811
16920.0, 0.6109688
16930.0, 0.61095655
16940.0, 0.61094433
16950.0, 0.61093205
16960.0, 0.6109199
16970.0, 0.6109077
16980.0, 0.6108955
16990.0, 0.6108834
17000.0, 0.6108713
17010.0, 0.6108592
17020.0, 0.6108472
17030.0, 0.61083513
17040.0, 0.6108231
17050.0, 0.6108111
17060.0, 0.61079913
17070.0, 0.61078715
17080.0, 0.61077523
17090.0, 0.6107634
17100.0, 0.61075145
17110.0, 0.6107396
17120.0, 0.6107278
17130.0, 0.610716
17140.0, 0.6107042
17150.0, 0.6106924
17160.0, 0.61068064
17170.0, 0.61066896
17180.0, 0.6106572
17190.0, 0.61064553
17200.0, 0.6106339
17210.0, 0.6106223
17220.0, 0.61061066
17230.0, 0.61059904
17240.0, 0.6105875
17250.0, 0.6105759
17260.0, 0.6105644
17270.0, 0.6105529
17280.0, 0.61054146
17290.0, 0.61052996
17300.0, 0.6105185
17310.0, 0.61050713
17320.0, 0.61049575
17330.0, 0.61048436
17340.0, 0.61047304
17350.0, 0.6104617
17360.0, 0.6104504
17370.0, 0.6104391
17380.0, 0.61042786
17390.0, 0.6104166
17400.0, 0.6104054
17410.0, 0.6103942
17420.0, 0.61038303
17430.0, 0.6103718
17440.0, 0.61036074
17450.0, 0.6103496
17460.0, 0.6103385
17470.0, 0.6103274
17480.0, 0.6103164
17490.0, 0.61030537
17500.0, 0.61029434
17510.0, 0.6102834
17520.0, 0.6102724
17530.0, 0.61026144
17540.0, 0.61025053
17550.0, 0.6102396
17560.0, 0.6102288
17570.0, 0.6102179
17580.0, 0.6102071
17590.0, 0.61019623
17600.0, 0.61018544
17610.0, 0.61017466
17620.0, 0.6101639
17630.0, 0.6101532
17640.0, 0.61014247
17650.0, 0.61013174
17660.0, 0.6101211
17670.0, 0.61011046
17680.0, 0.6100998
17690.0, 0.6100892
17700.0, 0.6100786
17710.0, 0.610068
17720.0, 0.6100575
17730.0, 0.6100469
17740.0, 0.61003643
17750.0, 0.61002594
17760.0, 0.61001545
17770.0, 0.610005
17780.0, 0.6099946
17790.0, 0.60998416
17800.0, 0.6099738
17810.0, 0.6099634
17820.0, 0.60995305
17830.0, 0.60994273
17840.0, 0.6099324
17850.0, 0.6099221
17860.0, 0.60991186
17870.0, 0.6099016
17880.0, 0.60989136
17890.0, 0.60988116
17900.0, 0.609871
17910.0, 0.6098608
17920.0, 0.60985065
17930.0, 0.6098405
17940.0, 0.6098304
17950.0, 0.60982025
17960.0, 0.6098102
17970.0, 0.60980016
17980.0, 0.6097901
17990.0, 0.6097801
18000.0, 0.60977006
18010.0, 0.6097601
18020.0, 0.60975015
18030.0, 0.6097402
18040.0, 0.60973024
18050.0, 0.60972035
18060.0, 0.6097105
18070.0, 0.6097006
18080.0, 0.6096908
18090.0, 0.60968095
18100.0, 0.6096711
18110.0, 0.60966134
18120.0, 0.60965157
18130.0, 0.6096418
18140.0, 0.6096321
18150.0, 0.60962236
18160.0, 0.60961264
18170.0, 0.609603
18180.0, 0.60959333
18190.0, 0.6095837
18200.0, 0.6095741
18210.0, 0.6095645
18220.0, 0.6095549
18230.0, 0.6095453
18240.0, 0.60953575
18250.0, 0.6095262
18260.0, 0.60951674
18270.0, 0.6095072
18280.0, 0.6094977
18290.0, 0.6094883
18300.0, 0.60947883
18310.0, 0.6094694
18320.0, 0.60946
18330.0, 0.60945064
18340.0, 0.6094413
18350.0, 0.6094319
18360.0, 0.6094226
18370.0, 0.60941327
18380.0, 0.60940397
18390.0, 0.6093947
18400.0, 0.60938543
18410.0, 0.6093762
18420.0, 0.609367
18430.0, 0.6093578
18440.0, 0.6093486
18450.0, 0.6093394
18460.0, 0.6093303
18470.0, 0.6093211
18480.0, 0.609312
18490.0, 0.60930294
18500.0, 0.6092938
18510.0, 0.60928476
18520.0, 0.60927576
18530.0, 0.6092667
18540.0, 0.6092577
18550.0, 0.6092487
18560.0, 0.6092397
18570.0, 0.60923076
18580.0, 0.6092218
18590.0, 0.6092129
18600.0, 0.609204
18610.0, 0.6091951
18620.0, 0.60918623
18630.0, 0.60917735
18640.0, 0.6091685
18650.0, 0.6091597
18660.0, 0.6091509
18670.0, 0.6091421
18680.0, 0.6091333
18690.0, 0.60912454
18700.0, 0.60911584
18710.0, 0.6091071
18720.0, 0.6090984
18730.0, 0.60908973
18740.0, 0.60908103
18750.0, 0.6090724
18760.0, 0.60906374
18770.0, 0.60905516
18780.0, 0.6090465
18790.0, 0.60903794
18800.0, 0.60902935
18810.0, 0.6090208
18820.0, 0.60901225
18830.0, 0.6090038
18840.0, 0.60899526
18850.0, 0.60898674
18860.0, 0.6089783
18870.0, 0.6089698
18880.0, 0.6089614
18890.0, 0.60895294
18900.0, 0.60894454
18910.0, 0.6089362
18920.0, 0.6089278
18930.0, 0.60891944
18940.0, 0.6089111
18950.0, 0.60890275
18960.0, 0.60889447
18970.0, 0.6088862
18980.0, 0.6088779
18990.0, 0.6088696
19000.0, 0.6088614
19010.0, 0.60885316
19020.0, 0.60884494
19030.0, 0.60883677
19040.0, 0.60882854
19050.0, 0.6088204
19060.0, 0.6088123
19070.0, 0.6088041
19080.0, 0.608796
19090.0, 0.6087879
19100.0, 0.6087798
19110.0, 0.60877174
19120.0, 0.6087637
19130.0, 0.60875565
19140.0, 0.6087476
19150.0, 0.6087396
19160.0, 0.6087316
19170.0, 0.60872364
19180.0, 0.60871565
19190.0, 0.6087077
19200.0, 0.6086998
19210.0, 0.6086919
19220.0, 0.60868394
19230.0, 0.6086761
19240.0, 0.6086682
19250.0, 0.60866034
19260.0, 0.60865253
19270.0, 0.60864466
19280.0, 0.60863686
19290.0, 0.60862905
19300.0, 0.6086213
19310.0, 0.60861355
19320.0, 0.6086058
19330.0, 0.60859805
19340.0, 0.6085903
19350.0, 0.6085826
19360.0, 0.6085749
19370.0, 0.60856724
19380.0, 0.6085596
19390.0, 0.6085519
19400.0, 0.6085443
19410.0, 0.6085367
19420.0, 0.6085291
19430.0, 0.6085215
19440.0, 0.60851395
19450.0, 0.6085064
19460.0, 0.6084989
19470.0, 0.6084913
19480.0, 0.6084838
19490.0, 0.6084763
19500.0, 0.60846883
19510.0, 0.6084613
19520.0, 0.60845387
19530.0, 0.6084465
19540.0, 0.608439
19550.0, 0.60843164
19560.0, 0.60842425
19570.0, 0.60841686
19580.0, 0.60840946
19590.0, 0.60840213
19600.0, 0.60839474
19610.0, 0.6083875
19620.0, 0.60838014
19630.0, 0.6083728
19640.0, 0.60836554
19650.0, 0.60835826
19660.0, 0.60835105
19670.0, 0.6083438
19680.0, 0.60833657
19690.0, 0.60832936
19700.0, 0.60832214
19710.0, 0.608315
19720.0, 0.6083078
19730.0, 0.6083006
19740.0, 0.6082935
19750.0, 0.6082864
19760.0, 0.6082792
19770.0, 0.60827214
19780.0, 0.60826504
19790.0, 0.608258
19800.0, 0.6082509
19810.0, 0.6082439
19820.0, 0.60823685
19830.0, 0.6082298
19840.0, 0.60822284
19850.0, 0.6082158
19860.0, 0.60820884
19870.0, 0.60820186
19880.0, 0.60819495
19890.0, 0.608188
19900.0, 0.60818106
19910.0, 0.60817415
19920.0, 0.6081673
19930.0, 0.6081604
19940.0, 0.6081535
19950.0, 0.60814667
19960.0, 0.6081398
19970.0, 0.60813296
19980.0, 0.60812616
19990.0, 0.60811937
20000.0, 0.6081126
20010.0, 0.6081058
20020.0, 0.60809904
20030.0, 0.6080923
20040.0, 0.6080855
20050.0, 0.60807884
20060.0, 0.6080721
20070.0, 0.6080654
20080.0, 0.6080587
20090.0, 0.608052
20100.0, 0.6080454
20110.0, 0.6080387
20120.0, 0.6080321
20130.0, 0.6080255
20140.0, 0.6080189
20150.0, 0.60801226
20160.0, 0.6080057
20170.0, 0.60799915
20180.0, 0.6079926
20190.0, 0.60798603
20200.0, 0.6079795
20210.0, 0.607973
20220.0, 0.6079665
20230.0, 0.60796
20240.0, 0.6079535
20250.0, 0.60794705
20260.0, 0.60794055
20270.0, 0.6079341
20280.0, 0.6079277
20290.0, 0.6079213
20300.0, 0.60791487
20310.0, 0.6079085
20320.0, 0.6079021
20330.0, 0.60789573
20340.0, 0.60788935
20350.0, 0.60788304
20360.0, 0.6078767
20370.0, 0.6078704
20380.0, 0.6078641
20390.0, 0.60785776
20400.0, 0.6078515
20410.0, 0.60784525
20420.0, 0.607839
20430.0, 0.60783273
20440.0, 0.60782653
20450.0, 0.6078203
20460.0, 0.6078141
20470.0, 0.6078079
20480.0, 0.6078017
20490.0, 0.60779554
20500.0, 0.60778934
20510.0, 0.6077832
20520.0, 0.60777706
20530.0, 0.607771
20540.0, 0.60776484
20550.0, 0.60775876
20560.0, 0.6077527
20570.0, 0.6077466
20580.0, 0.6077405
20590.0, 0.60773444
20600.0, 0.6077284
20610.0, 0.6077224
20620.0, 0.6077164
20630.0, 0.60771036
20640.0, 0.6077044
20650.0, 0.6076984
20660.0, 0.6076924
20670.0, 0.60768646
20680.0, 0.6076805
20690.0, 0.6076746
20700.0, 0.60766864
20710.0, 0.60766274
20720.0, 0.60765684
20730.0, 0.60765094
20740.0, 0.6076451
20750.0, 0.6076392
20760.0, 0.60763335
20770.0, 0.6076275
20780.0, 0.60762167
20790.0, 0.6076158
20800.0, 0.60761005
20810.0, 0.60760427
20820.0, 0.6075985
20830.0, 0.6075927
20840.0, 0.6075869
20850.0, 0.60758114
20860.0, 0.6075754
20870.0, 0.6075697
20880.0, 0.607564
20890.0, 0.60755825
20900.0, 0.6075526
20910.0, 0.60754687
20920.0, 0.6075412
20930.0, 0.60753554
20940.0, 0.6075299
20950.0, 0.6075243
20960.0, 0.6075186
20970.0, 0.607513
20980.0, 0.6075074
20990.0, 0.6075018
21000.0, 0.6074962
21010.0, 0.60749066
21020.0, 0.60748506
21030.0, 0.6074795
21040.0, 0.60747397
21050.0, 0.6074684
21060.0, 0.60746294
21070.0, 0.6074574
21080.0, 0.6074519
21090.0, 0.60744643
21100.0, 0.60744095
21110.0, 0.60743546
21120.0, 0.60743004
21130.0, 0.60742456
21140.0, 0.60741913
21150.0, 0.6074137
21160.0, 0.6074083
21170.0, 0.60740286
21180.0, 0.6073975
21190.0, 0.60739213
21200.0, 0.60738677
21210.0, 0.6073814
21220.0, 0.60737604
21230.0, 0.6073707
21240.0, 0.60736537
21250.0, 0.60736006
21260.0, 0.60735476
21270.0, 0.60734946
21280.0, 0.60734415
21290.0, 0.60733885
21300.0, 0.6073336
21310.0, 0.60732836
21320.0, 0.6073231
21330.0, 0.60731786
21340.0, 0.6073126
21350.0, 0.60730743
21360.0, 0.6073022
21370.0, 0.607297
21380.0, 0.6072918
21390.0, 0.60728663
21400.0, 0.60728145
21410.0, 0.6072763
21420.0, 0.6072712
21430.0, 0.607266
21440.0, 0.6072609
21450.0, 0.6072558
21460.0, 0.6072507
21470.0, 0.6072456
21480.0, 0.6072405
21490.0, 0.60723543
21500.0, 0.60723037
21510.0, 0.6072253
21520.0, 0.6072203
21530.0, 0.6072152
21540.0, 0.6072102
21550.0, 0.6072052
21560.0, 0.6072002
21570.0, 0.6071952
21580.0, 0.6071902
21590.0, 0.60718524
21600.0, 0.60718024
21610.0, 0.6071753
21620.0, 0.60717034
21630.0, 0.6071654
21640.0, 0.6071605
21650.0, 0.60715556
21660.0, 0.6071507
21670.0, 0.6071458
21680.0, 0.60714084
21690.0, 0.607136
21700.0, 0.6071311
21710.0, 0.60712624
21720.0, 0.6071214
21730.0, 0.6071166
21740.0, 0.60711175
21750.0, 0.6071069
21760.0, 0.6071021
21770.0, 0.60709727
21780.0, 0.6070925
21790.0, 0.60708773
21800.0, 0.6070829
21810.0, 0.6070782
21820.0, 0.6070734
21830.0, 0.60706866
21840.0, 0.60706395
21850.0, 0.6070592
21860.0, 0.6070545
21870.0, 0.60704976
21880.0, 0.60704505
21890.0, 0.60704035
21900.0, 0.6070357
21910.0, 0.607031
21920.0, 0.60702634
21930.0, 0.6070217
21940.0, 0.60701704
21950.0, 0.6070124
21960.0, 0.6070078
21970.0, 0.60700315
21980.0, 0.60699856
21990.0, 0.6069939
22000.0, 0.6069893
22010.0, 0.6069848
22020.0, 0.6069802
22030.0, 0.6069756
22040.0, 0.6069711
22050.0, 0.6069665
22060.0, 0.60696197
22070.0, 0.60695744
22080.0, 0.60695297
22090.0, 0.60694844
22100.0, 0.6069439
22110.0, 0.60693944
22120.0, 0.60693496
22130.0, 0.6069305
22140.0, 0.606926
22150.0, 0.60692155
22160.0, 0.6069171
22170.0, 0.6069127
22180.0, 0.6069082
22190.0, 0.6069038
22200.0, 0.6068994
22210.0, 0.60689497
22220.0, 0.60689056
22230.0, 0.6068862
22240.0, 0.6068818
22250.0, 0.60687745
22260.0, 0.6068731
22270.0, 0.6068687
22280.0, 0.6068644
22290.0, 0.60686004
22300.0, 0.6068557
22310.0, 0.6068514
22320.0, 0.60684705
22330.0, 0.60684276
22340.0, 0.60683846
22350.0, 0.6068342
22360.0, 0.6068299
22370.0, 0.60682565
22380.0, 0.60682136
22390.0, 0.6068171
22400.0, 0.6068129
22410.0, 0.6068086
22420.0, 0.60680443
22430.0, 0.6068002
22440.0, 0.60679597
22450.0, 0.6067918
22460.0, 0.60678756
22470.0, 0.6067834
22480.0, 0.6067792
22490.0, 0.60677505
22500.0, 0.6067709
22510.0, 0.6067667
22520.0, 0.6067626
22530.0, 0.6067584
22540.0, 0.6067543
22550.0, 0.6067502
22560.0, 0.6067461
22570.0, 0.60674196
22580.0, 0.60673785
22590.0, 0.6067338
22600.0, 0.6067297
22610.0, 0.60672563
22620.0, 0.6067216
22630.0, 0.6067175
22640.0, 0.6067135
22650.0, 0.6067094
22660.0, 0.60670537
22670.0, 0.6067014
22680.0, 0.6066973
22690.0, 0.6066933
22700.0, 0.60668933
22710.0, 0.60668534
22720.0, 0.60668135
22730.0, 0.60667735
22740.0, 0.6066734
22750.0, 0.6066694
22760.0, 0.6066655
22770.0, 0.60666156
22780.0, 0.60665756
22790.0, 0.6066537
22800.0, 0.60664976
22810.0, 0.6066458
22820.0, 0.6066419
22830.0, 0.606638
22840.0, 0.60663414
22850.0, 0.6066302
22860.0, 0.60662633
22870.0, 0.60662246
22880.0, 0.60661864
22890.0, 0.60661477
22900.0, 0.60661095
22910.0, 0.6066071
22920.0, 0.60660326
22930.0, 0.60659945
22940.0, 0.60659564
22950.0, 0.6065918
22960.0, 0.606588
22970.0, 0.6065842
22980.0, 0.60658044
22990.0, 0.6065766
23000.0, 0.60657287
23010.0, 0.6065691
23020.0, 0.60656536
23030.0, 0.6065616
23040.0, 0.60655785
23050.0, 0.6065541
23060.0, 0.6065504
23070.0, 0.6065467
23080.0, 0.60654294
23090.0, 0.60653925
23100.0, 0.60653555
23110.0, 0.60653186
23120.0, 0.60652816
23130.0, 0.6065245
23140.0, 0.60652083
23150.0, 0.6065172
23160.0, 0.6065135
23170.0, 0.60650986
23180.0, 0.6065062
23190.0, 0.6065026
23200.0, 0.60649896
23210.0, 0.6064953
23220.0, 0.60649174
23230.0, 0.6064881
23240.0, 0.60648453
23250.0, 0.60648096
23260.0, 0.6064774
23270.0, 0.6064738
23280.0, 0.6064702
23290.0, 0.60646665
23300.0, 0.6064631
23310.0, 0.60645956
23320.0, 0.606456
23330.0, 0.60645247
23340.0, 0.60644895
23350.0, 0.60644543
23360.0, 0.6064419
23370.0, 0.6064384
23380.0, 0.6064349
23390.0, 0.6064314
23400.0, 0.6064279
23410.0, 0.60642445
23420.0, 0.606421
23430.0, 0.6064175
23440.0, 0.606414
23450.0, 0.60641056
23460.0, 0.60640717
23470.0, 0.6064037
23480.0, 0.60640025
23490.0, 0.60639685
23500.0, 0.60639346
23510.0, 0.60639
23520.0, 0.6063866
23530.0, 0.6063832
23540.0, 0.6063798
23550.0, 0.60637647
23560.0, 0.6063731
23570.0, 0.6063697
23580.0, 0.60636634
23590.0, 0.606363
23600.0, 0.6063596
23610.0, 0.60635626
23620.0, 0.6063529
23630.0, 0.6063496
23640.0, 0.6063463
23650.0, 0.606343
23660.0, 0.60633963
23670.0, 0.60633636
23680.0, 0.6063331
23690.0, 0.60632974
23700.0, 0.60632646
23710.0, 0.6063232
23720.0, 0.6063199
23730.0, 0.6063167
23740.0, 0.6063134
23750.0, 0.6063101
23760.0, 0.6063069
23770.0, 0.60630363
23780.0, 0.6063004
23790.0, 0.6062972
23800.0, 0.606294
23810.0, 0.60629076
23820.0, 0.60628754
23830.0, 0.6062843
23840.0, 0.60628116
23850.0, 0.60627794
23860.0, 0.6062748
23870.0, 0.6062716
23880.0, 0.6062684
23890.0, 0.60626525
23900.0, 0.6062621
23910.0, 0.6062589
23920.0, 0.6062558
23930.0, 0.6062527
23940.0, 0.6062495
23950.0, 0.6062464
23960.0, 0.6062433
23970.0, 0.60624015
23980.0, 0.60623705
23990.0, 0.60623395
24000.0, 0.60623085
24010.0, 0.60622776
24020.0, 0.6062247
24030.0, 0.6062216
24040.0, 0.6062185
24050.0, 0.6062155
24060.0, 0.6062124
24070.0, 0.60620934
24080.0, 0.6062063
24090.0, 0.60620326
24100.0, 0.6062002
24110.0, 0.6061972
24120.0, 0.6061942
24130.0, 0.60619116
24140.0, 0.6061881
24150.0, 0.60618514
24160.0, 0.60618216
24170.0, 0.6061791
24180.0, 0.60617614
24190.0, 0.60617316
24200.0, 0.6061702
24210.0, 0.6061672
24220.0, 0.6061643
24230.0, 0.6061613
24240.0, 0.6061584
24250.0, 0.6061554
24260.0, 0.6061525
24270.0, 0.60614955
24280.0, 0.6061466
24290.0, 0.60614365
24300.0, 0.60614073
24310.0, 0.6061378
24320.0, 0.60613495
24330.0, 0.60613203
24340.0, 0.6061291
24350.0, 0.60612625
24360.0, 0.6061234
24370.0, 0.60612047
24380.0, 0.6061176
24390.0, 0.60611475
24400.0, 0.6061119
24410.0, 0.606109
24420.0, 0.60610616
24430.0, 0.60610336
24440.0, 0.6061005
24450.0, 0.60609764
24460.0, 0.60609484
24470.0, 0.60609204
24480.0, 0.6060892
24490.0, 0.6060864
24500.0, 0.6060836
24510.0, 0.6060808
24520.0, 0.60607797
24530.0, 0.6060752
24540.0, 0.6060724
24550.0, 0.6060696
24560.0, 0.6060669
24570.0, 0.6060641
24580.0, 0.60606134
24590.0, 0.6060586
24600.0, 0.60605586
24610.0, 0.6060531
24620.0, 0.6060504
24630.0, 0.60604763
24640.0, 0.6060449
24650.0, 0.60604215
24660.0, 0.60603946
24670.0, 0.6060367
24680.0, 0.60603404
24690.0, 0.6060313
24700.0, 0.6060286
24710.0, 0.60602593
24720.0, 0.60602325
24730.0, 0.60602057
24740.0, 0.6060179
24750.0, 0.6060152
24760.0, 0.6060126
24770.0, 0.6060099
24780.0, 0.6060072
24790.0, 0.6060046
24800.0, 0.606002
24810.0, 0.6059993
24820.0, 0.60599667
24830.0, 0.60599405
24840.0, 0.6059914
24850.0, 0.6059888
24860.0, 0.6059862
24870.0, 0.6059836
24880.0, 0.605981
24890.0, 0.60597837
24900.0, 0.6059758
24910.0, 0.60597324
24920.0, 0.6059706
24930.0, 0.60596806
24940.0, 0.6059655
24950.0, 0.60596293
24960.0, 0.60596037
24970.0, 0.6059578
24980.0, 0.60595524
24990.0, 0.6059527
25000.0, 0.6059502
25010.0, 0.6059476
25020.0, 0.6059451
25030.0, 0.60594255
25040.0, 0.60594004
25050.0, 0.60593754
25060.0, 0.60593504
25070.0, 0.60593253
25080.0, 0.60593003
25090.0, 0.6059275
25100.0, 0.605925
25110.0, 0.6059225
25120.0, 0.6059201
25130.0, 0.6059176
25140.0, 0.6059151
25150.0, 0.6059126
25160.0, 0.6059102
25170.0, 0.60590774
25180.0, 0.6059053
25190.0, 0.60590285
25200.0, 0.6059004
25210.0, 0.60589796
25220.0, 0.6058955
25230.0, 0.6058931
25240.0, 0.6058907
25250.0, 0.60588825
25260.0, 0.60588586
25270.0, 0.6058834
25280.0, 0.60588104
25290.0, 0.60587865
25300.0, 0.6058762
25310.0, 0.6058738
25320.0, 0.60587144
25330.0, 0.60586905
25340.0, 0.60586673
25350.0, 0.60586435
25360.0, 0.60586196
25370.0, 0.6058596
25380.0, 0.60585725
25390.0, 0.60585487
25400.0, 0.60585254
25410.0, 0.6058502
25420.0, 0.6058479
25430.0, 0.6058455
25440.0, 0.6058432
25450.0, 0.60584086
25460.0, 0.60583854
25470.0, 0.6058363
25480.0, 0.60583395
25490.0, 0.6058316
25500.0, 0.6058293
25510.0, 0.60582703
25520.0, 0.60582477
25530.0, 0.60582244
25540.0, 0.6058202
25550.0, 0.6058179
25560.0, 0.6058156
25570.0, 0.6058133
25580.0, 0.60581106
25590.0, 0.6058088
25600.0, 0.6058066
25610.0, 0.6058043
25620.0, 0.60580206
25630.0, 0.6057998
25640.0, 0.6057976
25650.0, 0.6057953
25660.0, 0.6057931
25670.0, 0.6057909
25680.0, 0.60578865
25690.0, 0.60578644
25700.0, 0.60578424
25710.0, 0.60578203
25720.0, 0.6057798
25730.0, 0.6057776
25740.0, 0.6057754
25750.0, 0.60577327
25760.0, 0.60577106
25770.0, 0.60576886
25780.0, 0.6057667
25790.0, 0.6057645
25800.0, 0.60576236
25810.0, 0.6057602
25820.0, 0.6057581
25830.0, 0.60575587
25840.0, 0.6057537
25850.0, 0.6057516
25860.0, 0.6057494
25870.0, 0.6057473
25880.0, 0.6057452
25890.0, 0.60574305
25900.0, 0.6057409
25910.0, 0.6057388
25920.0, 0.6057367
25930.0, 0.6057346
25940.0, 0.60573244
25950.0, 0.60573035
25960.0, 0.60572827
25970.0, 0.6057262
25980.0, 0.60572404
25990.0, 0.60572195
26000.0, 0.60571986
26010.0, 0.60571784
26020.0, 0.60571575
26030.0, 0.60571367
26040.0, 0.6057116
26050.0, 0.60570955
26060.0, 0.60570747
26070.0, 0.60570544
26080.0, 0.60570335
26090.0, 0.6057013
26100.0, 0.6056993
26110.0, 0.6056972
26120.0, 0.6056952
26130.0, 0.60569316
26140.0, 0.60569113
26150.0, 0.6056891
26160.0, 0.6056871
26170.0, 0.6056851
26180.0, 0.6056831
26190.0, 0.60568106
26200.0, 0.6056791
26210.0, 0.60567707
26220.0, 0.6056751
26230.0, 0.6056731
26240.0, 0.6056711
26250.0, 0.6056691
26260.0, 0.6056671
26270.0, 0.60566515
26280.0, 0.6056632
26290.0, 0.6056612
26300.0, 0.60565925
26310.0, 0.6056573
26320.0, 0.6056553
26330.0, 0.6056534
26340.0, 0.60565144
26350.0, 0.6056495
26360.0, 0.60564756
26370.0, 0.6056456
26380.0, 0.6056437
26390.0, 0.6056418
26400.0, 0.6056398
26410.0, 0.6056379
26420.0, 0.605636
26430.0, 0.6056341
26440.0, 0.6056322
26450.0, 0.6056303
26460.0, 0.6056284
26470.0, 0.60562646
26480.0, 0.60562456
26490.0, 0.60562265
26500.0, 0.6056208
26510.0, 0.6056189
26520.0, 0.60561705
26530.0, 0.60561514
26540.0, 0.6056133
26550.0, 0.6056114
26560.0, 0.60560954
26570.0, 0.6056077
26580.0, 0.60560584
26590.0, 0.605604
26600.0, 0.60560215
26610.0, 0.6056003
26620.0, 0.60559845
26630.0, 0.6055966
26640.0, 0.60559475
26650.0, 0.6055929
26660.0, 0.6055911
26670.0, 0.6055893
26680.0, 0.6055874
26690.0, 0.60558563
26700.0, 0.6055838
26710.0, 0.605582
26720.0, 0.6055802
26730.0, 0.6055784
26740.0, 0.6055766
26750.0, 0.6055748
26760.0, 0.605573
26770.0, 0.6055712
26780.0, 0.6055694
26790.0, 0.60556763
26800.0, 0.6055659
26810.0, 0.6055641
26820.0, 0.6055623
26830.0, 0.60556054
26840.0, 0.6055588
26850.0, 0.605557
26860.0, 0.6055553
26870.0, 0.6055535
26880.0, 0.6055518
26890.0, 0.60555005
26900.0, 0.60554826
26910.0, 0.60554653
26920.0, 0.6055448
26930.0, 0.6055431
26940.0, 0.60554135
26950.0, 0.6055396
26960.0, 0.6055379
26970.0, 0.60553616
26980.0, 0.6055345
26990.0, 0.60553277
27000.0, 0.60553104
27010.0, 0.60552937
27020.0, 0.60552764
27030.0, 0.605526
27040.0, 0.60552424
27050.0, 0.6055226
27060.0, 0.60552084
27070.0, 0.6055192
27080.0, 0.6055175
27090.0, 0.60551584
27100.0, 0.60551417
27110.0, 0.6055125
27120.0, 0.60551083
27130.0, 0.60550916
27140.0, 0.6055075
27150.0, 0.6055058
27160.0, 0.60550416
27170.0, 0.6055025
27180.0, 0.6055009
27190.0, 0.6054992
27200.0, 0.6054976
27210.0, 0.6054959
27220.0, 0.6054943
27230.0, 0.60549265
27240.0, 0.60549104
27250.0, 0.60548943
27260.0, 0.60548776
27270.0, 0.60548615
27280.0, 0.60548455
27290.0, 0.60548294
27300.0, 0.6054813
27310.0, 0.6054797
27320.0, 0.6054781
27330.0, 0.6054765
27340.0, 0.60547495
27350.0, 0.60547334
27360.0, 0.60547173
27370.0, 0.6054701
27380.0, 0.6054686
27390.0, 0.60546696
27400.0, 0.6054654
27410.0, 0.6054638
27420.0, 0.60546225
27430.0, 0.6054607
27440.0, 0.6054591
27450.0, 0.60545754
27460.0, 0.605456
27470.0, 0.60545444
27480.0, 0.6054529
27490.0, 0.60545135
27500.0, 0.6054498
27510.0, 0.60544825
27520.0, 0.6054467
27530.0, 0.60544515
27540.0, 0.60544366
27550.0, 0.6054421
27560.0, 0.60544056
27570.0, 0.60543907
27580.0, 0.6054375
27590.0, 0.605436
27600.0, 0.6054345
27610.0, 0.605433
27620.0, 0.60543144
27630.0, 0.60542995
27640.0, 0.60542846
27650.0, 0.60542697
27660.0, 0.6054254
27670.0, 0.6054239
27680.0, 0.60542244
27690.0, 0.60542095
27700.0, 0.60541946
27710.0, 0.605418
27720.0, 0.60541654
27730.0, 0.60541505
27740.0, 0.60541356
27750.0, 0.60541207
27760.0, 0.60541064
27770.0, 0.60540915
27780.0, 0.6054077
27790.0, 0.6054062
27800.0, 0.6054048
27810.0, 0.6054033
27820.0, 0.6054019
27830.0, 0.60540044
27840.0, 0.60539895
27850.0, 0.6053975
27860.0, 0.6053961
27870.0, 0.60539466
27880.0, 0.60539323
27890.0, 0.6053918
27900.0, 0.60539037
27910.0, 0.60538894
27920.0, 0.6053875
27930.0, 0.6053861
27940.0, 0.60538465
27950.0, 0.6053833
27960.0, 0.60538185
27970.0, 0.6053804
27980.0, 0.60537905
27990.0, 0.6053776
28000.0, 0.60537624
28010.0, 0.6053748
28020.0, 0.60537344
28030.0, 0.605372
28040.0, 0.60537064
28050.0, 0.60536927
28060.0, 0.6053679
28070.0, 0.6053665
28080.0, 0.6053651
28090.0, 0.6053637
28100.0, 0.60536236
28110.0, 0.605361
28120.0, 0.6053596
28130.0, 0.60535824
28140.0, 0.60535693
28150.0, 0.60535556
28160.0, 0.6053542
28170.0, 0.6053528
28180.0, 0.6053515
28190.0, 0.60535014
28200.0, 0.60534877
28210.0, 0.60534745
28220.0, 0.6053461
28230.0, 0.6053448
28240.0, 0.6053434
28250.0, 0.6053421
28260.0, 0.6053408
28270.0, 0.60533947
28280.0, 0.6053381
28290.0, 0.6053368
28300.0, 0.6053355
28310.0, 0.60533416
28320.0, 0.60533285
28330.0, 0.60533154
28340.0, 0.6053302
28350.0, 0.6053289
28360.0, 0.6053276
28370.0, 0.6053263
28380.0, 0.605325
28390.0, 0.60532373
28400.0, 0.6053224
28410.0, 0.6053211
28420.0, 0.60531986
28430.0, 0.60531855
28440.0, 0.6053173
28450.0, 0.605316
28460.0, 0.60531473
28470.0, 0.6053134
28480.0, 0.60531217
28490.0, 0.6053109
28500.0, 0.6053096
28510.0, 0.60530835
28520.0, 0.6053071
28530.0, 0.60530585
28540.0, 0.6053046
28550.0, 0.60530335
28560.0, 0.60530204
28570.0, 0.60530084
28580.0, 0.6052996
28590.0, 0.60529834
28600.0, 0.6052971
28610.0, 0.60529584
28620.0, 0.6052946
28630.0, 0.60529333
28640.0, 0.60529214
28650.0, 0.6052909
28660.0, 0.6052897
28670.0, 0.60528845
28680.0, 0.6052872
28690.0, 0.605286
28700.0, 0.6052848
28710.0, 0.60528356
28720.0, 0.60528237
28730.0, 0.6052811
28740.0, 0.6052799
28750.0, 0.60527873
28760.0, 0.60527754
28770.0, 0.60527635
28780.0, 0.6052751
28790.0, 0.6052739
28800.0, 0.6052727
28810.0, 0.6052715
28820.0, 0.6052703
28830.0, 0.60526913
28840.0, 0.605268
28850.0, 0.6052668
28860.0, 0.6052656
28870.0, 0.6052644
28880.0, 0.60526323
28890.0, 0.6052621
28900.0, 0.6052609
28910.0, 0.6052597
28920.0, 0.6052586
28930.0, 0.6052574
28940.0, 0.60525626
28950.0, 0.60525507
28960.0, 0.60525393
28970.0, 0.6052528
28980.0, 0.6052516
28990.0, 0.6052505
29000.0, 0.60524935
29010.0, 0.60524815
29020.0, 0.605247
29030.0, 0.6052459
29040.0, 0.60524476
29050.0, 0.6052436
29060.0, 0.6052425
29070.0, 0.60524136
29080.0, 0.6052402
29090.0, 0.6052391
29100.0, 0.60523796
29110.0, 0.6052368
29120.0, 0.60523576
29130.0, 0.6052346
29140.0, 0.6052335
29150.0, 0.60523236
29160.0, 0.6052313
29170.0, 0.60523015
29180.0, 0.6052291
29190.0, 0.60522795
29200.0, 0.6052268
29210.0, 0.60522574
29220.0, 0.60522467
29230.0, 0.60522354
29240.0, 0.60522246
29250.0, 0.60522133
29260.0, 0.60522026
29270.0, 0.6052192
29280.0, 0.6052181
29290.0, 0.60521704
29300.0, 0.6052159
29310.0, 0.60521483
29320.0, 0.60521376
29330.0, 0.6052127
29340.0, 0.6052116
29350.0, 0.60521054
29360.0, 0.60520947
29370.0, 0.6052084
29380.0, 0.6052074
29390.0, 0.6052063
29400.0, 0.60520524
29410.0, 0.60520416
29420.0, 0.6052031
29430.0, 0.6052021
29440.0, 0.605201
29450.0, 0.60519993
29460.0, 0.6051989
29470.0, 0.60519785
29480.0, 0.60519683
29490.0, 0.60519576
29500.0, 0.60519475
29510.0, 0.60519373
29520.0, 0.60519266
29530.0, 0.60519165
29540.0, 0.60519063
29550.0, 0.60518956
29560.0, 0.60518855
29570.0, 0.60518754
29580.0, 0.6051865
29590.0, 0.6051855
29600.0, 0.60518444
29610.0, 0.6051834
29620.0, 0.6051824
29630.0, 0.6051814
29640.0, 0.6051804
29650.0, 0.6051794
29660.0, 0.6051784
29670.0, 0.6051774
29680.0, 0.6051764
29690.0, 0.6051754
29700.0, 0.60517436
29710.0, 0.6051734
29720.0, 0.6051724
29730.0, 0.6051714
29740.0, 0.6051704
29750.0, 0.6051694
29760.0, 0.60516846
29770.0, 0.60516745
29780.0, 0.6051665
29790.0, 0.6051655
29800.0, 0.6051645
29810.0, 0.6051635
29820.0, 0.60516256
29830.0, 0.6051616
29840.0, 0.6051606
29850.0, 0.60515964
29860.0, 0.6051587
29870.0, 0.60515773
29880.0, 0.6051568
29890.0, 0.60515577
29900.0, 0.6051548
29910.0, 0.60515386
29920.0, 0.6051529
29930.0, 0.60515195
29940.0, 0.605151
29950.0, 0.60515004
29960.0, 0.6051491
29970.0, 0.60514814
29980.0, 0.60514724
29990.0, 0.6051463
30000.0, 0.60514534
