Energy (in eV), backscattering yield of material te2k-NASCAP at incidence 10.0 degree
   X,       Y
0.0, 0.5052931
10.0, 0.18873253
20.0, 0.07049368
30.0, 0.026330167
40.0, 0.009834609
50.0, 0.0036733348
60.0, 0.012731313
70.0, 0.021342155
80.0, 0.02914095
90.0, 0.036126614
100.0, 0.042397004
110.0, 0.048061218
120.0, 0.05321504
130.0, 0.057936944
140.0, 0.062290043
150.0, 0.06632506
160.0, 0.07008314
170.0, 0.07359797
180.0, 0.07689746
190.0, 0.08000495
200.0, 0.082940236
210.0, 0.085720114
220.0, 0.0883591
230.0, 0.09086968
240.0, 0.09326283
250.0, 0.095548116
260.0, 0.09773397
270.0, 0.09982794
280.0, 0.101836644
290.0, 0.1037661
300.0, 0.105621636
310.0, 0.10740811
320.0, 0.10912989
330.0, 0.11079093
340.0, 0.11239489
350.0, 0.113945015
360.0, 0.11544437
370.0, 0.11689573
380.0, 0.1183016
390.0, 0.11966437
400.0, 0.120986216
410.0, 0.122269146
420.0, 0.12351504
430.0, 0.12472563
440.0, 0.12590252
450.0, 0.12704724
460.0, 0.12816118
470.0, 0.1292457
480.0, 0.13030198
490.0, 0.13133124
500.0, 0.13233453
510.0, 0.13331288
520.0, 0.13426727
530.0, 0.13519862
540.0, 0.13610776
550.0, 0.13699554
560.0, 0.13786271
570.0, 0.13870998
580.0, 0.1395381
590.0, 0.14034767
600.0, 0.14113934
610.0, 0.1419137
620.0, 0.1426713
630.0, 0.14341271
640.0, 0.14413841
650.0, 0.1448489
660.0, 0.14554465
670.0, 0.14622611
680.0, 0.14689368
690.0, 0.14754781
700.0, 0.14818887
710.0, 0.1488172
720.0, 0.14943323
730.0, 0.1500372
740.0, 0.15062957
750.0, 0.15121053
760.0, 0.15178046
770.0, 0.15233962
780.0, 0.15288834
790.0, 0.15342686
800.0, 0.1539554
810.0, 0.15447427
820.0, 0.15498367
830.0, 0.15548384
840.0, 0.15597504
850.0, 0.15645744
860.0, 0.1569313
870.0, 0.15739676
880.0, 0.15785407
890.0, 0.15830337
900.0, 0.15874489
910.0, 0.15917876
920.0, 0.15960522
930.0, 0.16002434
940.0, 0.16043636
950.0, 0.1608414
960.0, 0.16123962
970.0, 0.16163115
980.0, 0.16201617
990.0, 0.16239476
1000.0, 0.16276707
1010.0, 0.16260141
1020.0, 0.16243607
1030.0, 0.16227105
1040.0, 0.16210635
1050.0, 0.16194199
1060.0, 0.16177796
1070.0, 0.16161424
1080.0, 0.16145083
1090.0, 0.16128778
1100.0, 0.16112505
1110.0, 0.16096261
1120.0, 0.16080052
1130.0, 0.16063875
1140.0, 0.1604773
1150.0, 0.16031615
1160.0, 0.16015534
1170.0, 0.15999486
1180.0, 0.15983467
1190.0, 0.15967481
1200.0, 0.15951528
1210.0, 0.15935603
1220.0, 0.15919712
1230.0, 0.15903853
1240.0, 0.15888025
1250.0, 0.15872228
1260.0, 0.15856461
1270.0, 0.15840729
1280.0, 0.15825024
1290.0, 0.15809353
1300.0, 0.15793712
1310.0, 0.15778102
1320.0, 0.15762523
1330.0, 0.15746975
1340.0, 0.15731458
1350.0, 0.15715972
1360.0, 0.15700516
1370.0, 0.1568509
1380.0, 0.15669698
1390.0, 0.15654331
1400.0, 0.15638998
1410.0, 0.15623696
1420.0, 0.15608424
1430.0, 0.1559318
1440.0, 0.15577969
1450.0, 0.15562786
1460.0, 0.15547635
1470.0, 0.15532513
1480.0, 0.15517421
1490.0, 0.15502359
1500.0, 0.15487327
1510.0, 0.15472324
1520.0, 0.15457352
1530.0, 0.15442409
1540.0, 0.15427497
1550.0, 0.15412612
1560.0, 0.15397757
1570.0, 0.15382934
1580.0, 0.15368137
1590.0, 0.15353373
1600.0, 0.15338635
1610.0, 0.15323928
1620.0, 0.1530925
1630.0, 0.15294601
1640.0, 0.15279981
1650.0, 0.1526539
1660.0, 0.15250827
1670.0, 0.15236294
1680.0, 0.1522179
1690.0, 0.15207314
1700.0, 0.15192866
1710.0, 0.15178448
1720.0, 0.1516406
1730.0, 0.15149698
1740.0, 0.15135366
1750.0, 0.1512106
1760.0, 0.15106784
1770.0, 0.15092537
1780.0, 0.15078317
1790.0, 0.15064126
1800.0, 0.15049964
1810.0, 0.15035829
1820.0, 0.15021722
1830.0, 0.15007643
1840.0, 0.14993592
1850.0, 0.1497957
1860.0, 0.14965573
1870.0, 0.14951606
1880.0, 0.14937668
1890.0, 0.14923754
1900.0, 0.14909871
1910.0, 0.14896013
1920.0, 0.14882183
1930.0, 0.14868382
1940.0, 0.14854605
1950.0, 0.14840859
1960.0, 0.1482714
1970.0, 0.14813447
1980.0, 0.14799781
1990.0, 0.14786142
2000.0, 0.1477253
2010.0, 0.14758946
2020.0, 0.14745387
2030.0, 0.14731857
2040.0, 0.14718354
2050.0, 0.14704877
2060.0, 0.14691426
2070.0, 0.14678003
2080.0, 0.14664607
2090.0, 0.14651234
2100.0, 0.14637892
2110.0, 0.14624573
2120.0, 0.14611283
2130.0, 0.14598018
2140.0, 0.1458478
2150.0, 0.14571568
2160.0, 0.14558382
2170.0, 0.14545223
2180.0, 0.14532088
2190.0, 0.1451898
2200.0, 0.145059
2210.0, 0.14492844
2220.0, 0.14479814
2230.0, 0.1446681
2240.0, 0.14453833
2250.0, 0.14440879
2260.0, 0.14427954
2270.0, 0.14415053
2280.0, 0.14402178
2290.0, 0.14389329
2300.0, 0.14376503
2310.0, 0.14363706
2320.0, 0.14350931
2330.0, 0.14338183
2340.0, 0.14325461
2350.0, 0.14312764
2360.0, 0.1430009
2370.0, 0.14287443
2380.0, 0.14274822
2390.0, 0.14262225
2400.0, 0.14249653
2410.0, 0.14237104
2420.0, 0.14224583
2430.0, 0.14212085
2440.0, 0.14199613
2450.0, 0.14187165
2460.0, 0.14174743
2470.0, 0.14162344
2480.0, 0.14149971
2490.0, 0.14137621
2500.0, 0.14125296
2510.0, 0.14112996
2520.0, 0.1410072
2530.0, 0.1408847
2540.0, 0.14076242
2550.0, 0.1406404
2560.0, 0.14051859
2570.0, 0.14039706
2580.0, 0.14027575
2590.0, 0.14015469
2600.0, 0.14003386
2610.0, 0.13991328
2620.0, 0.13979293
2630.0, 0.13967283
2640.0, 0.13955295
2650.0, 0.13943332
2660.0, 0.13931394
2670.0, 0.13919479
2680.0, 0.13907586
2690.0, 0.13895719
2700.0, 0.13883874
2710.0, 0.13872053
2720.0, 0.13860255
2730.0, 0.1384848
2740.0, 0.1383673
2750.0, 0.13825002
2760.0, 0.13813297
2770.0, 0.13801618
2780.0, 0.13789959
2790.0, 0.13778324
2800.0, 0.13766712
2810.0, 0.13755123
2820.0, 0.13743559
2830.0, 0.13732016
2840.0, 0.13720496
2850.0, 0.13709
2860.0, 0.13697526
2870.0, 0.13686074
2880.0, 0.13674645
2890.0, 0.1366324
2900.0, 0.13651857
2910.0, 0.13640496
2920.0, 0.13629158
2930.0, 0.13617843
2940.0, 0.1360655
2950.0, 0.1359528
2960.0, 0.13584031
2970.0, 0.13572805
2980.0, 0.135616
2990.0, 0.1355042
3000.0, 0.1353926
3010.0, 0.13528123
3020.0, 0.13517009
3030.0, 0.13505916
3040.0, 0.13494845
3050.0, 0.13483796
3060.0, 0.1347277
3070.0, 0.13461764
3080.0, 0.13450782
3090.0, 0.1343982
3100.0, 0.13428879
3110.0, 0.13417962
3120.0, 0.13407066
3130.0, 0.13396192
3140.0, 0.13385339
3150.0, 0.13374506
3160.0, 0.13363697
3170.0, 0.13352908
3180.0, 0.13342142
3190.0, 0.13331395
3200.0, 0.13320671
3210.0, 0.13309969
3220.0, 0.13299286
3230.0, 0.13288626
3240.0, 0.13277987
3250.0, 0.13267368
3260.0, 0.1325677
3270.0, 0.13246195
3280.0, 0.1323564
3290.0, 0.13225105
3300.0, 0.13214593
3310.0, 0.132041
3320.0, 0.13193628
3330.0, 0.13183178
3340.0, 0.13172747
3350.0, 0.13162337
3360.0, 0.1315195
3370.0, 0.13141581
3380.0, 0.13131234
3390.0, 0.13120908
3400.0, 0.131106
3410.0, 0.13100314
3420.0, 0.13090049
3430.0, 0.13079804
3440.0, 0.1306958
3450.0, 0.13059375
3460.0, 0.13049191
3470.0, 0.13039027
3480.0, 0.13028884
3490.0, 0.1301876
3500.0, 0.13008657
3510.0, 0.12998572
3520.0, 0.12988509
3530.0, 0.12978467
3540.0, 0.12968443
3550.0, 0.1295844
3560.0, 0.12948456
3570.0, 0.12938492
3580.0, 0.12928548
3590.0, 0.12918623
3600.0, 0.12908718
3610.0, 0.12898834
3620.0, 0.1288897
3630.0, 0.12879123
3640.0, 0.12869297
3650.0, 0.1285949
3660.0, 0.12849702
3670.0, 0.12839936
3680.0, 0.12830186
3690.0, 0.12820457
3700.0, 0.12810749
3710.0, 0.12801059
3720.0, 0.12791388
3730.0, 0.12781735
3740.0, 0.12772103
3750.0, 0.12762488
3760.0, 0.12752895
3770.0, 0.1274332
3780.0, 0.12733762
3790.0, 0.12724225
3800.0, 0.12714706
3810.0, 0.12705207
3820.0, 0.12695727
3830.0, 0.12686265
3840.0, 0.12676822
3850.0, 0.12667397
3860.0, 0.12657991
3870.0, 0.12648605
3880.0, 0.12639236
3890.0, 0.12629887
3900.0, 0.12620556
3910.0, 0.12611243
3920.0, 0.1260195
3930.0, 0.12592673
3940.0, 0.12583417
3950.0, 0.12574178
3960.0, 0.12564957
3970.0, 0.12555754
3980.0, 0.1254657
3990.0, 0.12537406
4000.0, 0.12528259
4010.0, 0.12519129
4020.0, 0.12510018
4030.0, 0.12500925
4040.0, 0.124918506
4050.0, 0.124827944
4060.0, 0.12473755
4070.0, 0.12464734
4080.0, 0.12455731
4090.0, 0.12446746
4100.0, 0.12437779
4110.0, 0.12428829
4120.0, 0.12419898
4130.0, 0.12410984
4140.0, 0.12402088
4150.0, 0.12393209
4160.0, 0.12384349
4170.0, 0.12375506
4180.0, 0.1236668
4190.0, 0.12357871
4200.0, 0.12349081
4210.0, 0.12340308
4220.0, 0.12331552
4230.0, 0.12322813
4240.0, 0.12314093
4250.0, 0.12305389
4260.0, 0.12296703
4270.0, 0.12288034
4280.0, 0.12279382
4290.0, 0.12270747
4300.0, 0.1226213
4310.0, 0.122535296
4320.0, 0.122449465
4330.0, 0.1223638
4340.0, 0.12227831
4350.0, 0.12219299
4360.0, 0.12210783
4370.0, 0.12202285
4380.0, 0.12193804
4390.0, 0.12185339
4400.0, 0.121768914
4410.0, 0.12168461
4420.0, 0.121600464
4430.0, 0.12151649
4440.0, 0.12143268
4450.0, 0.12134904
4460.0, 0.12126556
4470.0, 0.121182255
4480.0, 0.12109911
4490.0, 0.12101613
4500.0, 0.12093332
4510.0, 0.12085067
4520.0, 0.12076818
4530.0, 0.12068586
4540.0, 0.1206037
4550.0, 0.12052171
4560.0, 0.12043988
4570.0, 0.120358214
4580.0, 0.120276704
4590.0, 0.12019536
4600.0, 0.120114185
4610.0, 0.12003316
4620.0, 0.1199523
4630.0, 0.1198716
4640.0, 0.11979106
4650.0, 0.119710684
4660.0, 0.11963046
4670.0, 0.11955041
4680.0, 0.1194705
4690.0, 0.11939076
4700.0, 0.11931118
4710.0, 0.11923175
4720.0, 0.11915249
4730.0, 0.119073376
4740.0, 0.11899443
4750.0, 0.11891563
4760.0, 0.11883699
4770.0, 0.11875851
4780.0, 0.11868019
4790.0, 0.11860201
4800.0, 0.118524
4810.0, 0.118446134
4820.0, 0.11836843
4830.0, 0.11829089
4840.0, 0.11821348
4850.0, 0.11813624
4860.0, 0.11805915
4870.0, 0.117982216
4880.0, 0.11790544
4890.0, 0.11782881
4900.0, 0.11775233
4910.0, 0.117676
4920.0, 0.11759983
4930.0, 0.1175238
4940.0, 0.11744793
4950.0, 0.117372215
4960.0, 0.117296636
4970.0, 0.11722122
4980.0, 0.11714595
4990.0, 0.11707083
5000.0, 0.116995856
5010.0, 0.11692104
5020.0, 0.11684636
5030.0, 0.11677184
5040.0, 0.11669746
5050.0, 0.11662323
5060.0, 0.11654915
5070.0, 0.11647522
5080.0, 0.11640143
5090.0, 0.116327785
5100.0, 0.11625429
5110.0, 0.11618095
5120.0, 0.11610774
5130.0, 0.11603469
5140.0, 0.11596178
5150.0, 0.11588901
5160.0, 0.11581639
5170.0, 0.11574392
5180.0, 0.11567158
5190.0, 0.115599394
5200.0, 0.11552735
5210.0, 0.11545545
5220.0, 0.115383685
5230.0, 0.11531206
5240.0, 0.115240596
5250.0, 0.115169264
5260.0, 0.11509807
5270.0, 0.115027025
5280.0, 0.11495611
5290.0, 0.114885345
5300.0, 0.11481472
5310.0, 0.11474424
5320.0, 0.1146739
5330.0, 0.11460369
5340.0, 0.114533626
5350.0, 0.114463694
5360.0, 0.11439391
5370.0, 0.114324264
5380.0, 0.11425475
5390.0, 0.11418538
5400.0, 0.11411615
5410.0, 0.11404705
5420.0, 0.11397809
5430.0, 0.113909274
5440.0, 0.11384058
5450.0, 0.113772035
5460.0, 0.11370362
5470.0, 0.113635354
5480.0, 0.1135672
5490.0, 0.1134992
5500.0, 0.113431334
5510.0, 0.1133636
5520.0, 0.113296
5530.0, 0.11322854
5540.0, 0.113161206
5550.0, 0.11309401
5560.0, 0.11302694
5570.0, 0.11296001
5580.0, 0.11289322
5590.0, 0.112826556
5600.0, 0.11276002
5610.0, 0.11269362
5620.0, 0.11262736
5630.0, 0.112561226
5640.0, 0.11249522
5650.0, 0.11242935
5660.0, 0.11236361
5670.0, 0.112298
5680.0, 0.112232514
5690.0, 0.11216717
5700.0, 0.11210195
5710.0, 0.112036854
5720.0, 0.11197189
5730.0, 0.111907065
5740.0, 0.111842364
5750.0, 0.11177778
5760.0, 0.11171334
5770.0, 0.11164902
5780.0, 0.111584835
5790.0, 0.111520775
5800.0, 0.11145684
5810.0, 0.111393034
5820.0, 0.111329354
5830.0, 0.1112658
5840.0, 0.111202374
5850.0, 0.111139074
5860.0, 0.11107589
5870.0, 0.11101285
5880.0, 0.110949926
5890.0, 0.110887125
5900.0, 0.11082445
5910.0, 0.1107619
5920.0, 0.11069948
5930.0, 0.11063718
5940.0, 0.110575005
5950.0, 0.11051295
5960.0, 0.11045102
5970.0, 0.11038921
5980.0, 0.110327534
5990.0, 0.11026597
6000.0, 0.11020453
6010.0, 0.11014322
6020.0, 0.11008202
6030.0, 0.11002095
6040.0, 0.10996
6050.0, 0.10989918
6060.0, 0.10983846
6070.0, 0.109777875
6080.0, 0.109717414
6090.0, 0.109657064
6100.0, 0.10959684
6110.0, 0.10953673
6120.0, 0.10947674
6130.0, 0.10941688
6140.0, 0.109357126
6150.0, 0.1092975
6160.0, 0.10923799
6170.0, 0.109178595
6180.0, 0.10911932
6190.0, 0.10906017
6200.0, 0.10900112
6210.0, 0.1089422
6220.0, 0.1088834
6230.0, 0.10882471
6240.0, 0.10876614
6250.0, 0.10870769
6260.0, 0.10864935
6270.0, 0.10859113
6280.0, 0.108533025
6290.0, 0.10847503
6300.0, 0.10841716
6310.0, 0.1083594
6320.0, 0.10830175
6330.0, 0.108244225
6340.0, 0.10818681
6350.0, 0.10812951
6360.0, 0.10807232
6370.0, 0.10801525
6380.0, 0.10795829
6390.0, 0.10790144
6400.0, 0.10784471
6410.0, 0.107788086
6420.0, 0.10773158
6430.0, 0.10767519
6440.0, 0.1076189
6450.0, 0.107562736
6460.0, 0.10750668
6470.0, 0.10745072
6480.0, 0.10739489
6490.0, 0.10733916
6500.0, 0.10728355
6510.0, 0.10722804
6520.0, 0.107172646
6530.0, 0.10711737
6540.0, 0.10706219
6550.0, 0.10700713
6560.0, 0.106952175
6570.0, 0.10689733
6580.0, 0.10684259
6590.0, 0.10678797
6600.0, 0.106733456
6610.0, 0.106679045
6620.0, 0.106624745
6630.0, 0.10657056
6640.0, 0.106516466
6650.0, 0.106462486
6660.0, 0.106408626
6670.0, 0.10635486
6680.0, 0.1063012
6690.0, 0.106247656
6700.0, 0.10619421
6710.0, 0.10614088
6720.0, 0.10608765
6730.0, 0.106034525
6740.0, 0.10598151
6750.0, 0.1059286
6760.0, 0.10587579
6770.0, 0.105823085
6780.0, 0.10577048
6790.0, 0.105717994
6800.0, 0.1056656
6810.0, 0.10561332
6820.0, 0.10556114
6830.0, 0.105509065
6840.0, 0.10545709
6850.0, 0.105405234
6860.0, 0.10535346
6870.0, 0.1053018
6880.0, 0.10525024
6890.0, 0.105198786
6900.0, 0.10514743
6910.0, 0.105096176
6920.0, 0.10504503
6930.0, 0.104993984
6940.0, 0.10494304
6950.0, 0.10489219
6960.0, 0.10484144
6970.0, 0.1047908
6980.0, 0.10474026
6990.0, 0.104689814
7000.0, 0.10463947
7010.0, 0.10458923
7020.0, 0.10453909
7030.0, 0.10448905
7040.0, 0.10443911
7050.0, 0.104389265
7060.0, 0.10433952
7070.0, 0.104289874
7080.0, 0.104240336
7090.0, 0.104190886
7100.0, 0.10414153
7110.0, 0.104092285
7120.0, 0.10404313
7130.0, 0.10399408
7140.0, 0.10394513
7150.0, 0.10389627
7160.0, 0.1038475
7170.0, 0.10379884
7180.0, 0.10375027
7190.0, 0.10370181
7200.0, 0.10365342
7210.0, 0.10360515
7220.0, 0.10355697
7230.0, 0.10350888
7240.0, 0.10346089
7250.0, 0.103413
7260.0, 0.1033652
7270.0, 0.10331749
7280.0, 0.10326988
7290.0, 0.10322236
7300.0, 0.10317495
7310.0, 0.10312762
7320.0, 0.10308039
7330.0, 0.10303325
7340.0, 0.10298621
7350.0, 0.10293926
7360.0, 0.1028924
7370.0, 0.10284564
7380.0, 0.102798976
7390.0, 0.102752395
7400.0, 0.10270591
7410.0, 0.102659516
7420.0, 0.10261322
7430.0, 0.10256701
7440.0, 0.1025209
7450.0, 0.102474876
7460.0, 0.102428935
7470.0, 0.10238311
7480.0, 0.10233735
7490.0, 0.102291696
7500.0, 0.10224613
7510.0, 0.10220065
7520.0, 0.10215527
7530.0, 0.10210997
7540.0, 0.102064766
7550.0, 0.102019645
7560.0, 0.10197462
7570.0, 0.10192969
7580.0, 0.10188484
7590.0, 0.10184009
7600.0, 0.10179542
7610.0, 0.10175084
7620.0, 0.10170635
7630.0, 0.10166195
7640.0, 0.10161764
7650.0, 0.10157341
7660.0, 0.10152927
7670.0, 0.10148522
7680.0, 0.101441264
7690.0, 0.101397395
7700.0, 0.1013536
7710.0, 0.1013099
7720.0, 0.101266295
7730.0, 0.10122277
7740.0, 0.10117933
7750.0, 0.10113598
7760.0, 0.10109271
7770.0, 0.10104953
7780.0, 0.10100643
7790.0, 0.100963436
7800.0, 0.100920506
7810.0, 0.10087767
7820.0, 0.10083492
7830.0, 0.10079226
7840.0, 0.10074967
7850.0, 0.10070718
7860.0, 0.100664765
7870.0, 0.10062244
7880.0, 0.10058019
7890.0, 0.10053804
7900.0, 0.100495964
7910.0, 0.10045397
7920.0, 0.10041206
7930.0, 0.10037024
7940.0, 0.1003285
7950.0, 0.10028684
7960.0, 0.10024527
7970.0, 0.100203775
7980.0, 0.100162365
7990.0, 0.10012104
8000.0, 0.1000798
8010.0, 0.10003863
8020.0, 0.09999755
8030.0, 0.09995656
8040.0, 0.09991564
8050.0, 0.0998748
8060.0, 0.09983405
8070.0, 0.099793375
8080.0, 0.099752784
8090.0, 0.099712275
8100.0, 0.09967184
8110.0, 0.099631496
8120.0, 0.099591225
8130.0, 0.09955104
8140.0, 0.09951093
8150.0, 0.0994709
8160.0, 0.09943095
8170.0, 0.09939107
8180.0, 0.09935129
8190.0, 0.099311575
8200.0, 0.099271946
8210.0, 0.09923239
8220.0, 0.09919291
8230.0, 0.09915352
8240.0, 0.0991142
8250.0, 0.09907497
8260.0, 0.09903581
8270.0, 0.09899672
8280.0, 0.09895771
8290.0, 0.09891879
8300.0, 0.09887994
8310.0, 0.09884117
8320.0, 0.09880247
8330.0, 0.09876385
8340.0, 0.09872531
8350.0, 0.098686844
8360.0, 0.09864846
8370.0, 0.09861015
8380.0, 0.09857192
8390.0, 0.09853376
8400.0, 0.09849567
8410.0, 0.098457664
8420.0, 0.09841973
8430.0, 0.09838188
8440.0, 0.0983441
8450.0, 0.098306395
8460.0, 0.09826877
8470.0, 0.098231204
8480.0, 0.09819373
8490.0, 0.09815632
8500.0, 0.09811899
8510.0, 0.09808173
8520.0, 0.09804455
8530.0, 0.09800745
8540.0, 0.09797041
8550.0, 0.09793345
8560.0, 0.09789656
8570.0, 0.09785975
8580.0, 0.09782302
8590.0, 0.09778634
8600.0, 0.097749755
8610.0, 0.09771323
8620.0, 0.09767678
8630.0, 0.09764041
8640.0, 0.097604096
8650.0, 0.09756787
8660.0, 0.09753171
8670.0, 0.09749563
8680.0, 0.097459614
8690.0, 0.09742367
8700.0, 0.0973878
8710.0, 0.097352
8720.0, 0.097316265
8730.0, 0.097280614
8740.0, 0.09724502
8750.0, 0.09720951
8760.0, 0.09717406
8770.0, 0.09713869
8780.0, 0.09710339
8790.0, 0.09706816
8800.0, 0.097032994
8810.0, 0.0969979
8820.0, 0.096962884
8830.0, 0.09692792
8840.0, 0.09689304
8850.0, 0.096858226
8860.0, 0.09682348
8870.0, 0.09678881
8880.0, 0.0967542
8890.0, 0.09671967
8900.0, 0.0966852
8910.0, 0.096650794
8920.0, 0.09661646
8930.0, 0.096582204
8940.0, 0.096548006
8950.0, 0.096513875
8960.0, 0.096479826
8970.0, 0.09644583
8980.0, 0.096411906
8990.0, 0.09637805
9000.0, 0.09634426
9010.0, 0.09631054
9020.0, 0.09627689
9030.0, 0.09624331
9040.0, 0.09620979
9050.0, 0.09617633
9060.0, 0.09614295
9070.0, 0.09610963
9080.0, 0.09607638
9090.0, 0.096043184
9100.0, 0.09601006
9110.0, 0.09597701
9120.0, 0.095944025
9130.0, 0.09591109
9140.0, 0.095878236
9150.0, 0.09584545
9160.0, 0.09581272
9170.0, 0.09578006
9180.0, 0.09574747
9190.0, 0.09571494
9200.0, 0.09568247
9210.0, 0.09565007
9220.0, 0.095617734
9230.0, 0.09558546
9240.0, 0.09555325
9250.0, 0.0955211
9260.0, 0.095489025
9270.0, 0.095457
9280.0, 0.095425054
9290.0, 0.095393166
9300.0, 0.09536134
9310.0, 0.09532958
9320.0, 0.09529788
9330.0, 0.095266245
9340.0, 0.09523468
9350.0, 0.09520316
9360.0, 0.09517171
9370.0, 0.09514033
9380.0, 0.095109016
9390.0, 0.09507775
9400.0, 0.09504655
9410.0, 0.09501542
9420.0, 0.09498435
9430.0, 0.094953336
9440.0, 0.094922386
9450.0, 0.0948915
9460.0, 0.09486068
9470.0, 0.09482992
9480.0, 0.09479921
9490.0, 0.09476857
9500.0, 0.09473799
9510.0, 0.094707474
9520.0, 0.09467701
9530.0, 0.09464661
9540.0, 0.09461628
9550.0, 0.094586
9560.0, 0.09455578
9570.0, 0.09452563
9580.0, 0.094495535
9590.0, 0.09446549
9600.0, 0.09443552
9610.0, 0.0944056
9620.0, 0.094375744
9630.0, 0.09434594
9640.0, 0.09431621
9650.0, 0.09428653
9660.0, 0.09425691
9670.0, 0.09422735
9680.0, 0.09419785
9690.0, 0.0941684
9700.0, 0.09413902
9710.0, 0.09410969
9720.0, 0.094080426
9730.0, 0.09405121
9740.0, 0.094022065
9750.0, 0.09399298
9760.0, 0.09396394
9770.0, 0.09393496
9780.0, 0.093906045
9790.0, 0.09387718
9800.0, 0.09384838
9810.0, 0.09381963
9820.0, 0.09379094
9830.0, 0.09376231
9840.0, 0.093733735
9850.0, 0.09370522
9860.0, 0.09367675
9870.0, 0.09364835
9880.0, 0.09362
9890.0, 0.09359172
9900.0, 0.09356348
9910.0, 0.093535304
9920.0, 0.09350718
9930.0, 0.09347911
9940.0, 0.093451105
9950.0, 0.09342315
9960.0, 0.09339525
9970.0, 0.093367405
9980.0, 0.093339615
9990.0, 0.09331189
10000.0, 0.09328421
10010.0, 0.093256585
10020.0, 0.093229026
10030.0, 0.09320151
10040.0, 0.093174055
10050.0, 0.09314665
10060.0, 0.0931193
10070.0, 0.09309201
10080.0, 0.09306477
10090.0, 0.09303759
10100.0, 0.093010455
10110.0, 0.09298338
10120.0, 0.09295636
10130.0, 0.092929386
10140.0, 0.092902474
10150.0, 0.092875615
10160.0, 0.09284881
10170.0, 0.09282205
10180.0, 0.09279535
10190.0, 0.09276871
10200.0, 0.09274211
10210.0, 0.09271558
10220.0, 0.09268909
10230.0, 0.09266265
10240.0, 0.09263626
10250.0, 0.092609935
10260.0, 0.09258366
10270.0, 0.09255744
10280.0, 0.09253126
10290.0, 0.09250514
10300.0, 0.09247907
10310.0, 0.092453055
10320.0, 0.09242709
10330.0, 0.09240118
10340.0, 0.09237531
10350.0, 0.09234951
10360.0, 0.09232375
10370.0, 0.09229804
10380.0, 0.09227238
10390.0, 0.09224677
10400.0, 0.09222123
10410.0, 0.09219572
10420.0, 0.09217027
10430.0, 0.09214487
10440.0, 0.09211952
10450.0, 0.09209421
10460.0, 0.09206896
10470.0, 0.09204377
10480.0, 0.09201862
10490.0, 0.09199352
10500.0, 0.09196848
10510.0, 0.09194347
10520.0, 0.09191853
10530.0, 0.09189363
10540.0, 0.09186878
10550.0, 0.09184398
10560.0, 0.09181923
10570.0, 0.09179453
10580.0, 0.091769874
10590.0, 0.09174527
10600.0, 0.091720715
10610.0, 0.09169621
10620.0, 0.09167176
10630.0, 0.09164736
10640.0, 0.09162299
10650.0, 0.09159868
10660.0, 0.09157442
10670.0, 0.09155021
10680.0, 0.09152604
10690.0, 0.09150193
10700.0, 0.091477856
10710.0, 0.091453835
10720.0, 0.09142986
10730.0, 0.09140594
10740.0, 0.091382064
10750.0, 0.09135824
10760.0, 0.091334455
10770.0, 0.09131072
10780.0, 0.09128703
10790.0, 0.09126339
10800.0, 0.091239795
10810.0, 0.09121625
10820.0, 0.09119275
10830.0, 0.091169305
10840.0, 0.091145895
10850.0, 0.09112254
10860.0, 0.091099225
10870.0, 0.09107596
10880.0, 0.09105274
10890.0, 0.09102957
10900.0, 0.091006435
10910.0, 0.09098336
10920.0, 0.09096033
10930.0, 0.09093734
10940.0, 0.0909144
10950.0, 0.0908915
10960.0, 0.09086865
10970.0, 0.09084584
10980.0, 0.090823084
10990.0, 0.09080037
11000.0, 0.090777695
11010.0, 0.090755075
11020.0, 0.0907325
11030.0, 0.09070996
11040.0, 0.090687476
11050.0, 0.09066503
11060.0, 0.09064262
11070.0, 0.09062027
11080.0, 0.09059796
11090.0, 0.090575695
11100.0, 0.09055347
11110.0, 0.0905313
11120.0, 0.09050916
11130.0, 0.09048707
11140.0, 0.09046503
11150.0, 0.09044303
11160.0, 0.09042107
11170.0, 0.09039915
11180.0, 0.090377286
11190.0, 0.09035546
11200.0, 0.09033368
11210.0, 0.090311944
11220.0, 0.09029024
11230.0, 0.0902686
11240.0, 0.09024698
11250.0, 0.09022542
11260.0, 0.0902039
11270.0, 0.090182416
11280.0, 0.09016098
11290.0, 0.09013958
11300.0, 0.09011823
11310.0, 0.09009693
11320.0, 0.09007566
11330.0, 0.09005444
11340.0, 0.09003325
11350.0, 0.09001211
11360.0, 0.08999102
11370.0, 0.08996996
11380.0, 0.089948945
11390.0, 0.08992797
11400.0, 0.08990704
11410.0, 0.08988616
11420.0, 0.08986531
11430.0, 0.08984451
11440.0, 0.08982374
11450.0, 0.08980302
11460.0, 0.089782335
11470.0, 0.0897617
11480.0, 0.089741096
11490.0, 0.08972055
11500.0, 0.08970003
11510.0, 0.089679554
11520.0, 0.08965912
11530.0, 0.089638725
11540.0, 0.08961838
11550.0, 0.08959807
11560.0, 0.089577794
11570.0, 0.08955756
11580.0, 0.08953737
11590.0, 0.08951722
11600.0, 0.089497104
11610.0, 0.08947704
11620.0, 0.089457005
11630.0, 0.089437015
11640.0, 0.08941706
11650.0, 0.089397155
11660.0, 0.089377284
11670.0, 0.08935745
11680.0, 0.08933766
11690.0, 0.08931791
11700.0, 0.089298196
11710.0, 0.08927852
11720.0, 0.08925889
11730.0, 0.08923929
11740.0, 0.089219734
11750.0, 0.08920022
11760.0, 0.08918074
11770.0, 0.0891613
11780.0, 0.089141905
11790.0, 0.08912254
11800.0, 0.089103214
11810.0, 0.089083925
11820.0, 0.08906468
11830.0, 0.08904547
11840.0, 0.08902631
11850.0, 0.08900718
11860.0, 0.08898809
11870.0, 0.08896903
11880.0, 0.08895001
11890.0, 0.08893103
11900.0, 0.088912085
11910.0, 0.08889319
11920.0, 0.088874325
11930.0, 0.0888555
11940.0, 0.08883671
11950.0, 0.08881795
11960.0, 0.08879923
11970.0, 0.08878056
11980.0, 0.08876192
11990.0, 0.088743314
12000.0, 0.08872474
12010.0, 0.08870622
12020.0, 0.088687725
12030.0, 0.08866927
12040.0, 0.088650845
12050.0, 0.088632464
12060.0, 0.08861412
12070.0, 0.08859581
12080.0, 0.08857754
12090.0, 0.0885593
12100.0, 0.0885411
12110.0, 0.08852294
12120.0, 0.08850481
12130.0, 0.08848672
12140.0, 0.08846867
12150.0, 0.08845065
12160.0, 0.08843266
12170.0, 0.088414714
12180.0, 0.08839681
12190.0, 0.08837893
12200.0, 0.08836109
12210.0, 0.088343285
12220.0, 0.088325515
12230.0, 0.08830778
12240.0, 0.08829008
12250.0, 0.08827242
12260.0, 0.088254794
12270.0, 0.0882372
12280.0, 0.08821964
12290.0, 0.08820213
12300.0, 0.08818463
12310.0, 0.08816718
12320.0, 0.08814977
12330.0, 0.08813239
12340.0, 0.08811504
12350.0, 0.08809772
12360.0, 0.08808044
12370.0, 0.088063195
12380.0, 0.088045985
12390.0, 0.08802881
12400.0, 0.08801167
12410.0, 0.08799456
12420.0, 0.08797749
12430.0, 0.08796045
12440.0, 0.08794344
12450.0, 0.08792647
12460.0, 0.08790954
12470.0, 0.08789264
12480.0, 0.08787577
12490.0, 0.08785892
12500.0, 0.08784213
12510.0, 0.08782536
12520.0, 0.087808624
12530.0, 0.08779192
12540.0, 0.08777525
12550.0, 0.087758616
12560.0, 0.087742016
12570.0, 0.087725446
12580.0, 0.087708905
12590.0, 0.0876924
12600.0, 0.08767594
12610.0, 0.0876595
12620.0, 0.087643094
12630.0, 0.08762672
12640.0, 0.08761038
12650.0, 0.08759408
12660.0, 0.087577805
12670.0, 0.08756156
12680.0, 0.08754535
12690.0, 0.087529175
12700.0, 0.08751303
12710.0, 0.08749692
12720.0, 0.087480836
12730.0, 0.08746479
12740.0, 0.08744877
12750.0, 0.08743279
12760.0, 0.087416835
12770.0, 0.08740091
12780.0, 0.08738503
12790.0, 0.087369174
12800.0, 0.08735334
12810.0, 0.087337546
12820.0, 0.08732179
12830.0, 0.08730606
12840.0, 0.08729036
12850.0, 0.087274686
12860.0, 0.087259054
12870.0, 0.08724345
12880.0, 0.087227866
12890.0, 0.087212324
12900.0, 0.08719681
12910.0, 0.08718134
12920.0, 0.087165885
12930.0, 0.08715046
12940.0, 0.08713507
12950.0, 0.08711972
12960.0, 0.08710439
12970.0, 0.08708909
12980.0, 0.087073825
12990.0, 0.08705859
13000.0, 0.08704338
13010.0, 0.087028205
13020.0, 0.087013066
13030.0, 0.08699795
13040.0, 0.08698286
13050.0, 0.08696781
13060.0, 0.08695279
13070.0, 0.08693779
13080.0, 0.08692283
13090.0, 0.086907886
13100.0, 0.086892985
13110.0, 0.08687811
13120.0, 0.086863264
13130.0, 0.08684845
13140.0, 0.08683366
13150.0, 0.0868189
13160.0, 0.086804174
13170.0, 0.086789474
13180.0, 0.08677481
13190.0, 0.08676017
13200.0, 0.08674556
13210.0, 0.08673098
13220.0, 0.08671643
13230.0, 0.08670191
13240.0, 0.086687416
13250.0, 0.08667295
13260.0, 0.086658515
13270.0, 0.086644106
13280.0, 0.086629726
13290.0, 0.08661537
13300.0, 0.086601056
13310.0, 0.08658676
13320.0, 0.0865725
13330.0, 0.08655826
13340.0, 0.08654405
13350.0, 0.08652987
13360.0, 0.086515725
13370.0, 0.086501606
13380.0, 0.08648751
13390.0, 0.08647344
13400.0, 0.086459406
13410.0, 0.08644539
13420.0, 0.08643141
13430.0, 0.08641746
13440.0, 0.08640353
13450.0, 0.08638963
13460.0, 0.086375766
13470.0, 0.086361915
13480.0, 0.0863481
13490.0, 0.08633432
13500.0, 0.08632056
13510.0, 0.086306825
13520.0, 0.086293116
13530.0, 0.08627944
13540.0, 0.08626578
13550.0, 0.08625217
13560.0, 0.08623856
13570.0, 0.086225
13580.0, 0.08621145
13590.0, 0.08619794
13600.0, 0.08618446
13610.0, 0.08617099
13620.0, 0.08615755
13630.0, 0.08614415
13640.0, 0.08613077
13650.0, 0.08611741
13660.0, 0.08610408
13670.0, 0.08609079
13680.0, 0.08607751
13690.0, 0.08606426
13700.0, 0.08605104
13710.0, 0.086037844
13720.0, 0.08602467
13730.0, 0.08601154
13740.0, 0.085998416
13750.0, 0.085985325
13760.0, 0.085972264
13770.0, 0.085959226
13780.0, 0.08594621
13790.0, 0.08593322
13800.0, 0.08592027
13810.0, 0.08590733
13820.0, 0.08589442
13830.0, 0.085881546
13840.0, 0.08586869
13850.0, 0.08585586
13860.0, 0.08584304
13870.0, 0.085830264
13880.0, 0.085817516
13890.0, 0.08580478
13900.0, 0.08579208
13910.0, 0.085779406
13920.0, 0.08576675
13930.0, 0.08575412
13940.0, 0.08574152
13950.0, 0.085728936
13960.0, 0.08571639
13970.0, 0.08570386
13980.0, 0.08569136
13990.0, 0.085678875
14000.0, 0.085666426
14010.0, 0.085654005
14020.0, 0.0856416
14030.0, 0.08562922
14040.0, 0.085616864
14050.0, 0.08560453
14060.0, 0.08559223
14070.0, 0.08557996
14080.0, 0.085567705
14090.0, 0.08555547
14100.0, 0.08554326
14110.0, 0.085531086
14120.0, 0.08551892
14130.0, 0.08550679
14140.0, 0.08549468
14150.0, 0.0854826
14160.0, 0.085470535
14170.0, 0.0854585
14180.0, 0.08544649
14190.0, 0.085434504
14200.0, 0.08542254
14210.0, 0.085410595
14220.0, 0.085398674
14230.0, 0.08538678
14240.0, 0.085374914
14250.0, 0.08536307
14260.0, 0.08535125
14270.0, 0.08533945
14280.0, 0.08532768
14290.0, 0.08531592
14300.0, 0.08530419
14310.0, 0.08529249
14320.0, 0.085280806
14330.0, 0.08526915
14340.0, 0.085257515
14350.0, 0.08524591
14360.0, 0.085234314
14370.0, 0.08522275
14380.0, 0.0852112
14390.0, 0.08519969
14400.0, 0.085188195
14410.0, 0.085176714
14420.0, 0.08516527
14430.0, 0.08515385
14440.0, 0.08514243
14450.0, 0.08513106
14460.0, 0.0851197
14470.0, 0.08510836
14480.0, 0.08509705
14490.0, 0.08508576
14500.0, 0.08507449
14510.0, 0.08506324
14520.0, 0.08505202
14530.0, 0.085040815
14540.0, 0.08502963
14550.0, 0.08501848
14560.0, 0.08500735
14570.0, 0.08499624
14580.0, 0.084985144
14590.0, 0.08497408
14600.0, 0.08496303
14610.0, 0.084952004
14620.0, 0.08494101
14630.0, 0.084930025
14640.0, 0.084919065
14650.0, 0.084908135
14660.0, 0.08489722
14670.0, 0.08488633
14680.0, 0.08487545
14690.0, 0.08486461
14700.0, 0.084853776
14710.0, 0.08484297
14720.0, 0.08483219
14730.0, 0.084821425
14740.0, 0.08481069
14750.0, 0.08479996
14760.0, 0.08478927
14770.0, 0.08477859
14780.0, 0.08476794
14790.0, 0.084757306
14800.0, 0.08474669
14810.0, 0.0847361
14820.0, 0.08472553
14830.0, 0.08471498
14840.0, 0.08470445
14850.0, 0.08469394
14860.0, 0.08468345
14870.0, 0.08467299
14880.0, 0.08466254
14890.0, 0.08465212
14900.0, 0.08464172
14910.0, 0.08463133
14920.0, 0.084620975
14930.0, 0.084610626
14940.0, 0.08460031
14950.0, 0.08459001
14960.0, 0.084579736
14970.0, 0.08456948
14980.0, 0.08455924
14990.0, 0.08454902
15000.0, 0.08453882
15010.0, 0.08452864
15020.0, 0.08451849
15030.0, 0.08450835
15040.0, 0.084498234
15050.0, 0.08448814
15060.0, 0.084478065
15070.0, 0.08446801
15080.0, 0.08445797
15090.0, 0.08444796
15100.0, 0.08443796
15110.0, 0.08442799
15120.0, 0.08441803
15130.0, 0.08440809
15140.0, 0.08439817
15150.0, 0.08438828
15160.0, 0.0843784
15170.0, 0.08436854
15180.0, 0.084358715
15190.0, 0.084348895
15200.0, 0.0843391
15210.0, 0.08432932
15220.0, 0.08431956
15230.0, 0.084309824
15240.0, 0.0843001
15250.0, 0.0842904
15260.0, 0.084280714
15270.0, 0.08427106
15280.0, 0.08426142
15290.0, 0.0842518
15300.0, 0.08424219
15310.0, 0.0842326
15320.0, 0.08422303
15330.0, 0.08421349
15340.0, 0.08420396
15350.0, 0.08419446
15360.0, 0.08418497
15370.0, 0.0841755
15380.0, 0.08416604
15390.0, 0.08415661
15400.0, 0.08414719
15410.0, 0.084137805
15420.0, 0.084128425
15430.0, 0.08411907
15440.0, 0.08410972
15450.0, 0.08410041
15460.0, 0.084091105
15470.0, 0.08408183
15480.0, 0.08407256
15490.0, 0.08406331
15500.0, 0.08405408
15510.0, 0.08404488
15520.0, 0.08403569
15530.0, 0.084026515
15540.0, 0.08401736
15550.0, 0.084008224
15560.0, 0.0839991
15570.0, 0.08399001
15580.0, 0.083980925
15590.0, 0.083971865
15600.0, 0.08396281
15610.0, 0.08395379
15620.0, 0.083944775
15630.0, 0.08393579
15640.0, 0.08392682
15650.0, 0.083917856
15660.0, 0.08390892
15670.0, 0.083900005
15680.0, 0.0838911
15690.0, 0.08388222
15700.0, 0.083873354
15710.0, 0.0838645
15720.0, 0.083855666
15730.0, 0.08384685
15740.0, 0.08383807
15750.0, 0.08382928
15760.0, 0.08382052
15770.0, 0.08381178
15780.0, 0.08380306
15790.0, 0.08379435
15800.0, 0.08378565
15810.0, 0.08377699
15820.0, 0.08376832
15830.0, 0.08375969
15840.0, 0.08375107
15850.0, 0.08374246
15860.0, 0.08373388
15870.0, 0.0837253
15880.0, 0.08371675
15890.0, 0.08370821
15900.0, 0.083699696
15910.0, 0.0836912
15920.0, 0.083682716
15930.0, 0.083674245
15940.0, 0.08366579
15950.0, 0.083657354
15960.0, 0.08364894
15970.0, 0.08364054
15980.0, 0.083632156
15990.0, 0.08362379
16000.0, 0.083615445
16010.0, 0.08360711
16020.0, 0.08359879
16030.0, 0.08359049
16040.0, 0.0835822
16050.0, 0.08357394
16060.0, 0.08356569
16070.0, 0.08355746
16080.0, 0.08354924
16090.0, 0.083541036
16100.0, 0.08353285
16110.0, 0.08352468
16120.0, 0.08351653
16130.0, 0.08350839
16140.0, 0.083500266
16150.0, 0.08349217
16160.0, 0.08348408
16170.0, 0.08347601
16180.0, 0.08346795
16190.0, 0.083459914
16200.0, 0.0834519
16210.0, 0.08344388
16220.0, 0.08343589
16230.0, 0.08342792
16240.0, 0.083419956
16250.0, 0.083412014
16260.0, 0.08340409
16270.0, 0.08339618
16280.0, 0.083388284
16290.0, 0.0833804
16300.0, 0.08337254
16310.0, 0.083364695
16320.0, 0.08335686
16330.0, 0.08334904
16340.0, 0.08334124
16350.0, 0.08333345
16360.0, 0.08332568
16370.0, 0.08331793
16380.0, 0.08331019
16390.0, 0.08330247
16400.0, 0.08329476
16410.0, 0.08328705
16420.0, 0.08327938
16430.0, 0.08327172
16440.0, 0.08326407
16450.0, 0.08325644
16460.0, 0.083248824
16470.0, 0.08324122
16480.0, 0.08323363
16490.0, 0.08322606
16500.0, 0.08321851
16510.0, 0.08321097
16520.0, 0.08320344
16530.0, 0.08319593
16540.0, 0.08318844
16550.0, 0.08318095
16560.0, 0.08317348
16570.0, 0.08316603
16580.0, 0.083158605
16590.0, 0.08315118
16600.0, 0.08314377
16610.0, 0.08313638
16620.0, 0.083129
16630.0, 0.08312164
16640.0, 0.08311429
16650.0, 0.083106965
16660.0, 0.08309964
16670.0, 0.08309234
16680.0, 0.08308505
16690.0, 0.08307777
16700.0, 0.08307051
16710.0, 0.08306327
16720.0, 0.08305604
16730.0, 0.08304882
16740.0, 0.08304162
16750.0, 0.08303443
16760.0, 0.08302726
16770.0, 0.0830201
16780.0, 0.08301295
16790.0, 0.08300582
16800.0, 0.0829987
16810.0, 0.0829916
16820.0, 0.082984515
16830.0, 0.082977444
16840.0, 0.08297038
16850.0, 0.08296334
16860.0, 0.0829563
16870.0, 0.08294929
16880.0, 0.08294228
16890.0, 0.082935296
16900.0, 0.08292832
16910.0, 0.082921356
16920.0, 0.08291441
16930.0, 0.082907476
16940.0, 0.082900554
16950.0, 0.08289365
16960.0, 0.082886755
16970.0, 0.08287988
16980.0, 0.08287301
16990.0, 0.08286616
17000.0, 0.08285932
17010.0, 0.0828525
17020.0, 0.08284569
17030.0, 0.08283889
17040.0, 0.08283211
17050.0, 0.08282534
17060.0, 0.08281858
17070.0, 0.08281184
17080.0, 0.08280511
17090.0, 0.08279839
17100.0, 0.08279169
17110.0, 0.082785
17120.0, 0.082778335
17130.0, 0.08277167
17140.0, 0.08276502
17150.0, 0.08275838
17160.0, 0.08275176
17170.0, 0.08274516
17180.0, 0.08273855
17190.0, 0.08273197
17200.0, 0.082725406
17210.0, 0.08271885
17220.0, 0.08271231
17230.0, 0.08270577
17240.0, 0.082699254
17250.0, 0.08269275
17260.0, 0.08268626
17270.0, 0.08267978
17280.0, 0.08267332
17290.0, 0.08266686
17300.0, 0.08266043
17310.0, 0.082654
17320.0, 0.082647584
17330.0, 0.08264118
17340.0, 0.08263479
17350.0, 0.082628414
17360.0, 0.08262206
17370.0, 0.0826157
17380.0, 0.08260937
17390.0, 0.082603045
17400.0, 0.082596734
17410.0, 0.08259044
17420.0, 0.08258414
17430.0, 0.08257787
17440.0, 0.08257161
17450.0, 0.08256535
17460.0, 0.082559116
17470.0, 0.082552895
17480.0, 0.08254669
17490.0, 0.08254048
17500.0, 0.0825343
17510.0, 0.08252812
17520.0, 0.08252196
17530.0, 0.08251581
17540.0, 0.082509674
17550.0, 0.08250354
17560.0, 0.08249743
17570.0, 0.08249133
17580.0, 0.08248524
17590.0, 0.082479164
17600.0, 0.08247311
17610.0, 0.08246705
17620.0, 0.082461014
17630.0, 0.08245498
17640.0, 0.08244897
17650.0, 0.08244296
17660.0, 0.08243697
17670.0, 0.08243098
17680.0, 0.08242502
17690.0, 0.08241907
17700.0, 0.082413115
17710.0, 0.082407184
17720.0, 0.08240126
17730.0, 0.08239535
17740.0, 0.08238945
17750.0, 0.082383566
17760.0, 0.082377695
17770.0, 0.08237183
17780.0, 0.08236598
17790.0, 0.08236014
17800.0, 0.082354315
17810.0, 0.082348496
17820.0, 0.08234269
17830.0, 0.08233691
17840.0, 0.08233113
17850.0, 0.082325354
17860.0, 0.082319595
17870.0, 0.08231386
17880.0, 0.08230811
17890.0, 0.08230239
17900.0, 0.082296684
17910.0, 0.08229098
17920.0, 0.08228529
17930.0, 0.082279615
17940.0, 0.08227395
17950.0, 0.08226829
17960.0, 0.08226265
17970.0, 0.08225702
17980.0, 0.08225139
17990.0, 0.08224579
18000.0, 0.08224019
18010.0, 0.0822346
18020.0, 0.08222902
18030.0, 0.08222346
18040.0, 0.0822179
18050.0, 0.08221236
18060.0, 0.08220683
18070.0, 0.08220131
18080.0, 0.082195796
18090.0, 0.0821903
18100.0, 0.082184814
18110.0, 0.08217933
18120.0, 0.08217387
18130.0, 0.08216841
18140.0, 0.08216297
18150.0, 0.08215754
18160.0, 0.08215211
18170.0, 0.0821467
18180.0, 0.0821413
18190.0, 0.08213591
18200.0, 0.08213054
18210.0, 0.082125165
18220.0, 0.0821198
18230.0, 0.08211446
18240.0, 0.08210912
18250.0, 0.0821038
18260.0, 0.082098484
18270.0, 0.08209317
18280.0, 0.08208788
18290.0, 0.0820826
18300.0, 0.082077324
18310.0, 0.082072064
18320.0, 0.08206681
18330.0, 0.082061574
18340.0, 0.08205634
18350.0, 0.08205112
18360.0, 0.082045905
18370.0, 0.082040705
18380.0, 0.08203552
18390.0, 0.08203033
18400.0, 0.08202517
18410.0, 0.082020015
18420.0, 0.082014866
18430.0, 0.08200973
18440.0, 0.0820046
18450.0, 0.08199948
18460.0, 0.08199438
18470.0, 0.08198928
18480.0, 0.08198419
18490.0, 0.08197912
18500.0, 0.08197405
18510.0, 0.08196899
18520.0, 0.08196395
18530.0, 0.08195891
18540.0, 0.08195388
18550.0, 0.08194887
18560.0, 0.08194386
18570.0, 0.08193887
18580.0, 0.081933886
18590.0, 0.08192891
18600.0, 0.08192394
18610.0, 0.08191899
18620.0, 0.08191404
18630.0, 0.081909105
18640.0, 0.08190418
18650.0, 0.08189926
18660.0, 0.08189435
18670.0, 0.08188945
18680.0, 0.08188457
18690.0, 0.08187969
18700.0, 0.081874825
18710.0, 0.08186997
18720.0, 0.08186512
18730.0, 0.08186028
18740.0, 0.081855446
18750.0, 0.081850626
18760.0, 0.08184582
18770.0, 0.08184102
18780.0, 0.08183623
18790.0, 0.08183145
18800.0, 0.08182668
18810.0, 0.08182191
18820.0, 0.081817165
18830.0, 0.08181242
18840.0, 0.081807695
18850.0, 0.081802964
18860.0, 0.08179825
18870.0, 0.08179355
18880.0, 0.081788845
18890.0, 0.08178417
18900.0, 0.08177949
18910.0, 0.08177482
18920.0, 0.08177016
18930.0, 0.08176551
18940.0, 0.081760876
18950.0, 0.08175624
18960.0, 0.08175162
18970.0, 0.08174701
18980.0, 0.081742406
18990.0, 0.08173781
19000.0, 0.08173323
19010.0, 0.08172865
19020.0, 0.081724085
19030.0, 0.08171953
19040.0, 0.08171499
19050.0, 0.08171044
19060.0, 0.08170592
19070.0, 0.0817014
19080.0, 0.08169688
19090.0, 0.08169238
19100.0, 0.08168789
19110.0, 0.081683405
19120.0, 0.08167893
19130.0, 0.08167446
19140.0, 0.08167
19150.0, 0.08166555
19160.0, 0.08166111
19170.0, 0.08165668
19180.0, 0.08165226
19190.0, 0.08164784
19200.0, 0.08164344
19210.0, 0.081639044
19220.0, 0.081634656
19230.0, 0.081630275
19240.0, 0.08162591
19250.0, 0.08162154
19260.0, 0.0816172
19270.0, 0.081612855
19280.0, 0.08160852
19290.0, 0.0816042
19300.0, 0.08159988
19310.0, 0.08159557
19320.0, 0.08159127
19330.0, 0.08158697
19340.0, 0.08158269
19350.0, 0.08157842
19360.0, 0.08157416
19370.0, 0.08156989
19380.0, 0.08156564
19390.0, 0.0815614
19400.0, 0.08155717
19410.0, 0.08155295
19420.0, 0.081548735
19430.0, 0.081544526
19440.0, 0.08154033
19450.0, 0.08153614
19460.0, 0.08153196
19470.0, 0.081527784
19480.0, 0.08152362
19490.0, 0.08151946
19500.0, 0.08151531
19510.0, 0.08151117
19520.0, 0.08150704
19530.0, 0.08150292
19540.0, 0.0814988
19550.0, 0.0814947
19560.0, 0.0814906
19570.0, 0.08148651
19580.0, 0.081482425
19590.0, 0.08147835
19600.0, 0.08147428
19610.0, 0.08147023
19620.0, 0.081466176
19630.0, 0.08146213
19640.0, 0.0814581
19650.0, 0.081454076
19660.0, 0.08145006
19670.0, 0.08144605
19680.0, 0.08144204
19690.0, 0.08143806
19700.0, 0.08143406
19710.0, 0.08143009
19720.0, 0.08142612
19730.0, 0.08142216
19740.0, 0.0814182
19750.0, 0.08141426
19760.0, 0.081410326
19770.0, 0.08140639
19780.0, 0.081402466
19790.0, 0.081398554
19800.0, 0.08139464
19810.0, 0.081390746
19820.0, 0.08138686
19830.0, 0.081382975
19840.0, 0.0813791
19850.0, 0.081375234
19860.0, 0.08137137
19870.0, 0.081367515
19880.0, 0.08136367
19890.0, 0.08135983
19900.0, 0.081356004
19910.0, 0.08135218
19920.0, 0.08134837
19930.0, 0.08134457
19940.0, 0.08134077
19950.0, 0.081336975
19960.0, 0.08133318
19970.0, 0.08132941
19980.0, 0.08132564
19990.0, 0.08132188
20000.0, 0.08131813
20010.0, 0.081314385
20020.0, 0.081310645
20030.0, 0.08130691
20040.0, 0.08130319
20050.0, 0.08129948
20060.0, 0.081295766
20070.0, 0.08129206
20080.0, 0.08128837
20090.0, 0.08128469
20100.0, 0.081281
20110.0, 0.08127733
20120.0, 0.08127367
20130.0, 0.08127001
20140.0, 0.08126636
20150.0, 0.08126272
20160.0, 0.08125908
20170.0, 0.08125545
20180.0, 0.08125184
20190.0, 0.081248224
20200.0, 0.08124461
20210.0, 0.08124101
20220.0, 0.08123742
20230.0, 0.08123384
20240.0, 0.08123026
20250.0, 0.08122669
20260.0, 0.08122313
20270.0, 0.08121956
20280.0, 0.081216015
20290.0, 0.081212476
20300.0, 0.08120894
20310.0, 0.081205405
20320.0, 0.081201896
20330.0, 0.08119838
20340.0, 0.08119487
20350.0, 0.08119137
20360.0, 0.081187874
20370.0, 0.08118439
20380.0, 0.08118091
20390.0, 0.08117744
20400.0, 0.08117398
20410.0, 0.081170514
20420.0, 0.081167065
20430.0, 0.08116362
20440.0, 0.08116019
20450.0, 0.08115675
20460.0, 0.08115333
20470.0, 0.08114991
20480.0, 0.0811465
20490.0, 0.0811431
20500.0, 0.0811397
20510.0, 0.081136316
20520.0, 0.081132926
20530.0, 0.08112956
20540.0, 0.08112618
20550.0, 0.08112282
20560.0, 0.08111946
20570.0, 0.08111612
20580.0, 0.08111278
20590.0, 0.081109434
20600.0, 0.08110611
20610.0, 0.08110278
20620.0, 0.081099465
20630.0, 0.081096165
20640.0, 0.081092864
20650.0, 0.081089556
20660.0, 0.08108627
20670.0, 0.08108299
20680.0, 0.081079714
20690.0, 0.08107644
20700.0, 0.08107318
20710.0, 0.081069924
20720.0, 0.08106667
20730.0, 0.08106343
20740.0, 0.08106019
20750.0, 0.08105696
20760.0, 0.081053734
20770.0, 0.081050515
20780.0, 0.081047304
20790.0, 0.0810441
20800.0, 0.081040904
20810.0, 0.08103771
20820.0, 0.08103452
20830.0, 0.081031345
20840.0, 0.08102817
20850.0, 0.081025
20860.0, 0.081021845
20870.0, 0.08101869
20880.0, 0.08101554
20890.0, 0.0810124
20900.0, 0.08100927
20910.0, 0.08100613
20920.0, 0.08100301
20930.0, 0.08099989
20940.0, 0.08099679
20950.0, 0.08099368
20960.0, 0.080990575
20970.0, 0.08098749
20980.0, 0.080984406
20990.0, 0.08098133
21000.0, 0.08097825
21010.0, 0.08097518
21020.0, 0.08097212
21030.0, 0.080969065
21040.0, 0.08096602
21050.0, 0.08096297
21060.0, 0.08095994
21070.0, 0.08095691
21080.0, 0.08095388
21090.0, 0.08095086
21100.0, 0.080947846
21110.0, 0.08094484
21120.0, 0.08094185
21130.0, 0.080938846
21140.0, 0.080935866
21150.0, 0.080932885
21160.0, 0.0809299
21170.0, 0.08092693
21180.0, 0.08092397
21190.0, 0.08092101
21200.0, 0.08091806
21210.0, 0.08091511
21220.0, 0.080912165
21230.0, 0.08090923
21240.0, 0.0809063
21250.0, 0.08090338
21260.0, 0.08090046
21270.0, 0.080897555
21280.0, 0.08089465
21290.0, 0.08089174
21300.0, 0.08088885
21310.0, 0.08088596
21320.0, 0.08088308
21330.0, 0.0808802
21340.0, 0.080877334
21350.0, 0.080874465
21360.0, 0.080871604
21370.0, 0.08086875
21380.0, 0.0808659
21390.0, 0.08086306
21400.0, 0.08086022
21410.0, 0.08085739
21420.0, 0.080854565
21430.0, 0.08085174
21440.0, 0.080848925
21450.0, 0.080846116
21460.0, 0.08084332
21470.0, 0.08084052
21480.0, 0.08083773
21490.0, 0.08083494
21500.0, 0.08083216
21510.0, 0.08082938
21520.0, 0.08082662
21530.0, 0.080823846
21540.0, 0.08082109
21550.0, 0.08081834
21560.0, 0.08081558
21570.0, 0.08081285
21580.0, 0.08081011
21590.0, 0.08080738
21600.0, 0.08080465
21610.0, 0.080801934
21620.0, 0.080799215
21630.0, 0.08079651
21640.0, 0.0807938
21650.0, 0.0807911
21660.0, 0.08078841
21670.0, 0.08078572
21680.0, 0.08078304
21690.0, 0.08078036
21700.0, 0.08077769
21710.0, 0.08077502
21720.0, 0.08077236
21730.0, 0.0807697
21740.0, 0.08076706
21750.0, 0.08076441
21760.0, 0.08076177
21770.0, 0.08075913
21780.0, 0.08075651
21790.0, 0.080753885
21800.0, 0.08075126
21810.0, 0.080748655
21820.0, 0.08074604
21830.0, 0.08074343
21840.0, 0.08074084
21850.0, 0.08073825
21860.0, 0.08073565
21870.0, 0.080733076
21880.0, 0.0807305
21890.0, 0.08072793
21900.0, 0.08072536
21910.0, 0.080722794
21920.0, 0.08072024
21930.0, 0.08071768
21940.0, 0.08071514
21950.0, 0.080712594
21960.0, 0.08071006
21970.0, 0.08070753
21980.0, 0.080705
21990.0, 0.08070248
22000.0, 0.080699965
22010.0, 0.080697455
22020.0, 0.08069494
22030.0, 0.08069245
22040.0, 0.080689944
22050.0, 0.08068746
22060.0, 0.080684975
22070.0, 0.08068249
22080.0, 0.08068001
22090.0, 0.08067755
22100.0, 0.08067507
22110.0, 0.080672614
22120.0, 0.08067016
22130.0, 0.080667704
22140.0, 0.08066525
22150.0, 0.08066282
22160.0, 0.08066038
22170.0, 0.08065795
22180.0, 0.08065552
22190.0, 0.080653094
22200.0, 0.08065068
22210.0, 0.080648266
22220.0, 0.08064586
22230.0, 0.08064345
22240.0, 0.08064106
22250.0, 0.08063866
22260.0, 0.08063628
22270.0, 0.080633886
22280.0, 0.08063151
22290.0, 0.08062914
22300.0, 0.08062676
22310.0, 0.0806244
22320.0, 0.08062205
22330.0, 0.080619685
22340.0, 0.08061733
22350.0, 0.080614984
22360.0, 0.080612645
22370.0, 0.08061031
22380.0, 0.08060798
22390.0, 0.08060565
22400.0, 0.080603324
22410.0, 0.08060101
22420.0, 0.0805987
22430.0, 0.08059638
22440.0, 0.08059408
22450.0, 0.08059178
22460.0, 0.08058949
22470.0, 0.08058719
22480.0, 0.08058491
22490.0, 0.080582626
22500.0, 0.08058035
22510.0, 0.080578074
22520.0, 0.08057581
22530.0, 0.080573544
22540.0, 0.08057129
22550.0, 0.08056903
22560.0, 0.080566786
22570.0, 0.080564536
22580.0, 0.08056229
22590.0, 0.08056006
22600.0, 0.08055783
22610.0, 0.0805556
22620.0, 0.080553375
22630.0, 0.080551155
22640.0, 0.08054894
22650.0, 0.08054673
22660.0, 0.080544524
22670.0, 0.08054233
22680.0, 0.080540136
22690.0, 0.08053794
22700.0, 0.080535755
22710.0, 0.080533564
22720.0, 0.08053139
22730.0, 0.08052922
22740.0, 0.080527045
22750.0, 0.08052488
22760.0, 0.080522716
22770.0, 0.08052056
22780.0, 0.08051841
22790.0, 0.08051626
22800.0, 0.08051411
22810.0, 0.08051197
22820.0, 0.080509834
22830.0, 0.0805077
22840.0, 0.08050558
22850.0, 0.08050346
22860.0, 0.08050133
22870.0, 0.080499224
22880.0, 0.08049711
22890.0, 0.08049501
22900.0, 0.080492906
22910.0, 0.08049081
22920.0, 0.08048871
22930.0, 0.080486625
22940.0, 0.08048454
22950.0, 0.08048245
22960.0, 0.08048038
22970.0, 0.08047831
22980.0, 0.08047624
22990.0, 0.080474176
23000.0, 0.08047211
23010.0, 0.08047006
23020.0, 0.08046801
23030.0, 0.08046596
23040.0, 0.080463916
23050.0, 0.080461875
23060.0, 0.08045984
23070.0, 0.0804578
23080.0, 0.08045578
23090.0, 0.08045375
23100.0, 0.080451734
23110.0, 0.080449715
23120.0, 0.08044771
23130.0, 0.08044571
23140.0, 0.080443695
23150.0, 0.0804417
23160.0, 0.0804397
23170.0, 0.08043771
23180.0, 0.08043572
23190.0, 0.08043374
23200.0, 0.08043176
23210.0, 0.080429785
23220.0, 0.08042782
23230.0, 0.08042585
23240.0, 0.08042388
23250.0, 0.08042192
23260.0, 0.080419965
23270.0, 0.08041801
23280.0, 0.08041607
23290.0, 0.080414124
23300.0, 0.08041218
23310.0, 0.08041024
23320.0, 0.08040831
23330.0, 0.08040638
23340.0, 0.08040446
23350.0, 0.08040254
23360.0, 0.08040062
23370.0, 0.08039871
23380.0, 0.0803968
23390.0, 0.080394894
23400.0, 0.08039299
23410.0, 0.080391094
23420.0, 0.080389194
23430.0, 0.0803873
23440.0, 0.08038542
23450.0, 0.08038353
23460.0, 0.080381654
23470.0, 0.08037978
23480.0, 0.080377914
23490.0, 0.080376044
23500.0, 0.080374174
23510.0, 0.08037231
23520.0, 0.080370456
23530.0, 0.0803686
23540.0, 0.08036676
23550.0, 0.08036491
23560.0, 0.080363065
23570.0, 0.080361225
23580.0, 0.0803594
23590.0, 0.08035757
23600.0, 0.08035573
23610.0, 0.080353916
23620.0, 0.08035209
23630.0, 0.08035027
23640.0, 0.08034846
23650.0, 0.08034666
23660.0, 0.08034485
23670.0, 0.08034305
23680.0, 0.08034125
23690.0, 0.080339454
23700.0, 0.080337666
23710.0, 0.08033587
23720.0, 0.0803341
23730.0, 0.08033231
23740.0, 0.08033053
23750.0, 0.08032876
23760.0, 0.08032699
23770.0, 0.08032522
23780.0, 0.08032346
23790.0, 0.0803217
23800.0, 0.08031994
23810.0, 0.0803182
23820.0, 0.08031644
23830.0, 0.0803147
23840.0, 0.08031295
23850.0, 0.08031122
23860.0, 0.08030948
23870.0, 0.08030775
23880.0, 0.08030602
23890.0, 0.080304295
23900.0, 0.08030258
23910.0, 0.08030087
23920.0, 0.08029915
23930.0, 0.08029744
23940.0, 0.08029573
23950.0, 0.08029403
23960.0, 0.08029233
23970.0, 0.08029062
23980.0, 0.08028893
23990.0, 0.08028725
24000.0, 0.08028556
24010.0, 0.08028387
24020.0, 0.08028219
24030.0, 0.08028052
24040.0, 0.08027884
24050.0, 0.08027717
24060.0, 0.080275506
24070.0, 0.080273844
24080.0, 0.08027218
24090.0, 0.08027053
24100.0, 0.08026887
24110.0, 0.08026722
24120.0, 0.080265574
24130.0, 0.080263935
24140.0, 0.080262296
24150.0, 0.08026066
24160.0, 0.080259025
24170.0, 0.080257386
24180.0, 0.08025576
24190.0, 0.08025414
24200.0, 0.08025251
24210.0, 0.0802509
24220.0, 0.08024929
24230.0, 0.08024767
24240.0, 0.08024607
24250.0, 0.08024446
24260.0, 0.08024286
24270.0, 0.08024126
24280.0, 0.08023967
24290.0, 0.080238074
24300.0, 0.08023649
24310.0, 0.0802349
24320.0, 0.08023332
24330.0, 0.08023174
24340.0, 0.08023016
24350.0, 0.08022859
24360.0, 0.08022702
24370.0, 0.08022545
24380.0, 0.080223896
24390.0, 0.08022233
24400.0, 0.080220774
24410.0, 0.08021922
24420.0, 0.08021767
24430.0, 0.08021612
24440.0, 0.080214575
24450.0, 0.080213025
24460.0, 0.0802115
24470.0, 0.080209956
24480.0, 0.08020843
24490.0, 0.08020689
24500.0, 0.08020537
24510.0, 0.080203846
24520.0, 0.080202326
24530.0, 0.080200806
24540.0, 0.080199294
24550.0, 0.08019778
24560.0, 0.08019628
24570.0, 0.080194764
24580.0, 0.08019327
24590.0, 0.08019177
24600.0, 0.08019027
24610.0, 0.08018878
24620.0, 0.08018729
24630.0, 0.0801858
24640.0, 0.08018432
24650.0, 0.080182835
24660.0, 0.08018135
24670.0, 0.080179885
24680.0, 0.08017841
24690.0, 0.080176935
24700.0, 0.080175474
24710.0, 0.08017401
24720.0, 0.08017255
24730.0, 0.08017109
24740.0, 0.08016964
24750.0, 0.08016819
24760.0, 0.080166735
24770.0, 0.08016529
24780.0, 0.080163844
24790.0, 0.080162406
24800.0, 0.08016097
24810.0, 0.08015953
24820.0, 0.0801581
24830.0, 0.08015667
24840.0, 0.080155246
24850.0, 0.08015382
24860.0, 0.08015241
24870.0, 0.080150984
24880.0, 0.080149576
24890.0, 0.08014815
24900.0, 0.08014675
24910.0, 0.08014534
24920.0, 0.080143936
24930.0, 0.08014254
24940.0, 0.08014114
24950.0, 0.08013975
24960.0, 0.080138355
24970.0, 0.08013696
24980.0, 0.08013558
24990.0, 0.08013419
25000.0, 0.08013281
25010.0, 0.080131434
25020.0, 0.08013006
25030.0, 0.080128685
25040.0, 0.080127314
25050.0, 0.08012595
25060.0, 0.08012458
25070.0, 0.08012322
25080.0, 0.08012186
25090.0, 0.08012051
25100.0, 0.08011915
25110.0, 0.0801178
25120.0, 0.08011645
25130.0, 0.08011511
25140.0, 0.08011376
25150.0, 0.08011242
25160.0, 0.08011109
25170.0, 0.08010975
25180.0, 0.08010842
25190.0, 0.08010709
25200.0, 0.08010576
25210.0, 0.08010443
25220.0, 0.080103114
25230.0, 0.080101795
25240.0, 0.08010048
25250.0, 0.080099165
25260.0, 0.080097854
25270.0, 0.08009654
25280.0, 0.08009524
25290.0, 0.080093935
25300.0, 0.08009263
25310.0, 0.080091335
25320.0, 0.08009004
25330.0, 0.08008875
25340.0, 0.08008746
25350.0, 0.08008617
25360.0, 0.08008488
25370.0, 0.0800836
25380.0, 0.08008232
25390.0, 0.080081046
25400.0, 0.08007977
25410.0, 0.0800785
25420.0, 0.08007723
25430.0, 0.08007596
25440.0, 0.0800747
25450.0, 0.08007343
25460.0, 0.08007217
25470.0, 0.08007091
25480.0, 0.08006966
25490.0, 0.08006841
25500.0, 0.08006716
25510.0, 0.080065906
25520.0, 0.08006467
25530.0, 0.080063425
25540.0, 0.08006219
25550.0, 0.08006095
25560.0, 0.080059715
25570.0, 0.08005848
25580.0, 0.08005725
25590.0, 0.08005602
25600.0, 0.0800548
25610.0, 0.080053575
25620.0, 0.08005235
25630.0, 0.08005114
25640.0, 0.08004992
25650.0, 0.0800487
25660.0, 0.0800475
25670.0, 0.08004629
25680.0, 0.08004508
25690.0, 0.08004388
25700.0, 0.08004268
25710.0, 0.08004148
25720.0, 0.08004028
25730.0, 0.08003909
25740.0, 0.08003791
25750.0, 0.080036715
25760.0, 0.08003552
25770.0, 0.08003434
25780.0, 0.08003316
25790.0, 0.08003198
25800.0, 0.0800308
25810.0, 0.08002963
25820.0, 0.08002846
25830.0, 0.08002728
25840.0, 0.08002612
25850.0, 0.08002496
25860.0, 0.08002379
25870.0, 0.08002263
25880.0, 0.08002147
25890.0, 0.080020316
25900.0, 0.08001916
25910.0, 0.08001801
25920.0, 0.08001687
25930.0, 0.08001572
25940.0, 0.08001457
25950.0, 0.08001343
25960.0, 0.080012284
25970.0, 0.08001115
25980.0, 0.08001001
25990.0, 0.08000889
26000.0, 0.080007754
26010.0, 0.08000662
26020.0, 0.0800055
26030.0, 0.08000437
26040.0, 0.080003254
26050.0, 0.08000213
26060.0, 0.08000102
26070.0, 0.079999894
26080.0, 0.079998784
26090.0, 0.07999767
26100.0, 0.07999657
26110.0, 0.07999546
26120.0, 0.07999436
26130.0, 0.07999325
26140.0, 0.07999215
26150.0, 0.07999106
26160.0, 0.07998996
26170.0, 0.079988874
26180.0, 0.07998778
26190.0, 0.07998669
26200.0, 0.079985596
26210.0, 0.079984516
26220.0, 0.079983436
26230.0, 0.079982355
26240.0, 0.07998128
26250.0, 0.07998021
26260.0, 0.07997913
26270.0, 0.079978056
26280.0, 0.07997698
26290.0, 0.07997592
26300.0, 0.07997486
26310.0, 0.079973795
26320.0, 0.07997273
26330.0, 0.07997168
26340.0, 0.07997061
26350.0, 0.07996956
26360.0, 0.07996851
26370.0, 0.07996746
26380.0, 0.07996641
26390.0, 0.07996537
26400.0, 0.079964325
26410.0, 0.07996328
26420.0, 0.07996224
26430.0, 0.0799612
26440.0, 0.07996017
26450.0, 0.07995913
26460.0, 0.0799581
26470.0, 0.079957075
26480.0, 0.07995605
26490.0, 0.07995503
26500.0, 0.079954
26510.0, 0.07995298
26520.0, 0.07995196
26530.0, 0.07995094
26540.0, 0.07994993
26550.0, 0.07994891
26560.0, 0.079947904
26570.0, 0.07994689
26580.0, 0.079945885
26590.0, 0.079944886
26600.0, 0.07994388
26610.0, 0.079942875
26620.0, 0.079941876
26630.0, 0.07994088
26640.0, 0.07993989
26650.0, 0.079938896
26660.0, 0.079937905
26670.0, 0.079936914
26680.0, 0.07993593
26690.0, 0.07993494
26700.0, 0.079933956
26710.0, 0.07993297
26720.0, 0.079932
26730.0, 0.07993102
26740.0, 0.079930045
26750.0, 0.07992907
26760.0, 0.0799281
26770.0, 0.07992713
26780.0, 0.07992616
26790.0, 0.079925194
26800.0, 0.07992423
26810.0, 0.07992327
26820.0, 0.07992231
26830.0, 0.07992136
26840.0, 0.079920396
26850.0, 0.07991944
26860.0, 0.0799185
26870.0, 0.07991754
26880.0, 0.0799166
26890.0, 0.07991565
26900.0, 0.079914704
26910.0, 0.07991376
26920.0, 0.07991282
26930.0, 0.07991188
26940.0, 0.07991094
26950.0, 0.07991
26960.0, 0.07990907
26970.0, 0.07990814
26980.0, 0.07990721
26990.0, 0.07990629
27000.0, 0.07990536
27010.0, 0.07990444
27020.0, 0.07990351
27030.0, 0.0799026
27040.0, 0.07990167
27050.0, 0.07990076
27060.0, 0.07989984
27070.0, 0.07989892
27080.0, 0.07989802
27090.0, 0.07989711
27100.0, 0.079896204
27110.0, 0.079895295
27120.0, 0.07989439
27130.0, 0.079893485
27140.0, 0.07989258
27150.0, 0.0798917
27160.0, 0.079890795
27170.0, 0.0798899
27180.0, 0.07988901
27190.0, 0.07988811
27200.0, 0.079887226
27210.0, 0.07988634
27220.0, 0.07988545
27230.0, 0.07988457
27240.0, 0.07988369
27250.0, 0.07988281
27260.0, 0.07988192
27270.0, 0.07988104
27280.0, 0.07988018
27290.0, 0.0798793
27300.0, 0.07987843
27310.0, 0.079877555
27320.0, 0.07987669
27330.0, 0.07987582
27340.0, 0.079874955
27350.0, 0.07987409
27360.0, 0.079873234
27370.0, 0.07987237
27380.0, 0.07987151
27390.0, 0.079870656
27400.0, 0.0798698
27410.0, 0.07986895
27420.0, 0.0798681
27430.0, 0.07986725
27440.0, 0.0798664
27450.0, 0.07986556
27460.0, 0.07986471
27470.0, 0.07986386
27480.0, 0.07986303
27490.0, 0.079862185
27500.0, 0.07986134
27510.0, 0.079860516
27520.0, 0.079859674
27530.0, 0.07985885
27540.0, 0.07985801
27550.0, 0.079857185
27560.0, 0.07985636
27570.0, 0.07985553
27580.0, 0.07985471
27590.0, 0.079853885
27600.0, 0.07985306
27610.0, 0.079852246
27620.0, 0.079851426
27630.0, 0.079850614
27640.0, 0.079849795
27650.0, 0.07984898
27660.0, 0.07984817
27670.0, 0.07984736
27680.0, 0.07984655
27690.0, 0.07984574
27700.0, 0.079844944
27710.0, 0.07984413
27720.0, 0.079843335
27730.0, 0.07984253
27740.0, 0.07984174
27750.0, 0.079840936
27760.0, 0.079840146
27770.0, 0.07983935
27780.0, 0.07983856
27790.0, 0.07983776
27800.0, 0.07983698
27810.0, 0.07983619
27820.0, 0.07983541
27830.0, 0.07983462
27840.0, 0.079833835
27850.0, 0.07983306
27860.0, 0.07983228
27870.0, 0.0798315
27880.0, 0.07983072
27890.0, 0.07982995
27900.0, 0.07982917
27910.0, 0.079828404
27920.0, 0.07982763
27930.0, 0.07982686
27940.0, 0.0798261
27950.0, 0.07982533
27960.0, 0.07982457
27970.0, 0.0798238
27980.0, 0.07982304
27990.0, 0.07982229
28000.0, 0.07982153
28010.0, 0.07982077
28020.0, 0.079820015
28030.0, 0.07981926
28040.0, 0.07981851
28050.0, 0.07981776
28060.0, 0.079817005
28070.0, 0.07981627
28080.0, 0.079815514
28090.0, 0.07981477
28100.0, 0.07981403
28110.0, 0.07981329
28120.0, 0.07981255
28130.0, 0.07981181
28140.0, 0.07981107
28150.0, 0.079810336
28160.0, 0.0798096
28170.0, 0.07980886
28180.0, 0.07980814
28190.0, 0.07980741
28200.0, 0.07980668
28210.0, 0.07980595
28220.0, 0.079805225
28230.0, 0.0798045
28240.0, 0.07980377
28250.0, 0.07980306
28260.0, 0.07980234
28270.0, 0.07980162
28280.0, 0.079800904
28290.0, 0.07980019
28300.0, 0.07979947
28310.0, 0.079798765
28320.0, 0.07979806
28330.0, 0.07979734
28340.0, 0.079796635
28350.0, 0.07979593
28360.0, 0.07979523
28370.0, 0.07979451
28380.0, 0.07979381
28390.0, 0.07979311
28400.0, 0.07979242
28410.0, 0.07979172
28420.0, 0.07979102
28430.0, 0.079790324
28440.0, 0.07978963
28450.0, 0.07978894
28460.0, 0.079788245
28470.0, 0.07978756
28480.0, 0.07978686
28490.0, 0.079786174
28500.0, 0.07978549
28510.0, 0.07978481
28520.0, 0.079784125
28530.0, 0.07978345
28540.0, 0.07978276
28550.0, 0.07978208
28560.0, 0.079781406
28570.0, 0.07978073
28580.0, 0.07978006
28590.0, 0.07977938
28600.0, 0.07977871
28610.0, 0.07977804
28620.0, 0.07977736
28630.0, 0.0797767
28640.0, 0.07977603
28650.0, 0.07977536
28660.0, 0.0797747
28670.0, 0.07977404
28680.0, 0.079773374
28690.0, 0.07977272
28700.0, 0.07977206
28710.0, 0.0797714
28720.0, 0.079770744
28730.0, 0.07977009
28740.0, 0.07976944
28750.0, 0.079768784
28760.0, 0.07976813
28770.0, 0.07976748
28780.0, 0.07976683
28790.0, 0.079766184
28800.0, 0.079765536
28810.0, 0.079764895
28820.0, 0.07976425
28830.0, 0.079763606
28840.0, 0.079762965
28850.0, 0.079762325
28860.0, 0.07976169
28870.0, 0.07976105
28880.0, 0.07976042
28890.0, 0.079759784
28900.0, 0.07975915
28910.0, 0.07975852
28920.0, 0.079757884
28930.0, 0.07975726
28940.0, 0.079756625
28950.0, 0.079756
28960.0, 0.07975537
28970.0, 0.07975475
28980.0, 0.07975413
28990.0, 0.0797535
29000.0, 0.07975289
29010.0, 0.079752274
29020.0, 0.079751655
29030.0, 0.07975104
29040.0, 0.07975042
29050.0, 0.0797498
29060.0, 0.07974919
29070.0, 0.07974858
29080.0, 0.07974797
29090.0, 0.07974736
29100.0, 0.079746746
29110.0, 0.07974614
29120.0, 0.07974553
29130.0, 0.079744935
29140.0, 0.07974433
29150.0, 0.07974373
29160.0, 0.079743125
29170.0, 0.07974252
29180.0, 0.079741925
29190.0, 0.07974133
29200.0, 0.079740725
29210.0, 0.07974013
29220.0, 0.07973955
29230.0, 0.07973895
29240.0, 0.079738356
29250.0, 0.07973777
29260.0, 0.07973718
29270.0, 0.07973659
29280.0, 0.079736
29290.0, 0.07973542
29300.0, 0.07973483
29310.0, 0.07973425
29320.0, 0.07973367
29330.0, 0.07973308
29340.0, 0.0797325
29350.0, 0.079731934
29360.0, 0.07973135
29370.0, 0.07973077
29380.0, 0.0797302
29390.0, 0.079729624
29400.0, 0.07972906
29410.0, 0.079728484
29420.0, 0.07972791
29430.0, 0.07972734
29440.0, 0.07972677
29450.0, 0.079726204
29460.0, 0.07972564
29470.0, 0.07972507
29480.0, 0.079724506
29490.0, 0.07972395
29500.0, 0.07972339
29510.0, 0.07972282
29520.0, 0.07972226
29530.0, 0.07972171
29540.0, 0.07972115
29550.0, 0.079720594
29560.0, 0.079720035
29570.0, 0.07971949
29580.0, 0.07971893
29590.0, 0.07971838
29600.0, 0.07971783
29610.0, 0.079717286
29620.0, 0.079716735
29630.0, 0.07971618
29640.0, 0.07971564
29650.0, 0.079715095
29660.0, 0.07971455
29670.0, 0.07971401
29680.0, 0.07971347
29690.0, 0.07971293
29700.0, 0.07971238
29710.0, 0.079711854
29720.0, 0.07971131
29730.0, 0.079710774
29740.0, 0.07971024
29750.0, 0.07970971
29760.0, 0.07970917
29770.0, 0.079708636
29780.0, 0.07970811
29790.0, 0.07970758
29800.0, 0.07970705
29810.0, 0.07970652
29820.0, 0.07970599
29830.0, 0.07970546
29840.0, 0.07970495
29850.0, 0.07970442
29860.0, 0.079703905
29870.0, 0.079703376
29880.0, 0.079702854
29890.0, 0.07970234
29900.0, 0.07970182
29910.0, 0.0797013
29920.0, 0.07970078
29930.0, 0.07970027
29940.0, 0.079699755
29950.0, 0.07969924
29960.0, 0.07969873
29970.0, 0.07969822
29980.0, 0.079697706
29990.0, 0.07969719
30000.0, 0.07969669
