Energy (in eV), backscattering yield of material gr2k-NASCAP at isotropic incidence
   X,       Y
0.0, 0.0
10.0, 0.0
20.0, 0.0
30.0, 0.0
40.0, 0.0
50.0, 0.0
60.0, 0.08909285
70.0, 0.11395843
80.0, 0.13148747
90.0, 0.1452084
100.0, 0.15651408
110.0, 0.16612907
120.0, 0.17448694
130.0, 0.18187058
140.0, 0.18847588
150.0, 0.19444455
160.0, 0.19988264
170.0, 0.2048717
180.0, 0.20947573
190.0, 0.21374606
200.0, 0.21772443
210.0, 0.22144514
220.0, 0.22493696
230.0, 0.228224
240.0, 0.23132682
250.0, 0.23426308
260.0, 0.23704799
270.0, 0.2396948
280.0, 0.24221514
290.0, 0.24461922
300.0, 0.24691604
310.0, 0.24911365
320.0, 0.25121924
330.0, 0.2532392
340.0, 0.25517938
350.0, 0.2570449
360.0, 0.25884062
370.0, 0.26057076
380.0, 0.26223922
390.0, 0.26384962
400.0, 0.2654053
410.0, 0.26690918
420.0, 0.2683641
430.0, 0.2697726
440.0, 0.27113703
450.0, 0.27245963
460.0, 0.27374238
470.0, 0.27498722
480.0, 0.2761959
490.0, 0.2773701
500.0, 0.27851132
510.0, 0.27962098
520.0, 0.28070045
530.0, 0.281751
540.0, 0.28277382
550.0, 0.28377002
560.0, 0.28474066
570.0, 0.28568667
580.0, 0.28660914
590.0, 0.2875088
600.0, 0.28838658
610.0, 0.28924322
620.0, 0.29007947
630.0, 0.2908961
640.0, 0.29169372
650.0, 0.29247305
660.0, 0.29323462
670.0, 0.29397908
680.0, 0.29470694
690.0, 0.29541874
700.0, 0.29611498
710.0, 0.29679617
720.0, 0.29746273
730.0, 0.29811513
740.0, 0.2987538
750.0, 0.2993791
760.0, 0.29999146
770.0, 0.30059117
780.0, 0.30117875
790.0, 0.3017544
800.0, 0.30231845
810.0, 0.3028713
820.0, 0.30341315
830.0, 0.30394438
840.0, 0.3044652
850.0, 0.3049759
860.0, 0.30547678
870.0, 0.30596802
880.0, 0.30644998
890.0, 0.3069227
900.0, 0.3073866
910.0, 0.30784178
920.0, 0.30828848
930.0, 0.30872685
940.0, 0.30915716
950.0, 0.3095796
960.0, 0.3099943
970.0, 0.3104015
980.0, 0.3108013
990.0, 0.31119388
1000.0, 0.3115794
1010.0, 0.31138963
1020.0, 0.31120014
1030.0, 0.311011
1040.0, 0.3108221
1050.0, 0.31063357
1060.0, 0.3104453
1070.0, 0.31025738
1080.0, 0.31006974
1090.0, 0.30988243
1100.0, 0.3096954
1110.0, 0.30950868
1120.0, 0.30932227
1130.0, 0.30913615
1140.0, 0.30895036
1150.0, 0.30876487
1160.0, 0.30857968
1170.0, 0.3083948
1180.0, 0.3082102
1190.0, 0.30802593
1200.0, 0.30784193
1210.0, 0.30765823
1220.0, 0.30747485
1230.0, 0.30729175
1240.0, 0.307109
1250.0, 0.3069265
1260.0, 0.3067443
1270.0, 0.3065624
1280.0, 0.30638084
1290.0, 0.30619952
1300.0, 0.30601853
1310.0, 0.3058378
1320.0, 0.3056574
1330.0, 0.30547732
1340.0, 0.3052975
1350.0, 0.30511796
1360.0, 0.30493876
1370.0, 0.3047598
1380.0, 0.30458117
1390.0, 0.30440283
1400.0, 0.3042248
1410.0, 0.30404702
1420.0, 0.30386955
1430.0, 0.30369237
1440.0, 0.30351546
1450.0, 0.3033389
1460.0, 0.30316254
1470.0, 0.30298656
1480.0, 0.30281082
1490.0, 0.30263537
1500.0, 0.30246025
1510.0, 0.30228537
1520.0, 0.3021108
1530.0, 0.30193648
1540.0, 0.3017625
1550.0, 0.30158877
1560.0, 0.30141535
1570.0, 0.3012422
1580.0, 0.30106935
1590.0, 0.30089676
1600.0, 0.30072448
1610.0, 0.30055246
1620.0, 0.30038077
1630.0, 0.3002093
1640.0, 0.30003816
1650.0, 0.29986727
1660.0, 0.29969665
1670.0, 0.29952636
1680.0, 0.29935634
1690.0, 0.2991866
1700.0, 0.2990171
1710.0, 0.2988479
1720.0, 0.298679
1730.0, 0.29851034
1740.0, 0.29834202
1750.0, 0.2981739
1760.0, 0.2980061
1770.0, 0.2978386
1780.0, 0.29767132
1790.0, 0.29750434
1800.0, 0.29733768
1810.0, 0.29717124
1820.0, 0.2970051
1830.0, 0.29683924
1840.0, 0.2966736
1850.0, 0.29650828
1860.0, 0.29634324
1870.0, 0.29617843
1880.0, 0.29601395
1890.0, 0.2958497
1900.0, 0.29568574
1910.0, 0.29552206
1920.0, 0.29535863
1930.0, 0.29519546
1940.0, 0.2950326
1950.0, 0.29487
1960.0, 0.29470766
1970.0, 0.2945456
1980.0, 0.29438376
1990.0, 0.29422224
2000.0, 0.29406098
2010.0, 0.29389998
2020.0, 0.29373923
2030.0, 0.29357877
2040.0, 0.2934186
2050.0, 0.29325867
2060.0, 0.29309896
2070.0, 0.29293954
2080.0, 0.29278043
2090.0, 0.29262155
2100.0, 0.29246292
2110.0, 0.29230458
2120.0, 0.2921465
2130.0, 0.2919887
2140.0, 0.29183114
2150.0, 0.2916738
2160.0, 0.2915168
2170.0, 0.29136002
2180.0, 0.2912035
2190.0, 0.29104722
2200.0, 0.29089123
2210.0, 0.29073548
2220.0, 0.29058003
2230.0, 0.2904248
2240.0, 0.29026982
2250.0, 0.29011515
2260.0, 0.28996068
2270.0, 0.2898065
2280.0, 0.28965256
2290.0, 0.28949893
2300.0, 0.28934547
2310.0, 0.28919232
2320.0, 0.2890394
2330.0, 0.28888676
2340.0, 0.28873435
2350.0, 0.28858218
2360.0, 0.28843033
2370.0, 0.28827867
2380.0, 0.2881273
2390.0, 0.28797618
2400.0, 0.2878253
2410.0, 0.28767464
2420.0, 0.28752428
2430.0, 0.28737414
2440.0, 0.28722426
2450.0, 0.28707466
2460.0, 0.2869253
2470.0, 0.28677616
2480.0, 0.2866273
2490.0, 0.28647867
2500.0, 0.28633028
2510.0, 0.28618217
2520.0, 0.2860343
2530.0, 0.28588665
2540.0, 0.28573924
2550.0, 0.2855921
2560.0, 0.2854452
2570.0, 0.2852986
2580.0, 0.28515214
2590.0, 0.285006
2600.0, 0.28486007
2610.0, 0.28471443
2620.0, 0.284569
2630.0, 0.2844238
2640.0, 0.28427887
2650.0, 0.28413418
2660.0, 0.28398973
2670.0, 0.2838455
2680.0, 0.28370154
2690.0, 0.28355783
2700.0, 0.28341433
2710.0, 0.28327107
2720.0, 0.28312808
2730.0, 0.2829853
2740.0, 0.2828428
2750.0, 0.2827005
2760.0, 0.28255844
2770.0, 0.28241664
2780.0, 0.28227508
2790.0, 0.28213373
2800.0, 0.28199264
2810.0, 0.2818518
2820.0, 0.28171116
2830.0, 0.2815708
2840.0, 0.28143063
2850.0, 0.2812907
2860.0, 0.28115106
2870.0, 0.2810116
2880.0, 0.2808724
2890.0, 0.28073344
2900.0, 0.2805947
2910.0, 0.2804562
2920.0, 0.2803179
2930.0, 0.2801799
2940.0, 0.28004208
2950.0, 0.27990448
2960.0, 0.27976716
2970.0, 0.27963004
2980.0, 0.27949318
2990.0, 0.2793565
3000.0, 0.2792201
3010.0, 0.2790839
3020.0, 0.27894795
3030.0, 0.27881223
3040.0, 0.27867672
3050.0, 0.27854145
3060.0, 0.2784064
3070.0, 0.2782716
3080.0, 0.278137
3090.0, 0.27800262
3100.0, 0.2778685
3110.0, 0.2777346
3120.0, 0.27760094
3130.0, 0.27746746
3140.0, 0.27733424
3150.0, 0.27720124
3160.0, 0.27706847
3170.0, 0.2769359
3180.0, 0.27680358
3190.0, 0.27667147
3200.0, 0.2765396
3210.0, 0.27640793
3220.0, 0.2762765
3230.0, 0.27614528
3240.0, 0.2760143
3250.0, 0.27588353
3260.0, 0.275753
3270.0, 0.27562267
3280.0, 0.27549255
3290.0, 0.2753627
3300.0, 0.27523303
3310.0, 0.27510357
3320.0, 0.27497435
3330.0, 0.27484533
3340.0, 0.27471656
3350.0, 0.274588
3360.0, 0.27445963
3370.0, 0.2743315
3380.0, 0.27420357
3390.0, 0.2740759
3400.0, 0.27394843
3410.0, 0.27382115
3420.0, 0.2736941
3430.0, 0.27356726
3440.0, 0.27344063
3450.0, 0.27331427
3460.0, 0.27318805
3470.0, 0.27306208
3480.0, 0.27293634
3490.0, 0.2728108
3500.0, 0.27268547
3510.0, 0.27256036
3520.0, 0.27243546
3530.0, 0.27231076
3540.0, 0.27218628
3550.0, 0.272062
3560.0, 0.27193797
3570.0, 0.27181414
3580.0, 0.2716905
3590.0, 0.27156705
3600.0, 0.27144384
3610.0, 0.27132085
3620.0, 0.27119806
3630.0, 0.2710755
3640.0, 0.27095312
3650.0, 0.27083096
3660.0, 0.27070898
3670.0, 0.27058727
3680.0, 0.27046573
3690.0, 0.27034438
3700.0, 0.27022326
3710.0, 0.27010232
3720.0, 0.26998162
3730.0, 0.26986113
3740.0, 0.26974082
3750.0, 0.26962075
3760.0, 0.26950085
3770.0, 0.26938117
3780.0, 0.2692617
3790.0, 0.2691424
3800.0, 0.26902333
3810.0, 0.26890448
3820.0, 0.2687858
3830.0, 0.26866737
3840.0, 0.26854908
3850.0, 0.26843104
3860.0, 0.2683132
3870.0, 0.26819554
3880.0, 0.2680781
3890.0, 0.26796085
3900.0, 0.26784378
3910.0, 0.26772696
3920.0, 0.2676103
3930.0, 0.26749387
3940.0, 0.26737761
3950.0, 0.26726156
3960.0, 0.26714572
3970.0, 0.2670301
3980.0, 0.26691464
3990.0, 0.26679936
4000.0, 0.26668432
4010.0, 0.26656947
4020.0, 0.26645482
4030.0, 0.26634035
4040.0, 0.26622608
4050.0, 0.266112
4060.0, 0.26599813
4070.0, 0.26588446
4080.0, 0.26577097
4090.0, 0.2656577
4100.0, 0.2655446
4110.0, 0.2654317
4120.0, 0.265319
4130.0, 0.2652065
4140.0, 0.26509416
4150.0, 0.26498204
4160.0, 0.2648701
4170.0, 0.26475838
4180.0, 0.26464683
4190.0, 0.2645355
4200.0, 0.26442432
4210.0, 0.26431334
4220.0, 0.2642026
4230.0, 0.264092
4240.0, 0.26398158
4250.0, 0.2638714
4260.0, 0.26376137
4270.0, 0.26365155
4280.0, 0.2635419
4290.0, 0.26343247
4300.0, 0.2633232
4310.0, 0.2632141
4320.0, 0.26310524
4330.0, 0.26299655
4340.0, 0.26288804
4350.0, 0.2627797
4360.0, 0.2626716
4370.0, 0.26256365
4380.0, 0.2624559
4390.0, 0.26234832
4400.0, 0.26224095
4410.0, 0.26213372
4420.0, 0.26202673
4430.0, 0.2619199
4440.0, 0.26181325
4450.0, 0.2617068
4460.0, 0.26160052
4470.0, 0.2614944
4480.0, 0.2613885
4490.0, 0.2612828
4500.0, 0.26117724
4510.0, 0.26107186
4520.0, 0.2609667
4530.0, 0.26086172
4540.0, 0.2607569
4550.0, 0.26065227
4560.0, 0.26054782
4570.0, 0.26044354
4580.0, 0.26033947
4590.0, 0.26023558
4600.0, 0.26013184
4610.0, 0.26002827
4620.0, 0.25992492
4630.0, 0.25982174
4640.0, 0.25971872
4650.0, 0.2596159
4660.0, 0.25951326
4670.0, 0.25941077
4680.0, 0.25930846
4690.0, 0.25920635
4700.0, 0.2591044
4710.0, 0.25900266
4720.0, 0.25890106
4730.0, 0.25879964
4740.0, 0.2586984
4750.0, 0.25859734
4760.0, 0.2584965
4770.0, 0.2583958
4780.0, 0.25829524
4790.0, 0.25819486
4800.0, 0.2580947
4810.0, 0.2579947
4820.0, 0.25789487
4830.0, 0.2577952
4840.0, 0.25769573
4850.0, 0.2575964
4860.0, 0.25749728
4870.0, 0.2573983
4880.0, 0.25729954
4890.0, 0.2572009
4900.0, 0.25710246
4910.0, 0.25700417
4920.0, 0.25690606
4930.0, 0.25680813
4940.0, 0.25671038
4950.0, 0.25661278
4960.0, 0.25651535
4970.0, 0.2564181
4980.0, 0.256321
4990.0, 0.2562241
5000.0, 0.25612736
5010.0, 0.25603077
5020.0, 0.2559344
5030.0, 0.25583816
5040.0, 0.25574207
5050.0, 0.25564617
5060.0, 0.25555044
5070.0, 0.25545487
5080.0, 0.25535947
5090.0, 0.25526422
5100.0, 0.25516918
5110.0, 0.25507426
5120.0, 0.25497952
5130.0, 0.25488496
5140.0, 0.25479057
5150.0, 0.25469634
5160.0, 0.25460228
5170.0, 0.25450835
5180.0, 0.25441462
5190.0, 0.254321
5200.0, 0.25422764
5210.0, 0.25413436
5220.0, 0.25404128
5230.0, 0.25394836
5240.0, 0.2538556
5250.0, 0.253763
5260.0, 0.25367057
5270.0, 0.2535783
5280.0, 0.2534862
5290.0, 0.25339422
5300.0, 0.25330245
5310.0, 0.2532108
5320.0, 0.25311935
5330.0, 0.25302804
5340.0, 0.2529369
5350.0, 0.2528459
5360.0, 0.25275508
5370.0, 0.25266445
5380.0, 0.2525739
5390.0, 0.25248358
5400.0, 0.25239336
5410.0, 0.25230336
5420.0, 0.25221348
5430.0, 0.25212377
5440.0, 0.2520342
5450.0, 0.2519448
5460.0, 0.25185558
5470.0, 0.25176647
5480.0, 0.25167757
5490.0, 0.2515888
5500.0, 0.2515002
5510.0, 0.2514117
5520.0, 0.25132343
5530.0, 0.25123528
5540.0, 0.25114727
5550.0, 0.25105944
5560.0, 0.25097176
5570.0, 0.25088423
5580.0, 0.25079688
5590.0, 0.25070965
5600.0, 0.2506226
5610.0, 0.25053567
5620.0, 0.25044894
5630.0, 0.2503623
5640.0, 0.25027588
5650.0, 0.25018957
5660.0, 0.2501034
5670.0, 0.25001743
5680.0, 0.24993157
5690.0, 0.24984589
5700.0, 0.24976036
5710.0, 0.24967498
5720.0, 0.24958974
5730.0, 0.24950466
5740.0, 0.2494197
5750.0, 0.24933493
5760.0, 0.2492503
5770.0, 0.2491658
5780.0, 0.24908149
5790.0, 0.24899729
5800.0, 0.24891326
5810.0, 0.24882935
5820.0, 0.24874562
5830.0, 0.24866202
5840.0, 0.24857858
5850.0, 0.2484953
5860.0, 0.24841213
5870.0, 0.24832915
5880.0, 0.2482463
5890.0, 0.24816358
5900.0, 0.24808101
5910.0, 0.24799861
5920.0, 0.24791634
5930.0, 0.24783422
5940.0, 0.24775225
5950.0, 0.24767041
5960.0, 0.24758871
5970.0, 0.24750718
5980.0, 0.24742578
5990.0, 0.24734452
6000.0, 0.24726343
6010.0, 0.24718247
6020.0, 0.24710163
6030.0, 0.24702097
6040.0, 0.24694045
6050.0, 0.24686004
6060.0, 0.2467798
6070.0, 0.24669969
6080.0, 0.24661975
6090.0, 0.2465399
6100.0, 0.24646024
6110.0, 0.24638072
6120.0, 0.24630132
6130.0, 0.24622206
6140.0, 0.24614295
6150.0, 0.24606398
6160.0, 0.24598514
6170.0, 0.24590646
6180.0, 0.2458279
6190.0, 0.2457495
6200.0, 0.24567123
6210.0, 0.24559309
6220.0, 0.24551511
6230.0, 0.24543725
6240.0, 0.24535954
6250.0, 0.24528196
6260.0, 0.24520452
6270.0, 0.24512723
6280.0, 0.24505006
6290.0, 0.24497305
6300.0, 0.24489616
6310.0, 0.2448194
6320.0, 0.24474281
6330.0, 0.24466631
6340.0, 0.24459
6350.0, 0.2445138
6360.0, 0.24443771
6370.0, 0.2443618
6380.0, 0.24428599
6390.0, 0.24421033
6400.0, 0.24413481
6410.0, 0.24405943
6420.0, 0.24398416
6430.0, 0.24390905
6440.0, 0.24383406
6450.0, 0.2437592
6460.0, 0.2436845
6470.0, 0.2436099
6480.0, 0.24353546
6490.0, 0.24346113
6500.0, 0.24338697
6510.0, 0.24331291
6520.0, 0.24323899
6530.0, 0.24316521
6540.0, 0.24309155
6550.0, 0.24301803
6560.0, 0.24294464
6570.0, 0.24287137
6580.0, 0.24279825
6590.0, 0.24272525
6600.0, 0.2426524
6610.0, 0.24257965
6620.0, 0.24250707
6630.0, 0.24243458
6640.0, 0.24236225
6650.0, 0.24229002
6660.0, 0.24221794
6670.0, 0.24214599
6680.0, 0.24207415
6690.0, 0.24200246
6700.0, 0.24193089
6710.0, 0.24185945
6720.0, 0.24178815
6730.0, 0.24171695
6740.0, 0.24164589
6750.0, 0.24157496
6760.0, 0.24150416
6770.0, 0.2414335
6780.0, 0.24136294
6790.0, 0.24129254
6800.0, 0.24122223
6810.0, 0.24115206
6820.0, 0.24108203
6830.0, 0.24101211
6840.0, 0.24094231
6850.0, 0.24087267
6860.0, 0.24080312
6870.0, 0.2407337
6880.0, 0.24066442
6890.0, 0.24059525
6900.0, 0.24052621
6910.0, 0.24045731
6920.0, 0.24038851
6930.0, 0.24031985
6940.0, 0.24025132
6950.0, 0.24018289
6960.0, 0.24011458
6970.0, 0.24004641
6980.0, 0.23997837
6990.0, 0.23991045
7000.0, 0.23984264
7010.0, 0.23977496
7020.0, 0.2397074
7030.0, 0.23963997
7040.0, 0.23957264
7050.0, 0.23950545
7060.0, 0.23943837
7070.0, 0.23937143
7080.0, 0.23930459
7090.0, 0.23923789
7100.0, 0.23917128
7110.0, 0.23910482
7120.0, 0.23903847
7130.0, 0.23897223
7140.0, 0.23890615
7150.0, 0.23884013
7160.0, 0.23877427
7170.0, 0.23870851
7180.0, 0.23864289
7190.0, 0.23857737
7200.0, 0.23851196
7210.0, 0.2384467
7220.0, 0.23838153
7230.0, 0.23831648
7240.0, 0.23825158
7250.0, 0.23818675
7260.0, 0.23812208
7270.0, 0.2380575
7280.0, 0.23799305
7290.0, 0.23792869
7300.0, 0.23786448
7310.0, 0.23780037
7320.0, 0.23773639
7330.0, 0.23767251
7340.0, 0.23760875
7350.0, 0.2375451
7360.0, 0.23748158
7370.0, 0.23741817
7380.0, 0.23735489
7390.0, 0.2372917
7400.0, 0.23722863
7410.0, 0.23716567
7420.0, 0.23710284
7430.0, 0.2370401
7440.0, 0.2369775
7450.0, 0.236915
7460.0, 0.23685262
7470.0, 0.23679034
7480.0, 0.23672819
7490.0, 0.23666613
7500.0, 0.23660421
7510.0, 0.23654239
7520.0, 0.23648068
7530.0, 0.23641908
7540.0, 0.23635761
7550.0, 0.23629624
7560.0, 0.23623498
7570.0, 0.23617382
7580.0, 0.23611279
7590.0, 0.23605187
7600.0, 0.23599105
7610.0, 0.23593035
7620.0, 0.23586974
7630.0, 0.23580928
7640.0, 0.23574889
7650.0, 0.23568864
7660.0, 0.23562849
7670.0, 0.23556843
7680.0, 0.2355085
7690.0, 0.23544866
7700.0, 0.23538895
7710.0, 0.23532934
7720.0, 0.23526983
7730.0, 0.23521045
7740.0, 0.23515117
7750.0, 0.235092
7760.0, 0.23503295
7770.0, 0.23497397
7780.0, 0.23491511
7790.0, 0.23485637
7800.0, 0.23479773
7810.0, 0.23473921
7820.0, 0.23468079
7830.0, 0.23462245
7840.0, 0.23456426
7850.0, 0.23450615
7860.0, 0.23444816
7870.0, 0.23439027
7880.0, 0.23433247
7890.0, 0.2342748
7900.0, 0.23421723
7910.0, 0.23415975
7920.0, 0.23410238
7930.0, 0.23404512
7940.0, 0.23398797
7950.0, 0.23393093
7960.0, 0.23387396
7970.0, 0.23381713
7980.0, 0.23376039
7990.0, 0.23370376
8000.0, 0.23364723
8010.0, 0.2335908
8020.0, 0.23353446
8030.0, 0.23347825
8040.0, 0.23342213
8050.0, 0.2333661
8060.0, 0.23331018
8070.0, 0.23325439
8080.0, 0.23319867
8090.0, 0.23314306
8100.0, 0.23308755
8110.0, 0.23303217
8120.0, 0.23297687
8130.0, 0.23292166
8140.0, 0.23286656
8150.0, 0.23281157
8160.0, 0.23275667
8170.0, 0.23270187
8180.0, 0.23264717
8190.0, 0.23259257
8200.0, 0.23253809
8210.0, 0.23248369
8220.0, 0.23242939
8230.0, 0.23237517
8240.0, 0.23232108
8250.0, 0.2322671
8260.0, 0.2322132
8270.0, 0.23215939
8280.0, 0.23210569
8290.0, 0.23205209
8300.0, 0.2319986
8310.0, 0.23194517
8320.0, 0.23189186
8330.0, 0.23183866
8340.0, 0.23178555
8350.0, 0.23173253
8360.0, 0.23167962
8370.0, 0.23162681
8380.0, 0.23157407
8390.0, 0.23152144
8400.0, 0.23146892
8410.0, 0.23141648
8420.0, 0.23136416
8430.0, 0.23131192
8440.0, 0.23125976
8450.0, 0.23120773
8460.0, 0.23115575
8470.0, 0.23110391
8480.0, 0.23105216
8490.0, 0.23100047
8500.0, 0.23094891
8510.0, 0.23089743
8520.0, 0.23084606
8530.0, 0.23079479
8540.0, 0.23074357
8550.0, 0.23069249
8560.0, 0.23064148
8570.0, 0.23059057
8580.0, 0.23053975
8590.0, 0.23048905
8600.0, 0.23043841
8610.0, 0.23038787
8620.0, 0.23033743
8630.0, 0.23028709
8640.0, 0.23023683
8650.0, 0.23018667
8660.0, 0.2301366
8670.0, 0.23008662
8680.0, 0.23003675
8690.0, 0.22998694
8700.0, 0.22993724
8710.0, 0.22988763
8720.0, 0.2298381
8730.0, 0.22978868
8740.0, 0.22973934
8750.0, 0.2296901
8760.0, 0.22964095
8770.0, 0.22959189
8780.0, 0.22954293
8790.0, 0.22949404
8800.0, 0.22944525
8810.0, 0.22939655
8820.0, 0.22934791
8830.0, 0.22929941
8840.0, 0.22925098
8850.0, 0.22920263
8860.0, 0.22915438
8870.0, 0.22910623
8880.0, 0.22905813
8890.0, 0.22901016
8900.0, 0.22896226
8910.0, 0.22891447
8920.0, 0.22886674
8930.0, 0.22881912
8940.0, 0.22877157
8950.0, 0.22872412
8960.0, 0.22867675
8970.0, 0.22862947
8980.0, 0.22858228
8990.0, 0.22853518
9000.0, 0.22848816
9010.0, 0.22844122
9020.0, 0.22839439
9030.0, 0.22834763
9040.0, 0.22830096
9050.0, 0.22825436
9060.0, 0.22820789
9070.0, 0.22816147
9080.0, 0.22811514
9090.0, 0.2280689
9100.0, 0.22802274
9110.0, 0.22797668
9120.0, 0.2279307
9130.0, 0.2278848
9140.0, 0.227839
9150.0, 0.22779328
9160.0, 0.22774763
9170.0, 0.22770207
9180.0, 0.2276566
9190.0, 0.2276112
9200.0, 0.22756591
9210.0, 0.22752069
9220.0, 0.22747555
9230.0, 0.22743052
9240.0, 0.22738555
9250.0, 0.22734065
9260.0, 0.22729585
9270.0, 0.22725114
9280.0, 0.22720651
9290.0, 0.22716196
9300.0, 0.2271175
9310.0, 0.22707312
9320.0, 0.2270288
9330.0, 0.22698458
9340.0, 0.22694045
9350.0, 0.22689639
9360.0, 0.2268524
9370.0, 0.22680852
9380.0, 0.22676471
9390.0, 0.22672097
9400.0, 0.22667733
9410.0, 0.22663377
9420.0, 0.22659029
9430.0, 0.22654688
9440.0, 0.22650355
9450.0, 0.22646032
9460.0, 0.22641715
9470.0, 0.22637409
9480.0, 0.22633108
9490.0, 0.22628815
9500.0, 0.22624531
9510.0, 0.22620255
9520.0, 0.22615986
9530.0, 0.22611727
9540.0, 0.22607474
9550.0, 0.22603229
9560.0, 0.22598994
9570.0, 0.22594765
9580.0, 0.22590545
9590.0, 0.22586331
9600.0, 0.22582126
9610.0, 0.2257793
9620.0, 0.2257374
9630.0, 0.2256956
9640.0, 0.22565384
9650.0, 0.22561221
9660.0, 0.2255706
9670.0, 0.22552912
9680.0, 0.2254877
9690.0, 0.22544634
9700.0, 0.22540507
9710.0, 0.22536388
9720.0, 0.22532275
9730.0, 0.22528172
9740.0, 0.22524077
9750.0, 0.22519988
9760.0, 0.22515906
9770.0, 0.22511834
9780.0, 0.22507767
9790.0, 0.22503708
9800.0, 0.22499658
9810.0, 0.22495615
9820.0, 0.22491579
9830.0, 0.22487552
9840.0, 0.22483532
9850.0, 0.22479518
9860.0, 0.22475514
9870.0, 0.22471516
9880.0, 0.22467525
9890.0, 0.22463542
9900.0, 0.22459565
9910.0, 0.22455598
9920.0, 0.22451639
9930.0, 0.22447686
9940.0, 0.2244374
9950.0, 0.224398
9960.0, 0.22435872
9970.0, 0.22431947
9980.0, 0.2242803
9990.0, 0.22424121
10000.0, 0.2242022
10010.0, 0.22416326
10020.0, 0.2241244
10030.0, 0.2240856
10040.0, 0.22404686
10050.0, 0.2240082
10060.0, 0.22396965
10070.0, 0.22393113
10080.0, 0.22389269
10090.0, 0.22385435
10100.0, 0.22381604
10110.0, 0.22377783
10120.0, 0.22373968
10130.0, 0.22370161
10140.0, 0.22366361
10150.0, 0.22362567
10160.0, 0.22358781
10170.0, 0.22355
10180.0, 0.22351229
10190.0, 0.22347465
10200.0, 0.22343707
10210.0, 0.22339956
10220.0, 0.22336212
10230.0, 0.22332476
10240.0, 0.22328745
10250.0, 0.22325024
10260.0, 0.22321308
10270.0, 0.223176
10280.0, 0.22313899
10290.0, 0.22310205
10300.0, 0.22306517
10310.0, 0.22302835
10320.0, 0.22299162
10330.0, 0.22295494
10340.0, 0.22291835
10350.0, 0.22288181
10360.0, 0.22284535
10370.0, 0.22280894
10380.0, 0.22277263
10390.0, 0.22273634
10400.0, 0.22270016
10410.0, 0.22266406
10420.0, 0.22262801
10430.0, 0.22259201
10440.0, 0.2225561
10450.0, 0.22252025
10460.0, 0.22248445
10470.0, 0.22244875
10480.0, 0.2224131
10490.0, 0.22237751
10500.0, 0.222342
10510.0, 0.22230656
10520.0, 0.22227117
10530.0, 0.22223586
10540.0, 0.22220062
10550.0, 0.22216544
10560.0, 0.22213033
10570.0, 0.22209528
10580.0, 0.22206028
10590.0, 0.22202536
10600.0, 0.22199051
10610.0, 0.22195575
10620.0, 0.22192101
10630.0, 0.22188635
10640.0, 0.22185178
10650.0, 0.22181726
10660.0, 0.2217828
10670.0, 0.2217484
10680.0, 0.22171406
10690.0, 0.22167982
10700.0, 0.22164561
10710.0, 0.22161147
10720.0, 0.2215774
10730.0, 0.22154342
10740.0, 0.22150946
10750.0, 0.22147557
10760.0, 0.22144178
10770.0, 0.22140801
10780.0, 0.22137433
10790.0, 0.22134072
10800.0, 0.22130716
10810.0, 0.22127365
10820.0, 0.22124022
10830.0, 0.22120686
10840.0, 0.22117355
10850.0, 0.22114033
10860.0, 0.22110714
10870.0, 0.22107403
10880.0, 0.22104096
10890.0, 0.22100797
10900.0, 0.22097504
10910.0, 0.22094218
10920.0, 0.22090937
10930.0, 0.22087662
10940.0, 0.22084394
10950.0, 0.22081134
10960.0, 0.22077876
10970.0, 0.22074628
10980.0, 0.22071384
10990.0, 0.22068147
11000.0, 0.22064915
11010.0, 0.2206169
11020.0, 0.22058472
11030.0, 0.22055258
11040.0, 0.22052053
11050.0, 0.22048852
11060.0, 0.22045657
11070.0, 0.22042468
11080.0, 0.22039285
11090.0, 0.2203611
11100.0, 0.22032937
11110.0, 0.22029774
11120.0, 0.22026616
11130.0, 0.22023462
11140.0, 0.22020316
11150.0, 0.22017176
11160.0, 0.22014041
11170.0, 0.22010913
11180.0, 0.2200779
11190.0, 0.22004673
11200.0, 0.22001562
11210.0, 0.21998458
11220.0, 0.21995358
11230.0, 0.21992265
11240.0, 0.21989179
11250.0, 0.21986097
11260.0, 0.21983021
11270.0, 0.21979952
11280.0, 0.21976887
11290.0, 0.21973829
11300.0, 0.21970776
11310.0, 0.2196773
11320.0, 0.21964689
11330.0, 0.21961653
11340.0, 0.21958624
11350.0, 0.219556
11360.0, 0.21952583
11370.0, 0.21949571
11380.0, 0.21946564
11390.0, 0.21943563
11400.0, 0.2194057
11410.0, 0.2193758
11420.0, 0.21934597
11430.0, 0.21931618
11440.0, 0.21928646
11450.0, 0.21925679
11460.0, 0.21922718
11470.0, 0.21919765
11480.0, 0.21916814
11490.0, 0.2191387
11500.0, 0.21910931
11510.0, 0.21907999
11520.0, 0.2190507
11530.0, 0.21902148
11540.0, 0.21899234
11550.0, 0.21896322
11560.0, 0.21893418
11570.0, 0.21890517
11580.0, 0.21887624
11590.0, 0.21884735
11600.0, 0.2188185
11610.0, 0.21878974
11620.0, 0.21876103
11630.0, 0.21873236
11640.0, 0.21870373
11650.0, 0.21867518
11660.0, 0.21864668
11670.0, 0.21861824
11680.0, 0.21858984
11690.0, 0.21856152
11700.0, 0.2185332
11710.0, 0.21850498
11720.0, 0.21847679
11730.0, 0.21844867
11740.0, 0.2184206
11750.0, 0.21839258
11760.0, 0.21836461
11770.0, 0.21833672
11780.0, 0.21830885
11790.0, 0.21828103
11800.0, 0.21825328
11810.0, 0.2182256
11820.0, 0.21819794
11830.0, 0.21817034
11840.0, 0.21814281
11850.0, 0.21811533
11860.0, 0.2180879
11870.0, 0.21806051
11880.0, 0.21803318
11890.0, 0.21800588
11900.0, 0.21797866
11910.0, 0.21795148
11920.0, 0.21792437
11930.0, 0.2178973
11940.0, 0.21787027
11950.0, 0.2178433
11960.0, 0.21781638
11970.0, 0.21778953
11980.0, 0.21776271
11990.0, 0.21773595
12000.0, 0.21770923
12010.0, 0.21768259
12020.0, 0.21765596
12030.0, 0.2176294
12040.0, 0.2176029
12050.0, 0.21757643
12060.0, 0.21755001
12070.0, 0.21752368
12080.0, 0.21749735
12090.0, 0.21747111
12100.0, 0.21744488
12110.0, 0.21741873
12120.0, 0.21739264
12130.0, 0.21736658
12140.0, 0.21734056
12150.0, 0.21731462
12160.0, 0.2172887
12170.0, 0.21726283
12180.0, 0.21723703
12190.0, 0.21721129
12200.0, 0.21718557
12210.0, 0.21715991
12220.0, 0.2171343
12230.0, 0.21710874
12240.0, 0.21708323
12250.0, 0.21705776
12260.0, 0.21703234
12270.0, 0.21700698
12280.0, 0.21698166
12290.0, 0.21695639
12300.0, 0.21693116
12310.0, 0.21690598
12320.0, 0.21688086
12330.0, 0.2168558
12340.0, 0.21683075
12350.0, 0.21680577
12360.0, 0.21678084
12370.0, 0.21675596
12380.0, 0.21673112
12390.0, 0.21670632
12400.0, 0.21668157
12410.0, 0.21665688
12420.0, 0.21663223
12430.0, 0.21660763
12440.0, 0.21658307
12450.0, 0.21655856
12460.0, 0.21653411
12470.0, 0.2165097
12480.0, 0.21648532
12490.0, 0.21646102
12500.0, 0.21643673
12510.0, 0.21641251
12520.0, 0.21638833
12530.0, 0.21636419
12540.0, 0.21634011
12550.0, 0.21631606
12560.0, 0.21629207
12570.0, 0.21626812
12580.0, 0.2162442
12590.0, 0.21622035
12600.0, 0.21619654
12610.0, 0.21617277
12620.0, 0.21614906
12630.0, 0.21612538
12640.0, 0.21610175
12650.0, 0.21607816
12660.0, 0.21605465
12670.0, 0.21603113
12680.0, 0.2160077
12690.0, 0.21598428
12700.0, 0.21596092
12710.0, 0.21593761
12720.0, 0.21591434
12730.0, 0.21589111
12740.0, 0.21586794
12750.0, 0.21584481
12760.0, 0.21582171
12770.0, 0.21579866
12780.0, 0.21577565
12790.0, 0.2157527
12800.0, 0.21572977
12810.0, 0.21570691
12820.0, 0.21568409
12830.0, 0.2156613
12840.0, 0.21563858
12850.0, 0.21561587
12860.0, 0.21559322
12870.0, 0.21557061
12880.0, 0.21554804
12890.0, 0.21552552
12900.0, 0.21550304
12910.0, 0.21548061
12920.0, 0.21545821
12930.0, 0.21543588
12940.0, 0.21541357
12950.0, 0.21539131
12960.0, 0.21536909
12970.0, 0.21534692
12980.0, 0.21532476
12990.0, 0.21530268
13000.0, 0.21528064
13010.0, 0.21525863
13020.0, 0.21523665
13030.0, 0.21521473
13040.0, 0.21519285
13050.0, 0.21517102
13060.0, 0.21514922
13070.0, 0.21512747
13080.0, 0.21510576
13090.0, 0.21508409
13100.0, 0.21506245
13110.0, 0.21504086
13120.0, 0.21501932
13130.0, 0.21499783
13140.0, 0.21497634
13150.0, 0.21495494
13160.0, 0.21493354
13170.0, 0.2149122
13180.0, 0.21489091
13190.0, 0.21486966
13200.0, 0.21484844
13210.0, 0.21482727
13220.0, 0.21480614
13230.0, 0.21478504
13240.0, 0.21476398
13250.0, 0.21474297
13260.0, 0.214722
13270.0, 0.21470107
13280.0, 0.21468018
13290.0, 0.21465933
13300.0, 0.21463852
13310.0, 0.21461774
13320.0, 0.21459702
13330.0, 0.21457632
13340.0, 0.21455568
13350.0, 0.21453506
13360.0, 0.2145145
13370.0, 0.21449396
13380.0, 0.21447347
13390.0, 0.21445301
13400.0, 0.2144326
13410.0, 0.21441223
13420.0, 0.2143919
13430.0, 0.21437159
13440.0, 0.21435134
13450.0, 0.21433114
13460.0, 0.21431094
13470.0, 0.21429081
13480.0, 0.21427071
13490.0, 0.21425064
13500.0, 0.21423063
13510.0, 0.21421063
13520.0, 0.21419069
13530.0, 0.21417078
13540.0, 0.2141509
13550.0, 0.21413109
13560.0, 0.2141113
13570.0, 0.21409155
13580.0, 0.21407184
13590.0, 0.21405216
13600.0, 0.21403253
13610.0, 0.21401292
13620.0, 0.21399336
13630.0, 0.21397382
13640.0, 0.21395433
13650.0, 0.21393488
13660.0, 0.21391547
13670.0, 0.2138961
13680.0, 0.21387677
13690.0, 0.21385746
13700.0, 0.21383819
13710.0, 0.21381897
13720.0, 0.21379977
13730.0, 0.21378063
13740.0, 0.21376151
13750.0, 0.21374243
13760.0, 0.21372338
13770.0, 0.21370439
13780.0, 0.21368542
13790.0, 0.2136665
13800.0, 0.21364759
13810.0, 0.21362874
13820.0, 0.21360992
13830.0, 0.21359113
13840.0, 0.21357237
13850.0, 0.21355368
13860.0, 0.213535
13870.0, 0.21351634
13880.0, 0.21349776
13890.0, 0.21347918
13900.0, 0.21346065
13910.0, 0.21344216
13920.0, 0.21342368
13930.0, 0.21340528
13940.0, 0.21338688
13950.0, 0.21336852
13960.0, 0.2133502
13970.0, 0.21333192
13980.0, 0.21331368
13990.0, 0.21329547
14000.0, 0.2132773
14010.0, 0.21325916
14020.0, 0.21324104
14030.0, 0.21322297
14040.0, 0.21320494
14050.0, 0.21318693
14060.0, 0.21316898
14070.0, 0.21315102
14080.0, 0.21313313
14090.0, 0.21311529
14100.0, 0.21309745
14110.0, 0.21307966
14120.0, 0.21306188
14130.0, 0.21304417
14140.0, 0.21302648
14150.0, 0.21300884
14160.0, 0.21299121
14170.0, 0.21297362
14180.0, 0.21295607
14190.0, 0.21293855
14200.0, 0.21292107
14210.0, 0.21290362
14220.0, 0.2128862
14230.0, 0.21286881
14240.0, 0.21285145
14250.0, 0.21283415
14260.0, 0.21281686
14270.0, 0.21279962
14280.0, 0.2127824
14290.0, 0.21276522
14300.0, 0.21274807
14310.0, 0.21273094
14320.0, 0.21271387
14330.0, 0.21269682
14340.0, 0.2126798
14350.0, 0.21266282
14360.0, 0.21264586
14370.0, 0.21262895
14380.0, 0.21261205
14390.0, 0.21259521
14400.0, 0.2125784
14410.0, 0.2125616
14420.0, 0.21254486
14430.0, 0.21252812
14440.0, 0.21251144
14450.0, 0.21249479
14460.0, 0.21247815
14470.0, 0.21246156
14480.0, 0.21244499
14490.0, 0.21242848
14500.0, 0.21241197
14510.0, 0.21239552
14520.0, 0.21237908
14530.0, 0.21236269
14540.0, 0.21234632
14550.0, 0.21232997
14560.0, 0.21231368
14570.0, 0.21229741
14580.0, 0.21228117
14590.0, 0.21226494
14600.0, 0.21224876
14610.0, 0.21223262
14620.0, 0.21221651
14630.0, 0.21220043
14640.0, 0.21218437
14650.0, 0.21216835
14660.0, 0.21215236
14670.0, 0.21213639
14680.0, 0.21212047
14690.0, 0.21210457
14700.0, 0.21208869
14710.0, 0.21207286
14720.0, 0.21205705
14730.0, 0.21204129
14740.0, 0.21202555
14750.0, 0.21200983
14760.0, 0.21199414
14770.0, 0.2119785
14780.0, 0.21196288
14790.0, 0.21194728
14800.0, 0.2119317
14810.0, 0.2119162
14820.0, 0.2119007
14830.0, 0.21188521
14840.0, 0.21186976
14850.0, 0.21185437
14860.0, 0.21183899
14870.0, 0.21182363
14880.0, 0.21180831
14890.0, 0.21179302
14900.0, 0.21177776
14910.0, 0.21176252
14920.0, 0.21174733
14930.0, 0.21173216
14940.0, 0.21171701
14950.0, 0.2117019
14960.0, 0.21168682
14970.0, 0.21167177
14980.0, 0.21165673
14990.0, 0.21164174
15000.0, 0.21162677
15010.0, 0.21161182
15020.0, 0.21159694
15030.0, 0.21158205
15040.0, 0.2115672
15050.0, 0.21155237
15060.0, 0.21153758
15070.0, 0.21152282
15080.0, 0.21150808
15090.0, 0.21149337
15100.0, 0.21147868
15110.0, 0.21146405
15120.0, 0.21144943
15130.0, 0.21143483
15140.0, 0.21142027
15150.0, 0.21140574
15160.0, 0.21139123
15170.0, 0.21137676
15180.0, 0.2113623
15190.0, 0.21134788
15200.0, 0.21133347
15210.0, 0.21131912
15220.0, 0.21130478
15230.0, 0.21129046
15240.0, 0.21127617
15250.0, 0.21126191
15260.0, 0.2112477
15270.0, 0.2112335
15280.0, 0.21121933
15290.0, 0.21120517
15300.0, 0.21119107
15310.0, 0.21117698
15320.0, 0.21116291
15330.0, 0.21114887
15340.0, 0.21113487
15350.0, 0.21112089
15360.0, 0.21110694
15370.0, 0.21109301
15380.0, 0.21107912
15390.0, 0.21106525
15400.0, 0.21105139
15410.0, 0.21103758
15420.0, 0.2110238
15430.0, 0.21101004
15440.0, 0.2109963
15450.0, 0.21098259
15460.0, 0.2109689
15470.0, 0.21095523
15480.0, 0.21094161
15490.0, 0.21092801
15500.0, 0.21091443
15510.0, 0.21090089
15520.0, 0.21088737
15530.0, 0.21087387
15540.0, 0.21086039
15550.0, 0.21084695
15560.0, 0.21083353
15570.0, 0.21082015
15580.0, 0.21080677
15590.0, 0.21079344
15600.0, 0.21078013
15610.0, 0.21076684
15620.0, 0.21075356
15630.0, 0.21074034
15640.0, 0.21072713
15650.0, 0.21071394
15660.0, 0.21070078
15670.0, 0.21068765
15680.0, 0.21067455
15690.0, 0.21066146
15700.0, 0.2106484
15710.0, 0.21063538
15720.0, 0.21062237
15730.0, 0.21060939
15740.0, 0.21059643
15750.0, 0.2105835
15760.0, 0.2105706
15770.0, 0.21055771
15780.0, 0.21054485
15790.0, 0.21053204
15800.0, 0.21051924
15810.0, 0.21050645
15820.0, 0.21049371
15830.0, 0.21048097
15840.0, 0.21046828
15850.0, 0.2104556
15860.0, 0.21044295
15870.0, 0.21043031
15880.0, 0.2104177
15890.0, 0.21040511
15900.0, 0.21039258
15910.0, 0.21038003
15920.0, 0.21036755
15930.0, 0.21035504
15940.0, 0.21034259
15950.0, 0.21033016
15960.0, 0.21031775
15970.0, 0.21030536
15980.0, 0.210293
15990.0, 0.21028067
16000.0, 0.21026835
16010.0, 0.21025605
16020.0, 0.21024382
16030.0, 0.21023157
16040.0, 0.21021935
16050.0, 0.21020716
16060.0, 0.21019499
16070.0, 0.21018285
16080.0, 0.21017073
16090.0, 0.21015862
16100.0, 0.21014655
16110.0, 0.2101345
16120.0, 0.21012247
16130.0, 0.21011047
16140.0, 0.21009849
16150.0, 0.21008654
16160.0, 0.21007459
16170.0, 0.2100627
16180.0, 0.2100508
16190.0, 0.21003895
16200.0, 0.2100271
16210.0, 0.21001528
16220.0, 0.2100035
16230.0, 0.20999172
16240.0, 0.20997998
16250.0, 0.20996825
16260.0, 0.20995656
16270.0, 0.20994489
16280.0, 0.20993322
16290.0, 0.20992158
16300.0, 0.20990998
16310.0, 0.20989838
16320.0, 0.20988682
16330.0, 0.20987529
16340.0, 0.20986375
16350.0, 0.20985226
16360.0, 0.20984079
16370.0, 0.20982933
16380.0, 0.20981792
16390.0, 0.20980652
16400.0, 0.2097951
16410.0, 0.20978376
16420.0, 0.20977241
16430.0, 0.2097611
16440.0, 0.2097498
16450.0, 0.20973854
16460.0, 0.20972729
16470.0, 0.20971605
16480.0, 0.20970483
16490.0, 0.20969366
16500.0, 0.20968248
16510.0, 0.20967135
16520.0, 0.20966025
16530.0, 0.20964915
16540.0, 0.20963807
16550.0, 0.20962699
16560.0, 0.20961598
16570.0, 0.20960496
16580.0, 0.20959397
16590.0, 0.209583
16600.0, 0.20957206
16610.0, 0.20956112
16620.0, 0.20955023
16630.0, 0.20953935
16640.0, 0.20952848
16650.0, 0.20951763
16660.0, 0.20950682
16670.0, 0.20949602
16680.0, 0.20948525
16690.0, 0.2094745
16700.0, 0.20946376
16710.0, 0.20945305
16720.0, 0.20944236
16730.0, 0.20943168
16740.0, 0.20942104
16750.0, 0.2094104
16760.0, 0.20939979
16770.0, 0.2093892
16780.0, 0.20937863
16790.0, 0.2093681
16800.0, 0.20935756
16810.0, 0.20934705
16820.0, 0.20933658
16830.0, 0.20932612
16840.0, 0.20931566
16850.0, 0.20930524
16860.0, 0.20929484
16870.0, 0.20928445
16880.0, 0.2092741
16890.0, 0.20926377
16900.0, 0.20925345
16910.0, 0.20924313
16920.0, 0.20923285
16930.0, 0.2092226
16940.0, 0.20921236
16950.0, 0.20920214
16960.0, 0.20919193
16970.0, 0.20918176
16980.0, 0.2091716
16990.0, 0.20916146
17000.0, 0.20915134
17010.0, 0.20914124
17020.0, 0.20913117
17030.0, 0.2091211
17040.0, 0.20911105
17050.0, 0.20910102
17060.0, 0.20909104
17070.0, 0.20908107
17080.0, 0.20907108
17090.0, 0.20906115
17100.0, 0.20905122
17110.0, 0.20904133
17120.0, 0.20903143
17130.0, 0.20902157
17140.0, 0.20901172
17150.0, 0.2090019
17160.0, 0.20899208
17170.0, 0.2089823
17180.0, 0.20897253
17190.0, 0.20896278
17200.0, 0.20895305
17210.0, 0.20894335
17220.0, 0.20893364
17230.0, 0.20892397
17240.0, 0.20891431
17250.0, 0.20890468
17260.0, 0.20889507
17270.0, 0.20888546
17280.0, 0.20887588
17290.0, 0.20886633
17300.0, 0.2088568
17310.0, 0.20884727
17320.0, 0.20883776
17330.0, 0.20882827
17340.0, 0.20881881
17350.0, 0.20880936
17360.0, 0.20879994
17370.0, 0.20879053
17380.0, 0.20878114
17390.0, 0.20877175
17400.0, 0.20876242
17410.0, 0.20875306
17420.0, 0.20874375
17430.0, 0.20873445
17440.0, 0.20872518
17450.0, 0.2087159
17460.0, 0.20870665
17470.0, 0.20869742
17480.0, 0.20868821
17490.0, 0.20867904
17500.0, 0.20866986
17510.0, 0.2086607
17520.0, 0.20865157
17530.0, 0.20864244
17540.0, 0.20863335
17550.0, 0.20862427
17560.0, 0.2086152
17570.0, 0.20860615
17580.0, 0.20859714
17590.0, 0.20858812
17600.0, 0.20857912
17610.0, 0.20857015
17620.0, 0.20856118
17630.0, 0.20855226
17640.0, 0.20854332
17650.0, 0.20853442
17660.0, 0.20852554
17670.0, 0.20851666
17680.0, 0.2085078
17690.0, 0.20849895
17700.0, 0.20849015
17710.0, 0.20848134
17720.0, 0.20847255
17730.0, 0.20846379
17740.0, 0.20845506
17750.0, 0.20844631
17760.0, 0.20843759
17770.0, 0.2084289
17780.0, 0.20842022
17790.0, 0.20841154
17800.0, 0.20840292
17810.0, 0.20839427
17820.0, 0.20838566
17830.0, 0.20837708
17840.0, 0.2083685
17850.0, 0.20835993
17860.0, 0.20835139
17870.0, 0.20834285
17880.0, 0.20833434
17890.0, 0.20832585
17900.0, 0.20831737
17910.0, 0.2083089
17920.0, 0.20830046
17930.0, 0.20829204
17940.0, 0.20828362
17950.0, 0.20827523
17960.0, 0.20826684
17970.0, 0.2082585
17980.0, 0.20825014
17990.0, 0.20824182
18000.0, 0.2082335
18010.0, 0.2082252
18020.0, 0.20821692
18030.0, 0.20820867
18040.0, 0.20820041
18050.0, 0.20819218
18060.0, 0.20818396
18070.0, 0.20817576
18080.0, 0.20816758
18090.0, 0.2081594
18100.0, 0.20815127
18110.0, 0.20814313
18120.0, 0.20813502
18130.0, 0.2081269
18140.0, 0.20811881
18150.0, 0.20811075
18160.0, 0.2081027
18170.0, 0.20809466
18180.0, 0.20808664
18190.0, 0.20807864
18200.0, 0.20807064
18210.0, 0.20806266
18220.0, 0.2080547
18230.0, 0.20804676
18240.0, 0.20803882
18250.0, 0.20803091
18260.0, 0.20802301
18270.0, 0.20801513
18280.0, 0.20800728
18290.0, 0.20799942
18300.0, 0.20799157
18310.0, 0.20798375
18320.0, 0.20797595
18330.0, 0.20796816
18340.0, 0.20796038
18350.0, 0.20795263
18360.0, 0.2079449
18370.0, 0.20793717
18380.0, 0.20792945
18390.0, 0.20792174
18400.0, 0.20791407
18410.0, 0.20790641
18420.0, 0.20789875
18430.0, 0.2078911
18440.0, 0.20788349
18450.0, 0.20787588
18460.0, 0.2078683
18470.0, 0.20786071
18480.0, 0.20785315
18490.0, 0.2078456
18500.0, 0.20783807
18510.0, 0.20783056
18520.0, 0.20782305
18530.0, 0.20781556
18540.0, 0.2078081
18550.0, 0.20780064
18560.0, 0.20779319
18570.0, 0.20778577
18580.0, 0.20777833
18590.0, 0.20777096
18600.0, 0.20776355
18610.0, 0.20775619
18620.0, 0.20774885
18630.0, 0.2077415
18640.0, 0.20773417
18650.0, 0.20772685
18660.0, 0.20771955
18670.0, 0.20771228
18680.0, 0.207705
18690.0, 0.20769775
18700.0, 0.2076905
18710.0, 0.20768328
18720.0, 0.20767605
18730.0, 0.20766887
18740.0, 0.20766167
18750.0, 0.2076545
18760.0, 0.20764737
18770.0, 0.20764022
18780.0, 0.2076331
18790.0, 0.20762597
18800.0, 0.20761888
18810.0, 0.2076118
18820.0, 0.2076047
18830.0, 0.20759766
18840.0, 0.20759062
18850.0, 0.20758359
18860.0, 0.20757657
18870.0, 0.20756958
18880.0, 0.20756258
18890.0, 0.2075556
18900.0, 0.20754865
18910.0, 0.2075417
18920.0, 0.20753478
18930.0, 0.20752785
18940.0, 0.20752095
18950.0, 0.20751406
18960.0, 0.20750718
18970.0, 0.20750031
18980.0, 0.20749345
18990.0, 0.20748661
19000.0, 0.20747979
19010.0, 0.20747298
19020.0, 0.20746619
19030.0, 0.2074594
19040.0, 0.20745263
19050.0, 0.20744587
19060.0, 0.20743912
19070.0, 0.2074324
19080.0, 0.20742568
19090.0, 0.207419
19100.0, 0.20741229
19110.0, 0.20740561
19120.0, 0.20739895
19130.0, 0.2073923
19140.0, 0.20738566
19150.0, 0.20737904
19160.0, 0.20737241
19170.0, 0.20736583
19180.0, 0.20735922
19190.0, 0.20735267
19200.0, 0.20734611
19210.0, 0.20733956
19220.0, 0.20733303
19230.0, 0.2073265
19240.0, 0.20731999
19250.0, 0.2073135
19260.0, 0.20730701
19270.0, 0.20730054
19280.0, 0.20729409
19290.0, 0.20728764
19300.0, 0.2072812
19310.0, 0.2072748
19320.0, 0.20726839
19330.0, 0.207262
19340.0, 0.20725562
19350.0, 0.20724925
19360.0, 0.20724289
19370.0, 0.20723653
19380.0, 0.20723021
19390.0, 0.20722389
19400.0, 0.20721759
19410.0, 0.20721129
19420.0, 0.20720501
19430.0, 0.20719874
19440.0, 0.2071925
19450.0, 0.20718625
19460.0, 0.20718001
19470.0, 0.20717381
19480.0, 0.2071676
19490.0, 0.2071614
19500.0, 0.20715521
19510.0, 0.20714904
19520.0, 0.20714289
19530.0, 0.20713675
19540.0, 0.2071306
19550.0, 0.2071245
19560.0, 0.20711838
19570.0, 0.20711228
19580.0, 0.2071062
19590.0, 0.20710012
19600.0, 0.20709406
19610.0, 0.20708801
19620.0, 0.20708197
19630.0, 0.20707595
19640.0, 0.20706993
19650.0, 0.20706394
19660.0, 0.20705794
19670.0, 0.20705196
19680.0, 0.207046
19690.0, 0.20704006
19700.0, 0.20703411
19710.0, 0.20702818
19720.0, 0.20702226
19730.0, 0.20701636
19740.0, 0.20701046
19750.0, 0.20700458
19760.0, 0.20699869
19770.0, 0.20699283
19780.0, 0.20698698
19790.0, 0.20698117
19800.0, 0.20697533
19810.0, 0.20696951
19820.0, 0.2069637
19830.0, 0.20695792
19840.0, 0.20695214
19850.0, 0.20694636
19860.0, 0.2069406
19870.0, 0.20693485
19880.0, 0.20692912
19890.0, 0.20692341
19900.0, 0.2069177
19910.0, 0.20691201
19920.0, 0.2069063
19930.0, 0.20690063
19940.0, 0.20689498
19950.0, 0.2068893
19960.0, 0.20688365
19970.0, 0.20687804
19980.0, 0.2068724
19990.0, 0.20686679
20000.0, 0.2068612
20010.0, 0.20685561
20020.0, 0.20685004
20030.0, 0.20684446
20040.0, 0.20683889
20050.0, 0.20683336
20060.0, 0.20682783
20070.0, 0.2068223
20080.0, 0.20681679
20090.0, 0.20681131
20100.0, 0.2068058
20110.0, 0.20680033
20120.0, 0.20679484
20130.0, 0.2067894
20140.0, 0.20678395
20150.0, 0.20677853
20160.0, 0.20677309
20170.0, 0.20676768
20180.0, 0.20676227
20190.0, 0.20675687
20200.0, 0.2067515
20210.0, 0.20674613
20220.0, 0.20674077
20230.0, 0.20673542
20240.0, 0.20673008
20250.0, 0.20672475
20260.0, 0.20671943
20270.0, 0.20671412
20280.0, 0.20670882
20290.0, 0.20670353
20300.0, 0.20669825
20310.0, 0.20669298
20320.0, 0.20668775
20330.0, 0.20668249
20340.0, 0.20667726
20350.0, 0.20667203
20360.0, 0.2066668
20370.0, 0.20666161
20380.0, 0.20665641
20390.0, 0.20665123
20400.0, 0.20664605
20410.0, 0.2066409
20420.0, 0.20663574
20430.0, 0.2066306
20440.0, 0.20662548
20450.0, 0.20662035
20460.0, 0.20661522
20470.0, 0.20661013
20480.0, 0.20660503
20490.0, 0.20659997
20500.0, 0.20659488
20510.0, 0.20658982
20520.0, 0.20658477
20530.0, 0.20657973
20540.0, 0.2065747
20550.0, 0.20656967
20560.0, 0.20656468
20570.0, 0.20655966
20580.0, 0.20655468
20590.0, 0.20654969
20600.0, 0.20654471
20610.0, 0.20653977
20620.0, 0.2065348
20630.0, 0.20652987
20640.0, 0.20652492
20650.0, 0.20652
20660.0, 0.2065151
20670.0, 0.20651019
20680.0, 0.2065053
20690.0, 0.20650041
20700.0, 0.20649552
20710.0, 0.20649068
20720.0, 0.20648582
20730.0, 0.20648097
20740.0, 0.20647614
20750.0, 0.20647131
20760.0, 0.2064665
20770.0, 0.20646168
20780.0, 0.20645688
20790.0, 0.2064521
20800.0, 0.20644732
20810.0, 0.20644253
20820.0, 0.2064378
20830.0, 0.20643304
20840.0, 0.20642829
20850.0, 0.20642357
20860.0, 0.20641884
20870.0, 0.20641412
20880.0, 0.20640944
20890.0, 0.20640473
20900.0, 0.20640005
20910.0, 0.20639537
20920.0, 0.20639071
20930.0, 0.20638604
20940.0, 0.2063814
20950.0, 0.20637676
20960.0, 0.20637213
20970.0, 0.20636751
20980.0, 0.20636289
20990.0, 0.2063583
21000.0, 0.20635371
21010.0, 0.20634912
21020.0, 0.20634453
21030.0, 0.20633997
21040.0, 0.20633541
21050.0, 0.20633087
21060.0, 0.20632634
21070.0, 0.20632182
21080.0, 0.20631728
21090.0, 0.20631278
21100.0, 0.20630826
21110.0, 0.20630376
21120.0, 0.20629929
21130.0, 0.20629482
21140.0, 0.20629033
21150.0, 0.20628588
21160.0, 0.20628144
21170.0, 0.206277
21180.0, 0.20627256
21190.0, 0.20626815
21200.0, 0.20626372
21210.0, 0.20625931
21220.0, 0.20625493
21230.0, 0.20625053
21240.0, 0.20624615
21250.0, 0.20624179
21260.0, 0.20623742
21270.0, 0.20623307
21280.0, 0.20622873
21290.0, 0.2062244
21300.0, 0.20622006
21310.0, 0.20621574
21320.0, 0.20621143
21330.0, 0.20620714
21340.0, 0.20620285
21350.0, 0.20619856
21360.0, 0.20619428
21370.0, 0.20619
21380.0, 0.20618574
21390.0, 0.20618151
21400.0, 0.20617725
21410.0, 0.206173
21420.0, 0.2061688
21430.0, 0.20616457
21440.0, 0.20616037
21450.0, 0.20615616
21460.0, 0.20615196
21470.0, 0.20614779
21480.0, 0.20614362
21490.0, 0.20613943
21500.0, 0.20613529
21510.0, 0.20613113
21520.0, 0.206127
21530.0, 0.20612285
21540.0, 0.20611873
21550.0, 0.2061146
21560.0, 0.2061105
21570.0, 0.2061064
21580.0, 0.2061023
21590.0, 0.20609823
21600.0, 0.20609416
21610.0, 0.20609008
21620.0, 0.20608601
21630.0, 0.20608196
21640.0, 0.2060779
21650.0, 0.20607388
21660.0, 0.20606984
21670.0, 0.20606583
21680.0, 0.20606181
21690.0, 0.20605782
21700.0, 0.20605381
21710.0, 0.20604981
21720.0, 0.20604584
21730.0, 0.20604186
21740.0, 0.20603791
21750.0, 0.20603395
21760.0, 0.20602998
21770.0, 0.20602605
21780.0, 0.20602213
21790.0, 0.2060182
21800.0, 0.20601428
21810.0, 0.20601034
21820.0, 0.20600645
21830.0, 0.20600256
21840.0, 0.20599867
21850.0, 0.2059948
21860.0, 0.20599091
21870.0, 0.20598707
21880.0, 0.2059832
21890.0, 0.20597935
21900.0, 0.2059755
21910.0, 0.20597167
21920.0, 0.20596784
21930.0, 0.20596403
21940.0, 0.20596023
21950.0, 0.2059564
21960.0, 0.20595263
21970.0, 0.20594883
21980.0, 0.20594506
21990.0, 0.20594127
22000.0, 0.2059375
22010.0, 0.20593373
22020.0, 0.20592998
22030.0, 0.20592625
22040.0, 0.20592251
22050.0, 0.20591879
22060.0, 0.20591508
22070.0, 0.20591135
22080.0, 0.20590764
22090.0, 0.20590395
22100.0, 0.20590025
22110.0, 0.20589657
22120.0, 0.20589289
22130.0, 0.20588923
22140.0, 0.20588556
22150.0, 0.2058819
22160.0, 0.20587826
22170.0, 0.20587462
22180.0, 0.20587097
22190.0, 0.20586735
22200.0, 0.20586373
22210.0, 0.20586012
22220.0, 0.20585652
22230.0, 0.20585291
22240.0, 0.20584932
22250.0, 0.20584574
22260.0, 0.20584217
22270.0, 0.20583859
22280.0, 0.20583503
22290.0, 0.20583148
22300.0, 0.20582794
22310.0, 0.20582438
22320.0, 0.20582084
22330.0, 0.20581734
22340.0, 0.2058138
22350.0, 0.2058103
22360.0, 0.20580679
22370.0, 0.20580329
22380.0, 0.2057998
22390.0, 0.20579632
22400.0, 0.20579283
22410.0, 0.20578936
22420.0, 0.2057859
22430.0, 0.20578244
22440.0, 0.20577899
22450.0, 0.20577553
22460.0, 0.20577212
22470.0, 0.20576867
22480.0, 0.20576526
22490.0, 0.20576182
22500.0, 0.20575842
22510.0, 0.20575503
22520.0, 0.20575163
22530.0, 0.20574823
22540.0, 0.20574486
22550.0, 0.20574148
22560.0, 0.20573811
22570.0, 0.20573474
22580.0, 0.20573138
22590.0, 0.20572804
22600.0, 0.2057247
22610.0, 0.20572136
22620.0, 0.20571803
22630.0, 0.2057147
22640.0, 0.2057114
22650.0, 0.20570807
22660.0, 0.20570476
22670.0, 0.20570147
22680.0, 0.20569819
22690.0, 0.2056949
22700.0, 0.20569164
22710.0, 0.20568836
22720.0, 0.20568511
22730.0, 0.20568183
22740.0, 0.20567858
22750.0, 0.20567533
22760.0, 0.20567212
22770.0, 0.20566887
22780.0, 0.20566565
22790.0, 0.20566243
22800.0, 0.20565923
22810.0, 0.205656
22820.0, 0.2056528
22830.0, 0.20564961
22840.0, 0.20564643
22850.0, 0.20564324
22860.0, 0.20564006
22870.0, 0.2056369
22880.0, 0.20563373
22890.0, 0.20563059
22900.0, 0.20562743
22910.0, 0.2056243
22920.0, 0.20562115
22930.0, 0.20561802
22940.0, 0.2056149
22950.0, 0.20561178
22960.0, 0.20560867
22970.0, 0.20560555
22980.0, 0.20560247
22990.0, 0.20559937
23000.0, 0.20559628
23010.0, 0.2055932
23020.0, 0.20559011
23030.0, 0.20558706
23040.0, 0.20558399
23050.0, 0.20558095
23060.0, 0.2055779
23070.0, 0.20557483
23080.0, 0.20557182
23090.0, 0.20556878
23100.0, 0.20556575
23110.0, 0.20556273
23120.0, 0.20555972
23130.0, 0.2055567
23140.0, 0.20555371
23150.0, 0.2055507
23160.0, 0.2055477
23170.0, 0.20554474
23180.0, 0.20554174
23190.0, 0.20553878
23200.0, 0.20553581
23210.0, 0.20553285
23220.0, 0.20552988
23230.0, 0.20552695
23240.0, 0.205524
23250.0, 0.20552105
23260.0, 0.20551813
23270.0, 0.2055152
23280.0, 0.20551227
23290.0, 0.20550938
23300.0, 0.20550646
23310.0, 0.20550355
23320.0, 0.20550068
23330.0, 0.20549777
23340.0, 0.2054949
23350.0, 0.205492
23360.0, 0.20548914
23370.0, 0.20548627
23380.0, 0.2054834
23390.0, 0.20548055
23400.0, 0.2054777
23410.0, 0.20547487
23420.0, 0.205472
23430.0, 0.20546918
23440.0, 0.20546636
23450.0, 0.20546353
23460.0, 0.2054607
23470.0, 0.2054579
23480.0, 0.2054551
23490.0, 0.2054523
23500.0, 0.20544949
23510.0, 0.20544669
23520.0, 0.20544392
23530.0, 0.20544113
23540.0, 0.20543836
23550.0, 0.20543562
23560.0, 0.20543283
23570.0, 0.20543008
23580.0, 0.20542733
23590.0, 0.20542459
23600.0, 0.20542185
23610.0, 0.20541911
23620.0, 0.20541638
23630.0, 0.20541365
23640.0, 0.20541094
23650.0, 0.20540823
23660.0, 0.20540552
23670.0, 0.20540282
23680.0, 0.20540012
23690.0, 0.20539743
23700.0, 0.20539474
23710.0, 0.20539205
23720.0, 0.20538938
23730.0, 0.20538671
23740.0, 0.20538405
23750.0, 0.2053814
23760.0, 0.20537874
23770.0, 0.20537609
23780.0, 0.20537345
23790.0, 0.20537081
23800.0, 0.20536818
23810.0, 0.20536554
23820.0, 0.20536293
23830.0, 0.20536031
23840.0, 0.2053577
23850.0, 0.20535508
23860.0, 0.20535249
23870.0, 0.20534989
23880.0, 0.2053473
23890.0, 0.2053447
23900.0, 0.20534213
23910.0, 0.20533957
23920.0, 0.20533699
23930.0, 0.20533442
23940.0, 0.20533186
23950.0, 0.2053293
23960.0, 0.20532677
23970.0, 0.2053242
23980.0, 0.20532167
23990.0, 0.20531912
24000.0, 0.2053166
24010.0, 0.20531407
24020.0, 0.20531155
24030.0, 0.20530905
24040.0, 0.20530653
24050.0, 0.20530401
24060.0, 0.20530154
24070.0, 0.20529903
24080.0, 0.20529653
24090.0, 0.20529406
24100.0, 0.20529157
24110.0, 0.2052891
24120.0, 0.20528662
24130.0, 0.20528415
24140.0, 0.20528169
24150.0, 0.20527925
24160.0, 0.2052768
24170.0, 0.20527434
24180.0, 0.20527191
24190.0, 0.20526949
24200.0, 0.20526703
24210.0, 0.20526461
24220.0, 0.2052622
24230.0, 0.20525977
24240.0, 0.20525737
24250.0, 0.20525494
24260.0, 0.20525256
24270.0, 0.20525016
24280.0, 0.20524776
24290.0, 0.20524538
24300.0, 0.20524299
24310.0, 0.2052406
24320.0, 0.20523824
24330.0, 0.20523587
24340.0, 0.20523351
24350.0, 0.20523115
24360.0, 0.20522879
24370.0, 0.20522645
24380.0, 0.2052241
24390.0, 0.20522174
24400.0, 0.2052194
24410.0, 0.20521708
24420.0, 0.20521475
24430.0, 0.20521243
24440.0, 0.2052101
24450.0, 0.2052078
24460.0, 0.20520549
24470.0, 0.20520319
24480.0, 0.20520088
24490.0, 0.2051986
24500.0, 0.2051963
24510.0, 0.20519401
24520.0, 0.20519175
24530.0, 0.20518947
24540.0, 0.20518717
24550.0, 0.2051849
24560.0, 0.20518266
24570.0, 0.20518039
24580.0, 0.20517813
24590.0, 0.20517589
24600.0, 0.20517364
24610.0, 0.2051714
24620.0, 0.20516917
24630.0, 0.20516695
24640.0, 0.20516472
24650.0, 0.20516248
24660.0, 0.20516026
24670.0, 0.20515805
24680.0, 0.20515585
24690.0, 0.20515364
24700.0, 0.20515144
24710.0, 0.20514925
24720.0, 0.20514706
24730.0, 0.20514487
24740.0, 0.20514268
24750.0, 0.20514049
24760.0, 0.20513831
24770.0, 0.20513617
24780.0, 0.20513399
24790.0, 0.20513183
24800.0, 0.20512965
24810.0, 0.2051275
24820.0, 0.20512536
24830.0, 0.20512322
24840.0, 0.20512107
24850.0, 0.20511895
24860.0, 0.20511682
24870.0, 0.20511468
24880.0, 0.20511255
24890.0, 0.20511043
24900.0, 0.20510833
24910.0, 0.2051062
24920.0, 0.20510411
24930.0, 0.205102
24940.0, 0.2050999
24950.0, 0.20509781
24960.0, 0.20509572
24970.0, 0.20509364
24980.0, 0.20509155
24990.0, 0.20508948
25000.0, 0.20508741
25010.0, 0.20508532
25020.0, 0.20508328
25030.0, 0.20508121
25040.0, 0.20507915
25050.0, 0.2050771
25060.0, 0.20507506
25070.0, 0.205073
25080.0, 0.20507096
25090.0, 0.20506893
25100.0, 0.2050669
25110.0, 0.20506488
25120.0, 0.20506285
25130.0, 0.20506082
25140.0, 0.20505881
25150.0, 0.2050568
25160.0, 0.20505479
25170.0, 0.2050528
25180.0, 0.2050508
25190.0, 0.20504878
25200.0, 0.2050468
25210.0, 0.2050448
25220.0, 0.20504281
25230.0, 0.20504084
25240.0, 0.20503886
25250.0, 0.2050369
25260.0, 0.20503493
25270.0, 0.20503296
25280.0, 0.205031
25290.0, 0.20502904
25300.0, 0.20502709
25310.0, 0.20502514
25320.0, 0.2050232
25330.0, 0.20502126
25340.0, 0.20501933
25350.0, 0.20501739
25360.0, 0.20501545
25370.0, 0.20501351
25380.0, 0.20501159
25390.0, 0.20500968
25400.0, 0.20500778
25410.0, 0.20500587
25420.0, 0.20500395
25430.0, 0.20500204
25440.0, 0.20500016
25450.0, 0.20499825
25460.0, 0.20499636
25470.0, 0.20499447
25480.0, 0.20499259
25490.0, 0.20499071
25500.0, 0.20498884
25510.0, 0.20498696
25520.0, 0.20498508
25530.0, 0.20498323
25540.0, 0.20498137
25550.0, 0.2049795
25560.0, 0.20497766
25570.0, 0.2049758
25580.0, 0.20497395
25590.0, 0.2049721
25600.0, 0.20497027
25610.0, 0.20496844
25620.0, 0.2049666
25630.0, 0.20496477
25640.0, 0.20496294
25650.0, 0.20496112
25660.0, 0.20495932
25670.0, 0.2049575
25680.0, 0.20495568
25690.0, 0.20495388
25700.0, 0.20495208
25710.0, 0.20495027
25720.0, 0.20494847
25730.0, 0.20494668
25740.0, 0.20494491
25750.0, 0.2049431
25760.0, 0.20494133
25770.0, 0.20493954
25780.0, 0.20493779
25790.0, 0.20493601
25800.0, 0.20493422
25810.0, 0.20493247
25820.0, 0.20493072
25830.0, 0.20492895
25840.0, 0.20492719
25850.0, 0.20492546
25860.0, 0.2049237
25870.0, 0.20492196
25880.0, 0.20492022
25890.0, 0.20491849
25900.0, 0.20491675
25910.0, 0.20491502
25920.0, 0.2049133
25930.0, 0.20491156
25940.0, 0.20490985
25950.0, 0.20490815
25960.0, 0.20490643
25970.0, 0.2049047
25980.0, 0.204903
25990.0, 0.20490131
26000.0, 0.20489962
26010.0, 0.20489791
26020.0, 0.20489623
26030.0, 0.20489453
26040.0, 0.20489286
26050.0, 0.20489118
26060.0, 0.20488948
26070.0, 0.20488782
26080.0, 0.20488614
26090.0, 0.20488447
26100.0, 0.2048828
26110.0, 0.20488113
26120.0, 0.20487949
26130.0, 0.20487782
26140.0, 0.20487617
26150.0, 0.20487452
26160.0, 0.20487289
26170.0, 0.20487124
26180.0, 0.20486961
26190.0, 0.20486797
26200.0, 0.20486633
26210.0, 0.20486471
26220.0, 0.20486307
26230.0, 0.20486146
26240.0, 0.20485985
26250.0, 0.20485823
26260.0, 0.20485662
26270.0, 0.20485501
26280.0, 0.2048534
26290.0, 0.20485178
26300.0, 0.2048502
26310.0, 0.20484859
26320.0, 0.20484701
26330.0, 0.20484541
26340.0, 0.20484382
26350.0, 0.20484225
26360.0, 0.20484066
26370.0, 0.20483908
26380.0, 0.2048375
26390.0, 0.20483594
26400.0, 0.20483436
26410.0, 0.2048328
26420.0, 0.20483124
26430.0, 0.2048297
26440.0, 0.20482813
26450.0, 0.20482658
26460.0, 0.20482501
26470.0, 0.20482348
26480.0, 0.20482193
26490.0, 0.2048204
26500.0, 0.20481886
26510.0, 0.20481731
26520.0, 0.20481579
26530.0, 0.20481427
26540.0, 0.20481274
26550.0, 0.20481122
26560.0, 0.2048097
26570.0, 0.20480818
26580.0, 0.20480667
26590.0, 0.20480515
26600.0, 0.20480366
26610.0, 0.20480214
26620.0, 0.20480064
26630.0, 0.20479915
26640.0, 0.20479766
26650.0, 0.20479617
26660.0, 0.20479466
26670.0, 0.20479318
26680.0, 0.20479171
26690.0, 0.2047902
26700.0, 0.20478874
26710.0, 0.20478727
26720.0, 0.2047858
26730.0, 0.20478433
26740.0, 0.20478286
26750.0, 0.2047814
26760.0, 0.20477994
26770.0, 0.20477849
26780.0, 0.20477703
26790.0, 0.20477557
26800.0, 0.20477413
26810.0, 0.20477268
26820.0, 0.20477124
26830.0, 0.20476979
26840.0, 0.20476836
26850.0, 0.20476693
26860.0, 0.2047655
26870.0, 0.20476407
26880.0, 0.20476264
26890.0, 0.20476122
26900.0, 0.20475982
26910.0, 0.20475839
26920.0, 0.20475698
26930.0, 0.20475557
26940.0, 0.20475416
26950.0, 0.20475274
26960.0, 0.20475134
26970.0, 0.20474994
26980.0, 0.20474854
26990.0, 0.20474716
27000.0, 0.20474577
27010.0, 0.20474438
27020.0, 0.20474298
27030.0, 0.2047416
27040.0, 0.20474023
27050.0, 0.20473884
27060.0, 0.20473747
27070.0, 0.2047361
27080.0, 0.20473473
27090.0, 0.20473337
27100.0, 0.204732
27110.0, 0.20473064
27120.0, 0.20472927
27130.0, 0.20472792
27140.0, 0.20472656
27150.0, 0.20472522
27160.0, 0.20472386
27170.0, 0.20472254
27180.0, 0.20472118
27190.0, 0.20471984
27200.0, 0.20471852
27210.0, 0.20471717
27220.0, 0.20471585
27230.0, 0.2047145
27240.0, 0.2047132
27250.0, 0.20471187
27260.0, 0.20471054
27270.0, 0.20470922
27280.0, 0.2047079
27290.0, 0.2047066
27300.0, 0.20470528
27310.0, 0.20470397
27320.0, 0.20470266
27330.0, 0.20470136
27340.0, 0.20470007
27350.0, 0.20469877
27360.0, 0.20469747
27370.0, 0.20469618
27380.0, 0.2046949
27390.0, 0.2046936
27400.0, 0.2046923
27410.0, 0.20469104
27420.0, 0.20468976
27430.0, 0.20468849
27440.0, 0.2046872
27450.0, 0.20468594
27460.0, 0.20468467
27470.0, 0.20468338
27480.0, 0.20468213
27490.0, 0.20468087
27500.0, 0.20467961
27510.0, 0.20467836
27520.0, 0.20467709
27530.0, 0.20467585
27540.0, 0.20467459
27550.0, 0.20467335
27560.0, 0.20467211
27570.0, 0.20467086
27580.0, 0.20466962
27590.0, 0.20466839
27600.0, 0.20466717
27610.0, 0.20466593
27620.0, 0.20466468
27630.0, 0.20466346
27640.0, 0.20466225
27650.0, 0.20466101
27660.0, 0.2046598
27670.0, 0.20465858
27680.0, 0.20465736
27690.0, 0.20465614
27700.0, 0.20465495
27710.0, 0.20465374
27720.0, 0.20465253
27730.0, 0.20465133
27740.0, 0.20465013
27750.0, 0.20464893
27760.0, 0.20464773
27770.0, 0.20464654
27780.0, 0.20464535
27790.0, 0.20464416
27800.0, 0.20464297
27810.0, 0.20464179
27820.0, 0.20464061
27830.0, 0.20463943
27840.0, 0.20463824
27850.0, 0.20463707
27860.0, 0.2046359
27870.0, 0.20463474
27880.0, 0.20463358
27890.0, 0.20463239
27900.0, 0.20463124
27910.0, 0.20463009
27920.0, 0.20462891
27930.0, 0.20462777
27940.0, 0.2046266
27950.0, 0.20462546
27960.0, 0.20462431
27970.0, 0.20462316
27980.0, 0.20462202
27990.0, 0.20462088
28000.0, 0.20461974
28010.0, 0.2046186
28020.0, 0.20461746
28030.0, 0.20461634
28040.0, 0.2046152
28050.0, 0.20461407
28060.0, 0.20461294
28070.0, 0.20461181
28080.0, 0.2046107
28090.0, 0.20460959
28100.0, 0.20460847
28110.0, 0.20460734
28120.0, 0.20460622
28130.0, 0.20460512
28140.0, 0.20460403
28150.0, 0.20460293
28160.0, 0.20460181
28170.0, 0.2046007
28180.0, 0.2045996
28190.0, 0.20459852
28200.0, 0.20459741
28210.0, 0.20459631
28220.0, 0.20459522
28230.0, 0.20459414
28240.0, 0.20459305
28250.0, 0.20459197
28260.0, 0.20459089
28270.0, 0.2045898
28280.0, 0.20458873
28290.0, 0.20458765
28300.0, 0.20458658
28310.0, 0.20458551
28320.0, 0.20458443
28330.0, 0.20458336
28340.0, 0.2045823
28350.0, 0.20458125
28360.0, 0.20458019
28370.0, 0.20457913
28380.0, 0.20457806
28390.0, 0.20457701
28400.0, 0.20457597
28410.0, 0.20457491
28420.0, 0.20457387
28430.0, 0.20457281
28440.0, 0.20457177
28450.0, 0.20457073
28460.0, 0.2045697
28470.0, 0.20456865
28480.0, 0.20456761
28490.0, 0.20456657
28500.0, 0.20456555
28510.0, 0.20456453
28520.0, 0.2045635
28530.0, 0.20456247
28540.0, 0.20456143
28550.0, 0.20456041
28560.0, 0.20455942
28570.0, 0.20455839
28580.0, 0.20455737
28590.0, 0.20455636
28600.0, 0.20455535
28610.0, 0.20455435
28620.0, 0.20455334
28630.0, 0.20455234
28640.0, 0.20455132
28650.0, 0.20455031
28660.0, 0.20454931
28670.0, 0.20454831
28680.0, 0.20454733
28690.0, 0.20454635
28700.0, 0.20454535
28710.0, 0.20454437
28720.0, 0.20454337
28730.0, 0.20454238
28740.0, 0.20454141
28750.0, 0.20454042
28760.0, 0.20453945
28770.0, 0.20453848
28780.0, 0.2045375
28790.0, 0.20453653
28800.0, 0.20453554
28810.0, 0.20453458
28820.0, 0.2045336
28830.0, 0.20453264
28840.0, 0.20453168
28850.0, 0.20453072
28860.0, 0.20452975
28870.0, 0.2045288
28880.0, 0.20452784
28890.0, 0.2045269
28900.0, 0.20452593
28910.0, 0.20452498
28920.0, 0.20452404
28930.0, 0.20452309
28940.0, 0.20452215
28950.0, 0.20452121
28960.0, 0.20452026
28970.0, 0.20451932
28980.0, 0.20451838
28990.0, 0.20451745
29000.0, 0.20451652
29010.0, 0.20451558
29020.0, 0.20451464
29030.0, 0.20451373
29040.0, 0.20451279
29050.0, 0.20451187
29060.0, 0.20451094
29070.0, 0.20451003
29080.0, 0.20450911
29090.0, 0.20450819
29100.0, 0.20450728
29110.0, 0.20450635
29120.0, 0.20450544
29130.0, 0.20450455
29140.0, 0.20450364
29150.0, 0.20450273
29160.0, 0.20450184
29170.0, 0.20450093
29180.0, 0.20450002
29190.0, 0.20449913
29200.0, 0.20449823
29210.0, 0.20449734
29220.0, 0.20449644
29230.0, 0.20449555
29240.0, 0.20449466
29250.0, 0.20449376
29260.0, 0.20449288
29270.0, 0.204492
29280.0, 0.20449111
29290.0, 0.20449023
29300.0, 0.20448937
29310.0, 0.20448847
29320.0, 0.2044876
29330.0, 0.20448673
29340.0, 0.20448586
29350.0, 0.20448497
29360.0, 0.20448412
29370.0, 0.20448324
29380.0, 0.20448238
29390.0, 0.20448153
29400.0, 0.20448066
29410.0, 0.20447981
29420.0, 0.20447895
29430.0, 0.20447807
29440.0, 0.20447724
29450.0, 0.20447637
29460.0, 0.20447552
29470.0, 0.20447467
29480.0, 0.20447382
29490.0, 0.20447297
29500.0, 0.20447214
29510.0, 0.20447128
29520.0, 0.20447044
29530.0, 0.20446962
29540.0, 0.20446877
29550.0, 0.20446794
29560.0, 0.2044671
29570.0, 0.20446627
29580.0, 0.20446543
29590.0, 0.2044646
29600.0, 0.20446378
29610.0, 0.20446295
29620.0, 0.20446213
29630.0, 0.2044613
29640.0, 0.20446049
29650.0, 0.20445967
29660.0, 0.20445885
29670.0, 0.20445803
29680.0, 0.20445722
29690.0, 0.2044564
29700.0, 0.20445558
29710.0, 0.20445476
29720.0, 0.20445396
29730.0, 0.20445317
29740.0, 0.20445237
29750.0, 0.20445155
29760.0, 0.20445076
29770.0, 0.20444995
29780.0, 0.20444913
29790.0, 0.20444836
29800.0, 0.20444757
29810.0, 0.20444675
29820.0, 0.20444596
29830.0, 0.20444518
29840.0, 0.2044444
29850.0, 0.2044436
29860.0, 0.20444281
29870.0, 0.20444202
29880.0, 0.20444123
29890.0, 0.20444047
29900.0, 0.2044397
29910.0, 0.20443891
29920.0, 0.20443812
29930.0, 0.20443736
29940.0, 0.20443657
29950.0, 0.20443581
29960.0, 0.20443504
29970.0, 0.20443426
29980.0, 0.2044335
29990.0, 0.20443273
30000.0, 0.20443198
