Energy (in eV), backscattering yield of material te2k-NASCAP at incidence 60.0 degree
   X,       Y
0.0, 0.70710677
10.0, 0.42888197
20.0, 0.26013008
30.0, 0.15777686
40.0, 0.09569651
50.0, 0.05804287
60.0, 0.10909854
70.0, 0.14181823
80.0, 0.16611472
90.0, 0.18526344
100.0, 0.20094621
110.0, 0.21415573
120.0, 0.22552295
130.0, 0.23547028
140.0, 0.2442926
150.0, 0.25220293
160.0, 0.2593598
170.0, 0.2658843
180.0, 0.27187088
190.0, 0.2773945
200.0, 0.28251582
210.0, 0.2872843
220.0, 0.29174122
230.0, 0.2959208
240.0, 0.29985228
250.0, 0.30356047
260.0, 0.30706668
270.0, 0.3103895
280.0, 0.3135449
290.0, 0.31654707
300.0, 0.31940842
310.0, 0.32213998
320.0, 0.32475156
330.0, 0.32725185
340.0, 0.32964873
350.0, 0.33194923
360.0, 0.3341598
370.0, 0.33628616
380.0, 0.33833352
390.0, 0.3403067
400.0, 0.3422101
410.0, 0.3440477
420.0, 0.34582317
430.0, 0.34753993
440.0, 0.34920105
450.0, 0.35080943
460.0, 0.35236773
470.0, 0.35387847
480.0, 0.3553439
490.0, 0.35676622
500.0, 0.35814738
510.0, 0.3594893
520.0, 0.36079362
530.0, 0.36206213
540.0, 0.36329618
550.0, 0.36449736
560.0, 0.36566696
570.0, 0.3668062
580.0, 0.36791644
590.0, 0.36899862
600.0, 0.37005395
610.0, 0.37108335
620.0, 0.37208784
630.0, 0.37306827
640.0, 0.37402558
650.0, 0.37496048
660.0, 0.37587383
670.0, 0.3767663
680.0, 0.37763864
690.0, 0.3784915
700.0, 0.3793255
710.0, 0.38014126
720.0, 0.38093936
730.0, 0.3817203
740.0, 0.38248473
750.0, 0.383233
760.0, 0.38396567
770.0, 0.38468322
780.0, 0.38538608
790.0, 0.38607466
800.0, 0.38674936
810.0, 0.3874106
820.0, 0.3880587
830.0, 0.38869405
840.0, 0.38931698
850.0, 0.38992786
860.0, 0.39052698
870.0, 0.39111465
880.0, 0.39169118
890.0, 0.39225683
900.0, 0.39281192
910.0, 0.39335662
920.0, 0.3938913
930.0, 0.39441615
940.0, 0.3949314
950.0, 0.39543733
960.0, 0.39593408
970.0, 0.39642194
980.0, 0.39690107
990.0, 0.39737168
1000.0, 0.39783397
1010.0, 0.39762834
1020.0, 0.397423
1030.0, 0.39721796
1040.0, 0.39701322
1050.0, 0.3968088
1060.0, 0.3966047
1070.0, 0.39640087
1080.0, 0.39619732
1090.0, 0.39599413
1100.0, 0.3957912
1110.0, 0.39558858
1120.0, 0.39538628
1130.0, 0.39518428
1140.0, 0.39498258
1150.0, 0.39478114
1160.0, 0.39458004
1170.0, 0.39437923
1180.0, 0.39417872
1190.0, 0.3939785
1200.0, 0.3937786
1210.0, 0.39357898
1220.0, 0.39337966
1230.0, 0.39318064
1240.0, 0.39298192
1250.0, 0.3927835
1260.0, 0.39258537
1270.0, 0.39238754
1280.0, 0.39219
1290.0, 0.39199275
1300.0, 0.3917958
1310.0, 0.39159915
1320.0, 0.39140278
1330.0, 0.39120674
1340.0, 0.39101097
1350.0, 0.39081547
1360.0, 0.39062032
1370.0, 0.3904254
1380.0, 0.39023083
1390.0, 0.3900365
1400.0, 0.38984248
1410.0, 0.38964877
1420.0, 0.38945535
1430.0, 0.3892622
1440.0, 0.38906935
1450.0, 0.3888768
1460.0, 0.3886845
1470.0, 0.38849252
1480.0, 0.38830084
1490.0, 0.38810942
1500.0, 0.38791832
1510.0, 0.3877275
1520.0, 0.38753694
1530.0, 0.38734668
1540.0, 0.38715672
1550.0, 0.38696706
1560.0, 0.38677764
1570.0, 0.38658854
1580.0, 0.38639972
1590.0, 0.3862112
1600.0, 0.38602293
1610.0, 0.38583496
1620.0, 0.3856473
1630.0, 0.38545987
1640.0, 0.38527277
1650.0, 0.38508594
1660.0, 0.38489938
1670.0, 0.3847131
1680.0, 0.38452712
1690.0, 0.38434142
1700.0, 0.384156
1710.0, 0.38397086
1720.0, 0.383786
1730.0, 0.3836014
1740.0, 0.38341713
1750.0, 0.3832331
1760.0, 0.38304934
1770.0, 0.38286588
1780.0, 0.3826827
1790.0, 0.3824998
1800.0, 0.3823172
1810.0, 0.38213482
1820.0, 0.38195276
1830.0, 0.38177097
1840.0, 0.38158944
1850.0, 0.3814082
1860.0, 0.38122725
1870.0, 0.38104656
1880.0, 0.38086617
1890.0, 0.380686
1900.0, 0.38050616
1910.0, 0.38032657
1920.0, 0.38014725
1930.0, 0.37996823
1940.0, 0.37978944
1950.0, 0.37961096
1960.0, 0.37943274
1970.0, 0.3792548
1980.0, 0.37907714
1990.0, 0.37889972
2000.0, 0.37872258
2010.0, 0.37854573
2020.0, 0.37836915
2030.0, 0.3781928
2040.0, 0.37801677
2050.0, 0.377841
2060.0, 0.3776655
2070.0, 0.37749025
2080.0, 0.37731528
2090.0, 0.37714058
2100.0, 0.37696615
2110.0, 0.37679198
2120.0, 0.3766181
2130.0, 0.37644446
2140.0, 0.3762711
2150.0, 0.376098
2160.0, 0.37592518
2170.0, 0.3757526
2180.0, 0.3755803
2190.0, 0.37540826
2200.0, 0.3752365
2210.0, 0.375065
2220.0, 0.37489378
2230.0, 0.3747228
2240.0, 0.37455207
2250.0, 0.37438163
2260.0, 0.37421146
2270.0, 0.37404153
2280.0, 0.37387186
2290.0, 0.3737025
2300.0, 0.37353334
2310.0, 0.37336448
2320.0, 0.37319586
2330.0, 0.3730275
2340.0, 0.37285942
2350.0, 0.3726916
2360.0, 0.37252402
2370.0, 0.3723567
2380.0, 0.37218967
2390.0, 0.37202287
2400.0, 0.37185633
2410.0, 0.37169006
2420.0, 0.37152404
2430.0, 0.37135828
2440.0, 0.37119278
2450.0, 0.37102753
2460.0, 0.37086254
2470.0, 0.37069783
2480.0, 0.37053335
2490.0, 0.37036914
2500.0, 0.37020516
2510.0, 0.37004146
2520.0, 0.369878
2530.0, 0.3697148
2540.0, 0.36955187
2550.0, 0.36938918
2560.0, 0.36922672
2570.0, 0.36906454
2580.0, 0.3689026
2590.0, 0.36874095
2600.0, 0.3685795
2610.0, 0.36841834
2620.0, 0.3682574
2630.0, 0.36809674
2640.0, 0.3679363
2650.0, 0.36777613
2660.0, 0.36761624
2670.0, 0.36745656
2680.0, 0.36729714
2690.0, 0.36713797
2700.0, 0.36697906
2710.0, 0.36682037
2720.0, 0.36666197
2730.0, 0.36650378
2740.0, 0.36634585
2750.0, 0.36618817
2760.0, 0.36603075
2770.0, 0.36587358
2780.0, 0.3657166
2790.0, 0.36555994
2800.0, 0.36540347
2810.0, 0.36524728
2820.0, 0.36509132
2830.0, 0.3649356
2840.0, 0.36478016
2850.0, 0.36462492
2860.0, 0.36446998
2870.0, 0.3643152
2880.0, 0.36416072
2890.0, 0.3640065
2900.0, 0.3638525
2910.0, 0.36369872
2920.0, 0.3635452
2930.0, 0.36339194
2940.0, 0.3632389
2950.0, 0.3630861
2960.0, 0.36293355
2970.0, 0.36278126
2980.0, 0.36262918
2990.0, 0.36247736
3000.0, 0.36232576
3010.0, 0.36217442
3020.0, 0.3620233
3030.0, 0.36187243
3040.0, 0.36172178
3050.0, 0.3615714
3060.0, 0.36142126
3070.0, 0.36127132
3080.0, 0.36112165
3090.0, 0.36097223
3100.0, 0.360823
3110.0, 0.36067402
3120.0, 0.3605253
3130.0, 0.3603768
3140.0, 0.36022854
3150.0, 0.3600805
3160.0, 0.35993272
3170.0, 0.35978517
3180.0, 0.35963786
3190.0, 0.35949075
3200.0, 0.35934392
3210.0, 0.3591973
3220.0, 0.3590509
3230.0, 0.35890475
3240.0, 0.3587588
3250.0, 0.35861313
3260.0, 0.35846767
3270.0, 0.35832244
3280.0, 0.35817745
3290.0, 0.35803267
3300.0, 0.35788816
3310.0, 0.35774386
3320.0, 0.35759977
3330.0, 0.35745594
3340.0, 0.35731232
3350.0, 0.35716894
3360.0, 0.35702577
3370.0, 0.35688287
3380.0, 0.35674018
3390.0, 0.3565977
3400.0, 0.35645545
3410.0, 0.35631344
3420.0, 0.35617167
3430.0, 0.3560301
3440.0, 0.35588878
3450.0, 0.35574767
3460.0, 0.3556068
3470.0, 0.35546613
3480.0, 0.3553257
3490.0, 0.3551855
3500.0, 0.35504553
3510.0, 0.35490575
3520.0, 0.35476625
3530.0, 0.35462695
3540.0, 0.35448787
3550.0, 0.35434902
3560.0, 0.35421038
3570.0, 0.35407197
3580.0, 0.35393378
3590.0, 0.3537958
3600.0, 0.35365805
3610.0, 0.35352054
3620.0, 0.35338324
3630.0, 0.35324615
3640.0, 0.3531093
3650.0, 0.35297266
3660.0, 0.35283622
3670.0, 0.35270002
3680.0, 0.35256407
3690.0, 0.3524283
3700.0, 0.35229275
3710.0, 0.35215744
3720.0, 0.35202235
3730.0, 0.35188743
3740.0, 0.3517528
3750.0, 0.35161832
3760.0, 0.3514841
3770.0, 0.3513501
3780.0, 0.3512163
3790.0, 0.3510827
3800.0, 0.35094935
3810.0, 0.3508162
3820.0, 0.35068327
3830.0, 0.35055053
3840.0, 0.35041803
3850.0, 0.35028574
3860.0, 0.35015365
3870.0, 0.3500218
3880.0, 0.34989017
3890.0, 0.34975874
3900.0, 0.34962752
3910.0, 0.3494965
3920.0, 0.3493657
3930.0, 0.34923515
3940.0, 0.34910476
3950.0, 0.34897462
3960.0, 0.34884465
3970.0, 0.34871492
3980.0, 0.3485854
3990.0, 0.34845608
4000.0, 0.34832698
4010.0, 0.3481981
4020.0, 0.34806943
4030.0, 0.34794095
4040.0, 0.34781268
4050.0, 0.34768462
4060.0, 0.3475568
4070.0, 0.34742916
4080.0, 0.34730172
4090.0, 0.3471745
4100.0, 0.34704748
4110.0, 0.34692067
4120.0, 0.3467941
4130.0, 0.3466677
4140.0, 0.34654152
4150.0, 0.34641555
4160.0, 0.34628975
4170.0, 0.3461642
4180.0, 0.34603885
4190.0, 0.34591368
4200.0, 0.34578872
4210.0, 0.345664
4220.0, 0.34553945
4230.0, 0.34541512
4240.0, 0.345291
4250.0, 0.34516704
4260.0, 0.34504333
4270.0, 0.3449198
4280.0, 0.34479648
4290.0, 0.34467334
4300.0, 0.34455043
4310.0, 0.34442773
4320.0, 0.34430522
4330.0, 0.34418288
4340.0, 0.34406078
4350.0, 0.3439389
4360.0, 0.34381717
4370.0, 0.34369567
4380.0, 0.34357435
4390.0, 0.34345323
4400.0, 0.34333232
4410.0, 0.34321162
4420.0, 0.3430911
4430.0, 0.3429708
4440.0, 0.34285066
4450.0, 0.34273076
4460.0, 0.34261104
4470.0, 0.3424915
4480.0, 0.34237218
4490.0, 0.34225306
4500.0, 0.34213412
4510.0, 0.3420154
4520.0, 0.34189686
4530.0, 0.34177852
4540.0, 0.34166035
4550.0, 0.3415424
4560.0, 0.34142464
4570.0, 0.34130707
4580.0, 0.3411897
4590.0, 0.34107256
4600.0, 0.3409556
4610.0, 0.3408388
4620.0, 0.34072217
4630.0, 0.3406058
4640.0, 0.3404896
4650.0, 0.34037358
4660.0, 0.34025773
4670.0, 0.34014213
4680.0, 0.34002668
4690.0, 0.33991143
4700.0, 0.3397964
4710.0, 0.3396815
4720.0, 0.33956683
4730.0, 0.33945236
4740.0, 0.33933806
4750.0, 0.33922395
4760.0, 0.33911005
4770.0, 0.33899632
4780.0, 0.3388828
4790.0, 0.33876944
4800.0, 0.33865628
4810.0, 0.33854333
4820.0, 0.33843055
4830.0, 0.33831796
4840.0, 0.33820555
4850.0, 0.33809334
4860.0, 0.33798128
4870.0, 0.33786947
4880.0, 0.3377578
4890.0, 0.33764634
4900.0, 0.33753505
4910.0, 0.33742395
4920.0, 0.33731303
4930.0, 0.3372023
4940.0, 0.33709174
4950.0, 0.33698142
4960.0, 0.33687124
4970.0, 0.33676124
4980.0, 0.33665144
4990.0, 0.3365418
5000.0, 0.33643237
5010.0, 0.3363231
5020.0, 0.33621404
5030.0, 0.33610514
5040.0, 0.33599645
5050.0, 0.3358879
5060.0, 0.33577958
5070.0, 0.3356714
5080.0, 0.33556342
5090.0, 0.33545563
5100.0, 0.335348
5110.0, 0.33524057
5120.0, 0.3351333
5130.0, 0.33502623
5140.0, 0.33491933
5150.0, 0.3348126
5160.0, 0.33470607
5170.0, 0.33459973
5180.0, 0.33449355
5190.0, 0.33438754
5200.0, 0.3342817
5210.0, 0.33417606
5220.0, 0.3340706
5230.0, 0.3339653
5240.0, 0.3338602
5250.0, 0.33375525
5260.0, 0.3336505
5270.0, 0.33354592
5280.0, 0.3334415
5290.0, 0.33333728
5300.0, 0.3332332
5310.0, 0.33312935
5320.0, 0.33302563
5330.0, 0.3329221
5340.0, 0.33281875
5350.0, 0.33271557
5360.0, 0.33261257
5370.0, 0.33250973
5380.0, 0.33240706
5390.0, 0.3323046
5400.0, 0.3322023
5410.0, 0.33210012
5420.0, 0.33199817
5430.0, 0.33189636
5440.0, 0.33179474
5450.0, 0.3316933
5460.0, 0.33159202
5470.0, 0.3314909
5480.0, 0.33138996
5490.0, 0.3312892
5500.0, 0.33118862
5510.0, 0.3310882
5520.0, 0.33098796
5530.0, 0.33088785
5540.0, 0.33078796
5550.0, 0.3306882
5560.0, 0.33058864
5570.0, 0.33048922
5580.0, 0.33039
5590.0, 0.3302909
5600.0, 0.33019203
5610.0, 0.3300933
5620.0, 0.32999474
5630.0, 0.32989633
5640.0, 0.3297981
5650.0, 0.32970005
5660.0, 0.32960215
5670.0, 0.32950443
5680.0, 0.32940686
5690.0, 0.32930946
5700.0, 0.32921225
5710.0, 0.32911518
5720.0, 0.32901827
5730.0, 0.32892156
5740.0, 0.32882497
5750.0, 0.32872856
5760.0, 0.32863232
5770.0, 0.32853624
5780.0, 0.32844034
5790.0, 0.32834458
5800.0, 0.328249
5810.0, 0.32815358
5820.0, 0.32805833
5830.0, 0.32796323
5840.0, 0.3278683
5850.0, 0.32777354
5860.0, 0.32767892
5870.0, 0.32758448
5880.0, 0.32749018
5890.0, 0.32739606
5900.0, 0.3273021
5910.0, 0.3272083
5920.0, 0.32711467
5930.0, 0.32702118
5940.0, 0.32692787
5950.0, 0.3268347
5960.0, 0.3267417
5970.0, 0.32664886
5980.0, 0.32655618
5990.0, 0.32646364
6000.0, 0.32637128
6010.0, 0.32627907
6020.0, 0.32618704
6030.0, 0.32609513
6040.0, 0.3260034
6050.0, 0.32591182
6060.0, 0.32582042
6070.0, 0.32572916
6080.0, 0.32563806
6090.0, 0.3255471
6100.0, 0.32545632
6110.0, 0.3253657
6120.0, 0.32527518
6130.0, 0.32518488
6140.0, 0.3250947
6150.0, 0.3250047
6160.0, 0.32491484
6170.0, 0.32482514
6180.0, 0.32473558
6190.0, 0.3246462
6200.0, 0.32455695
6210.0, 0.32446787
6220.0, 0.32437894
6230.0, 0.32429016
6240.0, 0.32420152
6250.0, 0.32411307
6260.0, 0.32402474
6270.0, 0.32393658
6280.0, 0.32384855
6290.0, 0.3237607
6300.0, 0.32367298
6310.0, 0.32358542
6320.0, 0.323498
6330.0, 0.32341075
6340.0, 0.32332364
6350.0, 0.32323667
6360.0, 0.3231499
6370.0, 0.32306322
6380.0, 0.3229767
6390.0, 0.32289037
6400.0, 0.32280415
6410.0, 0.3227181
6420.0, 0.3226322
6430.0, 0.32254642
6440.0, 0.32246083
6450.0, 0.32237536
6460.0, 0.32229006
6470.0, 0.3222049
6480.0, 0.32211986
6490.0, 0.32203498
6500.0, 0.32195026
6510.0, 0.32186568
6520.0, 0.32178125
6530.0, 0.32169697
6540.0, 0.32161283
6550.0, 0.32152885
6560.0, 0.321445
6570.0, 0.3213613
6580.0, 0.32127774
6590.0, 0.32119435
6600.0, 0.32111108
6610.0, 0.32102796
6620.0, 0.320945
6630.0, 0.32086214
6640.0, 0.32077947
6650.0, 0.32069692
6660.0, 0.32061452
6670.0, 0.3205323
6680.0, 0.32045016
6690.0, 0.3203682
6700.0, 0.32028636
6710.0, 0.3202047
6720.0, 0.32012314
6730.0, 0.32004175
6740.0, 0.3199605
6750.0, 0.31987938
6760.0, 0.3197984
6770.0, 0.3197176
6780.0, 0.31963688
6790.0, 0.31955636
6800.0, 0.31947592
6810.0, 0.31939566
6820.0, 0.31931552
6830.0, 0.31923553
6840.0, 0.3191557
6850.0, 0.319076
6860.0, 0.31899643
6870.0, 0.31891698
6880.0, 0.3188377
6890.0, 0.31875855
6900.0, 0.31867954
6910.0, 0.31860065
6920.0, 0.31852192
6930.0, 0.31844333
6940.0, 0.31836486
6950.0, 0.31828654
6960.0, 0.31820837
6970.0, 0.3181303
6980.0, 0.3180524
6990.0, 0.31797463
7000.0, 0.317897
7010.0, 0.31781948
7020.0, 0.3177421
7030.0, 0.3176649
7040.0, 0.3175878
7050.0, 0.3175108
7060.0, 0.31743398
7070.0, 0.3173573
7080.0, 0.31728074
7090.0, 0.31720433
7100.0, 0.31712803
7110.0, 0.3170519
7120.0, 0.31697586
7130.0, 0.31689999
7140.0, 0.31682423
7150.0, 0.31674862
7160.0, 0.31667313
7170.0, 0.31659776
7180.0, 0.31652257
7190.0, 0.31644747
7200.0, 0.3163725
7210.0, 0.3162977
7220.0, 0.316223
7230.0, 0.31614843
7240.0, 0.316074
7250.0, 0.31599972
7260.0, 0.31592554
7270.0, 0.3158515
7280.0, 0.3157776
7290.0, 0.31570384
7300.0, 0.3156302
7310.0, 0.31555668
7320.0, 0.3154833
7330.0, 0.31541005
7340.0, 0.3153369
7350.0, 0.31526393
7360.0, 0.31519106
7370.0, 0.3151183
7380.0, 0.3150457
7390.0, 0.31497324
7400.0, 0.31490088
7410.0, 0.31482863
7420.0, 0.31475654
7430.0, 0.3146846
7440.0, 0.31461275
7450.0, 0.314541
7460.0, 0.31446943
7470.0, 0.314398
7480.0, 0.31432664
7490.0, 0.31425545
7500.0, 0.31418437
7510.0, 0.3141134
7520.0, 0.31404257
7530.0, 0.31397188
7540.0, 0.31390128
7550.0, 0.31383082
7560.0, 0.3137605
7570.0, 0.3136903
7580.0, 0.3136202
7590.0, 0.31355026
7600.0, 0.31348044
7610.0, 0.31341073
7620.0, 0.31334114
7630.0, 0.3132717
7640.0, 0.31320235
7650.0, 0.31313312
7660.0, 0.31306404
7670.0, 0.31299508
7680.0, 0.31292623
7690.0, 0.3128575
7700.0, 0.3127889
7710.0, 0.31272045
7720.0, 0.31265208
7730.0, 0.31258386
7740.0, 0.31251574
7750.0, 0.31244776
7760.0, 0.31237987
7770.0, 0.31231213
7780.0, 0.31224447
7790.0, 0.312177
7800.0, 0.3121096
7810.0, 0.31204233
7820.0, 0.31197518
7830.0, 0.31190816
7840.0, 0.31184125
7850.0, 0.31177446
7860.0, 0.3117078
7870.0, 0.31164125
7880.0, 0.31157482
7890.0, 0.31150848
7900.0, 0.3114423
7910.0, 0.3113762
7920.0, 0.31131026
7930.0, 0.31124443
7940.0, 0.31117868
7950.0, 0.3111131
7960.0, 0.31104758
7970.0, 0.31098223
7980.0, 0.310917
7990.0, 0.31085184
8000.0, 0.3107868
8010.0, 0.3107219
8020.0, 0.3106571
8030.0, 0.31059244
8040.0, 0.3105279
8050.0, 0.31046346
8060.0, 0.31039912
8070.0, 0.31033492
8080.0, 0.31027082
8090.0, 0.31020683
8100.0, 0.31014296
8110.0, 0.31007922
8120.0, 0.3100156
8130.0, 0.30995205
8140.0, 0.30988866
8150.0, 0.30982536
8160.0, 0.30976218
8170.0, 0.30969912
8180.0, 0.30963615
8190.0, 0.3095733
8200.0, 0.3095106
8210.0, 0.30944797
8220.0, 0.30938545
8230.0, 0.30932307
8240.0, 0.3092608
8250.0, 0.30919862
8260.0, 0.30913657
8270.0, 0.3090746
8280.0, 0.30901277
8290.0, 0.30895105
8300.0, 0.30888945
8310.0, 0.30882794
8320.0, 0.30876654
8330.0, 0.30870527
8340.0, 0.30864412
8350.0, 0.30858305
8360.0, 0.3085221
8370.0, 0.30846128
8380.0, 0.30840054
8390.0, 0.30833992
8400.0, 0.3082794
8410.0, 0.30821902
8420.0, 0.3081587
8430.0, 0.30809852
8440.0, 0.30803844
8450.0, 0.30797848
8460.0, 0.30791864
8470.0, 0.30785885
8480.0, 0.30779922
8490.0, 0.3077397
8500.0, 0.30768025
8510.0, 0.30762094
8520.0, 0.30756173
8530.0, 0.30750263
8540.0, 0.30744362
8550.0, 0.30738473
8560.0, 0.30732593
8570.0, 0.30726725
8580.0, 0.3072087
8590.0, 0.30715021
8600.0, 0.30709186
8610.0, 0.3070336
8620.0, 0.30697545
8630.0, 0.3069174
8640.0, 0.30685946
8650.0, 0.30680162
8660.0, 0.3067439
8670.0, 0.30668625
8680.0, 0.30662873
8690.0, 0.3065713
8700.0, 0.306514
8710.0, 0.3064568
8720.0, 0.30639967
8730.0, 0.30634266
8740.0, 0.30628577
8750.0, 0.30622897
8760.0, 0.30617228
8770.0, 0.3061157
8780.0, 0.3060592
8790.0, 0.30600283
8800.0, 0.30594653
8810.0, 0.30589035
8820.0, 0.30583426
8830.0, 0.3057783
8840.0, 0.30572242
8850.0, 0.30566663
8860.0, 0.30561095
8870.0, 0.3055554
8880.0, 0.3054999
8890.0, 0.30544454
8900.0, 0.30538929
8910.0, 0.3053341
8920.0, 0.30527905
8930.0, 0.30522406
8940.0, 0.3051692
8950.0, 0.30511442
8960.0, 0.30505976
8970.0, 0.30500516
8980.0, 0.3049507
8990.0, 0.30489632
9000.0, 0.30484205
9010.0, 0.30478787
9020.0, 0.3047338
9030.0, 0.30467984
9040.0, 0.30462596
9050.0, 0.30457217
9060.0, 0.3045185
9070.0, 0.3044649
9080.0, 0.3044114
9090.0, 0.304358
9100.0, 0.30430472
9110.0, 0.30425152
9120.0, 0.30419844
9130.0, 0.30414543
9140.0, 0.30409253
9150.0, 0.30403972
9160.0, 0.303987
9170.0, 0.3039344
9180.0, 0.30388188
9190.0, 0.30382946
9200.0, 0.30377713
9210.0, 0.30372488
9220.0, 0.30367276
9230.0, 0.3036207
9240.0, 0.30356875
9250.0, 0.3035169
9260.0, 0.30346516
9270.0, 0.30341348
9280.0, 0.30336192
9290.0, 0.30331042
9300.0, 0.30325904
9310.0, 0.30320778
9320.0, 0.30315658
9330.0, 0.30310547
9340.0, 0.30305448
9350.0, 0.30300355
9360.0, 0.30295274
9370.0, 0.302902
9380.0, 0.30285138
9390.0, 0.30280086
9400.0, 0.30275038
9410.0, 0.30270004
9420.0, 0.3026498
9430.0, 0.3025996
9440.0, 0.3025495
9450.0, 0.30249953
9460.0, 0.30244964
9470.0, 0.30239984
9480.0, 0.30235013
9490.0, 0.3023005
9500.0, 0.30225098
9510.0, 0.30220154
9520.0, 0.3021522
9530.0, 0.30210292
9540.0, 0.30205378
9550.0, 0.3020047
9560.0, 0.3019557
9570.0, 0.3019068
9580.0, 0.301858
9590.0, 0.30180928
9600.0, 0.30176064
9610.0, 0.3017121
9620.0, 0.30166367
9630.0, 0.3016153
9640.0, 0.30156702
9650.0, 0.30151886
9660.0, 0.30147076
9670.0, 0.30142274
9680.0, 0.30137482
9690.0, 0.301327
9700.0, 0.30127925
9710.0, 0.3012316
9720.0, 0.30118403
9730.0, 0.30113655
9740.0, 0.30108917
9750.0, 0.30104187
9760.0, 0.30099463
9770.0, 0.30094752
9780.0, 0.30090046
9790.0, 0.30085352
9800.0, 0.30080664
9810.0, 0.30075985
9820.0, 0.30071315
9830.0, 0.30066654
9840.0, 0.30062002
9850.0, 0.3005736
9860.0, 0.30052722
9870.0, 0.30048096
9880.0, 0.30043477
9890.0, 0.3003887
9900.0, 0.30034268
9910.0, 0.30029672
9920.0, 0.3002509
9930.0, 0.30020514
9940.0, 0.30015945
9950.0, 0.3001139
9960.0, 0.30006838
9970.0, 0.30002293
9980.0, 0.2999776
9990.0, 0.29993236
10000.0, 0.29988718
10010.0, 0.2998421
10020.0, 0.2997971
10030.0, 0.29975218
10040.0, 0.29970732
10050.0, 0.29966256
10060.0, 0.29961792
10070.0, 0.2995733
10080.0, 0.2995288
10090.0, 0.2994844
10100.0, 0.29944003
10110.0, 0.2993958
10120.0, 0.2993516
10130.0, 0.2993075
10140.0, 0.29926348
10150.0, 0.29921955
10160.0, 0.2991757
10170.0, 0.29913193
10180.0, 0.29908824
10190.0, 0.29904464
10200.0, 0.2990011
10210.0, 0.29895768
10220.0, 0.2989143
10230.0, 0.298871
10240.0, 0.2988278
10250.0, 0.29878467
10260.0, 0.29874164
10270.0, 0.29869866
10280.0, 0.29865578
10290.0, 0.29861298
10300.0, 0.29857025
10310.0, 0.2985276
10320.0, 0.298485
10330.0, 0.29844254
10340.0, 0.29840013
10350.0, 0.29835778
10360.0, 0.29831555
10370.0, 0.29827335
10380.0, 0.29823127
10390.0, 0.29818922
10400.0, 0.29814732
10410.0, 0.29810545
10420.0, 0.29806367
10430.0, 0.29802194
10440.0, 0.2979803
10450.0, 0.29793876
10460.0, 0.29789728
10470.0, 0.29785588
10480.0, 0.29781455
10490.0, 0.2977733
10500.0, 0.29773214
10510.0, 0.29769105
10520.0, 0.29765004
10530.0, 0.29760912
10540.0, 0.29756826
10550.0, 0.29752746
10560.0, 0.29748675
10570.0, 0.2974461
10580.0, 0.29740554
10590.0, 0.29736507
10600.0, 0.29732466
10610.0, 0.29728433
10620.0, 0.29724407
10630.0, 0.2972039
10640.0, 0.29716378
10650.0, 0.29712376
10660.0, 0.2970838
10670.0, 0.29704392
10680.0, 0.2970041
10690.0, 0.29696438
10700.0, 0.2969247
10710.0, 0.2968851
10720.0, 0.2968456
10730.0, 0.29680616
10740.0, 0.2967668
10750.0, 0.2967275
10760.0, 0.2966883
10770.0, 0.29664913
10780.0, 0.29661006
10790.0, 0.29657105
10800.0, 0.29653212
10810.0, 0.2964933
10820.0, 0.2964545
10830.0, 0.29641578
10840.0, 0.29637715
10850.0, 0.2963386
10860.0, 0.29630008
10870.0, 0.29626167
10880.0, 0.2962233
10890.0, 0.29618505
10900.0, 0.29614684
10910.0, 0.2961087
10920.0, 0.29607064
10930.0, 0.29603264
10940.0, 0.29599473
10950.0, 0.29595688
10960.0, 0.2959191
10970.0, 0.29588136
10980.0, 0.29584375
10990.0, 0.29580617
11000.0, 0.29576868
11010.0, 0.29573125
11020.0, 0.2956939
11030.0, 0.2956566
11040.0, 0.2956194
11050.0, 0.29558223
11060.0, 0.29554516
11070.0, 0.29550815
11080.0, 0.29547122
11090.0, 0.29543433
11100.0, 0.29539752
11110.0, 0.2953608
11120.0, 0.29532415
11130.0, 0.29528755
11140.0, 0.295251
11150.0, 0.29521456
11160.0, 0.29517817
11170.0, 0.29514185
11180.0, 0.29510558
11190.0, 0.2950694
11200.0, 0.29503328
11210.0, 0.29499725
11220.0, 0.29496124
11230.0, 0.29492533
11240.0, 0.2948895
11250.0, 0.29485372
11260.0, 0.294818
11270.0, 0.29478237
11280.0, 0.2947468
11290.0, 0.29471126
11300.0, 0.29467583
11310.0, 0.29464045
11320.0, 0.29460514
11330.0, 0.29456988
11340.0, 0.2945347
11350.0, 0.29449958
11360.0, 0.29446456
11370.0, 0.29442957
11380.0, 0.29439464
11390.0, 0.2943598
11400.0, 0.29432502
11410.0, 0.2942903
11420.0, 0.29425564
11430.0, 0.29422104
11440.0, 0.29418653
11450.0, 0.29415205
11460.0, 0.29411766
11470.0, 0.29408333
11480.0, 0.29404908
11490.0, 0.29401487
11500.0, 0.29398075
11510.0, 0.29394665
11520.0, 0.29391265
11530.0, 0.2938787
11540.0, 0.29384485
11550.0, 0.29381102
11560.0, 0.2937773
11570.0, 0.29374358
11580.0, 0.29370996
11590.0, 0.2936764
11600.0, 0.29364288
11610.0, 0.29360947
11620.0, 0.2935761
11630.0, 0.29354277
11640.0, 0.2935095
11650.0, 0.29347634
11660.0, 0.29344323
11670.0, 0.29341018
11680.0, 0.29337716
11690.0, 0.29334423
11700.0, 0.29331136
11710.0, 0.29327855
11720.0, 0.2932458
11730.0, 0.29321313
11740.0, 0.2931805
11750.0, 0.29314792
11760.0, 0.29311544
11770.0, 0.29308298
11780.0, 0.29305062
11790.0, 0.29301828
11800.0, 0.29298604
11810.0, 0.29295382
11820.0, 0.2929217
11830.0, 0.29288962
11840.0, 0.29285762
11850.0, 0.29282567
11860.0, 0.29279375
11870.0, 0.29276192
11880.0, 0.29273015
11890.0, 0.29269844
11900.0, 0.2926668
11910.0, 0.2926352
11920.0, 0.29260367
11930.0, 0.2925722
11940.0, 0.2925408
11950.0, 0.2925094
11960.0, 0.2924781
11970.0, 0.29244688
11980.0, 0.2924157
11990.0, 0.2923846
12000.0, 0.29235354
12010.0, 0.29232255
12020.0, 0.29229158
12030.0, 0.2922607
12040.0, 0.29222986
12050.0, 0.2921991
12060.0, 0.2921684
12070.0, 0.29213774
12080.0, 0.29210716
12090.0, 0.29207662
12100.0, 0.29204616
12110.0, 0.29201573
12120.0, 0.29198536
12130.0, 0.29195505
12140.0, 0.29192483
12150.0, 0.29189464
12160.0, 0.29186448
12170.0, 0.2918344
12180.0, 0.2918044
12190.0, 0.29177445
12200.0, 0.29174453
12210.0, 0.2917147
12220.0, 0.2916849
12230.0, 0.29165518
12240.0, 0.2916255
12250.0, 0.29159588
12260.0, 0.2915663
12270.0, 0.2915368
12280.0, 0.29150733
12290.0, 0.29147795
12300.0, 0.2914486
12310.0, 0.29141933
12320.0, 0.2913901
12330.0, 0.2913609
12340.0, 0.2913318
12350.0, 0.2913027
12360.0, 0.2912737
12370.0, 0.29124475
12380.0, 0.29121587
12390.0, 0.29118702
12400.0, 0.29115823
12410.0, 0.2911295
12420.0, 0.2911008
12430.0, 0.2910722
12440.0, 0.2910436
12450.0, 0.2910151
12460.0, 0.29098663
12470.0, 0.29095823
12480.0, 0.29092988
12490.0, 0.29090157
12500.0, 0.29087332
12510.0, 0.29084513
12520.0, 0.290817
12530.0, 0.2907889
12540.0, 0.29076087
12550.0, 0.2907329
12560.0, 0.29070497
12570.0, 0.2906771
12580.0, 0.29064927
12590.0, 0.29062152
12600.0, 0.2905938
12610.0, 0.29056615
12620.0, 0.29053852
12630.0, 0.29051095
12640.0, 0.29048344
12650.0, 0.29045603
12660.0, 0.2904286
12670.0, 0.29040128
12680.0, 0.29037398
12690.0, 0.29034674
12700.0, 0.29031953
12710.0, 0.2902924
12720.0, 0.29026532
12730.0, 0.29023826
12740.0, 0.2902113
12750.0, 0.29018435
12760.0, 0.29015747
12770.0, 0.29013065
12780.0, 0.29010385
12790.0, 0.29007715
12800.0, 0.29005045
12810.0, 0.29002383
12820.0, 0.28999725
12830.0, 0.28997073
12840.0, 0.28994426
12850.0, 0.28991783
12860.0, 0.28989145
12870.0, 0.28986514
12880.0, 0.28983885
12890.0, 0.28981262
12900.0, 0.28978646
12910.0, 0.28976032
12920.0, 0.28973427
12930.0, 0.28970823
12940.0, 0.28968227
12950.0, 0.28965634
12960.0, 0.28963047
12970.0, 0.28960463
12980.0, 0.28957886
12990.0, 0.28955314
13000.0, 0.28952748
13010.0, 0.28950185
13020.0, 0.28947625
13030.0, 0.2894507
13040.0, 0.28942522
13050.0, 0.2893998
13060.0, 0.2893744
13070.0, 0.28934908
13080.0, 0.2893238
13090.0, 0.28929856
13100.0, 0.28927335
13110.0, 0.28924823
13120.0, 0.2892231
13130.0, 0.28919807
13140.0, 0.28917307
13150.0, 0.28914812
13160.0, 0.2891232
13170.0, 0.28909835
13180.0, 0.28907356
13190.0, 0.2890488
13200.0, 0.28902408
13210.0, 0.2889994
13220.0, 0.2889748
13230.0, 0.28895023
13240.0, 0.2889257
13250.0, 0.2889012
13260.0, 0.2888768
13270.0, 0.2888524
13280.0, 0.28882807
13290.0, 0.28880376
13300.0, 0.28877953
13310.0, 0.28875533
13320.0, 0.2887312
13330.0, 0.28870708
13340.0, 0.288683
13350.0, 0.28865898
13360.0, 0.28863502
13370.0, 0.2886111
13380.0, 0.2885872
13390.0, 0.2885634
13400.0, 0.28853962
13410.0, 0.28851587
13420.0, 0.28849217
13430.0, 0.28846854
13440.0, 0.28844494
13450.0, 0.28842136
13460.0, 0.28839785
13470.0, 0.2883744
13480.0, 0.28835097
13490.0, 0.2883276
13500.0, 0.28830427
13510.0, 0.28828096
13520.0, 0.28825772
13530.0, 0.28823453
13540.0, 0.28821138
13550.0, 0.28818828
13560.0, 0.28816518
13570.0, 0.28814217
13580.0, 0.2881192
13590.0, 0.28809628
13600.0, 0.2880734
13610.0, 0.28805053
13620.0, 0.28802773
13630.0, 0.28800496
13640.0, 0.28798226
13650.0, 0.28795958
13660.0, 0.28793696
13670.0, 0.28791437
13680.0, 0.28789183
13690.0, 0.28786933
13700.0, 0.2878469
13710.0, 0.28782448
13720.0, 0.2878021
13730.0, 0.28777978
13740.0, 0.2877575
13750.0, 0.28773525
13760.0, 0.28771308
13770.0, 0.2876909
13780.0, 0.2876688
13790.0, 0.28764674
13800.0, 0.2876247
13810.0, 0.28760272
13820.0, 0.2875808
13830.0, 0.28755888
13840.0, 0.28753704
13850.0, 0.2875152
13860.0, 0.28749344
13870.0, 0.28747168
13880.0, 0.28745002
13890.0, 0.28742835
13900.0, 0.28740674
13910.0, 0.2873852
13920.0, 0.28736365
13930.0, 0.2873422
13940.0, 0.28732076
13950.0, 0.28729934
13960.0, 0.287278
13970.0, 0.28725666
13980.0, 0.2872354
13990.0, 0.28721416
14000.0, 0.28719297
14010.0, 0.2871718
14020.0, 0.28715068
14030.0, 0.2871296
14040.0, 0.2871086
14050.0, 0.2870876
14060.0, 0.28706664
14070.0, 0.28704575
14080.0, 0.2870249
14090.0, 0.28700405
14100.0, 0.28698325
14110.0, 0.2869625
14120.0, 0.2869418
14130.0, 0.2869211
14140.0, 0.2869005
14150.0, 0.2868799
14160.0, 0.28685933
14170.0, 0.28683883
14180.0, 0.2868184
14190.0, 0.28679794
14200.0, 0.28677756
14210.0, 0.2867572
14220.0, 0.28673688
14230.0, 0.2867166
14240.0, 0.28669634
14250.0, 0.28667617
14260.0, 0.28665602
14270.0, 0.2866359
14280.0, 0.28661582
14290.0, 0.28659576
14300.0, 0.28657576
14310.0, 0.2865558
14320.0, 0.28653586
14330.0, 0.28651598
14340.0, 0.28649613
14350.0, 0.2864763
14360.0, 0.28645656
14370.0, 0.28643683
14380.0, 0.28641713
14390.0, 0.28639746
14400.0, 0.28637785
14410.0, 0.28635827
14420.0, 0.28633872
14430.0, 0.28631923
14440.0, 0.28629974
14450.0, 0.2862803
14460.0, 0.2862609
14470.0, 0.28624156
14480.0, 0.28622225
14490.0, 0.28620294
14500.0, 0.2861837
14510.0, 0.2861645
14520.0, 0.28614533
14530.0, 0.2861262
14540.0, 0.2861071
14550.0, 0.28608802
14560.0, 0.286069
14570.0, 0.28605002
14580.0, 0.28603107
14590.0, 0.28601217
14600.0, 0.28599328
14610.0, 0.28597444
14620.0, 0.28595564
14630.0, 0.28593686
14640.0, 0.28591815
14650.0, 0.28589946
14660.0, 0.2858808
14670.0, 0.28586218
14680.0, 0.28584358
14690.0, 0.28582504
14700.0, 0.2858065
14710.0, 0.28578803
14720.0, 0.28576958
14730.0, 0.2857512
14740.0, 0.2857328
14750.0, 0.28571448
14760.0, 0.28569618
14770.0, 0.2856779
14780.0, 0.28565967
14790.0, 0.2856415
14800.0, 0.2856233
14810.0, 0.2856052
14820.0, 0.2855871
14830.0, 0.28556907
14840.0, 0.28555104
14850.0, 0.28553304
14860.0, 0.2855151
14870.0, 0.2854972
14880.0, 0.2854793
14890.0, 0.28546146
14900.0, 0.28544366
14910.0, 0.28542587
14920.0, 0.28540814
14930.0, 0.2853904
14940.0, 0.28537273
14950.0, 0.2853551
14960.0, 0.2853375
14970.0, 0.28531992
14980.0, 0.2853024
14990.0, 0.28528488
15000.0, 0.2852674
15010.0, 0.28524998
15020.0, 0.28523257
15030.0, 0.2852152
15040.0, 0.28519788
15050.0, 0.28518057
15060.0, 0.2851633
15070.0, 0.28514606
15080.0, 0.28512886
15090.0, 0.2851117
15100.0, 0.28509456
15110.0, 0.28507748
15120.0, 0.2850604
15130.0, 0.28504336
15140.0, 0.28502637
15150.0, 0.28500938
15160.0, 0.28499246
15170.0, 0.28497556
15180.0, 0.2849587
15190.0, 0.28494185
15200.0, 0.28492504
15210.0, 0.28490826
15220.0, 0.28489155
15230.0, 0.28487483
15240.0, 0.28485814
15250.0, 0.2848415
15260.0, 0.28482488
15270.0, 0.2848083
15280.0, 0.28479177
15290.0, 0.28477526
15300.0, 0.28475878
15310.0, 0.28474233
15320.0, 0.2847259
15330.0, 0.2847095
15340.0, 0.28469318
15350.0, 0.28467685
15360.0, 0.28466055
15370.0, 0.2846443
15380.0, 0.28462806
15390.0, 0.28461188
15400.0, 0.2845957
15410.0, 0.28457958
15420.0, 0.28456348
15430.0, 0.2845474
15440.0, 0.28453135
15450.0, 0.28451535
15460.0, 0.28449938
15470.0, 0.28448343
15480.0, 0.28446752
15490.0, 0.28445163
15500.0, 0.28443578
15510.0, 0.28441995
15520.0, 0.28440416
15530.0, 0.2843884
15540.0, 0.28437266
15550.0, 0.28435698
15560.0, 0.2843413
15570.0, 0.28432566
15580.0, 0.28431007
15590.0, 0.2842945
15600.0, 0.28427893
15610.0, 0.2842634
15620.0, 0.2842479
15630.0, 0.28423247
15640.0, 0.28421703
15650.0, 0.28420165
15660.0, 0.28418627
15670.0, 0.28417093
15680.0, 0.28415564
15690.0, 0.28414035
15700.0, 0.28412512
15710.0, 0.2841099
15720.0, 0.2840947
15730.0, 0.28407952
15740.0, 0.2840644
15750.0, 0.2840493
15760.0, 0.28403422
15770.0, 0.28401917
15780.0, 0.28400418
15790.0, 0.2839892
15800.0, 0.28397423
15810.0, 0.28395933
15820.0, 0.2839444
15830.0, 0.28392956
15840.0, 0.28391472
15850.0, 0.2838999
15860.0, 0.28388512
15870.0, 0.28387037
15880.0, 0.28385565
15890.0, 0.28384095
15900.0, 0.2838263
15910.0, 0.28381166
15920.0, 0.28379703
15930.0, 0.28378245
15940.0, 0.2837679
15950.0, 0.28375337
15960.0, 0.28373888
15970.0, 0.2837244
15980.0, 0.28370997
15990.0, 0.28369558
16000.0, 0.28368118
16010.0, 0.28366682
16020.0, 0.2836525
16030.0, 0.2836382
16040.0, 0.28362393
16050.0, 0.2836097
16060.0, 0.28359547
16070.0, 0.2835813
16080.0, 0.28356713
16090.0, 0.28355297
16100.0, 0.28353888
16110.0, 0.2835248
16120.0, 0.28351077
16130.0, 0.28349674
16140.0, 0.28348273
16150.0, 0.28346875
16160.0, 0.28345484
16170.0, 0.28344092
16180.0, 0.28342703
16190.0, 0.28341317
16200.0, 0.28339934
16210.0, 0.28338552
16220.0, 0.28337175
16230.0, 0.283358
16240.0, 0.28334427
16250.0, 0.28333056
16260.0, 0.28331688
16270.0, 0.28330326
16280.0, 0.28328964
16290.0, 0.28327605
16300.0, 0.2832625
16310.0, 0.28324893
16320.0, 0.28323543
16330.0, 0.28322193
16340.0, 0.2832085
16350.0, 0.28319505
16360.0, 0.28318164
16370.0, 0.28316826
16380.0, 0.2831549
16390.0, 0.28314158
16400.0, 0.28312826
16410.0, 0.283115
16420.0, 0.28310174
16430.0, 0.2830885
16440.0, 0.2830753
16450.0, 0.28306213
16460.0, 0.283049
16470.0, 0.28303587
16480.0, 0.28302276
16490.0, 0.2830097
16500.0, 0.28299665
16510.0, 0.28298363
16520.0, 0.28297064
16530.0, 0.28295767
16540.0, 0.28294474
16550.0, 0.2829318
16560.0, 0.2829189
16570.0, 0.28290606
16580.0, 0.2828932
16590.0, 0.2828804
16600.0, 0.2828676
16610.0, 0.28285483
16620.0, 0.2828421
16630.0, 0.28282937
16640.0, 0.28281668
16650.0, 0.282804
16660.0, 0.28279135
16670.0, 0.28277874
16680.0, 0.28276613
16690.0, 0.2827536
16700.0, 0.282741
16710.0, 0.2827285
16720.0, 0.282716
16730.0, 0.28270352
16740.0, 0.2826911
16750.0, 0.28267866
16760.0, 0.28266627
16770.0, 0.2826539
16780.0, 0.28264153
16790.0, 0.28262922
16800.0, 0.2826169
16810.0, 0.28260463
16820.0, 0.2825924
16830.0, 0.28258017
16840.0, 0.28256795
16850.0, 0.28255576
16860.0, 0.2825436
16870.0, 0.28253147
16880.0, 0.28251934
16890.0, 0.28250727
16900.0, 0.2824952
16910.0, 0.28248316
16920.0, 0.28247115
16930.0, 0.28245914
16940.0, 0.2824472
16950.0, 0.28243524
16960.0, 0.28242332
16970.0, 0.2824114
16980.0, 0.28239954
16990.0, 0.28238767
17000.0, 0.28237584
17010.0, 0.28236404
17020.0, 0.28235227
17030.0, 0.2823405
17040.0, 0.28232875
17050.0, 0.28231704
17060.0, 0.28230536
17070.0, 0.28229368
17080.0, 0.28228202
17090.0, 0.2822704
17100.0, 0.2822588
17110.0, 0.28224722
17120.0, 0.28223568
17130.0, 0.28222415
17140.0, 0.28221264
17150.0, 0.28220114
17160.0, 0.28218967
17170.0, 0.28217825
17180.0, 0.2821668
17190.0, 0.28215542
17200.0, 0.28214404
17210.0, 0.2821327
17220.0, 0.28212136
17230.0, 0.28211004
17240.0, 0.28209877
17250.0, 0.2820875
17260.0, 0.28207624
17270.0, 0.28206503
17280.0, 0.28205383
17290.0, 0.28204265
17300.0, 0.2820315
17310.0, 0.28202036
17320.0, 0.28200927
17330.0, 0.28199816
17340.0, 0.2819871
17350.0, 0.28197604
17360.0, 0.28196502
17370.0, 0.28195402
17380.0, 0.28194305
17390.0, 0.2819321
17400.0, 0.28192115
17410.0, 0.28191024
17420.0, 0.28189933
17430.0, 0.28188846
17440.0, 0.2818776
17450.0, 0.28186676
17460.0, 0.28185597
17470.0, 0.28184518
17480.0, 0.28183442
17490.0, 0.28182366
17500.0, 0.28181294
17510.0, 0.28180224
17520.0, 0.28179154
17530.0, 0.2817809
17540.0, 0.28177026
17550.0, 0.28175962
17560.0, 0.281749
17570.0, 0.28173843
17580.0, 0.28172788
17590.0, 0.28171733
17600.0, 0.28170684
17610.0, 0.28169632
17620.0, 0.28168586
17630.0, 0.2816754
17640.0, 0.28166497
17650.0, 0.28165457
17660.0, 0.28164417
17670.0, 0.28163376
17680.0, 0.28162342
17690.0, 0.2816131
17700.0, 0.28160277
17710.0, 0.2815925
17720.0, 0.2815822
17730.0, 0.28157195
17740.0, 0.28156173
17750.0, 0.2815515
17760.0, 0.28154132
17770.0, 0.28153116
17780.0, 0.281521
17790.0, 0.28151086
17800.0, 0.28150076
17810.0, 0.28149065
17820.0, 0.28148058
17830.0, 0.28147054
17840.0, 0.2814605
17850.0, 0.28145048
17860.0, 0.2814405
17870.0, 0.2814305
17880.0, 0.28142056
17890.0, 0.28141063
17900.0, 0.2814007
17910.0, 0.28139082
17920.0, 0.28138092
17930.0, 0.2813711
17940.0, 0.28136125
17950.0, 0.28135142
17960.0, 0.2813416
17970.0, 0.28133184
17980.0, 0.2813221
17990.0, 0.28131235
18000.0, 0.2813026
18010.0, 0.28129292
18020.0, 0.28128323
18030.0, 0.28127357
18040.0, 0.28126392
18050.0, 0.2812543
18060.0, 0.2812447
18070.0, 0.2812351
18080.0, 0.2812255
18090.0, 0.28121597
18100.0, 0.28120643
18110.0, 0.28119692
18120.0, 0.28118742
18130.0, 0.28117794
18140.0, 0.2811685
18150.0, 0.28115904
18160.0, 0.28114963
18170.0, 0.2811402
18180.0, 0.28113085
18190.0, 0.28112146
18200.0, 0.28111213
18210.0, 0.2811028
18220.0, 0.28109348
18230.0, 0.28108418
18240.0, 0.2810749
18250.0, 0.28106567
18260.0, 0.28105643
18270.0, 0.2810472
18280.0, 0.281038
18290.0, 0.2810288
18300.0, 0.28101966
18310.0, 0.2810105
18320.0, 0.28100136
18330.0, 0.28099227
18340.0, 0.28098318
18350.0, 0.2809741
18360.0, 0.28096503
18370.0, 0.280956
18380.0, 0.28094697
18390.0, 0.28093797
18400.0, 0.28092897
18410.0, 0.28092
18420.0, 0.28091106
18430.0, 0.28090212
18440.0, 0.2808932
18450.0, 0.2808843
18460.0, 0.2808754
18470.0, 0.28086656
18480.0, 0.2808577
18490.0, 0.2808489
18500.0, 0.28084007
18510.0, 0.28083128
18520.0, 0.28082252
18530.0, 0.28081372
18540.0, 0.280805
18550.0, 0.28079626
18560.0, 0.28078756
18570.0, 0.28077886
18580.0, 0.28077018
18590.0, 0.28076154
18600.0, 0.2807529
18610.0, 0.28074428
18620.0, 0.28073567
18630.0, 0.2807271
18640.0, 0.2807185
18650.0, 0.28070995
18660.0, 0.28070143
18670.0, 0.28069288
18680.0, 0.28068438
18690.0, 0.2806759
18700.0, 0.28066742
18710.0, 0.28065896
18720.0, 0.28065053
18730.0, 0.28064212
18740.0, 0.2806337
18750.0, 0.2806253
18760.0, 0.28061694
18770.0, 0.2806086
18780.0, 0.28060025
18790.0, 0.2805919
18800.0, 0.28058362
18810.0, 0.28057534
18820.0, 0.28056705
18830.0, 0.2805588
18840.0, 0.28055057
18850.0, 0.2805423
18860.0, 0.28053412
18870.0, 0.28052592
18880.0, 0.28051776
18890.0, 0.2805096
18900.0, 0.28050146
18910.0, 0.28049332
18920.0, 0.2804852
18930.0, 0.2804771
18940.0, 0.28046903
18950.0, 0.28046095
18960.0, 0.2804529
18970.0, 0.2804449
18980.0, 0.28043684
18990.0, 0.28042886
19000.0, 0.28042087
19010.0, 0.2804129
19020.0, 0.28040496
19030.0, 0.28039703
19040.0, 0.2803891
19050.0, 0.28038117
19060.0, 0.2803733
19070.0, 0.2803654
19080.0, 0.28035757
19090.0, 0.2803497
19100.0, 0.2803419
19110.0, 0.2803341
19120.0, 0.28032628
19130.0, 0.2803185
19140.0, 0.28031072
19150.0, 0.28030297
19160.0, 0.28029522
19170.0, 0.2802875
19180.0, 0.2802798
19190.0, 0.2802721
19200.0, 0.28026444
19210.0, 0.28025678
19220.0, 0.28024912
19230.0, 0.2802415
19240.0, 0.28023386
19250.0, 0.28022626
19260.0, 0.2802187
19270.0, 0.28021112
19280.0, 0.28020355
19290.0, 0.280196
19300.0, 0.2801885
19310.0, 0.280181
19320.0, 0.28017348
19330.0, 0.280166
19340.0, 0.28015852
19350.0, 0.28015107
19360.0, 0.28014365
19370.0, 0.28013623
19380.0, 0.2801288
19390.0, 0.28012142
19400.0, 0.28011402
19410.0, 0.2801067
19420.0, 0.28009933
19430.0, 0.28009197
19440.0, 0.28008467
19450.0, 0.28007734
19460.0, 0.28007007
19470.0, 0.2800628
19480.0, 0.28005552
19490.0, 0.28004828
19500.0, 0.28004104
19510.0, 0.28003383
19520.0, 0.2800266
19530.0, 0.28001943
19540.0, 0.28001225
19550.0, 0.28000507
19560.0, 0.27999792
19570.0, 0.2799908
19580.0, 0.27998367
19590.0, 0.27997655
19600.0, 0.27996945
19610.0, 0.2799624
19620.0, 0.27995533
19630.0, 0.27994826
19640.0, 0.27994123
19650.0, 0.2799342
19660.0, 0.2799272
19670.0, 0.2799202
19680.0, 0.27991322
19690.0, 0.27990624
19700.0, 0.2798993
19710.0, 0.27989236
19720.0, 0.2798854
19730.0, 0.27987853
19740.0, 0.2798716
19750.0, 0.27986473
19760.0, 0.27985784
19770.0, 0.279851
19780.0, 0.27984414
19790.0, 0.2798373
19800.0, 0.2798305
19810.0, 0.2798237
19820.0, 0.2798169
19830.0, 0.2798101
19840.0, 0.27980337
19850.0, 0.2797966
19860.0, 0.27978987
19870.0, 0.27978313
19880.0, 0.27977642
19890.0, 0.27976972
19900.0, 0.27976304
19910.0, 0.27975637
19920.0, 0.2797497
19930.0, 0.27974305
19940.0, 0.27973643
19950.0, 0.2797298
19960.0, 0.2797232
19970.0, 0.2797166
19980.0, 0.27971002
19990.0, 0.27970344
20000.0, 0.2796969
20010.0, 0.27969036
20020.0, 0.27968383
20030.0, 0.2796773
20040.0, 0.2796708
20050.0, 0.2796643
20060.0, 0.27965784
20070.0, 0.27965137
20080.0, 0.27964494
20090.0, 0.2796385
20100.0, 0.27963206
20110.0, 0.27962565
20120.0, 0.27961925
20130.0, 0.27961287
20140.0, 0.27960646
20150.0, 0.2796001
20160.0, 0.27959377
20170.0, 0.27958742
20180.0, 0.2795811
20190.0, 0.27957478
20200.0, 0.2795685
20210.0, 0.2795622
20220.0, 0.27955592
20230.0, 0.27954966
20240.0, 0.2795434
20250.0, 0.27953717
20260.0, 0.27953094
20270.0, 0.2795247
20280.0, 0.2795185
20290.0, 0.27951235
20300.0, 0.27950615
20310.0, 0.27949998
20320.0, 0.27949384
20330.0, 0.2794877
20340.0, 0.27948156
20350.0, 0.27947545
20360.0, 0.27946934
20370.0, 0.27946326
20380.0, 0.27945718
20390.0, 0.2794511
20400.0, 0.27944505
20410.0, 0.279439
20420.0, 0.27943298
20430.0, 0.27942696
20440.0, 0.27942094
20450.0, 0.27941495
20460.0, 0.27940896
20470.0, 0.279403
20480.0, 0.27939704
20490.0, 0.27939108
20500.0, 0.27938515
20510.0, 0.27937922
20520.0, 0.2793733
20530.0, 0.27936742
20540.0, 0.27936152
20550.0, 0.27935565
20560.0, 0.27934977
20570.0, 0.2793439
20580.0, 0.27933806
20590.0, 0.27933222
20600.0, 0.2793264
20610.0, 0.2793206
20620.0, 0.2793148
20630.0, 0.27930903
20640.0, 0.27930325
20650.0, 0.27929747
20660.0, 0.27929172
20670.0, 0.279286
20680.0, 0.27928025
20690.0, 0.27927452
20700.0, 0.27926883
20710.0, 0.27926314
20720.0, 0.27925745
20730.0, 0.27925178
20740.0, 0.27924612
20750.0, 0.27924046
20760.0, 0.27923483
20770.0, 0.2792292
20780.0, 0.27922356
20790.0, 0.27921796
20800.0, 0.2792124
20810.0, 0.27920678
20820.0, 0.2792012
20830.0, 0.27919567
20840.0, 0.2791901
20850.0, 0.27918455
20860.0, 0.27917904
20870.0, 0.2791735
20880.0, 0.279168
20890.0, 0.2791625
20900.0, 0.279157
20910.0, 0.27915153
20920.0, 0.27914608
20930.0, 0.27914062
20940.0, 0.2791352
20950.0, 0.27912977
20960.0, 0.27912432
20970.0, 0.27911893
20980.0, 0.27911353
20990.0, 0.27910814
21000.0, 0.27910277
21010.0, 0.2790974
21020.0, 0.279092
21030.0, 0.27908668
21040.0, 0.27908134
21050.0, 0.279076
21060.0, 0.2790707
21070.0, 0.2790654
21080.0, 0.27906013
21090.0, 0.27905482
21100.0, 0.27904955
21110.0, 0.2790443
21120.0, 0.27903906
21130.0, 0.2790338
21140.0, 0.27902856
21150.0, 0.27902335
21160.0, 0.27901813
21170.0, 0.27901295
21180.0, 0.27900776
21190.0, 0.27900258
21200.0, 0.2789974
21210.0, 0.27899224
21220.0, 0.27898708
21230.0, 0.27898195
21240.0, 0.27897683
21250.0, 0.2789717
21260.0, 0.2789666
21270.0, 0.2789615
21280.0, 0.2789564
21290.0, 0.27895135
21300.0, 0.27894628
21310.0, 0.2789412
21320.0, 0.27893615
21330.0, 0.27893114
21340.0, 0.2789261
21350.0, 0.27892107
21360.0, 0.27891606
21370.0, 0.27891108
21380.0, 0.27890608
21390.0, 0.2789011
21400.0, 0.27889615
21410.0, 0.27889118
21420.0, 0.27888623
21430.0, 0.27888128
21440.0, 0.27887636
21450.0, 0.27887145
21460.0, 0.27886653
21470.0, 0.27886164
21480.0, 0.27885675
21490.0, 0.27885187
21500.0, 0.278847
21510.0, 0.27884215
21520.0, 0.2788373
21530.0, 0.27883244
21540.0, 0.2788276
21550.0, 0.27882278
21560.0, 0.27881798
21570.0, 0.27881318
21580.0, 0.2788084
21590.0, 0.2788036
21600.0, 0.27879882
21610.0, 0.27879405
21620.0, 0.27878928
21630.0, 0.27878454
21640.0, 0.2787798
21650.0, 0.27877507
21660.0, 0.27877036
21670.0, 0.27876565
21680.0, 0.27876094
21690.0, 0.27875626
21700.0, 0.27875158
21710.0, 0.2787469
21720.0, 0.27874225
21730.0, 0.2787376
21740.0, 0.27873296
21750.0, 0.2787283
21760.0, 0.2787237
21770.0, 0.27871907
21780.0, 0.27871448
21790.0, 0.27870986
21800.0, 0.27870527
21810.0, 0.2787007
21820.0, 0.27869612
21830.0, 0.27869156
21840.0, 0.278687
21850.0, 0.27868247
21860.0, 0.2786779
21870.0, 0.2786734
21880.0, 0.27866888
21890.0, 0.27866438
21900.0, 0.27865988
21910.0, 0.27865538
21920.0, 0.2786509
21930.0, 0.27864644
21940.0, 0.27864197
21950.0, 0.2786375
21960.0, 0.27863306
21970.0, 0.27862862
21980.0, 0.2786242
21990.0, 0.27861977
22000.0, 0.27861536
22010.0, 0.27861097
22020.0, 0.27860656
22030.0, 0.27860218
22040.0, 0.2785978
22050.0, 0.27859345
22060.0, 0.2785891
22070.0, 0.27858475
22080.0, 0.2785804
22090.0, 0.27857608
22100.0, 0.27857172
22110.0, 0.27856743
22120.0, 0.2785631
22130.0, 0.27855882
22140.0, 0.27855453
22150.0, 0.27855024
22160.0, 0.27854598
22170.0, 0.2785417
22180.0, 0.27853745
22190.0, 0.27853322
22200.0, 0.27852896
22210.0, 0.27852473
22220.0, 0.27852052
22230.0, 0.2785163
22240.0, 0.2785121
22250.0, 0.2785079
22260.0, 0.27850372
22270.0, 0.2784995
22280.0, 0.27849534
22290.0, 0.2784912
22300.0, 0.27848703
22310.0, 0.27848288
22320.0, 0.27847874
22330.0, 0.27847463
22340.0, 0.2784705
22350.0, 0.27846637
22360.0, 0.27846226
22370.0, 0.27845818
22380.0, 0.2784541
22390.0, 0.27845
22400.0, 0.27844593
22410.0, 0.27844185
22420.0, 0.2784378
22430.0, 0.27843374
22440.0, 0.27842972
22450.0, 0.2784257
22460.0, 0.27842164
22470.0, 0.27841762
22480.0, 0.27841362
22490.0, 0.27840963
22500.0, 0.27840564
22510.0, 0.27840164
22520.0, 0.27839765
22530.0, 0.2783937
22540.0, 0.27838972
22550.0, 0.27838576
22560.0, 0.27838182
22570.0, 0.2783779
22580.0, 0.27837396
22590.0, 0.27837002
22600.0, 0.27836612
22610.0, 0.2783622
22620.0, 0.2783583
22630.0, 0.2783544
22640.0, 0.27835053
22650.0, 0.27834666
22660.0, 0.27834278
22670.0, 0.27833894
22680.0, 0.27833506
22690.0, 0.27833122
22700.0, 0.27832738
22710.0, 0.27832356
22720.0, 0.27831975
22730.0, 0.27831593
22740.0, 0.2783121
22750.0, 0.2783083
22760.0, 0.27830452
22770.0, 0.27830073
22780.0, 0.27829695
22790.0, 0.27829316
22800.0, 0.2782894
22810.0, 0.27828565
22820.0, 0.2782819
22830.0, 0.27827817
22840.0, 0.27827445
22850.0, 0.27827072
22860.0, 0.278267
22870.0, 0.27826327
22880.0, 0.27825958
22890.0, 0.27825588
22900.0, 0.27825218
22910.0, 0.27824852
22920.0, 0.27824482
22930.0, 0.27824116
22940.0, 0.27823752
22950.0, 0.27823386
22960.0, 0.27823022
22970.0, 0.27822658
22980.0, 0.27822295
22990.0, 0.2782193
23000.0, 0.2782157
23010.0, 0.2782121
23020.0, 0.2782085
23030.0, 0.2782049
23040.0, 0.2782013
23050.0, 0.27819774
23060.0, 0.27819416
23070.0, 0.27819058
23080.0, 0.27818704
23090.0, 0.27818346
23100.0, 0.27817994
23110.0, 0.27817637
23120.0, 0.27817285
23130.0, 0.27816933
23140.0, 0.27816582
23150.0, 0.2781623
23160.0, 0.27815878
23170.0, 0.2781553
23180.0, 0.2781518
23190.0, 0.27814832
23200.0, 0.27814487
23210.0, 0.27814138
23220.0, 0.27813792
23230.0, 0.27813447
23240.0, 0.278131
23250.0, 0.27812758
23260.0, 0.27812415
23270.0, 0.27812073
23280.0, 0.2781173
23290.0, 0.2781139
23300.0, 0.27811047
23310.0, 0.27810708
23320.0, 0.27810368
23330.0, 0.27810028
23340.0, 0.2780969
23350.0, 0.27809355
23360.0, 0.27809018
23370.0, 0.2780868
23380.0, 0.27808347
23390.0, 0.2780801
23400.0, 0.27807677
23410.0, 0.27807346
23420.0, 0.27807012
23430.0, 0.27806678
23440.0, 0.27806348
23450.0, 0.27806017
23460.0, 0.27805686
23470.0, 0.27805358
23480.0, 0.2780503
23490.0, 0.27804703
23500.0, 0.27804372
23510.0, 0.27804047
23520.0, 0.27803722
23530.0, 0.27803394
23540.0, 0.2780307
23550.0, 0.27802747
23560.0, 0.27802423
23570.0, 0.278021
23580.0, 0.2780178
23590.0, 0.27801457
23600.0, 0.27801135
23610.0, 0.27800813
23620.0, 0.27800494
23630.0, 0.27800176
23640.0, 0.27799857
23650.0, 0.2779954
23660.0, 0.27799222
23670.0, 0.27798906
23680.0, 0.2779859
23690.0, 0.27798274
23700.0, 0.2779796
23710.0, 0.27797645
23720.0, 0.27797332
23730.0, 0.2779702
23740.0, 0.27796707
23750.0, 0.27796397
23760.0, 0.27796084
23770.0, 0.27795774
23780.0, 0.27795464
23790.0, 0.27795154
23800.0, 0.27794847
23810.0, 0.2779454
23820.0, 0.27794233
23830.0, 0.27793926
23840.0, 0.2779362
23850.0, 0.27793312
23860.0, 0.27793008
23870.0, 0.27792704
23880.0, 0.277924
23890.0, 0.277921
23900.0, 0.27791795
23910.0, 0.27791494
23920.0, 0.27791193
23930.0, 0.27790892
23940.0, 0.2779059
23950.0, 0.27790293
23960.0, 0.27789995
23970.0, 0.27789694
23980.0, 0.277894
23990.0, 0.277891
24000.0, 0.27788803
24010.0, 0.27788508
24020.0, 0.27788213
24030.0, 0.27787918
24040.0, 0.27787626
24050.0, 0.2778733
24060.0, 0.2778704
24070.0, 0.27786747
24080.0, 0.27786455
24090.0, 0.27786162
24100.0, 0.27785873
24110.0, 0.2778558
24120.0, 0.27785292
24130.0, 0.27785003
24140.0, 0.27784717
24150.0, 0.27784428
24160.0, 0.27784142
24170.0, 0.27783853
24180.0, 0.2778357
24190.0, 0.27783284
24200.0, 0.27782997
24210.0, 0.27782714
24220.0, 0.2778243
24230.0, 0.27782145
24240.0, 0.27781865
24250.0, 0.27781582
24260.0, 0.277813
24270.0, 0.2778102
24280.0, 0.27780738
24290.0, 0.27780458
24300.0, 0.2778018
24310.0, 0.277799
24320.0, 0.27779624
24330.0, 0.27779347
24340.0, 0.2777907
24350.0, 0.27778792
24360.0, 0.27778515
24370.0, 0.2777824
24380.0, 0.27777967
24390.0, 0.2777769
24400.0, 0.27777418
24410.0, 0.27777144
24420.0, 0.27776873
24430.0, 0.277766
24440.0, 0.27776328
24450.0, 0.27776057
24460.0, 0.27775785
24470.0, 0.27775517
24480.0, 0.2777525
24490.0, 0.27774978
24500.0, 0.2777471
24510.0, 0.2777444
24520.0, 0.27774176
24530.0, 0.27773908
24540.0, 0.27773643
24550.0, 0.27773374
24560.0, 0.27773112
24570.0, 0.27772844
24580.0, 0.27772582
24590.0, 0.2777232
24600.0, 0.27772054
24610.0, 0.27771792
24620.0, 0.2777153
24630.0, 0.2777127
24640.0, 0.27771008
24650.0, 0.2777075
24660.0, 0.27770486
24670.0, 0.27770227
24680.0, 0.27769968
24690.0, 0.27769712
24700.0, 0.27769452
24710.0, 0.27769196
24720.0, 0.2776894
24730.0, 0.27768683
24740.0, 0.27768427
24750.0, 0.2776817
24760.0, 0.27767918
24770.0, 0.2776766
24780.0, 0.27767408
24790.0, 0.27767155
24800.0, 0.277669
24810.0, 0.27766648
24820.0, 0.27766398
24830.0, 0.27766147
24840.0, 0.27765897
24850.0, 0.27765647
24860.0, 0.27765396
24870.0, 0.27765146
24880.0, 0.277649
24890.0, 0.27764648
24900.0, 0.277644
24910.0, 0.27764153
24920.0, 0.27763906
24930.0, 0.27763662
24940.0, 0.27763414
24950.0, 0.2776317
24960.0, 0.27762926
24970.0, 0.2776268
24980.0, 0.27762437
24990.0, 0.27762192
25000.0, 0.2776195
25010.0, 0.27761707
25020.0, 0.27761465
25030.0, 0.27761224
25040.0, 0.27760983
25050.0, 0.2776074
25060.0, 0.27760503
25070.0, 0.27760264
25080.0, 0.27760023
25090.0, 0.27759784
25100.0, 0.27759546
25110.0, 0.2775931
25120.0, 0.27759072
25130.0, 0.27758837
25140.0, 0.27758598
25150.0, 0.27758363
25160.0, 0.27758127
25170.0, 0.27757892
25180.0, 0.2775766
25190.0, 0.27757424
25200.0, 0.27757192
25210.0, 0.2775696
25220.0, 0.27756727
25230.0, 0.27756494
25240.0, 0.27756262
25250.0, 0.2775603
25260.0, 0.277558
25270.0, 0.2775557
25280.0, 0.2775534
25290.0, 0.2775511
25300.0, 0.27754882
25310.0, 0.27754653
25320.0, 0.27754426
25330.0, 0.277542
25340.0, 0.27753973
25350.0, 0.27753744
25360.0, 0.27753517
25370.0, 0.27753294
25380.0, 0.27753067
25390.0, 0.27752843
25400.0, 0.2775262
25410.0, 0.27752393
25420.0, 0.27752173
25430.0, 0.27751946
25440.0, 0.27751726
25450.0, 0.27751502
25460.0, 0.27751282
25470.0, 0.2775106
25480.0, 0.2775084
25490.0, 0.2775062
25500.0, 0.277504
25510.0, 0.2775018
25520.0, 0.27749962
25530.0, 0.2774974
25540.0, 0.27749524
25550.0, 0.27749306
25560.0, 0.27749088
25570.0, 0.2774887
25580.0, 0.27748656
25590.0, 0.2774844
25600.0, 0.27748224
25610.0, 0.2774801
25620.0, 0.27747795
25630.0, 0.2774758
25640.0, 0.27747366
25650.0, 0.2774715
25660.0, 0.2774694
25670.0, 0.27746725
25680.0, 0.27746513
25690.0, 0.27746305
25700.0, 0.2774609
25710.0, 0.27745882
25720.0, 0.2774567
25730.0, 0.2774546
25740.0, 0.2774525
25750.0, 0.2774504
25760.0, 0.27744833
25770.0, 0.27744624
25780.0, 0.27744415
25790.0, 0.2774421
25800.0, 0.27744
25810.0, 0.27743796
25820.0, 0.2774359
25830.0, 0.2774338
25840.0, 0.27743176
25850.0, 0.27742973
25860.0, 0.27742767
25870.0, 0.27742562
25880.0, 0.2774236
25890.0, 0.27742156
25900.0, 0.2774195
25910.0, 0.2774175
25920.0, 0.27741548
25930.0, 0.27741346
25940.0, 0.27741146
25950.0, 0.27740943
25960.0, 0.2774074
25970.0, 0.2774054
25980.0, 0.2774034
25990.0, 0.27740142
26000.0, 0.27739945
26010.0, 0.27739745
26020.0, 0.27739546
26030.0, 0.2773935
26040.0, 0.27739152
26050.0, 0.27738956
26060.0, 0.2773876
26070.0, 0.27738562
26080.0, 0.27738366
26090.0, 0.2773817
26100.0, 0.27737975
26110.0, 0.2773778
26120.0, 0.27737585
26130.0, 0.2773739
26140.0, 0.27737197
26150.0, 0.27737004
26160.0, 0.27736813
26170.0, 0.2773662
26180.0, 0.27736428
26190.0, 0.27736235
26200.0, 0.27736044
26210.0, 0.27735853
26220.0, 0.27735662
26230.0, 0.27735472
26240.0, 0.27735284
26250.0, 0.27735093
26260.0, 0.27734905
26270.0, 0.27734715
26280.0, 0.27734527
26290.0, 0.2773434
26300.0, 0.2773415
26310.0, 0.27733967
26320.0, 0.2773378
26330.0, 0.2773359
26340.0, 0.27733406
26350.0, 0.27733222
26360.0, 0.27733034
26370.0, 0.2773285
26380.0, 0.27732664
26390.0, 0.27732483
26400.0, 0.27732298
26410.0, 0.27732116
26420.0, 0.2773193
26430.0, 0.2773175
26440.0, 0.27731565
26450.0, 0.27731383
26460.0, 0.27731204
26470.0, 0.27731022
26480.0, 0.2773084
26490.0, 0.27730662
26500.0, 0.2773048
26510.0, 0.277303
26520.0, 0.2773012
26530.0, 0.2772994
26540.0, 0.27729762
26550.0, 0.27729583
26560.0, 0.27729407
26570.0, 0.27729228
26580.0, 0.2772905
26590.0, 0.27728873
26600.0, 0.27728698
26610.0, 0.27728522
26620.0, 0.27728346
26630.0, 0.2772817
26640.0, 0.27727994
26650.0, 0.2772782
26660.0, 0.27727646
26670.0, 0.2772747
26680.0, 0.27727297
26690.0, 0.27727124
26700.0, 0.2772695
26710.0, 0.27726778
26720.0, 0.27726606
26730.0, 0.27726433
26740.0, 0.27726263
26750.0, 0.2772609
26760.0, 0.2772592
26770.0, 0.27725747
26780.0, 0.27725577
26790.0, 0.27725407
26800.0, 0.27725238
26810.0, 0.27725068
26820.0, 0.27724898
26830.0, 0.2772473
26840.0, 0.2772456
26850.0, 0.27724394
26860.0, 0.27724227
26870.0, 0.2772406
26880.0, 0.27723894
26890.0, 0.27723727
26900.0, 0.2772356
26910.0, 0.27723393
26920.0, 0.2772323
26930.0, 0.27723062
26940.0, 0.27722898
26950.0, 0.2772273
26960.0, 0.27722567
26970.0, 0.27722403
26980.0, 0.2772224
26990.0, 0.2772208
27000.0, 0.27721915
27010.0, 0.2772175
27020.0, 0.27721587
27030.0, 0.27721426
27040.0, 0.27721265
27050.0, 0.27721104
27060.0, 0.27720943
27070.0, 0.2772078
27080.0, 0.2772062
27090.0, 0.2772046
27100.0, 0.277203
27110.0, 0.2772014
27120.0, 0.27719983
27130.0, 0.27719823
27140.0, 0.27719665
27150.0, 0.27719507
27160.0, 0.2771935
27170.0, 0.2771919
27180.0, 0.27719033
27190.0, 0.27718875
27200.0, 0.2771872
27210.0, 0.27718562
27220.0, 0.27718407
27230.0, 0.27718252
27240.0, 0.27718094
27250.0, 0.27717942
27260.0, 0.27717784
27270.0, 0.2771763
27280.0, 0.27717477
27290.0, 0.27717322
27300.0, 0.2771717
27310.0, 0.27717015
27320.0, 0.27716863
27330.0, 0.2771671
27340.0, 0.2771656
27350.0, 0.27716407
27360.0, 0.27716255
27370.0, 0.27716103
27380.0, 0.2771595
27390.0, 0.277158
27400.0, 0.2771565
27410.0, 0.277155
27420.0, 0.2771535
27430.0, 0.277152
27440.0, 0.2771505
27450.0, 0.27714902
27460.0, 0.27714753
27470.0, 0.27714604
27480.0, 0.27714455
27490.0, 0.2771431
27500.0, 0.2771416
27510.0, 0.27714014
27520.0, 0.27713865
27530.0, 0.2771372
27540.0, 0.27713573
27550.0, 0.27713427
27560.0, 0.2771328
27570.0, 0.27713135
27580.0, 0.27712992
27590.0, 0.27712846
27600.0, 0.277127
27610.0, 0.27712557
27620.0, 0.27712414
27630.0, 0.27712268
27640.0, 0.27712125
27650.0, 0.27711982
27660.0, 0.27711838
27670.0, 0.27711695
27680.0, 0.27711552
27690.0, 0.27711412
27700.0, 0.2771127
27710.0, 0.27711126
27720.0, 0.27710986
27730.0, 0.27710846
27740.0, 0.27710706
27750.0, 0.27710563
27760.0, 0.27710423
27770.0, 0.27710286
27780.0, 0.27710146
27790.0, 0.27710006
27800.0, 0.27709866
27810.0, 0.27709728
27820.0, 0.27709588
27830.0, 0.2770945
27840.0, 0.2770931
27850.0, 0.27709174
27860.0, 0.27709037
27870.0, 0.277089
27880.0, 0.27708763
27890.0, 0.2770863
27900.0, 0.27708492
27910.0, 0.27708355
27920.0, 0.2770822
27930.0, 0.27708083
27940.0, 0.2770795
27950.0, 0.27707812
27960.0, 0.27707678
27970.0, 0.27707544
27980.0, 0.2770741
27990.0, 0.27707276
28000.0, 0.27707145
28010.0, 0.2770701
28020.0, 0.27706876
28030.0, 0.27706745
28040.0, 0.2770661
28050.0, 0.2770648
28060.0, 0.27706346
28070.0, 0.27706215
28080.0, 0.27706084
28090.0, 0.27705953
28100.0, 0.2770582
28110.0, 0.2770569
28120.0, 0.27705562
28130.0, 0.2770543
28140.0, 0.277053
28150.0, 0.27705172
28160.0, 0.2770504
28170.0, 0.27704912
28180.0, 0.27704784
28190.0, 0.27704656
28200.0, 0.27704525
28210.0, 0.27704397
28220.0, 0.27704272
28230.0, 0.27704144
28240.0, 0.27704015
28250.0, 0.27703887
28260.0, 0.27703762
28270.0, 0.27703634
28280.0, 0.2770351
28290.0, 0.27703384
28300.0, 0.27703255
28310.0, 0.2770313
28320.0, 0.27703005
28330.0, 0.2770288
28340.0, 0.27702755
28350.0, 0.27702633
28360.0, 0.27702507
28370.0, 0.27702382
28380.0, 0.2770226
28390.0, 0.27702135
28400.0, 0.27702013
28410.0, 0.27701887
28420.0, 0.27701765
28430.0, 0.27701643
28440.0, 0.2770152
28450.0, 0.277014
28460.0, 0.27701277
28470.0, 0.27701157
28480.0, 0.27701032
28490.0, 0.27700913
28500.0, 0.2770079
28510.0, 0.27700672
28520.0, 0.2770055
28530.0, 0.2770043
28540.0, 0.2770031
28550.0, 0.27700192
28560.0, 0.27700073
28570.0, 0.27699953
28580.0, 0.27699834
28590.0, 0.27699715
28600.0, 0.27699596
28610.0, 0.27699476
28620.0, 0.2769936
28630.0, 0.2769924
28640.0, 0.27699125
28650.0, 0.27699006
28660.0, 0.2769889
28670.0, 0.27698773
28680.0, 0.27698657
28690.0, 0.2769854
28700.0, 0.27698424
28710.0, 0.27698308
28720.0, 0.27698192
28730.0, 0.27698076
28740.0, 0.27697963
28750.0, 0.27697846
28760.0, 0.27697733
28770.0, 0.27697617
28780.0, 0.27697504
28790.0, 0.2769739
28800.0, 0.27697274
28810.0, 0.2769716
28820.0, 0.27697048
28830.0, 0.27696934
28840.0, 0.2769682
28850.0, 0.27696708
28860.0, 0.27696598
28870.0, 0.27696484
28880.0, 0.2769637
28890.0, 0.2769626
28900.0, 0.27696148
28910.0, 0.27696037
28920.0, 0.27695924
28930.0, 0.27695814
28940.0, 0.27695704
28950.0, 0.27695593
28960.0, 0.27695483
28970.0, 0.27695373
28980.0, 0.27695262
28990.0, 0.27695152
29000.0, 0.27695045
29010.0, 0.27694935
29020.0, 0.27694827
29030.0, 0.27694717
29040.0, 0.2769461
29050.0, 0.276945
29060.0, 0.27694392
29070.0, 0.27694285
29080.0, 0.27694178
29090.0, 0.2769407
29100.0, 0.27693963
29110.0, 0.27693856
29120.0, 0.27693748
29130.0, 0.2769364
29140.0, 0.27693534
29150.0, 0.2769343
29160.0, 0.27693322
29170.0, 0.27693215
29180.0, 0.2769311
29190.0, 0.27693006
29200.0, 0.276929
29210.0, 0.27692795
29220.0, 0.2769269
29230.0, 0.27692586
29240.0, 0.27692482
29250.0, 0.27692378
29260.0, 0.27692273
29270.0, 0.27692172
29280.0, 0.27692068
29290.0, 0.27691963
29300.0, 0.2769186
29310.0, 0.27691758
29320.0, 0.27691656
29330.0, 0.27691552
29340.0, 0.2769145
29350.0, 0.2769135
29360.0, 0.27691248
29370.0, 0.27691144
29380.0, 0.27691042
29390.0, 0.27690944
29400.0, 0.27690843
29410.0, 0.2769074
29420.0, 0.2769064
29430.0, 0.2769054
29440.0, 0.2769044
29450.0, 0.2769034
29460.0, 0.2769024
29470.0, 0.2769014
29480.0, 0.2769004
29490.0, 0.2768994
29500.0, 0.2768984
29510.0, 0.27689743
29520.0, 0.27689645
29530.0, 0.27689546
29540.0, 0.27689448
29550.0, 0.2768935
29560.0, 0.2768925
29570.0, 0.27689156
29580.0, 0.27689058
29590.0, 0.2768896
29600.0, 0.27688864
29610.0, 0.27688766
29620.0, 0.2768867
29630.0, 0.27688572
29640.0, 0.27688476
29650.0, 0.2768838
29660.0, 0.27688286
29670.0, 0.2768819
29680.0, 0.27688092
29690.0, 0.27687997
29700.0, 0.276879
29710.0, 0.2768781
29720.0, 0.27687714
29730.0, 0.27687618
29740.0, 0.27687523
29750.0, 0.2768743
29760.0, 0.27687335
29770.0, 0.27687243
29780.0, 0.27687147
29790.0, 0.27687055
29800.0, 0.27686962
29810.0, 0.27686867
29820.0, 0.27686775
29830.0, 0.27686682
29840.0, 0.2768659
29850.0, 0.27686498
29860.0, 0.27686405
29870.0, 0.27686313
29880.0, 0.2768622
29890.0, 0.2768613
29900.0, 0.2768604
29910.0, 0.27685946
29920.0, 0.27685857
29930.0, 0.27685764
29940.0, 0.27685675
29950.0, 0.27685583
29960.0, 0.27685493
29970.0, 0.27685404
29980.0, 0.27685314
29990.0, 0.27685222
30000.0, 0.27685136
