Energy (in eV), backscattering yield of material sc2k-NASCAP at incidence 20.0 degree
   X,       Y
0.0, 0.52134395
10.0, 0.20371407
20.0, 0.07960085
30.0, 0.031103866
40.0, 0.012153772
50.0, 0.004749061
60.0, 0.017848805
70.0, 0.029566461
80.0, 0.039898437
90.0, 0.049015794
100.0, 0.05712216
110.0, 0.06439643
120.0, 0.07098251
130.0, 0.07699326
140.0, 0.08251717
150.0, 0.087624185
160.0, 0.09237033
170.0, 0.09680112
180.0, 0.10095391
190.0, 0.1048598
200.0, 0.10854496
210.0, 0.112031564
220.0, 0.11533862
230.0, 0.11848251
240.0, 0.12147748
250.0, 0.124335974
260.0, 0.12706894
270.0, 0.12968606
280.0, 0.13219595
290.0, 0.13460626
300.0, 0.13692388
310.0, 0.139155
320.0, 0.14130524
330.0, 0.14337963
340.0, 0.14538278
350.0, 0.14731887
360.0, 0.14919178
370.0, 0.15100501
380.0, 0.15276177
390.0, 0.15446506
400.0, 0.15611762
410.0, 0.15772198
420.0, 0.15928052
430.0, 0.16079544
440.0, 0.1622687
450.0, 0.16370226
460.0, 0.16509786
470.0, 0.16645718
480.0, 0.16778177
490.0, 0.16907308
500.0, 0.17033245
510.0, 0.17156115
520.0, 0.17276043
530.0, 0.17393142
540.0, 0.17507516
550.0, 0.17619269
560.0, 0.17728497
570.0, 0.17835289
580.0, 0.17939734
590.0, 0.18041909
600.0, 0.18141894
610.0, 0.18239763
620.0, 0.18335584
630.0, 0.18429428
640.0, 0.1852135
650.0, 0.18611419
660.0, 0.1869969
670.0, 0.18786214
680.0, 0.18871051
690.0, 0.18954243
700.0, 0.19035845
710.0, 0.19115898
720.0, 0.19194451
730.0, 0.1927154
740.0, 0.19347213
750.0, 0.19421503
760.0, 0.19494452
770.0, 0.19566087
780.0, 0.19636454
790.0, 0.19705582
800.0, 0.197735
810.0, 0.1984024
820.0, 0.19905831
830.0, 0.19970305
840.0, 0.20033686
850.0, 0.20096004
860.0, 0.2015728
870.0, 0.20217542
880.0, 0.20276815
890.0, 0.20335115
900.0, 0.20392475
910.0, 0.20448907
920.0, 0.20504436
930.0, 0.20559084
940.0, 0.20612866
950.0, 0.20665805
960.0, 0.20717916
970.0, 0.20769219
980.0, 0.20819733
990.0, 0.2086947
1000.0, 0.20918447
1010.0, 0.2090145
1020.0, 0.20884489
1030.0, 0.2086756
1040.0, 0.20850661
1050.0, 0.20833799
1060.0, 0.20816967
1070.0, 0.20800169
1080.0, 0.20783404
1090.0, 0.2076667
1100.0, 0.2074997
1110.0, 0.20733303
1120.0, 0.20716667
1130.0, 0.20700063
1140.0, 0.20683493
1150.0, 0.20666955
1160.0, 0.20650448
1170.0, 0.20633973
1180.0, 0.20617531
1190.0, 0.20601122
1200.0, 0.20584744
1210.0, 0.20568398
1220.0, 0.20552082
1230.0, 0.205358
1240.0, 0.2051955
1250.0, 0.2050333
1260.0, 0.20487143
1270.0, 0.20470986
1280.0, 0.20454863
1290.0, 0.2043877
1300.0, 0.20422706
1310.0, 0.20406677
1320.0, 0.20390676
1330.0, 0.2037471
1340.0, 0.20358771
1350.0, 0.20342866
1360.0, 0.2032699
1370.0, 0.20311145
1380.0, 0.20295332
1390.0, 0.2027955
1400.0, 0.20263799
1410.0, 0.20248078
1420.0, 0.20232385
1430.0, 0.20216727
1440.0, 0.20201097
1450.0, 0.20185499
1460.0, 0.2016993
1470.0, 0.20154391
1480.0, 0.20138884
1490.0, 0.20123406
1500.0, 0.20107959
1510.0, 0.20092541
1520.0, 0.20077153
1530.0, 0.20061797
1540.0, 0.20046468
1550.0, 0.2003117
1560.0, 0.20015904
1570.0, 0.20000665
1580.0, 0.19985457
1590.0, 0.19970277
1600.0, 0.19955128
1610.0, 0.1994001
1620.0, 0.1992492
1630.0, 0.19909859
1640.0, 0.19894828
1650.0, 0.19879825
1660.0, 0.19864853
1670.0, 0.19849908
1680.0, 0.19834994
1690.0, 0.19820109
1700.0, 0.19805254
1710.0, 0.19790426
1720.0, 0.19775628
1730.0, 0.19760859
1740.0, 0.19746117
1750.0, 0.19731405
1760.0, 0.19716722
1770.0, 0.19702066
1780.0, 0.19687441
1790.0, 0.19672844
1800.0, 0.19658273
1810.0, 0.19643734
1820.0, 0.19629222
1830.0, 0.19614737
1840.0, 0.19600283
1850.0, 0.19585854
1860.0, 0.19571455
1870.0, 0.19557084
1880.0, 0.1954274
1890.0, 0.19528425
1900.0, 0.19514138
1910.0, 0.19499879
1920.0, 0.19485645
1930.0, 0.19471443
1940.0, 0.19457266
1950.0, 0.19443119
1960.0, 0.19428997
1970.0, 0.19414903
1980.0, 0.19400837
1990.0, 0.19386798
2000.0, 0.19372788
2010.0, 0.19358805
2020.0, 0.19344848
2030.0, 0.1933092
2040.0, 0.19317017
2050.0, 0.19303142
2060.0, 0.19289295
2070.0, 0.19275475
2080.0, 0.1926168
2090.0, 0.19247913
2100.0, 0.19234173
2110.0, 0.1922046
2120.0, 0.19206774
2130.0, 0.19193114
2140.0, 0.19179481
2150.0, 0.19165875
2160.0, 0.19152296
2170.0, 0.19138743
2180.0, 0.19125216
2190.0, 0.19111717
2200.0, 0.19098242
2210.0, 0.19084795
2220.0, 0.19071372
2230.0, 0.19057977
2240.0, 0.1904461
2250.0, 0.19031265
2260.0, 0.19017948
2270.0, 0.19004658
2280.0, 0.18991393
2290.0, 0.18978155
2300.0, 0.18964942
2310.0, 0.18951754
2320.0, 0.18938594
2330.0, 0.18925457
2340.0, 0.18912347
2350.0, 0.18899262
2360.0, 0.18886203
2370.0, 0.18873169
2380.0, 0.18860161
2390.0, 0.18847178
2400.0, 0.18834221
2410.0, 0.1882129
2420.0, 0.18808384
2430.0, 0.18795502
2440.0, 0.18782645
2450.0, 0.18769814
2460.0, 0.1875701
2470.0, 0.18744227
2480.0, 0.1873147
2490.0, 0.1871874
2500.0, 0.18706034
2510.0, 0.18693353
2520.0, 0.18680696
2530.0, 0.18668064
2540.0, 0.18655457
2550.0, 0.18642874
2560.0, 0.18630317
2570.0, 0.18617783
2580.0, 0.18605275
2590.0, 0.1859279
2600.0, 0.18580331
2610.0, 0.18567894
2620.0, 0.18555482
2630.0, 0.18543096
2640.0, 0.18530734
2650.0, 0.18518394
2660.0, 0.1850608
2670.0, 0.1849379
2680.0, 0.18481523
2690.0, 0.1846928
2700.0, 0.18457063
2710.0, 0.18444867
2720.0, 0.18432696
2730.0, 0.1842055
2740.0, 0.18408427
2750.0, 0.18396327
2760.0, 0.18384251
2770.0, 0.18372199
2780.0, 0.1836017
2790.0, 0.18348165
2800.0, 0.18336184
2810.0, 0.18324226
2820.0, 0.1831229
2830.0, 0.1830038
2840.0, 0.18288492
2850.0, 0.18276626
2860.0, 0.18264784
2870.0, 0.18252966
2880.0, 0.18241172
2890.0, 0.18229398
2900.0, 0.18217649
2910.0, 0.18205923
2920.0, 0.1819422
2930.0, 0.18182538
2940.0, 0.18170883
2950.0, 0.18159246
2960.0, 0.18147635
2970.0, 0.18136045
2980.0, 0.18124479
2990.0, 0.18112935
3000.0, 0.18101414
3010.0, 0.18089916
3020.0, 0.18078439
3030.0, 0.18066984
3040.0, 0.18055554
3050.0, 0.18044145
3060.0, 0.18032758
3070.0, 0.18021393
3080.0, 0.18010052
3090.0, 0.17998731
3100.0, 0.17987433
3110.0, 0.17976157
3120.0, 0.17964904
3130.0, 0.17953673
3140.0, 0.17942463
3150.0, 0.17931275
3160.0, 0.1792011
3170.0, 0.17908967
3180.0, 0.17897844
3190.0, 0.17886744
3200.0, 0.17875664
3210.0, 0.17864607
3220.0, 0.17853573
3230.0, 0.1784256
3240.0, 0.17831567
3250.0, 0.17820598
3260.0, 0.17809649
3270.0, 0.1779872
3280.0, 0.17787814
3290.0, 0.17776929
3300.0, 0.17766066
3310.0, 0.17755224
3320.0, 0.17744404
3330.0, 0.17733605
3340.0, 0.17722826
3350.0, 0.17712069
3360.0, 0.17701332
3370.0, 0.17690615
3380.0, 0.17679922
3390.0, 0.17669247
3400.0, 0.17658596
3410.0, 0.17647964
3420.0, 0.17637354
3430.0, 0.17626764
3440.0, 0.17616194
3450.0, 0.17605646
3460.0, 0.17595117
3470.0, 0.17584611
3480.0, 0.17574124
3490.0, 0.17563657
3500.0, 0.17553212
3510.0, 0.17542787
3520.0, 0.17532383
3530.0, 0.17521998
3540.0, 0.17511635
3550.0, 0.1750129
3560.0, 0.17490968
3570.0, 0.17480664
3580.0, 0.17470382
3590.0, 0.17460118
3600.0, 0.17449877
3610.0, 0.17439653
3620.0, 0.17429452
3630.0, 0.17419268
3640.0, 0.17409107
3650.0, 0.17398964
3660.0, 0.17388842
3670.0, 0.17378739
3680.0, 0.17368655
3690.0, 0.17358592
3700.0, 0.17348549
3710.0, 0.17338525
3720.0, 0.1732852
3730.0, 0.17318535
3740.0, 0.1730857
3750.0, 0.17298625
3760.0, 0.17288698
3770.0, 0.17278792
3780.0, 0.17268907
3790.0, 0.17259037
3800.0, 0.17249191
3810.0, 0.1723936
3820.0, 0.17229551
3830.0, 0.17219761
3840.0, 0.1720999
3850.0, 0.17200238
3860.0, 0.17190506
3870.0, 0.17180791
3880.0, 0.17171095
3890.0, 0.1716142
3900.0, 0.17151763
3910.0, 0.17142126
3920.0, 0.17132507
3930.0, 0.17122906
3940.0, 0.17113325
3950.0, 0.17103763
3960.0, 0.17094219
3970.0, 0.17084694
3980.0, 0.17075188
3990.0, 0.17065701
4000.0, 0.17056231
4010.0, 0.17046782
4020.0, 0.1703735
4030.0, 0.17027935
4040.0, 0.1701854
4050.0, 0.17009166
4060.0, 0.16999806
4070.0, 0.16990466
4080.0, 0.16981146
4090.0, 0.16971843
4100.0, 0.16962558
4110.0, 0.16953291
4120.0, 0.16944042
4130.0, 0.16934814
4140.0, 0.169256
4150.0, 0.16916408
4160.0, 0.1690723
4170.0, 0.16898073
4180.0, 0.16888933
4190.0, 0.1687981
4200.0, 0.16870707
4210.0, 0.16861622
4220.0, 0.16852553
4230.0, 0.16843502
4240.0, 0.16834469
4250.0, 0.16825454
4260.0, 0.16816457
4270.0, 0.16807476
4280.0, 0.16798514
4290.0, 0.1678957
4300.0, 0.16780643
4310.0, 0.16771735
4320.0, 0.16762842
4330.0, 0.16753969
4340.0, 0.16745111
4350.0, 0.16736272
4360.0, 0.1672745
4370.0, 0.16718644
4380.0, 0.16709857
4390.0, 0.16701086
4400.0, 0.16692334
4410.0, 0.16683598
4420.0, 0.16674879
4430.0, 0.16666177
4440.0, 0.16657493
4450.0, 0.16648826
4460.0, 0.16640176
4470.0, 0.1663154
4480.0, 0.16622925
4490.0, 0.16614325
4500.0, 0.16605744
4510.0, 0.16597177
4520.0, 0.16588628
4530.0, 0.16580096
4540.0, 0.16571581
4550.0, 0.16563082
4560.0, 0.165546
4570.0, 0.16546136
4580.0, 0.16537687
4590.0, 0.16529255
4600.0, 0.1652084
4610.0, 0.1651244
4620.0, 0.16504058
4630.0, 0.16495691
4640.0, 0.16487342
4650.0, 0.1647901
4660.0, 0.16470693
4670.0, 0.16462393
4680.0, 0.16454108
4690.0, 0.16445841
4700.0, 0.16437589
4710.0, 0.16429353
4720.0, 0.16421135
4730.0, 0.16412932
4740.0, 0.16404745
4750.0, 0.16396575
4760.0, 0.1638842
4770.0, 0.1638028
4780.0, 0.16372158
4790.0, 0.16364053
4800.0, 0.1635596
4810.0, 0.16347885
4820.0, 0.16339828
4830.0, 0.16331784
4840.0, 0.16323757
4850.0, 0.16315746
4860.0, 0.1630775
4870.0, 0.1629977
4880.0, 0.16291806
4890.0, 0.16283856
4900.0, 0.16275924
4910.0, 0.16268007
4920.0, 0.16260104
4930.0, 0.16252218
4940.0, 0.16244347
4950.0, 0.16236493
4960.0, 0.16228653
4970.0, 0.16220829
4980.0, 0.16213019
4990.0, 0.16205226
5000.0, 0.16197447
5010.0, 0.16189684
5020.0, 0.16181937
5030.0, 0.16174203
5040.0, 0.16166486
5050.0, 0.16158785
5060.0, 0.16151097
5070.0, 0.16143426
5080.0, 0.16135769
5090.0, 0.16128127
5100.0, 0.16120501
5110.0, 0.1611289
5120.0, 0.16105293
5130.0, 0.16097711
5140.0, 0.16090144
5150.0, 0.16082592
5160.0, 0.16075055
5170.0, 0.16067533
5180.0, 0.16060026
5190.0, 0.16052534
5200.0, 0.16045056
5210.0, 0.16037592
5220.0, 0.16030145
5230.0, 0.1602271
5240.0, 0.16015291
5250.0, 0.16007887
5260.0, 0.16000496
5270.0, 0.1599312
5280.0, 0.1598576
5290.0, 0.15978414
5300.0, 0.15971081
5310.0, 0.15963764
5320.0, 0.15956461
5330.0, 0.15949173
5340.0, 0.15941897
5350.0, 0.15934639
5360.0, 0.15927392
5370.0, 0.1592016
5380.0, 0.15912944
5390.0, 0.1590574
5400.0, 0.15898553
5410.0, 0.15891376
5420.0, 0.15884216
5430.0, 0.1587707
5440.0, 0.15869938
5450.0, 0.15862818
5460.0, 0.15855715
5470.0, 0.15848623
5480.0, 0.15841548
5490.0, 0.15834485
5500.0, 0.15827437
5510.0, 0.15820403
5520.0, 0.1581338
5530.0, 0.15806375
5540.0, 0.15799381
5550.0, 0.15792403
5560.0, 0.15785436
5570.0, 0.15778485
5580.0, 0.15771545
5590.0, 0.15764621
5600.0, 0.1575771
5610.0, 0.15750813
5620.0, 0.15743929
5630.0, 0.1573706
5640.0, 0.15730202
5650.0, 0.1572336
5660.0, 0.1571653
5670.0, 0.15709713
5680.0, 0.1570291
5690.0, 0.15696122
5700.0, 0.15689346
5710.0, 0.15682584
5720.0, 0.15675834
5730.0, 0.15669097
5740.0, 0.15662374
5750.0, 0.15655665
5760.0, 0.1564897
5770.0, 0.15642285
5780.0, 0.15635616
5790.0, 0.15628959
5800.0, 0.15622316
5810.0, 0.15615685
5820.0, 0.15609068
5830.0, 0.15602463
5840.0, 0.15595871
5850.0, 0.15589294
5860.0, 0.15582728
5870.0, 0.15576175
5880.0, 0.15569635
5890.0, 0.1556311
5900.0, 0.15556595
5910.0, 0.15550093
5920.0, 0.15543607
5930.0, 0.15537131
5940.0, 0.15530667
5950.0, 0.15524217
5960.0, 0.1551778
5970.0, 0.15511356
5980.0, 0.15504944
5990.0, 0.15498546
6000.0, 0.15492159
6010.0, 0.15485784
6020.0, 0.15479423
6030.0, 0.15473075
6040.0, 0.15466738
6050.0, 0.15460414
6060.0, 0.15454103
6070.0, 0.15447803
6080.0, 0.15441518
6090.0, 0.15435243
6100.0, 0.15428981
6110.0, 0.15422732
6120.0, 0.15416496
6130.0, 0.1541027
6140.0, 0.15404058
6150.0, 0.15397857
6160.0, 0.1539167
6170.0, 0.15385494
6180.0, 0.1537933
6190.0, 0.15373178
6200.0, 0.15367039
6210.0, 0.15360911
6220.0, 0.15354797
6230.0, 0.15348694
6240.0, 0.15342602
6250.0, 0.15336524
6260.0, 0.15330456
6270.0, 0.153244
6280.0, 0.15318358
6290.0, 0.15312327
6300.0, 0.15306309
6310.0, 0.15300299
6320.0, 0.15294304
6330.0, 0.15288322
6340.0, 0.1528235
6350.0, 0.15276389
6360.0, 0.1527044
6370.0, 0.15264504
6380.0, 0.15258579
6390.0, 0.15252666
6400.0, 0.15246765
6410.0, 0.15240875
6420.0, 0.15234996
6430.0, 0.1522913
6440.0, 0.15223274
6450.0, 0.15217431
6460.0, 0.15211599
6470.0, 0.15205777
6480.0, 0.15199968
6490.0, 0.1519417
6500.0, 0.15188386
6510.0, 0.1518261
6520.0, 0.15176848
6530.0, 0.15171094
6540.0, 0.15165354
6550.0, 0.15159625
6560.0, 0.15153907
6570.0, 0.151482
6580.0, 0.15142505
6590.0, 0.1513682
6600.0, 0.15131147
6610.0, 0.15125486
6620.0, 0.15119836
6630.0, 0.15114196
6640.0, 0.15108567
6650.0, 0.15102951
6660.0, 0.15097344
6670.0, 0.15091749
6680.0, 0.15086165
6690.0, 0.15080592
6700.0, 0.1507503
6710.0, 0.15069479
6720.0, 0.15063938
6730.0, 0.1505841
6740.0, 0.15052892
6750.0, 0.15047385
6760.0, 0.15041889
6770.0, 0.15036403
6780.0, 0.15030928
6790.0, 0.15025464
6800.0, 0.15020011
6810.0, 0.1501457
6820.0, 0.15009136
6830.0, 0.15003717
6840.0, 0.14998306
6850.0, 0.14992908
6860.0, 0.14987518
6870.0, 0.14982139
6880.0, 0.14976773
6890.0, 0.14971416
6900.0, 0.14966069
6910.0, 0.14960733
6920.0, 0.14955407
6930.0, 0.14950092
6940.0, 0.14944789
6950.0, 0.14939494
6960.0, 0.14934212
6970.0, 0.14928938
6980.0, 0.14923677
6990.0, 0.14918424
7000.0, 0.14913182
7010.0, 0.14907952
7020.0, 0.1490273
7030.0, 0.1489752
7040.0, 0.14892319
7050.0, 0.14887129
7060.0, 0.14881949
7070.0, 0.1487678
7080.0, 0.14871621
7090.0, 0.14866471
7100.0, 0.14861332
7110.0, 0.14856203
7120.0, 0.14851084
7130.0, 0.14845976
7140.0, 0.14840877
7150.0, 0.14835788
7160.0, 0.1483071
7170.0, 0.14825642
7180.0, 0.14820583
7190.0, 0.14815535
7200.0, 0.14810497
7210.0, 0.14805467
7220.0, 0.1480045
7230.0, 0.14795442
7240.0, 0.14790443
7250.0, 0.14785452
7260.0, 0.14780474
7270.0, 0.14775506
7280.0, 0.14770547
7290.0, 0.14765596
7300.0, 0.14760657
7310.0, 0.14755727
7320.0, 0.14750805
7330.0, 0.14745897
7340.0, 0.14740996
7350.0, 0.14736106
7360.0, 0.14731224
7370.0, 0.14726351
7380.0, 0.14721489
7390.0, 0.14716637
7400.0, 0.14711793
7410.0, 0.1470696
7420.0, 0.14702137
7430.0, 0.14697322
7440.0, 0.14692518
7450.0, 0.14687723
7460.0, 0.14682937
7470.0, 0.1467816
7480.0, 0.14673394
7490.0, 0.14668636
7500.0, 0.14663889
7510.0, 0.1465915
7520.0, 0.1465442
7530.0, 0.146497
7540.0, 0.14644991
7550.0, 0.1464029
7560.0, 0.14635597
7570.0, 0.14630914
7580.0, 0.1462624
7590.0, 0.14621577
7600.0, 0.1461692
7610.0, 0.14612275
7620.0, 0.14607638
7630.0, 0.14603011
7640.0, 0.14598393
7650.0, 0.14593785
7660.0, 0.14589185
7670.0, 0.14584593
7680.0, 0.14580011
7690.0, 0.14575438
7700.0, 0.14570875
7710.0, 0.14566322
7720.0, 0.14561775
7730.0, 0.14557238
7740.0, 0.1455271
7750.0, 0.14548191
7760.0, 0.14543682
7770.0, 0.1453918
7780.0, 0.14534688
7790.0, 0.14530206
7800.0, 0.14525731
7810.0, 0.14521267
7820.0, 0.1451681
7830.0, 0.14512362
7840.0, 0.14507924
7850.0, 0.14503492
7860.0, 0.14499071
7870.0, 0.14494659
7880.0, 0.14490254
7890.0, 0.1448586
7900.0, 0.14481473
7910.0, 0.14477095
7920.0, 0.14472726
7930.0, 0.14468364
7940.0, 0.14464013
7950.0, 0.1445967
7960.0, 0.14455336
7970.0, 0.14451009
7980.0, 0.14446692
7990.0, 0.14442383
8000.0, 0.14438082
8010.0, 0.1443379
8020.0, 0.14429508
8030.0, 0.14425232
8040.0, 0.14420965
8050.0, 0.14416708
8060.0, 0.14412458
8070.0, 0.14408217
8080.0, 0.14403984
8090.0, 0.1439976
8100.0, 0.14395542
8110.0, 0.14391336
8120.0, 0.14387137
8130.0, 0.14382945
8140.0, 0.14378762
8150.0, 0.14374588
8160.0, 0.14370422
8170.0, 0.14366263
8180.0, 0.14362113
8190.0, 0.14357972
8200.0, 0.14353839
8210.0, 0.14349714
8220.0, 0.14345597
8230.0, 0.14341488
8240.0, 0.14337386
8250.0, 0.14333294
8260.0, 0.1432921
8270.0, 0.14325133
8280.0, 0.14321065
8290.0, 0.14317003
8300.0, 0.14312953
8310.0, 0.14308907
8320.0, 0.14304872
8330.0, 0.14300844
8340.0, 0.14296824
8350.0, 0.1429281
8360.0, 0.14288805
8370.0, 0.14284809
8380.0, 0.1428082
8390.0, 0.1427684
8400.0, 0.14272867
8410.0, 0.14268902
8420.0, 0.14264946
8430.0, 0.14260995
8440.0, 0.14257054
8450.0, 0.14253122
8460.0, 0.14249195
8470.0, 0.14245278
8480.0, 0.14241368
8490.0, 0.14237465
8500.0, 0.1423357
8510.0, 0.14229684
8520.0, 0.14225803
8530.0, 0.14221932
8540.0, 0.14218068
8550.0, 0.14214212
8560.0, 0.14210363
8570.0, 0.14206521
8580.0, 0.14202689
8590.0, 0.14198862
8600.0, 0.14195043
8610.0, 0.14191233
8620.0, 0.1418743
8630.0, 0.14183635
8640.0, 0.14179845
8650.0, 0.14176065
8660.0, 0.14172292
8670.0, 0.14168526
8680.0, 0.14164768
8690.0, 0.14161018
8700.0, 0.14157274
8710.0, 0.14153539
8720.0, 0.14149809
8730.0, 0.14146088
8740.0, 0.14142375
8750.0, 0.14138669
8760.0, 0.14134969
8770.0, 0.14131278
8780.0, 0.14127593
8790.0, 0.14123917
8800.0, 0.14120246
8810.0, 0.14116584
8820.0, 0.14112929
8830.0, 0.14109279
8840.0, 0.14105639
8850.0, 0.14102006
8860.0, 0.14098379
8870.0, 0.1409476
8880.0, 0.14091147
8890.0, 0.14087543
8900.0, 0.14083944
8910.0, 0.14080355
8920.0, 0.14076771
8930.0, 0.14073195
8940.0, 0.14069624
8950.0, 0.14066063
8960.0, 0.14062507
8970.0, 0.1405896
8980.0, 0.14055419
8990.0, 0.14051884
9000.0, 0.14048357
9010.0, 0.14044836
9020.0, 0.14041324
9030.0, 0.14037818
9040.0, 0.14034319
9050.0, 0.14030826
9060.0, 0.1402734
9070.0, 0.14023863
9080.0, 0.14020391
9090.0, 0.14016926
9100.0, 0.14013468
9110.0, 0.14010017
9120.0, 0.14006573
9130.0, 0.14003135
9140.0, 0.13999705
9150.0, 0.1399628
9160.0, 0.13992864
9170.0, 0.13989455
9180.0, 0.13986051
9190.0, 0.13982654
9200.0, 0.13979265
9210.0, 0.13975881
9220.0, 0.13972504
9230.0, 0.13969135
9240.0, 0.13965772
9250.0, 0.13962415
9260.0, 0.13959067
9270.0, 0.13955723
9280.0, 0.13952386
9290.0, 0.13949056
9300.0, 0.13945733
9310.0, 0.13942416
9320.0, 0.13939106
9330.0, 0.13935803
9340.0, 0.13932505
9350.0, 0.13929215
9360.0, 0.13925931
9370.0, 0.13922654
9380.0, 0.13919383
9390.0, 0.13916118
9400.0, 0.1391286
9410.0, 0.13909608
9420.0, 0.13906364
9430.0, 0.13903125
9440.0, 0.13899893
9450.0, 0.13896666
9460.0, 0.13893448
9470.0, 0.13890235
9480.0, 0.13887028
9490.0, 0.13883828
9500.0, 0.13880634
9510.0, 0.13877447
9520.0, 0.13874266
9530.0, 0.1387109
9540.0, 0.13867922
9550.0, 0.13864759
9560.0, 0.13861603
9570.0, 0.13858454
9580.0, 0.1385531
9590.0, 0.13852172
9600.0, 0.13849041
9610.0, 0.13845916
9620.0, 0.13842797
9630.0, 0.13839684
9640.0, 0.13836579
9650.0, 0.13833478
9660.0, 0.13830383
9670.0, 0.13827297
9680.0, 0.13824214
9690.0, 0.13821138
9700.0, 0.13818069
9710.0, 0.13815007
9720.0, 0.13811949
9730.0, 0.13808897
9740.0, 0.13805851
9750.0, 0.13802813
9760.0, 0.13799779
9770.0, 0.13796753
9780.0, 0.1379373
9790.0, 0.13790715
9800.0, 0.13787706
9810.0, 0.13784704
9820.0, 0.13781705
9830.0, 0.13778715
9840.0, 0.13775729
9850.0, 0.1377275
9860.0, 0.13769776
9870.0, 0.13766809
9880.0, 0.13763846
9890.0, 0.1376089
9900.0, 0.13757941
9910.0, 0.13754997
9920.0, 0.13752058
9930.0, 0.13749126
9940.0, 0.13746199
9950.0, 0.13743278
9960.0, 0.13740362
9970.0, 0.13737454
9980.0, 0.1373455
9990.0, 0.13731652
10000.0, 0.1372876
10010.0, 0.13725874
10020.0, 0.13722993
10030.0, 0.13720118
10040.0, 0.13717249
10050.0, 0.13714385
10060.0, 0.13711528
10070.0, 0.13708676
10080.0, 0.13705829
10090.0, 0.13702989
10100.0, 0.13700153
10110.0, 0.13697325
10120.0, 0.136945
10130.0, 0.13691682
10140.0, 0.13688868
10150.0, 0.13686062
10160.0, 0.1368326
10170.0, 0.13680464
10180.0, 0.13677673
10190.0, 0.13674888
10200.0, 0.13672109
10210.0, 0.13669336
10220.0, 0.13666567
10230.0, 0.13663805
10240.0, 0.13661046
10250.0, 0.13658296
10260.0, 0.1365555
10270.0, 0.13652807
10280.0, 0.13650072
10290.0, 0.13647343
10300.0, 0.13644618
10310.0, 0.13641898
10320.0, 0.13639185
10330.0, 0.13636476
10340.0, 0.13633773
10350.0, 0.13631074
10360.0, 0.13628383
10370.0, 0.13625695
10380.0, 0.13623014
10390.0, 0.13620336
10400.0, 0.13617666
10410.0, 0.13615
10420.0, 0.1361234
10430.0, 0.13609685
10440.0, 0.13607036
10450.0, 0.1360439
10460.0, 0.1360175
10470.0, 0.13599117
10480.0, 0.13596487
10490.0, 0.13593864
10500.0, 0.13591245
10510.0, 0.13588633
10520.0, 0.13586025
10530.0, 0.13583422
10540.0, 0.13580823
10550.0, 0.1357823
10560.0, 0.13575643
10570.0, 0.13573061
10580.0, 0.13570485
10590.0, 0.13567911
10600.0, 0.13565345
10610.0, 0.13562782
10620.0, 0.13560227
10630.0, 0.13557674
10640.0, 0.13555127
10650.0, 0.13552587
10660.0, 0.13550049
10670.0, 0.13547517
10680.0, 0.13544992
10690.0, 0.1354247
10700.0, 0.13539954
10710.0, 0.13537443
10720.0, 0.13534935
10730.0, 0.13532434
10740.0, 0.13529937
10750.0, 0.13527445
10760.0, 0.1352496
10770.0, 0.13522477
10780.0, 0.13520001
10790.0, 0.13517529
10800.0, 0.13515063
10810.0, 0.13512601
10820.0, 0.13510144
10830.0, 0.13507691
10840.0, 0.13505244
10850.0, 0.13502802
10860.0, 0.13500364
10870.0, 0.13497931
10880.0, 0.13495502
10890.0, 0.13493079
10900.0, 0.1349066
10910.0, 0.13488248
10920.0, 0.1348584
10930.0, 0.13483435
10940.0, 0.13481036
10950.0, 0.13478641
10960.0, 0.13476253
10970.0, 0.13473867
10980.0, 0.13471487
10990.0, 0.13469112
11000.0, 0.1346674
11010.0, 0.13464375
11020.0, 0.13462013
11030.0, 0.13459656
11040.0, 0.13457304
11050.0, 0.13454957
11060.0, 0.13452615
11070.0, 0.13450277
11080.0, 0.13447943
11090.0, 0.13445614
11100.0, 0.1344329
11110.0, 0.13440971
11120.0, 0.13438657
11130.0, 0.13436346
11140.0, 0.1343404
11150.0, 0.1343174
11160.0, 0.13429444
11170.0, 0.1342715
11180.0, 0.13424863
11190.0, 0.13422582
11200.0, 0.13420302
11210.0, 0.13418029
11220.0, 0.1341576
11230.0, 0.13413495
11240.0, 0.13411234
11250.0, 0.13408978
11260.0, 0.13406728
11270.0, 0.13404481
11280.0, 0.13402238
11290.0, 0.134
11300.0, 0.13397767
11310.0, 0.13395539
11320.0, 0.13393314
11330.0, 0.13391094
11340.0, 0.13388878
11350.0, 0.13386667
11360.0, 0.1338446
11370.0, 0.13382258
11380.0, 0.1338006
11390.0, 0.13377865
11400.0, 0.13375676
11410.0, 0.13373491
11420.0, 0.13371311
11430.0, 0.13369134
11440.0, 0.13366961
11450.0, 0.13364793
11460.0, 0.1336263
11470.0, 0.13360472
11480.0, 0.13358316
11490.0, 0.13356166
11500.0, 0.1335402
11510.0, 0.13351877
11520.0, 0.1334974
11530.0, 0.13347606
11540.0, 0.13345477
11550.0, 0.13343352
11560.0, 0.13341232
11570.0, 0.13339114
11580.0, 0.13337003
11590.0, 0.13334894
11600.0, 0.1333279
11610.0, 0.1333069
11620.0, 0.13328595
11630.0, 0.13326503
11640.0, 0.13324416
11650.0, 0.13322333
11660.0, 0.13320254
11670.0, 0.1331818
11680.0, 0.13316108
11690.0, 0.13314041
11700.0, 0.13311979
11710.0, 0.1330992
11720.0, 0.13307866
11730.0, 0.13305816
11740.0, 0.13303769
11750.0, 0.13301727
11760.0, 0.13299689
11770.0, 0.13297656
11780.0, 0.13295625
11790.0, 0.13293599
11800.0, 0.13291578
11810.0, 0.13289559
11820.0, 0.13287546
11830.0, 0.13285536
11840.0, 0.1328353
11850.0, 0.13281529
11860.0, 0.1327953
11870.0, 0.13277537
11880.0, 0.13275546
11890.0, 0.13273561
11900.0, 0.13271578
11910.0, 0.132696
11920.0, 0.13267626
11930.0, 0.13265656
11940.0, 0.1326369
11950.0, 0.13261726
11960.0, 0.13259768
11970.0, 0.13257813
11980.0, 0.13255863
11990.0, 0.13253917
12000.0, 0.13251974
12010.0, 0.13250035
12020.0, 0.132481
12030.0, 0.13246168
12040.0, 0.1324424
12050.0, 0.13242316
12060.0, 0.13240397
12070.0, 0.1323848
12080.0, 0.13236567
12090.0, 0.1323466
12100.0, 0.13232754
12110.0, 0.13230854
12120.0, 0.13228957
12130.0, 0.13227063
12140.0, 0.13225174
12150.0, 0.13223287
12160.0, 0.13221405
12170.0, 0.13219528
12180.0, 0.13217653
12190.0, 0.13215782
12200.0, 0.13213915
12210.0, 0.1321205
12220.0, 0.13210192
12230.0, 0.13208336
12240.0, 0.13206483
12250.0, 0.13204634
12260.0, 0.1320279
12270.0, 0.13200949
12280.0, 0.1319911
12290.0, 0.13197277
12300.0, 0.13195446
12310.0, 0.13193619
12320.0, 0.13191797
12330.0, 0.13189977
12340.0, 0.13188161
12350.0, 0.13186349
12360.0, 0.1318454
12370.0, 0.13182735
12380.0, 0.13180934
12390.0, 0.13179135
12400.0, 0.13177341
12410.0, 0.13175552
12420.0, 0.13173763
12430.0, 0.1317198
12440.0, 0.131702
12450.0, 0.13168424
12460.0, 0.13166651
12470.0, 0.13164882
12480.0, 0.13163117
12490.0, 0.13161354
12500.0, 0.13159595
12510.0, 0.1315784
12520.0, 0.13156088
12530.0, 0.13154338
12540.0, 0.13152593
12550.0, 0.13150851
12560.0, 0.13149114
12570.0, 0.1314738
12580.0, 0.13145648
12590.0, 0.13143921
12600.0, 0.13142197
12610.0, 0.13140476
12620.0, 0.13138759
12630.0, 0.13137046
12640.0, 0.13135335
12650.0, 0.13133627
12660.0, 0.13131924
12670.0, 0.13130224
12680.0, 0.13128527
12690.0, 0.13126834
12700.0, 0.13125142
12710.0, 0.13123456
12720.0, 0.13121772
12730.0, 0.13120092
12740.0, 0.13118415
12750.0, 0.13116741
12760.0, 0.13115072
12770.0, 0.13113405
12780.0, 0.13111742
12790.0, 0.1311008
12800.0, 0.13108425
12810.0, 0.13106771
12820.0, 0.1310512
12830.0, 0.13103473
12840.0, 0.1310183
12850.0, 0.13100189
12860.0, 0.13098553
12870.0, 0.13096918
12880.0, 0.13095288
12890.0, 0.13093661
12900.0, 0.13092037
12910.0, 0.13090415
12920.0, 0.13088797
12930.0, 0.13087183
12940.0, 0.13085571
12950.0, 0.13083963
12960.0, 0.13082358
12970.0, 0.13080756
12980.0, 0.13079157
12990.0, 0.13077563
13000.0, 0.13075972
13010.0, 0.13074382
13020.0, 0.13072796
13030.0, 0.13071214
13040.0, 0.13069634
13050.0, 0.13068058
13060.0, 0.13066484
13070.0, 0.13064915
13080.0, 0.13063347
13090.0, 0.13061783
13100.0, 0.13060223
13110.0, 0.13058665
13120.0, 0.1305711
13130.0, 0.13055559
13140.0, 0.1305401
13150.0, 0.13052465
13160.0, 0.13050923
13170.0, 0.13049383
13180.0, 0.13047847
13190.0, 0.13046315
13200.0, 0.13044785
13210.0, 0.13043258
13220.0, 0.13041735
13230.0, 0.13040213
13240.0, 0.13038696
13250.0, 0.13037181
13260.0, 0.13035668
13270.0, 0.1303416
13280.0, 0.13032654
13290.0, 0.13031152
13300.0, 0.13029651
13310.0, 0.13028155
13320.0, 0.1302666
13330.0, 0.1302517
13340.0, 0.13023682
13350.0, 0.13022198
13360.0, 0.13020715
13370.0, 0.13019237
13380.0, 0.1301776
13390.0, 0.13016288
13400.0, 0.13014817
13410.0, 0.1301335
13420.0, 0.13011886
13430.0, 0.13010424
13440.0, 0.13008966
13450.0, 0.1300751
13460.0, 0.13006057
13470.0, 0.13004607
13480.0, 0.1300316
13490.0, 0.13001716
13500.0, 0.13000275
13510.0, 0.12998837
13520.0, 0.12997402
13530.0, 0.12995969
13540.0, 0.12994538
13550.0, 0.12993112
13560.0, 0.12991688
13570.0, 0.12990266
13580.0, 0.12988849
13590.0, 0.12987433
13600.0, 0.1298602
13610.0, 0.12984611
13620.0, 0.12983203
13630.0, 0.12981799
13640.0, 0.12980399
13650.0, 0.12979
13660.0, 0.12977603
13670.0, 0.1297621
13680.0, 0.1297482
13690.0, 0.12973432
13700.0, 0.12972046
13710.0, 0.12970665
13720.0, 0.12969285
13730.0, 0.12967908
13740.0, 0.12966534
13750.0, 0.12965164
13760.0, 0.12963794
13770.0, 0.12962429
13780.0, 0.12961067
13790.0, 0.12959707
13800.0, 0.1295835
13810.0, 0.12956993
13820.0, 0.12955642
13830.0, 0.12954293
13840.0, 0.12952946
13850.0, 0.12951602
13860.0, 0.1295026
13870.0, 0.12948921
13880.0, 0.12947586
13890.0, 0.12946253
13900.0, 0.1294492
13910.0, 0.12943594
13920.0, 0.12942268
13930.0, 0.12940945
13940.0, 0.12939624
13950.0, 0.12938307
13960.0, 0.12936993
13970.0, 0.1293568
13980.0, 0.1293437
13990.0, 0.12933064
14000.0, 0.12931758
14010.0, 0.12930457
14020.0, 0.12929158
14030.0, 0.12927862
14040.0, 0.12926567
14050.0, 0.12925275
14060.0, 0.12923987
14070.0, 0.129227
14080.0, 0.12921415
14090.0, 0.12920135
14100.0, 0.12918857
14110.0, 0.1291758
14120.0, 0.12916306
14130.0, 0.12915035
14140.0, 0.12913767
14150.0, 0.12912501
14160.0, 0.12911236
14170.0, 0.12909976
14180.0, 0.12908718
14190.0, 0.12907462
14200.0, 0.12906209
14210.0, 0.12904957
14220.0, 0.12903708
14230.0, 0.12902462
14240.0, 0.12901218
14250.0, 0.12899978
14260.0, 0.1289874
14270.0, 0.12897503
14280.0, 0.1289627
14290.0, 0.12895039
14300.0, 0.1289381
14310.0, 0.12892583
14320.0, 0.1289136
14330.0, 0.12890138
14340.0, 0.12888919
14350.0, 0.12887703
14360.0, 0.12886488
14370.0, 0.12885277
14380.0, 0.12884067
14390.0, 0.1288286
14400.0, 0.12881656
14410.0, 0.12880453
14420.0, 0.12879254
14430.0, 0.12878057
14440.0, 0.12876862
14450.0, 0.1287567
14460.0, 0.1287448
14470.0, 0.12873292
14480.0, 0.12872106
14490.0, 0.12870923
14500.0, 0.12869743
14510.0, 0.12868564
14520.0, 0.12867388
14530.0, 0.12866214
14540.0, 0.12865043
14550.0, 0.12863874
14560.0, 0.12862708
14570.0, 0.12861544
14580.0, 0.12860382
14590.0, 0.12859221
14600.0, 0.12858064
14610.0, 0.1285691
14620.0, 0.12855756
14630.0, 0.12854606
14640.0, 0.12853457
14650.0, 0.12852311
14660.0, 0.12851168
14670.0, 0.12850027
14680.0, 0.12848887
14690.0, 0.12847751
14700.0, 0.12846616
14710.0, 0.12845483
14720.0, 0.12844354
14730.0, 0.12843226
14740.0, 0.12842101
14750.0, 0.12840977
14760.0, 0.12839857
14770.0, 0.12838738
14780.0, 0.12837622
14790.0, 0.12836507
14800.0, 0.12835394
14810.0, 0.12834285
14820.0, 0.12833177
14830.0, 0.12832071
14840.0, 0.12830968
14850.0, 0.12829867
14860.0, 0.12828767
14870.0, 0.1282767
14880.0, 0.12826577
14890.0, 0.12825485
14900.0, 0.12824394
14910.0, 0.12823306
14920.0, 0.1282222
14930.0, 0.12821136
14940.0, 0.12820055
14950.0, 0.12818976
14960.0, 0.12817898
14970.0, 0.12816824
14980.0, 0.12815751
14990.0, 0.1281468
15000.0, 0.12813611
15010.0, 0.12812544
15020.0, 0.1281148
15030.0, 0.12810418
15040.0, 0.12809359
15050.0, 0.12808299
15060.0, 0.12807244
15070.0, 0.1280619
15080.0, 0.12805139
15090.0, 0.1280409
15100.0, 0.1280304
15110.0, 0.12801996
15120.0, 0.12800953
15130.0, 0.12799911
15140.0, 0.12798871
15150.0, 0.12797834
15160.0, 0.127968
15170.0, 0.12795766
15180.0, 0.12794736
15190.0, 0.12793706
15200.0, 0.1279268
15210.0, 0.12791656
15220.0, 0.12790632
15230.0, 0.12789612
15240.0, 0.12788594
15250.0, 0.12787576
15260.0, 0.12786561
15270.0, 0.1278555
15280.0, 0.12784539
15290.0, 0.12783529
15300.0, 0.12782523
15310.0, 0.12781519
15320.0, 0.12780516
15330.0, 0.12779516
15340.0, 0.12778518
15350.0, 0.1277752
15360.0, 0.12776525
15370.0, 0.12775533
15380.0, 0.12774543
15390.0, 0.12773554
15400.0, 0.12772568
15410.0, 0.12771583
15420.0, 0.127706
15430.0, 0.12769619
15440.0, 0.1276864
15450.0, 0.12767664
15460.0, 0.12766688
15470.0, 0.12765715
15480.0, 0.12764744
15490.0, 0.12763774
15500.0, 0.12762809
15510.0, 0.12761843
15520.0, 0.12760879
15530.0, 0.12759918
15540.0, 0.12758958
15550.0, 0.12758
15560.0, 0.12757045
15570.0, 0.12756091
15580.0, 0.12755139
15590.0, 0.1275419
15600.0, 0.12753241
15610.0, 0.12752295
15620.0, 0.12751351
15630.0, 0.12750408
15640.0, 0.12749468
15650.0, 0.12748529
15660.0, 0.12747593
15670.0, 0.12746657
15680.0, 0.12745725
15690.0, 0.12744793
15700.0, 0.12743863
15710.0, 0.12742937
15720.0, 0.1274201
15730.0, 0.12741086
15740.0, 0.12740165
15750.0, 0.12739244
15760.0, 0.12738326
15770.0, 0.1273741
15780.0, 0.12736496
15790.0, 0.12735583
15800.0, 0.12734671
15810.0, 0.12733762
15820.0, 0.12732854
15830.0, 0.1273195
15840.0, 0.12731045
15850.0, 0.12730144
15860.0, 0.12729244
15870.0, 0.12728345
15880.0, 0.12727448
15890.0, 0.12726554
15900.0, 0.1272566
15910.0, 0.12724769
15920.0, 0.12723881
15930.0, 0.12722993
15940.0, 0.12722106
15950.0, 0.12721223
15960.0, 0.1272034
15970.0, 0.1271946
15980.0, 0.1271858
15990.0, 0.12717703
16000.0, 0.12716828
16010.0, 0.12715955
16020.0, 0.12715083
16030.0, 0.12714213
16040.0, 0.12713344
16050.0, 0.12712477
16060.0, 0.12711613
16070.0, 0.1271075
16080.0, 0.12709887
16090.0, 0.12709028
16100.0, 0.12708169
16110.0, 0.12707314
16120.0, 0.12706459
16130.0, 0.12705606
16140.0, 0.12704754
16150.0, 0.12703905
16160.0, 0.12703058
16170.0, 0.12702212
16180.0, 0.12701367
16190.0, 0.12700523
16200.0, 0.12699683
16210.0, 0.12698843
16220.0, 0.12698005
16230.0, 0.12697169
16240.0, 0.12696335
16250.0, 0.12695502
16260.0, 0.1269467
16270.0, 0.12693842
16280.0, 0.12693015
16290.0, 0.12692188
16300.0, 0.12691364
16310.0, 0.1269054
16320.0, 0.12689719
16330.0, 0.126889
16340.0, 0.12688081
16350.0, 0.12687266
16360.0, 0.12686451
16370.0, 0.12685639
16380.0, 0.12684827
16390.0, 0.12684017
16400.0, 0.12683208
16410.0, 0.12682402
16420.0, 0.12681596
16430.0, 0.12680793
16440.0, 0.12679991
16450.0, 0.12679191
16460.0, 0.12678392
16470.0, 0.12677597
16480.0, 0.12676801
16490.0, 0.12676007
16500.0, 0.12675214
16510.0, 0.12674424
16520.0, 0.12673634
16530.0, 0.12672848
16540.0, 0.12672062
16550.0, 0.12671277
16560.0, 0.12670495
16570.0, 0.12669714
16580.0, 0.12668933
16590.0, 0.12668155
16600.0, 0.12667379
16610.0, 0.12666604
16620.0, 0.1266583
16630.0, 0.12665059
16640.0, 0.12664288
16650.0, 0.12663518
16660.0, 0.12662752
16670.0, 0.12661986
16680.0, 0.12661222
16690.0, 0.12660459
16700.0, 0.12659697
16710.0, 0.12658937
16720.0, 0.1265818
16730.0, 0.12657423
16740.0, 0.12656668
16750.0, 0.12655914
16760.0, 0.12655163
16770.0, 0.12654412
16780.0, 0.12653662
16790.0, 0.12652914
16800.0, 0.12652168
16810.0, 0.12651424
16820.0, 0.1265068
16830.0, 0.12649938
16840.0, 0.126492
16850.0, 0.12648459
16860.0, 0.12647723
16870.0, 0.12646987
16880.0, 0.12646252
16890.0, 0.1264552
16900.0, 0.12644789
16910.0, 0.12644058
16920.0, 0.1264333
16930.0, 0.12642603
16940.0, 0.12641877
16950.0, 0.12641153
16960.0, 0.1264043
16970.0, 0.12639709
16980.0, 0.12638989
16990.0, 0.12638271
17000.0, 0.12637554
17010.0, 0.12636837
17020.0, 0.12636124
17030.0, 0.12635411
17040.0, 0.126347
17050.0, 0.1263399
17060.0, 0.12633282
17070.0, 0.12632574
17080.0, 0.1263187
17090.0, 0.12631164
17100.0, 0.12630461
17110.0, 0.12629761
17120.0, 0.1262906
17130.0, 0.12628362
17140.0, 0.12627664
17150.0, 0.1262697
17160.0, 0.12626274
17170.0, 0.12625581
17180.0, 0.1262489
17190.0, 0.126242
17200.0, 0.1262351
17210.0, 0.12622823
17220.0, 0.12622136
17230.0, 0.12621452
17240.0, 0.12620768
17250.0, 0.12620087
17260.0, 0.12619406
17270.0, 0.12618726
17280.0, 0.12618048
17290.0, 0.12617372
17300.0, 0.12616697
17310.0, 0.12616023
17320.0, 0.1261535
17330.0, 0.1261468
17340.0, 0.12614009
17350.0, 0.1261334
17360.0, 0.12612674
17370.0, 0.12612008
17380.0, 0.12611343
17390.0, 0.12610678
17400.0, 0.12610018
17410.0, 0.12609357
17420.0, 0.12608698
17430.0, 0.1260804
17440.0, 0.12607382
17450.0, 0.12606727
17460.0, 0.12606072
17470.0, 0.12605421
17480.0, 0.12604769
17490.0, 0.12604119
17500.0, 0.1260347
17510.0, 0.12602822
17520.0, 0.12602176
17530.0, 0.1260153
17540.0, 0.12600888
17550.0, 0.12600245
17560.0, 0.12599604
17570.0, 0.12598965
17580.0, 0.12598325
17590.0, 0.12597689
17600.0, 0.12597053
17610.0, 0.12596418
17620.0, 0.12595785
17630.0, 0.12595151
17640.0, 0.12594521
17650.0, 0.1259389
17660.0, 0.12593263
17670.0, 0.12592636
17680.0, 0.1259201
17690.0, 0.12591384
17700.0, 0.12590761
17710.0, 0.1259014
17720.0, 0.12589519
17730.0, 0.12588899
17740.0, 0.1258828
17750.0, 0.12587662
17760.0, 0.12587047
17770.0, 0.12586433
17780.0, 0.12585819
17790.0, 0.12585206
17800.0, 0.12584595
17810.0, 0.12583984
17820.0, 0.12583376
17830.0, 0.12582768
17840.0, 0.12582164
17850.0, 0.12581557
17860.0, 0.12580954
17870.0, 0.1258035
17880.0, 0.1257975
17890.0, 0.12579149
17900.0, 0.1257855
17910.0, 0.12577952
17920.0, 0.12577356
17930.0, 0.1257676
17940.0, 0.12576166
17950.0, 0.12575573
17960.0, 0.12574981
17970.0, 0.1257439
17980.0, 0.12573801
17990.0, 0.12573212
18000.0, 0.12572625
18010.0, 0.1257204
18020.0, 0.12571454
18030.0, 0.12570871
18040.0, 0.12570287
18050.0, 0.12569706
18060.0, 0.12569126
18070.0, 0.12568548
18080.0, 0.12567969
18090.0, 0.12567393
18100.0, 0.12566818
18110.0, 0.12566243
18120.0, 0.1256567
18130.0, 0.12565097
18140.0, 0.12564526
18150.0, 0.12563957
18160.0, 0.12563388
18170.0, 0.1256282
18180.0, 0.12562254
18190.0, 0.12561688
18200.0, 0.12561125
18210.0, 0.12560561
18220.0, 0.1256
18230.0, 0.12559439
18240.0, 0.12558879
18250.0, 0.1255832
18260.0, 0.12557763
18270.0, 0.12557206
18280.0, 0.12556651
18290.0, 0.12556097
18300.0, 0.12555544
18310.0, 0.12554991
18320.0, 0.12554441
18330.0, 0.1255389
18340.0, 0.12553343
18350.0, 0.12552795
18360.0, 0.12552248
18370.0, 0.12551703
18380.0, 0.12551159
18390.0, 0.12550615
18400.0, 0.12550074
18410.0, 0.12549533
18420.0, 0.12548992
18430.0, 0.12548453
18440.0, 0.12547916
18450.0, 0.12547378
18460.0, 0.12546843
18470.0, 0.12546308
18480.0, 0.12545775
18490.0, 0.12545243
18500.0, 0.12544711
18510.0, 0.1254418
18520.0, 0.12543651
18530.0, 0.12543124
18540.0, 0.12542596
18550.0, 0.1254207
18560.0, 0.12541546
18570.0, 0.12541021
18580.0, 0.12540498
18590.0, 0.12539977
18600.0, 0.12539455
18610.0, 0.12538937
18620.0, 0.12538417
18630.0, 0.125379
18640.0, 0.12537383
18650.0, 0.12536867
18660.0, 0.12536353
18670.0, 0.12535837
18680.0, 0.12535326
18690.0, 0.12534814
18700.0, 0.12534304
18710.0, 0.12533794
18720.0, 0.12533285
18730.0, 0.12532778
18740.0, 0.12532271
18750.0, 0.12531765
18760.0, 0.12531261
18770.0, 0.12530757
18780.0, 0.12530255
18790.0, 0.12529753
18800.0, 0.12529254
18810.0, 0.12528753
18820.0, 0.12528256
18830.0, 0.12527758
18840.0, 0.12527262
18850.0, 0.12526765
18860.0, 0.12526271
18870.0, 0.12525778
18880.0, 0.12525284
18890.0, 0.12524794
18900.0, 0.12524304
18910.0, 0.12523814
18920.0, 0.12523325
18930.0, 0.12522838
18940.0, 0.1252235
18950.0, 0.12521864
18960.0, 0.1252138
18970.0, 0.12520896
18980.0, 0.12520413
18990.0, 0.12519932
19000.0, 0.1251945
19010.0, 0.1251897
19020.0, 0.12518491
19030.0, 0.12518014
19040.0, 0.12517537
19050.0, 0.1251706
19060.0, 0.12516585
19070.0, 0.12516111
19080.0, 0.12515637
19090.0, 0.12515166
19100.0, 0.12514694
19110.0, 0.12514225
19120.0, 0.12513754
19130.0, 0.12513286
19140.0, 0.12512818
19150.0, 0.12512352
19160.0, 0.12511885
19170.0, 0.1251142
19180.0, 0.12510957
19190.0, 0.12510493
19200.0, 0.12510031
19210.0, 0.1250957
19220.0, 0.1250911
19230.0, 0.12508652
19240.0, 0.12508193
19250.0, 0.12507735
19260.0, 0.12507279
19270.0, 0.12506823
19280.0, 0.12506369
19290.0, 0.12505914
19300.0, 0.12505461
19310.0, 0.1250501
19320.0, 0.12504558
19330.0, 0.12504108
19340.0, 0.12503658
19350.0, 0.12503211
19360.0, 0.12502763
19370.0, 0.12502316
19380.0, 0.1250187
19390.0, 0.12501426
19400.0, 0.12500982
19410.0, 0.12500538
19420.0, 0.12500097
19430.0, 0.12499655
19440.0, 0.12499215
19450.0, 0.12498775
19460.0, 0.12498336
19470.0, 0.12497899
19480.0, 0.12497462
19490.0, 0.12497026
19500.0, 0.124965906
19510.0, 0.12496156
19520.0, 0.124957226
19530.0, 0.124952905
19540.0, 0.12494858
19550.0, 0.12494428
19560.0, 0.12493998
19570.0, 0.12493569
19580.0, 0.12493141
19590.0, 0.124927126
19600.0, 0.124922864
19610.0, 0.1249186
19620.0, 0.124914356
19630.0, 0.124910116
19640.0, 0.124905884
19650.0, 0.12490166
19660.0, 0.12489745
19670.0, 0.12489324
19680.0, 0.12488904
19690.0, 0.12488486
19700.0, 0.12488067
19710.0, 0.1248765
19720.0, 0.124872334
19730.0, 0.124868184
19740.0, 0.12486403
19750.0, 0.12485989
19760.0, 0.12485576
19770.0, 0.12485164
19780.0, 0.124847524
19790.0, 0.12484342
19800.0, 0.12483931
19810.0, 0.12483522
19820.0, 0.12483114
19830.0, 0.12482707
19840.0, 0.124823004
19850.0, 0.12481895
19860.0, 0.12481489
19870.0, 0.12481085
19880.0, 0.12480682
19890.0, 0.12480279
19900.0, 0.124798775
19910.0, 0.12479477
19920.0, 0.124790765
19930.0, 0.12478677
19940.0, 0.124782786
19950.0, 0.124778815
19960.0, 0.124774836
19970.0, 0.12477087
19980.0, 0.12476692
19990.0, 0.124762975
20000.0, 0.12475904
20010.0, 0.124755114
20020.0, 0.12475119
20030.0, 0.12474727
20040.0, 0.124743365
20050.0, 0.12473947
20060.0, 0.12473558
20070.0, 0.12473169
20080.0, 0.124727815
20090.0, 0.12472395
20100.0, 0.12472009
20110.0, 0.12471624
20120.0, 0.124712385
20130.0, 0.124708556
20140.0, 0.124704726
20150.0, 0.124700904
20160.0, 0.12469709
20170.0, 0.12469328
20180.0, 0.12468949
20190.0, 0.1246857
20200.0, 0.12468191
20210.0, 0.124678135
20220.0, 0.124674365
20230.0, 0.1246706
20240.0, 0.12466685
20250.0, 0.12466311
20260.0, 0.12465937
20270.0, 0.12465563
20280.0, 0.12465191
20290.0, 0.12464819
20300.0, 0.12464448
20310.0, 0.12464078
20320.0, 0.12463709
20330.0, 0.1246334
20340.0, 0.12462972
20350.0, 0.12462605
20360.0, 0.12462238
20370.0, 0.124618724
20380.0, 0.12461507
20390.0, 0.12461143
20400.0, 0.1246078
20410.0, 0.124604166
20420.0, 0.12460055
20430.0, 0.12459693
20440.0, 0.12459333
20450.0, 0.124589734
20460.0, 0.124586135
20470.0, 0.12458255
20480.0, 0.124578975
20490.0, 0.12457541
20500.0, 0.12457184
20510.0, 0.12456828
20520.0, 0.12456473
20530.0, 0.12456119
20540.0, 0.12455766
20550.0, 0.12455413
20560.0, 0.1245506
20570.0, 0.124547094
20580.0, 0.124543585
20590.0, 0.12454008
20600.0, 0.124536596
20610.0, 0.1245331
20620.0, 0.12452962
20630.0, 0.12452615
20640.0, 0.124522686
20650.0, 0.12451923
20660.0, 0.12451578
20670.0, 0.12451234
20680.0, 0.124508895
20690.0, 0.12450546
20700.0, 0.12450203
20710.0, 0.12449862
20720.0, 0.12449521
20730.0, 0.12449181
20740.0, 0.12448841
20750.0, 0.12448502
20760.0, 0.12448164
20770.0, 0.12447826
20780.0, 0.12447489
20790.0, 0.12447153
20800.0, 0.12446818
20810.0, 0.124464825
20820.0, 0.12446148
20830.0, 0.12445815
20840.0, 0.12445482
20850.0, 0.12445149
20860.0, 0.12444818
20870.0, 0.124444865
20880.0, 0.124441564
20890.0, 0.12443827
20900.0, 0.12443498
20910.0, 0.12443169
20920.0, 0.124428414
20930.0, 0.12442514
20940.0, 0.12442189
20950.0, 0.12441863
20960.0, 0.124415375
20970.0, 0.12441213
20980.0, 0.124408886
20990.0, 0.12440567
21000.0, 0.12440244
21010.0, 0.12439922
21020.0, 0.124396004
21030.0, 0.1243928
21040.0, 0.124389604
21050.0, 0.12438641
21060.0, 0.124383226
21070.0, 0.124380045
21080.0, 0.12437687
21090.0, 0.1243737
21100.0, 0.12437054
21110.0, 0.124367386
21120.0, 0.12436424
21130.0, 0.12436109
21140.0, 0.12435795
21150.0, 0.124354824
21160.0, 0.1243517
21170.0, 0.12434859
21180.0, 0.12434548
21190.0, 0.124342375
21200.0, 0.124339275
21210.0, 0.12433618
21220.0, 0.1243331
21230.0, 0.124330014
21240.0, 0.124326944
21250.0, 0.124323875
21260.0, 0.12432081
21270.0, 0.124317765
21280.0, 0.12431471
21290.0, 0.12431166
21300.0, 0.12430863
21310.0, 0.1243056
21320.0, 0.12430257
21330.0, 0.124299556
21340.0, 0.124296546
21350.0, 0.124293536
21360.0, 0.12429053
21370.0, 0.12428754
21380.0, 0.12428454
21390.0, 0.12428157
21400.0, 0.12427859
21410.0, 0.12427562
21420.0, 0.12427265
21430.0, 0.124269694
21440.0, 0.124266736
21450.0, 0.12426379
21460.0, 0.12426085
21470.0, 0.124257915
21480.0, 0.12425499
21490.0, 0.12425206
21500.0, 0.124249145
21510.0, 0.12424623
21520.0, 0.12424333
21530.0, 0.12424042
21540.0, 0.12423753
21550.0, 0.12423464
21560.0, 0.124231756
21570.0, 0.12422888
21580.0, 0.124226004
21590.0, 0.12422314
21600.0, 0.12422028
21610.0, 0.12421743
21620.0, 0.124214575
21630.0, 0.124211736
21640.0, 0.12420889
21650.0, 0.12420606
21660.0, 0.124203235
21670.0, 0.12420042
21680.0, 0.1241976
21690.0, 0.12419479
21700.0, 0.12419199
21710.0, 0.12418919
21720.0, 0.1241864
21730.0, 0.12418361
21740.0, 0.12418083
21750.0, 0.12417805
21760.0, 0.12417529
21770.0, 0.124172516
21780.0, 0.12416976
21790.0, 0.12416701
21800.0, 0.12416425
21810.0, 0.12416152
21820.0, 0.12415878
21830.0, 0.12415604
21840.0, 0.12415332
21850.0, 0.1241506
21860.0, 0.12414788
21870.0, 0.12414517
21880.0, 0.12414247
21890.0, 0.12413977
21900.0, 0.124137074
21910.0, 0.124134384
21920.0, 0.1241317
21930.0, 0.12412902
21940.0, 0.12412635
21950.0, 0.12412368
21960.0, 0.124121025
21970.0, 0.124118365
21980.0, 0.12411571
21990.0, 0.12411307
22000.0, 0.12411042
22010.0, 0.12410779
22020.0, 0.124105155
22030.0, 0.12410253
22040.0, 0.12409992
22050.0, 0.1240973
22060.0, 0.124094695
22070.0, 0.12409209
22080.0, 0.124089494
22090.0, 0.1240869
22100.0, 0.12408431
22110.0, 0.12408173
22120.0, 0.12407915
22130.0, 0.124076575
22140.0, 0.124074005
22150.0, 0.12407144
22160.0, 0.124068886
22170.0, 0.12406634
22180.0, 0.12406379
22190.0, 0.12406124
22200.0, 0.12405871
22210.0, 0.124056175
22220.0, 0.12405365
22230.0, 0.124051124
22240.0, 0.124048606
22250.0, 0.1240461
22260.0, 0.124043584
22270.0, 0.12404109
22280.0, 0.12403859
22290.0, 0.1240361
22300.0, 0.124033615
22310.0, 0.124031134
22320.0, 0.12402865
22330.0, 0.12402619
22340.0, 0.12402371
22350.0, 0.124021254
22360.0, 0.124018796
22370.0, 0.124016345
22380.0, 0.12401389
22390.0, 0.12401146
22400.0, 0.12400901
22410.0, 0.12400658
22420.0, 0.124004155
22430.0, 0.12400173
22440.0, 0.12399931
22450.0, 0.1239969
22460.0, 0.12399449
22470.0, 0.123992085
22480.0, 0.12398969
22490.0, 0.123987295
22500.0, 0.1239849
22510.0, 0.12398252
22520.0, 0.12398014
22530.0, 0.123977765
22540.0, 0.123975396
22550.0, 0.12397302
22560.0, 0.123970665
22570.0, 0.12396831
22580.0, 0.123965956
22590.0, 0.12396361
22600.0, 0.12396127
22610.0, 0.12395894
22620.0, 0.1239566
22630.0, 0.12395427
22640.0, 0.12395195
22650.0, 0.123949625
22660.0, 0.12394731
22670.0, 0.123945005
22680.0, 0.1239427
22690.0, 0.12394039
22700.0, 0.123938106
22710.0, 0.123935804
22720.0, 0.123933524
22730.0, 0.123931244
22740.0, 0.123928964
22750.0, 0.12392669
22760.0, 0.12392443
22770.0, 0.12392216
22780.0, 0.123919904
22790.0, 0.12391765
22800.0, 0.1239154
22810.0, 0.12391315
22820.0, 0.123910904
22830.0, 0.12390867
22840.0, 0.12390643
22850.0, 0.12390421
22860.0, 0.123901986
22870.0, 0.123899765
22880.0, 0.12389755
22890.0, 0.12389534
22900.0, 0.123893134
22910.0, 0.12389093
22920.0, 0.12388874
22930.0, 0.12388654
22940.0, 0.12388436
22950.0, 0.123882174
22960.0, 0.12387999
22970.0, 0.123877816
22980.0, 0.12387565
22990.0, 0.12387348
23000.0, 0.12387132
23010.0, 0.12386916
23020.0, 0.123867
23030.0, 0.12386486
23040.0, 0.12386271
23050.0, 0.123860575
23060.0, 0.12385844
23070.0, 0.1238563
23080.0, 0.123854175
23090.0, 0.123852044
23100.0, 0.123849936
23110.0, 0.12384781
23120.0, 0.123845704
23130.0, 0.123843595
23140.0, 0.123841494
23150.0, 0.1238394
23160.0, 0.1238373
23170.0, 0.12383521
23180.0, 0.12383313
23190.0, 0.12383105
23200.0, 0.12382897
23210.0, 0.12382689
23220.0, 0.12382483
23230.0, 0.12382276
23240.0, 0.1238207
23250.0, 0.123818636
23260.0, 0.12381659
23270.0, 0.12381454
23280.0, 0.1238125
23290.0, 0.123810455
23300.0, 0.123808414
23310.0, 0.12380638
23320.0, 0.12380436
23330.0, 0.123802334
23340.0, 0.123800315
23350.0, 0.123798296
23360.0, 0.123796284
23370.0, 0.12379428
23380.0, 0.123792276
23390.0, 0.12379027
23400.0, 0.123788275
23410.0, 0.123786286
23420.0, 0.123784296
23430.0, 0.12378231
23440.0, 0.12378033
23450.0, 0.12377836
23460.0, 0.12377638
23470.0, 0.12377442
23480.0, 0.12377246
23490.0, 0.12377049
23500.0, 0.12376853
23510.0, 0.12376658
23520.0, 0.123764634
23530.0, 0.12376269
23540.0, 0.12376075
23550.0, 0.123758815
23560.0, 0.12375688
23570.0, 0.12375495
23580.0, 0.123753026
23590.0, 0.123751104
23600.0, 0.12374918
23610.0, 0.12374727
23620.0, 0.12374535
23630.0, 0.12374345
23640.0, 0.12374155
23650.0, 0.123739645
23660.0, 0.12373776
23670.0, 0.12373587
23680.0, 0.123733975
23690.0, 0.1237321
23700.0, 0.12373021
23710.0, 0.123728335
23720.0, 0.12372646
23730.0, 0.123724595
23740.0, 0.12372273
23750.0, 0.12372087
23760.0, 0.123719014
23770.0, 0.12371716
23780.0, 0.123715304
23790.0, 0.123713456
23800.0, 0.123711616
23810.0, 0.12370978
23820.0, 0.12370794
23830.0, 0.12370612
23840.0, 0.123704284
23850.0, 0.12370246
23860.0, 0.12370064
23870.0, 0.12369882
23880.0, 0.123697005
23890.0, 0.123695195
23900.0, 0.12369339
23910.0, 0.123691596
23920.0, 0.12368979
23930.0, 0.123688
23940.0, 0.1236862
23950.0, 0.123684414
23960.0, 0.12368263
23970.0, 0.123680845
23980.0, 0.12367907
23990.0, 0.1236773
24000.0, 0.123675525
24010.0, 0.12367376
24020.0, 0.12367199
24030.0, 0.12367024
24040.0, 0.12366848
24050.0, 0.123666726
24060.0, 0.12366498
24070.0, 0.12366323
24080.0, 0.12366149
24090.0, 0.12365975
24100.0, 0.12365802
24110.0, 0.12365629
24120.0, 0.12365456
24130.0, 0.12365282
24140.0, 0.1236511
24150.0, 0.12364939
24160.0, 0.123647675
24170.0, 0.12364596
24180.0, 0.12364426
24190.0, 0.12364256
24200.0, 0.12364085
24210.0, 0.12363915
24220.0, 0.12363746
24230.0, 0.12363576
24240.0, 0.123634085
24250.0, 0.123632394
24260.0, 0.12363071
24270.0, 0.12362904
24280.0, 0.123627365
24290.0, 0.123625696
24300.0, 0.12362403
24310.0, 0.123622365
24320.0, 0.123620704
24330.0, 0.12361905
24340.0, 0.12361739
24350.0, 0.12361574
24360.0, 0.12361409
24370.0, 0.12361245
24380.0, 0.12361081
24390.0, 0.12360917
24400.0, 0.12360753
24410.0, 0.1236059
24420.0, 0.123604275
24430.0, 0.12360265
24440.0, 0.123601034
24450.0, 0.12359941
24460.0, 0.1235978
24470.0, 0.123596184
24480.0, 0.12359458
24490.0, 0.12359297
24500.0, 0.12359137
24510.0, 0.12358977
24520.0, 0.123588175
24530.0, 0.12358658
24540.0, 0.12358499
24550.0, 0.1235834
24560.0, 0.12358183
24570.0, 0.12358024
24580.0, 0.12357867
24590.0, 0.123577096
24600.0, 0.12357552
24610.0, 0.12357395
24620.0, 0.123572394
24630.0, 0.12357083
24640.0, 0.12356927
24650.0, 0.123567715
24660.0, 0.123566166
24670.0, 0.123564616
24680.0, 0.12356307
24690.0, 0.123561524
24700.0, 0.12355999
24710.0, 0.123558454
24720.0, 0.12355693
24730.0, 0.12355539
24740.0, 0.123553865
24750.0, 0.12355234
24760.0, 0.123550825
24770.0, 0.1235493
24780.0, 0.123547785
24790.0, 0.12354627
24800.0, 0.12354476
24810.0, 0.123543255
24820.0, 0.12354176
24830.0, 0.12354025
24840.0, 0.123538755
24850.0, 0.123537265
24860.0, 0.123535775
24870.0, 0.12353429
24880.0, 0.1235328
24890.0, 0.12353132
24900.0, 0.123529844
24910.0, 0.12352836
24920.0, 0.12352689
24930.0, 0.123525426
24940.0, 0.12352396
24950.0, 0.1235225
24960.0, 0.12352103
24970.0, 0.12351957
24980.0, 0.12351812
24990.0, 0.123516664
25000.0, 0.12351522
25010.0, 0.123513766
25020.0, 0.12351233
25030.0, 0.12351088
25040.0, 0.123509444
25050.0, 0.12350801
25060.0, 0.123506576
25070.0, 0.123505145
25080.0, 0.123503715
25090.0, 0.12350229
25100.0, 0.123500876
25110.0, 0.12349946
25120.0, 0.12349804
25130.0, 0.12349663
25140.0, 0.12349522
25150.0, 0.12349381
25160.0, 0.12349241
25170.0, 0.12349101
25180.0, 0.12348961
25190.0, 0.12348822
25200.0, 0.123486824
25210.0, 0.12348543
25220.0, 0.123484045
25230.0, 0.12348266
25240.0, 0.12348127
25250.0, 0.123479895
25260.0, 0.12347852
25270.0, 0.12347715
25280.0, 0.12347578
25290.0, 0.12347441
25300.0, 0.12347304
25310.0, 0.123471685
25320.0, 0.12347032
25330.0, 0.123468965
25340.0, 0.12346762
25350.0, 0.12346626
25360.0, 0.123464905
25370.0, 0.12346356
25380.0, 0.123462215
25390.0, 0.12346088
25400.0, 0.12345954
25410.0, 0.12345821
25420.0, 0.12345687
25430.0, 0.12345554
25440.0, 0.12345422
25450.0, 0.12345289
25460.0, 0.12345157
25470.0, 0.12345025
25480.0, 0.12344893
25490.0, 0.12344762
25500.0, 0.12344631
25510.0, 0.123445
25520.0, 0.123443685
25530.0, 0.12344238
25540.0, 0.123441085
25550.0, 0.12343979
25560.0, 0.12343849
25570.0, 0.123437196
25580.0, 0.12343591
25590.0, 0.12343462
25600.0, 0.12343333
25610.0, 0.12343205
25620.0, 0.123430766
25630.0, 0.12342949
25640.0, 0.12342821
25650.0, 0.12342694
25660.0, 0.12342567
25670.0, 0.123424396
25680.0, 0.12342314
25690.0, 0.12342188
25700.0, 0.12342061
25710.0, 0.12341935
25720.0, 0.1234181
25730.0, 0.12341685
25740.0, 0.1234156
25750.0, 0.12341435
25760.0, 0.1234131
25770.0, 0.12341186
25780.0, 0.12341062
25790.0, 0.12340938
25800.0, 0.123408146
25810.0, 0.12340691
25820.0, 0.12340569
25830.0, 0.12340445
25840.0, 0.12340323
25850.0, 0.12340201
25860.0, 0.123400785
25870.0, 0.12339957
25880.0, 0.12339835
25890.0, 0.12339714
25900.0, 0.12339593
25910.0, 0.12339471
25920.0, 0.12339351
25930.0, 0.12339231
25940.0, 0.123391114
25950.0, 0.123389915
25960.0, 0.12338871
25970.0, 0.123387516
25980.0, 0.12338632
25990.0, 0.12338514
26000.0, 0.123383954
26010.0, 0.12338277
26020.0, 0.123381585
26030.0, 0.12338041
26040.0, 0.12337923
26050.0, 0.12337805
26060.0, 0.123376876
26070.0, 0.12337571
26080.0, 0.12337454
26090.0, 0.123373374
26100.0, 0.12337221
26110.0, 0.12337105
26120.0, 0.123369895
26130.0, 0.12336873
26140.0, 0.12336758
26150.0, 0.12336642
26160.0, 0.12336528
26170.0, 0.123364136
26180.0, 0.12336299
26190.0, 0.12336184
26200.0, 0.1233607
26210.0, 0.12335956
26220.0, 0.12335843
26230.0, 0.123357296
26240.0, 0.12335616
26250.0, 0.12335504
26260.0, 0.123353906
26270.0, 0.12335278
26280.0, 0.123351656
26290.0, 0.12335054
26300.0, 0.12334943
26310.0, 0.1233483
26320.0, 0.12334719
26330.0, 0.12334608
26340.0, 0.12334497
26350.0, 0.12334387
26360.0, 0.12334276
26370.0, 0.12334166
26380.0, 0.12334056
26390.0, 0.12333947
26400.0, 0.123338364
26410.0, 0.12333727
26420.0, 0.12333618
26430.0, 0.12333509
26440.0, 0.123334005
26450.0, 0.12333292
26460.0, 0.12333184
26470.0, 0.12333076
26480.0, 0.12332968
26490.0, 0.123328604
26500.0, 0.12332753
26510.0, 0.12332646
26520.0, 0.123325385
26530.0, 0.12332432
26540.0, 0.123323254
26550.0, 0.12332219
26560.0, 0.12332112
26570.0, 0.123320065
26580.0, 0.123319015
26590.0, 0.12331796
26600.0, 0.12331691
26610.0, 0.123315856
26620.0, 0.123314805
26630.0, 0.123313755
26640.0, 0.12331272
26650.0, 0.123311676
26660.0, 0.12331063
26670.0, 0.1233096
26680.0, 0.12330856
26690.0, 0.123307526
26700.0, 0.1233065
26710.0, 0.12330546
26720.0, 0.123304434
26730.0, 0.12330341
26740.0, 0.123302385
26750.0, 0.123301364
26760.0, 0.123300344
26770.0, 0.12329933
26780.0, 0.12329831
26790.0, 0.1232973
26800.0, 0.12329628
26810.0, 0.12329528
26820.0, 0.123294264
26830.0, 0.123293266
26840.0, 0.12329226
26850.0, 0.123291254
26860.0, 0.123290256
26870.0, 0.123289265
26880.0, 0.12328827
26890.0, 0.123287275
26900.0, 0.123286285
26910.0, 0.12328529
26920.0, 0.1232843
26930.0, 0.12328332
26940.0, 0.123282336
26950.0, 0.12328135
26960.0, 0.123280376
26970.0, 0.1232794
26980.0, 0.12327842
26990.0, 0.12327744
27000.0, 0.12327647
27010.0, 0.1232755
27020.0, 0.123274535
27030.0, 0.12327357
27040.0, 0.123272605
27050.0, 0.123271644
27060.0, 0.12327068
27070.0, 0.12326972
27080.0, 0.12326877
27090.0, 0.123267815
27100.0, 0.12326686
27110.0, 0.123265915
27120.0, 0.12326497
27130.0, 0.123264015
27140.0, 0.12326307
27150.0, 0.12326212
27160.0, 0.12326118
27170.0, 0.12326025
27180.0, 0.12325931
27190.0, 0.123258375
27200.0, 0.123257436
27210.0, 0.12325651
27220.0, 0.12325558
27230.0, 0.12325465
27240.0, 0.123253725
27250.0, 0.1232528
27260.0, 0.12325187
27270.0, 0.123250954
27280.0, 0.12325004
27290.0, 0.12324912
27300.0, 0.123248205
27310.0, 0.123247296
27320.0, 0.12324638
27330.0, 0.12324547
27340.0, 0.12324456
27350.0, 0.12324366
27360.0, 0.12324275
27370.0, 0.12324185
27380.0, 0.12324095
27390.0, 0.123240046
27400.0, 0.123239145
27410.0, 0.12323826
27420.0, 0.123237364
27430.0, 0.12323647
27440.0, 0.123235576
27450.0, 0.1232347
27460.0, 0.12323381
27470.0, 0.123232916
27480.0, 0.12323204
27490.0, 0.12323116
27500.0, 0.12323028
27510.0, 0.1232294
27520.0, 0.12322852
27530.0, 0.12322765
27540.0, 0.12322678
27550.0, 0.12322591
27560.0, 0.12322504
27570.0, 0.12322418
27580.0, 0.123223305
27590.0, 0.12322244
27600.0, 0.123221576
27610.0, 0.12322072
27620.0, 0.12321986
27630.0, 0.123219006
27640.0, 0.12321815
27650.0, 0.12321729
27660.0, 0.12321644
27670.0, 0.12321559
27680.0, 0.123214744
27690.0, 0.1232139
27700.0, 0.12321306
27710.0, 0.12321221
27720.0, 0.12321137
27730.0, 0.12321053
27740.0, 0.12320969
27750.0, 0.12320885
27760.0, 0.12320802
27770.0, 0.12320719
27780.0, 0.123206355
27790.0, 0.12320552
27800.0, 0.1232047
27810.0, 0.12320387
27820.0, 0.12320305
27830.0, 0.12320222
27840.0, 0.1232014
27850.0, 0.12320058
27860.0, 0.12319976
27870.0, 0.12319895
27880.0, 0.12319813
27890.0, 0.12319732
27900.0, 0.123196505
27910.0, 0.12319569
27920.0, 0.12319489
27930.0, 0.123194076
27940.0, 0.12319328
27950.0, 0.12319247
27960.0, 0.12319167
27970.0, 0.123190865
27980.0, 0.12319007
27990.0, 0.12318927
28000.0, 0.12318847
28010.0, 0.123187676
28020.0, 0.12318689
28030.0, 0.123186104
28040.0, 0.12318531
28050.0, 0.123184524
28060.0, 0.123183735
28070.0, 0.123182945
28080.0, 0.12318217
28090.0, 0.12318139
28100.0, 0.123180605
28110.0, 0.12317982
28120.0, 0.12317905
28130.0, 0.12317828
28140.0, 0.1231775
28150.0, 0.12317673
28160.0, 0.12317596
28170.0, 0.12317519
28180.0, 0.123174414
28190.0, 0.123173654
28200.0, 0.12317289
28210.0, 0.12317213
28220.0, 0.12317137
28230.0, 0.12317061
28240.0, 0.12316985
28250.0, 0.123169094
28260.0, 0.12316834
28270.0, 0.12316758
28280.0, 0.12316683
28290.0, 0.123166084
28300.0, 0.12316533
28310.0, 0.12316459
28320.0, 0.12316384
28330.0, 0.1231631
28340.0, 0.12316235
28350.0, 0.12316161
28360.0, 0.12316087
28370.0, 0.123160124
28380.0, 0.123159386
28390.0, 0.12315865
28400.0, 0.12315792
28410.0, 0.12315718
28420.0, 0.12315646
28430.0, 0.12315573
28440.0, 0.123155
28450.0, 0.12315427
28460.0, 0.12315354
28470.0, 0.12315282
28480.0, 0.12315209
28490.0, 0.12315137
28500.0, 0.12315065
28510.0, 0.12314994
28520.0, 0.123149216
28530.0, 0.1231485
28540.0, 0.12314779
28550.0, 0.12314708
28560.0, 0.12314636
28570.0, 0.123145655
28580.0, 0.12314495
28590.0, 0.12314423
28600.0, 0.12314353
28610.0, 0.12314282
28620.0, 0.12314212
28630.0, 0.12314142
28640.0, 0.123140715
28650.0, 0.12314002
28660.0, 0.12313932
28670.0, 0.12313863
28680.0, 0.12313793
28690.0, 0.12313724
28700.0, 0.12313654
28710.0, 0.12313586
28720.0, 0.12313517
28730.0, 0.12313448
28740.0, 0.1231338
28750.0, 0.12313311
28760.0, 0.12313243
28770.0, 0.12313175
28780.0, 0.12313107
28790.0, 0.12313039
28800.0, 0.1231297
28810.0, 0.12312903
28820.0, 0.123128355
28830.0, 0.123127684
28840.0, 0.123127006
28850.0, 0.123126335
28860.0, 0.12312567
28870.0, 0.123124994
28880.0, 0.12312433
28890.0, 0.12312367
28900.0, 0.123123005
28910.0, 0.12312234
28920.0, 0.12312167
28930.0, 0.123121016
28940.0, 0.12312035
28950.0, 0.1231197
28960.0, 0.12311904
28970.0, 0.123118386
28980.0, 0.12311773
28990.0, 0.123117074
29000.0, 0.123116426
29010.0, 0.12311578
29020.0, 0.12311513
29030.0, 0.12311448
29040.0, 0.12311383
29050.0, 0.123113185
29060.0, 0.123112544
29070.0, 0.1231119
29080.0, 0.12311126
29090.0, 0.12311062
29100.0, 0.12310998
29110.0, 0.12310935
29120.0, 0.12310871
29130.0, 0.123108074
29140.0, 0.12310744
29150.0, 0.12310681
29160.0, 0.123106174
29170.0, 0.12310554
29180.0, 0.12310492
29190.0, 0.1231043
29200.0, 0.12310366
29210.0, 0.12310304
29220.0, 0.12310242
29230.0, 0.12310179
29240.0, 0.123101175
29250.0, 0.12310056
29260.0, 0.12309994
29270.0, 0.12309932
29280.0, 0.12309871
29290.0, 0.12309809
29300.0, 0.12309747
29310.0, 0.12309686
29320.0, 0.12309626
29330.0, 0.12309564
29340.0, 0.12309503
29350.0, 0.12309443
29360.0, 0.12309382
29370.0, 0.12309321
29380.0, 0.123092614
29390.0, 0.12309201
29400.0, 0.12309141
29410.0, 0.12309081
29420.0, 0.12309021
29430.0, 0.123089604
29440.0, 0.123089015
29450.0, 0.12308841
29460.0, 0.12308782
29470.0, 0.12308723
29480.0, 0.12308664
29490.0, 0.12308604
29500.0, 0.12308546
29510.0, 0.123084866
29520.0, 0.123084284
29530.0, 0.123083696
29540.0, 0.123083115
29550.0, 0.123082526
29560.0, 0.123081945
29570.0, 0.123081364
29580.0, 0.12308078
29590.0, 0.1230802
29600.0, 0.12307963
29610.0, 0.123079054
29620.0, 0.12307847
29630.0, 0.1230779
29640.0, 0.12307733
29650.0, 0.12307675
29660.0, 0.123076186
29670.0, 0.12307562
29680.0, 0.123075046
29690.0, 0.12307448
29700.0, 0.12307391
29710.0, 0.12307334
29720.0, 0.12307278
29730.0, 0.12307222
29740.0, 0.12307166
29750.0, 0.1230711
29760.0, 0.12307054
29770.0, 0.12306998
29780.0, 0.12306942
29790.0, 0.12306886
29800.0, 0.12306831
29810.0, 0.12306775
29820.0, 0.1230672
29830.0, 0.12306665
29840.0, 0.123066105
29850.0, 0.123065546
29860.0, 0.123065
29870.0, 0.12306445
29880.0, 0.12306391
29890.0, 0.12306336
29900.0, 0.12306282
29910.0, 0.123062275
29920.0, 0.12306173
29930.0, 0.123061195
29940.0, 0.12306065
29950.0, 0.12306011
29960.0, 0.12305957
29970.0, 0.123059034
29980.0, 0.1230585
29990.0, 0.12305796
30000.0, 0.12305743
