Energy (in eV), backscattering yield of material te2k-NASCAP at incidence 20.0 degree
   X,       Y
0.0, 0.52134395
10.0, 0.20371407
20.0, 0.07960085
30.0, 0.031103866
40.0, 0.012153772
50.0, 0.004749061
60.0, 0.01554859
70.0, 0.025455268
80.0, 0.03426466
90.0, 0.04206247
100.0, 0.04900252
110.0, 0.05523104
120.0, 0.060868997
130.0, 0.066012464
140.0, 0.07073716
150.0, 0.075103104
160.0, 0.07915844
170.0, 0.08294228
180.0, 0.08648675
190.0, 0.089818604
200.0, 0.092960365
210.0, 0.09593109
220.0, 0.09874717
230.0, 0.10142265
240.0, 0.103969835
250.0, 0.106399424
260.0, 0.1087208
270.0, 0.11094237
280.0, 0.11307148
290.0, 0.11511477
300.0, 0.11707815
310.0, 0.118966945
320.0, 0.12078599
330.0, 0.12253962
340.0, 0.12423183
350.0, 0.1258662
360.0, 0.12744609
370.0, 0.12897448
380.0, 0.13045415
390.0, 0.1318877
400.0, 0.13327748
410.0, 0.13462567
420.0, 0.13593434
430.0, 0.13720532
440.0, 0.1384404
450.0, 0.1396412
460.0, 0.14080924
470.0, 0.14194597
480.0, 0.14305271
490.0, 0.14413072
500.0, 0.14518116
510.0, 0.14620516
520.0, 0.14720373
530.0, 0.14817788
540.0, 0.1491285
550.0, 0.15005651
560.0, 0.15096271
570.0, 0.15184787
580.0, 0.15271278
590.0, 0.15355808
600.0, 0.15438448
610.0, 0.1551926
620.0, 0.15598305
630.0, 0.1567564
640.0, 0.1575132
650.0, 0.15825397
660.0, 0.1589792
670.0, 0.15968938
680.0, 0.16038495
690.0, 0.16106637
700.0, 0.16173404
710.0, 0.16238831
720.0, 0.16302966
730.0, 0.16365835
740.0, 0.16427484
750.0, 0.16487935
760.0, 0.16547228
770.0, 0.16605392
780.0, 0.16662459
790.0, 0.16718455
800.0, 0.16773406
810.0, 0.16827343
820.0, 0.16880286
830.0, 0.16932265
840.0, 0.16983302
850.0, 0.17033419
860.0, 0.17082639
870.0, 0.17130983
880.0, 0.17178473
890.0, 0.17225124
900.0, 0.17270964
910.0, 0.17316003
920.0, 0.17360266
930.0, 0.17403764
940.0, 0.17446516
950.0, 0.17488544
960.0, 0.17529856
970.0, 0.17570472
980.0, 0.17610405
990.0, 0.17649668
1000.0, 0.17688277
1010.0, 0.176711
1020.0, 0.17653953
1030.0, 0.17636839
1040.0, 0.17619757
1050.0, 0.1760271
1060.0, 0.17585698
1070.0, 0.17568716
1080.0, 0.17551766
1090.0, 0.17534852
1100.0, 0.17517969
1110.0, 0.17501119
1120.0, 0.17484301
1130.0, 0.17467517
1140.0, 0.17450765
1150.0, 0.17434044
1160.0, 0.17417358
1170.0, 0.17400703
1180.0, 0.17384079
1190.0, 0.17367488
1200.0, 0.1735093
1210.0, 0.17334403
1220.0, 0.17317909
1230.0, 0.17301446
1240.0, 0.17285015
1250.0, 0.17268616
1260.0, 0.17252249
1270.0, 0.17235914
1280.0, 0.17219609
1290.0, 0.17203337
1300.0, 0.17187098
1310.0, 0.17170887
1320.0, 0.17154709
1330.0, 0.17138563
1340.0, 0.17122449
1350.0, 0.17106363
1360.0, 0.17090312
1370.0, 0.1707429
1380.0, 0.170583
1390.0, 0.17042339
1400.0, 0.17026411
1410.0, 0.17010513
1420.0, 0.16994646
1430.0, 0.16978809
1440.0, 0.16963004
1450.0, 0.16947229
1460.0, 0.16931485
1470.0, 0.16915771
1480.0, 0.16900088
1490.0, 0.16884434
1500.0, 0.16868812
1510.0, 0.16853221
1520.0, 0.16837658
1530.0, 0.16822127
1540.0, 0.16806625
1550.0, 0.16791154
1560.0, 0.16775711
1570.0, 0.167603
1580.0, 0.16744916
1590.0, 0.16729565
1600.0, 0.16714244
1610.0, 0.16698952
1620.0, 0.16683689
1630.0, 0.16668454
1640.0, 0.16653252
1650.0, 0.16638076
1660.0, 0.16622931
1670.0, 0.16607817
1680.0, 0.1659273
1690.0, 0.16577673
1700.0, 0.16562645
1710.0, 0.16547646
1720.0, 0.16532677
1730.0, 0.16517736
1740.0, 0.16502826
1750.0, 0.16487943
1760.0, 0.16473089
1770.0, 0.16458264
1780.0, 0.16443469
1790.0, 0.16428702
1800.0, 0.16413963
1810.0, 0.16399252
1820.0, 0.1638457
1830.0, 0.16369918
1840.0, 0.16355294
1850.0, 0.16340698
1860.0, 0.1632613
1870.0, 0.1631159
1880.0, 0.1629708
1890.0, 0.16282594
1900.0, 0.16268142
1910.0, 0.16253713
1920.0, 0.16239314
1930.0, 0.16224943
1940.0, 0.16210599
1950.0, 0.16196285
1960.0, 0.16181998
1970.0, 0.16167738
1980.0, 0.16153505
1990.0, 0.16139302
2000.0, 0.16125125
2010.0, 0.16110975
2020.0, 0.16096853
2030.0, 0.16082758
2040.0, 0.16068691
2050.0, 0.16054653
2060.0, 0.16040638
2070.0, 0.16026655
2080.0, 0.16012695
2090.0, 0.15998764
2100.0, 0.1598486
2110.0, 0.15970984
2120.0, 0.15957133
2130.0, 0.15943311
2140.0, 0.15929514
2150.0, 0.15915745
2160.0, 0.15902002
2170.0, 0.15888287
2180.0, 0.15874596
2190.0, 0.15860933
2200.0, 0.15847299
2210.0, 0.15833688
2220.0, 0.15820105
2230.0, 0.15806548
2240.0, 0.15793018
2250.0, 0.15779513
2260.0, 0.15766035
2270.0, 0.15752582
2280.0, 0.15739158
2290.0, 0.15725759
2300.0, 0.15712385
2310.0, 0.15699038
2320.0, 0.15685715
2330.0, 0.15672418
2340.0, 0.1565915
2350.0, 0.15645906
2360.0, 0.15632688
2370.0, 0.15619496
2380.0, 0.15606327
2390.0, 0.15593186
2400.0, 0.1558007
2410.0, 0.1556698
2420.0, 0.15553916
2430.0, 0.15540875
2440.0, 0.15527861
2450.0, 0.15514871
2460.0, 0.15501909
2470.0, 0.1548897
2480.0, 0.15476058
2490.0, 0.1546317
2500.0, 0.15450308
2510.0, 0.15437469
2520.0, 0.15424655
2530.0, 0.15411869
2540.0, 0.15399104
2550.0, 0.15386365
2560.0, 0.15373652
2570.0, 0.15360963
2580.0, 0.15348299
2590.0, 0.1533566
2600.0, 0.15323044
2610.0, 0.15310454
2620.0, 0.15297888
2630.0, 0.15285346
2640.0, 0.15272829
2650.0, 0.15260336
2660.0, 0.15247868
2670.0, 0.15235424
2680.0, 0.15223004
2690.0, 0.15210608
2700.0, 0.15198237
2710.0, 0.15185888
2720.0, 0.15173565
2730.0, 0.15161264
2740.0, 0.15148988
2750.0, 0.15136738
2760.0, 0.15124509
2770.0, 0.15112306
2780.0, 0.15100124
2790.0, 0.15087968
2800.0, 0.15075834
2810.0, 0.15063725
2820.0, 0.1505164
2830.0, 0.15039577
2840.0, 0.15027538
2850.0, 0.15015523
2860.0, 0.15003532
2870.0, 0.14991562
2880.0, 0.14979616
2890.0, 0.14967695
2900.0, 0.14955796
2910.0, 0.1494392
2920.0, 0.14932068
2930.0, 0.14920239
2940.0, 0.14908431
2950.0, 0.14896649
2960.0, 0.14884888
2970.0, 0.1487315
2980.0, 0.14861435
2990.0, 0.14849743
3000.0, 0.14838074
3010.0, 0.14826427
3020.0, 0.14814803
3030.0, 0.14803202
3040.0, 0.14791623
3050.0, 0.14780067
3060.0, 0.14768535
3070.0, 0.14757024
3080.0, 0.14745535
3090.0, 0.14734069
3100.0, 0.14722624
3110.0, 0.14711203
3120.0, 0.14699803
3130.0, 0.14688428
3140.0, 0.14677072
3150.0, 0.14665738
3160.0, 0.14654428
3170.0, 0.14643139
3180.0, 0.14631873
3190.0, 0.14620627
3200.0, 0.14609405
3210.0, 0.14598204
3220.0, 0.14587025
3230.0, 0.14575867
3240.0, 0.14564732
3250.0, 0.14553617
3260.0, 0.14542525
3270.0, 0.14531456
3280.0, 0.14520407
3290.0, 0.14509378
3300.0, 0.14498372
3310.0, 0.14487389
3320.0, 0.14476424
3330.0, 0.14465483
3340.0, 0.14454561
3350.0, 0.14443663
3360.0, 0.14432785
3370.0, 0.1442193
3380.0, 0.14411093
3390.0, 0.1440028
3400.0, 0.14389485
3410.0, 0.14378713
3420.0, 0.14367962
3430.0, 0.14357232
3440.0, 0.14346522
3450.0, 0.14335833
3460.0, 0.14325166
3470.0, 0.14314519
3480.0, 0.14303894
3490.0, 0.14293289
3500.0, 0.14282703
3510.0, 0.14272138
3520.0, 0.14261596
3530.0, 0.14251074
3540.0, 0.1424057
3550.0, 0.1423009
3560.0, 0.14219628
3570.0, 0.14209187
3580.0, 0.14198767
3590.0, 0.14188366
3600.0, 0.14177985
3610.0, 0.14167626
3620.0, 0.14157288
3630.0, 0.14146967
3640.0, 0.14136669
3650.0, 0.1412639
3660.0, 0.14116131
3670.0, 0.14105892
3680.0, 0.14095671
3690.0, 0.14085473
3700.0, 0.14075294
3710.0, 0.14065135
3720.0, 0.14054996
3730.0, 0.14044876
3740.0, 0.14034776
3750.0, 0.14024696
3760.0, 0.14014634
3770.0, 0.14004594
3780.0, 0.13994573
3790.0, 0.13984571
3800.0, 0.13974589
3810.0, 0.13964626
3820.0, 0.13954683
3830.0, 0.13944758
3840.0, 0.13934855
3850.0, 0.1392497
3860.0, 0.13915104
3870.0, 0.13905257
3880.0, 0.1389543
3890.0, 0.13885622
3900.0, 0.13875833
3910.0, 0.13866062
3920.0, 0.13856313
3930.0, 0.1384658
3940.0, 0.13836867
3950.0, 0.13827173
3960.0, 0.138175
3970.0, 0.13807842
3980.0, 0.13798206
3990.0, 0.13788588
4000.0, 0.13778988
4010.0, 0.13769406
4020.0, 0.13759845
4030.0, 0.13750301
4040.0, 0.13740776
4050.0, 0.13731271
4060.0, 0.13721783
4070.0, 0.13712314
4080.0, 0.13702863
4090.0, 0.13693433
4100.0, 0.13684018
4110.0, 0.13674623
4120.0, 0.13665247
4130.0, 0.13655888
4140.0, 0.13646547
4150.0, 0.13637225
4160.0, 0.13627923
4170.0, 0.13618636
4180.0, 0.13609369
4190.0, 0.1360012
4200.0, 0.13590889
4210.0, 0.13581675
4220.0, 0.1357248
4230.0, 0.13563302
4240.0, 0.13554144
4250.0, 0.13545002
4260.0, 0.13535878
4270.0, 0.13526773
4280.0, 0.13517685
4290.0, 0.13508615
4300.0, 0.13499562
4310.0, 0.13490528
4320.0, 0.13481511
4330.0, 0.13472511
4340.0, 0.1346353
4350.0, 0.13454565
4360.0, 0.13445619
4370.0, 0.1343669
4380.0, 0.13427779
4390.0, 0.13418883
4400.0, 0.13410008
4410.0, 0.13401148
4420.0, 0.13392305
4430.0, 0.13383481
4440.0, 0.13374673
4450.0, 0.13365883
4460.0, 0.13357109
4470.0, 0.13348353
4480.0, 0.13339613
4490.0, 0.13330892
4500.0, 0.13322186
4510.0, 0.13313499
4520.0, 0.13304828
4530.0, 0.13296175
4540.0, 0.13287538
4550.0, 0.13278918
4560.0, 0.13270316
4570.0, 0.13261728
4580.0, 0.1325316
4590.0, 0.13244607
4600.0, 0.13236071
4610.0, 0.1322755
4620.0, 0.13219048
4630.0, 0.13210563
4640.0, 0.13202094
4650.0, 0.1319364
4660.0, 0.13185205
4670.0, 0.13176784
4680.0, 0.13168381
4690.0, 0.13159995
4700.0, 0.13151625
4710.0, 0.1314327
4720.0, 0.13134933
4730.0, 0.1312661
4740.0, 0.13118306
4750.0, 0.13110018
4760.0, 0.13101745
4770.0, 0.13093488
4780.0, 0.13085248
4790.0, 0.13077024
4800.0, 0.13068816
4810.0, 0.13060623
4820.0, 0.13052449
4830.0, 0.13044289
4840.0, 0.13036144
4850.0, 0.13028017
4860.0, 0.13019904
4870.0, 0.13011809
4880.0, 0.13003728
4890.0, 0.12995663
4900.0, 0.12987615
4910.0, 0.12979582
4920.0, 0.12971565
4930.0, 0.12963563
4940.0, 0.12955578
4950.0, 0.12947607
4960.0, 0.12939653
4970.0, 0.12931713
4980.0, 0.1292379
4990.0, 0.12915882
5000.0, 0.1290799
5010.0, 0.12900113
5020.0, 0.1289225
5030.0, 0.12884405
5040.0, 0.12876575
5050.0, 0.12868759
5060.0, 0.12860958
5070.0, 0.12853174
5080.0, 0.12845404
5090.0, 0.1283765
5100.0, 0.1282991
5110.0, 0.12822187
5120.0, 0.12814477
5130.0, 0.12806784
5140.0, 0.12799105
5150.0, 0.12791441
5160.0, 0.12783793
5170.0, 0.1277616
5180.0, 0.12768541
5190.0, 0.12760937
5200.0, 0.12753348
5210.0, 0.12745775
5220.0, 0.12738216
5230.0, 0.12730671
5240.0, 0.12723142
5250.0, 0.12715627
5260.0, 0.12708126
5270.0, 0.12700641
5280.0, 0.12693171
5290.0, 0.12685715
5300.0, 0.12678273
5310.0, 0.12670846
5320.0, 0.12663434
5330.0, 0.12656036
5340.0, 0.12648654
5350.0, 0.12641285
5360.0, 0.1263393
5370.0, 0.12626591
5380.0, 0.12619266
5390.0, 0.12611954
5400.0, 0.12604658
5410.0, 0.12597375
5420.0, 0.12590107
5430.0, 0.12582853
5440.0, 0.12575613
5450.0, 0.12568387
5460.0, 0.12561177
5470.0, 0.1255398
5480.0, 0.12546796
5490.0, 0.12539627
5500.0, 0.12532473
5510.0, 0.12525332
5520.0, 0.12518205
5530.0, 0.12511092
5540.0, 0.12503994
5550.0, 0.12496907
5560.0, 0.12489836
5570.0, 0.12482779
5580.0, 0.12475736
5590.0, 0.12468706
5600.0, 0.124616906
5610.0, 0.124546885
5620.0, 0.12447701
5630.0, 0.124407254
5640.0, 0.12433765
5650.0, 0.12426818
5660.0, 0.12419884
5670.0, 0.124129646
5680.0, 0.12406057
5690.0, 0.12399165
5700.0, 0.123922855
5710.0, 0.12385419
5720.0, 0.123785675
5730.0, 0.123717286
5740.0, 0.12364903
5750.0, 0.1235809
5760.0, 0.123512916
5770.0, 0.123445064
5780.0, 0.123377346
5790.0, 0.123309754
5800.0, 0.123242304
5810.0, 0.12317498
5820.0, 0.12310778
5830.0, 0.12304073
5840.0, 0.12297381
5850.0, 0.122907005
5860.0, 0.122840345
5870.0, 0.12277381
5880.0, 0.12270741
5890.0, 0.12264114
5900.0, 0.12257499
5910.0, 0.12250898
5920.0, 0.122443095
5930.0, 0.12237734
5940.0, 0.12231172
5950.0, 0.12224622
5960.0, 0.12218086
5970.0, 0.12211562
5980.0, 0.12205052
5990.0, 0.121985525
6000.0, 0.121920675
6010.0, 0.121855944
6020.0, 0.12179134
6030.0, 0.12172687
6040.0, 0.12166252
6050.0, 0.1215983
6060.0, 0.121534206
6070.0, 0.121470235
6080.0, 0.1214064
6090.0, 0.12134268
6100.0, 0.12127909
6110.0, 0.12121562
6120.0, 0.121152274
6130.0, 0.121089056
6140.0, 0.121025965
6150.0, 0.12096299
6160.0, 0.12090015
6170.0, 0.12083743
6180.0, 0.12077483
6190.0, 0.120712355
6200.0, 0.12065
6210.0, 0.120587766
6220.0, 0.12052566
6230.0, 0.12046367
6240.0, 0.1204018
6250.0, 0.12034006
6260.0, 0.12027844
6270.0, 0.120216936
6280.0, 0.12015556
6290.0, 0.12009429
6300.0, 0.12003316
6310.0, 0.11997214
6320.0, 0.11991124
6330.0, 0.11985046
6340.0, 0.1197898
6350.0, 0.11972926
6360.0, 0.119668834
6370.0, 0.11960854
6380.0, 0.11954835
6390.0, 0.119488284
6400.0, 0.11942834
6410.0, 0.1193685
6420.0, 0.11930879
6430.0, 0.1192492
6440.0, 0.11918972
6450.0, 0.11913036
6460.0, 0.11907112
6470.0, 0.11901199
6480.0, 0.118952975
6490.0, 0.11889407
6500.0, 0.11883529
6510.0, 0.118776634
6520.0, 0.11871808
6530.0, 0.11865965
6540.0, 0.11860133
6550.0, 0.118543126
6560.0, 0.11848503
6570.0, 0.11842706
6580.0, 0.1183692
6590.0, 0.11831146
6600.0, 0.11825382
6610.0, 0.11819629
6620.0, 0.118138894
6630.0, 0.1180816
6640.0, 0.118024416
6650.0, 0.117967345
6660.0, 0.117910385
6670.0, 0.117853545
6680.0, 0.117796816
6690.0, 0.11774019
6700.0, 0.11768368
6710.0, 0.11762728
6720.0, 0.11757099
6730.0, 0.11751481
6740.0, 0.11745874
6750.0, 0.11740279
6760.0, 0.11734694
6770.0, 0.117291205
6780.0, 0.11723558
6790.0, 0.117180064
6800.0, 0.11712465
6810.0, 0.11706935
6820.0, 0.11701416
6830.0, 0.11695908
6840.0, 0.1169041
6850.0, 0.11684924
6860.0, 0.11679448
6870.0, 0.11673983
6880.0, 0.116685286
6890.0, 0.11663086
6900.0, 0.11657653
6910.0, 0.116522305
6920.0, 0.11646819
6930.0, 0.11641419
6940.0, 0.11636029
6950.0, 0.11630649
6960.0, 0.1162528
6970.0, 0.11619922
6980.0, 0.116145745
6990.0, 0.11609237
7000.0, 0.116039105
7010.0, 0.11598594
7020.0, 0.115932874
7030.0, 0.11587993
7040.0, 0.11582708
7050.0, 0.11577433
7060.0, 0.11572169
7070.0, 0.11566915
7080.0, 0.11561672
7090.0, 0.11556438
7100.0, 0.115512155
7110.0, 0.11546003
7120.0, 0.11540801
7130.0, 0.11535609
7140.0, 0.11530428
7150.0, 0.11525256
7160.0, 0.115200944
7170.0, 0.11514943
7180.0, 0.11509802
7190.0, 0.11504672
7200.0, 0.1149955
7210.0, 0.1149444
7220.0, 0.11489339
7230.0, 0.114842474
7240.0, 0.11479168
7250.0, 0.11474097
7260.0, 0.114690356
7270.0, 0.11463985
7280.0, 0.114589445
7290.0, 0.11453914
7300.0, 0.11448893
7310.0, 0.11443882
7320.0, 0.11438881
7330.0, 0.1143389
7340.0, 0.114289075
7350.0, 0.114239365
7360.0, 0.114189744
7370.0, 0.11414023
7380.0, 0.11409081
7390.0, 0.11404148
7400.0, 0.11399225
7410.0, 0.113943115
7420.0, 0.11389408
7430.0, 0.11384515
7440.0, 0.1137963
7450.0, 0.11374756
7460.0, 0.11369891
7470.0, 0.11365036
7480.0, 0.1136019
7490.0, 0.11355354
7500.0, 0.11350527
7510.0, 0.1134571
7520.0, 0.11340902
7530.0, 0.11336104
7540.0, 0.11331315
7550.0, 0.11326536
7560.0, 0.11321766
7570.0, 0.11317006
7580.0, 0.11312254
7590.0, 0.11307513
7600.0, 0.1130278
7610.0, 0.112980574
7620.0, 0.11293343
7630.0, 0.11288639
7640.0, 0.11283944
7650.0, 0.112792574
7660.0, 0.11274581
7670.0, 0.112699136
7680.0, 0.112652555
7690.0, 0.11260606
7700.0, 0.11255966
7710.0, 0.112513356
7720.0, 0.11246714
7730.0, 0.11242101
7740.0, 0.11237498
7750.0, 0.112329036
7760.0, 0.112283185
7770.0, 0.112237416
7780.0, 0.112191744
7790.0, 0.11214617
7800.0, 0.11210067
7810.0, 0.11205527
7820.0, 0.11200996
7830.0, 0.11196474
7840.0, 0.1119196
7850.0, 0.11187455
7860.0, 0.1118296
7870.0, 0.11178473
7880.0, 0.11173995
7890.0, 0.11169525
7900.0, 0.11165065
7910.0, 0.111606136
7920.0, 0.11156171
7930.0, 0.11151737
7940.0, 0.11147311
7950.0, 0.11142895
7960.0, 0.111384876
7970.0, 0.11134089
7980.0, 0.11129698
7990.0, 0.111253165
8000.0, 0.11120944
8010.0, 0.11116579
8020.0, 0.11112223
8030.0, 0.11107876
8040.0, 0.11103537
8050.0, 0.11099207
8060.0, 0.110948846
8070.0, 0.11090572
8080.0, 0.11086268
8090.0, 0.11081972
8100.0, 0.11077684
8110.0, 0.110734046
8120.0, 0.110691346
8130.0, 0.11064872
8140.0, 0.110606186
8150.0, 0.110563725
8160.0, 0.11052136
8170.0, 0.110479064
8180.0, 0.110436864
8190.0, 0.110394746
8200.0, 0.11035271
8210.0, 0.110310756
8220.0, 0.110268876
8230.0, 0.11022709
8240.0, 0.110185385
8250.0, 0.110143766
8260.0, 0.11010222
8270.0, 0.11006076
8280.0, 0.11001938
8290.0, 0.10997809
8300.0, 0.10993687
8310.0, 0.109895736
8320.0, 0.10985468
8330.0, 0.10981372
8340.0, 0.109772824
8350.0, 0.10973202
8360.0, 0.109691285
8370.0, 0.10965064
8380.0, 0.10961007
8390.0, 0.10956958
8400.0, 0.109529175
8410.0, 0.109488845
8420.0, 0.1094486
8430.0, 0.10940842
8440.0, 0.10936833
8450.0, 0.10932832
8460.0, 0.109288394
8470.0, 0.109248534
8480.0, 0.10920876
8490.0, 0.109169066
8500.0, 0.109129444
8510.0, 0.10908991
8520.0, 0.109050445
8530.0, 0.10901107
8540.0, 0.10897176
8550.0, 0.10893253
8560.0, 0.10889338
8570.0, 0.10885431
8580.0, 0.10881532
8590.0, 0.10877639
8600.0, 0.10873756
8610.0, 0.108698785
8620.0, 0.108660094
8630.0, 0.108621486
8640.0, 0.10858294
8650.0, 0.10854449
8660.0, 0.10850611
8670.0, 0.1084678
8680.0, 0.108429566
8690.0, 0.10839141
8700.0, 0.10835333
8710.0, 0.108315326
8720.0, 0.10827739
8730.0, 0.10823953
8740.0, 0.10820175
8750.0, 0.10816404
8760.0, 0.10812642
8770.0, 0.10808885
8780.0, 0.108051375
8790.0, 0.108013965
8800.0, 0.10797663
8810.0, 0.10793936
8820.0, 0.10790218
8830.0, 0.10786506
8840.0, 0.10782801
8850.0, 0.10779105
8860.0, 0.107754156
8870.0, 0.107717335
8880.0, 0.10768058
8890.0, 0.10764391
8900.0, 0.107607305
8910.0, 0.10757077
8920.0, 0.10753431
8930.0, 0.10749792
8940.0, 0.1074616
8950.0, 0.10742536
8960.0, 0.10738919
8970.0, 0.107353084
8980.0, 0.10731706
8990.0, 0.1072811
9000.0, 0.107245214
9010.0, 0.10720939
9020.0, 0.107173644
9030.0, 0.10713797
9040.0, 0.10710237
9050.0, 0.10706683
9060.0, 0.107031375
9070.0, 0.10699598
9080.0, 0.106960654
9090.0, 0.1069254
9100.0, 0.10689021
9110.0, 0.106855094
9120.0, 0.106820054
9130.0, 0.106785074
9140.0, 0.10675017
9150.0, 0.10671533
9160.0, 0.10668056
9170.0, 0.10664586
9180.0, 0.10661124
9190.0, 0.10657667
9200.0, 0.10654217
9210.0, 0.10650775
9220.0, 0.106473394
9230.0, 0.1064391
9240.0, 0.10640487
9250.0, 0.10637072
9260.0, 0.10633663
9270.0, 0.106302604
9280.0, 0.10626866
9290.0, 0.10623477
9300.0, 0.10620095
9310.0, 0.106167205
9320.0, 0.10613351
9330.0, 0.106099896
9340.0, 0.106066346
9350.0, 0.106032856
9360.0, 0.10599944
9370.0, 0.10596608
9380.0, 0.1059328
9390.0, 0.10589958
9400.0, 0.10586642
9410.0, 0.10583333
9420.0, 0.10580031
9430.0, 0.10576735
9440.0, 0.105734445
9450.0, 0.105701625
9460.0, 0.10566886
9470.0, 0.105636165
9480.0, 0.10560352
9490.0, 0.10557096
9500.0, 0.10553845
9510.0, 0.10550601
9520.0, 0.10547363
9530.0, 0.10544132
9540.0, 0.10540906
9550.0, 0.105376884
9560.0, 0.10534476
9570.0, 0.105312705
9580.0, 0.105280705
9590.0, 0.10524877
9600.0, 0.105216905
9610.0, 0.1051851
9620.0, 0.10515336
9630.0, 0.10512168
9640.0, 0.10509006
9650.0, 0.105058506
9660.0, 0.10502701
9670.0, 0.104995586
9680.0, 0.10496422
9690.0, 0.10493291
9700.0, 0.104901664
9710.0, 0.10487049
9720.0, 0.10483937
9730.0, 0.10480831
9740.0, 0.104777314
9750.0, 0.10474638
9760.0, 0.104715504
9770.0, 0.10468469
9780.0, 0.10465394
9790.0, 0.10462324
9800.0, 0.104592614
9810.0, 0.104562044
9820.0, 0.104531534
9830.0, 0.10450109
9840.0, 0.1044707
9850.0, 0.10444037
9860.0, 0.1044101
9870.0, 0.10437989
9880.0, 0.10434974
9890.0, 0.104319654
9900.0, 0.10428963
9910.0, 0.104259655
9920.0, 0.10422974
9930.0, 0.104199894
9940.0, 0.1041701
9950.0, 0.10414037
9960.0, 0.10411069
9970.0, 0.10408107
9980.0, 0.104051515
9990.0, 0.10402202
10000.0, 0.103992574
10010.0, 0.1039632
10020.0, 0.10393387
10030.0, 0.103904605
10040.0, 0.1038754
10050.0, 0.103846245
10060.0, 0.10381716
10070.0, 0.10378812
10080.0, 0.10375914
10090.0, 0.103730224
10100.0, 0.10370136
10110.0, 0.10367256
10120.0, 0.103643805
10130.0, 0.10361511
10140.0, 0.10358648
10150.0, 0.1035579
10160.0, 0.10352938
10170.0, 0.10350092
10180.0, 0.10347251
10190.0, 0.10344415
10200.0, 0.103415854
10210.0, 0.103387624
10220.0, 0.10335944
10230.0, 0.10333131
10240.0, 0.10330323
10250.0, 0.10327522
10260.0, 0.103247255
10270.0, 0.10321935
10280.0, 0.103191495
10290.0, 0.103163704
10300.0, 0.103135966
10310.0, 0.10310828
10320.0, 0.103080645
10330.0, 0.10305307
10340.0, 0.10302555
10350.0, 0.102998085
10360.0, 0.102970675
10370.0, 0.102943316
10380.0, 0.102916
10390.0, 0.102888756
10400.0, 0.10286156
10410.0, 0.10283442
10420.0, 0.10280733
10430.0, 0.1027803
10440.0, 0.10275331
10450.0, 0.102726385
10460.0, 0.10269951
10470.0, 0.10267269
10480.0, 0.10264592
10490.0, 0.1026192
10500.0, 0.10259254
10510.0, 0.10256594
10520.0, 0.10253938
10530.0, 0.10251287
10540.0, 0.102486424
10550.0, 0.10246003
10560.0, 0.10243368
10570.0, 0.10240738
10580.0, 0.10238114
10590.0, 0.10235495
10600.0, 0.102328815
10610.0, 0.10230273
10620.0, 0.1022767
10630.0, 0.10225071
10640.0, 0.102224775
10650.0, 0.1021989
10660.0, 0.10217307
10670.0, 0.102147296
10680.0, 0.10212156
10690.0, 0.10209589
10700.0, 0.10207026
10710.0, 0.10204469
10720.0, 0.10201916
10730.0, 0.101993695
10740.0, 0.10196827
10750.0, 0.101942904
10760.0, 0.10191758
10770.0, 0.1018923
10780.0, 0.10186708
10790.0, 0.10184191
10800.0, 0.10181679
10810.0, 0.101791725
10820.0, 0.1017667
10830.0, 0.10174172
10840.0, 0.1017168
10850.0, 0.10169193
10860.0, 0.101667106
10870.0, 0.101642326
10880.0, 0.1016176
10890.0, 0.10159293
10900.0, 0.1015683
10910.0, 0.10154372
10920.0, 0.10151919
10930.0, 0.1014947
10940.0, 0.10147027
10950.0, 0.10144589
10960.0, 0.10142156
10970.0, 0.10139726
10980.0, 0.101373024
10990.0, 0.10134883
11000.0, 0.101324685
11010.0, 0.10130059
11020.0, 0.10127655
11030.0, 0.10125254
11040.0, 0.101228595
11050.0, 0.101204686
11060.0, 0.10118082
11070.0, 0.10115701
11080.0, 0.10113325
11090.0, 0.101109535
11100.0, 0.10108586
11110.0, 0.10106224
11120.0, 0.101038665
11130.0, 0.101015136
11140.0, 0.10099165
11150.0, 0.10096822
11160.0, 0.100944825
11170.0, 0.10092148
11180.0, 0.100898184
11190.0, 0.10087494
11200.0, 0.10085173
11210.0, 0.10082858
11220.0, 0.10080546
11230.0, 0.100782394
11240.0, 0.10075937
11250.0, 0.1007364
11260.0, 0.10071348
11270.0, 0.10069059
11280.0, 0.10066775
11290.0, 0.10064495
11300.0, 0.10062221
11310.0, 0.100599505
11320.0, 0.10057685
11330.0, 0.100554235
11340.0, 0.10053166
11350.0, 0.10050914
11360.0, 0.100486666
11370.0, 0.10046423
11380.0, 0.100441836
11390.0, 0.10041949
11400.0, 0.10039719
11410.0, 0.10037494
11420.0, 0.10035273
11430.0, 0.10033056
11440.0, 0.10030843
11450.0, 0.10028635
11460.0, 0.10026431
11470.0, 0.10024232
11480.0, 0.10022037
11490.0, 0.10019846
11500.0, 0.1001766
11510.0, 0.10015478
11520.0, 0.10013301
11530.0, 0.100111276
11540.0, 0.10008959
11550.0, 0.10006794
11560.0, 0.10004634
11570.0, 0.100024775
11580.0, 0.10000326
11590.0, 0.099981785
11600.0, 0.09996035
11610.0, 0.09993896
11620.0, 0.09991761
11630.0, 0.099896304
11640.0, 0.09987504
11650.0, 0.09985382
11660.0, 0.09983265
11670.0, 0.09981151
11680.0, 0.09979041
11690.0, 0.09976936
11700.0, 0.09974835
11710.0, 0.09972738
11720.0, 0.099706456
11730.0, 0.099685565
11740.0, 0.09966472
11750.0, 0.09964392
11760.0, 0.09962315
11770.0, 0.09960244
11780.0, 0.099581756
11790.0, 0.099561125
11800.0, 0.09954052
11810.0, 0.09951996
11820.0, 0.09949944
11830.0, 0.09947897
11840.0, 0.09945854
11850.0, 0.099438146
11860.0, 0.09941779
11870.0, 0.09939747
11880.0, 0.0993772
11890.0, 0.09935697
11900.0, 0.09933677
11910.0, 0.09931663
11920.0, 0.09929652
11930.0, 0.099276446
11940.0, 0.09925641
11950.0, 0.099236414
11960.0, 0.09921646
11970.0, 0.09919655
11980.0, 0.099176675
11990.0, 0.09915684
12000.0, 0.099137045
12010.0, 0.099117294
12020.0, 0.09909757
12030.0, 0.099077895
12040.0, 0.099058256
12050.0, 0.09903865
12060.0, 0.0990191
12070.0, 0.098999575
12080.0, 0.09898009
12090.0, 0.09896065
12100.0, 0.09894124
12110.0, 0.09892187
12120.0, 0.098902546
12130.0, 0.09888326
12140.0, 0.098864004
12150.0, 0.09884479
12160.0, 0.09882561
12170.0, 0.09880648
12180.0, 0.09878738
12190.0, 0.098768316
12200.0, 0.098749295
12210.0, 0.0987303
12220.0, 0.09871136
12230.0, 0.09869245
12240.0, 0.09867357
12250.0, 0.09865474
12260.0, 0.098635934
12270.0, 0.09861718
12280.0, 0.09859845
12290.0, 0.09857977
12300.0, 0.098561116
12310.0, 0.098542504
12320.0, 0.09852394
12330.0, 0.09850539
12340.0, 0.098486885
12350.0, 0.09846842
12360.0, 0.09845
12370.0, 0.0984316
12380.0, 0.09841325
12390.0, 0.09839493
12400.0, 0.09837665
12410.0, 0.0983584
12420.0, 0.09834019
12430.0, 0.09832202
12440.0, 0.098303884
12450.0, 0.09828578
12460.0, 0.09826772
12470.0, 0.09824969
12480.0, 0.098231696
12490.0, 0.09821373
12500.0, 0.09819581
12510.0, 0.098177925
12520.0, 0.09816007
12530.0, 0.09814226
12540.0, 0.098124474
12550.0, 0.09810673
12560.0, 0.098089024
12570.0, 0.098071344
12580.0, 0.0980537
12590.0, 0.0980361
12600.0, 0.098018534
12610.0, 0.098001
12620.0, 0.097983494
12630.0, 0.09796603
12640.0, 0.0979486
12650.0, 0.097931206
12660.0, 0.09791385
12670.0, 0.097896524
12680.0, 0.09787922
12690.0, 0.097861975
12700.0, 0.09784475
12710.0, 0.09782756
12720.0, 0.0978104
12730.0, 0.09779328
12740.0, 0.09777619
12750.0, 0.09775914
12760.0, 0.09774212
12770.0, 0.09772513
12780.0, 0.09770819
12790.0, 0.09769127
12800.0, 0.09767438
12810.0, 0.09765753
12820.0, 0.09764071
12830.0, 0.09762393
12840.0, 0.09760718
12850.0, 0.09759046
12860.0, 0.09757378
12870.0, 0.09755713
12880.0, 0.097540505
12890.0, 0.09752392
12900.0, 0.09750737
12910.0, 0.09749085
12920.0, 0.09747437
12930.0, 0.09745791
12940.0, 0.09744149
12950.0, 0.0974251
12960.0, 0.09740875
12970.0, 0.097392425
12980.0, 0.09737613
12990.0, 0.09735987
13000.0, 0.09734365
13010.0, 0.097327456
13020.0, 0.097311296
13030.0, 0.097295165
13040.0, 0.097279064
13050.0, 0.09726301
13060.0, 0.097246975
13070.0, 0.09723097
13080.0, 0.097215004
13090.0, 0.09719905
13100.0, 0.09718315
13110.0, 0.09716728
13120.0, 0.09715143
13130.0, 0.097135626
13140.0, 0.09711984
13150.0, 0.09710409
13160.0, 0.097088374
13170.0, 0.09707268
13180.0, 0.09705703
13190.0, 0.09704141
13200.0, 0.09702581
13210.0, 0.097010255
13220.0, 0.09699473
13230.0, 0.09697922
13240.0, 0.096963756
13250.0, 0.09694832
13260.0, 0.09693291
13270.0, 0.09691753
13280.0, 0.096902184
13290.0, 0.096886866
13300.0, 0.096871585
13310.0, 0.096856326
13320.0, 0.096841104
13330.0, 0.09682591
13340.0, 0.09681074
13350.0, 0.0967956
13360.0, 0.0967805
13370.0, 0.09676543
13380.0, 0.096750386
13390.0, 0.09673537
13400.0, 0.09672039
13410.0, 0.09670543
13420.0, 0.096690506
13430.0, 0.09667561
13440.0, 0.09666074
13450.0, 0.09664591
13460.0, 0.0966311
13470.0, 0.09661632
13480.0, 0.096601576
13490.0, 0.09658686
13500.0, 0.09657217
13510.0, 0.09655751
13520.0, 0.09654288
13530.0, 0.09652828
13540.0, 0.096513696
13550.0, 0.09649916
13560.0, 0.09648464
13570.0, 0.09647016
13580.0, 0.0964557
13590.0, 0.09644128
13600.0, 0.096426874
13610.0, 0.0964125
13620.0, 0.09639816
13630.0, 0.09638385
13640.0, 0.096369565
13650.0, 0.0963553
13660.0, 0.09634107
13670.0, 0.09632687
13680.0, 0.0963127
13690.0, 0.09629855
13700.0, 0.096284434
13710.0, 0.09627035
13720.0, 0.096256286
13730.0, 0.09624226
13740.0, 0.09622826
13750.0, 0.09621428
13760.0, 0.09620033
13770.0, 0.096186414
13780.0, 0.09617251
13790.0, 0.096158646
13800.0, 0.09614481
13810.0, 0.096131004
13820.0, 0.09611722
13830.0, 0.09610347
13840.0, 0.096089736
13850.0, 0.096076034
13860.0, 0.096062355
13870.0, 0.09604871
13880.0, 0.0960351
13890.0, 0.0960215
13900.0, 0.096007936
13910.0, 0.095994405
13920.0, 0.09598088
13930.0, 0.095967405
13940.0, 0.09595395
13950.0, 0.095940515
13960.0, 0.09592711
13970.0, 0.09591373
13980.0, 0.09590039
13990.0, 0.09588706
14000.0, 0.09587376
14010.0, 0.095860496
14020.0, 0.09584724
14030.0, 0.095834024
14040.0, 0.09582084
14050.0, 0.095807664
14060.0, 0.09579453
14070.0, 0.09578142
14080.0, 0.09576833
14090.0, 0.09575527
14100.0, 0.09574223
14110.0, 0.095729224
14120.0, 0.09571624
14130.0, 0.09570328
14140.0, 0.09569035
14150.0, 0.09567744
14160.0, 0.09566456
14170.0, 0.09565171
14180.0, 0.09563888
14190.0, 0.09562608
14200.0, 0.0956133
14210.0, 0.095600545
14220.0, 0.09558781
14230.0, 0.09557512
14240.0, 0.09556243
14250.0, 0.095549785
14260.0, 0.095537156
14270.0, 0.09552456
14280.0, 0.09551198
14290.0, 0.095499426
14300.0, 0.0954869
14310.0, 0.0954744
14320.0, 0.09546192
14330.0, 0.09544947
14340.0, 0.09543704
14350.0, 0.095424645
14360.0, 0.09541226
14370.0, 0.09539991
14380.0, 0.09538758
14390.0, 0.09537528
14400.0, 0.095363
14410.0, 0.09535074
14420.0, 0.09533851
14430.0, 0.095326304
14440.0, 0.09531412
14450.0, 0.09530196
14460.0, 0.095289834
14470.0, 0.09527772
14480.0, 0.095265634
14490.0, 0.09525357
14500.0, 0.09524154
14510.0, 0.09522952
14520.0, 0.09521753
14530.0, 0.09520557
14540.0, 0.095193624
14550.0, 0.0951817
14560.0, 0.09516982
14570.0, 0.09515794
14580.0, 0.0951461
14590.0, 0.09513427
14600.0, 0.09512247
14610.0, 0.0951107
14620.0, 0.09509895
14630.0, 0.095087215
14640.0, 0.0950755
14650.0, 0.09506383
14660.0, 0.09505217
14670.0, 0.09504053
14680.0, 0.095028915
14690.0, 0.09501733
14700.0, 0.09500575
14710.0, 0.09499422
14720.0, 0.09498269
14730.0, 0.094971195
14740.0, 0.09495972
14750.0, 0.09494826
14760.0, 0.09493684
14770.0, 0.09492543
14780.0, 0.09491405
14790.0, 0.09490269
14800.0, 0.09489134
14810.0, 0.09488003
14820.0, 0.094868734
14830.0, 0.09485746
14840.0, 0.09484622
14850.0, 0.09483498
14860.0, 0.09482378
14870.0, 0.0948126
14880.0, 0.09480144
14890.0, 0.0947903
14900.0, 0.09477919
14910.0, 0.09476809
14920.0, 0.09475702
14930.0, 0.09474597
14940.0, 0.094734944
14950.0, 0.09472394
14960.0, 0.094712965
14970.0, 0.094702
14980.0, 0.09469106
14990.0, 0.09468014
15000.0, 0.09466924
15010.0, 0.09465837
15020.0, 0.09464752
15030.0, 0.094636686
15040.0, 0.094625875
15050.0, 0.09461509
15060.0, 0.09460433
15070.0, 0.09459358
15080.0, 0.094582856
15090.0, 0.09457215
15100.0, 0.094561465
15110.0, 0.09455081
15120.0, 0.09454017
15130.0, 0.094529554
15140.0, 0.09451895
15150.0, 0.09450838
15160.0, 0.09449782
15170.0, 0.094487295
15180.0, 0.09447678
15190.0, 0.09446629
15200.0, 0.09445582
15210.0, 0.09444537
15220.0, 0.09443495
15230.0, 0.09442453
15240.0, 0.094414145
15250.0, 0.09440378
15260.0, 0.09439343
15270.0, 0.09438311
15280.0, 0.09437281
15290.0, 0.09436253
15300.0, 0.09435226
15310.0, 0.09434201
15320.0, 0.094331786
15330.0, 0.094321586
15340.0, 0.0943114
15350.0, 0.094301246
15360.0, 0.094291106
15370.0, 0.09428098
15380.0, 0.094270885
15390.0, 0.0942608
15400.0, 0.09425073
15410.0, 0.094240695
15420.0, 0.094230674
15430.0, 0.09422067
15440.0, 0.09421069
15450.0, 0.09420074
15460.0, 0.094190784
15470.0, 0.094180875
15480.0, 0.094170965
15490.0, 0.09416108
15500.0, 0.09415122
15510.0, 0.09414138
15520.0, 0.09413155
15530.0, 0.094121754
15540.0, 0.094111964
15550.0, 0.094102204
15560.0, 0.09409245
15570.0, 0.09408273
15580.0, 0.09407303
15590.0, 0.09406334
15600.0, 0.09405366
15610.0, 0.09404402
15620.0, 0.09403439
15630.0, 0.09402478
15640.0, 0.09401519
15650.0, 0.094005615
15660.0, 0.09399606
15670.0, 0.09398653
15680.0, 0.09397701
15690.0, 0.09396752
15700.0, 0.09395804
15710.0, 0.09394858
15720.0, 0.09393914
15730.0, 0.093929715
15740.0, 0.09392032
15750.0, 0.09391093
15760.0, 0.093901575
15770.0, 0.093892224
15780.0, 0.0938829
15790.0, 0.09387359
15800.0, 0.0938643
15810.0, 0.09385503
15820.0, 0.09384578
15830.0, 0.09383654
15840.0, 0.09382732
15850.0, 0.09381812
15860.0, 0.09380895
15870.0, 0.093799785
15880.0, 0.09379064
15890.0, 0.093781516
15900.0, 0.09377241
15910.0, 0.09376332
15920.0, 0.093754254
15930.0, 0.0937452
15940.0, 0.093736164
15950.0, 0.09372715
15960.0, 0.09371815
15970.0, 0.09370917
15980.0, 0.0937002
15990.0, 0.09369126
16000.0, 0.09368234
16010.0, 0.09367343
16020.0, 0.093664534
16030.0, 0.09365566
16040.0, 0.0936468
16050.0, 0.093637966
16060.0, 0.09362915
16070.0, 0.093620345
16080.0, 0.09361156
16090.0, 0.09360279
16100.0, 0.09359404
16110.0, 0.093585305
16120.0, 0.093576595
16130.0, 0.093567885
16140.0, 0.093559206
16150.0, 0.09355054
16160.0, 0.093541905
16170.0, 0.09353327
16180.0, 0.09352466
16190.0, 0.09351606
16200.0, 0.09350749
16210.0, 0.09349892
16220.0, 0.09349038
16230.0, 0.09348185
16240.0, 0.093473345
16250.0, 0.09346485
16260.0, 0.09345637
16270.0, 0.093447916
16280.0, 0.093439475
16290.0, 0.09343104
16300.0, 0.09342264
16310.0, 0.09341425
16320.0, 0.09340587
16330.0, 0.09339751
16340.0, 0.093389176
16350.0, 0.093380846
16360.0, 0.09337254
16370.0, 0.093364246
16380.0, 0.093355976
16390.0, 0.09334771
16400.0, 0.09333947
16410.0, 0.09333124
16420.0, 0.09332303
16430.0, 0.093314834
16440.0, 0.09330666
16450.0, 0.0932985
16460.0, 0.09329035
16470.0, 0.09328223
16480.0, 0.09327412
16490.0, 0.09326602
16500.0, 0.09325794
16510.0, 0.09324988
16520.0, 0.09324183
16530.0, 0.0932338
16540.0, 0.093225785
16550.0, 0.09321778
16560.0, 0.093209796
16570.0, 0.09320183
16580.0, 0.09319388
16590.0, 0.09318594
16600.0, 0.09317803
16610.0, 0.093170114
16620.0, 0.09316223
16630.0, 0.093154356
16640.0, 0.093146496
16650.0, 0.093138665
16660.0, 0.093130834
16670.0, 0.093123026
16680.0, 0.093115225
16690.0, 0.09310745
16700.0, 0.09309968
16710.0, 0.093091935
16720.0, 0.0930842
16730.0, 0.09307648
16740.0, 0.093068786
16750.0, 0.0930611
16760.0, 0.09305342
16770.0, 0.09304577
16780.0, 0.09303813
16790.0, 0.093030505
16800.0, 0.09302289
16810.0, 0.0930153
16820.0, 0.09300771
16830.0, 0.09300015
16840.0, 0.092992604
16850.0, 0.09298507
16860.0, 0.092977546
16870.0, 0.09297004
16880.0, 0.09296255
16890.0, 0.092955075
16900.0, 0.09294762
16910.0, 0.092940174
16920.0, 0.092932746
16930.0, 0.092925325
16940.0, 0.09291793
16950.0, 0.092910536
16960.0, 0.09290317
16970.0, 0.09289581
16980.0, 0.09288847
16990.0, 0.09288114
17000.0, 0.09287383
17010.0, 0.092866525
17020.0, 0.092859246
17030.0, 0.09285198
17040.0, 0.09284472
17050.0, 0.09283748
17060.0, 0.092830256
17070.0, 0.09282304
17080.0, 0.092815846
17090.0, 0.09280866
17100.0, 0.09280149
17110.0, 0.09279434
17120.0, 0.092787206
17130.0, 0.092780076
17140.0, 0.09277296
17150.0, 0.09276587
17160.0, 0.09275878
17170.0, 0.09275172
17180.0, 0.092744656
17190.0, 0.092737615
17200.0, 0.0927306
17210.0, 0.09272358
17220.0, 0.09271658
17230.0, 0.09270959
17240.0, 0.09270262
17250.0, 0.09269566
17260.0, 0.092688724
17270.0, 0.09268179
17280.0, 0.09267488
17290.0, 0.092667975
17300.0, 0.09266109
17310.0, 0.09265421
17320.0, 0.09264736
17330.0, 0.092640504
17340.0, 0.09263367
17350.0, 0.092626855
17360.0, 0.09262005
17370.0, 0.09261326
17380.0, 0.09260648
17390.0, 0.09259972
17400.0, 0.09259296
17410.0, 0.09258623
17420.0, 0.0925795
17430.0, 0.092572786
17440.0, 0.09256609
17450.0, 0.0925594
17460.0, 0.09255273
17470.0, 0.09254607
17480.0, 0.09253943
17490.0, 0.09253279
17500.0, 0.092526175
17510.0, 0.09251957
17520.0, 0.09251298
17530.0, 0.0925064
17540.0, 0.09249984
17550.0, 0.09249328
17560.0, 0.09248674
17570.0, 0.09248021
17580.0, 0.0924737
17590.0, 0.092467204
17600.0, 0.092460714
17610.0, 0.09245424
17620.0, 0.09244778
17630.0, 0.09244133
17640.0, 0.09243489
17650.0, 0.09242847
17660.0, 0.09242206
17670.0, 0.09241565
17680.0, 0.092409275
17690.0, 0.092402905
17700.0, 0.09239654
17710.0, 0.092390195
17720.0, 0.09238386
17730.0, 0.092377536
17740.0, 0.09237123
17750.0, 0.09236493
17760.0, 0.09235865
17770.0, 0.092352375
17780.0, 0.092346124
17790.0, 0.09233987
17800.0, 0.09233364
17810.0, 0.092327416
17820.0, 0.09232121
17830.0, 0.09231502
17840.0, 0.092308834
17850.0, 0.09230266
17860.0, 0.092296496
17870.0, 0.09229035
17880.0, 0.09228421
17890.0, 0.09227809
17900.0, 0.09227198
17910.0, 0.09226588
17920.0, 0.092259794
17930.0, 0.09225372
17940.0, 0.09224766
17950.0, 0.09224161
17960.0, 0.09223557
17970.0, 0.09222954
17980.0, 0.092223525
17990.0, 0.092217535
18000.0, 0.09221154
18010.0, 0.09220556
18020.0, 0.092199594
18030.0, 0.09219364
18040.0, 0.092187695
18050.0, 0.092181765
18060.0, 0.09217585
18070.0, 0.09216994
18080.0, 0.09216404
18090.0, 0.09215816
18100.0, 0.0921523
18110.0, 0.09214643
18120.0, 0.092140585
18130.0, 0.092134744
18140.0, 0.09212892
18150.0, 0.09212311
18160.0, 0.09211731
18170.0, 0.09211151
18180.0, 0.09210574
18190.0, 0.09209997
18200.0, 0.09209422
18210.0, 0.092088476
18220.0, 0.09208274
18230.0, 0.09207702
18240.0, 0.09207131
18250.0, 0.09206561
18260.0, 0.092059925
18270.0, 0.09205425
18280.0, 0.092048585
18290.0, 0.09204293
18300.0, 0.09203729
18310.0, 0.09203166
18320.0, 0.09202604
18330.0, 0.09202043
18340.0, 0.092014834
18350.0, 0.09200925
18360.0, 0.09200367
18370.0, 0.09199811
18380.0, 0.09199256
18390.0, 0.091987014
18400.0, 0.091981485
18410.0, 0.091975965
18420.0, 0.09197045
18430.0, 0.09196496
18440.0, 0.09195947
18450.0, 0.09195399
18460.0, 0.09194854
18470.0, 0.09194308
18480.0, 0.09193763
18490.0, 0.09193221
18500.0, 0.09192678
18510.0, 0.091921374
18520.0, 0.09191598
18530.0, 0.091910586
18540.0, 0.09190521
18550.0, 0.091899835
18560.0, 0.091894485
18570.0, 0.091889136
18580.0, 0.0918838
18590.0, 0.09187848
18600.0, 0.09187316
18610.0, 0.091867864
18620.0, 0.09186257
18630.0, 0.091857284
18640.0, 0.09185202
18650.0, 0.09184675
18660.0, 0.091841504
18670.0, 0.09183626
18680.0, 0.091831036
18690.0, 0.09182581
18700.0, 0.091820605
18710.0, 0.091815405
18720.0, 0.09181022
18730.0, 0.09180504
18740.0, 0.09179987
18750.0, 0.091794714
18760.0, 0.091789566
18770.0, 0.091784425
18780.0, 0.0917793
18790.0, 0.09177419
18800.0, 0.091769084
18810.0, 0.09176398
18820.0, 0.0917589
18830.0, 0.091753826
18840.0, 0.09174877
18850.0, 0.0917437
18860.0, 0.09173866
18870.0, 0.09173363
18880.0, 0.0917286
18890.0, 0.09172358
18900.0, 0.091718584
18910.0, 0.091713585
18920.0, 0.0917086
18930.0, 0.09170362
18940.0, 0.09169866
18950.0, 0.09169371
18960.0, 0.09168876
18970.0, 0.09168383
18980.0, 0.091678895
18990.0, 0.09167398
19000.0, 0.091669075
19010.0, 0.09166418
19020.0, 0.09165929
19030.0, 0.09165442
19040.0, 0.091649555
19050.0, 0.09164469
19060.0, 0.09163985
19070.0, 0.09163501
19080.0, 0.091630176
19090.0, 0.09162536
19100.0, 0.09162056
19110.0, 0.09161575
19120.0, 0.09161096
19130.0, 0.09160618
19140.0, 0.09160142
19150.0, 0.09159665
19160.0, 0.091591895
19170.0, 0.091587156
19180.0, 0.09158242
19190.0, 0.091577694
19200.0, 0.091572985
19210.0, 0.09156828
19220.0, 0.09156358
19230.0, 0.091558896
19240.0, 0.09155422
19250.0, 0.09154955
19260.0, 0.0915449
19270.0, 0.09154025
19280.0, 0.09153561
19290.0, 0.09153098
19300.0, 0.09152636
19310.0, 0.09152175
19320.0, 0.09151714
19330.0, 0.09151255
19340.0, 0.091507964
19350.0, 0.09150339
19360.0, 0.09149883
19370.0, 0.09149427
19380.0, 0.09148972
19390.0, 0.09148518
19400.0, 0.09148065
19410.0, 0.091476135
19420.0, 0.09147162
19430.0, 0.09146712
19440.0, 0.09146263
19450.0, 0.09145814
19460.0, 0.091453664
19470.0, 0.0914492
19480.0, 0.091444746
19490.0, 0.0914403
19500.0, 0.09143586
19510.0, 0.091431424
19520.0, 0.091427
19530.0, 0.09142259
19540.0, 0.091418184
19550.0, 0.09141379
19560.0, 0.0914094
19570.0, 0.09140502
19580.0, 0.09140065
19590.0, 0.09139629
19600.0, 0.091391936
19610.0, 0.09138759
19620.0, 0.091383256
19630.0, 0.091378935
19640.0, 0.09137461
19650.0, 0.091370314
19660.0, 0.09136601
19670.0, 0.09136172
19680.0, 0.09135743
19690.0, 0.09135316
19700.0, 0.091348894
19710.0, 0.09134464
19720.0, 0.091340385
19730.0, 0.091336146
19740.0, 0.091331914
19750.0, 0.09132769
19760.0, 0.09132348
19770.0, 0.09131926
19780.0, 0.09131507
19790.0, 0.09131088
19800.0, 0.091306694
19810.0, 0.09130252
19820.0, 0.09129836
19830.0, 0.0912942
19840.0, 0.09129006
19850.0, 0.091285914
19860.0, 0.09128178
19870.0, 0.09127765
19880.0, 0.09127354
19890.0, 0.09126943
19900.0, 0.091265336
19910.0, 0.091261245
19920.0, 0.09125716
19930.0, 0.09125309
19940.0, 0.09124903
19950.0, 0.091244966
19960.0, 0.091240905
19970.0, 0.09123687
19980.0, 0.091232836
19990.0, 0.091228805
20000.0, 0.09122479
20010.0, 0.09122078
20020.0, 0.09121678
20030.0, 0.09121278
20040.0, 0.0912088
20050.0, 0.09120482
20060.0, 0.09120085
20070.0, 0.09119689
20080.0, 0.09119294
20090.0, 0.09118899
20100.0, 0.09118505
20110.0, 0.09118112
20120.0, 0.091177195
20130.0, 0.091173284
20140.0, 0.09116937
20150.0, 0.091165476
20160.0, 0.09116159
20170.0, 0.0911577
20180.0, 0.09115383
20190.0, 0.091149956
20200.0, 0.0911461
20210.0, 0.091142245
20220.0, 0.09113839
20230.0, 0.091134556
20240.0, 0.091130726
20250.0, 0.09112691
20260.0, 0.0911231
20270.0, 0.09111928
20280.0, 0.09111548
20290.0, 0.0911117
20300.0, 0.09110791
20310.0, 0.09110413
20320.0, 0.091100365
20330.0, 0.0910966
20340.0, 0.09109285
20350.0, 0.0910891
20360.0, 0.09108536
20370.0, 0.09108163
20380.0, 0.0910779
20390.0, 0.09107419
20400.0, 0.09107048
20410.0, 0.09106677
20420.0, 0.09106308
20430.0, 0.091059394
20440.0, 0.09105572
20450.0, 0.09105204
20460.0, 0.091048375
20470.0, 0.09104472
20480.0, 0.091041066
20490.0, 0.09103743
20500.0, 0.09103379
20510.0, 0.09103016
20520.0, 0.09102654
20530.0, 0.09102292
20540.0, 0.09101932
20550.0, 0.09101572
20560.0, 0.09101212
20570.0, 0.09100854
20580.0, 0.09100496
20590.0, 0.091001384
20600.0, 0.09099782
20610.0, 0.09099427
20620.0, 0.090990715
20630.0, 0.090987176
20640.0, 0.090983644
20650.0, 0.090980105
20660.0, 0.09097659
20670.0, 0.09097308
20680.0, 0.09096956
20690.0, 0.09096606
20700.0, 0.090962574
20710.0, 0.09095909
20720.0, 0.0909556
20730.0, 0.09095213
20740.0, 0.09094867
20750.0, 0.09094521
20760.0, 0.09094175
20770.0, 0.09093831
20780.0, 0.090934865
20790.0, 0.09093144
20800.0, 0.09092802
20810.0, 0.0909246
20820.0, 0.09092118
20830.0, 0.09091779
20840.0, 0.09091439
20850.0, 0.09091099
20860.0, 0.09090761
20870.0, 0.09090423
20880.0, 0.09090087
20890.0, 0.0908975
20900.0, 0.09089415
20910.0, 0.09089079
20920.0, 0.09088745
20930.0, 0.09088411
20940.0, 0.09088078
20950.0, 0.09087746
20960.0, 0.090874135
20970.0, 0.09087083
20980.0, 0.090867534
20990.0, 0.09086423
21000.0, 0.09086094
21010.0, 0.090857655
21020.0, 0.09085438
21030.0, 0.090851106
21040.0, 0.09084784
21050.0, 0.09084459
21060.0, 0.09084133
21070.0, 0.09083809
21080.0, 0.09083485
21090.0, 0.090831615
21100.0, 0.09082839
21110.0, 0.09082517
21120.0, 0.09082196
21130.0, 0.090818755
21140.0, 0.09081556
21150.0, 0.09081237
21160.0, 0.090809174
21170.0, 0.090806
21180.0, 0.09080282
21190.0, 0.09079965
21200.0, 0.09079649
21210.0, 0.09079334
21220.0, 0.09079019
21230.0, 0.090787046
21240.0, 0.09078391
21250.0, 0.09078078
21260.0, 0.09077765
21270.0, 0.090774536
21280.0, 0.09077143
21290.0, 0.090768315
21300.0, 0.09076522
21310.0, 0.09076212
21320.0, 0.09075904
21330.0, 0.09075596
21340.0, 0.090752885
21350.0, 0.090749815
21360.0, 0.09074675
21370.0, 0.0907437
21380.0, 0.09074064
21390.0, 0.09073761
21400.0, 0.09073457
21410.0, 0.09073153
21420.0, 0.09072851
21430.0, 0.09072549
21440.0, 0.09072247
21450.0, 0.09071947
21460.0, 0.090716474
21470.0, 0.09071347
21480.0, 0.09071048
21490.0, 0.090707496
21500.0, 0.09070452
21510.0, 0.09070155
21520.0, 0.090698585
21530.0, 0.09069562
21540.0, 0.09069267
21550.0, 0.090689726
21560.0, 0.090686776
21570.0, 0.09068384
21580.0, 0.09068091
21590.0, 0.090677984
21600.0, 0.09067507
21610.0, 0.09067216
21620.0, 0.09066925
21630.0, 0.090666346
21640.0, 0.09066345
21650.0, 0.09066056
21660.0, 0.090657674
21670.0, 0.0906548
21680.0, 0.09065192
21690.0, 0.09064906
21700.0, 0.0906462
21710.0, 0.09064334
21720.0, 0.09064049
21730.0, 0.09063765
21740.0, 0.090634815
21750.0, 0.09063198
21760.0, 0.09062915
21770.0, 0.09062633
21780.0, 0.09062352
21790.0, 0.09062071
21800.0, 0.0906179
21810.0, 0.09061511
21820.0, 0.090612315
21830.0, 0.09060952
21840.0, 0.09060674
21850.0, 0.09060396
21860.0, 0.09060119
21870.0, 0.09059843
21880.0, 0.09059567
21890.0, 0.09059291
21900.0, 0.090590164
21910.0, 0.090587415
21920.0, 0.09058468
21930.0, 0.090581946
21940.0, 0.09057923
21950.0, 0.0905765
21960.0, 0.09057379
21970.0, 0.090571076
21980.0, 0.09056837
21990.0, 0.09056567
22000.0, 0.09056297
22010.0, 0.09056028
22020.0, 0.0905576
22030.0, 0.09055492
22040.0, 0.09055225
22050.0, 0.09054958
22060.0, 0.09054692
22070.0, 0.09054425
22080.0, 0.09054161
22090.0, 0.09053896
22100.0, 0.09053632
22110.0, 0.09053369
22120.0, 0.09053106
22130.0, 0.09052843
22140.0, 0.090525806
22150.0, 0.09052319
22160.0, 0.09052058
22170.0, 0.09051798
22180.0, 0.09051538
22190.0, 0.09051278
22200.0, 0.0905102
22210.0, 0.09050761
22220.0, 0.090505034
22230.0, 0.09050246
22240.0, 0.09049989
22250.0, 0.09049733
22260.0, 0.090494774
22270.0, 0.09049222
22280.0, 0.09048967
22290.0, 0.09048713
22300.0, 0.09048459
22310.0, 0.090482056
22320.0, 0.09047953
22330.0, 0.090477005
22340.0, 0.09047449
22350.0, 0.090471976
22360.0, 0.090469465
22370.0, 0.09046697
22380.0, 0.090464465
22390.0, 0.09046198
22400.0, 0.09045949
22410.0, 0.090457
22420.0, 0.090454526
22430.0, 0.09045205
22440.0, 0.09044959
22450.0, 0.09044713
22460.0, 0.09044467
22470.0, 0.09044221
22480.0, 0.09043977
22490.0, 0.09043732
22500.0, 0.09043488
22510.0, 0.09043245
22520.0, 0.09043002
22530.0, 0.09042759
22540.0, 0.09042518
22550.0, 0.09042276
22560.0, 0.09042036
22570.0, 0.09041795
22580.0, 0.090415545
22590.0, 0.09041315
22600.0, 0.09041077
22610.0, 0.090408385
22620.0, 0.09040599
22630.0, 0.09040362
22640.0, 0.09040125
22650.0, 0.090398885
22660.0, 0.09039652
22670.0, 0.09039417
22680.0, 0.090391815
22690.0, 0.09038946
22700.0, 0.09038713
22710.0, 0.09038478
22720.0, 0.09038246
22730.0, 0.090380125
22740.0, 0.0903778
22750.0, 0.090375476
22760.0, 0.090373166
22770.0, 0.090370856
22780.0, 0.09036855
22790.0, 0.090366244
22800.0, 0.09036395
22810.0, 0.090361655
22820.0, 0.09035937
22830.0, 0.09035709
22840.0, 0.09035481
22850.0, 0.090352535
22860.0, 0.09035027
22870.0, 0.090348005
22880.0, 0.09034574
22890.0, 0.09034349
22900.0, 0.09034124
22910.0, 0.09033899
22920.0, 0.09033675
22930.0, 0.09033451
22940.0, 0.09033228
22950.0, 0.09033005
22960.0, 0.09032783
22970.0, 0.0903256
22980.0, 0.09032339
22990.0, 0.090321176
23000.0, 0.09031897
23010.0, 0.09031677
23020.0, 0.090314575
23030.0, 0.09031238
23040.0, 0.090310186
23050.0, 0.09030801
23060.0, 0.09030583
23070.0, 0.090303645
23080.0, 0.09030148
23090.0, 0.09029931
23100.0, 0.09029715
23110.0, 0.09029499
23120.0, 0.090292834
23130.0, 0.09029069
23140.0, 0.09028854
23150.0, 0.0902864
23160.0, 0.09028426
23170.0, 0.09028213
23180.0, 0.090280004
23190.0, 0.09027788
23200.0, 0.09027576
23210.0, 0.09027364
23220.0, 0.09027153
23230.0, 0.090269424
23240.0, 0.090267316
23250.0, 0.090265214
23260.0, 0.09026312
23270.0, 0.090261035
23280.0, 0.09025895
23290.0, 0.09025686
23300.0, 0.09025478
23310.0, 0.090252705
23320.0, 0.09025064
23330.0, 0.09024857
23340.0, 0.09024651
23350.0, 0.09024446
23360.0, 0.09024241
23370.0, 0.09024035
23380.0, 0.09023831
23390.0, 0.09023627
23400.0, 0.09023423
23410.0, 0.0902322
23420.0, 0.09023017
23430.0, 0.09022814
23440.0, 0.09022612
23450.0, 0.0902241
23460.0, 0.09022209
23470.0, 0.09022009
23480.0, 0.09021808
23490.0, 0.09021608
23500.0, 0.09021408
23510.0, 0.090212084
23520.0, 0.0902101
23530.0, 0.09020811
23540.0, 0.09020614
23550.0, 0.090204164
23560.0, 0.09020218
23570.0, 0.090200216
23580.0, 0.090198256
23590.0, 0.0901963
23600.0, 0.09019433
23610.0, 0.09019238
23620.0, 0.090190426
23630.0, 0.09018848
23640.0, 0.090186544
23650.0, 0.09018461
23660.0, 0.09018268
23670.0, 0.09018075
23680.0, 0.09017882
23690.0, 0.090176895
23700.0, 0.09017498
23710.0, 0.09017306
23720.0, 0.09017115
23730.0, 0.09016924
23740.0, 0.090167336
23750.0, 0.09016544
23760.0, 0.090163544
23770.0, 0.09016165
23780.0, 0.09015977
23790.0, 0.090157874
23800.0, 0.090156
23810.0, 0.09015413
23820.0, 0.09015225
23830.0, 0.090150386
23840.0, 0.090148516
23850.0, 0.09014665
23860.0, 0.0901448
23870.0, 0.09014294
23880.0, 0.09014109
23890.0, 0.09013924
23900.0, 0.0901374
23910.0, 0.09013556
23920.0, 0.09013373
23930.0, 0.090131894
23940.0, 0.09013006
23950.0, 0.09012824
23960.0, 0.09012642
23970.0, 0.0901246
23980.0, 0.09012278
23990.0, 0.09012098
24000.0, 0.09011917
24010.0, 0.090117365
24020.0, 0.09011556
24030.0, 0.090113774
24040.0, 0.09011197
24050.0, 0.09011018
24060.0, 0.0901084
24070.0, 0.09010662
24080.0, 0.09010484
24090.0, 0.09010307
24100.0, 0.090101294
24110.0, 0.09009953
24120.0, 0.09009776
24130.0, 0.09009601
24140.0, 0.09009425
24150.0, 0.090092495
24160.0, 0.090090744
24170.0, 0.090089
24180.0, 0.09008726
24190.0, 0.09008552
24200.0, 0.09008378
24210.0, 0.09008204
24220.0, 0.09008032
24230.0, 0.09007859
24240.0, 0.09007687
24250.0, 0.09007515
24260.0, 0.09007344
24270.0, 0.09007172
24280.0, 0.09007002
24290.0, 0.09006831
24300.0, 0.09006661
24310.0, 0.09006491
24320.0, 0.09006322
24330.0, 0.09006153
24340.0, 0.09005984
24350.0, 0.090058155
24360.0, 0.09005647
24370.0, 0.090054795
24380.0, 0.09005312
24390.0, 0.09005144
24400.0, 0.09004978
24410.0, 0.09004811
24420.0, 0.09004645
24430.0, 0.0900448
24440.0, 0.09004314
24450.0, 0.09004149
24460.0, 0.09003984
24470.0, 0.090038195
24480.0, 0.090036556
24490.0, 0.09003492
24500.0, 0.09003328
24510.0, 0.090031646
24520.0, 0.09003002
24530.0, 0.0900284
24540.0, 0.09002677
24550.0, 0.09002515
24560.0, 0.09002354
24570.0, 0.09002192
24580.0, 0.09002032
24590.0, 0.09001871
24600.0, 0.09001711
24610.0, 0.09001551
24620.0, 0.090013914
24630.0, 0.09001232
24640.0, 0.090010725
24650.0, 0.090009145
24660.0, 0.09000756
24670.0, 0.09000598
24680.0, 0.09000441
24690.0, 0.09000283
24700.0, 0.090001255
24710.0, 0.08999969
24720.0, 0.089998126
24730.0, 0.08999657
24740.0, 0.089995004
24750.0, 0.089993455
24760.0, 0.089991905
24770.0, 0.08999035
24780.0, 0.089988805
24790.0, 0.08998726
24800.0, 0.08998572
24810.0, 0.08998418
24820.0, 0.08998265
24830.0, 0.08998112
24840.0, 0.0899796
24850.0, 0.08997807
24860.0, 0.08997655
24870.0, 0.08997503
24880.0, 0.08997352
24890.0, 0.089972
24900.0, 0.08997049
24910.0, 0.08996898
24920.0, 0.089967474
24930.0, 0.089965984
24940.0, 0.08996449
24950.0, 0.08996299
24960.0, 0.0899615
24970.0, 0.08996001
24980.0, 0.08995852
24990.0, 0.08995704
25000.0, 0.08995556
25010.0, 0.089954086
25020.0, 0.08995261
25030.0, 0.08995114
25040.0, 0.089949675
25050.0, 0.08994821
25060.0, 0.08994675
25070.0, 0.089945294
25080.0, 0.089943826
25090.0, 0.08994238
25100.0, 0.08994093
25110.0, 0.08993948
25120.0, 0.08993804
25130.0, 0.0899366
25140.0, 0.08993516
25150.0, 0.08993372
25160.0, 0.08993229
25170.0, 0.08993086
25180.0, 0.08992943
25190.0, 0.08992801
25200.0, 0.089926586
25210.0, 0.08992516
25220.0, 0.089923754
25230.0, 0.08992234
25240.0, 0.08992092
25250.0, 0.089919515
25260.0, 0.089918114
25270.0, 0.08991671
25280.0, 0.08991532
25290.0, 0.08991392
25300.0, 0.08991253
25310.0, 0.08991113
25320.0, 0.08990975
25330.0, 0.08990836
25340.0, 0.08990698
25350.0, 0.089905605
25360.0, 0.08990422
25370.0, 0.08990285
25380.0, 0.08990148
25390.0, 0.08990011
25400.0, 0.08989874
25410.0, 0.08989738
25420.0, 0.08989602
25430.0, 0.08989466
25440.0, 0.08989331
25450.0, 0.089891955
25460.0, 0.08989061
25470.0, 0.08988926
25480.0, 0.08988792
25490.0, 0.089886576
25500.0, 0.089885235
25510.0, 0.089883894
25520.0, 0.08988257
25530.0, 0.089881234
25540.0, 0.08987991
25550.0, 0.08987859
25560.0, 0.08987726
25570.0, 0.08987594
25580.0, 0.089874625
25590.0, 0.08987331
25600.0, 0.08987199
25610.0, 0.089870684
25620.0, 0.08986937
25630.0, 0.089868076
25640.0, 0.08986677
25650.0, 0.08986547
25660.0, 0.08986418
25670.0, 0.089862876
25680.0, 0.08986159
25690.0, 0.089860305
25700.0, 0.089859016
25710.0, 0.08985773
25720.0, 0.089856446
25730.0, 0.08985517
25740.0, 0.0898539
25750.0, 0.08985262
25760.0, 0.08985135
25770.0, 0.08985008
25780.0, 0.08984882
25790.0, 0.08984756
25800.0, 0.08984629
25810.0, 0.08984503
25820.0, 0.08984378
25830.0, 0.08984252
25840.0, 0.08984127
25850.0, 0.08984003
25860.0, 0.08983878
25870.0, 0.089837536
25880.0, 0.08983629
25890.0, 0.08983506
25900.0, 0.08983382
25910.0, 0.0898326
25920.0, 0.08983136
25930.0, 0.08983013
25940.0, 0.08982891
25950.0, 0.08982768
25960.0, 0.08982646
25970.0, 0.089825235
25980.0, 0.08982402
25990.0, 0.089822814
26000.0, 0.0898216
26010.0, 0.08982039
26020.0, 0.089819185
26030.0, 0.08981798
26040.0, 0.08981678
26050.0, 0.08981558
26060.0, 0.08981439
26070.0, 0.08981318
26080.0, 0.08981199
26090.0, 0.0898108
26100.0, 0.08980962
26110.0, 0.089808434
26120.0, 0.08980725
26130.0, 0.089806065
26140.0, 0.08980489
26150.0, 0.08980371
26160.0, 0.08980254
26170.0, 0.08980137
26180.0, 0.08980021
26190.0, 0.08979904
26200.0, 0.08979787
26210.0, 0.08979671
26220.0, 0.089795545
26230.0, 0.0897944
26240.0, 0.08979324
26250.0, 0.08979209
26260.0, 0.08979094
26270.0, 0.089789785
26280.0, 0.08978864
26290.0, 0.0897875
26300.0, 0.08978636
26310.0, 0.089785226
26320.0, 0.08978408
26330.0, 0.08978295
26340.0, 0.08978182
26350.0, 0.08978069
26360.0, 0.08977956
26370.0, 0.08977843
26380.0, 0.08977731
26390.0, 0.089776196
26400.0, 0.08977508
26410.0, 0.08977396
26420.0, 0.08977284
26430.0, 0.08977173
26440.0, 0.08977062
26450.0, 0.08976952
26460.0, 0.08976842
26470.0, 0.089767314
26480.0, 0.089766204
26490.0, 0.08976512
26500.0, 0.08976402
26510.0, 0.089762926
26520.0, 0.08976183
26530.0, 0.08976074
26540.0, 0.089759655
26550.0, 0.08975857
26560.0, 0.08975749
26570.0, 0.0897564
26580.0, 0.08975532
26590.0, 0.08975425
26600.0, 0.08975317
26610.0, 0.0897521
26620.0, 0.089751035
26630.0, 0.08974996
26640.0, 0.0897489
26650.0, 0.08974784
26660.0, 0.08974677
26670.0, 0.08974571
26680.0, 0.08974466
26690.0, 0.0897436
26700.0, 0.08974255
26710.0, 0.08974149
26720.0, 0.08974045
26730.0, 0.089739405
26740.0, 0.089738354
26750.0, 0.08973731
26760.0, 0.08973627
26770.0, 0.08973523
26780.0, 0.0897342
26790.0, 0.08973316
26800.0, 0.089732125
26810.0, 0.0897311
26820.0, 0.08973007
26830.0, 0.08972905
26840.0, 0.08972802
26850.0, 0.08972699
26860.0, 0.08972598
26870.0, 0.08972496
26880.0, 0.089723945
26890.0, 0.08972293
26900.0, 0.08972192
26910.0, 0.089720905
26920.0, 0.0897199
26930.0, 0.08971889
26940.0, 0.08971789
26950.0, 0.08971688
26960.0, 0.08971589
26970.0, 0.08971489
26980.0, 0.089713894
26990.0, 0.0897129
27000.0, 0.089711905
27010.0, 0.08971092
27020.0, 0.08970993
27030.0, 0.08970895
27040.0, 0.08970796
27050.0, 0.08970698
27060.0, 0.089705996
27070.0, 0.08970502
27080.0, 0.089704044
27090.0, 0.089703076
27100.0, 0.0897021
27110.0, 0.08970113
27120.0, 0.08970016
27130.0, 0.089699194
27140.0, 0.089698225
27150.0, 0.08969727
27160.0, 0.0896963
27170.0, 0.08969535
27180.0, 0.089694396
27190.0, 0.089693435
27200.0, 0.08969248
27210.0, 0.089691535
27220.0, 0.08969058
27230.0, 0.089689635
27240.0, 0.08968869
27250.0, 0.08968775
27260.0, 0.0896868
27270.0, 0.08968586
27280.0, 0.089684926
27290.0, 0.08968399
27300.0, 0.089683056
27310.0, 0.089682125
27320.0, 0.08968119
27330.0, 0.08968026
27340.0, 0.08967934
27350.0, 0.089678414
27360.0, 0.08967749
27370.0, 0.08967657
27380.0, 0.08967565
27390.0, 0.089674726
27400.0, 0.08967381
27410.0, 0.08967291
27420.0, 0.08967199
27430.0, 0.08967108
27440.0, 0.089670174
27450.0, 0.08966927
27460.0, 0.08966836
27470.0, 0.089667454
27480.0, 0.08966655
27490.0, 0.08966566
27500.0, 0.08966476
27510.0, 0.08966386
27520.0, 0.08966297
27530.0, 0.089662075
27540.0, 0.08966119
27550.0, 0.0896603
27560.0, 0.089659415
27570.0, 0.08965853
27580.0, 0.08965765
27590.0, 0.08965676
27600.0, 0.08965588
27610.0, 0.089655004
27620.0, 0.08965413
27630.0, 0.08965326
27640.0, 0.08965238
27650.0, 0.08965151
27660.0, 0.08965064
27670.0, 0.089649774
27680.0, 0.08964891
27690.0, 0.089648046
27700.0, 0.08964718
27710.0, 0.08964632
27720.0, 0.08964546
27730.0, 0.0896446
27740.0, 0.089643754
27750.0, 0.0896429
27760.0, 0.08964204
27770.0, 0.08964119
27780.0, 0.08964034
27790.0, 0.08963949
27800.0, 0.08963865
27810.0, 0.08963781
27820.0, 0.08963697
27830.0, 0.089636125
27840.0, 0.08963528
27850.0, 0.08963445
27860.0, 0.089633614
27870.0, 0.08963279
27880.0, 0.08963195
27890.0, 0.089631125
27900.0, 0.08963029
27910.0, 0.089629464
27920.0, 0.08962864
27930.0, 0.08962782
27940.0, 0.089627
27950.0, 0.08962617
27960.0, 0.08962535
27970.0, 0.08962454
27980.0, 0.08962372
27990.0, 0.08962291
28000.0, 0.0896221
28010.0, 0.08962128
28020.0, 0.08962047
28030.0, 0.089619674
28040.0, 0.08961886
28050.0, 0.089618064
28060.0, 0.08961725
28070.0, 0.08961646
28080.0, 0.08961566
28090.0, 0.08961486
28100.0, 0.08961406
28110.0, 0.089613274
28120.0, 0.08961248
28130.0, 0.08961169
28140.0, 0.0896109
28150.0, 0.08961011
28160.0, 0.08960932
28170.0, 0.089608535
28180.0, 0.08960775
28190.0, 0.08960697
28200.0, 0.08960619
28210.0, 0.08960541
28220.0, 0.08960463
28230.0, 0.089603856
28240.0, 0.08960308
28250.0, 0.089602314
28260.0, 0.08960155
28270.0, 0.089600764
28280.0, 0.089600004
28290.0, 0.08959924
28300.0, 0.08959847
28310.0, 0.08959771
28320.0, 0.08959695
28330.0, 0.08959619
28340.0, 0.08959543
28350.0, 0.08959467
28360.0, 0.08959392
28370.0, 0.08959316
28380.0, 0.089592405
28390.0, 0.08959165
28400.0, 0.08959091
28410.0, 0.089590155
28420.0, 0.08958942
28430.0, 0.08958867
28440.0, 0.08958793
28450.0, 0.08958718
28460.0, 0.08958644
28470.0, 0.08958571
28480.0, 0.08958496
28490.0, 0.089584224
28500.0, 0.08958349
28510.0, 0.08958276
28520.0, 0.089582026
28530.0, 0.089581296
28540.0, 0.08958057
28550.0, 0.08957984
28560.0, 0.08957911
28570.0, 0.08957839
28580.0, 0.08957767
28590.0, 0.089576945
28600.0, 0.08957622
28610.0, 0.0895755
28620.0, 0.089574784
28630.0, 0.08957407
28640.0, 0.08957335
28650.0, 0.08957264
28660.0, 0.08957193
28670.0, 0.08957122
28680.0, 0.08957051
28690.0, 0.08956981
28700.0, 0.0895691
28710.0, 0.08956839
28720.0, 0.08956769
28730.0, 0.08956698
28740.0, 0.08956629
28750.0, 0.08956559
28760.0, 0.08956489
28770.0, 0.0895642
28780.0, 0.089563504
28790.0, 0.08956281
28800.0, 0.08956211
28810.0, 0.089561425
28820.0, 0.08956073
28830.0, 0.08956005
28840.0, 0.08955936
28850.0, 0.089558676
28860.0, 0.089558
28870.0, 0.089557305
28880.0, 0.08955663
28890.0, 0.08955595
28900.0, 0.08955527
28910.0, 0.08955459
28920.0, 0.089553915
28930.0, 0.089553244
28940.0, 0.08955257
28950.0, 0.089551896
28960.0, 0.089551225
28970.0, 0.089550555
28980.0, 0.08954989
28990.0, 0.08954922
29000.0, 0.08954856
29010.0, 0.0895479
29020.0, 0.08954724
29030.0, 0.089546576
29040.0, 0.08954591
29050.0, 0.08954525
29060.0, 0.089544594
29070.0, 0.089543946
29080.0, 0.08954329
29090.0, 0.089542635
29100.0, 0.08954198
29110.0, 0.08954134
29120.0, 0.08954068
29130.0, 0.089540035
29140.0, 0.089539394
29150.0, 0.089538746
29160.0, 0.0895381
29170.0, 0.08953746
29180.0, 0.089536816
29190.0, 0.089536175
29200.0, 0.089535534
29210.0, 0.08953489
29220.0, 0.08953427
29230.0, 0.08953363
29240.0, 0.089532994
29250.0, 0.08953236
29260.0, 0.089531735
29270.0, 0.0895311
29280.0, 0.089530475
29290.0, 0.08952984
29300.0, 0.08952922
29310.0, 0.08952859
29320.0, 0.08952797
29330.0, 0.08952734
29340.0, 0.08952672
29350.0, 0.08952611
29360.0, 0.08952548
29370.0, 0.089524865
29380.0, 0.089524254
29390.0, 0.089523636
29400.0, 0.089523025
29410.0, 0.089522414
29420.0, 0.0895218
29430.0, 0.089521185
29440.0, 0.08952058
29450.0, 0.08951997
29460.0, 0.08951937
29470.0, 0.089518756
29480.0, 0.08951815
29490.0, 0.08951755
29500.0, 0.08951695
29510.0, 0.08951635
29520.0, 0.08951575
29530.0, 0.08951516
29540.0, 0.08951456
29550.0, 0.08951396
29560.0, 0.08951336
29570.0, 0.08951277
29580.0, 0.08951218
29590.0, 0.08951159
29600.0, 0.089511
29610.0, 0.08951041
29620.0, 0.08950982
29630.0, 0.089509234
29640.0, 0.08950865
29650.0, 0.089508064
29660.0, 0.08950749
29670.0, 0.08950691
29680.0, 0.08950633
29690.0, 0.08950575
29700.0, 0.089505166
29710.0, 0.08950459
29720.0, 0.08950401
29730.0, 0.08950344
29740.0, 0.08950287
29750.0, 0.0895023
29760.0, 0.08950172
29770.0, 0.08950115
29780.0, 0.089500576
29790.0, 0.08950002
29800.0, 0.08949945
29810.0, 0.08949888
29820.0, 0.08949832
29830.0, 0.08949775
29840.0, 0.08949719
29850.0, 0.089496635
29860.0, 0.089496076
29870.0, 0.08949551
29880.0, 0.08949496
29890.0, 0.0894944
29900.0, 0.08949384
29910.0, 0.08949329
29920.0, 0.08949273
29930.0, 0.08949219
29940.0, 0.089491636
29950.0, 0.089491084
29960.0, 0.08949053
29970.0, 0.08948999
29980.0, 0.08948944
29990.0, 0.089488894
30000.0, 0.08948835
