Energy (in eV), backscattering yield of material sc2k-NASCAP at incidence 10.0 degree
   X,       Y
0.0, 0.5052931
10.0, 0.18873253
20.0, 0.07049368
30.0, 0.026330167
40.0, 0.009834609
50.0, 0.0036733348
60.0, 0.014711875
70.0, 0.024967879
80.0, 0.03418118
90.0, 0.042409036
100.0, 0.049787257
110.0, 0.056451395
120.0, 0.06251648
130.0, 0.068075486
140.0, 0.07320269
150.0, 0.07795767
160.0, 0.08238862
170.0, 0.08653504
180.0, 0.09042959
190.0, 0.09409964
200.0, 0.09756832
210.0, 0.100855306
220.0, 0.103977576
230.0, 0.106949784
240.0, 0.10978473
250.0, 0.112493634
260.0, 0.11508637
270.0, 0.11757172
280.0, 0.11995749
290.0, 0.12225066
300.0, 0.12445752
310.0, 0.1265837
320.0, 0.12863435
330.0, 0.13061407
340.0, 0.13252713
350.0, 0.13437735
360.0, 0.13616829
370.0, 0.1379032
380.0, 0.13958502
390.0, 0.14121655
400.0, 0.14280032
410.0, 0.14433864
420.0, 0.14583378
430.0, 0.14728771
440.0, 0.14870231
450.0, 0.1500794
460.0, 0.15142055
470.0, 0.15272738
480.0, 0.15400131
490.0, 0.15524368
500.0, 0.15645577
510.0, 0.15763877
520.0, 0.1587938
530.0, 0.159922
540.0, 0.16102427
550.0, 0.16210164
560.0, 0.16315496
570.0, 0.1641851
580.0, 0.16519289
590.0, 0.16617903
600.0, 0.16714431
610.0, 0.16808942
620.0, 0.16901496
630.0, 0.16992165
640.0, 0.17080998
650.0, 0.1716806
660.0, 0.17253405
670.0, 0.1733708
680.0, 0.1741914
690.0, 0.17499626
700.0, 0.17578591
710.0, 0.17656073
720.0, 0.17732118
730.0, 0.17806761
740.0, 0.17880046
750.0, 0.17952004
760.0, 0.18022676
770.0, 0.1809209
780.0, 0.18160285
790.0, 0.18227291
800.0, 0.18293136
810.0, 0.18357849
820.0, 0.18421458
830.0, 0.18483995
840.0, 0.18545479
850.0, 0.18605942
860.0, 0.18665402
870.0, 0.18723889
880.0, 0.18781422
890.0, 0.18838018
900.0, 0.18893708
910.0, 0.18948509
920.0, 0.19002438
930.0, 0.19055517
940.0, 0.19107762
950.0, 0.19159195
960.0, 0.19209829
970.0, 0.19259685
980.0, 0.19308779
990.0, 0.19357122
1000.0, 0.19404735
1010.0, 0.19388212
1020.0, 0.19371723
1030.0, 0.19355266
1040.0, 0.19338842
1050.0, 0.1932245
1060.0, 0.1930609
1070.0, 0.19289763
1080.0, 0.1927347
1090.0, 0.19257207
1100.0, 0.19240977
1110.0, 0.19224781
1120.0, 0.19208615
1130.0, 0.19192481
1140.0, 0.1917638
1150.0, 0.19160312
1160.0, 0.19144274
1170.0, 0.19128269
1180.0, 0.19112295
1190.0, 0.19096354
1200.0, 0.19080442
1210.0, 0.19064564
1220.0, 0.19048716
1230.0, 0.190329
1240.0, 0.19017117
1250.0, 0.19001362
1260.0, 0.18985641
1270.0, 0.1896995
1280.0, 0.18954292
1290.0, 0.18938664
1300.0, 0.18923065
1310.0, 0.189075
1320.0, 0.18891963
1330.0, 0.1887646
1340.0, 0.18860985
1350.0, 0.18845542
1360.0, 0.1883013
1370.0, 0.18814749
1380.0, 0.18799396
1390.0, 0.18784076
1400.0, 0.18768786
1410.0, 0.18753526
1420.0, 0.18738295
1430.0, 0.18723096
1440.0, 0.18707927
1450.0, 0.18692788
1460.0, 0.18677679
1470.0, 0.186626
1480.0, 0.1864755
1490.0, 0.18632531
1500.0, 0.18617542
1510.0, 0.18602581
1520.0, 0.1858765
1530.0, 0.1857275
1540.0, 0.18557881
1550.0, 0.1854304
1560.0, 0.18528228
1570.0, 0.18513444
1580.0, 0.18498692
1590.0, 0.18483967
1600.0, 0.18469273
1610.0, 0.18454608
1620.0, 0.18439972
1630.0, 0.18425363
1640.0, 0.18410785
1650.0, 0.18396237
1660.0, 0.18381718
1670.0, 0.18367225
1680.0, 0.18352762
1690.0, 0.18338329
1700.0, 0.18323924
1710.0, 0.18309547
1720.0, 0.18295199
1730.0, 0.1828088
1740.0, 0.18266588
1750.0, 0.18252327
1760.0, 0.18238091
1770.0, 0.18223885
1780.0, 0.18209706
1790.0, 0.18195556
1800.0, 0.18181434
1810.0, 0.18167342
1820.0, 0.18153276
1830.0, 0.18139237
1840.0, 0.18125229
1850.0, 0.18111245
1860.0, 0.18097292
1870.0, 0.18083365
1880.0, 0.18069465
1890.0, 0.18055594
1900.0, 0.18041751
1910.0, 0.18027934
1920.0, 0.18014145
1930.0, 0.18000385
1940.0, 0.17986651
1950.0, 0.17972943
1960.0, 0.17959262
1970.0, 0.1794561
1980.0, 0.17931986
1990.0, 0.17918387
2000.0, 0.17904815
2010.0, 0.17891273
2020.0, 0.17877755
2030.0, 0.17864265
2040.0, 0.17850801
2050.0, 0.17837363
2060.0, 0.17823954
2070.0, 0.1781057
2080.0, 0.17797212
2090.0, 0.17783882
2100.0, 0.17770576
2110.0, 0.177573
2120.0, 0.17744048
2130.0, 0.17730823
2140.0, 0.17717625
2150.0, 0.17704453
2160.0, 0.17691307
2170.0, 0.17678186
2180.0, 0.17665093
2190.0, 0.17652024
2200.0, 0.17638981
2210.0, 0.17625967
2220.0, 0.17612974
2230.0, 0.1760001
2240.0, 0.17587073
2250.0, 0.1757416
2260.0, 0.17561272
2270.0, 0.1754841
2280.0, 0.17535573
2290.0, 0.17522763
2300.0, 0.17509978
2310.0, 0.17497218
2320.0, 0.17484483
2330.0, 0.17471774
2340.0, 0.1745909
2350.0, 0.17446432
2360.0, 0.17433798
2370.0, 0.17421189
2380.0, 0.17408605
2390.0, 0.17396046
2400.0, 0.17383513
2410.0, 0.17371005
2420.0, 0.1735852
2430.0, 0.17346062
2440.0, 0.17333628
2450.0, 0.17321219
2460.0, 0.17308834
2470.0, 0.17296474
2480.0, 0.17284137
2490.0, 0.17271826
2500.0, 0.1725954
2510.0, 0.17247277
2520.0, 0.17235039
2530.0, 0.17222825
2540.0, 0.17210636
2550.0, 0.1719847
2560.0, 0.1718633
2570.0, 0.17174213
2580.0, 0.1716212
2590.0, 0.17150052
2600.0, 0.17138007
2610.0, 0.17125987
2620.0, 0.17113988
2630.0, 0.17102017
2640.0, 0.17090067
2650.0, 0.17078142
2660.0, 0.1706624
2670.0, 0.17054361
2680.0, 0.17042506
2690.0, 0.17030674
2700.0, 0.17018868
2710.0, 0.17007083
2720.0, 0.16995323
2730.0, 0.16983587
2740.0, 0.16971873
2750.0, 0.16960181
2760.0, 0.16948514
2770.0, 0.1693687
2780.0, 0.16925249
2790.0, 0.16913651
2800.0, 0.16902076
2810.0, 0.16890524
2820.0, 0.16878994
2830.0, 0.16867489
2840.0, 0.16856006
2850.0, 0.16844545
2860.0, 0.16833107
2870.0, 0.16821693
2880.0, 0.16810301
2890.0, 0.1679893
2900.0, 0.16787584
2910.0, 0.16776259
2920.0, 0.16764957
2930.0, 0.16753678
2940.0, 0.16742422
2950.0, 0.16731186
2960.0, 0.16719975
2970.0, 0.16708785
2980.0, 0.16697617
2990.0, 0.16686472
3000.0, 0.16675347
3010.0, 0.16664247
3020.0, 0.16653168
3030.0, 0.1664211
3040.0, 0.16631076
3050.0, 0.16620062
3060.0, 0.1660907
3070.0, 0.165981
3080.0, 0.16587153
3090.0, 0.16576226
3100.0, 0.16565323
3110.0, 0.1655444
3120.0, 0.16543579
3130.0, 0.1653274
3140.0, 0.16521922
3150.0, 0.16511126
3160.0, 0.16500351
3170.0, 0.16489598
3180.0, 0.16478865
3190.0, 0.16468155
3200.0, 0.16457465
3210.0, 0.16446796
3220.0, 0.16436149
3230.0, 0.16425523
3240.0, 0.1641492
3250.0, 0.16404337
3260.0, 0.16393773
3270.0, 0.16383232
3280.0, 0.1637271
3290.0, 0.16362211
3300.0, 0.16351733
3310.0, 0.16341275
3320.0, 0.16330838
3330.0, 0.16320422
3340.0, 0.16310026
3350.0, 0.1629965
3360.0, 0.16289297
3370.0, 0.16278961
3380.0, 0.1626865
3390.0, 0.16258356
3400.0, 0.16248085
3410.0, 0.16237833
3420.0, 0.16227601
3430.0, 0.1621739
3440.0, 0.16207199
3450.0, 0.16197029
3460.0, 0.16186877
3470.0, 0.16176748
3480.0, 0.16166638
3490.0, 0.16156547
3500.0, 0.16146477
3510.0, 0.16136427
3520.0, 0.16126399
3530.0, 0.16116388
3540.0, 0.16106397
3550.0, 0.16096428
3560.0, 0.16086477
3570.0, 0.16076547
3580.0, 0.16066636
3590.0, 0.16056745
3600.0, 0.16046874
3610.0, 0.16037022
3620.0, 0.1602719
3630.0, 0.16017376
3640.0, 0.16007584
3650.0, 0.15997809
3660.0, 0.15988056
3670.0, 0.15978321
3680.0, 0.15968606
3690.0, 0.1595891
3700.0, 0.15949233
3710.0, 0.15939575
3720.0, 0.15929936
3730.0, 0.15920317
3740.0, 0.15910716
3750.0, 0.15901136
3760.0, 0.15891573
3770.0, 0.1588203
3780.0, 0.15872507
3790.0, 0.15863001
3800.0, 0.15853515
3810.0, 0.15844049
3820.0, 0.158346
3830.0, 0.15825172
3840.0, 0.1581576
3850.0, 0.15806368
3860.0, 0.15796995
3870.0, 0.15787639
3880.0, 0.15778302
3890.0, 0.15768985
3900.0, 0.15759686
3910.0, 0.15750405
3920.0, 0.15741144
3930.0, 0.157319
3940.0, 0.15722674
3950.0, 0.15713468
3960.0, 0.15704277
3970.0, 0.15695107
3980.0, 0.15685955
3990.0, 0.15676822
4000.0, 0.15667705
4010.0, 0.15658608
4020.0, 0.15649529
4030.0, 0.15640466
4040.0, 0.15631422
4050.0, 0.15622398
4060.0, 0.1561339
4070.0, 0.156044
4080.0, 0.15595429
4090.0, 0.15586475
4100.0, 0.1557754
4110.0, 0.1556862
4120.0, 0.1555972
4130.0, 0.15550837
4140.0, 0.1554197
4150.0, 0.15533124
4160.0, 0.15524293
4170.0, 0.15515481
4180.0, 0.15506686
4190.0, 0.1549791
4200.0, 0.15489149
4210.0, 0.15480408
4220.0, 0.15471682
4230.0, 0.15462974
4240.0, 0.15454283
4250.0, 0.15445611
4260.0, 0.15436955
4270.0, 0.15428315
4280.0, 0.15419693
4290.0, 0.15411091
4300.0, 0.15402502
4310.0, 0.15393934
4320.0, 0.15385379
4330.0, 0.15376844
4340.0, 0.15368325
4350.0, 0.15359822
4360.0, 0.15351337
4370.0, 0.15342867
4380.0, 0.15334417
4390.0, 0.15325981
4400.0, 0.15317565
4410.0, 0.15309162
4420.0, 0.15300779
4430.0, 0.1529241
4440.0, 0.1528406
4450.0, 0.15275726
4460.0, 0.15267408
4470.0, 0.15259105
4480.0, 0.15250821
4490.0, 0.15242553
4500.0, 0.15234302
4510.0, 0.15226065
4520.0, 0.15217847
4530.0, 0.15209644
4540.0, 0.15201457
4550.0, 0.15193287
4560.0, 0.15185133
4570.0, 0.15176997
4580.0, 0.15168874
4590.0, 0.15160768
4600.0, 0.1515268
4610.0, 0.15144606
4620.0, 0.1513655
4630.0, 0.15128508
4640.0, 0.15120484
4650.0, 0.15112475
4660.0, 0.15104482
4670.0, 0.15096503
4680.0, 0.15088543
4690.0, 0.15080597
4700.0, 0.15072668
4710.0, 0.15064754
4720.0, 0.15056856
4730.0, 0.15048973
4740.0, 0.15041107
4750.0, 0.15033256
4760.0, 0.15025419
4770.0, 0.15017599
4780.0, 0.15009795
4790.0, 0.15002006
4800.0, 0.14994232
4810.0, 0.14986475
4820.0, 0.14978734
4830.0, 0.14971006
4840.0, 0.14963295
4850.0, 0.14955598
4860.0, 0.14947917
4870.0, 0.14940251
4880.0, 0.14932601
4890.0, 0.14924966
4900.0, 0.14917347
4910.0, 0.14909741
4920.0, 0.1490215
4930.0, 0.14894576
4940.0, 0.14887019
4950.0, 0.14879474
4960.0, 0.14871944
4970.0, 0.1486443
4980.0, 0.1485693
4990.0, 0.14849445
5000.0, 0.14841975
5010.0, 0.1483452
5020.0, 0.1482708
5030.0, 0.14819655
5040.0, 0.14812244
5050.0, 0.1480485
5060.0, 0.14797468
5070.0, 0.14790103
5080.0, 0.1478275
5090.0, 0.14775415
5100.0, 0.14768091
5110.0, 0.14760783
5120.0, 0.1475349
5130.0, 0.14746211
5140.0, 0.14738947
5150.0, 0.14731699
5160.0, 0.14724463
5170.0, 0.14717242
5180.0, 0.14710036
5190.0, 0.14702845
5200.0, 0.14695665
5210.0, 0.14688502
5220.0, 0.14681353
5230.0, 0.14674218
5240.0, 0.14667097
5250.0, 0.1465999
5260.0, 0.14652897
5270.0, 0.14645818
5280.0, 0.14638755
5290.0, 0.14631705
5300.0, 0.14624667
5310.0, 0.14617646
5320.0, 0.14610638
5330.0, 0.14603643
5340.0, 0.14596662
5350.0, 0.14589697
5360.0, 0.14582744
5370.0, 0.14575805
5380.0, 0.1456888
5390.0, 0.14561969
5400.0, 0.14555071
5410.0, 0.14548187
5420.0, 0.14541318
5430.0, 0.14534461
5440.0, 0.14527619
5450.0, 0.14520788
5460.0, 0.14513974
5470.0, 0.14507172
5480.0, 0.14500384
5490.0, 0.14493608
5500.0, 0.14486848
5510.0, 0.144801
5520.0, 0.14473365
5530.0, 0.14466645
5540.0, 0.14459936
5550.0, 0.14453243
5560.0, 0.14446561
5570.0, 0.14439894
5580.0, 0.14433238
5590.0, 0.14426598
5600.0, 0.1441997
5610.0, 0.14413355
5620.0, 0.14406753
5630.0, 0.14400165
5640.0, 0.14393589
5650.0, 0.14387028
5660.0, 0.14380479
5670.0, 0.14373942
5680.0, 0.1436742
5690.0, 0.14360909
5700.0, 0.14354412
5710.0, 0.14347929
5720.0, 0.14341457
5730.0, 0.14334999
5740.0, 0.14328553
5750.0, 0.1432212
5760.0, 0.143157
5770.0, 0.14309292
5780.0, 0.14302899
5790.0, 0.14296517
5800.0, 0.14290148
5810.0, 0.14283793
5820.0, 0.14277448
5830.0, 0.14271116
5840.0, 0.14264798
5850.0, 0.14258492
5860.0, 0.142522
5870.0, 0.14245918
5880.0, 0.1423965
5890.0, 0.14233395
5900.0, 0.1422715
5910.0, 0.1422092
5920.0, 0.14214703
5930.0, 0.14208497
5940.0, 0.14202303
5950.0, 0.14196122
5960.0, 0.14189953
5970.0, 0.14183795
5980.0, 0.1417765
5990.0, 0.1417152
6000.0, 0.14165398
6010.0, 0.1415929
6020.0, 0.14153196
6030.0, 0.14147112
6040.0, 0.1414104
6050.0, 0.1413498
6060.0, 0.14128934
6070.0, 0.14122897
6080.0, 0.14116876
6090.0, 0.14110863
6100.0, 0.14104864
6110.0, 0.14098877
6120.0, 0.14092903
6130.0, 0.14086938
6140.0, 0.14080986
6150.0, 0.14075047
6160.0, 0.14069119
6170.0, 0.14063203
6180.0, 0.14057298
6190.0, 0.14051406
6200.0, 0.14045525
6210.0, 0.14039655
6220.0, 0.14033799
6230.0, 0.14027953
6240.0, 0.14022118
6250.0, 0.14016296
6260.0, 0.14010485
6270.0, 0.14004685
6280.0, 0.13998897
6290.0, 0.13993122
6300.0, 0.13987358
6310.0, 0.13981603
6320.0, 0.13975863
6330.0, 0.13970132
6340.0, 0.13964413
6350.0, 0.13958704
6360.0, 0.13953008
6370.0, 0.13947323
6380.0, 0.1394165
6390.0, 0.13935988
6400.0, 0.13930337
6410.0, 0.13924699
6420.0, 0.13919069
6430.0, 0.13913453
6440.0, 0.13907845
6450.0, 0.13902251
6460.0, 0.13896666
6470.0, 0.13891093
6480.0, 0.13885532
6490.0, 0.13879982
6500.0, 0.13874443
6510.0, 0.13868913
6520.0, 0.13863398
6530.0, 0.1385789
6540.0, 0.13852395
6550.0, 0.13846911
6560.0, 0.13841438
6570.0, 0.13835974
6580.0, 0.13830523
6590.0, 0.13825081
6600.0, 0.13819651
6610.0, 0.13814233
6620.0, 0.13808824
6630.0, 0.13803425
6640.0, 0.1379804
6650.0, 0.13792664
6660.0, 0.13787296
6670.0, 0.13781942
6680.0, 0.13776599
6690.0, 0.13771264
6700.0, 0.13765942
6710.0, 0.1376063
6720.0, 0.13755327
6730.0, 0.13750038
6740.0, 0.13744758
6750.0, 0.13739488
6760.0, 0.13734227
6770.0, 0.13728979
6780.0, 0.1372374
6790.0, 0.13718511
6800.0, 0.13713293
6810.0, 0.13708086
6820.0, 0.13702889
6830.0, 0.13697703
6840.0, 0.13692527
6850.0, 0.1368736
6860.0, 0.13682204
6870.0, 0.13677059
6880.0, 0.13671924
6890.0, 0.136668
6900.0, 0.13661684
6910.0, 0.1365658
6920.0, 0.13651486
6930.0, 0.136464
6940.0, 0.13641326
6950.0, 0.13636263
6960.0, 0.13631208
6970.0, 0.13626164
6980.0, 0.13621132
6990.0, 0.13616107
7000.0, 0.13611093
7010.0, 0.13606091
7020.0, 0.13601097
7030.0, 0.13596112
7040.0, 0.13591139
7050.0, 0.13586175
7060.0, 0.13581221
7070.0, 0.13576277
7080.0, 0.13571343
7090.0, 0.13566418
7100.0, 0.13561502
7110.0, 0.13556597
7120.0, 0.13551703
7130.0, 0.13546817
7140.0, 0.13541941
7150.0, 0.13537076
7160.0, 0.13532218
7170.0, 0.13527372
7180.0, 0.13522536
7190.0, 0.13517708
7200.0, 0.1351289
7210.0, 0.13508081
7220.0, 0.13503283
7230.0, 0.13498496
7240.0, 0.13493715
7250.0, 0.13488945
7260.0, 0.13484184
7270.0, 0.13479434
7280.0, 0.13474694
7290.0, 0.1346996
7300.0, 0.13465238
7310.0, 0.13460524
7320.0, 0.1345582
7330.0, 0.13451126
7340.0, 0.13446443
7350.0, 0.13441767
7360.0, 0.134371
7370.0, 0.13432443
7380.0, 0.13427794
7390.0, 0.13423157
7400.0, 0.13418525
7410.0, 0.13413906
7420.0, 0.13409296
7430.0, 0.13404694
7440.0, 0.13400102
7450.0, 0.13395518
7460.0, 0.13390943
7470.0, 0.13386378
7480.0, 0.13381824
7490.0, 0.13377276
7500.0, 0.13372739
7510.0, 0.13368209
7520.0, 0.13363689
7530.0, 0.13359179
7540.0, 0.13354677
7550.0, 0.13350184
7560.0, 0.133457
7570.0, 0.13341224
7580.0, 0.13336758
7590.0, 0.13332303
7600.0, 0.13327853
7610.0, 0.13323414
7620.0, 0.13318984
7630.0, 0.13314562
7640.0, 0.1331015
7650.0, 0.13305745
7660.0, 0.1330135
7670.0, 0.13296963
7680.0, 0.13292585
7690.0, 0.13288216
7700.0, 0.13283856
7710.0, 0.13279505
7720.0, 0.13275161
7730.0, 0.13270827
7740.0, 0.13266501
7750.0, 0.13262184
7760.0, 0.13257876
7770.0, 0.13253576
7780.0, 0.13249284
7790.0, 0.13245001
7800.0, 0.13240728
7810.0, 0.13236462
7820.0, 0.13232204
7830.0, 0.13227955
7840.0, 0.13223717
7850.0, 0.13219483
7860.0, 0.1321526
7870.0, 0.13211045
7880.0, 0.13206838
7890.0, 0.1320264
7900.0, 0.1319845
7910.0, 0.13194267
7920.0, 0.13190095
7930.0, 0.1318593
7940.0, 0.13181774
7950.0, 0.13177626
7960.0, 0.13173486
7970.0, 0.13169354
7980.0, 0.13165231
7990.0, 0.13161115
8000.0, 0.13157009
8010.0, 0.1315291
8020.0, 0.13148819
8030.0, 0.13144736
8040.0, 0.13140662
8050.0, 0.13136595
8060.0, 0.13132538
8070.0, 0.13128488
8080.0, 0.13124445
8090.0, 0.13120411
8100.0, 0.13116385
8110.0, 0.13112368
8120.0, 0.13108358
8130.0, 0.13104355
8140.0, 0.13100362
8150.0, 0.13096376
8160.0, 0.13092399
8170.0, 0.13088427
8180.0, 0.13084465
8190.0, 0.1308051
8200.0, 0.13076565
8210.0, 0.13072626
8220.0, 0.13068695
8230.0, 0.13064773
8240.0, 0.13060857
8250.0, 0.1305695
8260.0, 0.1305305
8270.0, 0.1304916
8280.0, 0.13045275
8290.0, 0.13041398
8300.0, 0.13037531
8310.0, 0.1303367
8320.0, 0.13029817
8330.0, 0.13025972
8340.0, 0.13022135
8350.0, 0.13018303
8360.0, 0.1301448
8370.0, 0.13010666
8380.0, 0.13006859
8390.0, 0.1300306
8400.0, 0.12999268
8410.0, 0.12995483
8420.0, 0.12991706
8430.0, 0.12987937
8440.0, 0.12984174
8450.0, 0.12980421
8460.0, 0.12976673
8470.0, 0.12972935
8480.0, 0.12969203
8490.0, 0.1296548
8500.0, 0.12961762
8510.0, 0.12958053
8520.0, 0.1295435
8530.0, 0.12950654
8540.0, 0.12946968
8550.0, 0.12943287
8560.0, 0.12939613
8570.0, 0.12935948
8580.0, 0.1293229
8590.0, 0.1292864
8600.0, 0.12924995
8610.0, 0.12921359
8620.0, 0.1291773
8630.0, 0.12914108
8640.0, 0.12910493
8650.0, 0.12906885
8660.0, 0.12903285
8670.0, 0.12899692
8680.0, 0.12896107
8690.0, 0.12892528
8700.0, 0.12888956
8710.0, 0.12885392
8720.0, 0.12881835
8730.0, 0.12878284
8740.0, 0.1287474
8750.0, 0.12871204
8760.0, 0.12867676
8770.0, 0.12864153
8780.0, 0.12860638
8790.0, 0.1285713
8800.0, 0.1285363
8810.0, 0.12850136
8820.0, 0.12846649
8830.0, 0.12843168
8840.0, 0.12839694
8850.0, 0.12836228
8860.0, 0.12832768
8870.0, 0.12829316
8880.0, 0.1282587
8890.0, 0.12822431
8900.0, 0.12819
8910.0, 0.12815575
8920.0, 0.12812157
8930.0, 0.12808746
8940.0, 0.12805341
8950.0, 0.12801942
8960.0, 0.12798552
8970.0, 0.12795167
8980.0, 0.1279179
8990.0, 0.1278842
9000.0, 0.12785055
9010.0, 0.12781698
9020.0, 0.12778348
9030.0, 0.12775004
9040.0, 0.12771666
9050.0, 0.12768336
9060.0, 0.12765011
9070.0, 0.12761694
9080.0, 0.12758383
9090.0, 0.12755078
9100.0, 0.1275178
9110.0, 0.1274849
9120.0, 0.12745206
9130.0, 0.12741928
9140.0, 0.12738656
9150.0, 0.12735392
9160.0, 0.12732133
9170.0, 0.12728882
9180.0, 0.12725636
9190.0, 0.12722397
9200.0, 0.12719165
9210.0, 0.12715939
9220.0, 0.1271272
9230.0, 0.12709506
9240.0, 0.12706299
9250.0, 0.12703098
9260.0, 0.12699905
9270.0, 0.12696718
9280.0, 0.12693536
9290.0, 0.12690361
9300.0, 0.12687193
9310.0, 0.12684031
9320.0, 0.12680875
9330.0, 0.12677725
9340.0, 0.12674582
9350.0, 0.12671444
9360.0, 0.12668313
9370.0, 0.1266519
9380.0, 0.12662071
9390.0, 0.12658958
9400.0, 0.12655853
9410.0, 0.12652753
9420.0, 0.1264966
9430.0, 0.12646572
9440.0, 0.1264349
9450.0, 0.12640417
9460.0, 0.12637347
9470.0, 0.12634285
9480.0, 0.12631229
9490.0, 0.12628177
9500.0, 0.12625133
9510.0, 0.12622094
9520.0, 0.12619062
9530.0, 0.12616035
9540.0, 0.12613015
9550.0, 0.1261
9560.0, 0.12606992
9570.0, 0.1260399
9580.0, 0.12600994
9590.0, 0.12598003
9600.0, 0.12595019
9610.0, 0.1259204
9620.0, 0.12589069
9630.0, 0.12586102
9640.0, 0.12583141
9650.0, 0.12580186
9660.0, 0.12577237
9670.0, 0.12574294
9680.0, 0.12571357
9690.0, 0.12568426
9700.0, 0.12565501
9710.0, 0.12562582
9720.0, 0.12559667
9730.0, 0.1255676
9740.0, 0.12553857
9750.0, 0.12550962
9760.0, 0.12548071
9770.0, 0.12545186
9780.0, 0.12542307
9790.0, 0.12539433
9800.0, 0.12536566
9810.0, 0.12533705
9820.0, 0.12530848
9830.0, 0.12527998
9840.0, 0.12525153
9850.0, 0.12522314
9860.0, 0.1251948
9870.0, 0.12516654
9880.0, 0.12513831
9890.0, 0.12511013
9900.0, 0.12508205
9910.0, 0.12505399
9920.0, 0.12502599
9930.0, 0.12499805
9940.0, 0.12497016
9950.0, 0.12494233
9960.0, 0.12491456
9970.0, 0.12488683
9980.0, 0.12485918
9990.0, 0.12483157
10000.0, 0.12480401
10010.0, 0.12477652
10020.0, 0.12474907
10030.0, 0.12472168
10040.0, 0.12469435
10050.0, 0.12466707
10060.0, 0.12463985
10070.0, 0.124612674
10080.0, 0.12458556
10090.0, 0.1245585
10100.0, 0.124531485
10110.0, 0.12450454
10120.0, 0.12447763
10130.0, 0.12445079
10140.0, 0.124423996
10150.0, 0.124397255
10160.0, 0.12437057
10170.0, 0.12434393
10180.0, 0.124317355
10190.0, 0.124290824
10200.0, 0.12426435
10210.0, 0.124237925
10220.0, 0.12421156
10230.0, 0.12418524
10240.0, 0.12415898
10250.0, 0.12413277
10260.0, 0.12410661
10270.0, 0.12408051
10280.0, 0.12405445
10290.0, 0.12402845
10300.0, 0.124002494
10310.0, 0.123976596
10320.0, 0.12395075
10330.0, 0.123924956
10340.0, 0.12389921
10350.0, 0.12387351
10360.0, 0.12384788
10370.0, 0.12382228
10380.0, 0.12379674
10390.0, 0.12377125
10400.0, 0.123745814
10410.0, 0.12372043
10420.0, 0.12369509
10430.0, 0.12366981
10440.0, 0.123644575
10450.0, 0.123619385
10460.0, 0.12359425
10470.0, 0.12356917
10480.0, 0.12354413
10490.0, 0.123519145
10500.0, 0.12349421
10510.0, 0.12346932
10520.0, 0.12344449
10530.0, 0.1234197
10540.0, 0.123394966
10550.0, 0.12337028
10560.0, 0.12334564
10570.0, 0.12332105
10580.0, 0.123296514
10590.0, 0.123272024
10600.0, 0.12324758
10610.0, 0.123223186
10620.0, 0.123198844
10630.0, 0.12317455
10640.0, 0.1231503
10650.0, 0.123126104
10660.0, 0.12310195
10670.0, 0.12307784
10680.0, 0.12305379
10690.0, 0.12302979
10700.0, 0.12300582
10710.0, 0.12298191
10720.0, 0.12295805
10730.0, 0.12293424
10740.0, 0.12291046
10750.0, 0.12288675
10760.0, 0.12286308
10770.0, 0.12283944
10780.0, 0.12281587
10790.0, 0.12279233
10800.0, 0.12276885
10810.0, 0.12274542
10820.0, 0.12272202
10830.0, 0.12269868
10840.0, 0.12267538
10850.0, 0.12265213
10860.0, 0.12262893
10870.0, 0.12260576
10880.0, 0.122582644
10890.0, 0.122559585
10900.0, 0.12253656
10910.0, 0.12251359
10920.0, 0.12249066
10930.0, 0.12246777
10940.0, 0.122444935
10950.0, 0.12242215
10960.0, 0.122399405
10970.0, 0.122376695
10980.0, 0.122354046
10990.0, 0.12233143
11000.0, 0.122308865
11010.0, 0.12228635
11020.0, 0.12226387
11030.0, 0.12224144
11040.0, 0.12221905
11050.0, 0.12219671
11060.0, 0.12217442
11070.0, 0.122152165
11080.0, 0.122129954
11090.0, 0.1221078
11100.0, 0.12208567
11110.0, 0.1220636
11120.0, 0.12204157
11130.0, 0.12201958
11140.0, 0.12199764
11150.0, 0.12197574
11160.0, 0.12195388
11170.0, 0.12193207
11180.0, 0.1219103
11190.0, 0.12188858
11200.0, 0.12186689
11210.0, 0.12184526
11220.0, 0.12182365
11230.0, 0.12180211
11240.0, 0.1217806
11250.0, 0.12175913
11260.0, 0.12173771
11270.0, 0.12171633
11280.0, 0.12169499
11290.0, 0.121673696
11300.0, 0.12165244
11310.0, 0.121631235
11320.0, 0.12161006
11330.0, 0.12158894
11340.0, 0.121567845
11350.0, 0.121546805
11360.0, 0.12152581
11370.0, 0.12150485
11380.0, 0.12148393
11390.0, 0.12146306
11400.0, 0.12144223
11410.0, 0.121421434
11420.0, 0.12140069
11430.0, 0.12137998
11440.0, 0.12135931
11450.0, 0.12133869
11460.0, 0.121318094
11470.0, 0.12129755
11480.0, 0.12127705
11490.0, 0.12125659
11500.0, 0.12123617
11510.0, 0.12121579
11520.0, 0.12119545
11530.0, 0.12117515
11540.0, 0.1211549
11550.0, 0.121134676
11560.0, 0.1211145
11570.0, 0.12109436
11580.0, 0.12107427
11590.0, 0.12105421
11600.0, 0.12103419
11610.0, 0.121014215
11620.0, 0.12099428
11630.0, 0.12097438
11640.0, 0.12095452
11650.0, 0.1209347
11660.0, 0.12091493
11670.0, 0.120895185
11680.0, 0.120875485
11690.0, 0.12085583
11700.0, 0.1208362
11710.0, 0.12081662
11720.0, 0.120797075
11730.0, 0.12077758
11740.0, 0.12075811
11750.0, 0.120738685
11760.0, 0.12071929
11770.0, 0.12069995
11780.0, 0.12068064
11790.0, 0.12066136
11800.0, 0.12064213
11810.0, 0.12062293
11820.0, 0.12060378
11830.0, 0.12058466
11840.0, 0.120565586
11850.0, 0.12054654
11860.0, 0.120527536
11870.0, 0.120508574
11880.0, 0.12048964
11890.0, 0.12047075
11900.0, 0.1204519
11910.0, 0.12043308
11920.0, 0.12041431
11930.0, 0.12039557
11940.0, 0.12037687
11950.0, 0.1203582
11960.0, 0.12033957
11970.0, 0.12032098
11980.0, 0.120302424
11990.0, 0.12028391
12000.0, 0.120265424
12010.0, 0.12024699
12020.0, 0.12022858
12030.0, 0.120210215
12040.0, 0.12019187
12050.0, 0.12017358
12060.0, 0.12015533
12070.0, 0.1201371
12080.0, 0.120118916
12090.0, 0.12010077
12100.0, 0.12008265
12110.0, 0.12006457
12120.0, 0.120046526
12130.0, 0.12002852
12140.0, 0.120010555
12150.0, 0.119992614
12160.0, 0.11997472
12170.0, 0.11995686
12180.0, 0.11993903
12190.0, 0.11992124
12200.0, 0.11990348
12210.0, 0.11988576
12220.0, 0.11986808
12230.0, 0.11985043
12240.0, 0.11983281
12250.0, 0.11981522
12260.0, 0.119797684
12270.0, 0.119780175
12280.0, 0.119762704
12290.0, 0.11974526
12300.0, 0.11972786
12310.0, 0.11971048
12320.0, 0.119693145
12330.0, 0.11967585
12340.0, 0.11965858
12350.0, 0.11964135
12360.0, 0.11962415
12370.0, 0.11960699
12380.0, 0.11958986
12390.0, 0.119572766
12400.0, 0.119555704
12410.0, 0.11953868
12420.0, 0.119521685
12430.0, 0.11950473
12440.0, 0.1194878
12450.0, 0.11947091
12460.0, 0.119454056
12470.0, 0.11943723
12480.0, 0.11942045
12490.0, 0.11940368
12500.0, 0.11938696
12510.0, 0.119370274
12520.0, 0.119353615
12530.0, 0.11933699
12540.0, 0.1193204
12550.0, 0.119303845
12560.0, 0.11928732
12570.0, 0.11927083
12580.0, 0.119254366
12590.0, 0.119237944
12600.0, 0.11922155
12610.0, 0.11920519
12620.0, 0.11918887
12630.0, 0.11917257
12640.0, 0.11915631
12650.0, 0.11914008
12660.0, 0.11912389
12670.0, 0.11910772
12680.0, 0.119091585
12690.0, 0.11907549
12700.0, 0.11905941
12710.0, 0.11904339
12720.0, 0.11902738
12730.0, 0.1190114
12740.0, 0.118995465
12750.0, 0.11897956
12760.0, 0.11896368
12770.0, 0.118947834
12780.0, 0.11893202
12790.0, 0.118916236
12800.0, 0.11890049
12810.0, 0.11888477
12820.0, 0.11886908
12830.0, 0.11885343
12840.0, 0.1188378
12850.0, 0.11882221
12860.0, 0.11880665
12870.0, 0.11879112
12880.0, 0.11877561
12890.0, 0.118760146
12900.0, 0.11874471
12910.0, 0.1187293
12920.0, 0.11871392
12930.0, 0.118698575
12940.0, 0.118683256
12950.0, 0.11866798
12960.0, 0.118652724
12970.0, 0.118637495
12980.0, 0.1186223
12990.0, 0.11860713
13000.0, 0.11859201
13010.0, 0.11857691
13020.0, 0.11856183
13030.0, 0.118546784
13040.0, 0.11853177
13050.0, 0.118516795
13060.0, 0.11850184
13070.0, 0.11848692
13080.0, 0.11847202
13090.0, 0.11845715
13100.0, 0.11844233
13110.0, 0.11842752
13120.0, 0.11841274
13130.0, 0.118398
13140.0, 0.11838328
13150.0, 0.118368596
13160.0, 0.11835393
13170.0, 0.11833931
13180.0, 0.11832471
13190.0, 0.118310146
13200.0, 0.1182956
13210.0, 0.118281096
13220.0, 0.11826661
13230.0, 0.11825216
13240.0, 0.118237734
13250.0, 0.11822333
13260.0, 0.11820897
13270.0, 0.11819463
13280.0, 0.11818032
13290.0, 0.11816604
13300.0, 0.118151784
13310.0, 0.11813756
13320.0, 0.11812337
13330.0, 0.1181092
13340.0, 0.118095055
13350.0, 0.118080944
13360.0, 0.11806686
13370.0, 0.11805281
13380.0, 0.11803878
13390.0, 0.11802478
13400.0, 0.11801081
13410.0, 0.11799687
13420.0, 0.117982954
13430.0, 0.117969066
13440.0, 0.11795521
13450.0, 0.11794137
13460.0, 0.11792757
13470.0, 0.11791379
13480.0, 0.117900044
13490.0, 0.11788633
13500.0, 0.11787263
13510.0, 0.11785896
13520.0, 0.11784532
13530.0, 0.11783171
13540.0, 0.11781812
13550.0, 0.117804565
13560.0, 0.117791034
13570.0, 0.11777753
13580.0, 0.11776405
13590.0, 0.11775061
13600.0, 0.11773718
13610.0, 0.11772378
13620.0, 0.11771041
13630.0, 0.117697075
13640.0, 0.11768375
13650.0, 0.11767046
13660.0, 0.1176572
13670.0, 0.11764396
13680.0, 0.11763075
13690.0, 0.11761756
13700.0, 0.117604405
13710.0, 0.11759128
13720.0, 0.117578164
13730.0, 0.117565095
13740.0, 0.11755204
13750.0, 0.11753901
13760.0, 0.11752601
13770.0, 0.11751304
13780.0, 0.11750008
13790.0, 0.11748716
13800.0, 0.117474265
13810.0, 0.11746139
13820.0, 0.117448546
13830.0, 0.11743573
13840.0, 0.11742293
13850.0, 0.11741016
13860.0, 0.11739741
13870.0, 0.117384695
13880.0, 0.117372006
13890.0, 0.11735933
13900.0, 0.1173467
13910.0, 0.11733408
13920.0, 0.117321484
13930.0, 0.117308915
13940.0, 0.11729638
13950.0, 0.11728386
13960.0, 0.11727137
13970.0, 0.1172589
13980.0, 0.117246464
13990.0, 0.11723404
14000.0, 0.117221646
14010.0, 0.117209285
14020.0, 0.11719694
14030.0, 0.117184624
14040.0, 0.11717233
14050.0, 0.11716006
14060.0, 0.11714782
14070.0, 0.1171356
14080.0, 0.117123395
14090.0, 0.11711123
14100.0, 0.11709908
14110.0, 0.11708696
14120.0, 0.117074855
14130.0, 0.117062785
14140.0, 0.11705073
14150.0, 0.11703871
14160.0, 0.1170267
14170.0, 0.11701473
14180.0, 0.11700278
14190.0, 0.11699084
14200.0, 0.116978936
14210.0, 0.11696705
14220.0, 0.11695519
14230.0, 0.11694336
14240.0, 0.11693154
14250.0, 0.116919756
14260.0, 0.11690799
14270.0, 0.11689625
14280.0, 0.11688454
14290.0, 0.11687284
14300.0, 0.116861165
14310.0, 0.11684952
14320.0, 0.11683789
14330.0, 0.116826296
14340.0, 0.11681471
14350.0, 0.11680316
14360.0, 0.11679163
14370.0, 0.11678012
14380.0, 0.11676863
14390.0, 0.11675717
14400.0, 0.11674573
14410.0, 0.11673431
14420.0, 0.11672292
14430.0, 0.11671155
14440.0, 0.116700195
14450.0, 0.11668887
14460.0, 0.11667757
14470.0, 0.11666628
14480.0, 0.11665503
14490.0, 0.11664379
14500.0, 0.11663257
14510.0, 0.11662138
14520.0, 0.116610214
14530.0, 0.11659907
14540.0, 0.11658794
14550.0, 0.116576836
14560.0, 0.116565764
14570.0, 0.1165547
14580.0, 0.116543666
14590.0, 0.116532646
14600.0, 0.11652166
14610.0, 0.11651069
14620.0, 0.116499744
14630.0, 0.116488814
14640.0, 0.11647791
14650.0, 0.11646702
14660.0, 0.116456166
14670.0, 0.116445325
14680.0, 0.11643451
14690.0, 0.11642371
14700.0, 0.11641294
14710.0, 0.11640219
14720.0, 0.11639146
14730.0, 0.11638074
14740.0, 0.11637006
14750.0, 0.11635938
14760.0, 0.11634874
14770.0, 0.11633812
14780.0, 0.11632752
14790.0, 0.11631693
14800.0, 0.116306365
14810.0, 0.11629583
14820.0, 0.11628531
14830.0, 0.11627481
14840.0, 0.11626433
14850.0, 0.116253875
14860.0, 0.116243444
14870.0, 0.11623303
14880.0, 0.116222635
14890.0, 0.116212256
14900.0, 0.11620191
14910.0, 0.11619157
14920.0, 0.11618127
14930.0, 0.11617097
14940.0, 0.116160706
14950.0, 0.11615045
14960.0, 0.11614023
14970.0, 0.116130024
14980.0, 0.11611983
14990.0, 0.11610966
15000.0, 0.116099514
15010.0, 0.11608939
15020.0, 0.116079286
15030.0, 0.1160692
15040.0, 0.11605913
15050.0, 0.11604908
15060.0, 0.11603905
15070.0, 0.11602905
15080.0, 0.11601906
15090.0, 0.116009094
15100.0, 0.11599915
15110.0, 0.11598922
15120.0, 0.115979314
15130.0, 0.11596943
15140.0, 0.115959555
15150.0, 0.11594971
15160.0, 0.11593988
15170.0, 0.11593007
15180.0, 0.11592029
15190.0, 0.115910515
15200.0, 0.11590077
15210.0, 0.11589104
15220.0, 0.11588133
15230.0, 0.11587163
15240.0, 0.11586196
15250.0, 0.115852304
15260.0, 0.11584267
15270.0, 0.11583306
15280.0, 0.11582347
15290.0, 0.11581389
15300.0, 0.11580434
15310.0, 0.11579479
15320.0, 0.11578527
15330.0, 0.11577578
15340.0, 0.115766294
15350.0, 0.11575683
15360.0, 0.11574739
15370.0, 0.11573797
15380.0, 0.115728565
15390.0, 0.11571917
15400.0, 0.115709804
15410.0, 0.11570046
15420.0, 0.115691125
15430.0, 0.11568181
15440.0, 0.11567252
15450.0, 0.115663245
15460.0, 0.11565399
15470.0, 0.11564475
15480.0, 0.11563554
15490.0, 0.115626335
15500.0, 0.115617156
15510.0, 0.11560799
15520.0, 0.11559884
15530.0, 0.115589716
15540.0, 0.1155806
15550.0, 0.11557151
15560.0, 0.11556244
15570.0, 0.11555339
15580.0, 0.11554435
15590.0, 0.115535334
15600.0, 0.115526326
15610.0, 0.11551735
15620.0, 0.11550838
15630.0, 0.11549944
15640.0, 0.11549051
15650.0, 0.11548159
15660.0, 0.115472704
15670.0, 0.11546383
15680.0, 0.11545497
15690.0, 0.11544612
15700.0, 0.1154373
15710.0, 0.1154285
15720.0, 0.11541971
15730.0, 0.11541094
15740.0, 0.11540219
15750.0, 0.11539345
15760.0, 0.11538474
15770.0, 0.11537604
15780.0, 0.11536736
15790.0, 0.11535869
15800.0, 0.11535004
15810.0, 0.11534142
15820.0, 0.1153328
15830.0, 0.1153242
15840.0, 0.11531562
15850.0, 0.115307055
15860.0, 0.11529852
15870.0, 0.11528999
15880.0, 0.11528148
15890.0, 0.115272984
15900.0, 0.115264505
15910.0, 0.11525605
15920.0, 0.11524761
15930.0, 0.11523918
15940.0, 0.11523077
15950.0, 0.11522237
15960.0, 0.115214
15970.0, 0.11520564
15980.0, 0.11519729
15990.0, 0.11518897
16000.0, 0.115180664
16010.0, 0.11517238
16020.0, 0.1151641
16030.0, 0.11515584
16040.0, 0.11514759
16050.0, 0.115139365
16060.0, 0.11513116
16070.0, 0.11512297
16080.0, 0.115114786
16090.0, 0.11510663
16100.0, 0.11509848
16110.0, 0.115090355
16120.0, 0.11508224
16130.0, 0.11507414
16140.0, 0.11506606
16150.0, 0.115058
16160.0, 0.11504996
16170.0, 0.11504192
16180.0, 0.1150339
16190.0, 0.11502591
16200.0, 0.11501792
16210.0, 0.115009956
16220.0, 0.11500201
16230.0, 0.11499407
16240.0, 0.11498615
16250.0, 0.11497825
16260.0, 0.114970356
16270.0, 0.11496249
16280.0, 0.11495463
16290.0, 0.11494678
16300.0, 0.11493896
16310.0, 0.114931144
16320.0, 0.11492336
16330.0, 0.11491558
16340.0, 0.11490781
16350.0, 0.11490007
16360.0, 0.114892334
16370.0, 0.11488462
16380.0, 0.11487692
16390.0, 0.11486924
16400.0, 0.114861555
16410.0, 0.1148539
16420.0, 0.11484626
16430.0, 0.11483864
16440.0, 0.11483103
16450.0, 0.11482343
16460.0, 0.11481585
16470.0, 0.11480829
16480.0, 0.114800744
16490.0, 0.11479321
16500.0, 0.11478569
16510.0, 0.11477819
16520.0, 0.1147707
16530.0, 0.11476323
16540.0, 0.11475577
16550.0, 0.11474832
16560.0, 0.11474089
16570.0, 0.11473348
16580.0, 0.114726074
16590.0, 0.11471869
16600.0, 0.11471133
16610.0, 0.11470397
16620.0, 0.11469663
16630.0, 0.114689305
16640.0, 0.11468199
16650.0, 0.114674695
16660.0, 0.114667416
16670.0, 0.11466015
16680.0, 0.114652894
16690.0, 0.11464566
16700.0, 0.114638425
16710.0, 0.11463122
16720.0, 0.11462403
16730.0, 0.11461684
16740.0, 0.11460968
16750.0, 0.11460253
16760.0, 0.11459539
16770.0, 0.11458826
16780.0, 0.11458115
16790.0, 0.11457406
16800.0, 0.114566974
16810.0, 0.11455991
16820.0, 0.114552855
16830.0, 0.114545815
16840.0, 0.114538796
16850.0, 0.11453178
16860.0, 0.11452478
16870.0, 0.11451781
16880.0, 0.114510834
16890.0, 0.11450388
16900.0, 0.11449694
16910.0, 0.11449002
16920.0, 0.1144831
16930.0, 0.1144762
16940.0, 0.11446932
16950.0, 0.11446244
16960.0, 0.11445559
16970.0, 0.11444874
16980.0, 0.11444191
16990.0, 0.11443509
17000.0, 0.11442829
17010.0, 0.114421494
17020.0, 0.11441472
17030.0, 0.11440796
17040.0, 0.11440121
17050.0, 0.11439447
17060.0, 0.11438775
17070.0, 0.114381045
17080.0, 0.11437435
17090.0, 0.114367664
17100.0, 0.11436099
17110.0, 0.114354335
17120.0, 0.1143477
17130.0, 0.114341065
17140.0, 0.11433445
17150.0, 0.11432785
17160.0, 0.11432126
17170.0, 0.11431468
17180.0, 0.11430812
17190.0, 0.11430157
17200.0, 0.11429503
17210.0, 0.11428851
17220.0, 0.114282
17230.0, 0.1142755
17240.0, 0.11426901
17250.0, 0.11426254
17260.0, 0.114256084
17270.0, 0.11424964
17280.0, 0.1142432
17290.0, 0.11423679
17300.0, 0.11423038
17310.0, 0.11422399
17320.0, 0.1142176
17330.0, 0.11421123
17340.0, 0.114204876
17350.0, 0.11419853
17360.0, 0.1141922
17370.0, 0.114185885
17380.0, 0.114179574
17390.0, 0.11417328
17400.0, 0.114167005
17410.0, 0.11416073
17420.0, 0.11415448
17430.0, 0.11414824
17440.0, 0.11414201
17450.0, 0.11413579
17460.0, 0.11412958
17470.0, 0.11412339
17480.0, 0.114117205
17490.0, 0.114111036
17500.0, 0.11410488
17510.0, 0.114098735
17520.0, 0.1140926
17530.0, 0.11408648
17540.0, 0.114080384
17550.0, 0.11407428
17560.0, 0.114068195
17570.0, 0.11406212
17580.0, 0.11405607
17590.0, 0.11405002
17600.0, 0.11404399
17610.0, 0.11403797
17620.0, 0.11403196
17630.0, 0.11402596
17640.0, 0.114019975
17650.0, 0.11401399
17660.0, 0.11400804
17670.0, 0.11400208
17680.0, 0.11399615
17690.0, 0.11399022
17700.0, 0.1139843
17710.0, 0.1139784
17720.0, 0.11397251
17730.0, 0.11396662
17740.0, 0.11396076
17750.0, 0.1139549
17760.0, 0.11394906
17770.0, 0.11394323
17780.0, 0.11393741
17790.0, 0.1139316
17800.0, 0.1139258
17810.0, 0.11392001
17820.0, 0.11391424
17830.0, 0.11390848
17840.0, 0.113902725
17850.0, 0.11389698
17860.0, 0.11389125
17870.0, 0.11388553
17880.0, 0.11387982
17890.0, 0.11387414
17900.0, 0.11386845
17910.0, 0.113862775
17920.0, 0.11385711
17930.0, 0.11385147
17940.0, 0.11384583
17950.0, 0.1138402
17960.0, 0.11383459
17970.0, 0.11382898
17980.0, 0.11382339
17990.0, 0.11381781
18000.0, 0.11381224
18010.0, 0.11380668
18020.0, 0.11380113
18030.0, 0.11379559
18040.0, 0.113790065
18050.0, 0.113784544
18060.0, 0.113779046
18070.0, 0.113773555
18080.0, 0.11376807
18090.0, 0.113762595
18100.0, 0.11375714
18110.0, 0.11375169
18120.0, 0.113746256
18130.0, 0.113740824
18140.0, 0.1137354
18150.0, 0.11373
18160.0, 0.113724604
18170.0, 0.11371922
18180.0, 0.113713846
18190.0, 0.11370848
18200.0, 0.11370313
18210.0, 0.11369779
18220.0, 0.113692455
18230.0, 0.113687135
18240.0, 0.11368182
18250.0, 0.11367653
18260.0, 0.11367124
18270.0, 0.11366596
18280.0, 0.11366069
18290.0, 0.11365543
18300.0, 0.113650195
18310.0, 0.11364495
18320.0, 0.11363973
18330.0, 0.11363451
18340.0, 0.11362931
18350.0, 0.11362411
18360.0, 0.11361893
18370.0, 0.113613755
18380.0, 0.11360859
18390.0, 0.113603435
18400.0, 0.1135983
18410.0, 0.11359316
18420.0, 0.11358804
18430.0, 0.11358293
18440.0, 0.11357783
18450.0, 0.11357274
18460.0, 0.11356765
18470.0, 0.113562584
18480.0, 0.113557525
18490.0, 0.11355247
18500.0, 0.11354743
18510.0, 0.1135424
18520.0, 0.11353738
18530.0, 0.11353237
18540.0, 0.11352737
18550.0, 0.11352238
18560.0, 0.113517396
18570.0, 0.11351243
18580.0, 0.113507465
18590.0, 0.11350252
18600.0, 0.11349757
18610.0, 0.113492645
18620.0, 0.11348772
18630.0, 0.11348281
18640.0, 0.113477916
18650.0, 0.11347302
18660.0, 0.11346814
18670.0, 0.11346326
18680.0, 0.1134584
18690.0, 0.113453545
18700.0, 0.11344871
18710.0, 0.113443874
18720.0, 0.113439046
18730.0, 0.11343423
18740.0, 0.11342943
18750.0, 0.11342463
18760.0, 0.11341985
18770.0, 0.11341507
18780.0, 0.1134103
18790.0, 0.11340555
18800.0, 0.1134008
18810.0, 0.11339606
18820.0, 0.11339133
18830.0, 0.113386616
18840.0, 0.11338191
18850.0, 0.113377206
18860.0, 0.11337251
18870.0, 0.11336783
18880.0, 0.11336316
18890.0, 0.1133585
18900.0, 0.11335385
18910.0, 0.11334921
18920.0, 0.11334457
18930.0, 0.11333994
18940.0, 0.11333533
18950.0, 0.11333072
18960.0, 0.113326125
18970.0, 0.113321535
18980.0, 0.113316946
18990.0, 0.11331238
19000.0, 0.11330782
19010.0, 0.11330327
19020.0, 0.11329872
19030.0, 0.11329419
19040.0, 0.11328967
19050.0, 0.11328515
19060.0, 0.11328064
19070.0, 0.11327615
19080.0, 0.11327165
19090.0, 0.113267176
19100.0, 0.113262706
19110.0, 0.11325825
19120.0, 0.113253795
19130.0, 0.11324935
19140.0, 0.113244906
19150.0, 0.11324048
19160.0, 0.11323607
19170.0, 0.11323166
19180.0, 0.113227256
19190.0, 0.11322287
19200.0, 0.11321849
19210.0, 0.113214105
19220.0, 0.11320975
19230.0, 0.11320539
19240.0, 0.11320104
19250.0, 0.1131967
19260.0, 0.11319237
19270.0, 0.11318805
19280.0, 0.11318374
19290.0, 0.11317944
19300.0, 0.11317513
19310.0, 0.113170855
19320.0, 0.11316658
19330.0, 0.1131623
19340.0, 0.11315804
19350.0, 0.113153785
19360.0, 0.113149546
19370.0, 0.11314531
19380.0, 0.113141075
19390.0, 0.11313686
19400.0, 0.11313265
19410.0, 0.113128446
19420.0, 0.11312425
19430.0, 0.113120064
19440.0, 0.11311589
19450.0, 0.11311172
19460.0, 0.11310756
19470.0, 0.11310341
19480.0, 0.11309927
19490.0, 0.113095134
19500.0, 0.11309101
19510.0, 0.11308688
19520.0, 0.11308277
19530.0, 0.11307867
19540.0, 0.11307457
19550.0, 0.113070495
19560.0, 0.11306641
19570.0, 0.113062344
19580.0, 0.113058284
19590.0, 0.11305422
19600.0, 0.11305018
19610.0, 0.11304614
19620.0, 0.11304211
19630.0, 0.11303809
19640.0, 0.11303408
19650.0, 0.11303007
19660.0, 0.113026075
19670.0, 0.11302209
19680.0, 0.1130181
19690.0, 0.11301413
19700.0, 0.11301017
19710.0, 0.11300621
19720.0, 0.113002256
19730.0, 0.11299832
19740.0, 0.11299438
19750.0, 0.11299046
19760.0, 0.112986535
19770.0, 0.11298262
19780.0, 0.11297873
19790.0, 0.11297483
19800.0, 0.11297094
19810.0, 0.11296706
19820.0, 0.11296319
19830.0, 0.11295933
19840.0, 0.11295547
19850.0, 0.11295163
19860.0, 0.11294778
19870.0, 0.11294395
19880.0, 0.112940125
19890.0, 0.1129363
19900.0, 0.112932496
19910.0, 0.112928696
19920.0, 0.1129249
19930.0, 0.11292111
19940.0, 0.112917334
19950.0, 0.112913564
19960.0, 0.112909794
19970.0, 0.11290604
19980.0, 0.11290229
19990.0, 0.11289854
20000.0, 0.11289481
20010.0, 0.112891085
20020.0, 0.11288737
20030.0, 0.11288365
20040.0, 0.11287995
20050.0, 0.11287625
20060.0, 0.11287256
20070.0, 0.112868875
20080.0, 0.1128652
20090.0, 0.11286154
20100.0, 0.11285787
20110.0, 0.11285422
20120.0, 0.11285057
20130.0, 0.11284693
20140.0, 0.112843305
20150.0, 0.112839684
20160.0, 0.11283606
20170.0, 0.11283245
20180.0, 0.11282885
20190.0, 0.11282526
20200.0, 0.11282167
20210.0, 0.112818085
20220.0, 0.11281451
20230.0, 0.11281095
20240.0, 0.112807386
20250.0, 0.11280383
20260.0, 0.11280029
20270.0, 0.112796746
20280.0, 0.112793215
20290.0, 0.11278969
20300.0, 0.112786174
20310.0, 0.112782665
20320.0, 0.11277916
20330.0, 0.11277567
20340.0, 0.112772174
20350.0, 0.112768695
20360.0, 0.112765215
20370.0, 0.11276175
20380.0, 0.11275829
20390.0, 0.11275484
20400.0, 0.11275139
20410.0, 0.112747945
20420.0, 0.11274451
20430.0, 0.11274108
20440.0, 0.11273767
20450.0, 0.11273425
20460.0, 0.112730846
20470.0, 0.11272745
20480.0, 0.11272405
20490.0, 0.11272067
20500.0, 0.112717286
20510.0, 0.11271392
20520.0, 0.11271055
20530.0, 0.11270719
20540.0, 0.11270384
20550.0, 0.11270049
20560.0, 0.112697154
20570.0, 0.112693824
20580.0, 0.1126905
20590.0, 0.11268717
20600.0, 0.11268386
20610.0, 0.112680554
20620.0, 0.112677254
20630.0, 0.11267396
20640.0, 0.112670675
20650.0, 0.1126674
20660.0, 0.112664126
20670.0, 0.11266086
20680.0, 0.1126576
20690.0, 0.11265434
20700.0, 0.112651095
20710.0, 0.112647854
20720.0, 0.11264462
20730.0, 0.1126414
20740.0, 0.11263818
20750.0, 0.112634964
20760.0, 0.11263175
20770.0, 0.11262855
20780.0, 0.11262535
20790.0, 0.11262217
20800.0, 0.11261899
20810.0, 0.11261581
20820.0, 0.112612635
20830.0, 0.11260948
20840.0, 0.112606324
20850.0, 0.112603165
20860.0, 0.11260002
20870.0, 0.112596884
20880.0, 0.112593755
20890.0, 0.112590626
20900.0, 0.11258751
20910.0, 0.11258439
20920.0, 0.11258129
20930.0, 0.11257818
20940.0, 0.11257509
20950.0, 0.11257201
20960.0, 0.112568915
20970.0, 0.112565845
20980.0, 0.11256277
20990.0, 0.11255971
21000.0, 0.11255665
21010.0, 0.112553604
21020.0, 0.11255055
21030.0, 0.11254752
21040.0, 0.112544484
21050.0, 0.11254145
21060.0, 0.112538435
21070.0, 0.11253542
21080.0, 0.11253241
21090.0, 0.112529404
21100.0, 0.1125264
21110.0, 0.112523414
21120.0, 0.112520434
21130.0, 0.112517454
21140.0, 0.11251447
21150.0, 0.11251151
21160.0, 0.11250855
21170.0, 0.1125056
21180.0, 0.11250264
21190.0, 0.1124997
21200.0, 0.11249676
21210.0, 0.112493835
21220.0, 0.11249091
21230.0, 0.11248798
21240.0, 0.112485066
21250.0, 0.11248216
21260.0, 0.112479255
21270.0, 0.112476364
21280.0, 0.11247347
21290.0, 0.11247058
21300.0, 0.112467706
21310.0, 0.11246483
21320.0, 0.11246196
21330.0, 0.1124591
21340.0, 0.11245625
21350.0, 0.11245339
21360.0, 0.11245055
21370.0, 0.11244771
21380.0, 0.11244487
21390.0, 0.11244205
21400.0, 0.11243922
21410.0, 0.1124364
21420.0, 0.11243359
21430.0, 0.11243078
21440.0, 0.11242799
21450.0, 0.11242519
21460.0, 0.1124224
21470.0, 0.11241962
21480.0, 0.11241684
21490.0, 0.11241407
21500.0, 0.112411305
21510.0, 0.11240854
21520.0, 0.112405784
21530.0, 0.112403035
21540.0, 0.11240029
21550.0, 0.11239755
21560.0, 0.11239481
21570.0, 0.11239209
21580.0, 0.11238936
21590.0, 0.112386644
21600.0, 0.11238394
21610.0, 0.11238123
21620.0, 0.11237853
21630.0, 0.11237583
21640.0, 0.112373136
21650.0, 0.112370454
21660.0, 0.11236777
21670.0, 0.112365104
21680.0, 0.11236243
21690.0, 0.11235977
21700.0, 0.11235711
21710.0, 0.11235446
21720.0, 0.112351805
21730.0, 0.11234917
21740.0, 0.11234653
21750.0, 0.1123439
21760.0, 0.11234127
21770.0, 0.11233865
21780.0, 0.11233603
21790.0, 0.112333424
21800.0, 0.11233082
21810.0, 0.11232822
21820.0, 0.11232562
21830.0, 0.11232303
21840.0, 0.112320445
21850.0, 0.11231787
21860.0, 0.11231529
21870.0, 0.11231272
21880.0, 0.112310156
21890.0, 0.1123076
21900.0, 0.112305045
21910.0, 0.11230249
21920.0, 0.11229995
21930.0, 0.11229741
21940.0, 0.11229488
21950.0, 0.11229234
21960.0, 0.11228982
21970.0, 0.112287305
21980.0, 0.112284794
21990.0, 0.11228228
22000.0, 0.11227978
22010.0, 0.112277284
22020.0, 0.11227478
22030.0, 0.11227229
22040.0, 0.11226981
22050.0, 0.11226734
22060.0, 0.112264864
22070.0, 0.11226239
22080.0, 0.11225993
22090.0, 0.11225747
22100.0, 0.112255014
22110.0, 0.11225257
22120.0, 0.11225013
22130.0, 0.11224768
22140.0, 0.11224525
22150.0, 0.11224282
22160.0, 0.1122404
22170.0, 0.112237975
22180.0, 0.11223556
22190.0, 0.11223315
22200.0, 0.11223074
22210.0, 0.11222835
22220.0, 0.11222595
22230.0, 0.11222356
22240.0, 0.11222117
22250.0, 0.11221879
22260.0, 0.112216406
22270.0, 0.112214044
22280.0, 0.112211674
22290.0, 0.11220931
22300.0, 0.11220695
22310.0, 0.1122046
22320.0, 0.11220225
22330.0, 0.11219991
22340.0, 0.11219756
22350.0, 0.11219523
22360.0, 0.11219291
22370.0, 0.11219058
22380.0, 0.11218826
22390.0, 0.11218595
22400.0, 0.11218363
22410.0, 0.11218132
22420.0, 0.112179026
22430.0, 0.112176724
22440.0, 0.11217443
22450.0, 0.11217215
22460.0, 0.11216986
22470.0, 0.11216758
22480.0, 0.11216531
22490.0, 0.11216304
22500.0, 0.11216077
22510.0, 0.11215851
22520.0, 0.11215626
22530.0, 0.112154
22540.0, 0.11215176
22550.0, 0.11214951
22560.0, 0.11214727
22570.0, 0.11214504
22580.0, 0.11214281
22590.0, 0.11214058
22600.0, 0.11213837
22610.0, 0.112136155
22620.0, 0.112133935
22630.0, 0.11213173
22640.0, 0.112129524
22650.0, 0.11212733
22660.0, 0.11212513
22670.0, 0.112122945
22680.0, 0.11212076
22690.0, 0.11211857
22700.0, 0.112116404
22710.0, 0.11211423
22720.0, 0.11211206
22730.0, 0.1121099
22740.0, 0.11210774
22750.0, 0.112105586
22760.0, 0.11210343
22770.0, 0.11210129
22780.0, 0.11209915
22790.0, 0.112097
22800.0, 0.11209487
22810.0, 0.11209274
22820.0, 0.11209062
22830.0, 0.1120885
22840.0, 0.11208638
22850.0, 0.11208427
22860.0, 0.11208216
22870.0, 0.11208006
22880.0, 0.11207796
22890.0, 0.112075865
22900.0, 0.112073764
22910.0, 0.11207168
22920.0, 0.1120696
22930.0, 0.11206752
22940.0, 0.11206545
22950.0, 0.11206338
22960.0, 0.112061314
22970.0, 0.11205925
22980.0, 0.112057194
22990.0, 0.11205514
23000.0, 0.11205309
23010.0, 0.11205104
23020.0, 0.112049
23030.0, 0.112046964
23040.0, 0.11204493
23050.0, 0.112042904
23060.0, 0.11204088
23070.0, 0.11203885
23080.0, 0.11203684
23090.0, 0.11203482
23100.0, 0.112032816
23110.0, 0.112030804
23120.0, 0.11202881
23130.0, 0.1120268
23140.0, 0.112024814
23150.0, 0.112022825
23160.0, 0.11202084
23170.0, 0.11201886
23180.0, 0.11201689
23190.0, 0.11201491
23200.0, 0.11201294
23210.0, 0.11201097
23220.0, 0.11200901
23230.0, 0.11200706
23240.0, 0.1120051
23250.0, 0.11200315
23260.0, 0.1120012
23270.0, 0.111999266
23280.0, 0.11199733
23290.0, 0.11199539
23300.0, 0.111993454
23310.0, 0.11199153
23320.0, 0.11198961
23330.0, 0.11198769
23340.0, 0.11198577
23350.0, 0.111983865
23360.0, 0.11198196
23370.0, 0.11198005
23380.0, 0.11197816
23390.0, 0.11197626
23400.0, 0.11197436
23410.0, 0.11197248
23420.0, 0.11197059
23430.0, 0.11196871
23440.0, 0.11196683
23450.0, 0.111964956
23460.0, 0.11196309
23470.0, 0.11196122
23480.0, 0.11195937
23490.0, 0.111957505
23500.0, 0.11195564
23510.0, 0.111953795
23520.0, 0.11195195
23530.0, 0.11195011
23540.0, 0.11194827
23550.0, 0.111946434
23560.0, 0.11194459
23570.0, 0.11194277
23580.0, 0.11194094
23590.0, 0.111939125
23600.0, 0.1119373
23610.0, 0.11193549
23620.0, 0.11193367
23630.0, 0.11193187
23640.0, 0.11193007
23650.0, 0.11192826
23660.0, 0.11192647
23670.0, 0.11192468
23680.0, 0.11192289
23690.0, 0.11192111
23700.0, 0.11191932
23710.0, 0.11191754
23720.0, 0.11191576
23730.0, 0.111913994
23740.0, 0.11191223
23750.0, 0.11191046
23760.0, 0.111908704
23770.0, 0.111906946
23780.0, 0.11190519
23790.0, 0.11190344
23800.0, 0.11190169
23810.0, 0.11189996
23820.0, 0.111898206
23830.0, 0.11189648
23840.0, 0.11189474
23850.0, 0.11189301
23860.0, 0.111891285
23870.0, 0.11188956
23880.0, 0.11188784
23890.0, 0.11188613
23900.0, 0.111884415
23910.0, 0.11188271
23920.0, 0.111881
23930.0, 0.111879304
23940.0, 0.111877605
23950.0, 0.11187591
23960.0, 0.111874215
23970.0, 0.111872524
23980.0, 0.11187084
23990.0, 0.111869164
24000.0, 0.11186748
24010.0, 0.11186581
24020.0, 0.111864135
24030.0, 0.111862466
24040.0, 0.1118608
24050.0, 0.111859135
24060.0, 0.11185748
24070.0, 0.11185583
24080.0, 0.11185417
24090.0, 0.11185253
24100.0, 0.11185088
24110.0, 0.11184924
24120.0, 0.1118476
24130.0, 0.11184596
24140.0, 0.11184433
24150.0, 0.11184271
24160.0, 0.11184108
24170.0, 0.11183946
24180.0, 0.11183784
24190.0, 0.111836225
24200.0, 0.11183461
24210.0, 0.111833
24220.0, 0.1118314
24230.0, 0.11182979
24240.0, 0.11182819
24250.0, 0.11182659
24260.0, 0.111825
24270.0, 0.11182341
24280.0, 0.11182183
24290.0, 0.11182024
24300.0, 0.111818664
24310.0, 0.111817084
24320.0, 0.11181551
24330.0, 0.11181394
24340.0, 0.11181237
24350.0, 0.1118108
24360.0, 0.111809246
24370.0, 0.11180769
24380.0, 0.11180613
24390.0, 0.111804575
24400.0, 0.111803025
24410.0, 0.11180148
24420.0, 0.11179994
24430.0, 0.1117984
24440.0, 0.11179686
24450.0, 0.11179532
24460.0, 0.1117938
24470.0, 0.11179227
24480.0, 0.11179075
24490.0, 0.11178922
24500.0, 0.11178771
24510.0, 0.11178619
24520.0, 0.111784674
24530.0, 0.11178317
24540.0, 0.111781664
24550.0, 0.11178015
24560.0, 0.111778654
24570.0, 0.11177716
24580.0, 0.11177567
24590.0, 0.11177417
24600.0, 0.111772686
24610.0, 0.111771196
24620.0, 0.11176971
24630.0, 0.11176824
24640.0, 0.111766756
24650.0, 0.11176529
24660.0, 0.11176381
24670.0, 0.111762345
24680.0, 0.111760885
24690.0, 0.11175942
24700.0, 0.111757964
24710.0, 0.1117565
24720.0, 0.11175505
24730.0, 0.111753605
24740.0, 0.11175215
24750.0, 0.11175071
24760.0, 0.11174927
24770.0, 0.11174783
24780.0, 0.11174639
24790.0, 0.11174496
24800.0, 0.111743525
24810.0, 0.111742094
24820.0, 0.11174068
24830.0, 0.11173925
24840.0, 0.11173783
24850.0, 0.111736424
24860.0, 0.11173501
24870.0, 0.1117336
24880.0, 0.111732185
24890.0, 0.111730784
24900.0, 0.11172938
24910.0, 0.11172798
24920.0, 0.11172658
24930.0, 0.111725196
24940.0, 0.1117238
24950.0, 0.11172242
24960.0, 0.11172103
24970.0, 0.111719646
24980.0, 0.11171827
24990.0, 0.11171689
25000.0, 0.11171552
25010.0, 0.11171415
25020.0, 0.111712776
25030.0, 0.11171141
25040.0, 0.11171005
25050.0, 0.111708686
25060.0, 0.11170733
25070.0, 0.111705974
25080.0, 0.11170462
25090.0, 0.11170327
25100.0, 0.11170193
25110.0, 0.11170058
25120.0, 0.11169924
25130.0, 0.111697905
25140.0, 0.11169656
25150.0, 0.11169523
25160.0, 0.111693904
25170.0, 0.11169258
25180.0, 0.111691244
25190.0, 0.111689925
25200.0, 0.11168861
25210.0, 0.11168729
25220.0, 0.11168597
25230.0, 0.11168466
25240.0, 0.11168335
25250.0, 0.11168204
25260.0, 0.11168073
25270.0, 0.111679435
25280.0, 0.11167814
25290.0, 0.11167684
25300.0, 0.111675546
25310.0, 0.11167426
25320.0, 0.11167296
25330.0, 0.11167168
25340.0, 0.1116704
25350.0, 0.111669116
25360.0, 0.111667834
25370.0, 0.11166656
25380.0, 0.11166528
25390.0, 0.11166401
25400.0, 0.111662745
25410.0, 0.11166148
25420.0, 0.11166022
25430.0, 0.11165895
25440.0, 0.1116577
25450.0, 0.11165644
25460.0, 0.11165519
25470.0, 0.11165394
25480.0, 0.11165269
25490.0, 0.11165144
25500.0, 0.1116502
25510.0, 0.111648954
25520.0, 0.11164772
25530.0, 0.11164648
25540.0, 0.11164525
25550.0, 0.11164402
25560.0, 0.11164279
25570.0, 0.11164156
25580.0, 0.11164034
25590.0, 0.11163912
25600.0, 0.1116379
25610.0, 0.11163668
25620.0, 0.11163547
25630.0, 0.11163426
25640.0, 0.11163305
25650.0, 0.11163184
25660.0, 0.11163064
25670.0, 0.111629434
25680.0, 0.111628234
25690.0, 0.11162704
25700.0, 0.11162584
25710.0, 0.11162465
25720.0, 0.111623466
25730.0, 0.11162228
25740.0, 0.1116211
25750.0, 0.11161991
25760.0, 0.11161873
25770.0, 0.11161755
25780.0, 0.11161637
25790.0, 0.1116152
25800.0, 0.111614026
25810.0, 0.11161286
25820.0, 0.1116117
25830.0, 0.11161053
25840.0, 0.11160937
25850.0, 0.111608215
25860.0, 0.11160705
25870.0, 0.1116059
25880.0, 0.11160474
25890.0, 0.1116036
25900.0, 0.11160245
25910.0, 0.1116013
25920.0, 0.11160016
25930.0, 0.11159902
25940.0, 0.11159789
25950.0, 0.11159675
25960.0, 0.11159561
25970.0, 0.111594476
25980.0, 0.11159334
25990.0, 0.111592226
26000.0, 0.1115911
26010.0, 0.111589976
26020.0, 0.11158885
26030.0, 0.11158774
26040.0, 0.11158662
26050.0, 0.111585505
26060.0, 0.11158439
26070.0, 0.111583285
26080.0, 0.111582175
26090.0, 0.11158107
26100.0, 0.11157997
26110.0, 0.111578874
26120.0, 0.11157777
26130.0, 0.11157667
26140.0, 0.11157558
26150.0, 0.111574486
26160.0, 0.1115734
26170.0, 0.11157232
26180.0, 0.11157123
26190.0, 0.11157014
26200.0, 0.11156906
26210.0, 0.11156798
26220.0, 0.1115669
26230.0, 0.111565836
26240.0, 0.11156476
26250.0, 0.11156369
26260.0, 0.111562625
26270.0, 0.11156155
26280.0, 0.111560486
26290.0, 0.11155943
26300.0, 0.11155837
26310.0, 0.11155731
26320.0, 0.111556254
26330.0, 0.111555204
26340.0, 0.11155415
26350.0, 0.1115531
26360.0, 0.11155206
26370.0, 0.11155101
26380.0, 0.111549966
26390.0, 0.11154893
26400.0, 0.11154789
26410.0, 0.11154685
26420.0, 0.111545816
26430.0, 0.11154479
26440.0, 0.11154375
26450.0, 0.11154273
26460.0, 0.1115417
26470.0, 0.11154068
26480.0, 0.111539654
26490.0, 0.11153864
26500.0, 0.11153762
26510.0, 0.11153661
26520.0, 0.11153559
26530.0, 0.11153458
26540.0, 0.11153357
26550.0, 0.11153256
26560.0, 0.11153155
26570.0, 0.11153055
26580.0, 0.111529544
26590.0, 0.111528546
26600.0, 0.11152755
26610.0, 0.11152656
26620.0, 0.11152556
26630.0, 0.11152457
26640.0, 0.111523576
26650.0, 0.11152259
26660.0, 0.11152161
26670.0, 0.11152062
26680.0, 0.11151964
26690.0, 0.11151866
26700.0, 0.11151768
26710.0, 0.11151671
26720.0, 0.11151573
26730.0, 0.11151476
26740.0, 0.111513786
26750.0, 0.11151282
26760.0, 0.11151186
26770.0, 0.11151089
26780.0, 0.11150993
26790.0, 0.11150896
26800.0, 0.111508004
26810.0, 0.11150705
26820.0, 0.11150609
26830.0, 0.11150514
26840.0, 0.11150419
26850.0, 0.111503236
26860.0, 0.11150229
26870.0, 0.11150135
26880.0, 0.111500405
26890.0, 0.111499466
26900.0, 0.11149853
26910.0, 0.11149758
26920.0, 0.11149665
26930.0, 0.11149572
26940.0, 0.11149479
26950.0, 0.11149385
26960.0, 0.111492924
26970.0, 0.111492
26980.0, 0.11149107
26990.0, 0.111490145
27000.0, 0.11148923
27010.0, 0.11148831
27020.0, 0.11148739
27030.0, 0.11148647
27040.0, 0.11148556
27050.0, 0.111484654
27060.0, 0.11148374
27070.0, 0.11148283
27080.0, 0.11148193
27090.0, 0.111481026
27100.0, 0.11148012
27110.0, 0.111479215
27120.0, 0.11147832
27130.0, 0.11147742
27140.0, 0.11147652
27150.0, 0.111475624
27160.0, 0.11147474
27170.0, 0.11147385
27180.0, 0.111472964
27190.0, 0.11147208
27200.0, 0.11147118
27210.0, 0.111470304
27220.0, 0.111469425
27230.0, 0.111468546
27240.0, 0.11146767
27250.0, 0.111466795
27260.0, 0.11146591
27270.0, 0.11146504
27280.0, 0.11146417
27290.0, 0.1114633
27300.0, 0.11146244
27310.0, 0.11146157
27320.0, 0.1114607
27330.0, 0.11145984
27340.0, 0.11145898
27350.0, 0.11145812
27360.0, 0.111457266
27370.0, 0.11145641
27380.0, 0.11145556
27390.0, 0.1114547
27400.0, 0.11145385
27410.0, 0.11145301
27420.0, 0.111452155
27430.0, 0.11145131
27440.0, 0.11145046
27450.0, 0.11144963
27460.0, 0.11144879
27470.0, 0.111447945
27480.0, 0.11144711
27490.0, 0.11144628
27500.0, 0.11144544
27510.0, 0.111444615
27520.0, 0.11144378
27530.0, 0.11144295
27540.0, 0.11144213
27550.0, 0.11144131
27560.0, 0.11144048
27570.0, 0.11143966
27580.0, 0.11143884
27590.0, 0.11143802
27600.0, 0.1114372
27610.0, 0.11143639
27620.0, 0.11143558
27630.0, 0.111434765
27640.0, 0.11143395
27650.0, 0.11143314
27660.0, 0.111432336
27670.0, 0.11143153
27680.0, 0.11143073
27690.0, 0.11142992
27700.0, 0.111429125
27710.0, 0.11142832
27720.0, 0.11142752
27730.0, 0.111426726
27740.0, 0.111425936
27750.0, 0.11142514
27760.0, 0.11142435
27770.0, 0.11142356
27780.0, 0.11142277
27790.0, 0.11142198
27800.0, 0.1114212
27810.0, 0.111420415
27820.0, 0.11141963
27830.0, 0.11141885
27840.0, 0.11141807
27850.0, 0.11141729
27860.0, 0.111416526
27870.0, 0.11141575
27880.0, 0.11141498
27890.0, 0.1114142
27900.0, 0.111413434
27910.0, 0.11141267
27920.0, 0.1114119
27930.0, 0.11141113
27940.0, 0.11141037
27950.0, 0.11140961
27960.0, 0.11140885
27970.0, 0.11140809
27980.0, 0.11140733
27990.0, 0.11140658
28000.0, 0.11140582
28010.0, 0.11140507
28020.0, 0.111404315
28030.0, 0.11140358
28040.0, 0.111402825
28050.0, 0.11140208
28060.0, 0.11140133
28070.0, 0.11140058
28080.0, 0.111399844
28090.0, 0.11139911
28100.0, 0.11139837
28110.0, 0.111397624
28120.0, 0.11139689
28130.0, 0.111396156
28140.0, 0.111395426
28150.0, 0.111394696
28160.0, 0.11139396
28170.0, 0.11139323
28180.0, 0.1113925
28190.0, 0.11139178
28200.0, 0.11139105
28210.0, 0.11139033
28220.0, 0.11138961
28230.0, 0.111388884
28240.0, 0.11138817
28250.0, 0.111387454
28260.0, 0.11138674
28270.0, 0.111386016
28280.0, 0.11138531
28290.0, 0.1113846
28300.0, 0.111383885
28310.0, 0.11138318
28320.0, 0.11138248
28330.0, 0.11138177
28340.0, 0.11138106
28350.0, 0.11138035
28360.0, 0.11137966
28370.0, 0.11137895
28380.0, 0.11137825
28390.0, 0.11137755
28400.0, 0.11137687
28410.0, 0.11137617
28420.0, 0.11137547
28430.0, 0.11137479
28440.0, 0.111374095
28450.0, 0.1113734
28460.0, 0.11137272
28470.0, 0.11137203
28480.0, 0.11137134
28490.0, 0.11137065
28500.0, 0.111369975
28510.0, 0.1113693
28520.0, 0.11136861
28530.0, 0.11136794
28540.0, 0.11136726
28550.0, 0.111366585
28560.0, 0.111365914
28570.0, 0.11136524
28580.0, 0.111364566
28590.0, 0.111363895
28600.0, 0.111363225
28610.0, 0.111362554
28620.0, 0.11136189
28630.0, 0.11136123
28640.0, 0.111360565
28650.0, 0.1113599
28660.0, 0.11135924
28670.0, 0.11135858
28680.0, 0.11135792
28690.0, 0.111357264
28700.0, 0.11135661
28710.0, 0.11135595
28720.0, 0.111355305
28730.0, 0.11135465
28740.0, 0.111354
28750.0, 0.11135335
28760.0, 0.111352704
28770.0, 0.11135206
28780.0, 0.111351416
28790.0, 0.11135077
28800.0, 0.11135013
28810.0, 0.111349486
28820.0, 0.111348845
28830.0, 0.111348204
28840.0, 0.11134756
28850.0, 0.11134693
28860.0, 0.1113463
28870.0, 0.11134566
28880.0, 0.11134503
28890.0, 0.111344405
28900.0, 0.11134377
28910.0, 0.111343145
28920.0, 0.11134251
28930.0, 0.111341886
28940.0, 0.11134126
28950.0, 0.111340635
28960.0, 0.111340016
28970.0, 0.11133939
28980.0, 0.11133878
28990.0, 0.11133815
29000.0, 0.11133754
29010.0, 0.111336924
29020.0, 0.11133631
29030.0, 0.111335695
29040.0, 0.111335084
29050.0, 0.111334465
29060.0, 0.11133386
29070.0, 0.11133325
29080.0, 0.11133265
29090.0, 0.11133204
29100.0, 0.11133143
29110.0, 0.11133083
29120.0, 0.111330226
29130.0, 0.11132962
29140.0, 0.11132903
29150.0, 0.11132842
29160.0, 0.11132783
29170.0, 0.11132722
29180.0, 0.111326635
29190.0, 0.11132604
29200.0, 0.11132544
29210.0, 0.11132485
29220.0, 0.111324266
29230.0, 0.11132368
29240.0, 0.11132308
29250.0, 0.1113225
29260.0, 0.11132191
29270.0, 0.11132133
29280.0, 0.11132074
29290.0, 0.11132016
29300.0, 0.11131957
29310.0, 0.111319
29320.0, 0.111318424
29330.0, 0.111317836
29340.0, 0.11131726
29350.0, 0.11131669
29360.0, 0.111316115
29370.0, 0.11131553
29380.0, 0.11131497
29390.0, 0.1113144
29400.0, 0.11131383
29410.0, 0.11131326
29420.0, 0.11131269
29430.0, 0.11131212
29440.0, 0.11131156
29450.0, 0.11131099
29460.0, 0.11131043
29470.0, 0.11130986
29480.0, 0.111309305
29490.0, 0.111308746
29500.0, 0.11130819
29510.0, 0.11130763
29520.0, 0.11130708
29530.0, 0.11130652
29540.0, 0.11130597
29550.0, 0.11130541
29560.0, 0.11130486
29570.0, 0.11130431
29580.0, 0.111303754
29590.0, 0.11130321
29600.0, 0.11130267
29610.0, 0.111302115
29620.0, 0.11130157
29630.0, 0.11130103
29640.0, 0.11130048
29650.0, 0.11129994
29660.0, 0.1112994
29670.0, 0.11129886
29680.0, 0.11129832
29690.0, 0.111297786
29700.0, 0.11129724
29710.0, 0.111296706
29720.0, 0.11129618
29730.0, 0.11129564
29740.0, 0.11129511
29750.0, 0.11129458
29760.0, 0.111294046
29770.0, 0.11129352
29780.0, 0.11129299
29790.0, 0.11129246
29800.0, 0.11129194
29810.0, 0.11129141
29820.0, 0.11129089
29830.0, 0.11129036
29840.0, 0.111289844
29850.0, 0.11128932
29860.0, 0.1112888
29870.0, 0.11128828
29880.0, 0.111287765
29890.0, 0.11128725
29900.0, 0.11128673
29910.0, 0.111286215
29920.0, 0.1112857
29930.0, 0.111285195
29940.0, 0.11128467
29950.0, 0.11128417
29960.0, 0.11128366
29970.0, 0.111283146
29980.0, 0.11128264
29990.0, 0.11128213
30000.0, 0.11128163
