Energy (in eV), backscattering yield of material gr2k-NASCAP at incidence 50.000004 degree
   X,       Y
0.0, 0.0
10.0, 0.0
20.0, 0.0
30.0, 0.0
40.0, 0.0
50.0, 0.0
60.0, 0.051882196
70.0, 0.076866366
80.0, 0.09521462
90.0, 0.109848924
100.0, 0.12203631
110.0, 0.13247105
120.0, 0.14158267
130.0, 0.1496579
140.0, 0.15689866
150.0, 0.1634528
160.0, 0.16943206
170.0, 0.17492302
180.0, 0.17999409
190.0, 0.18470037
200.0, 0.18908682
210.0, 0.19319063
220.0, 0.19704297
230.0, 0.20067008
240.0, 0.2040944
250.0, 0.20733519
260.0, 0.2104091
270.0, 0.2133307
280.0, 0.21611267
290.0, 0.21876629
300.0, 0.22130142
310.0, 0.22372694
320.0, 0.22605076
330.0, 0.22827992
340.0, 0.23042086
350.0, 0.23247927
360.0, 0.23446043
370.0, 0.2363691
380.0, 0.23820955
390.0, 0.23998576
400.0, 0.24170144
410.0, 0.24335982
420.0, 0.24496403
430.0, 0.24651691
440.0, 0.24802102
450.0, 0.24947889
460.0, 0.25089264
470.0, 0.2522645
480.0, 0.25359637
490.0, 0.25489005
500.0, 0.2561473
510.0, 0.25736964
520.0, 0.2585586
530.0, 0.25971562
540.0, 0.2608419
550.0, 0.2619388
560.0, 0.26300746
570.0, 0.26404893
580.0, 0.2650643
590.0, 0.2660545
600.0, 0.26702052
610.0, 0.2679632
620.0, 0.26888338
630.0, 0.26978183
640.0, 0.27065933
650.0, 0.27151656
660.0, 0.27235425
670.0, 0.273173
680.0, 0.27397344
690.0, 0.27475616
700.0, 0.27552173
710.0, 0.27627063
720.0, 0.27700344
730.0, 0.27772057
740.0, 0.2784226
750.0, 0.27910984
760.0, 0.2797828
770.0, 0.28044188
780.0, 0.2810875
790.0, 0.28171998
800.0, 0.2823397
810.0, 0.282947
820.0, 0.28354225
830.0, 0.28412575
840.0, 0.2846978
850.0, 0.2852587
860.0, 0.28580877
870.0, 0.28634822
880.0, 0.2868774
890.0, 0.28739646
900.0, 0.28790578
910.0, 0.28840548
920.0, 0.28889582
930.0, 0.28937706
940.0, 0.28984937
950.0, 0.29031304
960.0, 0.29076818
970.0, 0.29121503
980.0, 0.29165375
990.0, 0.29208454
1000.0, 0.2925076
1010.0, 0.29229936
1020.0, 0.29209143
1030.0, 0.29188386
1040.0, 0.2916766
1050.0, 0.2914697
1060.0, 0.2912631
1070.0, 0.2910569
1080.0, 0.29085097
1090.0, 0.2906454
1100.0, 0.29044014
1110.0, 0.2902352
1120.0, 0.2900306
1130.0, 0.28982633
1140.0, 0.2896224
1150.0, 0.2894188
1160.0, 0.2892155
1170.0, 0.28901255
1180.0, 0.28880993
1190.0, 0.2886076
1200.0, 0.28840563
1210.0, 0.28820398
1220.0, 0.28800264
1230.0, 0.28780162
1240.0, 0.28760096
1250.0, 0.2874006
1260.0, 0.28720057
1270.0, 0.28700086
1280.0, 0.28680146
1290.0, 0.2866024
1300.0, 0.28640366
1310.0, 0.28620523
1320.0, 0.2860071
1330.0, 0.28580934
1340.0, 0.28561187
1350.0, 0.2854147
1360.0, 0.28521788
1370.0, 0.28502136
1380.0, 0.28482518
1390.0, 0.2846293
1400.0, 0.28443375
1410.0, 0.2842385
1420.0, 0.28404358
1430.0, 0.28384894
1440.0, 0.28365466
1450.0, 0.28346068
1460.0, 0.283267
1470.0, 0.28307363
1480.0, 0.2828806
1490.0, 0.28268787
1500.0, 0.28249544
1510.0, 0.28230333
1520.0, 0.28211156
1530.0, 0.28192005
1540.0, 0.28172886
1550.0, 0.281538
1560.0, 0.28134745
1570.0, 0.28115723
1580.0, 0.28096727
1590.0, 0.28077766
1600.0, 0.28058833
1610.0, 0.28039932
1620.0, 0.2802106
1630.0, 0.28002223
1640.0, 0.27983412
1650.0, 0.27964634
1660.0, 0.27945885
1670.0, 0.2792717
1680.0, 0.2790848
1690.0, 0.27889824
1700.0, 0.27871197
1710.0, 0.278526
1720.0, 0.27834037
1730.0, 0.278155
1740.0, 0.27796996
1750.0, 0.27778518
1760.0, 0.27760074
1770.0, 0.2774166
1780.0, 0.27723274
1790.0, 0.27704918
1800.0, 0.27686593
1810.0, 0.27668297
1820.0, 0.2765003
1830.0, 0.27631795
1840.0, 0.2761359
1850.0, 0.27595416
1860.0, 0.27577266
1870.0, 0.2755915
1880.0, 0.27541065
1890.0, 0.27523005
1900.0, 0.27504978
1910.0, 0.27486977
1920.0, 0.2746901
1930.0, 0.27451068
1940.0, 0.27433157
1950.0, 0.2741528
1960.0, 0.27397427
1970.0, 0.27379602
1980.0, 0.2736181
1990.0, 0.27344045
2000.0, 0.2732631
2010.0, 0.273086
2020.0, 0.27290925
2030.0, 0.27273276
2040.0, 0.27255657
2050.0, 0.27238068
2060.0, 0.27220505
2070.0, 0.27202973
2080.0, 0.2718547
2090.0, 0.2716799
2100.0, 0.27150548
2110.0, 0.27133128
2120.0, 0.27115738
2130.0, 0.2709838
2140.0, 0.27081046
2150.0, 0.27063742
2160.0, 0.27046466
2170.0, 0.2702922
2180.0, 0.27012
2190.0, 0.2699481
2200.0, 0.2697765
2210.0, 0.26960513
2220.0, 0.2694341
2230.0, 0.2692633
2240.0, 0.26909283
2250.0, 0.2689226
2260.0, 0.26875266
2270.0, 0.268583
2280.0, 0.26841363
2290.0, 0.26824456
2300.0, 0.26807573
2310.0, 0.2679072
2320.0, 0.26773894
2330.0, 0.26757094
2340.0, 0.26740327
2350.0, 0.26723582
2360.0, 0.26706868
2370.0, 0.2669018
2380.0, 0.2667352
2390.0, 0.26656887
2400.0, 0.2664028
2410.0, 0.26623705
2420.0, 0.26607156
2430.0, 0.2659063
2440.0, 0.26574138
2450.0, 0.2655767
2460.0, 0.26541227
2470.0, 0.26524815
2480.0, 0.2650843
2490.0, 0.26492068
2500.0, 0.26475736
2510.0, 0.26459432
2520.0, 0.26443154
2530.0, 0.26426902
2540.0, 0.26410678
2550.0, 0.2639448
2560.0, 0.2637831
2570.0, 0.26362166
2580.0, 0.2634605
2590.0, 0.26329958
2600.0, 0.26313895
2610.0, 0.26297858
2620.0, 0.2628185
2630.0, 0.26265863
2640.0, 0.26249906
2650.0, 0.26233977
2660.0, 0.26218072
2670.0, 0.26202193
2680.0, 0.2618634
2690.0, 0.26170516
2700.0, 0.26154718
2710.0, 0.26138946
2720.0, 0.26123202
2730.0, 0.2610748
2740.0, 0.26091787
2750.0, 0.2607612
2760.0, 0.26060477
2770.0, 0.2604486
2780.0, 0.2602927
2790.0, 0.26013708
2800.0, 0.25998172
2810.0, 0.2598266
2820.0, 0.25967175
2830.0, 0.25951713
2840.0, 0.2593628
2850.0, 0.2592087
2860.0, 0.25905487
2870.0, 0.2589013
2880.0, 0.258748
2890.0, 0.25859493
2900.0, 0.25844213
2910.0, 0.25828958
2920.0, 0.2581373
2930.0, 0.25798523
2940.0, 0.25783345
2950.0, 0.25768194
2960.0, 0.25753066
2970.0, 0.25737962
2980.0, 0.25722885
2990.0, 0.25707832
3000.0, 0.25692806
3010.0, 0.25677803
3020.0, 0.25662827
3030.0, 0.25647876
3040.0, 0.2563295
3050.0, 0.2561805
3060.0, 0.25603172
3070.0, 0.25588322
3080.0, 0.25573495
3090.0, 0.25558692
3100.0, 0.25543916
3110.0, 0.25529164
3120.0, 0.25514436
3130.0, 0.25499734
3140.0, 0.25485057
3150.0, 0.25470403
3160.0, 0.25455773
3170.0, 0.2544117
3180.0, 0.2542659
3190.0, 0.25412035
3200.0, 0.25397503
3210.0, 0.25383
3220.0, 0.25368515
3230.0, 0.25354058
3240.0, 0.25339624
3250.0, 0.25325215
3260.0, 0.25310832
3270.0, 0.2529647
3280.0, 0.25282136
3290.0, 0.25267822
3300.0, 0.25253534
3310.0, 0.2523927
3320.0, 0.2522503
3330.0, 0.25210816
3340.0, 0.25196624
3350.0, 0.25182456
3360.0, 0.2516831
3370.0, 0.2515419
3380.0, 0.25140095
3390.0, 0.25126022
3400.0, 0.25111973
3410.0, 0.25097945
3420.0, 0.25083944
3430.0, 0.25069967
3440.0, 0.25056013
3450.0, 0.2504208
3460.0, 0.25028175
3470.0, 0.2501429
3480.0, 0.2500043
3490.0, 0.24986593
3500.0, 0.2497278
3510.0, 0.2495899
3520.0, 0.24945223
3530.0, 0.2493148
3540.0, 0.2491776
3550.0, 0.24904063
3560.0, 0.2489039
3570.0, 0.24876739
3580.0, 0.2486311
3590.0, 0.24849507
3600.0, 0.24835926
3610.0, 0.24822368
3620.0, 0.24808833
3630.0, 0.2479532
3640.0, 0.2478183
3650.0, 0.24768364
3660.0, 0.24754919
3670.0, 0.24741499
3680.0, 0.247281
3690.0, 0.24714725
3700.0, 0.24701373
3710.0, 0.24688043
3720.0, 0.24674734
3730.0, 0.24661452
3740.0, 0.24648188
3750.0, 0.24634948
3760.0, 0.24621733
3770.0, 0.24608538
3780.0, 0.24595365
3790.0, 0.24582215
3800.0, 0.24569088
3810.0, 0.24555983
3820.0, 0.24542901
3830.0, 0.24529839
3840.0, 0.24516802
3850.0, 0.24503785
3860.0, 0.24490792
3870.0, 0.2447782
3880.0, 0.24464871
3890.0, 0.24451943
3900.0, 0.24439037
3910.0, 0.24426153
3920.0, 0.24413292
3930.0, 0.24400453
3940.0, 0.24387634
3950.0, 0.24374838
3960.0, 0.24362065
3970.0, 0.24349312
3980.0, 0.24336582
3990.0, 0.24323873
4000.0, 0.24311188
4010.0, 0.24298522
4020.0, 0.24285878
4030.0, 0.24273255
4040.0, 0.24260657
4050.0, 0.24248077
4060.0, 0.2423552
4070.0, 0.24222983
4080.0, 0.2421047
4090.0, 0.24197976
4100.0, 0.24185506
4110.0, 0.24173054
4120.0, 0.24160627
4130.0, 0.24148218
4140.0, 0.24135832
4150.0, 0.24123468
4160.0, 0.24111123
4170.0, 0.240988
4180.0, 0.24086499
4190.0, 0.24074218
4200.0, 0.24061958
4210.0, 0.2404972
4220.0, 0.24037503
4230.0, 0.24025306
4240.0, 0.2401313
4250.0, 0.24000975
4260.0, 0.23988843
4270.0, 0.2397673
4280.0, 0.23964638
4290.0, 0.23952565
4300.0, 0.23940516
4310.0, 0.23928486
4320.0, 0.23916475
4330.0, 0.23904487
4340.0, 0.23892519
4350.0, 0.23880573
4360.0, 0.23868646
4370.0, 0.2385674
4380.0, 0.23844855
4390.0, 0.23832989
4400.0, 0.23821144
4410.0, 0.23809318
4420.0, 0.23797515
4430.0, 0.23785731
4440.0, 0.23773967
4450.0, 0.23762225
4460.0, 0.23750502
4470.0, 0.23738798
4480.0, 0.23727116
4490.0, 0.23715454
4500.0, 0.23703812
4510.0, 0.23692189
4520.0, 0.23680587
4530.0, 0.23669006
4540.0, 0.23657444
4550.0, 0.23645902
4560.0, 0.2363438
4570.0, 0.23622878
4580.0, 0.23611395
4590.0, 0.23599933
4600.0, 0.2358849
4610.0, 0.23577067
4620.0, 0.23565663
4630.0, 0.2355428
4640.0, 0.23542917
4650.0, 0.23531573
4660.0, 0.23520248
4670.0, 0.23508944
4680.0, 0.23497657
4690.0, 0.23486392
4700.0, 0.23475146
4710.0, 0.2346392
4720.0, 0.23452713
4730.0, 0.23441523
4740.0, 0.23430356
4750.0, 0.23419207
4760.0, 0.23408078
4770.0, 0.23396966
4780.0, 0.23385875
4790.0, 0.23374803
4800.0, 0.23363751
4810.0, 0.23352717
4820.0, 0.23341703
4830.0, 0.23330708
4840.0, 0.23319732
4850.0, 0.23308775
4860.0, 0.23297836
4870.0, 0.23286918
4880.0, 0.23276018
4890.0, 0.23265137
4900.0, 0.23254274
4910.0, 0.2324343
4920.0, 0.23232608
4930.0, 0.23221801
4940.0, 0.23211014
4950.0, 0.23200245
4960.0, 0.23189497
4970.0, 0.23178767
4980.0, 0.23168054
4990.0, 0.23157361
5000.0, 0.23146687
5010.0, 0.2313603
5020.0, 0.23125394
5030.0, 0.23114775
5040.0, 0.23104174
5050.0, 0.23093593
5060.0, 0.2308303
5070.0, 0.23072484
5080.0, 0.23061958
5090.0, 0.2305145
5100.0, 0.23040959
5110.0, 0.23030488
5120.0, 0.23020034
5130.0, 0.230096
5140.0, 0.22999182
5150.0, 0.22988784
5160.0, 0.22978404
5170.0, 0.2296804
5180.0, 0.22957698
5190.0, 0.22947371
5200.0, 0.22937062
5210.0, 0.22926773
5220.0, 0.22916502
5230.0, 0.22906247
5240.0, 0.2289601
5250.0, 0.22885792
5260.0, 0.22875592
5270.0, 0.2286541
5280.0, 0.22855245
5290.0, 0.22845098
5300.0, 0.2283497
5310.0, 0.22824858
5320.0, 0.22814766
5330.0, 0.2280469
5340.0, 0.22794631
5350.0, 0.2278459
5360.0, 0.22774568
5370.0, 0.22764562
5380.0, 0.22754574
5390.0, 0.22744605
5400.0, 0.22734651
5410.0, 0.22724716
5420.0, 0.22714798
5430.0, 0.22704898
5440.0, 0.22695014
5450.0, 0.2268515
5460.0, 0.22675301
5470.0, 0.2266547
5480.0, 0.22655655
5490.0, 0.2264586
5500.0, 0.2263608
5510.0, 0.22626318
5520.0, 0.22616573
5530.0, 0.22606845
5540.0, 0.22597134
5550.0, 0.22587441
5560.0, 0.22577764
5570.0, 0.22568104
5580.0, 0.22558463
5590.0, 0.22548836
5600.0, 0.22539228
5610.0, 0.22529636
5620.0, 0.22520062
5630.0, 0.22510503
5640.0, 0.22500964
5650.0, 0.22491439
5660.0, 0.22481932
5670.0, 0.2247244
5680.0, 0.22462966
5690.0, 0.2245351
5700.0, 0.2244407
5710.0, 0.22434644
5720.0, 0.22425239
5730.0, 0.22415848
5740.0, 0.22406472
5750.0, 0.22397116
5760.0, 0.22387774
5770.0, 0.2237845
5780.0, 0.22369143
5790.0, 0.22359851
5800.0, 0.22350577
5810.0, 0.22341317
5820.0, 0.22332075
5830.0, 0.2232285
5840.0, 0.2231364
5850.0, 0.22304447
5860.0, 0.2229527
5870.0, 0.2228611
5880.0, 0.22276965
5890.0, 0.22267836
5900.0, 0.22258723
5910.0, 0.22249627
5920.0, 0.22240548
5930.0, 0.22231483
5940.0, 0.22222435
5950.0, 0.22213404
5960.0, 0.22204389
5970.0, 0.22195388
5980.0, 0.22186404
5990.0, 0.22177437
6000.0, 0.22168484
6010.0, 0.22159548
6020.0, 0.22150628
6030.0, 0.22141723
6040.0, 0.22132835
6050.0, 0.22123963
6060.0, 0.22115105
6070.0, 0.22106263
6080.0, 0.22097439
6090.0, 0.22088629
6100.0, 0.22079834
6110.0, 0.22071056
6120.0, 0.22062291
6130.0, 0.22053544
6140.0, 0.22044812
6150.0, 0.22036096
6160.0, 0.22027396
6170.0, 0.2201871
6180.0, 0.2201004
6190.0, 0.22001386
6200.0, 0.21992746
6210.0, 0.21984123
6220.0, 0.21975514
6230.0, 0.21966921
6240.0, 0.21958344
6250.0, 0.21949781
6260.0, 0.21941234
6270.0, 0.21932702
6280.0, 0.21924184
6290.0, 0.21915683
6300.0, 0.21907197
6310.0, 0.21898726
6320.0, 0.21890269
6330.0, 0.21881828
6340.0, 0.21873403
6350.0, 0.21864991
6360.0, 0.21856596
6370.0, 0.21848214
6380.0, 0.21839848
6390.0, 0.21831498
6400.0, 0.2182316
6410.0, 0.2181484
6420.0, 0.21806534
6430.0, 0.21798243
6440.0, 0.21789965
6450.0, 0.21781702
6460.0, 0.21773456
6470.0, 0.21765223
6480.0, 0.21757005
6490.0, 0.21748802
6500.0, 0.21740614
6510.0, 0.2173244
6520.0, 0.2172428
6530.0, 0.21716137
6540.0, 0.21708006
6550.0, 0.2169989
6560.0, 0.2169179
6570.0, 0.21683703
6580.0, 0.21675631
6590.0, 0.21667574
6600.0, 0.21659532
6610.0, 0.21651503
6620.0, 0.2164349
6630.0, 0.2163549
6640.0, 0.21627505
6650.0, 0.21619533
6660.0, 0.21611577
6670.0, 0.21603635
6680.0, 0.21595705
6690.0, 0.21587792
6700.0, 0.21579891
6710.0, 0.21572006
6720.0, 0.21564135
6730.0, 0.21556278
6740.0, 0.21548434
6750.0, 0.21540605
6760.0, 0.21532789
6770.0, 0.21524988
6780.0, 0.21517201
6790.0, 0.21509428
6800.0, 0.2150167
6810.0, 0.21493924
6820.0, 0.21486193
6830.0, 0.21478476
6840.0, 0.21470772
6850.0, 0.21463083
6860.0, 0.21455407
6870.0, 0.21447745
6880.0, 0.21440098
6890.0, 0.21432464
6900.0, 0.21424843
6910.0, 0.21417235
6920.0, 0.21409643
6930.0, 0.21402064
6940.0, 0.21394497
6950.0, 0.21386945
6960.0, 0.21379407
6970.0, 0.21371882
6980.0, 0.2136437
6990.0, 0.21356872
7000.0, 0.21349388
7010.0, 0.21341917
7020.0, 0.21334459
7030.0, 0.21327016
7040.0, 0.21319585
7050.0, 0.21312168
7060.0, 0.21304764
7070.0, 0.21297374
7080.0, 0.21289997
7090.0, 0.21282634
7100.0, 0.21275283
7110.0, 0.21267946
7120.0, 0.21260622
7130.0, 0.21253312
7140.0, 0.21246015
7150.0, 0.21238731
7160.0, 0.21231459
7170.0, 0.212242
7180.0, 0.21216957
7190.0, 0.21209724
7200.0, 0.21202506
7210.0, 0.211953
7220.0, 0.21188109
7230.0, 0.21180929
7240.0, 0.21173763
7250.0, 0.21166609
7260.0, 0.21159469
7270.0, 0.21152341
7280.0, 0.21145226
7290.0, 0.21138124
7300.0, 0.21131036
7310.0, 0.21123959
7320.0, 0.21116897
7330.0, 0.21109846
7340.0, 0.21102808
7350.0, 0.21095784
7360.0, 0.21088772
7370.0, 0.21081772
7380.0, 0.21074785
7390.0, 0.21067812
7400.0, 0.2106085
7410.0, 0.21053901
7420.0, 0.21046965
7430.0, 0.21040042
7440.0, 0.2103313
7450.0, 0.21026231
7460.0, 0.21019346
7470.0, 0.21012473
7480.0, 0.21005611
7490.0, 0.20998763
7500.0, 0.20991927
7510.0, 0.20985104
7520.0, 0.20978293
7530.0, 0.20971493
7540.0, 0.20964707
7550.0, 0.20957933
7560.0, 0.20951171
7570.0, 0.20944422
7580.0, 0.20937684
7590.0, 0.20930961
7600.0, 0.20924248
7610.0, 0.20917547
7620.0, 0.20910858
7630.0, 0.20904183
7640.0, 0.20897518
7650.0, 0.20890866
7660.0, 0.20884226
7670.0, 0.208776
7680.0, 0.20870984
7690.0, 0.2086438
7700.0, 0.20857789
7710.0, 0.2085121
7720.0, 0.20844641
7730.0, 0.20838086
7740.0, 0.20831543
7750.0, 0.20825012
7760.0, 0.20818493
7770.0, 0.20811984
7780.0, 0.20805489
7790.0, 0.20799005
7800.0, 0.20792532
7810.0, 0.20786072
7820.0, 0.20779623
7830.0, 0.20773186
7840.0, 0.20766762
7850.0, 0.20760348
7860.0, 0.20753947
7870.0, 0.20747557
7880.0, 0.20741178
7890.0, 0.20734812
7900.0, 0.20728457
7910.0, 0.20722114
7920.0, 0.20715782
7930.0, 0.20709462
7940.0, 0.20703153
7950.0, 0.20696856
7960.0, 0.20690571
7970.0, 0.20684296
7980.0, 0.20678034
7990.0, 0.20671783
8000.0, 0.20665544
8010.0, 0.20659316
8020.0, 0.20653099
8030.0, 0.20646894
8040.0, 0.206407
8050.0, 0.20634517
8060.0, 0.20628345
8070.0, 0.20622185
8080.0, 0.20616037
8090.0, 0.20609899
8100.0, 0.20603773
8110.0, 0.20597658
8120.0, 0.20591554
8130.0, 0.20585461
8140.0, 0.2057938
8150.0, 0.20573309
8160.0, 0.2056725
8170.0, 0.20561202
8180.0, 0.20555165
8190.0, 0.2054914
8200.0, 0.20543125
8210.0, 0.20537122
8220.0, 0.20531128
8230.0, 0.20525147
8240.0, 0.20519175
8250.0, 0.20513216
8260.0, 0.20507267
8270.0, 0.20501329
8280.0, 0.20495401
8290.0, 0.20489486
8300.0, 0.20483582
8310.0, 0.20477687
8320.0, 0.20471802
8330.0, 0.20465931
8340.0, 0.20460068
8350.0, 0.20454217
8360.0, 0.20448378
8370.0, 0.20442547
8380.0, 0.20436728
8390.0, 0.20430921
8400.0, 0.20425123
8410.0, 0.20419335
8420.0, 0.2041356
8430.0, 0.20407794
8440.0, 0.2040204
8450.0, 0.20396295
8460.0, 0.2039056
8470.0, 0.20384838
8480.0, 0.20379126
8490.0, 0.20373423
8500.0, 0.20367731
8510.0, 0.2036205
8520.0, 0.2035638
8530.0, 0.2035072
8540.0, 0.2034507
8550.0, 0.20339431
8560.0, 0.20333801
8570.0, 0.20328182
8580.0, 0.20322575
8590.0, 0.20316976
8600.0, 0.2031139
8610.0, 0.20305812
8620.0, 0.20300245
8630.0, 0.20294689
8640.0, 0.20289142
8650.0, 0.20283607
8660.0, 0.2027808
8670.0, 0.20272565
8680.0, 0.2026706
8690.0, 0.20261563
8700.0, 0.20256078
8710.0, 0.20250604
8720.0, 0.20245138
8730.0, 0.20239684
8740.0, 0.20234239
8750.0, 0.20228805
8760.0, 0.2022338
8770.0, 0.20217966
8780.0, 0.20212561
8790.0, 0.20207167
8800.0, 0.20201781
8810.0, 0.20196407
8820.0, 0.20191042
8830.0, 0.20185687
8840.0, 0.20180343
8850.0, 0.20175007
8860.0, 0.20169683
8870.0, 0.20164368
8880.0, 0.20159061
8890.0, 0.20153767
8900.0, 0.2014848
8910.0, 0.20143205
8920.0, 0.20137939
8930.0, 0.20132683
8940.0, 0.20127435
8950.0, 0.20122199
8960.0, 0.20116971
8970.0, 0.20111753
8980.0, 0.20106547
8990.0, 0.20101348
9000.0, 0.20096159
9010.0, 0.20090981
9020.0, 0.20085812
9030.0, 0.20080651
9040.0, 0.20075502
9050.0, 0.2007036
9060.0, 0.2006523
9070.0, 0.20060109
9080.0, 0.20054995
9090.0, 0.20049894
9100.0, 0.20044799
9110.0, 0.20039716
9120.0, 0.20034643
9130.0, 0.20029578
9140.0, 0.20024522
9150.0, 0.20019476
9160.0, 0.2001444
9170.0, 0.20009412
9180.0, 0.20004395
9190.0, 0.19999386
9200.0, 0.19994387
9210.0, 0.19989397
9220.0, 0.19984417
9230.0, 0.19979446
9240.0, 0.19974484
9250.0, 0.1996953
9260.0, 0.19964586
9270.0, 0.19959651
9280.0, 0.19954728
9290.0, 0.1994981
9300.0, 0.19944903
9310.0, 0.19940007
9320.0, 0.19935116
9330.0, 0.19930238
9340.0, 0.19925366
9350.0, 0.19920506
9360.0, 0.19915652
9370.0, 0.1991081
9380.0, 0.19905975
9390.0, 0.19901149
9400.0, 0.19896333
9410.0, 0.19891526
9420.0, 0.19886728
9430.0, 0.19881938
9440.0, 0.19877157
9450.0, 0.19872385
9460.0, 0.19867623
9470.0, 0.1986287
9480.0, 0.19858125
9490.0, 0.1985339
9500.0, 0.19848661
9510.0, 0.19843943
9520.0, 0.19839233
9530.0, 0.19834532
9540.0, 0.19829841
9550.0, 0.19825158
9560.0, 0.19820483
9570.0, 0.19815816
9580.0, 0.1981116
9590.0, 0.1980651
9600.0, 0.19801871
9610.0, 0.1979724
9620.0, 0.19792618
9630.0, 0.19788004
9640.0, 0.19783399
9650.0, 0.19778803
9660.0, 0.19774213
9670.0, 0.19769634
9680.0, 0.19765064
9690.0, 0.19760501
9700.0, 0.19755948
9710.0, 0.19751403
9720.0, 0.19746865
9730.0, 0.19742337
9740.0, 0.19737817
9750.0, 0.19733307
9760.0, 0.19728802
9770.0, 0.1972431
9780.0, 0.19719823
9790.0, 0.19715345
9800.0, 0.19710876
9810.0, 0.19706415
9820.0, 0.19701962
9830.0, 0.19697519
9840.0, 0.19693083
9850.0, 0.19688655
9860.0, 0.19684236
9870.0, 0.19679825
9880.0, 0.19675422
9890.0, 0.19671027
9900.0, 0.1966664
9910.0, 0.19662262
9920.0, 0.19657893
9930.0, 0.19653532
9940.0, 0.1964918
9950.0, 0.19644833
9960.0, 0.19640496
9970.0, 0.19636166
9980.0, 0.19631846
9990.0, 0.19627532
10000.0, 0.19623229
10010.0, 0.19618933
10020.0, 0.19614644
10030.0, 0.19610363
10040.0, 0.1960609
10050.0, 0.19601826
10060.0, 0.19597569
10070.0, 0.19593321
10080.0, 0.1958908
10090.0, 0.19584848
10100.0, 0.19580624
10110.0, 0.19576408
10120.0, 0.19572198
10130.0, 0.19567998
10140.0, 0.19563805
10150.0, 0.19559619
10160.0, 0.19555442
10170.0, 0.19551273
10180.0, 0.19547111
10190.0, 0.19542958
10200.0, 0.19538812
10210.0, 0.19534674
10220.0, 0.19530544
10230.0, 0.1952642
10240.0, 0.19522306
10250.0, 0.195182
10260.0, 0.195141
10270.0, 0.1951001
10280.0, 0.19505925
10290.0, 0.1950185
10300.0, 0.1949778
10310.0, 0.1949372
10320.0, 0.19489667
10330.0, 0.19485621
10340.0, 0.19481583
10350.0, 0.19477552
10360.0, 0.1947353
10370.0, 0.19469514
10380.0, 0.19465508
10390.0, 0.19461507
10400.0, 0.19457515
10410.0, 0.1945353
10420.0, 0.19449553
10430.0, 0.19445583
10440.0, 0.1944162
10450.0, 0.19437665
10460.0, 0.19433717
10470.0, 0.19429778
10480.0, 0.19425844
10490.0, 0.19421919
10500.0, 0.19418001
10510.0, 0.19414091
10520.0, 0.19410188
10530.0, 0.19406292
10540.0, 0.19402404
10550.0, 0.19398522
10560.0, 0.1939465
10570.0, 0.19390783
10580.0, 0.19386923
10590.0, 0.19383071
10600.0, 0.19379227
10610.0, 0.1937539
10620.0, 0.1937156
10630.0, 0.19367737
10640.0, 0.1936392
10650.0, 0.19360113
10660.0, 0.19356312
10670.0, 0.19352517
10680.0, 0.1934873
10690.0, 0.19344951
10700.0, 0.19341178
10710.0, 0.19337413
10720.0, 0.19333655
10730.0, 0.19329904
10740.0, 0.19326158
10750.0, 0.19322422
10760.0, 0.19318692
10770.0, 0.19314969
10780.0, 0.19311254
10790.0, 0.19307545
10800.0, 0.19303842
10810.0, 0.19300148
10820.0, 0.1929646
10830.0, 0.1929278
10840.0, 0.19289106
10850.0, 0.19285439
10860.0, 0.19281779
10870.0, 0.19278125
10880.0, 0.19274479
10890.0, 0.1927084
10900.0, 0.19267207
10910.0, 0.19263582
10920.0, 0.19259964
10930.0, 0.1925635
10940.0, 0.19252746
10950.0, 0.19249149
10960.0, 0.19245556
10970.0, 0.19241972
10980.0, 0.19238394
10990.0, 0.19234824
11000.0, 0.1923126
11010.0, 0.19227703
11020.0, 0.19224152
11030.0, 0.19220608
11040.0, 0.1921707
11050.0, 0.19213541
11060.0, 0.19210017
11070.0, 0.19206499
11080.0, 0.1920299
11090.0, 0.19199486
11100.0, 0.19195987
11110.0, 0.19192497
11120.0, 0.19189014
11130.0, 0.19185536
11140.0, 0.19182065
11150.0, 0.19178602
11160.0, 0.19175144
11170.0, 0.19171692
11180.0, 0.19168249
11190.0, 0.19164811
11200.0, 0.1916138
11210.0, 0.19157955
11220.0, 0.19154535
11230.0, 0.19151124
11240.0, 0.1914772
11250.0, 0.1914432
11260.0, 0.19140929
11270.0, 0.19137542
11280.0, 0.19134162
11290.0, 0.19130789
11300.0, 0.19127423
11310.0, 0.19124062
11320.0, 0.19120708
11330.0, 0.19117361
11340.0, 0.19114019
11350.0, 0.19110684
11360.0, 0.19107357
11370.0, 0.19104034
11380.0, 0.19100718
11390.0, 0.19097409
11400.0, 0.19094105
11410.0, 0.19090809
11420.0, 0.19087519
11430.0, 0.19084233
11440.0, 0.19080955
11450.0, 0.19077682
11460.0, 0.19074418
11470.0, 0.19071157
11480.0, 0.19067904
11490.0, 0.19064657
11500.0, 0.19061416
11510.0, 0.19058181
11520.0, 0.19054954
11530.0, 0.1905173
11540.0, 0.19048515
11550.0, 0.19045305
11560.0, 0.190421
11570.0, 0.19038902
11580.0, 0.1903571
11590.0, 0.19032525
11600.0, 0.19029345
11610.0, 0.1902617
11620.0, 0.19023004
11630.0, 0.19019842
11640.0, 0.19016686
11650.0, 0.19013537
11660.0, 0.19010393
11670.0, 0.19007257
11680.0, 0.19004124
11690.0, 0.19001
11700.0, 0.1899788
11710.0, 0.18994765
11720.0, 0.18991658
11730.0, 0.18988556
11740.0, 0.18985459
11750.0, 0.1898237
11760.0, 0.18979286
11770.0, 0.18976207
11780.0, 0.18973136
11790.0, 0.18970068
11800.0, 0.18967007
11810.0, 0.18963952
11820.0, 0.18960904
11830.0, 0.18957861
11840.0, 0.18954824
11850.0, 0.18951793
11860.0, 0.18948767
11870.0, 0.18945746
11880.0, 0.18942732
11890.0, 0.18939723
11900.0, 0.1893672
11910.0, 0.18933724
11920.0, 0.18930733
11930.0, 0.18927749
11940.0, 0.18924767
11950.0, 0.18921793
11960.0, 0.18918826
11970.0, 0.18915863
11980.0, 0.18912905
11990.0, 0.18909954
12000.0, 0.18907008
12010.0, 0.18904069
12020.0, 0.18901134
12030.0, 0.18898205
12040.0, 0.1889528
12050.0, 0.18892363
12060.0, 0.18889451
12070.0, 0.18886545
12080.0, 0.18883644
12090.0, 0.18880749
12100.0, 0.18877858
12110.0, 0.18874975
12120.0, 0.18872094
12130.0, 0.18869221
12140.0, 0.18866353
12150.0, 0.18863492
12160.0, 0.18860634
12170.0, 0.18857783
12180.0, 0.18854935
12190.0, 0.18852097
12200.0, 0.18849261
12210.0, 0.18846431
12220.0, 0.18843608
12230.0, 0.18840788
12240.0, 0.18837975
12250.0, 0.18835166
12260.0, 0.18832363
12270.0, 0.18829566
12280.0, 0.18826775
12290.0, 0.18823989
12300.0, 0.18821207
12310.0, 0.1881843
12320.0, 0.18815659
12330.0, 0.18812895
12340.0, 0.18810135
12350.0, 0.1880738
12360.0, 0.1880463
12370.0, 0.18801886
12380.0, 0.18799147
12390.0, 0.18796413
12400.0, 0.18793686
12410.0, 0.18790962
12420.0, 0.18788244
12430.0, 0.1878553
12440.0, 0.18782824
12450.0, 0.18780121
12460.0, 0.18777424
12470.0, 0.18774733
12480.0, 0.18772045
12490.0, 0.18769363
12500.0, 0.18766688
12510.0, 0.18764015
12520.0, 0.1876135
12530.0, 0.18758687
12540.0, 0.18756032
12550.0, 0.18753381
12560.0, 0.18750735
12570.0, 0.18748094
12580.0, 0.18745458
12590.0, 0.18742828
12600.0, 0.18740202
12610.0, 0.18737581
12620.0, 0.18734966
12630.0, 0.18732356
12640.0, 0.18729751
12650.0, 0.1872715
12660.0, 0.18724555
12670.0, 0.18721965
12680.0, 0.18719378
12690.0, 0.18716799
12700.0, 0.18714222
12710.0, 0.1871165
12720.0, 0.18709086
12730.0, 0.18706524
12740.0, 0.18703969
12750.0, 0.18701419
12760.0, 0.18698873
12770.0, 0.1869633
12780.0, 0.18693796
12790.0, 0.18691263
12800.0, 0.18688737
12810.0, 0.18686216
12820.0, 0.18683699
12830.0, 0.18681186
12840.0, 0.1867868
12850.0, 0.18676177
12860.0, 0.18673679
12870.0, 0.18671186
12880.0, 0.186687
12890.0, 0.18666215
12900.0, 0.18663737
12910.0, 0.18661264
12920.0, 0.18658796
12930.0, 0.18656331
12940.0, 0.18653871
12950.0, 0.18651417
12960.0, 0.18648967
12970.0, 0.18646522
12980.0, 0.18644081
12990.0, 0.18641646
13000.0, 0.18639216
13010.0, 0.18636788
13020.0, 0.18634367
13030.0, 0.1863195
13040.0, 0.18629538
13050.0, 0.1862713
13060.0, 0.18624727
13070.0, 0.1862233
13080.0, 0.18619934
13090.0, 0.18617545
13100.0, 0.18615161
13110.0, 0.18612781
13120.0, 0.18610404
13130.0, 0.18608035
13140.0, 0.18605669
13150.0, 0.18603306
13160.0, 0.1860095
13170.0, 0.18598597
13180.0, 0.18596248
13190.0, 0.18593906
13200.0, 0.18591566
13210.0, 0.18589231
13220.0, 0.18586902
13230.0, 0.18584576
13240.0, 0.18582255
13250.0, 0.18579939
13260.0, 0.18577626
13270.0, 0.1857532
13280.0, 0.18573016
13290.0, 0.18570717
13300.0, 0.18568423
13310.0, 0.18566133
13320.0, 0.18563847
13330.0, 0.18561566
13340.0, 0.18559289
13350.0, 0.18557017
13360.0, 0.18554749
13370.0, 0.18552487
13380.0, 0.18550226
13390.0, 0.18547972
13400.0, 0.18545721
13410.0, 0.18543476
13420.0, 0.18541233
13430.0, 0.18538997
13440.0, 0.18536763
13450.0, 0.18534534
13460.0, 0.1853231
13470.0, 0.1853009
13480.0, 0.18527874
13490.0, 0.18525662
13500.0, 0.18523455
13510.0, 0.18521251
13520.0, 0.18519053
13530.0, 0.1851686
13540.0, 0.18514667
13550.0, 0.18512481
13560.0, 0.185103
13570.0, 0.18508121
13580.0, 0.18505949
13590.0, 0.1850378
13600.0, 0.18501616
13610.0, 0.18499453
13620.0, 0.18497297
13630.0, 0.18495144
13640.0, 0.18492995
13650.0, 0.18490852
13660.0, 0.18488713
13670.0, 0.18486577
13680.0, 0.18484445
13690.0, 0.18482317
13700.0, 0.18480194
13710.0, 0.18478073
13720.0, 0.18475959
13730.0, 0.18473847
13740.0, 0.1847174
13750.0, 0.18469638
13760.0, 0.18467538
13770.0, 0.18465444
13780.0, 0.18463352
13790.0, 0.18461266
13800.0, 0.18459183
13810.0, 0.18457104
13820.0, 0.18455029
13830.0, 0.18452959
13840.0, 0.1845089
13850.0, 0.1844883
13860.0, 0.1844677
13870.0, 0.18444715
13880.0, 0.18442665
13890.0, 0.18440618
13900.0, 0.18438575
13910.0, 0.18436536
13920.0, 0.184345
13930.0, 0.1843247
13940.0, 0.18430443
13950.0, 0.1842842
13960.0, 0.184264
13970.0, 0.18424386
13980.0, 0.18422374
13990.0, 0.18420367
14000.0, 0.18418363
14010.0, 0.18416364
14020.0, 0.18414368
14030.0, 0.18412375
14040.0, 0.18410388
14050.0, 0.18408403
14060.0, 0.18406422
14070.0, 0.18404445
14080.0, 0.18402474
14090.0, 0.18400505
14100.0, 0.1839854
14110.0, 0.18396579
14120.0, 0.1839462
14130.0, 0.18392667
14140.0, 0.18390717
14150.0, 0.18388772
14160.0, 0.18386829
14170.0, 0.1838489
14180.0, 0.18382956
14190.0, 0.18381023
14200.0, 0.18379097
14210.0, 0.18377173
14220.0, 0.18375254
14230.0, 0.18373337
14240.0, 0.18371424
14250.0, 0.18369517
14260.0, 0.18367611
14270.0, 0.18365711
14280.0, 0.18363813
14290.0, 0.18361919
14300.0, 0.18360028
14310.0, 0.18358141
14320.0, 0.18356258
14330.0, 0.1835438
14340.0, 0.18352503
14350.0, 0.18350632
14360.0, 0.18348762
14370.0, 0.18346898
14380.0, 0.18345037
14390.0, 0.1834318
14400.0, 0.18341327
14410.0, 0.18339476
14420.0, 0.1833763
14430.0, 0.18335786
14440.0, 0.18333946
14450.0, 0.1833211
14460.0, 0.18330278
14470.0, 0.18328449
14480.0, 0.18326624
14490.0, 0.18324803
14500.0, 0.18322985
14510.0, 0.1832117
14520.0, 0.1831936
14530.0, 0.1831755
14540.0, 0.18315746
14550.0, 0.18313946
14560.0, 0.1831215
14570.0, 0.18310356
14580.0, 0.18308567
14590.0, 0.18306778
14600.0, 0.18304995
14610.0, 0.18303216
14620.0, 0.1830144
14630.0, 0.18299668
14640.0, 0.18297897
14650.0, 0.18296131
14660.0, 0.1829437
14670.0, 0.1829261
14680.0, 0.18290855
14690.0, 0.18289103
14700.0, 0.18287353
14710.0, 0.18285608
14720.0, 0.18283866
14730.0, 0.18282127
14740.0, 0.18280393
14750.0, 0.1827866
14760.0, 0.18276933
14770.0, 0.18275207
14780.0, 0.18273486
14790.0, 0.18271767
14800.0, 0.18270051
14810.0, 0.18268341
14820.0, 0.18266632
14830.0, 0.18264927
14840.0, 0.18263224
14850.0, 0.18261527
14860.0, 0.18259831
14870.0, 0.1825814
14880.0, 0.18256451
14890.0, 0.18254766
14900.0, 0.18253084
14910.0, 0.18251404
14920.0, 0.1824973
14930.0, 0.18248057
14940.0, 0.18246388
14950.0, 0.18244722
14960.0, 0.18243061
14970.0, 0.18241403
14980.0, 0.18239745
14990.0, 0.18238093
15000.0, 0.18236443
15010.0, 0.18234797
15020.0, 0.18233155
15030.0, 0.18231514
15040.0, 0.18229878
15050.0, 0.18228243
15060.0, 0.18226613
15070.0, 0.18224986
15080.0, 0.18223363
15090.0, 0.18221742
15100.0, 0.18220124
15110.0, 0.1821851
15120.0, 0.18216899
15130.0, 0.1821529
15140.0, 0.18213685
15150.0, 0.18212083
15160.0, 0.18210484
15170.0, 0.18208888
15180.0, 0.18207297
15190.0, 0.18205707
15200.0, 0.18204121
15210.0, 0.18202537
15220.0, 0.18200958
15230.0, 0.1819938
15240.0, 0.18197806
15250.0, 0.18196234
15260.0, 0.18194667
15270.0, 0.18193102
15280.0, 0.1819154
15290.0, 0.1818998
15300.0, 0.18188426
15310.0, 0.18186873
15320.0, 0.18185323
15330.0, 0.18183777
15340.0, 0.18182233
15350.0, 0.18180692
15360.0, 0.18179154
15370.0, 0.1817762
15380.0, 0.18176089
15390.0, 0.1817456
15400.0, 0.18173034
15410.0, 0.18171512
15420.0, 0.18169992
15430.0, 0.18168475
15440.0, 0.18166961
15450.0, 0.1816545
15460.0, 0.18163943
15470.0, 0.18162437
15480.0, 0.18160936
15490.0, 0.18159437
15500.0, 0.18157941
15510.0, 0.18156448
15520.0, 0.18154958
15530.0, 0.18153471
15540.0, 0.18151985
15550.0, 0.18150504
15560.0, 0.18149024
15570.0, 0.1814755
15580.0, 0.18146077
15590.0, 0.18144608
15600.0, 0.1814314
15610.0, 0.18141675
15620.0, 0.18140213
15630.0, 0.18138756
15640.0, 0.181373
15650.0, 0.18135847
15660.0, 0.18134397
15670.0, 0.18132949
15680.0, 0.18131505
15690.0, 0.18130063
15700.0, 0.18128625
15710.0, 0.1812719
15720.0, 0.18125755
15730.0, 0.18124326
15740.0, 0.18122897
15750.0, 0.18121473
15760.0, 0.18120052
15770.0, 0.18118632
15780.0, 0.18117215
15790.0, 0.18115802
15800.0, 0.18114391
15810.0, 0.18112983
15820.0, 0.18111578
15830.0, 0.18110175
15840.0, 0.18108775
15850.0, 0.18107377
15860.0, 0.18105984
15870.0, 0.18104592
15880.0, 0.18103203
15890.0, 0.18101816
15900.0, 0.18100433
15910.0, 0.18099053
15920.0, 0.18097675
15930.0, 0.180963
15940.0, 0.18094926
15950.0, 0.18093556
15960.0, 0.18092188
15970.0, 0.18090823
15980.0, 0.18089461
15990.0, 0.18088102
16000.0, 0.18086746
16010.0, 0.18085392
16020.0, 0.18084042
16030.0, 0.18082692
16040.0, 0.18081345
16050.0, 0.18080002
16060.0, 0.18078662
16070.0, 0.18077324
16080.0, 0.18075988
16090.0, 0.18074654
16100.0, 0.18073323
16110.0, 0.18071997
16120.0, 0.18070671
16130.0, 0.18069348
16140.0, 0.18068029
16150.0, 0.1806671
16160.0, 0.18065396
16170.0, 0.18064085
16180.0, 0.18062773
16190.0, 0.18061468
16200.0, 0.18060163
16210.0, 0.1805886
16220.0, 0.18057561
16230.0, 0.18056265
16240.0, 0.1805497
16250.0, 0.18053678
16260.0, 0.18052389
16270.0, 0.18051103
16280.0, 0.18049818
16290.0, 0.18048535
16300.0, 0.18047257
16310.0, 0.1804598
16320.0, 0.18044706
16330.0, 0.18043435
16340.0, 0.18042164
16350.0, 0.18040898
16360.0, 0.18039633
16370.0, 0.18038373
16380.0, 0.18037114
16390.0, 0.18035856
16400.0, 0.18034601
16410.0, 0.1803335
16420.0, 0.180321
16430.0, 0.18030852
16440.0, 0.18029608
16450.0, 0.18028365
16460.0, 0.18027125
16470.0, 0.18025889
16480.0, 0.18024653
16490.0, 0.18023421
16500.0, 0.18022192
16510.0, 0.18020964
16520.0, 0.18019739
16530.0, 0.18018517
16540.0, 0.18017296
16550.0, 0.18016078
16560.0, 0.18014862
16570.0, 0.18013649
16580.0, 0.18012437
16590.0, 0.18011229
16600.0, 0.18010023
16610.0, 0.18008819
16620.0, 0.18007618
16630.0, 0.18006419
16640.0, 0.18005222
16650.0, 0.18004027
16660.0, 0.18002836
16670.0, 0.18001647
16680.0, 0.1800046
16690.0, 0.17999275
16700.0, 0.1799809
16710.0, 0.1799691
16720.0, 0.17995733
16730.0, 0.17994557
16740.0, 0.17993383
16750.0, 0.17992213
16760.0, 0.17991044
16770.0, 0.17989877
16780.0, 0.17988713
16790.0, 0.17987551
16800.0, 0.17986391
16810.0, 0.17985234
16820.0, 0.17984079
16830.0, 0.17982925
16840.0, 0.17981775
16850.0, 0.17980626
16860.0, 0.1797948
16870.0, 0.17978337
16880.0, 0.17977194
16890.0, 0.17976056
16900.0, 0.17974919
16910.0, 0.17973784
16920.0, 0.17972651
16930.0, 0.1797152
16940.0, 0.17970394
16950.0, 0.17969267
16960.0, 0.17968144
16970.0, 0.17967021
16980.0, 0.17965901
16990.0, 0.17964785
17000.0, 0.1796367
17010.0, 0.17962557
17020.0, 0.17961447
17030.0, 0.17960337
17040.0, 0.17959231
17050.0, 0.17958127
17060.0, 0.17957026
17070.0, 0.17955926
17080.0, 0.17954828
17090.0, 0.17953733
17100.0, 0.17952639
17110.0, 0.17951548
17120.0, 0.17950459
17130.0, 0.17949373
17140.0, 0.17948288
17150.0, 0.17947206
17160.0, 0.17946124
17170.0, 0.17945045
17180.0, 0.1794397
17190.0, 0.17942896
17200.0, 0.17941824
17210.0, 0.17940755
17220.0, 0.17939685
17230.0, 0.1793862
17240.0, 0.17937556
17250.0, 0.17936495
17260.0, 0.17935435
17270.0, 0.17934377
17280.0, 0.17933322
17290.0, 0.1793227
17300.0, 0.1793122
17310.0, 0.17930171
17320.0, 0.17929123
17330.0, 0.17928077
17340.0, 0.17927034
17350.0, 0.17925994
17360.0, 0.17924955
17370.0, 0.17923918
17380.0, 0.17922884
17390.0, 0.17921852
17400.0, 0.17920822
17410.0, 0.17919792
17420.0, 0.17918766
17430.0, 0.1791774
17440.0, 0.17916718
17450.0, 0.17915697
17460.0, 0.17914678
17470.0, 0.17913663
17480.0, 0.17912647
17490.0, 0.17911635
17500.0, 0.17910625
17510.0, 0.17909616
17520.0, 0.1790861
17530.0, 0.17907605
17540.0, 0.17906602
17550.0, 0.17905602
17560.0, 0.17904603
17570.0, 0.17903607
17580.0, 0.17902613
17590.0, 0.17901619
17600.0, 0.17900628
17610.0, 0.1789964
17620.0, 0.17898652
17630.0, 0.17897667
17640.0, 0.17896685
17650.0, 0.17895703
17660.0, 0.17894724
17670.0, 0.17893746
17680.0, 0.17892772
17690.0, 0.17891797
17700.0, 0.17890827
17710.0, 0.17889857
17720.0, 0.17888889
17730.0, 0.17887923
17740.0, 0.17886959
17750.0, 0.17885998
17760.0, 0.17885037
17770.0, 0.17884079
17780.0, 0.17883123
17790.0, 0.17882168
17800.0, 0.17881216
17810.0, 0.17880264
17820.0, 0.17879316
17830.0, 0.1787837
17840.0, 0.17877425
17850.0, 0.1787648
17860.0, 0.1787554
17870.0, 0.178746
17880.0, 0.17873661
17890.0, 0.17872727
17900.0, 0.17871793
17910.0, 0.1787086
17920.0, 0.1786993
17930.0, 0.17869002
17940.0, 0.17868075
17950.0, 0.1786715
17960.0, 0.17866227
17970.0, 0.17865306
17980.0, 0.17864387
17990.0, 0.1786347
18000.0, 0.17862552
18010.0, 0.1786164
18020.0, 0.17860727
18030.0, 0.17859818
18040.0, 0.17858908
18050.0, 0.17858002
18060.0, 0.17857097
18070.0, 0.17856194
18080.0, 0.17855291
18090.0, 0.17854393
18100.0, 0.17853495
18110.0, 0.17852598
18120.0, 0.17851704
18130.0, 0.17850812
18140.0, 0.1784992
18150.0, 0.17849031
18160.0, 0.17848144
18170.0, 0.17847258
18180.0, 0.17846376
18190.0, 0.17845492
18200.0, 0.17844613
18210.0, 0.17843734
18220.0, 0.17842858
18230.0, 0.17841981
18240.0, 0.17841108
18250.0, 0.17840236
18260.0, 0.17839368
18270.0, 0.17838499
18280.0, 0.17837632
18290.0, 0.17836767
18300.0, 0.17835903
18310.0, 0.17835042
18320.0, 0.17834184
18330.0, 0.17833324
18340.0, 0.17832467
18350.0, 0.17831613
18360.0, 0.17830761
18370.0, 0.1782991
18380.0, 0.17829059
18390.0, 0.17828211
18400.0, 0.17827366
18410.0, 0.1782652
18420.0, 0.17825678
18430.0, 0.17824836
18440.0, 0.17823997
18450.0, 0.17823158
18460.0, 0.17822322
18470.0, 0.17821488
18480.0, 0.17820655
18490.0, 0.17819823
18500.0, 0.17818993
18510.0, 0.17818166
18520.0, 0.1781734
18530.0, 0.17816514
18540.0, 0.17815691
18550.0, 0.17814869
18560.0, 0.1781405
18570.0, 0.17813231
18580.0, 0.17812414
18590.0, 0.17811601
18600.0, 0.17810786
18610.0, 0.17809974
18620.0, 0.17809165
18630.0, 0.17808355
18640.0, 0.17807549
18650.0, 0.17806743
18660.0, 0.1780594
18670.0, 0.17805135
18680.0, 0.17804337
18690.0, 0.17803536
18700.0, 0.17802739
18710.0, 0.17801943
18720.0, 0.17801148
18730.0, 0.17800356
18740.0, 0.17799564
18750.0, 0.17798774
18760.0, 0.17797986
18770.0, 0.17797199
18780.0, 0.17796414
18790.0, 0.1779563
18800.0, 0.17794849
18810.0, 0.17794068
18820.0, 0.17793289
18830.0, 0.17792512
18840.0, 0.17791736
18850.0, 0.17790961
18860.0, 0.1779019
18870.0, 0.17789418
18880.0, 0.17788647
18890.0, 0.1778788
18900.0, 0.17787114
18910.0, 0.17786348
18920.0, 0.17785585
18930.0, 0.17784822
18940.0, 0.17784062
18950.0, 0.17783302
18960.0, 0.17782545
18970.0, 0.17781788
18980.0, 0.17781033
18990.0, 0.1778028
19000.0, 0.17779529
19010.0, 0.17778778
19020.0, 0.1777803
19030.0, 0.17777283
19040.0, 0.17776537
19050.0, 0.17775792
19060.0, 0.1777505
19070.0, 0.17774309
19080.0, 0.17773569
19090.0, 0.17772831
19100.0, 0.17772092
19110.0, 0.17771357
19120.0, 0.17770624
19130.0, 0.17769891
19140.0, 0.1776916
19150.0, 0.17768429
19160.0, 0.17767702
19170.0, 0.17766975
19180.0, 0.17766249
19190.0, 0.17765525
19200.0, 0.17764802
19210.0, 0.17764081
19220.0, 0.17763361
19230.0, 0.17762643
19240.0, 0.17761926
19250.0, 0.17761211
19260.0, 0.17760497
19270.0, 0.17759785
19280.0, 0.17759074
19290.0, 0.17758363
19300.0, 0.17757654
19310.0, 0.17756948
19320.0, 0.17756243
19330.0, 0.17755538
19340.0, 0.17754835
19350.0, 0.17754135
19360.0, 0.17753433
19370.0, 0.17752735
19380.0, 0.17752038
19390.0, 0.17751342
19400.0, 0.17750648
19410.0, 0.17749953
19420.0, 0.17749263
19430.0, 0.17748572
19440.0, 0.17747883
19450.0, 0.17747195
19460.0, 0.1774651
19470.0, 0.17745824
19480.0, 0.1774514
19490.0, 0.17744459
19500.0, 0.17743777
19510.0, 0.17743097
19520.0, 0.17742419
19530.0, 0.17741743
19540.0, 0.17741066
19550.0, 0.17740393
19560.0, 0.17739719
19570.0, 0.17739049
19580.0, 0.17738378
19590.0, 0.17737709
19600.0, 0.17737041
19610.0, 0.17736375
19620.0, 0.1773571
19630.0, 0.17735046
19640.0, 0.17734385
19650.0, 0.17733723
19660.0, 0.17733064
19670.0, 0.17732406
19680.0, 0.17731749
19690.0, 0.17731093
19700.0, 0.17730437
19710.0, 0.17729785
19720.0, 0.17729133
19730.0, 0.17728482
19740.0, 0.17727832
19750.0, 0.17727184
19760.0, 0.17726538
19770.0, 0.17725892
19780.0, 0.17725249
19790.0, 0.17724606
19800.0, 0.17723963
19810.0, 0.17723323
19820.0, 0.17722684
19830.0, 0.17722046
19840.0, 0.1772141
19850.0, 0.17720774
19860.0, 0.17720139
19870.0, 0.17719507
19880.0, 0.17718875
19890.0, 0.17718245
19900.0, 0.17717616
19910.0, 0.17716989
19920.0, 0.17716362
19930.0, 0.17715737
19940.0, 0.17715113
19950.0, 0.17714489
19960.0, 0.17713867
19970.0, 0.17713247
19980.0, 0.17712627
19990.0, 0.1771201
20000.0, 0.17711394
20010.0, 0.17710778
20020.0, 0.17710164
20030.0, 0.1770955
20040.0, 0.17708938
20050.0, 0.17708328
20060.0, 0.17707719
20070.0, 0.1770711
20080.0, 0.17706503
20090.0, 0.17705898
20100.0, 0.17705293
20110.0, 0.1770469
20120.0, 0.17704086
20130.0, 0.17703485
20140.0, 0.17702885
20150.0, 0.17702287
20160.0, 0.1770169
20170.0, 0.17701092
20180.0, 0.17700498
20190.0, 0.17699905
20200.0, 0.17699312
20210.0, 0.1769872
20220.0, 0.1769813
20230.0, 0.1769754
20240.0, 0.17696953
20250.0, 0.17696366
20260.0, 0.17695779
20270.0, 0.17695194
20280.0, 0.17694612
20290.0, 0.17694028
20300.0, 0.17693448
20310.0, 0.17692867
20320.0, 0.17692289
20330.0, 0.1769171
20340.0, 0.17691134
20350.0, 0.17690559
20360.0, 0.17689984
20370.0, 0.17689411
20380.0, 0.17688839
20390.0, 0.17688268
20400.0, 0.17687699
20410.0, 0.1768713
20420.0, 0.17686562
20430.0, 0.17685996
20440.0, 0.17685431
20450.0, 0.17684868
20460.0, 0.17684305
20470.0, 0.17683741
20480.0, 0.17683181
20490.0, 0.17682622
20500.0, 0.17682062
20510.0, 0.17681506
20520.0, 0.17680949
20530.0, 0.17680395
20540.0, 0.1767984
20550.0, 0.17679286
20560.0, 0.17678735
20570.0, 0.17678183
20580.0, 0.17677635
20590.0, 0.17677085
20600.0, 0.17676538
20610.0, 0.17675991
20620.0, 0.17675444
20630.0, 0.176749
20640.0, 0.17674357
20650.0, 0.17673816
20660.0, 0.17673275
20670.0, 0.17672735
20680.0, 0.17672196
20690.0, 0.17671657
20700.0, 0.1767112
20710.0, 0.17670584
20720.0, 0.1767005
20730.0, 0.17669517
20740.0, 0.17668985
20750.0, 0.17668453
20760.0, 0.17667921
20770.0, 0.17667392
20780.0, 0.17666864
20790.0, 0.17666337
20800.0, 0.17665811
20810.0, 0.17665285
20820.0, 0.1766476
20830.0, 0.17664239
20840.0, 0.17663714
20850.0, 0.17663194
20860.0, 0.17662674
20870.0, 0.17662154
20880.0, 0.17661637
20890.0, 0.1766112
20900.0, 0.17660604
20910.0, 0.17660089
20920.0, 0.17659575
20930.0, 0.17659062
20940.0, 0.17658551
20950.0, 0.1765804
20960.0, 0.17657529
20970.0, 0.1765702
20980.0, 0.17656513
20990.0, 0.17656006
21000.0, 0.17655501
21010.0, 0.17654996
21020.0, 0.1765449
21030.0, 0.17653988
21040.0, 0.17653486
21050.0, 0.17652985
21060.0, 0.17652486
21070.0, 0.17651987
21080.0, 0.1765149
21090.0, 0.17650992
21100.0, 0.17650495
21110.0, 0.17650001
21120.0, 0.17649508
21130.0, 0.17649014
21140.0, 0.17648523
21150.0, 0.17648031
21160.0, 0.17647542
21170.0, 0.17647053
21180.0, 0.17646565
21190.0, 0.17646077
21200.0, 0.17645591
21210.0, 0.17645107
21220.0, 0.17644621
21230.0, 0.17644139
21240.0, 0.17643656
21250.0, 0.17643175
21260.0, 0.17642695
21270.0, 0.17642215
21280.0, 0.17641737
21290.0, 0.17641258
21300.0, 0.17640783
21310.0, 0.17640306
21320.0, 0.17639832
21330.0, 0.17639358
21340.0, 0.17638886
21350.0, 0.17638414
21360.0, 0.17637943
21370.0, 0.17637473
21380.0, 0.17637002
21390.0, 0.17636536
21400.0, 0.17636068
21410.0, 0.17635602
21420.0, 0.17635137
21430.0, 0.17634672
21440.0, 0.17634209
21450.0, 0.17633745
21460.0, 0.17633283
21470.0, 0.17632824
21480.0, 0.17632364
21490.0, 0.17631903
21500.0, 0.17631447
21510.0, 0.1763099
21520.0, 0.17630534
21530.0, 0.17630078
21540.0, 0.17629623
21550.0, 0.1762917
21560.0, 0.17628716
21570.0, 0.17628266
21580.0, 0.17627814
21590.0, 0.17627364
21600.0, 0.17626916
21610.0, 0.17626467
21620.0, 0.1762602
21630.0, 0.17625573
21640.0, 0.17625128
21650.0, 0.17624682
21660.0, 0.1762424
21670.0, 0.17623797
21680.0, 0.17623354
21690.0, 0.17622913
21700.0, 0.17622474
21710.0, 0.17622034
21720.0, 0.17621595
21730.0, 0.17621158
21740.0, 0.17620721
21750.0, 0.17620286
21760.0, 0.17619851
21770.0, 0.17619416
21780.0, 0.17618984
21790.0, 0.17618552
21800.0, 0.17618118
21810.0, 0.17617688
21820.0, 0.17617258
21830.0, 0.1761683
21840.0, 0.17616402
21850.0, 0.17615974
21860.0, 0.17615548
21870.0, 0.17615122
21880.0, 0.17614697
21890.0, 0.17614274
21900.0, 0.1761385
21910.0, 0.17613427
21920.0, 0.17613007
21930.0, 0.17612585
21940.0, 0.17612167
21950.0, 0.17611746
21960.0, 0.1761133
21970.0, 0.17610912
21980.0, 0.17610496
21990.0, 0.1761008
22000.0, 0.17609665
22010.0, 0.17609252
22020.0, 0.17608838
22030.0, 0.17608425
22040.0, 0.17608014
22050.0, 0.17607604
22060.0, 0.17607194
22070.0, 0.17606784
22080.0, 0.17606378
22090.0, 0.1760597
22100.0, 0.17605563
22110.0, 0.17605157
22120.0, 0.17604752
22130.0, 0.17604348
22140.0, 0.17603944
22150.0, 0.17603542
22160.0, 0.17603141
22170.0, 0.1760274
22180.0, 0.17602338
22190.0, 0.1760194
22200.0, 0.1760154
22210.0, 0.17601144
22220.0, 0.17600746
22230.0, 0.1760035
22240.0, 0.17599954
22250.0, 0.1759956
22260.0, 0.17599165
22270.0, 0.17598774
22280.0, 0.1759838
22290.0, 0.1759799
22300.0, 0.175976
22310.0, 0.17597209
22320.0, 0.17596819
22330.0, 0.17596431
22340.0, 0.17596042
22350.0, 0.17595656
22360.0, 0.1759527
22370.0, 0.17594884
22380.0, 0.17594501
22390.0, 0.17594117
22400.0, 0.17593734
22410.0, 0.17593351
22420.0, 0.1759297
22430.0, 0.17592588
22440.0, 0.1759221
22450.0, 0.1759183
22460.0, 0.17591451
22470.0, 0.17591073
22480.0, 0.17590697
22490.0, 0.1759032
22500.0, 0.17589945
22510.0, 0.17589569
22520.0, 0.17589197
22530.0, 0.17588823
22540.0, 0.1758845
22550.0, 0.17588077
22560.0, 0.17587706
22570.0, 0.17587337
22580.0, 0.17586967
22590.0, 0.17586598
22600.0, 0.17586231
22610.0, 0.17585863
22620.0, 0.17585497
22630.0, 0.1758513
22640.0, 0.17584765
22650.0, 0.175844
22660.0, 0.17584036
22670.0, 0.17583674
22680.0, 0.17583312
22690.0, 0.1758295
22700.0, 0.1758259
22710.0, 0.17582229
22720.0, 0.1758187
22730.0, 0.1758151
22740.0, 0.17581153
22750.0, 0.17580795
22760.0, 0.17580439
22770.0, 0.17580083
22780.0, 0.17579728
22790.0, 0.17579374
22800.0, 0.17579019
22810.0, 0.17578666
22820.0, 0.17578313
22830.0, 0.17577963
22840.0, 0.17577611
22850.0, 0.1757726
22860.0, 0.17576912
22870.0, 0.17576563
22880.0, 0.17576215
22890.0, 0.17575867
22900.0, 0.17575519
22910.0, 0.17575173
22920.0, 0.17574829
22930.0, 0.17574483
22940.0, 0.1757414
22950.0, 0.17573796
22960.0, 0.17573453
22970.0, 0.17573112
22980.0, 0.17572771
22990.0, 0.1757243
23000.0, 0.1757209
23010.0, 0.1757175
23020.0, 0.1757141
23030.0, 0.17571074
23040.0, 0.17570737
23050.0, 0.175704
23060.0, 0.17570065
23070.0, 0.17569728
23080.0, 0.17569394
23090.0, 0.17569059
23100.0, 0.17568727
23110.0, 0.17568395
23120.0, 0.17568062
23130.0, 0.1756773
23140.0, 0.175674
23150.0, 0.17567071
23160.0, 0.1756674
23170.0, 0.17566413
23180.0, 0.17566083
23190.0, 0.17565757
23200.0, 0.1756543
23210.0, 0.17565104
23220.0, 0.17564778
23230.0, 0.17564455
23240.0, 0.1756413
23250.0, 0.17563806
23260.0, 0.17563485
23270.0, 0.17563161
23280.0, 0.1756284
23290.0, 0.17562519
23300.0, 0.17562199
23310.0, 0.17561878
23320.0, 0.1756156
23330.0, 0.17561242
23340.0, 0.17560925
23350.0, 0.17560607
23360.0, 0.17560291
23370.0, 0.17559975
23380.0, 0.1755966
23390.0, 0.17559345
23400.0, 0.1755903
23410.0, 0.17558718
23420.0, 0.17558405
23430.0, 0.17558092
23440.0, 0.17557782
23450.0, 0.1755747
23460.0, 0.1755716
23470.0, 0.1755685
23480.0, 0.17556542
23490.0, 0.17556234
23500.0, 0.17555925
23510.0, 0.17555618
23520.0, 0.17555311
23530.0, 0.17555006
23540.0, 0.175547
23550.0, 0.17554396
23560.0, 0.17554091
23570.0, 0.17553788
23580.0, 0.17553486
23590.0, 0.17553183
23600.0, 0.17552881
23610.0, 0.1755258
23620.0, 0.17552279
23630.0, 0.1755198
23640.0, 0.1755168
23650.0, 0.1755138
23660.0, 0.17551084
23670.0, 0.17550786
23680.0, 0.1755049
23690.0, 0.17550191
23700.0, 0.17549898
23710.0, 0.17549601
23720.0, 0.17549306
23730.0, 0.17549013
23740.0, 0.17548719
23750.0, 0.17548427
23760.0, 0.17548135
23770.0, 0.17547843
23780.0, 0.17547552
23790.0, 0.1754726
23800.0, 0.17546971
23810.0, 0.1754668
23820.0, 0.17546393
23830.0, 0.17546104
23840.0, 0.17545816
23850.0, 0.1754553
23860.0, 0.17545244
23870.0, 0.17544958
23880.0, 0.17544672
23890.0, 0.17544387
23900.0, 0.17544104
23910.0, 0.1754382
23920.0, 0.17543536
23930.0, 0.17543255
23940.0, 0.17542972
23950.0, 0.1754269
23960.0, 0.1754241
23970.0, 0.1754213
23980.0, 0.1754185
23990.0, 0.1754157
24000.0, 0.17541292
24010.0, 0.17541015
24020.0, 0.17540736
24030.0, 0.1754046
24040.0, 0.17540182
24050.0, 0.17539907
24060.0, 0.17539632
24070.0, 0.17539358
24080.0, 0.17539082
24090.0, 0.1753881
24100.0, 0.17538536
24110.0, 0.17538264
24120.0, 0.17537992
24130.0, 0.17537719
24140.0, 0.17537448
24150.0, 0.1753718
24160.0, 0.1753691
24170.0, 0.1753664
24180.0, 0.1753637
24190.0, 0.17536102
24200.0, 0.17535834
24210.0, 0.17535567
24220.0, 0.175353
24230.0, 0.17535034
24240.0, 0.1753477
24250.0, 0.17534503
24260.0, 0.1753424
24270.0, 0.17533976
24280.0, 0.17533712
24290.0, 0.17533448
24300.0, 0.17533186
24310.0, 0.17532924
24320.0, 0.17532663
24330.0, 0.17532401
24340.0, 0.17532142
24350.0, 0.17531882
24360.0, 0.17531623
24370.0, 0.17531364
24380.0, 0.17531106
24390.0, 0.17530848
24400.0, 0.1753059
24410.0, 0.17530333
24420.0, 0.17530078
24430.0, 0.17529821
24440.0, 0.17529565
24450.0, 0.17529312
24460.0, 0.17529057
24470.0, 0.17528804
24480.0, 0.1752855
24490.0, 0.17528297
24500.0, 0.17528045
24510.0, 0.17527793
24520.0, 0.17527543
24530.0, 0.17527291
24540.0, 0.17527041
24550.0, 0.17526792
24560.0, 0.17526543
24570.0, 0.17526293
24580.0, 0.17526045
24590.0, 0.17525798
24600.0, 0.1752555
24610.0, 0.17525303
24620.0, 0.17525057
24630.0, 0.17524812
24640.0, 0.17524566
24650.0, 0.17524321
24660.0, 0.17524077
24670.0, 0.17523834
24680.0, 0.17523591
24690.0, 0.17523347
24700.0, 0.17523105
24710.0, 0.17522864
24720.0, 0.17522623
24730.0, 0.1752238
24740.0, 0.17522141
24750.0, 0.175219
24760.0, 0.1752166
24770.0, 0.17521422
24780.0, 0.17521185
24790.0, 0.17520946
24800.0, 0.17520708
24810.0, 0.17520471
24820.0, 0.17520234
24830.0, 0.17519997
24840.0, 0.17519762
24850.0, 0.17519528
24860.0, 0.17519292
24870.0, 0.17519058
24880.0, 0.17518824
24890.0, 0.1751859
24900.0, 0.17518358
24910.0, 0.17518125
24920.0, 0.17517893
24930.0, 0.17517662
24940.0, 0.17517431
24950.0, 0.17517202
24960.0, 0.1751697
24970.0, 0.17516741
24980.0, 0.17516512
24990.0, 0.17516284
25000.0, 0.17516054
25010.0, 0.17515826
25020.0, 0.175156
25030.0, 0.17515373
25040.0, 0.17515145
25050.0, 0.1751492
25060.0, 0.17514694
25070.0, 0.17514469
25080.0, 0.17514244
25090.0, 0.1751402
25100.0, 0.17513797
25110.0, 0.17513573
25120.0, 0.1751335
25130.0, 0.17513128
25140.0, 0.17512906
25150.0, 0.17512684
25160.0, 0.17512463
25170.0, 0.17512242
25180.0, 0.17512022
25190.0, 0.17511803
25200.0, 0.17511584
25210.0, 0.17511363
25220.0, 0.17511146
25230.0, 0.17510928
25240.0, 0.17510709
25250.0, 0.17510493
25260.0, 0.17510276
25270.0, 0.1751006
25280.0, 0.17509843
25290.0, 0.17509629
25300.0, 0.17509413
25310.0, 0.17509198
25320.0, 0.17508984
25330.0, 0.1750877
25340.0, 0.17508557
25350.0, 0.17508344
25360.0, 0.17508131
25370.0, 0.1750792
25380.0, 0.17507708
25390.0, 0.17507496
25400.0, 0.17507286
25410.0, 0.17507076
25420.0, 0.17506865
25430.0, 0.17506656
25440.0, 0.17506447
25450.0, 0.17506239
25460.0, 0.1750603
25470.0, 0.17505822
25480.0, 0.17505614
25490.0, 0.17505409
25500.0, 0.17505202
25510.0, 0.17504995
25520.0, 0.17504789
25530.0, 0.17504583
25540.0, 0.17504379
25550.0, 0.17504174
25560.0, 0.17503971
25570.0, 0.17503765
25580.0, 0.17503563
25590.0, 0.1750336
25600.0, 0.17503157
25610.0, 0.17502955
25620.0, 0.17502753
25630.0, 0.17502552
25640.0, 0.17502351
25650.0, 0.1750215
25660.0, 0.1750195
25670.0, 0.1750175
25680.0, 0.17501551
25690.0, 0.17501353
25700.0, 0.17501153
25710.0, 0.17500955
25720.0, 0.17500757
25730.0, 0.1750056
25740.0, 0.17500363
25750.0, 0.17500167
25760.0, 0.1749997
25770.0, 0.17499775
25780.0, 0.1749958
25790.0, 0.17499384
25800.0, 0.17499189
25810.0, 0.17498995
25820.0, 0.17498802
25830.0, 0.17498608
25840.0, 0.17498414
25850.0, 0.17498222
25860.0, 0.1749803
25870.0, 0.17497838
25880.0, 0.17497645
25890.0, 0.17497456
25900.0, 0.17497264
25910.0, 0.17497073
25920.0, 0.17496884
25930.0, 0.17496693
25940.0, 0.17496504
25950.0, 0.17496316
25960.0, 0.17496127
25970.0, 0.17495939
25980.0, 0.17495751
25990.0, 0.17495564
26000.0, 0.17495377
26010.0, 0.17495191
26020.0, 0.17495003
26030.0, 0.17494819
26040.0, 0.17494632
26050.0, 0.17494448
26060.0, 0.17494261
26070.0, 0.17494078
26080.0, 0.17493893
26090.0, 0.1749371
26100.0, 0.17493527
26110.0, 0.17493343
26120.0, 0.17493162
26130.0, 0.17492978
26140.0, 0.17492796
26150.0, 0.17492615
26160.0, 0.17492434
26170.0, 0.17492253
26180.0, 0.17492074
26190.0, 0.17491893
26200.0, 0.17491713
26210.0, 0.17491534
26220.0, 0.17491354
26230.0, 0.17491177
26240.0, 0.17491
26250.0, 0.1749082
26260.0, 0.17490643
26270.0, 0.17490464
26280.0, 0.17490289
26290.0, 0.17490111
26300.0, 0.17489935
26310.0, 0.1748976
26320.0, 0.17489584
26330.0, 0.1748941
26340.0, 0.17489235
26350.0, 0.17489061
26360.0, 0.17488886
26370.0, 0.17488712
26380.0, 0.17488539
26390.0, 0.17488366
26400.0, 0.17488194
26410.0, 0.1748802
26420.0, 0.1748785
26430.0, 0.17487676
26440.0, 0.17487505
26450.0, 0.17487335
26460.0, 0.17487165
26470.0, 0.17486994
26480.0, 0.17486824
26490.0, 0.17486654
26500.0, 0.17486486
26510.0, 0.17486316
26520.0, 0.17486148
26530.0, 0.17485979
26540.0, 0.17485812
26550.0, 0.17485644
26560.0, 0.17485476
26570.0, 0.17485309
26580.0, 0.17485143
26590.0, 0.17484976
26600.0, 0.17484811
26610.0, 0.17484646
26620.0, 0.1748448
26630.0, 0.17484315
26640.0, 0.17484151
26650.0, 0.17483987
26660.0, 0.17483823
26670.0, 0.17483658
26680.0, 0.17483495
26690.0, 0.17483331
26700.0, 0.1748317
26710.0, 0.17483006
26720.0, 0.17482845
26730.0, 0.17482685
26740.0, 0.17482522
26750.0, 0.17482361
26760.0, 0.174822
26770.0, 0.17482041
26780.0, 0.1748188
26790.0, 0.17481719
26800.0, 0.17481561
26810.0, 0.17481402
26820.0, 0.17481242
26830.0, 0.17481084
26840.0, 0.17480925
26850.0, 0.17480768
26860.0, 0.1748061
26870.0, 0.17480454
26880.0, 0.17480297
26890.0, 0.1748014
26900.0, 0.17479983
26910.0, 0.17479827
26920.0, 0.17479672
26930.0, 0.17479517
26940.0, 0.17479362
26950.0, 0.17479207
26960.0, 0.17479052
26970.0, 0.17478898
26980.0, 0.17478745
26990.0, 0.1747859
27000.0, 0.17478438
27010.0, 0.17478284
27020.0, 0.17478132
27030.0, 0.17477979
27040.0, 0.17477827
27050.0, 0.17477676
27060.0, 0.17477524
27070.0, 0.17477372
27080.0, 0.17477223
27090.0, 0.17477073
27100.0, 0.17476922
27110.0, 0.17476772
27120.0, 0.17476621
27130.0, 0.17476472
27140.0, 0.17476323
27150.0, 0.17476174
27160.0, 0.17476027
27170.0, 0.17475879
27180.0, 0.17475732
27190.0, 0.17475584
27200.0, 0.17475437
27210.0, 0.17475289
27220.0, 0.17475143
27230.0, 0.17474997
27240.0, 0.17474851
27250.0, 0.17474705
27260.0, 0.17474559
27270.0, 0.17474413
27280.0, 0.1747427
27290.0, 0.17474124
27300.0, 0.17473981
27310.0, 0.17473836
27320.0, 0.17473693
27330.0, 0.17473549
27340.0, 0.17473406
27350.0, 0.17473263
27360.0, 0.17473121
27370.0, 0.17472978
27380.0, 0.17472836
27390.0, 0.17472693
27400.0, 0.17472552
27410.0, 0.17472412
27420.0, 0.1747227
27430.0, 0.1747213
27440.0, 0.17471988
27450.0, 0.1747185
27460.0, 0.1747171
27470.0, 0.1747157
27480.0, 0.17471431
27490.0, 0.17471293
27500.0, 0.17471153
27510.0, 0.17471015
27520.0, 0.17470877
27530.0, 0.1747074
27540.0, 0.17470601
27550.0, 0.17470464
27560.0, 0.17470327
27570.0, 0.17470191
27580.0, 0.17470054
27590.0, 0.17469919
27600.0, 0.17469782
27610.0, 0.17469646
27620.0, 0.1746951
27630.0, 0.17469375
27640.0, 0.1746924
27650.0, 0.17469107
27660.0, 0.17468973
27670.0, 0.17468838
27680.0, 0.17468704
27690.0, 0.1746857
27700.0, 0.17468438
27710.0, 0.17468305
27720.0, 0.17468172
27730.0, 0.1746804
27740.0, 0.17467909
27750.0, 0.17467776
27760.0, 0.17467643
27770.0, 0.17467512
27780.0, 0.17467381
27790.0, 0.1746725
27800.0, 0.1746712
27810.0, 0.17466989
27820.0, 0.1746686
27830.0, 0.1746673
27840.0, 0.17466599
27850.0, 0.1746647
27860.0, 0.17466342
27870.0, 0.17466213
27880.0, 0.17466085
27890.0, 0.17465955
27900.0, 0.17465828
27910.0, 0.174657
27920.0, 0.17465572
27930.0, 0.17465445
27940.0, 0.17465319
27950.0, 0.1746519
27960.0, 0.17465065
27970.0, 0.17464939
27980.0, 0.17464812
27990.0, 0.17464687
28000.0, 0.17464562
28010.0, 0.17464437
28020.0, 0.17464311
28030.0, 0.17464188
28040.0, 0.17464063
28050.0, 0.17463939
28060.0, 0.17463814
28070.0, 0.1746369
28080.0, 0.17463566
28090.0, 0.17463443
28100.0, 0.1746332
28110.0, 0.17463197
28120.0, 0.17463075
28130.0, 0.17462952
28140.0, 0.1746283
28150.0, 0.1746271
28160.0, 0.17462587
28170.0, 0.17462465
28180.0, 0.17462344
28190.0, 0.17462224
28200.0, 0.17462103
28210.0, 0.17461982
28220.0, 0.17461863
28230.0, 0.17461742
28240.0, 0.17461623
28250.0, 0.17461504
28260.0, 0.17461386
28270.0, 0.17461266
28280.0, 0.17461146
28290.0, 0.17461029
28300.0, 0.17460911
28310.0, 0.17460793
28320.0, 0.17460674
28330.0, 0.17460556
28340.0, 0.1746044
28350.0, 0.17460324
28360.0, 0.17460208
28370.0, 0.1746009
28380.0, 0.17459974
28390.0, 0.17459857
28400.0, 0.17459743
28410.0, 0.17459626
28420.0, 0.17459512
28430.0, 0.17459396
28440.0, 0.1745928
28450.0, 0.17459166
28460.0, 0.17459051
28470.0, 0.17458938
28480.0, 0.17458823
28490.0, 0.17458709
28500.0, 0.17458595
28510.0, 0.17458482
28520.0, 0.17458369
28530.0, 0.17458257
28540.0, 0.17458142
28550.0, 0.1745803
28560.0, 0.17457919
28570.0, 0.17457807
28580.0, 0.17457694
28590.0, 0.17457584
28600.0, 0.17457472
28610.0, 0.17457362
28620.0, 0.1745725
28630.0, 0.1745714
28640.0, 0.17457029
28650.0, 0.17456919
28660.0, 0.17456809
28670.0, 0.17456698
28680.0, 0.1745659
28690.0, 0.17456481
28700.0, 0.1745637
28710.0, 0.17456262
28720.0, 0.17456153
28730.0, 0.17456044
28740.0, 0.17455937
28750.0, 0.17455828
28760.0, 0.17455721
28770.0, 0.17455614
28780.0, 0.17455506
28790.0, 0.17455399
28800.0, 0.17455292
28810.0, 0.17455186
28820.0, 0.17455079
28830.0, 0.17454971
28840.0, 0.17454866
28850.0, 0.1745476
28860.0, 0.17454655
28870.0, 0.17454548
28880.0, 0.17454444
28890.0, 0.1745434
28900.0, 0.17454234
28910.0, 0.1745413
28920.0, 0.17454025
28930.0, 0.17453921
28940.0, 0.17453817
28950.0, 0.17453712
28960.0, 0.1745361
28970.0, 0.17453505
28980.0, 0.17453402
28990.0, 0.174533
29000.0, 0.17453197
29010.0, 0.17453094
29020.0, 0.17452991
29030.0, 0.1745289
29040.0, 0.17452787
29050.0, 0.17452686
29060.0, 0.17452584
29070.0, 0.17452483
29080.0, 0.17452382
29090.0, 0.1745228
29100.0, 0.1745218
29110.0, 0.17452079
29120.0, 0.17451979
29130.0, 0.1745188
29140.0, 0.1745178
29150.0, 0.1745168
29160.0, 0.1745158
29170.0, 0.1745148
29180.0, 0.17451382
29190.0, 0.17451283
29200.0, 0.17451183
29210.0, 0.17451084
29220.0, 0.17450987
29230.0, 0.17450888
29240.0, 0.1745079
29250.0, 0.17450693
29260.0, 0.17450595
29270.0, 0.17450498
29280.0, 0.17450401
29290.0, 0.17450303
29300.0, 0.17450206
29310.0, 0.1745011
29320.0, 0.17450014
29330.0, 0.17449917
29340.0, 0.1744982
29350.0, 0.17449725
29360.0, 0.1744963
29370.0, 0.17449534
29380.0, 0.17449439
29390.0, 0.17449345
29400.0, 0.1744925
29410.0, 0.17449155
29420.0, 0.1744906
29430.0, 0.17448965
29440.0, 0.17448872
29450.0, 0.17448777
29460.0, 0.17448683
29470.0, 0.17448589
29480.0, 0.17448497
29490.0, 0.17448403
29500.0, 0.1744831
29510.0, 0.17448217
29520.0, 0.17448124
29530.0, 0.17448032
29540.0, 0.17447941
29550.0, 0.17447849
29560.0, 0.17447756
29570.0, 0.17447665
29580.0, 0.17447573
29590.0, 0.17447482
29600.0, 0.17447391
29610.0, 0.174473
29620.0, 0.1744721
29630.0, 0.17447118
29640.0, 0.17447028
29650.0, 0.17446937
29660.0, 0.17446847
29670.0, 0.17446758
29680.0, 0.17446668
29690.0, 0.17446578
29700.0, 0.17446488
29710.0, 0.17446399
29720.0, 0.17446311
29730.0, 0.17446221
29740.0, 0.17446133
29750.0, 0.17446044
29760.0, 0.17445956
29770.0, 0.17445868
29780.0, 0.17445779
29790.0, 0.17445692
29800.0, 0.17445605
29810.0, 0.17445517
29820.0, 0.17445429
29830.0, 0.17445342
29840.0, 0.17445256
29850.0, 0.1744517
29860.0, 0.17445081
29870.0, 0.17444997
29880.0, 0.1744491
29890.0, 0.17444824
29900.0, 0.17444739
29910.0, 0.17444652
29920.0, 0.17444566
29930.0, 0.17444481
29940.0, 0.17444396
29950.0, 0.17444311
29960.0, 0.17444226
29970.0, 0.17444141
29980.0, 0.17444056
29990.0, 0.17443973
30000.0, 0.1744389
