Energy (in eV), backscattering yield of material ka2k-NASCAP at isotropic incidence
   X,       Y
0.0, 0.63867396
10.0, 0.35205287
20.0, 0.20683554
30.0, 0.12950352
40.0, 0.08606911
50.0, 0.06031428
60.0, 0.091088854
70.0, 0.112018935
80.0, 0.12806785
90.0, 0.14100212
100.0, 0.15177672
110.0, 0.16097671
120.0, 0.168984
130.0, 0.17605938
140.0, 0.18238764
150.0, 0.18810396
160.0, 0.19331004
170.0, 0.19808428
180.0, 0.20248829
190.0, 0.20657144
200.0, 0.21037392
210.0, 0.21392877
220.0, 0.21726365
230.0, 0.22040169
240.0, 0.2233628
250.0, 0.22616386
260.0, 0.22881952
270.0, 0.23134252
280.0, 0.23374408
290.0, 0.23603396
300.0, 0.23822086
310.0, 0.24031247
320.0, 0.24231574
330.0, 0.24423677
340.0, 0.2460812
350.0, 0.247854
360.0, 0.24955973
370.0, 0.2512025
380.0, 0.2527861
390.0, 0.25431398
400.0, 0.25578928
410.0, 0.25721493
420.0, 0.25859353
430.0, 0.2599276
440.0, 0.26121935
450.0, 0.26247102
460.0, 0.2636844
470.0, 0.26486138
480.0, 0.2660037
490.0, 0.2671129
500.0, 0.26819044
510.0, 0.26923776
520.0, 0.27025607
530.0, 0.27124664
540.0, 0.2722106
550.0, 0.27314898
560.0, 0.2740629
570.0, 0.2749532
580.0, 0.27582085
590.0, 0.27666664
600.0, 0.27749145
610.0, 0.27829593
620.0, 0.27908093
630.0, 0.27984706
640.0, 0.280595
650.0, 0.2813253
660.0, 0.28203866
670.0, 0.28273556
680.0, 0.28341654
690.0, 0.28408214
700.0, 0.28473282
710.0, 0.285369
720.0, 0.28599122
730.0, 0.2865998
740.0, 0.28719527
750.0, 0.28777787
760.0, 0.28834808
770.0, 0.28890622
780.0, 0.2894526
790.0, 0.28998762
800.0, 0.29051152
810.0, 0.29102466
820.0, 0.29152727
830.0, 0.29201964
840.0, 0.2925021
850.0, 0.29297483
860.0, 0.29343817
870.0, 0.29389223
880.0, 0.29433736
890.0, 0.29477373
900.0, 0.29520157
910.0, 0.29562104
920.0, 0.29603243
930.0, 0.29643583
940.0, 0.2968315
950.0, 0.2972196
960.0, 0.2976003
970.0, 0.2979738
980.0, 0.2983402
990.0, 0.29869968
1000.0, 0.29905245
1010.0, 0.29885784
1020.0, 0.29866353
1030.0, 0.29846954
1040.0, 0.29827586
1050.0, 0.2980825
1060.0, 0.2978894
1070.0, 0.2976967
1080.0, 0.29750422
1090.0, 0.2973121
1100.0, 0.29712027
1110.0, 0.29692873
1120.0, 0.29673752
1130.0, 0.2965466
1140.0, 0.296356
1150.0, 0.2961657
1160.0, 0.2959757
1170.0, 0.29578602
1180.0, 0.29559663
1190.0, 0.29540756
1200.0, 0.29521874
1210.0, 0.2950303
1220.0, 0.2948421
1230.0, 0.29465422
1240.0, 0.29446664
1250.0, 0.29427937
1260.0, 0.2940924
1270.0, 0.2939057
1280.0, 0.29371935
1290.0, 0.29353327
1300.0, 0.2933475
1310.0, 0.293162
1320.0, 0.29297683
1330.0, 0.29279193
1340.0, 0.29260734
1350.0, 0.29242304
1360.0, 0.29223907
1370.0, 0.29205537
1380.0, 0.29187196
1390.0, 0.29168883
1400.0, 0.29150605
1410.0, 0.2913235
1420.0, 0.29114127
1430.0, 0.29095933
1440.0, 0.29077768
1450.0, 0.29059637
1460.0, 0.2904153
1470.0, 0.2902345
1480.0, 0.29005402
1490.0, 0.28987384
1500.0, 0.28969395
1510.0, 0.28951433
1520.0, 0.289335
1530.0, 0.289156
1540.0, 0.28897724
1550.0, 0.2887988
1560.0, 0.28862062
1570.0, 0.28844276
1580.0, 0.28826517
1590.0, 0.28808784
1600.0, 0.28791085
1610.0, 0.2877341
1620.0, 0.28755763
1630.0, 0.28738147
1640.0, 0.2872056
1650.0, 0.28703
1660.0, 0.2868547
1670.0, 0.28667966
1680.0, 0.28650492
1690.0, 0.28633043
1700.0, 0.28615627
1710.0, 0.28598234
1720.0, 0.28580874
1730.0, 0.28563538
1740.0, 0.28546232
1750.0, 0.28528956
1760.0, 0.28511703
1770.0, 0.2849448
1780.0, 0.28477287
1790.0, 0.2846012
1800.0, 0.28442982
1810.0, 0.28425872
1820.0, 0.28408787
1830.0, 0.2839173
1840.0, 0.28374705
1850.0, 0.28357702
1860.0, 0.2834073
1870.0, 0.28323781
1880.0, 0.28306866
1890.0, 0.28289974
1900.0, 0.2827311
1910.0, 0.28256273
1920.0, 0.28239462
1930.0, 0.28222683
1940.0, 0.28205928
1950.0, 0.281892
1960.0, 0.28172502
1970.0, 0.28155828
1980.0, 0.28139183
1990.0, 0.28122565
2000.0, 0.2810597
2010.0, 0.28089404
2020.0, 0.28072867
2030.0, 0.28056353
2040.0, 0.28039873
2050.0, 0.28023413
2060.0, 0.28006983
2070.0, 0.2799058
2080.0, 0.279742
2090.0, 0.2795785
2100.0, 0.27941525
2110.0, 0.27925226
2120.0, 0.27908954
2130.0, 0.27892712
2140.0, 0.2787649
2150.0, 0.278603
2160.0, 0.27844134
2170.0, 0.27827996
2180.0, 0.27811882
2190.0, 0.27795795
2200.0, 0.27779734
2210.0, 0.27763698
2220.0, 0.2774769
2230.0, 0.27731708
2240.0, 0.27715752
2250.0, 0.27699822
2260.0, 0.27683917
2270.0, 0.27668038
2280.0, 0.27652186
2290.0, 0.2763636
2300.0, 0.2762056
2310.0, 0.27604783
2320.0, 0.27589035
2330.0, 0.2757331
2340.0, 0.27557614
2350.0, 0.2754194
2360.0, 0.27526295
2370.0, 0.27510676
2380.0, 0.27495077
2390.0, 0.2747951
2400.0, 0.27463964
2410.0, 0.27448443
2420.0, 0.2743295
2430.0, 0.2741748
2440.0, 0.27402037
2450.0, 0.2738662
2460.0, 0.27371228
2470.0, 0.2735586
2480.0, 0.27340516
2490.0, 0.273252
2500.0, 0.2730991
2510.0, 0.27294642
2520.0, 0.27279398
2530.0, 0.2726418
2540.0, 0.2724899
2550.0, 0.2723382
2560.0, 0.2721868
2570.0, 0.27203563
2580.0, 0.2718847
2590.0, 0.27173403
2600.0, 0.2715836
2610.0, 0.27143338
2620.0, 0.27128345
2630.0, 0.27113375
2640.0, 0.2709843
2650.0, 0.2708351
2660.0, 0.27068612
2670.0, 0.2705374
2680.0, 0.27038896
2690.0, 0.27024072
2700.0, 0.27009273
2710.0, 0.26994503
2720.0, 0.2697975
2730.0, 0.26965028
2740.0, 0.26950324
2750.0, 0.26935646
2760.0, 0.26920992
2770.0, 0.26906365
2780.0, 0.26891762
2790.0, 0.2687718
2800.0, 0.26862624
2810.0, 0.2684809
2820.0, 0.2683358
2830.0, 0.26819095
2840.0, 0.26804635
2850.0, 0.267902
2860.0, 0.26775786
2870.0, 0.26761395
2880.0, 0.2674703
2890.0, 0.26732686
2900.0, 0.2671837
2910.0, 0.26704076
2920.0, 0.26689804
2930.0, 0.26675552
2940.0, 0.2666133
2950.0, 0.2664713
2960.0, 0.26632953
2970.0, 0.26618797
2980.0, 0.26604667
2990.0, 0.2659056
3000.0, 0.26576474
3010.0, 0.26562414
3020.0, 0.26548377
3030.0, 0.2653436
3040.0, 0.2652037
3050.0, 0.26506403
3060.0, 0.2649246
3070.0, 0.26478538
3080.0, 0.26464638
3090.0, 0.26450762
3100.0, 0.26436907
3110.0, 0.2642308
3120.0, 0.2640927
3130.0, 0.26395488
3140.0, 0.26381728
3150.0, 0.2636799
3160.0, 0.2635427
3170.0, 0.2634058
3180.0, 0.2632691
3190.0, 0.2631326
3200.0, 0.26299638
3210.0, 0.26286033
3220.0, 0.26272452
3230.0, 0.26258898
3240.0, 0.2624536
3250.0, 0.2623185
3260.0, 0.26218358
3270.0, 0.2620489
3280.0, 0.26191443
3290.0, 0.26178023
3300.0, 0.2616462
3310.0, 0.26151243
3320.0, 0.26137885
3330.0, 0.26124552
3340.0, 0.26111242
3350.0, 0.2609795
3360.0, 0.26084682
3370.0, 0.26071438
3380.0, 0.26058212
3390.0, 0.26045015
3400.0, 0.26031834
3410.0, 0.26018676
3420.0, 0.2600554
3430.0, 0.25992426
3440.0, 0.25979334
3450.0, 0.25966263
3460.0, 0.25953215
3470.0, 0.2594019
3480.0, 0.25927183
3490.0, 0.259142
3500.0, 0.2590124
3510.0, 0.25888297
3520.0, 0.2587538
3530.0, 0.25862482
3540.0, 0.25849608
3550.0, 0.25836754
3560.0, 0.2582392
3570.0, 0.2581111
3580.0, 0.2579832
3590.0, 0.25785553
3600.0, 0.25772807
3610.0, 0.25760078
3620.0, 0.25747377
3630.0, 0.25734693
3640.0, 0.2572203
3650.0, 0.25709388
3660.0, 0.2569677
3670.0, 0.25684172
3680.0, 0.25671592
3690.0, 0.25659037
3700.0, 0.256465
3710.0, 0.25633985
3720.0, 0.25621492
3730.0, 0.2560902
3740.0, 0.25596568
3750.0, 0.25584137
3760.0, 0.25571725
3770.0, 0.2555934
3780.0, 0.25546968
3790.0, 0.2553462
3800.0, 0.25522292
3810.0, 0.25509986
3820.0, 0.25497702
3830.0, 0.25485435
3840.0, 0.2547319
3850.0, 0.25460967
3860.0, 0.2544876
3870.0, 0.2543658
3880.0, 0.25424418
3890.0, 0.25412273
3900.0, 0.25400153
3910.0, 0.2538805
3920.0, 0.2537597
3930.0, 0.25363907
3940.0, 0.25351867
3950.0, 0.25339848
3960.0, 0.2532785
3970.0, 0.2531587
3980.0, 0.25303906
3990.0, 0.25291967
4000.0, 0.25280046
4010.0, 0.2526815
4020.0, 0.2525627
4030.0, 0.2524441
4040.0, 0.25232568
4050.0, 0.25220752
4060.0, 0.2520895
4070.0, 0.2519717
4080.0, 0.2518541
4090.0, 0.2517367
4100.0, 0.2516195
4110.0, 0.25150248
4120.0, 0.2513857
4130.0, 0.25126907
4140.0, 0.25115266
4150.0, 0.2510364
4160.0, 0.25092041
4170.0, 0.25080457
4180.0, 0.25068894
4190.0, 0.2505735
4200.0, 0.25045824
4210.0, 0.2503432
4220.0, 0.25022835
4230.0, 0.2501137
4240.0, 0.24999923
4250.0, 0.24988495
4260.0, 0.24977088
4270.0, 0.24965699
4280.0, 0.2495433
4290.0, 0.24942978
4300.0, 0.24931647
4310.0, 0.24920337
4320.0, 0.24909042
4330.0, 0.24897769
4340.0, 0.24886514
4350.0, 0.24875279
4360.0, 0.24864064
4370.0, 0.24852866
4380.0, 0.24841687
4390.0, 0.24830528
4400.0, 0.24819386
4410.0, 0.24808265
4420.0, 0.24797161
4430.0, 0.24786079
4440.0, 0.24775013
4450.0, 0.24763966
4460.0, 0.24752939
4470.0, 0.2474193
4480.0, 0.24730939
4490.0, 0.24719967
4500.0, 0.24709015
4510.0, 0.2469808
4520.0, 0.24687165
4530.0, 0.24676266
4540.0, 0.24665388
4550.0, 0.24654527
4560.0, 0.24643685
4570.0, 0.24632862
4580.0, 0.24622057
4590.0, 0.2461127
4600.0, 0.24600501
4610.0, 0.24589752
4620.0, 0.24579018
4630.0, 0.24568307
4640.0, 0.24557611
4650.0, 0.24546935
4660.0, 0.24536276
4670.0, 0.24525635
4680.0, 0.24515012
4690.0, 0.24504408
4700.0, 0.24493822
4710.0, 0.24483252
4720.0, 0.24472703
4730.0, 0.2446217
4740.0, 0.24451657
4750.0, 0.2444116
4760.0, 0.2443068
4770.0, 0.2442022
4780.0, 0.24409775
4790.0, 0.2439935
4800.0, 0.24388945
4810.0, 0.24378553
4820.0, 0.24368182
4830.0, 0.24357827
4840.0, 0.24347492
4850.0, 0.24337174
4860.0, 0.24326871
4870.0, 0.24316588
4880.0, 0.24306323
4890.0, 0.24296074
4900.0, 0.24285844
4910.0, 0.24275629
4920.0, 0.24265435
4930.0, 0.24255256
4940.0, 0.24245095
4950.0, 0.2423495
4960.0, 0.24224825
4970.0, 0.24214716
4980.0, 0.24204624
4990.0, 0.24194549
5000.0, 0.24184492
5010.0, 0.24174452
5020.0, 0.24164431
5030.0, 0.24154425
5040.0, 0.24144436
5050.0, 0.24134465
5060.0, 0.2412451
5070.0, 0.24114574
5080.0, 0.24104655
5090.0, 0.2409475
5100.0, 0.24084866
5110.0, 0.24074996
5120.0, 0.24065144
5130.0, 0.24055308
5140.0, 0.24045491
5150.0, 0.24035689
5160.0, 0.24025905
5170.0, 0.24016136
5180.0, 0.24006386
5190.0, 0.23996653
5200.0, 0.23986936
5210.0, 0.23977235
5220.0, 0.2396755
5230.0, 0.23957883
5240.0, 0.23948231
5250.0, 0.23938596
5260.0, 0.23928979
5270.0, 0.2391938
5280.0, 0.23909794
5290.0, 0.23900226
5300.0, 0.23890676
5310.0, 0.2388114
5320.0, 0.23871621
5330.0, 0.23862119
5340.0, 0.23852633
5350.0, 0.23843165
5360.0, 0.23833711
5370.0, 0.23824275
5380.0, 0.23814854
5390.0, 0.2380545
5400.0, 0.2379606
5410.0, 0.2378669
5420.0, 0.23777333
5430.0, 0.23767994
5440.0, 0.23758669
5450.0, 0.23749363
5460.0, 0.23740073
5470.0, 0.23730797
5480.0, 0.23721537
5490.0, 0.23712294
5500.0, 0.23703067
5510.0, 0.23693855
5520.0, 0.23684661
5530.0, 0.2367548
5540.0, 0.23666316
5550.0, 0.2365717
5560.0, 0.23648039
5570.0, 0.2363892
5580.0, 0.23629822
5590.0, 0.23620738
5600.0, 0.23611669
5610.0, 0.23602614
5620.0, 0.23593578
5630.0, 0.23584555
5640.0, 0.2357555
5650.0, 0.2356656
5660.0, 0.23557584
5670.0, 0.23548625
5680.0, 0.23539682
5690.0, 0.23530753
5700.0, 0.2352184
5710.0, 0.23512942
5720.0, 0.2350406
5730.0, 0.23495196
5740.0, 0.23486343
5750.0, 0.23477507
5760.0, 0.23468687
5770.0, 0.23459883
5780.0, 0.23451093
5790.0, 0.23442318
5800.0, 0.23433559
5810.0, 0.23424815
5820.0, 0.23416084
5830.0, 0.23407371
5840.0, 0.23398675
5850.0, 0.23389989
5860.0, 0.23381321
5870.0, 0.2337267
5880.0, 0.2336403
5890.0, 0.23355407
5900.0, 0.23346798
5910.0, 0.23338206
5920.0, 0.23329628
5930.0, 0.23321064
5940.0, 0.23312517
5950.0, 0.23303983
5960.0, 0.23295465
5970.0, 0.2328696
5980.0, 0.2327847
5990.0, 0.23269998
6000.0, 0.23261538
6010.0, 0.23253094
6020.0, 0.23244664
6030.0, 0.23236248
6040.0, 0.23227848
6050.0, 0.23219462
6060.0, 0.23211092
6070.0, 0.23202735
6080.0, 0.23194394
6090.0, 0.23186067
6100.0, 0.23177752
6110.0, 0.23169455
6120.0, 0.23161171
6130.0, 0.23152901
6140.0, 0.23144646
6150.0, 0.23136406
6160.0, 0.2312818
6170.0, 0.2311997
6180.0, 0.2311177
6190.0, 0.23103587
6200.0, 0.23095419
6210.0, 0.23087265
6220.0, 0.23079124
6230.0, 0.23071
6240.0, 0.23062888
6250.0, 0.2305479
6260.0, 0.23046707
6270.0, 0.23038638
6280.0, 0.23030584
6290.0, 0.23022541
6300.0, 0.23014516
6310.0, 0.23006503
6320.0, 0.22998504
6330.0, 0.2299052
6340.0, 0.2298255
6350.0, 0.22974592
6360.0, 0.22966652
6370.0, 0.22958723
6380.0, 0.22950809
6390.0, 0.22942905
6400.0, 0.2293502
6410.0, 0.22927146
6420.0, 0.22919287
6430.0, 0.22911441
6440.0, 0.2290361
6450.0, 0.22895792
6460.0, 0.22887987
6470.0, 0.22880197
6480.0, 0.2287242
6490.0, 0.22864658
6500.0, 0.22856908
6510.0, 0.22849171
6520.0, 0.22841449
6530.0, 0.2283374
6540.0, 0.22826046
6550.0, 0.22818364
6560.0, 0.22810696
6570.0, 0.22803043
6580.0, 0.227954
6590.0, 0.22787775
6600.0, 0.2278016
6610.0, 0.22772558
6620.0, 0.22764972
6630.0, 0.22757399
6640.0, 0.22749838
6650.0, 0.2274229
6660.0, 0.22734757
6670.0, 0.22727238
6680.0, 0.22719729
6690.0, 0.22712234
6700.0, 0.22704753
6710.0, 0.22697286
6720.0, 0.22689831
6730.0, 0.2268239
6740.0, 0.22674961
6750.0, 0.22667545
6760.0, 0.22660145
6770.0, 0.22652756
6780.0, 0.2264538
6790.0, 0.22638017
6800.0, 0.22630666
6810.0, 0.22623329
6820.0, 0.22616006
6830.0, 0.22608696
6840.0, 0.22601397
6850.0, 0.22594112
6860.0, 0.22586839
6870.0, 0.22579582
6880.0, 0.22572334
6890.0, 0.22565103
6900.0, 0.22557881
6910.0, 0.22550672
6920.0, 0.22543478
6930.0, 0.22536296
6940.0, 0.22529125
6950.0, 0.22521967
6960.0, 0.22514823
6970.0, 0.22507691
6980.0, 0.22500573
6990.0, 0.22493465
7000.0, 0.22486372
7010.0, 0.22479291
7020.0, 0.22472222
7030.0, 0.22465166
7040.0, 0.22458123
7050.0, 0.22451091
7060.0, 0.22444072
7070.0, 0.22437066
7080.0, 0.22430073
7090.0, 0.22423092
7100.0, 0.22416124
7110.0, 0.22409166
7120.0, 0.22402222
7130.0, 0.22395289
7140.0, 0.2238837
7150.0, 0.22381464
7160.0, 0.22374569
7170.0, 0.22367685
7180.0, 0.22360815
7190.0, 0.22353956
7200.0, 0.22347112
7210.0, 0.22340277
7220.0, 0.22333457
7230.0, 0.22326645
7240.0, 0.22319849
7250.0, 0.22313064
7260.0, 0.2230629
7270.0, 0.22299528
7280.0, 0.2229278
7290.0, 0.22286043
7300.0, 0.22279318
7310.0, 0.22272605
7320.0, 0.22265904
7330.0, 0.22259213
7340.0, 0.22252536
7350.0, 0.2224587
7360.0, 0.22239217
7370.0, 0.22232576
7380.0, 0.22225948
7390.0, 0.2221933
7400.0, 0.22212724
7410.0, 0.22206129
7420.0, 0.22199546
7430.0, 0.22192974
7440.0, 0.22186416
7450.0, 0.22179869
7460.0, 0.22173333
7470.0, 0.2216681
7480.0, 0.22160298
7490.0, 0.22153796
7500.0, 0.22147308
7510.0, 0.2214083
7520.0, 0.22134367
7530.0, 0.2212791
7540.0, 0.22121468
7550.0, 0.22115037
7560.0, 0.22108616
7570.0, 0.2210221
7580.0, 0.22095811
7590.0, 0.22089426
7600.0, 0.22083053
7610.0, 0.22076692
7620.0, 0.2207034
7630.0, 0.22063999
7640.0, 0.22057672
7650.0, 0.22051355
7660.0, 0.22045049
7670.0, 0.22038755
7680.0, 0.22032471
7690.0, 0.220262
7700.0, 0.2201994
7710.0, 0.2201369
7720.0, 0.22007452
7730.0, 0.22001225
7740.0, 0.21995011
7750.0, 0.21988805
7760.0, 0.21982612
7770.0, 0.21976429
7780.0, 0.21970259
7790.0, 0.21964099
7800.0, 0.2195795
7810.0, 0.21951811
7820.0, 0.21945684
7830.0, 0.21939568
7840.0, 0.21933463
7850.0, 0.2192737
7860.0, 0.21921287
7870.0, 0.21915215
7880.0, 0.21909153
7890.0, 0.21903104
7900.0, 0.21897063
7910.0, 0.21891035
7920.0, 0.21885017
7930.0, 0.21879011
7940.0, 0.21873014
7950.0, 0.2186703
7960.0, 0.21861055
7970.0, 0.2185509
7980.0, 0.21849139
7990.0, 0.21843195
8000.0, 0.21837264
8010.0, 0.21831343
8020.0, 0.21825434
8030.0, 0.21819535
8040.0, 0.21813644
8050.0, 0.21807767
8060.0, 0.218019
8070.0, 0.21796042
8080.0, 0.21790196
8090.0, 0.21784359
8100.0, 0.21778533
8110.0, 0.21772718
8120.0, 0.21766914
8130.0, 0.21761121
8140.0, 0.21755336
8150.0, 0.21749564
8160.0, 0.21743801
8170.0, 0.21738048
8180.0, 0.21732306
8190.0, 0.21726575
8200.0, 0.21720855
8210.0, 0.21715143
8220.0, 0.21709444
8230.0, 0.21703754
8240.0, 0.21698073
8250.0, 0.21692404
8260.0, 0.21686745
8270.0, 0.21681096
8280.0, 0.21675457
8290.0, 0.21669827
8300.0, 0.2166421
8310.0, 0.21658601
8320.0, 0.21653004
8330.0, 0.21647415
8340.0, 0.21641837
8350.0, 0.21636268
8360.0, 0.21630712
8370.0, 0.21625164
8380.0, 0.21619627
8390.0, 0.216141
8400.0, 0.21608582
8410.0, 0.21603073
8420.0, 0.21597576
8430.0, 0.21592088
8440.0, 0.21586612
8450.0, 0.21581145
8460.0, 0.21575686
8470.0, 0.21570238
8480.0, 0.21564801
8490.0, 0.21559373
8500.0, 0.21553953
8510.0, 0.21548545
8520.0, 0.21543147
8530.0, 0.21537758
8540.0, 0.21532379
8550.0, 0.2152701
8560.0, 0.2152165
8570.0, 0.21516299
8580.0, 0.21510959
8590.0, 0.2150563
8600.0, 0.21500309
8610.0, 0.21494998
8620.0, 0.21489698
8630.0, 0.21484405
8640.0, 0.21479122
8650.0, 0.21473852
8660.0, 0.21468587
8670.0, 0.21463336
8680.0, 0.21458091
8690.0, 0.21452858
8700.0, 0.21447632
8710.0, 0.21442416
8720.0, 0.21437213
8730.0, 0.21432017
8740.0, 0.2142683
8750.0, 0.21421652
8760.0, 0.21416484
8770.0, 0.21411325
8780.0, 0.21406177
8790.0, 0.21401036
8800.0, 0.21395907
8810.0, 0.21390787
8820.0, 0.21385673
8830.0, 0.21380572
8840.0, 0.21375479
8850.0, 0.21370395
8860.0, 0.2136532
8870.0, 0.21360256
8880.0, 0.213552
8890.0, 0.21350153
8900.0, 0.21345116
8910.0, 0.21340087
8920.0, 0.21335068
8930.0, 0.21330059
8940.0, 0.21325058
8950.0, 0.21320067
8960.0, 0.21315083
8970.0, 0.2131011
8980.0, 0.21305145
8990.0, 0.2130019
9000.0, 0.21295245
9010.0, 0.21290308
9020.0, 0.2128538
9030.0, 0.21280462
9040.0, 0.21275552
9050.0, 0.21270649
9060.0, 0.21265757
9070.0, 0.21260874
9080.0, 0.21256
9090.0, 0.21251135
9100.0, 0.21246277
9110.0, 0.2124143
9120.0, 0.21236591
9130.0, 0.21231763
9140.0, 0.2122694
9150.0, 0.2122213
9160.0, 0.21217325
9170.0, 0.2121253
9180.0, 0.21207745
9190.0, 0.21202968
9200.0, 0.21198201
9210.0, 0.2119344
9220.0, 0.2118869
9230.0, 0.21183948
9240.0, 0.21179214
9250.0, 0.2117449
9260.0, 0.21169773
9270.0, 0.21165065
9280.0, 0.21160369
9290.0, 0.21155678
9300.0, 0.21150996
9310.0, 0.21146324
9320.0, 0.2114166
9330.0, 0.21137002
9340.0, 0.21132357
9350.0, 0.21127719
9360.0, 0.21123089
9370.0, 0.21118465
9380.0, 0.21113855
9390.0, 0.21109247
9400.0, 0.21104653
9410.0, 0.21100064
9420.0, 0.21095484
9430.0, 0.21090914
9440.0, 0.21086352
9450.0, 0.21081798
9460.0, 0.21077251
9470.0, 0.21072716
9480.0, 0.21068186
9490.0, 0.21063665
9500.0, 0.21059154
9510.0, 0.2105465
9520.0, 0.21050154
9530.0, 0.21045665
9540.0, 0.21041186
9550.0, 0.21036716
9560.0, 0.21032253
9570.0, 0.21027799
9580.0, 0.21023351
9590.0, 0.21018913
9600.0, 0.21014485
9610.0, 0.2101006
9620.0, 0.2100565
9630.0, 0.21001242
9640.0, 0.20996846
9650.0, 0.20992456
9660.0, 0.20988075
9670.0, 0.20983702
9680.0, 0.20979337
9690.0, 0.2097498
9700.0, 0.2097063
9710.0, 0.2096629
9720.0, 0.20961958
9730.0, 0.20957631
9740.0, 0.20953315
9750.0, 0.20949006
9760.0, 0.20944704
9770.0, 0.20940413
9780.0, 0.20936127
9790.0, 0.20931849
9800.0, 0.2092758
9810.0, 0.20923318
9820.0, 0.20919067
9830.0, 0.2091482
9840.0, 0.20910582
9850.0, 0.20906353
9860.0, 0.2090213
9870.0, 0.20897916
9880.0, 0.20893708
9890.0, 0.20889509
9900.0, 0.20885319
9910.0, 0.20881134
9920.0, 0.20876959
9930.0, 0.20872791
9940.0, 0.20868632
9950.0, 0.20864479
9960.0, 0.20860335
9970.0, 0.20856197
9980.0, 0.20852067
9990.0, 0.20847946
10000.0, 0.20843832
10010.0, 0.20839725
10020.0, 0.20835628
10030.0, 0.20831536
10040.0, 0.20827451
10050.0, 0.20823376
10060.0, 0.20819308
10070.0, 0.20815246
10080.0, 0.20811191
10090.0, 0.20807147
10100.0, 0.20803107
10110.0, 0.20799077
10120.0, 0.20795053
10130.0, 0.20791037
10140.0, 0.20787029
10150.0, 0.20783027
10160.0, 0.20779033
10170.0, 0.20775047
10180.0, 0.20771068
10190.0, 0.20767097
10200.0, 0.20763132
10210.0, 0.20759174
10220.0, 0.20755225
10230.0, 0.20751283
10240.0, 0.20747349
10250.0, 0.2074342
10260.0, 0.20739502
10270.0, 0.20735589
10280.0, 0.20731682
10290.0, 0.20727783
10300.0, 0.20723893
10310.0, 0.20720008
10320.0, 0.20716132
10330.0, 0.20712262
10340.0, 0.207084
10350.0, 0.20704545
10360.0, 0.20700698
10370.0, 0.20696856
10380.0, 0.20693022
10390.0, 0.20689195
10400.0, 0.20685375
10410.0, 0.20681563
10420.0, 0.20677759
10430.0, 0.2067396
10440.0, 0.2067017
10450.0, 0.20666385
10460.0, 0.20662609
10470.0, 0.20658837
10480.0, 0.20655075
10490.0, 0.20651318
10500.0, 0.2064757
10510.0, 0.20643829
10520.0, 0.20640095
10530.0, 0.20636366
10540.0, 0.20632645
10550.0, 0.2062893
10560.0, 0.20625223
10570.0, 0.20621523
10580.0, 0.20617831
10590.0, 0.20614143
10600.0, 0.20610464
10610.0, 0.2060679
10620.0, 0.20603125
10630.0, 0.20599464
10640.0, 0.20595813
10650.0, 0.2059217
10660.0, 0.20588529
10670.0, 0.20584898
10680.0, 0.20581271
10690.0, 0.20577654
10700.0, 0.2057404
10710.0, 0.20570438
10720.0, 0.20566839
10730.0, 0.20563248
10740.0, 0.20559663
10750.0, 0.20556086
10760.0, 0.20552514
10770.0, 0.2054895
10780.0, 0.2054539
10790.0, 0.20541841
10800.0, 0.20538296
10810.0, 0.20534758
10820.0, 0.20531225
10830.0, 0.20527701
10840.0, 0.20524184
10850.0, 0.20520672
10860.0, 0.20517167
10870.0, 0.20513669
10880.0, 0.20510176
10890.0, 0.20506692
10900.0, 0.20503211
10910.0, 0.20499739
10920.0, 0.20496272
10930.0, 0.20492814
10940.0, 0.2048936
10950.0, 0.20485914
10960.0, 0.20482475
10970.0, 0.20479041
10980.0, 0.20475614
10990.0, 0.20472193
11000.0, 0.20468779
11010.0, 0.20465371
11020.0, 0.20461969
11030.0, 0.20458575
11040.0, 0.20455185
11050.0, 0.20451802
11060.0, 0.20448427
11070.0, 0.20445056
11080.0, 0.20441693
11090.0, 0.20438337
11100.0, 0.20434986
11110.0, 0.20431642
11120.0, 0.20428303
11130.0, 0.20424971
11140.0, 0.20421645
11150.0, 0.20418327
11160.0, 0.20415011
11170.0, 0.20411704
11180.0, 0.20408404
11190.0, 0.20405109
11200.0, 0.2040182
11210.0, 0.20398538
11220.0, 0.20395263
11230.0, 0.20391992
11240.0, 0.20388728
11250.0, 0.20385471
11260.0, 0.20382218
11270.0, 0.20378974
11280.0, 0.20375733
11290.0, 0.20372501
11300.0, 0.20369272
11310.0, 0.20366052
11320.0, 0.20362836
11330.0, 0.20359628
11340.0, 0.20356424
11350.0, 0.20353226
11360.0, 0.20350038
11370.0, 0.20346852
11380.0, 0.20343672
11390.0, 0.203405
11400.0, 0.20337333
11410.0, 0.20334171
11420.0, 0.20331016
11430.0, 0.20327868
11440.0, 0.20324722
11450.0, 0.20321585
11460.0, 0.20318455
11470.0, 0.20315328
11480.0, 0.2031221
11490.0, 0.20309095
11500.0, 0.20305987
11510.0, 0.20302884
11520.0, 0.20299788
11530.0, 0.20296697
11540.0, 0.20293613
11550.0, 0.20290534
11560.0, 0.20287462
11570.0, 0.20284395
11580.0, 0.20281333
11590.0, 0.20278278
11600.0, 0.20275228
11610.0, 0.20272183
11620.0, 0.20269145
11630.0, 0.20266113
11640.0, 0.20263085
11650.0, 0.20260063
11660.0, 0.20257048
11670.0, 0.20254038
11680.0, 0.20251034
11690.0, 0.20248036
11700.0, 0.20245041
11710.0, 0.20242055
11720.0, 0.20239075
11730.0, 0.20236097
11740.0, 0.20233126
11750.0, 0.20230162
11760.0, 0.20227203
11770.0, 0.2022425
11780.0, 0.20221303
11790.0, 0.20218359
11800.0, 0.20215422
11810.0, 0.20212491
11820.0, 0.20209564
11830.0, 0.20206644
11840.0, 0.2020373
11850.0, 0.20200822
11860.0, 0.20197918
11870.0, 0.20195019
11880.0, 0.20192125
11890.0, 0.20189238
11900.0, 0.20186356
11910.0, 0.20183481
11920.0, 0.20180608
11930.0, 0.20177743
11940.0, 0.20174883
11950.0, 0.20172028
11960.0, 0.2016918
11970.0, 0.20166336
11980.0, 0.20163497
11990.0, 0.20160663
12000.0, 0.20157836
12010.0, 0.20155013
12020.0, 0.20152198
12030.0, 0.20149384
12040.0, 0.20146579
12050.0, 0.20143777
12060.0, 0.20140982
12070.0, 0.2013819
12080.0, 0.20135406
12090.0, 0.20132627
12100.0, 0.2012985
12110.0, 0.20127082
12120.0, 0.20124316
12130.0, 0.20121558
12140.0, 0.20118803
12150.0, 0.20116057
12160.0, 0.20113312
12170.0, 0.20110574
12180.0, 0.20107841
12190.0, 0.20105115
12200.0, 0.20102392
12210.0, 0.20099673
12220.0, 0.20096962
12230.0, 0.20094253
12240.0, 0.20091552
12250.0, 0.20088854
12260.0, 0.20086163
12270.0, 0.20083477
12280.0, 0.20080796
12290.0, 0.20078118
12300.0, 0.20075446
12310.0, 0.20072782
12320.0, 0.20070119
12330.0, 0.20067464
12340.0, 0.20064813
12350.0, 0.20062166
12360.0, 0.20059524
12370.0, 0.20056888
12380.0, 0.20054257
12390.0, 0.20051631
12400.0, 0.20049012
12410.0, 0.20046394
12420.0, 0.20043783
12430.0, 0.20041177
12440.0, 0.20038575
12450.0, 0.20035979
12460.0, 0.2003339
12470.0, 0.20030802
12480.0, 0.2002822
12490.0, 0.20025642
12500.0, 0.20023072
12510.0, 0.20020504
12520.0, 0.20017943
12530.0, 0.20015386
12540.0, 0.20012833
12550.0, 0.20010285
12560.0, 0.20007743
12570.0, 0.20005205
12580.0, 0.20002674
12590.0, 0.20000145
12600.0, 0.19997622
12610.0, 0.19995102
12620.0, 0.1999259
12630.0, 0.1999008
12640.0, 0.19987576
12650.0, 0.19985078
12660.0, 0.19982584
12670.0, 0.19980092
12680.0, 0.19977607
12690.0, 0.19975129
12700.0, 0.19972652
12710.0, 0.1997018
12720.0, 0.19967715
12730.0, 0.19965252
12740.0, 0.19962797
12750.0, 0.19960344
12760.0, 0.19957897
12770.0, 0.19955453
12780.0, 0.19953015
12790.0, 0.19950582
12800.0, 0.19948153
12810.0, 0.19945729
12820.0, 0.19943309
12830.0, 0.19940895
12840.0, 0.19938484
12850.0, 0.19936077
12860.0, 0.19933677
12870.0, 0.19931279
12880.0, 0.19928887
12890.0, 0.199265
12900.0, 0.19924118
12910.0, 0.1992174
12920.0, 0.19919364
12930.0, 0.19916995
12940.0, 0.1991463
12950.0, 0.1991227
12960.0, 0.19909915
12970.0, 0.19907562
12980.0, 0.19905217
12990.0, 0.19902875
13000.0, 0.19900537
13010.0, 0.19898203
13020.0, 0.19895872
13030.0, 0.19893548
13040.0, 0.1989123
13050.0, 0.19888912
13060.0, 0.19886602
13070.0, 0.19884296
13080.0, 0.19881994
13090.0, 0.19879694
13100.0, 0.19877401
13110.0, 0.19875112
13120.0, 0.19872826
13130.0, 0.19870546
13140.0, 0.19868271
13150.0, 0.19865999
13160.0, 0.1986373
13170.0, 0.19861469
13180.0, 0.19859208
13190.0, 0.19856954
13200.0, 0.19854704
13210.0, 0.19852458
13220.0, 0.19850217
13230.0, 0.19847979
13240.0, 0.19845746
13250.0, 0.19843517
13260.0, 0.19841294
13270.0, 0.19839074
13280.0, 0.19836856
13290.0, 0.19834645
13300.0, 0.19832438
13310.0, 0.19830234
13320.0, 0.19828035
13330.0, 0.19825841
13340.0, 0.19823651
13350.0, 0.19821465
13360.0, 0.19819282
13370.0, 0.19817103
13380.0, 0.1981493
13390.0, 0.1981276
13400.0, 0.19810595
13410.0, 0.19808432
13420.0, 0.19806276
13430.0, 0.19804122
13440.0, 0.19801973
13450.0, 0.19799827
13460.0, 0.19797687
13470.0, 0.1979555
13480.0, 0.19793417
13490.0, 0.1979129
13500.0, 0.19789164
13510.0, 0.19787045
13520.0, 0.19784927
13530.0, 0.19782816
13540.0, 0.19780707
13550.0, 0.19778603
13560.0, 0.19776502
13570.0, 0.19774407
13580.0, 0.19772315
13590.0, 0.19770227
13600.0, 0.19768143
13610.0, 0.19766062
13620.0, 0.19763987
13630.0, 0.19761914
13640.0, 0.19759847
13650.0, 0.19757782
13660.0, 0.19755721
13670.0, 0.19753665
13680.0, 0.19751613
13690.0, 0.19749565
13700.0, 0.1974752
13710.0, 0.1974548
13720.0, 0.19743443
13730.0, 0.19741409
13740.0, 0.19739382
13750.0, 0.19737355
13760.0, 0.19735336
13770.0, 0.19733317
13780.0, 0.19731306
13790.0, 0.19729295
13800.0, 0.1972729
13810.0, 0.19725288
13820.0, 0.1972329
13830.0, 0.19721296
13840.0, 0.19719307
13850.0, 0.1971732
13860.0, 0.19715337
13870.0, 0.19713359
13880.0, 0.19711383
13890.0, 0.19709413
13900.0, 0.19707444
13910.0, 0.1970548
13920.0, 0.19703522
13930.0, 0.19701566
13940.0, 0.19699612
13950.0, 0.19697665
13960.0, 0.1969572
13970.0, 0.19693778
13980.0, 0.19691841
13990.0, 0.19689909
14000.0, 0.19687977
14010.0, 0.19686052
14020.0, 0.19684128
14030.0, 0.1968221
14040.0, 0.19680296
14050.0, 0.19678384
14060.0, 0.19676477
14070.0, 0.19674572
14080.0, 0.19672671
14090.0, 0.19670776
14100.0, 0.19668882
14110.0, 0.19666992
14120.0, 0.19665106
14130.0, 0.19663225
14140.0, 0.19661346
14150.0, 0.19659472
14160.0, 0.196576
14170.0, 0.19655733
14180.0, 0.19653869
14190.0, 0.19652008
14200.0, 0.19650151
14210.0, 0.19648297
14220.0, 0.19646448
14230.0, 0.19644602
14240.0, 0.19642758
14250.0, 0.19640921
14260.0, 0.19639084
14270.0, 0.19637252
14280.0, 0.19635423
14290.0, 0.19633599
14300.0, 0.19631776
14310.0, 0.19629958
14320.0, 0.19628145
14330.0, 0.19626333
14340.0, 0.19624527
14350.0, 0.19622722
14360.0, 0.1962092
14370.0, 0.19619124
14380.0, 0.19617331
14390.0, 0.19615541
14400.0, 0.19613755
14410.0, 0.19611971
14420.0, 0.19610192
14430.0, 0.19608414
14440.0, 0.19606641
14450.0, 0.19604874
14460.0, 0.19603106
14470.0, 0.19601344
14480.0, 0.19599585
14490.0, 0.19597828
14500.0, 0.19596076
14510.0, 0.19594327
14520.0, 0.19592582
14530.0, 0.1959084
14540.0, 0.195891
14550.0, 0.19587365
14560.0, 0.19585632
14570.0, 0.19583903
14580.0, 0.19582178
14590.0, 0.19580457
14600.0, 0.19578737
14610.0, 0.1957702
14620.0, 0.19575308
14630.0, 0.19573599
14640.0, 0.19571894
14650.0, 0.19570191
14660.0, 0.19568492
14670.0, 0.19566797
14680.0, 0.19565104
14690.0, 0.19563414
14700.0, 0.19561727
14710.0, 0.19560046
14720.0, 0.19558367
14730.0, 0.1955669
14740.0, 0.19555016
14750.0, 0.19553347
14760.0, 0.1955168
14770.0, 0.19550017
14780.0, 0.19548357
14790.0, 0.195467
14800.0, 0.19545045
14810.0, 0.19543394
14820.0, 0.1954175
14830.0, 0.19540104
14840.0, 0.19538462
14850.0, 0.19536826
14860.0, 0.1953519
14870.0, 0.19533558
14880.0, 0.19531931
14890.0, 0.19530305
14900.0, 0.19528683
14910.0, 0.19527064
14920.0, 0.19525447
14930.0, 0.19523835
14940.0, 0.19522226
14950.0, 0.1952062
14960.0, 0.19519018
14970.0, 0.19517416
14980.0, 0.1951582
14990.0, 0.19514225
15000.0, 0.19512634
15010.0, 0.19511047
15020.0, 0.19509462
15030.0, 0.1950788
15040.0, 0.19506301
15050.0, 0.19504726
15060.0, 0.19503154
15070.0, 0.19501583
15080.0, 0.19500017
15090.0, 0.19498454
15100.0, 0.19496894
15110.0, 0.19495335
15120.0, 0.19493781
15130.0, 0.1949223
15140.0, 0.19490683
15150.0, 0.19489136
15160.0, 0.19487594
15170.0, 0.19486056
15180.0, 0.19484518
15190.0, 0.19482985
15200.0, 0.19481455
15210.0, 0.19479927
15220.0, 0.19478403
15230.0, 0.19476882
15240.0, 0.19475363
15250.0, 0.19473846
15260.0, 0.19472334
15270.0, 0.19470824
15280.0, 0.19469318
15290.0, 0.19467813
15300.0, 0.19466312
15310.0, 0.19464815
15320.0, 0.1946332
15330.0, 0.19461828
15340.0, 0.19460338
15350.0, 0.19458851
15360.0, 0.19457367
15370.0, 0.19455887
15380.0, 0.19454409
15390.0, 0.19452932
15400.0, 0.19451462
15410.0, 0.19449992
15420.0, 0.19448525
15430.0, 0.19447061
15440.0, 0.19445601
15450.0, 0.19444144
15460.0, 0.19442688
15470.0, 0.19441237
15480.0, 0.19439785
15490.0, 0.1943834
15500.0, 0.19436896
15510.0, 0.19435453
15520.0, 0.19434017
15530.0, 0.19432582
15540.0, 0.1943115
15550.0, 0.19429718
15560.0, 0.19428292
15570.0, 0.19426867
15580.0, 0.19425446
15590.0, 0.19424027
15600.0, 0.1942261
15610.0, 0.19421197
15620.0, 0.19419788
15630.0, 0.19418378
15640.0, 0.19416973
15650.0, 0.19415571
15660.0, 0.19414173
15670.0, 0.19412775
15680.0, 0.1941138
15690.0, 0.1940999
15700.0, 0.194086
15710.0, 0.19407214
15720.0, 0.19405831
15730.0, 0.1940445
15740.0, 0.19403073
15750.0, 0.19401698
15760.0, 0.19400324
15770.0, 0.19398953
15780.0, 0.19397588
15790.0, 0.19396222
15800.0, 0.1939486
15810.0, 0.193935
15820.0, 0.19392143
15830.0, 0.1939079
15840.0, 0.19389439
15850.0, 0.19388089
15860.0, 0.19386743
15870.0, 0.19385399
15880.0, 0.1938406
15890.0, 0.19382721
15900.0, 0.19381383
15910.0, 0.19380051
15920.0, 0.1937872
15930.0, 0.19377393
15940.0, 0.19376066
15950.0, 0.19374743
15960.0, 0.19373423
15970.0, 0.19372106
15980.0, 0.19370791
15990.0, 0.19369479
16000.0, 0.19368169
16010.0, 0.1936686
16020.0, 0.19365557
16030.0, 0.19364254
16040.0, 0.19362953
16050.0, 0.19361657
16060.0, 0.19360362
16070.0, 0.1935907
16080.0, 0.1935778
16090.0, 0.19356494
16100.0, 0.19355208
16110.0, 0.19353925
16120.0, 0.19352646
16130.0, 0.19351368
16140.0, 0.19350094
16150.0, 0.19348821
16160.0, 0.19347551
16170.0, 0.19346285
16180.0, 0.19345018
16190.0, 0.19343756
16200.0, 0.19342497
16210.0, 0.1934124
16220.0, 0.19339985
16230.0, 0.19338731
16240.0, 0.19337481
16250.0, 0.19336234
16260.0, 0.19334988
16270.0, 0.19333746
16280.0, 0.19332504
16290.0, 0.19331266
16300.0, 0.1933003
16310.0, 0.19328798
16320.0, 0.19327568
16330.0, 0.1932634
16340.0, 0.19325113
16350.0, 0.19323888
16360.0, 0.1932267
16370.0, 0.19321449
16380.0, 0.19320233
16390.0, 0.19319019
16400.0, 0.19317807
16410.0, 0.19316597
16420.0, 0.19315392
16430.0, 0.19314186
16440.0, 0.19312984
16450.0, 0.19311783
16460.0, 0.19310586
16470.0, 0.1930939
16480.0, 0.19308197
16490.0, 0.19307007
16500.0, 0.1930582
16510.0, 0.19304632
16520.0, 0.1930345
16530.0, 0.19302267
16540.0, 0.19301088
16550.0, 0.19299911
16560.0, 0.19298737
16570.0, 0.19297566
16580.0, 0.19296396
16590.0, 0.19295228
16600.0, 0.19294062
16610.0, 0.19292898
16620.0, 0.19291738
16630.0, 0.1929058
16640.0, 0.19289422
16650.0, 0.1928827
16660.0, 0.19287118
16670.0, 0.19285968
16680.0, 0.1928482
16690.0, 0.19283676
16700.0, 0.19282533
16710.0, 0.19281393
16720.0, 0.19280253
16730.0, 0.19279118
16740.0, 0.19277984
16750.0, 0.19276853
16760.0, 0.19275723
16770.0, 0.19274597
16780.0, 0.19273472
16790.0, 0.19272348
16800.0, 0.19271226
16810.0, 0.19270109
16820.0, 0.19268993
16830.0, 0.19267878
16840.0, 0.19266766
16850.0, 0.19265656
16860.0, 0.19264548
16870.0, 0.19263445
16880.0, 0.19262339
16890.0, 0.1926124
16900.0, 0.1926014
16910.0, 0.19259043
16920.0, 0.19257948
16930.0, 0.19256856
16940.0, 0.19255765
16950.0, 0.19254677
16960.0, 0.1925359
16970.0, 0.19252506
16980.0, 0.19251426
16990.0, 0.19250345
17000.0, 0.19249268
17010.0, 0.19248192
17020.0, 0.19247119
17030.0, 0.19246046
17040.0, 0.19244978
17050.0, 0.19243911
17060.0, 0.19242845
17070.0, 0.19241783
17080.0, 0.1924072
17090.0, 0.19239663
17100.0, 0.19238606
17110.0, 0.19237551
17120.0, 0.19236498
17130.0, 0.19235447
17140.0, 0.192344
17150.0, 0.19233352
17160.0, 0.19232309
17170.0, 0.19231266
17180.0, 0.19230226
17190.0, 0.19229187
17200.0, 0.19228151
17210.0, 0.19227116
17220.0, 0.19226085
17230.0, 0.19225055
17240.0, 0.19224025
17250.0, 0.19222999
17260.0, 0.19221976
17270.0, 0.19220954
17280.0, 0.19219933
17290.0, 0.19218916
17300.0, 0.19217898
17310.0, 0.19216885
17320.0, 0.19215873
17330.0, 0.19214861
17340.0, 0.19213854
17350.0, 0.19212848
17360.0, 0.19211844
17370.0, 0.19210841
17380.0, 0.19209841
17390.0, 0.19208843
17400.0, 0.19207846
17410.0, 0.1920685
17420.0, 0.1920586
17430.0, 0.19204867
17440.0, 0.19203879
17450.0, 0.19202891
17460.0, 0.19201908
17470.0, 0.19200924
17480.0, 0.19199944
17490.0, 0.19198965
17500.0, 0.19197987
17510.0, 0.19197012
17520.0, 0.1919604
17530.0, 0.19195068
17540.0, 0.19194098
17550.0, 0.1919313
17560.0, 0.19192165
17570.0, 0.191912
17580.0, 0.19190238
17590.0, 0.19189277
17600.0, 0.1918832
17610.0, 0.19187364
17620.0, 0.19186409
17630.0, 0.19185457
17640.0, 0.19184507
17650.0, 0.19183558
17660.0, 0.1918261
17670.0, 0.19181666
17680.0, 0.19180723
17690.0, 0.19179781
17700.0, 0.1917884
17710.0, 0.19177902
17720.0, 0.19176967
17730.0, 0.19176033
17740.0, 0.19175102
17750.0, 0.19174172
17760.0, 0.19173242
17770.0, 0.19172315
17780.0, 0.19171391
17790.0, 0.19170468
17800.0, 0.19169547
17810.0, 0.19168626
17820.0, 0.1916771
17830.0, 0.19166793
17840.0, 0.19165878
17850.0, 0.19164968
17860.0, 0.19164056
17870.0, 0.19163147
17880.0, 0.1916224
17890.0, 0.19161335
17900.0, 0.19160433
17910.0, 0.1915953
17920.0, 0.1915863
17930.0, 0.19157733
17940.0, 0.19156834
17950.0, 0.1915594
17960.0, 0.1915505
17970.0, 0.19154158
17980.0, 0.19153267
17990.0, 0.1915238
18000.0, 0.19151495
18010.0, 0.1915061
18020.0, 0.19149728
18030.0, 0.19148847
18040.0, 0.19147968
18050.0, 0.1914709
18060.0, 0.19146217
18070.0, 0.19145343
18080.0, 0.1914447
18090.0, 0.19143601
18100.0, 0.19142732
18110.0, 0.19141865
18120.0, 0.19140999
18130.0, 0.19140135
18140.0, 0.19139275
18150.0, 0.19138414
18160.0, 0.19137555
18170.0, 0.19136699
18180.0, 0.19135843
18190.0, 0.19134991
18200.0, 0.19134139
18210.0, 0.19133288
18220.0, 0.1913244
18230.0, 0.19131593
18240.0, 0.19130749
18250.0, 0.19129907
18260.0, 0.19129065
18270.0, 0.19128224
18280.0, 0.19127384
18290.0, 0.19126548
18300.0, 0.19125712
18310.0, 0.1912488
18320.0, 0.19124047
18330.0, 0.19123219
18340.0, 0.19122389
18350.0, 0.19121562
18360.0, 0.19120736
18370.0, 0.19119914
18380.0, 0.19119091
18390.0, 0.19118272
18400.0, 0.1911745
18410.0, 0.19116634
18420.0, 0.19115819
18430.0, 0.19115004
18440.0, 0.19114193
18450.0, 0.19113381
18460.0, 0.19112572
18470.0, 0.19111764
18480.0, 0.19110958
18490.0, 0.19110154
18500.0, 0.1910935
18510.0, 0.1910855
18520.0, 0.1910775
18530.0, 0.19106951
18540.0, 0.19106156
18550.0, 0.1910536
18560.0, 0.19104567
18570.0, 0.19103776
18580.0, 0.19102985
18590.0, 0.19102195
18600.0, 0.1910141
18610.0, 0.19100623
18620.0, 0.19099839
18630.0, 0.19099055
18640.0, 0.19098276
18650.0, 0.19097495
18660.0, 0.19096717
18670.0, 0.19095941
18680.0, 0.19095166
18690.0, 0.19094393
18700.0, 0.19093621
18710.0, 0.19092849
18720.0, 0.19092081
18730.0, 0.19091314
18740.0, 0.19090548
18750.0, 0.19089784
18760.0, 0.19089021
18770.0, 0.1908826
18780.0, 0.190875
18790.0, 0.19086741
18800.0, 0.19085984
18810.0, 0.19085228
18820.0, 0.19084474
18830.0, 0.19083723
18840.0, 0.19082971
18850.0, 0.19082221
18860.0, 0.19081475
18870.0, 0.19080728
18880.0, 0.19079982
18890.0, 0.1907924
18900.0, 0.19078496
18910.0, 0.19077757
18920.0, 0.19077016
18930.0, 0.19076279
18940.0, 0.19075543
18950.0, 0.19074808
18960.0, 0.19074075
18970.0, 0.19073343
18980.0, 0.19072612
18990.0, 0.19071883
19000.0, 0.19071156
19010.0, 0.19070429
19020.0, 0.19069704
19030.0, 0.19068982
19040.0, 0.1906826
19050.0, 0.1906754
19060.0, 0.1906682
19070.0, 0.19066101
19080.0, 0.19065386
19090.0, 0.19064671
19100.0, 0.19063959
19110.0, 0.19063245
19120.0, 0.19062535
19130.0, 0.19061826
19140.0, 0.19061118
19150.0, 0.19060412
19160.0, 0.19059707
19170.0, 0.19059002
19180.0, 0.190583
19190.0, 0.190576
19200.0, 0.190569
19210.0, 0.19056202
19220.0, 0.19055505
19230.0, 0.19054809
19240.0, 0.19054115
19250.0, 0.19053423
19260.0, 0.1905273
19270.0, 0.1905204
19280.0, 0.19051354
19290.0, 0.19050665
19300.0, 0.1904998
19310.0, 0.19049296
19320.0, 0.19048612
19330.0, 0.19047931
19340.0, 0.19047251
19350.0, 0.19046572
19360.0, 0.19045894
19370.0, 0.19045217
19380.0, 0.19044541
19390.0, 0.19043869
19400.0, 0.19043195
19410.0, 0.19042525
19420.0, 0.19041854
19430.0, 0.19041185
19440.0, 0.19040519
19450.0, 0.19039853
19460.0, 0.19039188
19470.0, 0.19038525
19480.0, 0.19037864
19490.0, 0.19037202
19500.0, 0.19036543
19510.0, 0.19035885
19520.0, 0.19035229
19530.0, 0.19034572
19540.0, 0.1903392
19550.0, 0.19033267
19560.0, 0.19032614
19570.0, 0.19031964
19580.0, 0.19031315
19590.0, 0.19030668
19600.0, 0.19030021
19610.0, 0.19029376
19620.0, 0.1902873
19630.0, 0.1902809
19640.0, 0.19027448
19650.0, 0.19026808
19660.0, 0.19026169
19670.0, 0.19025531
19680.0, 0.19024895
19690.0, 0.19024259
19700.0, 0.19023627
19710.0, 0.19022994
19720.0, 0.19022362
19730.0, 0.19021733
19740.0, 0.19021104
19750.0, 0.19020475
19760.0, 0.1901985
19770.0, 0.19019224
19780.0, 0.19018601
19790.0, 0.19017978
19800.0, 0.19017357
19810.0, 0.19016737
19820.0, 0.19016117
19830.0, 0.190155
19840.0, 0.19014883
19850.0, 0.19014268
19860.0, 0.19013654
19870.0, 0.19013041
19880.0, 0.19012429
19890.0, 0.19011818
19900.0, 0.1901121
19910.0, 0.19010602
19920.0, 0.19009994
19930.0, 0.19009389
19940.0, 0.19008784
19950.0, 0.1900818
19960.0, 0.1900758
19970.0, 0.19006978
19980.0, 0.19006379
19990.0, 0.1900578
20000.0, 0.19005182
20010.0, 0.19004586
20020.0, 0.19003992
20030.0, 0.19003399
20040.0, 0.19002806
20050.0, 0.19002214
20060.0, 0.19001622
20070.0, 0.19001034
20080.0, 0.19000447
20090.0, 0.1899986
20100.0, 0.18999273
20110.0, 0.1899869
20120.0, 0.18998106
20130.0, 0.18997525
20140.0, 0.18996942
20150.0, 0.18996362
20160.0, 0.18995784
20170.0, 0.18995206
20180.0, 0.1899463
20190.0, 0.18994054
20200.0, 0.1899348
20210.0, 0.18992908
20220.0, 0.18992336
20230.0, 0.18991764
20240.0, 0.18991195
20250.0, 0.18990627
20260.0, 0.18990059
20270.0, 0.18989491
20280.0, 0.18988927
20290.0, 0.18988362
20300.0, 0.189878
20310.0, 0.18987238
20320.0, 0.18986678
20330.0, 0.1898612
20340.0, 0.18985559
20350.0, 0.18985002
20360.0, 0.18984446
20370.0, 0.18983892
20380.0, 0.18983336
20390.0, 0.18982784
20400.0, 0.1898223
20410.0, 0.1898168
20420.0, 0.18981132
20430.0, 0.18980582
20440.0, 0.18980034
20450.0, 0.18979488
20460.0, 0.18978943
20470.0, 0.18978399
20480.0, 0.18977855
20490.0, 0.18977313
20500.0, 0.18976772
20510.0, 0.18976232
20520.0, 0.18975691
20530.0, 0.18975154
20540.0, 0.18974619
20550.0, 0.18974082
20560.0, 0.18973547
20570.0, 0.18973014
20580.0, 0.1897248
20590.0, 0.18971948
20600.0, 0.1897142
20610.0, 0.18970889
20620.0, 0.1897036
20630.0, 0.18969834
20640.0, 0.18969308
20650.0, 0.18968782
20660.0, 0.18968257
20670.0, 0.18967734
20680.0, 0.18967211
20690.0, 0.18966691
20700.0, 0.1896617
20710.0, 0.18965653
20720.0, 0.18965133
20730.0, 0.18964615
20740.0, 0.189641
20750.0, 0.18963586
20760.0, 0.18963072
20770.0, 0.18962559
20780.0, 0.18962045
20790.0, 0.18961535
20800.0, 0.18961024
20810.0, 0.18960516
20820.0, 0.1896001
20830.0, 0.18959501
20840.0, 0.18958996
20850.0, 0.18958491
20860.0, 0.18957987
20870.0, 0.18957484
20880.0, 0.18956982
20890.0, 0.1895648
20900.0, 0.18955982
20910.0, 0.18955483
20920.0, 0.18954983
20930.0, 0.18954487
20940.0, 0.18953991
20950.0, 0.18953496
20960.0, 0.18953001
20970.0, 0.1895251
20980.0, 0.18952017
20990.0, 0.18951526
21000.0, 0.18951035
21010.0, 0.18950546
21020.0, 0.18950057
21030.0, 0.18949571
21040.0, 0.18949085
21050.0, 0.18948598
21060.0, 0.18948114
21070.0, 0.18947631
21080.0, 0.18947148
21090.0, 0.18946669
21100.0, 0.18946187
21110.0, 0.18945706
21120.0, 0.18945229
21130.0, 0.1894475
21140.0, 0.18944275
21150.0, 0.18943799
21160.0, 0.18943323
21170.0, 0.1894285
21180.0, 0.18942377
21190.0, 0.18941905
21200.0, 0.18941434
21210.0, 0.18940963
21220.0, 0.18940493
21230.0, 0.18940026
21240.0, 0.18939558
21250.0, 0.18939091
21260.0, 0.18938626
21270.0, 0.18938161
21280.0, 0.18937698
21290.0, 0.18937236
21300.0, 0.18936773
21310.0, 0.18936312
21320.0, 0.18935852
21330.0, 0.18935393
21340.0, 0.18934935
21350.0, 0.18934478
21360.0, 0.18934022
21370.0, 0.18933566
21380.0, 0.1893311
21390.0, 0.18932657
21400.0, 0.18932204
21410.0, 0.18931752
21420.0, 0.18931301
21430.0, 0.18930851
21440.0, 0.18930401
21450.0, 0.18929952
21460.0, 0.18929505
21470.0, 0.18929058
21480.0, 0.18928614
21490.0, 0.18928169
21500.0, 0.18927725
21510.0, 0.18927282
21520.0, 0.1892684
21530.0, 0.18926397
21540.0, 0.18925959
21550.0, 0.1892552
21560.0, 0.1892508
21570.0, 0.18924643
21580.0, 0.18924204
21590.0, 0.18923768
21600.0, 0.18923333
21610.0, 0.18922898
21620.0, 0.18922466
21630.0, 0.18922032
21640.0, 0.18921602
21650.0, 0.18921171
21660.0, 0.18920739
21670.0, 0.18920311
21680.0, 0.18919882
21690.0, 0.18919455
21700.0, 0.18919028
21710.0, 0.18918602
21720.0, 0.18918177
21730.0, 0.18917754
21740.0, 0.1891733
21750.0, 0.18916906
21760.0, 0.18916486
21770.0, 0.18916066
21780.0, 0.18915646
21790.0, 0.18915226
21800.0, 0.18914808
21810.0, 0.18914391
21820.0, 0.18913972
21830.0, 0.18913557
21840.0, 0.18913142
21850.0, 0.18912728
21860.0, 0.18912315
21870.0, 0.18911903
21880.0, 0.18911491
21890.0, 0.18911079
21900.0, 0.18910669
21910.0, 0.1891026
21920.0, 0.18909852
21930.0, 0.18909444
21940.0, 0.18909037
21950.0, 0.18908632
21960.0, 0.18908226
21970.0, 0.18907823
21980.0, 0.18907417
21990.0, 0.18907015
22000.0, 0.18906614
22010.0, 0.18906212
22020.0, 0.18905813
22030.0, 0.18905412
22040.0, 0.18905014
22050.0, 0.18904614
22060.0, 0.18904217
22070.0, 0.18903822
22080.0, 0.18903424
22090.0, 0.1890303
22100.0, 0.18902636
22110.0, 0.18902244
22120.0, 0.1890185
22130.0, 0.18901458
22140.0, 0.18901066
22150.0, 0.18900676
22160.0, 0.18900287
22170.0, 0.18899898
22180.0, 0.18899511
22190.0, 0.18899125
22200.0, 0.18898737
22210.0, 0.18898351
22220.0, 0.18897967
22230.0, 0.18897584
22240.0, 0.188972
22250.0, 0.18896817
22260.0, 0.18896435
22270.0, 0.18896054
22280.0, 0.18895674
22290.0, 0.18895294
22300.0, 0.18894915
22310.0, 0.18894538
22320.0, 0.1889416
22330.0, 0.18893783
22340.0, 0.18893409
22350.0, 0.18893033
22360.0, 0.18892658
22370.0, 0.18892285
22380.0, 0.18891911
22390.0, 0.18891539
22400.0, 0.18891168
22410.0, 0.18890797
22420.0, 0.18890429
22430.0, 0.18890059
22440.0, 0.18889691
22450.0, 0.18889321
22460.0, 0.18888955
22470.0, 0.1888859
22480.0, 0.18888223
22490.0, 0.18887858
22500.0, 0.18887496
22510.0, 0.18887131
22520.0, 0.18886769
22530.0, 0.18886407
22540.0, 0.18886046
22550.0, 0.18885686
22560.0, 0.18885325
22570.0, 0.18884967
22580.0, 0.18884608
22590.0, 0.1888425
22600.0, 0.18883894
22610.0, 0.18883537
22620.0, 0.18883182
22630.0, 0.18882826
22640.0, 0.18882473
22650.0, 0.1888212
22660.0, 0.18881766
22670.0, 0.18881415
22680.0, 0.18881063
22690.0, 0.18880713
22700.0, 0.18880363
22710.0, 0.18880014
22720.0, 0.18879665
22730.0, 0.18879318
22740.0, 0.1887897
22750.0, 0.18878624
22760.0, 0.18878278
22770.0, 0.18877932
22780.0, 0.18877588
22790.0, 0.18877245
22800.0, 0.18876901
22810.0, 0.1887656
22820.0, 0.18876217
22830.0, 0.18875878
22840.0, 0.18875536
22850.0, 0.18875197
22860.0, 0.18874857
22870.0, 0.18874519
22880.0, 0.18874182
22890.0, 0.18873845
22900.0, 0.1887351
22910.0, 0.18873173
22920.0, 0.18872838
22930.0, 0.18872504
22940.0, 0.1887217
22950.0, 0.18871838
22960.0, 0.18871506
22970.0, 0.18871173
22980.0, 0.18870842
22990.0, 0.18870513
23000.0, 0.18870182
23010.0, 0.18869853
23020.0, 0.18869525
23030.0, 0.18869197
23040.0, 0.18868871
23050.0, 0.18868543
23060.0, 0.18868217
23070.0, 0.18867894
23080.0, 0.18867569
23090.0, 0.18867244
23100.0, 0.18866922
23110.0, 0.18866599
23120.0, 0.18866277
23130.0, 0.18865956
23140.0, 0.18865636
23150.0, 0.18865316
23160.0, 0.18864995
23170.0, 0.18864678
23180.0, 0.1886436
23190.0, 0.18864042
23200.0, 0.18863724
23210.0, 0.18863408
23220.0, 0.18863092
23230.0, 0.18862778
23240.0, 0.18862464
23250.0, 0.1886215
23260.0, 0.18861838
23270.0, 0.18861525
23280.0, 0.18861213
23290.0, 0.18860902
23300.0, 0.1886059
23310.0, 0.1886028
23320.0, 0.18859972
23330.0, 0.18859662
23340.0, 0.18859355
23350.0, 0.18859047
23360.0, 0.1885874
23370.0, 0.18858434
23380.0, 0.18858127
23390.0, 0.18857823
23400.0, 0.1885752
23410.0, 0.18857215
23420.0, 0.18856911
23430.0, 0.18856609
23440.0, 0.18856306
23450.0, 0.18856005
23460.0, 0.18855706
23470.0, 0.18855403
23480.0, 0.18855105
23490.0, 0.18854806
23500.0, 0.18854506
23510.0, 0.1885421
23520.0, 0.18853912
23530.0, 0.18853615
23540.0, 0.18853319
23550.0, 0.18853024
23560.0, 0.18852729
23570.0, 0.18852434
23580.0, 0.1885214
23590.0, 0.18851846
23600.0, 0.18851554
23610.0, 0.18851262
23620.0, 0.18850972
23630.0, 0.1885068
23640.0, 0.18850389
23650.0, 0.188501
23660.0, 0.18849811
23670.0, 0.18849522
23680.0, 0.18849234
23690.0, 0.18848947
23700.0, 0.18848659
23710.0, 0.18848374
23720.0, 0.18848088
23730.0, 0.18847802
23740.0, 0.18847518
23750.0, 0.18847235
23760.0, 0.1884695
23770.0, 0.18846668
23780.0, 0.18846385
23790.0, 0.18846105
23800.0, 0.18845823
23810.0, 0.18845542
23820.0, 0.18845262
23830.0, 0.18844983
23840.0, 0.18844703
23850.0, 0.18844426
23860.0, 0.18844147
23870.0, 0.1884387
23880.0, 0.18843594
23890.0, 0.18843317
23900.0, 0.1884304
23910.0, 0.18842766
23920.0, 0.18842493
23930.0, 0.18842217
23940.0, 0.18841945
23950.0, 0.1884167
23960.0, 0.18841398
23970.0, 0.18841127
23980.0, 0.18840855
23990.0, 0.18840586
24000.0, 0.18840314
24010.0, 0.18840045
24020.0, 0.18839775
24030.0, 0.18839507
24040.0, 0.18839239
24050.0, 0.18838972
24060.0, 0.18838704
24070.0, 0.18838437
24080.0, 0.18838172
24090.0, 0.18837906
24100.0, 0.18837641
24110.0, 0.18837377
24120.0, 0.18837114
24130.0, 0.1883685
24140.0, 0.18836586
24150.0, 0.18836324
24160.0, 0.18836063
24170.0, 0.18835802
24180.0, 0.1883554
24190.0, 0.18835281
24200.0, 0.18835022
24210.0, 0.18834761
24220.0, 0.18834503
24230.0, 0.18834245
24240.0, 0.18833987
24250.0, 0.18833731
24260.0, 0.18833475
24270.0, 0.18833217
24280.0, 0.1883296
24290.0, 0.18832706
24300.0, 0.18832451
24310.0, 0.18832198
24320.0, 0.18831944
24330.0, 0.18831691
24340.0, 0.1883144
24350.0, 0.18831187
24360.0, 0.18830934
24370.0, 0.18830684
24380.0, 0.18830433
24390.0, 0.18830183
24400.0, 0.18829934
24410.0, 0.18829684
24420.0, 0.18829437
24430.0, 0.18829188
24440.0, 0.1882894
24450.0, 0.18828695
24460.0, 0.18828447
24470.0, 0.18828201
24480.0, 0.18827955
24490.0, 0.1882771
24500.0, 0.18827465
24510.0, 0.18827221
24520.0, 0.18826978
24530.0, 0.18826735
24540.0, 0.18826492
24550.0, 0.18826249
24560.0, 0.18826008
24570.0, 0.18825766
24580.0, 0.18825525
24590.0, 0.18825285
24600.0, 0.18825047
24610.0, 0.18824805
24620.0, 0.18824567
24630.0, 0.18824328
24640.0, 0.1882409
24650.0, 0.18823853
24660.0, 0.18823616
24670.0, 0.18823381
24680.0, 0.18823144
24690.0, 0.18822908
24700.0, 0.18822673
24710.0, 0.18822439
24720.0, 0.18822204
24730.0, 0.18821971
24740.0, 0.18821737
24750.0, 0.18821505
24760.0, 0.18821272
24770.0, 0.18821041
24780.0, 0.18820809
24790.0, 0.18820578
24800.0, 0.18820348
24810.0, 0.18820117
24820.0, 0.18819888
24830.0, 0.18819658
24840.0, 0.18819429
24850.0, 0.18819202
24860.0, 0.18818974
24870.0, 0.18818747
24880.0, 0.1881852
24890.0, 0.18818295
24900.0, 0.18818069
24910.0, 0.18817843
24920.0, 0.18817618
24930.0, 0.18817393
24940.0, 0.18817168
24950.0, 0.18816943
24960.0, 0.18816721
24970.0, 0.188165
24980.0, 0.18816276
24990.0, 0.18816054
25000.0, 0.18815833
25010.0, 0.18815613
25020.0, 0.18815391
25030.0, 0.18815172
25040.0, 0.18814951
25050.0, 0.18814734
25060.0, 0.18814513
25070.0, 0.18814294
25080.0, 0.18814076
25090.0, 0.1881386
25100.0, 0.18813643
25110.0, 0.18813425
25120.0, 0.18813209
25130.0, 0.18812993
25140.0, 0.18812777
25150.0, 0.18812563
25160.0, 0.18812348
25170.0, 0.18812135
25180.0, 0.18811922
25190.0, 0.18811709
25200.0, 0.18811494
25210.0, 0.18811283
25220.0, 0.18811071
25230.0, 0.18810858
25240.0, 0.18810648
25250.0, 0.18810436
25260.0, 0.18810226
25270.0, 0.18810016
25280.0, 0.18809807
25290.0, 0.18809597
25300.0, 0.18809389
25310.0, 0.18809181
25320.0, 0.18808973
25330.0, 0.18808766
25340.0, 0.18808559
25350.0, 0.18808351
25360.0, 0.18808146
25370.0, 0.1880794
25380.0, 0.18807735
25390.0, 0.1880753
25400.0, 0.18807325
25410.0, 0.18807122
25420.0, 0.18806918
25430.0, 0.18806715
25440.0, 0.18806511
25450.0, 0.18806309
25460.0, 0.18806107
25470.0, 0.18805905
25480.0, 0.18805705
25490.0, 0.18805502
25500.0, 0.18805303
25510.0, 0.18805102
25520.0, 0.18804903
25530.0, 0.18804704
25540.0, 0.18804504
25550.0, 0.18804307
25560.0, 0.18804108
25570.0, 0.18803911
25580.0, 0.18803713
25590.0, 0.18803516
25600.0, 0.1880332
25610.0, 0.18803123
25620.0, 0.18802927
25630.0, 0.18802732
25640.0, 0.18802537
25650.0, 0.18802342
25660.0, 0.18802148
25670.0, 0.18801954
25680.0, 0.1880176
25690.0, 0.18801568
25700.0, 0.18801376
25710.0, 0.18801184
25720.0, 0.1880099
25730.0, 0.18800801
25740.0, 0.18800609
25750.0, 0.1880042
25760.0, 0.18800227
25770.0, 0.18800037
25780.0, 0.18799847
25790.0, 0.18799658
25800.0, 0.18799469
25810.0, 0.18799283
25820.0, 0.18799093
25830.0, 0.18798906
25840.0, 0.18798718
25850.0, 0.1879853
25860.0, 0.18798344
25870.0, 0.18798158
25880.0, 0.18797971
25890.0, 0.18797787
25900.0, 0.18797602
25910.0, 0.18797417
25920.0, 0.18797234
25930.0, 0.18797049
25940.0, 0.18796864
25950.0, 0.18796681
25960.0, 0.18796499
25970.0, 0.18796316
25980.0, 0.18796134
25990.0, 0.18795952
26000.0, 0.1879577
26010.0, 0.1879559
26020.0, 0.18795408
26030.0, 0.1879523
26040.0, 0.18795048
26050.0, 0.18794869
26060.0, 0.1879469
26070.0, 0.1879451
26080.0, 0.18794332
26090.0, 0.18794152
26100.0, 0.18793975
26110.0, 0.18793799
26120.0, 0.18793622
26130.0, 0.18793444
26140.0, 0.18793267
26150.0, 0.18793093
26160.0, 0.18792915
26170.0, 0.18792741
26180.0, 0.18792564
26190.0, 0.18792391
26200.0, 0.18792216
26210.0, 0.18792042
26220.0, 0.1879187
26230.0, 0.18791695
26240.0, 0.18791522
26250.0, 0.18791349
26260.0, 0.18791176
26270.0, 0.18791005
26280.0, 0.18790832
26290.0, 0.18790662
26300.0, 0.18790491
26310.0, 0.18790321
26320.0, 0.1879015
26330.0, 0.1878998
26340.0, 0.18789811
26350.0, 0.18789642
26360.0, 0.18789472
26370.0, 0.18789303
26380.0, 0.18789136
26390.0, 0.18788968
26400.0, 0.187888
26410.0, 0.18788633
26420.0, 0.18788466
26430.0, 0.18788299
26440.0, 0.18788134
26450.0, 0.18787968
26460.0, 0.18787801
26470.0, 0.18787636
26480.0, 0.1878747
26490.0, 0.18787307
26500.0, 0.18787143
26510.0, 0.18786979
26520.0, 0.18786815
26530.0, 0.18786652
26540.0, 0.18786488
26550.0, 0.18786326
26560.0, 0.18786164
26570.0, 0.18786001
26580.0, 0.1878584
26590.0, 0.18785678
26600.0, 0.18785518
26610.0, 0.18785356
26620.0, 0.18785198
26630.0, 0.18785036
26640.0, 0.18784876
26650.0, 0.18784717
26660.0, 0.18784559
26670.0, 0.187844
26680.0, 0.1878424
26690.0, 0.18784082
26700.0, 0.18783924
26710.0, 0.18783766
26720.0, 0.1878361
26730.0, 0.18783452
26740.0, 0.18783295
26750.0, 0.18783139
26760.0, 0.18782984
26770.0, 0.18782827
26780.0, 0.18782674
26790.0, 0.18782519
26800.0, 0.18782364
26810.0, 0.18782209
26820.0, 0.18782054
26830.0, 0.187819
26840.0, 0.18781748
26850.0, 0.18781593
26860.0, 0.18781441
26870.0, 0.18781288
26880.0, 0.18781136
26890.0, 0.18780984
26900.0, 0.18780833
26910.0, 0.18780681
26920.0, 0.18780531
26930.0, 0.18780379
26940.0, 0.18780228
26950.0, 0.1878008
26960.0, 0.18779929
26970.0, 0.1877978
26980.0, 0.18779631
26990.0, 0.18779482
27000.0, 0.18779333
27010.0, 0.18779184
27020.0, 0.18779036
27030.0, 0.18778887
27040.0, 0.1877874
27050.0, 0.18778594
27060.0, 0.18778446
27070.0, 0.18778299
27080.0, 0.18778154
27090.0, 0.18778007
27100.0, 0.18777862
27110.0, 0.18777716
27120.0, 0.18777572
27130.0, 0.18777426
27140.0, 0.18777281
27150.0, 0.18777138
27160.0, 0.18776992
27170.0, 0.18776849
27180.0, 0.18776706
27190.0, 0.18776563
27200.0, 0.1877642
27210.0, 0.18776278
27220.0, 0.18776135
27230.0, 0.18775994
27240.0, 0.18775852
27250.0, 0.18775709
27260.0, 0.18775569
27270.0, 0.18775427
27280.0, 0.18775287
27290.0, 0.18775147
27300.0, 0.18775007
27310.0, 0.18774866
27320.0, 0.18774728
27330.0, 0.18774588
27340.0, 0.1877445
27350.0, 0.1877431
27360.0, 0.18774173
27370.0, 0.18774034
27380.0, 0.18773896
27390.0, 0.18773758
27400.0, 0.18773621
27410.0, 0.18773484
27420.0, 0.18773347
27430.0, 0.1877321
27440.0, 0.18773074
27450.0, 0.18772939
27460.0, 0.18772803
27470.0, 0.18772669
27480.0, 0.18772534
27490.0, 0.18772398
27500.0, 0.18772264
27510.0, 0.1877213
27520.0, 0.18771994
27530.0, 0.18771861
27540.0, 0.18771729
27550.0, 0.18771595
27560.0, 0.18771462
27570.0, 0.18771328
27580.0, 0.18771197
27590.0, 0.18771064
27600.0, 0.18770933
27610.0, 0.187708
27620.0, 0.1877067
27630.0, 0.18770538
27640.0, 0.18770407
27650.0, 0.18770278
27660.0, 0.18770146
27670.0, 0.18770015
27680.0, 0.18769886
27690.0, 0.18769757
27700.0, 0.18769628
27710.0, 0.18769498
27720.0, 0.1876937
27730.0, 0.1876924
27740.0, 0.18769112
27750.0, 0.18768984
27760.0, 0.18768857
27770.0, 0.1876873
27780.0, 0.18768601
27790.0, 0.18768474
27800.0, 0.18768348
27810.0, 0.18768221
27820.0, 0.18768096
27830.0, 0.1876797
27840.0, 0.18767844
27850.0, 0.18767717
27860.0, 0.18767592
27870.0, 0.18767467
27880.0, 0.18767343
27890.0, 0.18767218
27900.0, 0.18767095
27910.0, 0.18766971
27920.0, 0.18766846
27930.0, 0.18766724
27940.0, 0.187666
27950.0, 0.18766476
27960.0, 0.18766354
27970.0, 0.18766232
27980.0, 0.1876611
27990.0, 0.18765987
28000.0, 0.18765865
28010.0, 0.18765745
28020.0, 0.18765622
28030.0, 0.18765502
28040.0, 0.18765381
28050.0, 0.1876526
28060.0, 0.1876514
28070.0, 0.1876502
28080.0, 0.187649
28090.0, 0.1876478
28100.0, 0.1876466
28110.0, 0.1876454
28120.0, 0.18764423
28130.0, 0.18764304
28140.0, 0.18764186
28150.0, 0.18764068
28160.0, 0.1876395
28170.0, 0.18763833
28180.0, 0.18763715
28190.0, 0.18763597
28200.0, 0.18763481
28210.0, 0.18763363
28220.0, 0.18763246
28230.0, 0.1876313
28240.0, 0.18763013
28250.0, 0.18762898
28260.0, 0.18762782
28270.0, 0.18762667
28280.0, 0.18762551
28290.0, 0.18762437
28300.0, 0.18762322
28310.0, 0.18762207
28320.0, 0.18762094
28330.0, 0.1876198
28340.0, 0.18761864
28350.0, 0.18761753
28360.0, 0.18761638
28370.0, 0.18761525
28380.0, 0.18761413
28390.0, 0.187613
28400.0, 0.18761186
28410.0, 0.18761076
28420.0, 0.18760963
28430.0, 0.18760853
28440.0, 0.1876074
28450.0, 0.18760628
28460.0, 0.18760517
28470.0, 0.18760405
28480.0, 0.18760295
28490.0, 0.18760185
28500.0, 0.18760076
28510.0, 0.18759964
28520.0, 0.18759854
28530.0, 0.18759745
28540.0, 0.18759637
28550.0, 0.18759528
28560.0, 0.18759418
28570.0, 0.1875931
28580.0, 0.18759201
28590.0, 0.18759093
28600.0, 0.18758984
28610.0, 0.18758877
28620.0, 0.1875877
28630.0, 0.18758662
28640.0, 0.18758555
28650.0, 0.18758447
28660.0, 0.18758342
28670.0, 0.18758234
28680.0, 0.18758127
28690.0, 0.18758021
28700.0, 0.18757915
28710.0, 0.1875781
28720.0, 0.18757705
28730.0, 0.187576
28740.0, 0.18757494
28750.0, 0.1875739
28760.0, 0.18757284
28770.0, 0.1875718
28780.0, 0.18757077
28790.0, 0.18756971
28800.0, 0.18756868
28810.0, 0.18756764
28820.0, 0.18756661
28830.0, 0.18756557
28840.0, 0.18756455
28850.0, 0.18756351
28860.0, 0.1875625
28870.0, 0.18756147
28880.0, 0.18756045
28890.0, 0.18755943
28900.0, 0.1875584
28910.0, 0.1875574
28920.0, 0.18755637
28930.0, 0.18755536
28940.0, 0.18755436
28950.0, 0.18755335
28960.0, 0.18755235
28970.0, 0.18755135
28980.0, 0.18755034
28990.0, 0.18754934
29000.0, 0.18754834
29010.0, 0.18754734
29020.0, 0.18754634
29030.0, 0.18754536
29040.0, 0.18754436
29050.0, 0.18754339
29060.0, 0.18754241
29070.0, 0.18754141
29080.0, 0.18754043
29090.0, 0.18753946
29100.0, 0.18753847
29110.0, 0.1875375
29120.0, 0.18753652
29130.0, 0.18753555
29140.0, 0.18753457
29150.0, 0.1875336
29160.0, 0.18753265
29170.0, 0.18753168
29180.0, 0.18753073
29190.0, 0.18752976
29200.0, 0.1875288
29210.0, 0.18752785
29220.0, 0.1875269
29230.0, 0.18752593
29240.0, 0.18752497
29250.0, 0.18752404
29260.0, 0.18752308
29270.0, 0.18752214
29280.0, 0.1875212
29290.0, 0.18752025
29300.0, 0.18751931
29310.0, 0.18751837
29320.0, 0.18751745
29330.0, 0.18751651
29340.0, 0.18751559
29350.0, 0.18751465
29360.0, 0.18751372
29370.0, 0.18751279
29380.0, 0.18751188
29390.0, 0.18751094
29400.0, 0.18751003
29410.0, 0.1875091
29420.0, 0.18750818
29430.0, 0.18750727
29440.0, 0.18750636
29450.0, 0.18750544
29460.0, 0.18750453
29470.0, 0.18750364
29480.0, 0.18750271
29490.0, 0.18750182
29500.0, 0.18750091
29510.0, 0.18750001
29520.0, 0.18749912
29530.0, 0.18749821
29540.0, 0.18749732
29550.0, 0.18749642
29560.0, 0.18749553
29570.0, 0.18749464
29580.0, 0.18749374
29590.0, 0.18749286
29600.0, 0.18749197
29610.0, 0.18749109
29620.0, 0.18749021
29630.0, 0.18748933
29640.0, 0.18748845
29650.0, 0.18748757
29660.0, 0.1874867
29670.0, 0.18748583
29680.0, 0.18748496
29690.0, 0.18748409
29700.0, 0.18748324
29710.0, 0.18748236
29720.0, 0.1874815
29730.0, 0.18748063
29740.0, 0.18747978
29750.0, 0.18747891
29760.0, 0.18747805
29770.0, 0.1874772
29780.0, 0.18747635
29790.0, 0.18747549
29800.0, 0.18747464
29810.0, 0.1874738
29820.0, 0.18747294
29830.0, 0.1874721
29840.0, 0.18747127
29850.0, 0.18747042
29860.0, 0.18746959
29870.0, 0.18746874
29880.0, 0.1874679
29890.0, 0.18746707
29900.0, 0.18746623
29910.0, 0.1874654
29920.0, 0.18746458
29930.0, 0.18746375
29940.0, 0.18746293
29950.0, 0.18746209
29960.0, 0.18746126
29970.0, 0.18746045
29980.0, 0.18745962
29990.0, 0.1874588
30000.0, 0.18745798
