Energy (in eV), backscattering yield of material gr2k-NASCAP at incidence 80.0 degree
   X,       Y
0.0, 0.0
10.0, 0.0
20.0, 0.0
30.0, 0.0
40.0, 0.0
50.0, 0.0
60.0, 0.44963917
70.0, 0.5000154
80.0, 0.52978337
90.0, 0.5506459
100.0, 0.56652147
110.0, 0.5792183
120.0, 0.5897211
130.0, 0.5986244
140.0, 0.6063142
150.0, 0.6130546
160.0, 0.6190337
170.0, 0.6243904
180.0, 0.6292296
190.0, 0.63363236
200.0, 0.6376629
210.0, 0.6413723
220.0, 0.64480245
230.0, 0.6479876
240.0, 0.6509564
250.0, 0.6537327
260.0, 0.656337
270.0, 0.6587866
280.0, 0.6610965
290.0, 0.66327965
300.0, 0.6653474
310.0, 0.6673096
320.0, 0.66917497
330.0, 0.6709513
340.0, 0.67264545
350.0, 0.6742635
360.0, 0.67581093
370.0, 0.6772928
380.0, 0.67871344
390.0, 0.6800769
400.0, 0.68138695
410.0, 0.6826468
420.0, 0.6838595
430.0, 0.68502796
440.0, 0.6861546
450.0, 0.6872418
460.0, 0.6882917
470.0, 0.68930644
480.0, 0.6902877
490.0, 0.6912372
500.0, 0.6921567
510.0, 0.6930474
520.0, 0.69391084
530.0, 0.69474834
540.0, 0.695561
550.0, 0.69635
560.0, 0.6971163
570.0, 0.69786096
580.0, 0.6985849
590.0, 0.69928896
600.0, 0.699974
610.0, 0.7006407
620.0, 0.70128983
630.0, 0.7019221
640.0, 0.70253813
650.0, 0.7031386
660.0, 0.70372397
670.0, 0.70429486
680.0, 0.70485175
690.0, 0.7053952
700.0, 0.7059256
710.0, 0.7064435
720.0, 0.7069492
730.0, 0.7074431
740.0, 0.7079258
750.0, 0.70839745
760.0, 0.7088585
770.0, 0.70930916
780.0, 0.70974994
790.0, 0.710181
800.0, 0.7106027
810.0, 0.71101534
820.0, 0.7114191
830.0, 0.7118143
840.0, 0.7122012
850.0, 0.71257997
860.0, 0.7129509
870.0, 0.7133142
880.0, 0.7136701
890.0, 0.71401864
900.0, 0.7143603
910.0, 0.71469504
920.0, 0.7150231
930.0, 0.71534467
940.0, 0.71565986
950.0, 0.71596897
960.0, 0.71627206
970.0, 0.71656924
980.0, 0.7168607
990.0, 0.7171466
1000.0, 0.717427
1010.0, 0.71728903
1020.0, 0.71715117
1030.0, 0.7170135
1040.0, 0.71687585
1050.0, 0.71673846
1060.0, 0.7166012
1070.0, 0.7164641
1080.0, 0.71632713
1090.0, 0.7161903
1100.0, 0.7160536
1110.0, 0.7159171
1120.0, 0.71578074
1130.0, 0.7156445
1140.0, 0.71550846
1150.0, 0.7153725
1160.0, 0.7152367
1170.0, 0.7151011
1180.0, 0.71496564
1190.0, 0.7148303
1200.0, 0.7146951
1210.0, 0.7145601
1220.0, 0.7144252
1230.0, 0.71429044
1240.0, 0.71415585
1250.0, 0.71402144
1260.0, 0.71388716
1270.0, 0.71375304
1280.0, 0.713619
1290.0, 0.7134852
1300.0, 0.7133515
1310.0, 0.7132179
1320.0, 0.7130845
1330.0, 0.7129513
1340.0, 0.71281815
1350.0, 0.7126852
1360.0, 0.7125524
1370.0, 0.71241975
1380.0, 0.71228725
1390.0, 0.71215487
1400.0, 0.71202266
1410.0, 0.7118906
1420.0, 0.7117587
1430.0, 0.7116269
1440.0, 0.7114953
1450.0, 0.7113638
1460.0, 0.7112324
1470.0, 0.71110123
1480.0, 0.7109702
1490.0, 0.71083933
1500.0, 0.71070856
1510.0, 0.71057796
1520.0, 0.71044755
1530.0, 0.71031725
1540.0, 0.7101871
1550.0, 0.7100571
1560.0, 0.7099272
1570.0, 0.7097975
1580.0, 0.7096679
1590.0, 0.7095385
1600.0, 0.70940924
1610.0, 0.7092801
1620.0, 0.7091511
1630.0, 0.7090223
1640.0, 0.7088936
1650.0, 0.70876503
1660.0, 0.70863664
1670.0, 0.7085084
1680.0, 0.7083803
1690.0, 0.7082523
1700.0, 0.7081245
1710.0, 0.70799685
1720.0, 0.7078693
1730.0, 0.7077419
1740.0, 0.7076147
1750.0, 0.7074876
1760.0, 0.7073607
1770.0, 0.70723385
1780.0, 0.70710725
1790.0, 0.7069807
1800.0, 0.70685434
1810.0, 0.70672816
1820.0, 0.7066021
1830.0, 0.70647615
1840.0, 0.7063504
1850.0, 0.70622474
1860.0, 0.7060993
1870.0, 0.7059739
1880.0, 0.7058487
1890.0, 0.70572364
1900.0, 0.7055987
1910.0, 0.70547396
1920.0, 0.7053493
1930.0, 0.7052249
1940.0, 0.70510054
1950.0, 0.7049764
1960.0, 0.70485234
1970.0, 0.7047284
1980.0, 0.7046047
1990.0, 0.70448107
2000.0, 0.70435756
2010.0, 0.70423424
2020.0, 0.7041111
2030.0, 0.703988
2040.0, 0.7038652
2050.0, 0.7037424
2060.0, 0.7036198
2070.0, 0.70349735
2080.0, 0.70337504
2090.0, 0.70325285
2100.0, 0.7031308
2110.0, 0.7030089
2120.0, 0.7028872
2130.0, 0.7027656
2140.0, 0.7026441
2150.0, 0.7025228
2160.0, 0.70240164
2170.0, 0.7022806
2180.0, 0.7021597
2190.0, 0.70203894
2200.0, 0.70191836
2210.0, 0.7017979
2220.0, 0.70167756
2230.0, 0.7015574
2240.0, 0.70143735
2250.0, 0.7013175
2260.0, 0.70119774
2270.0, 0.7010781
2280.0, 0.70095867
2290.0, 0.70083934
2300.0, 0.7007202
2310.0, 0.70060116
2320.0, 0.70048225
2330.0, 0.70036346
2340.0, 0.7002449
2350.0, 0.7001264
2360.0, 0.7000081
2370.0, 0.6998899
2380.0, 0.6997718
2390.0, 0.6996539
2400.0, 0.69953614
2410.0, 0.69941854
2420.0, 0.69930106
2430.0, 0.6991837
2440.0, 0.6990665
2450.0, 0.69894946
2460.0, 0.6988326
2470.0, 0.69871575
2480.0, 0.69859916
2490.0, 0.69848263
2500.0, 0.6983663
2510.0, 0.69825006
2520.0, 0.698134
2530.0, 0.6980181
2540.0, 0.69790226
2550.0, 0.6977866
2560.0, 0.6976711
2570.0, 0.6975557
2580.0, 0.6974405
2590.0, 0.6973254
2600.0, 0.69721043
2610.0, 0.69709563
2620.0, 0.69698095
2630.0, 0.6968664
2640.0, 0.696752
2650.0, 0.69663775
2660.0, 0.6965236
2670.0, 0.69640964
2680.0, 0.6962958
2690.0, 0.69618213
2700.0, 0.6960686
2710.0, 0.69595516
2720.0, 0.69584185
2730.0, 0.6957287
2740.0, 0.6956157
2750.0, 0.6955028
2760.0, 0.6953901
2770.0, 0.6952775
2780.0, 0.69516504
2790.0, 0.69505274
2800.0, 0.69494057
2810.0, 0.6948285
2820.0, 0.69471663
2830.0, 0.6946049
2840.0, 0.69449323
2850.0, 0.6943818
2860.0, 0.69427043
2870.0, 0.6941592
2880.0, 0.69404817
2890.0, 0.6939372
2900.0, 0.6938264
2910.0, 0.69371575
2920.0, 0.69360524
2930.0, 0.69349486
2940.0, 0.6933846
2950.0, 0.6932745
2960.0, 0.6931645
2970.0, 0.6930547
2980.0, 0.69294494
2990.0, 0.6928354
3000.0, 0.69272596
3010.0, 0.6926167
3020.0, 0.6925075
3030.0, 0.6923985
3040.0, 0.69228965
3050.0, 0.6921809
3060.0, 0.6920723
3070.0, 0.6919638
3080.0, 0.69185543
3090.0, 0.69174725
3100.0, 0.6916392
3110.0, 0.69153124
3120.0, 0.6914235
3130.0, 0.6913158
3140.0, 0.6912083
3150.0, 0.6911009
3160.0, 0.69099367
3170.0, 0.69088656
3180.0, 0.69077957
3190.0, 0.6906727
3200.0, 0.690566
3210.0, 0.69045943
3220.0, 0.690353
3230.0, 0.69024664
3240.0, 0.6901405
3250.0, 0.69003445
3260.0, 0.68992853
3270.0, 0.6898228
3280.0, 0.6897172
3290.0, 0.6896117
3300.0, 0.6895063
3310.0, 0.68940103
3320.0, 0.68929595
3330.0, 0.689191
3340.0, 0.68908614
3350.0, 0.6889815
3360.0, 0.68887687
3370.0, 0.68877244
3380.0, 0.6886682
3390.0, 0.688564
3400.0, 0.68846
3410.0, 0.6883561
3420.0, 0.68825233
3430.0, 0.6881487
3440.0, 0.6880452
3450.0, 0.68794185
3460.0, 0.6878386
3470.0, 0.6877355
3480.0, 0.6876325
3490.0, 0.6875297
3500.0, 0.687427
3510.0, 0.6873244
3520.0, 0.687222
3530.0, 0.68711966
3540.0, 0.6870175
3550.0, 0.68691546
3560.0, 0.68681353
3570.0, 0.6867118
3580.0, 0.68661016
3590.0, 0.68650866
3600.0, 0.68640727
3610.0, 0.686306
3620.0, 0.68620485
3630.0, 0.6861039
3640.0, 0.686003
3650.0, 0.6859023
3660.0, 0.6858017
3670.0, 0.68570125
3680.0, 0.68560094
3690.0, 0.68550074
3700.0, 0.68540066
3710.0, 0.6853007
3720.0, 0.68520087
3730.0, 0.6851012
3740.0, 0.6850017
3750.0, 0.68490225
3760.0, 0.68480295
3770.0, 0.6847038
3780.0, 0.68460476
3790.0, 0.6845059
3800.0, 0.6844071
3810.0, 0.68430847
3820.0, 0.68420994
3830.0, 0.6841116
3840.0, 0.6840133
3850.0, 0.6839152
3860.0, 0.6838172
3870.0, 0.68371934
3880.0, 0.6836216
3890.0, 0.683524
3900.0, 0.6834265
3910.0, 0.68332916
3920.0, 0.68323195
3930.0, 0.68313485
3940.0, 0.6830379
3950.0, 0.6829411
3960.0, 0.68284434
3970.0, 0.6827478
3980.0, 0.68265134
3990.0, 0.682555
4000.0, 0.6824588
4010.0, 0.68236274
4020.0, 0.68226683
4030.0, 0.682171
4040.0, 0.6820753
4050.0, 0.6819798
4060.0, 0.68188435
4070.0, 0.68178904
4080.0, 0.68169385
4090.0, 0.68159884
4100.0, 0.6815039
4110.0, 0.6814091
4120.0, 0.68131447
4130.0, 0.6812199
4140.0, 0.6811255
4150.0, 0.6810312
4160.0, 0.68093705
4170.0, 0.680843
4180.0, 0.6807491
4190.0, 0.6806553
4200.0, 0.68056166
4210.0, 0.68046814
4220.0, 0.68037474
4230.0, 0.68028146
4240.0, 0.6801883
4250.0, 0.6800953
4260.0, 0.6800024
4270.0, 0.6799096
4280.0, 0.67981696
4290.0, 0.67972445
4300.0, 0.679632
4310.0, 0.67953974
4320.0, 0.6794476
4330.0, 0.67935556
4340.0, 0.67926365
4350.0, 0.6791719
4360.0, 0.67908025
4370.0, 0.67898875
4380.0, 0.6788973
4390.0, 0.67880607
4400.0, 0.6787149
4410.0, 0.67862386
4420.0, 0.67853296
4430.0, 0.6784422
4440.0, 0.6783515
4450.0, 0.678261
4460.0, 0.67817056
4470.0, 0.67808026
4480.0, 0.6779901
4490.0, 0.6779001
4500.0, 0.67781013
4510.0, 0.67772037
4520.0, 0.67763066
4530.0, 0.67754114
4540.0, 0.6774517
4550.0, 0.6773624
4560.0, 0.6772732
4570.0, 0.67718416
4580.0, 0.67709523
4590.0, 0.6770064
4600.0, 0.67691773
4610.0, 0.67682916
4620.0, 0.6767407
4630.0, 0.6766524
4640.0, 0.67656416
4650.0, 0.67647606
4660.0, 0.6763881
4670.0, 0.6763003
4680.0, 0.67621255
4690.0, 0.67612493
4700.0, 0.6760375
4710.0, 0.6759501
4720.0, 0.6758629
4730.0, 0.67577577
4740.0, 0.6756888
4750.0, 0.6756019
4760.0, 0.6755152
4770.0, 0.6754285
4780.0, 0.675342
4790.0, 0.6752556
4800.0, 0.67516935
4810.0, 0.6750832
4820.0, 0.67499715
4830.0, 0.67491126
4840.0, 0.6748255
4850.0, 0.6747398
4860.0, 0.67465425
4870.0, 0.67456883
4880.0, 0.6744835
4890.0, 0.6743983
4900.0, 0.67431325
4910.0, 0.67422825
4920.0, 0.67414343
4930.0, 0.67405874
4940.0, 0.6739741
4950.0, 0.67388964
4960.0, 0.67380524
4970.0, 0.673721
4980.0, 0.6736369
4990.0, 0.6735529
5000.0, 0.673469
5010.0, 0.6733852
5020.0, 0.6733016
5030.0, 0.673218
5040.0, 0.6731346
5050.0, 0.6730513
5060.0, 0.67296815
5070.0, 0.67288506
5080.0, 0.6728021
5090.0, 0.6727193
5100.0, 0.67263657
5110.0, 0.67255396
5120.0, 0.67247146
5130.0, 0.67238915
5140.0, 0.6723069
5150.0, 0.67222476
5160.0, 0.67214274
5170.0, 0.67206085
5180.0, 0.67197907
5190.0, 0.6718974
5200.0, 0.6718159
5210.0, 0.6717344
5220.0, 0.6716531
5230.0, 0.6715719
5240.0, 0.6714908
5250.0, 0.67140985
5260.0, 0.67132896
5270.0, 0.67124826
5280.0, 0.6711676
5290.0, 0.6710871
5300.0, 0.67100674
5310.0, 0.67092645
5320.0, 0.6708463
5330.0, 0.67076623
5340.0, 0.6706863
5350.0, 0.67060643
5360.0, 0.67052674
5370.0, 0.6704472
5380.0, 0.67036766
5390.0, 0.6702883
5400.0, 0.67020905
5410.0, 0.67012995
5420.0, 0.6700509
5430.0, 0.669972
5440.0, 0.6698932
5450.0, 0.6698145
5460.0, 0.66973597
5470.0, 0.6696575
5480.0, 0.66957915
5490.0, 0.66950095
5500.0, 0.6694228
5510.0, 0.6693448
5520.0, 0.66926694
5530.0, 0.66918916
5540.0, 0.6691115
5550.0, 0.66903394
5560.0, 0.66895646
5570.0, 0.66887915
5580.0, 0.66880196
5590.0, 0.66872483
5600.0, 0.6686478
5610.0, 0.66857094
5620.0, 0.66849416
5630.0, 0.6684175
5640.0, 0.668341
5650.0, 0.66826457
5660.0, 0.6681882
5670.0, 0.668112
5680.0, 0.6680359
5690.0, 0.6679599
5700.0, 0.66788405
5710.0, 0.6678083
5720.0, 0.6677326
5730.0, 0.6676571
5740.0, 0.6675816
5750.0, 0.6675063
5760.0, 0.66743106
5770.0, 0.66735595
5780.0, 0.667281
5790.0, 0.6672061
5800.0, 0.6671313
5810.0, 0.6670566
5820.0, 0.66698205
5830.0, 0.6669076
5840.0, 0.6668333
5850.0, 0.6667591
5860.0, 0.6666849
5870.0, 0.6666109
5880.0, 0.66653705
5890.0, 0.6664632
5900.0, 0.6663895
5910.0, 0.666316
5920.0, 0.6662425
5930.0, 0.6661691
5940.0, 0.66609585
5950.0, 0.6660227
5960.0, 0.6659497
5970.0, 0.66587675
5980.0, 0.6658039
5990.0, 0.66573125
6000.0, 0.6656586
6010.0, 0.6655861
6020.0, 0.66551375
6030.0, 0.66544145
6040.0, 0.6653693
6050.0, 0.6652972
6060.0, 0.6652252
6070.0, 0.6651534
6080.0, 0.6650816
6090.0, 0.66501
6100.0, 0.66493845
6110.0, 0.66486704
6120.0, 0.6647957
6130.0, 0.66472447
6140.0, 0.66465336
6150.0, 0.6645824
6160.0, 0.66451144
6170.0, 0.6644407
6180.0, 0.66437
6190.0, 0.6642994
6200.0, 0.6642289
6210.0, 0.6641585
6220.0, 0.6640883
6230.0, 0.6640181
6240.0, 0.66394806
6250.0, 0.6638781
6260.0, 0.6638083
6270.0, 0.66373855
6280.0, 0.6636689
6290.0, 0.6635994
6300.0, 0.66352993
6310.0, 0.6634606
6320.0, 0.66339135
6330.0, 0.66332227
6340.0, 0.66325325
6350.0, 0.66318434
6360.0, 0.66311556
6370.0, 0.66304684
6380.0, 0.66297823
6390.0, 0.66290975
6400.0, 0.6628413
6410.0, 0.6627731
6420.0, 0.6627049
6430.0, 0.6626368
6440.0, 0.6625688
6450.0, 0.6625009
6460.0, 0.66243315
6470.0, 0.6623655
6480.0, 0.6622979
6490.0, 0.66223043
6500.0, 0.6621631
6510.0, 0.66209584
6520.0, 0.6620287
6530.0, 0.6619616
6540.0, 0.6618946
6550.0, 0.6618278
6560.0, 0.66176105
6570.0, 0.6616944
6580.0, 0.6616278
6590.0, 0.66156137
6600.0, 0.66149503
6610.0, 0.6614288
6620.0, 0.66136265
6630.0, 0.6612966
6640.0, 0.6612306
6650.0, 0.6611648
6660.0, 0.6610991
6670.0, 0.6610334
6680.0, 0.6609679
6690.0, 0.66090244
6700.0, 0.66083705
6710.0, 0.66077185
6720.0, 0.6607067
6730.0, 0.6606417
6740.0, 0.6605767
6750.0, 0.66051185
6760.0, 0.6604471
6770.0, 0.66038245
6780.0, 0.6603179
6790.0, 0.66025347
6800.0, 0.6601891
6810.0, 0.66012484
6820.0, 0.6600607
6830.0, 0.6599966
6840.0, 0.6599327
6850.0, 0.65986884
6860.0, 0.65980506
6870.0, 0.6597414
6880.0, 0.65967786
6890.0, 0.6596144
6900.0, 0.659551
6910.0, 0.6594877
6920.0, 0.6594246
6930.0, 0.65936154
6940.0, 0.65929854
6950.0, 0.65923566
6960.0, 0.6591729
6970.0, 0.6591102
6980.0, 0.6590476
6990.0, 0.6589851
7000.0, 0.65892273
7010.0, 0.6588604
7020.0, 0.6587982
7030.0, 0.6587361
7040.0, 0.65867406
7050.0, 0.6586122
7060.0, 0.6585504
7070.0, 0.65848863
7080.0, 0.658427
7090.0, 0.6583655
7100.0, 0.65830404
7110.0, 0.6582427
7120.0, 0.6581815
7130.0, 0.65812033
7140.0, 0.6580593
7150.0, 0.6579983
7160.0, 0.65793747
7170.0, 0.6578767
7180.0, 0.657816
7190.0, 0.65775543
7200.0, 0.65769494
7210.0, 0.65763456
7220.0, 0.6575743
7230.0, 0.6575141
7240.0, 0.65745395
7250.0, 0.65739393
7260.0, 0.657334
7270.0, 0.6572742
7280.0, 0.65721446
7290.0, 0.65715486
7300.0, 0.6570953
7310.0, 0.6570358
7320.0, 0.65697646
7330.0, 0.6569172
7340.0, 0.656858
7350.0, 0.65679896
7360.0, 0.65674
7370.0, 0.6566811
7380.0, 0.6566223
7390.0, 0.6565636
7400.0, 0.656505
7410.0, 0.65644646
7420.0, 0.65638804
7430.0, 0.6563297
7440.0, 0.65627146
7450.0, 0.6562133
7460.0, 0.6561552
7470.0, 0.65609723
7480.0, 0.65603936
7490.0, 0.6559816
7500.0, 0.6559239
7510.0, 0.65586627
7520.0, 0.65580875
7530.0, 0.65575135
7540.0, 0.655694
7550.0, 0.6556368
7560.0, 0.6555796
7570.0, 0.6555225
7580.0, 0.6554656
7590.0, 0.6554087
7600.0, 0.65535194
7610.0, 0.6552952
7620.0, 0.65523857
7630.0, 0.65518206
7640.0, 0.6551256
7650.0, 0.6550693
7660.0, 0.655013
7670.0, 0.6549569
7680.0, 0.65490085
7690.0, 0.6548448
7700.0, 0.654789
7710.0, 0.6547331
7720.0, 0.6546774
7730.0, 0.6546218
7740.0, 0.6545663
7750.0, 0.6545108
7760.0, 0.6544554
7770.0, 0.65440017
7780.0, 0.654345
7790.0, 0.6542899
7800.0, 0.6542349
7810.0, 0.65418
7820.0, 0.65412515
7830.0, 0.6540704
7840.0, 0.6540157
7850.0, 0.6539612
7860.0, 0.6539067
7870.0, 0.6538523
7880.0, 0.653798
7890.0, 0.65374374
7900.0, 0.6536896
7910.0, 0.65363556
7920.0, 0.6535816
7930.0, 0.65352774
7940.0, 0.653474
7950.0, 0.65342027
7960.0, 0.6533666
7970.0, 0.6533131
7980.0, 0.6532597
7990.0, 0.6532063
8000.0, 0.65315306
8010.0, 0.65309983
8020.0, 0.6530468
8030.0, 0.65299374
8040.0, 0.6529408
8050.0, 0.652888
8060.0, 0.6528352
8070.0, 0.65278256
8080.0, 0.65273
8090.0, 0.6526775
8100.0, 0.652625
8110.0, 0.6525727
8120.0, 0.6525205
8130.0, 0.6524683
8140.0, 0.6524162
8150.0, 0.65236425
8160.0, 0.65231234
8170.0, 0.6522605
8180.0, 0.65220875
8190.0, 0.6521571
8200.0, 0.6521055
8210.0, 0.652054
8220.0, 0.65200263
8230.0, 0.6519513
8240.0, 0.65190005
8250.0, 0.6518489
8260.0, 0.65179783
8270.0, 0.65174687
8280.0, 0.65169597
8290.0, 0.6516451
8300.0, 0.6515944
8310.0, 0.65154374
8320.0, 0.65149313
8330.0, 0.65144265
8340.0, 0.6513922
8350.0, 0.6513419
8360.0, 0.65129167
8370.0, 0.6512415
8380.0, 0.6511914
8390.0, 0.6511414
8400.0, 0.6510915
8410.0, 0.6510416
8420.0, 0.6509919
8430.0, 0.6509422
8440.0, 0.6508926
8450.0, 0.6508431
8460.0, 0.6507937
8470.0, 0.6507443
8480.0, 0.650695
8490.0, 0.65064585
8500.0, 0.65059674
8510.0, 0.65054774
8520.0, 0.65049875
8530.0, 0.65044993
8540.0, 0.6504011
8550.0, 0.6503524
8560.0, 0.6503038
8570.0, 0.65025526
8580.0, 0.65020674
8590.0, 0.6501584
8600.0, 0.65011007
8610.0, 0.65006185
8620.0, 0.6500137
8630.0, 0.64996564
8640.0, 0.6499176
8650.0, 0.64986974
8660.0, 0.6498219
8670.0, 0.64977413
8680.0, 0.64972645
8690.0, 0.6496789
8700.0, 0.6496313
8710.0, 0.6495839
8720.0, 0.64953655
8730.0, 0.6494893
8740.0, 0.6494421
8750.0, 0.6493949
8760.0, 0.6493479
8770.0, 0.6493009
8780.0, 0.649254
8790.0, 0.6492072
8800.0, 0.64916044
8810.0, 0.6491138
8820.0, 0.6490672
8830.0, 0.6490207
8840.0, 0.6489743
8850.0, 0.6489279
8860.0, 0.6488816
8870.0, 0.6488354
8880.0, 0.64878935
8890.0, 0.6487433
8900.0, 0.6486973
8910.0, 0.6486514
8920.0, 0.6486056
8930.0, 0.64855987
8940.0, 0.6485142
8950.0, 0.6484686
8960.0, 0.6484231
8970.0, 0.64837766
8980.0, 0.6483323
8990.0, 0.648287
9000.0, 0.6482418
9010.0, 0.6481967
9020.0, 0.64815164
9030.0, 0.64810663
9040.0, 0.6480617
9050.0, 0.64801687
9060.0, 0.6479721
9070.0, 0.64792746
9080.0, 0.6478828
9090.0, 0.6478383
9100.0, 0.6477938
9110.0, 0.6477494
9120.0, 0.64770514
9130.0, 0.6476609
9140.0, 0.64761674
9150.0, 0.64757264
9160.0, 0.64752865
9170.0, 0.64748466
9180.0, 0.6474408
9190.0, 0.64739704
9200.0, 0.6473533
9210.0, 0.64730966
9220.0, 0.6472661
9230.0, 0.6472226
9240.0, 0.6471791
9250.0, 0.6471358
9260.0, 0.6470925
9270.0, 0.6470493
9280.0, 0.64700615
9290.0, 0.64696306
9300.0, 0.6469201
9310.0, 0.64687717
9320.0, 0.6468343
9330.0, 0.6467916
9340.0, 0.64674884
9350.0, 0.6467062
9360.0, 0.64666367
9370.0, 0.64662117
9380.0, 0.6465787
9390.0, 0.6465364
9400.0, 0.64649415
9410.0, 0.64645195
9420.0, 0.6464098
9430.0, 0.6463677
9440.0, 0.64632577
9450.0, 0.6462838
9460.0, 0.64624196
9470.0, 0.6462002
9480.0, 0.6461585
9490.0, 0.64611685
9500.0, 0.6460753
9510.0, 0.6460338
9520.0, 0.6459924
9530.0, 0.64595103
9540.0, 0.6459097
9550.0, 0.64586854
9560.0, 0.6458274
9570.0, 0.6457863
9580.0, 0.64574534
9590.0, 0.6457044
9600.0, 0.6456635
9610.0, 0.64562273
9620.0, 0.64558196
9630.0, 0.6455413
9640.0, 0.6455007
9650.0, 0.6454602
9660.0, 0.6454198
9670.0, 0.64537936
9680.0, 0.6453391
9690.0, 0.64529884
9700.0, 0.64525867
9710.0, 0.64521855
9720.0, 0.6451785
9730.0, 0.6451385
9740.0, 0.6450986
9750.0, 0.6450588
9760.0, 0.645019
9770.0, 0.6449793
9780.0, 0.64493966
9790.0, 0.64490014
9800.0, 0.6448606
9810.0, 0.64482117
9820.0, 0.6447818
9830.0, 0.64474255
9840.0, 0.6447033
9850.0, 0.64466417
9860.0, 0.64462507
9870.0, 0.644586
9880.0, 0.64454705
9890.0, 0.6445082
9900.0, 0.6444693
9910.0, 0.6444306
9920.0, 0.6443919
9930.0, 0.6443533
9940.0, 0.6443147
9950.0, 0.6442762
9960.0, 0.64423776
9970.0, 0.64419943
9980.0, 0.6441611
9990.0, 0.6441229
10000.0, 0.6440847
10010.0, 0.6440466
10020.0, 0.6440086
10030.0, 0.6439706
10040.0, 0.6439327
10050.0, 0.64389485
10060.0, 0.6438571
10070.0, 0.6438194
10080.0, 0.6437817
10090.0, 0.6437442
10100.0, 0.6437066
10110.0, 0.6436692
10120.0, 0.6436318
10130.0, 0.6435945
10140.0, 0.64355725
10150.0, 0.64352006
10160.0, 0.6434829
10170.0, 0.64344585
10180.0, 0.64340883
10190.0, 0.6433719
10200.0, 0.64333504
10210.0, 0.6432982
10220.0, 0.6432615
10230.0, 0.6432248
10240.0, 0.6431882
10250.0, 0.6431516
10260.0, 0.6431151
10270.0, 0.6430787
10280.0, 0.6430423
10290.0, 0.643006
10300.0, 0.6429698
10310.0, 0.6429336
10320.0, 0.6428975
10330.0, 0.6428614
10340.0, 0.6428254
10350.0, 0.6427895
10360.0, 0.64275366
10370.0, 0.64271784
10380.0, 0.6426821
10390.0, 0.64264643
10400.0, 0.6426108
10410.0, 0.6425752
10420.0, 0.64253974
10430.0, 0.64250433
10440.0, 0.6424689
10450.0, 0.64243364
10460.0, 0.64239836
10470.0, 0.6423632
10480.0, 0.6423281
10490.0, 0.642293
10500.0, 0.642258
10510.0, 0.64222306
10520.0, 0.6421882
10530.0, 0.6421533
10540.0, 0.6421186
10550.0, 0.6420839
10560.0, 0.64204925
10570.0, 0.6420147
10580.0, 0.6419801
10590.0, 0.64194566
10600.0, 0.64191127
10610.0, 0.64187694
10620.0, 0.64184266
10630.0, 0.64180845
10640.0, 0.6417743
10650.0, 0.6417402
10660.0, 0.6417061
10670.0, 0.64167213
10680.0, 0.6416382
10690.0, 0.64160436
10700.0, 0.64157057
10710.0, 0.64153683
10720.0, 0.64150316
10730.0, 0.6414695
10740.0, 0.6414359
10750.0, 0.6414024
10760.0, 0.641369
10770.0, 0.6413356
10780.0, 0.6413022
10790.0, 0.64126897
10800.0, 0.64123577
10810.0, 0.64120257
10820.0, 0.6411695
10830.0, 0.64113647
10840.0, 0.64110345
10850.0, 0.64107054
10860.0, 0.6410377
10870.0, 0.64100486
10880.0, 0.6409721
10890.0, 0.6409394
10900.0, 0.64090675
10910.0, 0.6408742
10920.0, 0.64084166
10930.0, 0.6408092
10940.0, 0.6407768
10950.0, 0.64074445
10960.0, 0.64071214
10970.0, 0.6406799
10980.0, 0.6406477
10990.0, 0.6406156
11000.0, 0.6405835
11010.0, 0.6405515
11020.0, 0.64051956
11030.0, 0.6404877
11040.0, 0.6404558
11050.0, 0.640424
11060.0, 0.6403923
11070.0, 0.6403606
11080.0, 0.640329
11090.0, 0.6402974
11100.0, 0.6402659
11110.0, 0.6402345
11120.0, 0.64020306
11130.0, 0.6401717
11140.0, 0.6401404
11150.0, 0.6401092
11160.0, 0.640078
11170.0, 0.6400469
11180.0, 0.64001584
11190.0, 0.63998485
11200.0, 0.63995385
11210.0, 0.639923
11220.0, 0.6398921
11230.0, 0.63986135
11240.0, 0.6398306
11250.0, 0.6397999
11260.0, 0.63976926
11270.0, 0.6397387
11280.0, 0.63970816
11290.0, 0.6396777
11300.0, 0.6396473
11310.0, 0.6396169
11320.0, 0.6395866
11330.0, 0.63955635
11340.0, 0.6395262
11350.0, 0.639496
11360.0, 0.6394659
11370.0, 0.6394359
11380.0, 0.6394059
11390.0, 0.639376
11400.0, 0.6393461
11410.0, 0.63931626
11420.0, 0.6392865
11430.0, 0.6392568
11440.0, 0.6392271
11450.0, 0.6391975
11460.0, 0.63916796
11470.0, 0.63913846
11480.0, 0.63910896
11490.0, 0.6390796
11500.0, 0.63905025
11510.0, 0.6390209
11520.0, 0.63899165
11530.0, 0.6389625
11540.0, 0.63893336
11550.0, 0.6389043
11560.0, 0.63887525
11570.0, 0.6388462
11580.0, 0.6388173
11590.0, 0.6387884
11600.0, 0.63875955
11610.0, 0.6387308
11620.0, 0.6387021
11630.0, 0.63867337
11640.0, 0.63864475
11650.0, 0.6386162
11660.0, 0.63858765
11670.0, 0.63855916
11680.0, 0.6385308
11690.0, 0.6385024
11700.0, 0.63847405
11710.0, 0.6384458
11720.0, 0.6384176
11730.0, 0.6383894
11740.0, 0.6383613
11750.0, 0.6383332
11760.0, 0.6383052
11770.0, 0.63827723
11780.0, 0.63824934
11790.0, 0.63822144
11800.0, 0.6381936
11810.0, 0.63816583
11820.0, 0.6381381
11830.0, 0.63811046
11840.0, 0.63808286
11850.0, 0.63805526
11860.0, 0.6380277
11870.0, 0.6380003
11880.0, 0.63797283
11890.0, 0.6379455
11900.0, 0.6379182
11910.0, 0.6378909
11920.0, 0.63786364
11930.0, 0.6378365
11940.0, 0.63780934
11950.0, 0.6377823
11960.0, 0.6377552
11970.0, 0.6377283
11980.0, 0.63770133
11990.0, 0.63767445
12000.0, 0.6376476
12010.0, 0.6376208
12020.0, 0.6375941
12030.0, 0.6375674
12040.0, 0.63754076
12050.0, 0.6375141
12060.0, 0.6374876
12070.0, 0.63746107
12080.0, 0.63743466
12090.0, 0.63740826
12100.0, 0.63738185
12110.0, 0.63735557
12120.0, 0.6373293
12130.0, 0.63730305
12140.0, 0.6372769
12150.0, 0.6372508
12160.0, 0.63722473
12170.0, 0.6371987
12180.0, 0.6371727
12190.0, 0.6371468
12200.0, 0.6371209
12210.0, 0.63709503
12220.0, 0.6370693
12230.0, 0.63704354
12240.0, 0.6370178
12250.0, 0.63699216
12260.0, 0.6369665
12270.0, 0.636941
12280.0, 0.63691545
12290.0, 0.63689
12300.0, 0.6368646
12310.0, 0.6368392
12320.0, 0.6368139
12330.0, 0.6367886
12340.0, 0.63676333
12350.0, 0.6367381
12360.0, 0.636713
12370.0, 0.6366879
12380.0, 0.63666284
12390.0, 0.6366378
12400.0, 0.6366129
12410.0, 0.6365879
12420.0, 0.63656306
12430.0, 0.6365382
12440.0, 0.6365135
12450.0, 0.63648874
12460.0, 0.636464
12470.0, 0.6364394
12480.0, 0.63641477
12490.0, 0.6363902
12500.0, 0.63636565
12510.0, 0.6363412
12520.0, 0.6363168
12530.0, 0.6362924
12540.0, 0.6362681
12550.0, 0.63624376
12560.0, 0.6362195
12570.0, 0.6361953
12580.0, 0.6361711
12590.0, 0.636147
12600.0, 0.63612294
12610.0, 0.6360989
12620.0, 0.6360749
12630.0, 0.636051
12640.0, 0.6360271
12650.0, 0.6360032
12660.0, 0.6359794
12670.0, 0.63595563
12680.0, 0.6359319
12690.0, 0.63590825
12700.0, 0.6358846
12710.0, 0.635861
12720.0, 0.63583744
12730.0, 0.6358139
12740.0, 0.63579047
12750.0, 0.63576704
12760.0, 0.6357436
12770.0, 0.6357203
12780.0, 0.635697
12790.0, 0.63567376
12800.0, 0.6356505
12810.0, 0.6356273
12820.0, 0.6356042
12830.0, 0.63558114
12840.0, 0.6355581
12850.0, 0.6355351
12860.0, 0.6355121
12870.0, 0.6354892
12880.0, 0.63546634
12890.0, 0.6354435
12900.0, 0.63542074
12910.0, 0.635398
12920.0, 0.63537526
12930.0, 0.63535255
12940.0, 0.63532996
12950.0, 0.6353074
12960.0, 0.63528484
12970.0, 0.6352623
12980.0, 0.63523984
12990.0, 0.6352174
13000.0, 0.6351951
13010.0, 0.6351727
13020.0, 0.63515043
13030.0, 0.63512814
13040.0, 0.63510597
13050.0, 0.6350838
13060.0, 0.6350616
13070.0, 0.63503957
13080.0, 0.6350175
13090.0, 0.63499546
13100.0, 0.6349735
13110.0, 0.6349516
13120.0, 0.63492966
13130.0, 0.63490784
13140.0, 0.634886
13150.0, 0.6348642
13160.0, 0.6348425
13170.0, 0.6348208
13180.0, 0.6347992
13190.0, 0.63477755
13200.0, 0.63475597
13210.0, 0.63473445
13220.0, 0.63471293
13230.0, 0.6346915
13240.0, 0.6346701
13250.0, 0.6346487
13260.0, 0.63462734
13270.0, 0.63460606
13280.0, 0.63458484
13290.0, 0.6345636
13300.0, 0.6345424
13310.0, 0.6345213
13320.0, 0.6345002
13330.0, 0.6344791
13340.0, 0.63445807
13350.0, 0.6344371
13360.0, 0.63441616
13370.0, 0.63439524
13380.0, 0.6343744
13390.0, 0.6343535
13400.0, 0.6343328
13410.0, 0.634312
13420.0, 0.6342913
13430.0, 0.6342706
13440.0, 0.63425
13450.0, 0.63422936
13460.0, 0.6342088
13470.0, 0.6341883
13480.0, 0.6341678
13490.0, 0.63414735
13500.0, 0.6341269
13510.0, 0.6341065
13520.0, 0.6340862
13530.0, 0.6340659
13540.0, 0.63404566
13550.0, 0.6340254
13560.0, 0.63400525
13570.0, 0.6339851
13580.0, 0.63396496
13590.0, 0.63394487
13600.0, 0.63392484
13610.0, 0.6339049
13620.0, 0.6338849
13630.0, 0.63386494
13640.0, 0.63384503
13650.0, 0.6338252
13660.0, 0.6338054
13670.0, 0.6337856
13680.0, 0.6337659
13690.0, 0.63374615
13700.0, 0.6337265
13710.0, 0.63370687
13720.0, 0.63368726
13730.0, 0.6336677
13740.0, 0.63364816
13750.0, 0.63362867
13760.0, 0.63360924
13770.0, 0.6335898
13780.0, 0.63357043
13790.0, 0.63355106
13800.0, 0.63353175
13810.0, 0.6335125
13820.0, 0.63349324
13830.0, 0.63347405
13840.0, 0.63345486
13850.0, 0.6334357
13860.0, 0.63341665
13870.0, 0.6333976
13880.0, 0.63337857
13890.0, 0.63335955
13900.0, 0.6333406
13910.0, 0.6333217
13920.0, 0.6333028
13930.0, 0.633284
13940.0, 0.63326514
13950.0, 0.63324636
13960.0, 0.63322765
13970.0, 0.63320893
13980.0, 0.6331902
13990.0, 0.6331716
14000.0, 0.63315296
14010.0, 0.6331344
14020.0, 0.6331159
14030.0, 0.63309735
14040.0, 0.63307893
14050.0, 0.63306046
14060.0, 0.6330421
14070.0, 0.6330237
14080.0, 0.6330054
14090.0, 0.6329871
14100.0, 0.63296884
14110.0, 0.6329506
14120.0, 0.6329324
14130.0, 0.63291425
14140.0, 0.6328961
14150.0, 0.632878
14160.0, 0.63285995
14170.0, 0.63284194
14180.0, 0.63282394
14190.0, 0.63280594
14200.0, 0.63278806
14210.0, 0.6327702
14220.0, 0.6327523
14230.0, 0.6327345
14240.0, 0.63271666
14250.0, 0.63269895
14260.0, 0.6326812
14270.0, 0.6326635
14280.0, 0.63264585
14290.0, 0.6326282
14300.0, 0.6326106
14310.0, 0.63259304
14320.0, 0.6325755
14330.0, 0.63255805
14340.0, 0.6325406
14350.0, 0.6325231
14360.0, 0.6325057
14370.0, 0.63248837
14380.0, 0.632471
14390.0, 0.63245374
14400.0, 0.63243645
14410.0, 0.6324192
14420.0, 0.63240206
14430.0, 0.6323849
14440.0, 0.63236773
14450.0, 0.6323506
14460.0, 0.6323335
14470.0, 0.63231647
14480.0, 0.6322995
14490.0, 0.6322825
14500.0, 0.63226557
14510.0, 0.63224864
14520.0, 0.6322318
14530.0, 0.6322149
14540.0, 0.6321981
14550.0, 0.6321813
14560.0, 0.63216454
14570.0, 0.6321478
14580.0, 0.6321311
14590.0, 0.6321144
14600.0, 0.6320978
14610.0, 0.6320812
14620.0, 0.63206464
14630.0, 0.6320481
14640.0, 0.63203156
14650.0, 0.6320151
14660.0, 0.63199866
14670.0, 0.63198227
14680.0, 0.6319659
14690.0, 0.6319495
14700.0, 0.63193315
14710.0, 0.6319169
14720.0, 0.6319006
14730.0, 0.6318844
14740.0, 0.6318682
14750.0, 0.63185203
14760.0, 0.6318359
14770.0, 0.6318198
14780.0, 0.6318037
14790.0, 0.63178766
14800.0, 0.6317716
14810.0, 0.6317556
14820.0, 0.6317397
14830.0, 0.6317237
14840.0, 0.63170785
14850.0, 0.63169193
14860.0, 0.63167614
14870.0, 0.6316603
14880.0, 0.63164455
14890.0, 0.63162875
14900.0, 0.631613
14910.0, 0.63159734
14920.0, 0.63158166
14930.0, 0.63156605
14940.0, 0.63155043
14950.0, 0.6315349
14960.0, 0.6315193
14970.0, 0.6315038
14980.0, 0.6314883
14990.0, 0.6314729
15000.0, 0.63145745
15010.0, 0.631442
15020.0, 0.6314267
15030.0, 0.6314113
15040.0, 0.631396
15050.0, 0.63138074
15060.0, 0.6313655
15070.0, 0.6313502
15080.0, 0.631335
15090.0, 0.6313199
15100.0, 0.63130474
15110.0, 0.6312896
15120.0, 0.6312745
15130.0, 0.6312595
15140.0, 0.6312444
15150.0, 0.63122946
15160.0, 0.6312145
15170.0, 0.63119954
15180.0, 0.63118464
15190.0, 0.63116974
15200.0, 0.6311549
15210.0, 0.63114005
15220.0, 0.6311253
15230.0, 0.6311105
15240.0, 0.6310957
15250.0, 0.631081
15260.0, 0.6310663
15270.0, 0.63105166
15280.0, 0.631037
15290.0, 0.6310224
15300.0, 0.63100785
15310.0, 0.6309933
15320.0, 0.63097876
15330.0, 0.6309643
15340.0, 0.6309498
15350.0, 0.6309354
15360.0, 0.63092095
15370.0, 0.6309065
15380.0, 0.6308922
15390.0, 0.63087785
15400.0, 0.63086355
15410.0, 0.63084924
15420.0, 0.630835
15430.0, 0.63082075
15440.0, 0.63080657
15450.0, 0.6307924
15460.0, 0.63077825
15470.0, 0.6307641
15480.0, 0.63075006
15490.0, 0.630736
15500.0, 0.6307219
15510.0, 0.6307079
15520.0, 0.630694
15530.0, 0.63068
15540.0, 0.6306661
15550.0, 0.6306521
15560.0, 0.6306383
15570.0, 0.6306244
15580.0, 0.6306106
15590.0, 0.6305968
15600.0, 0.63058305
15610.0, 0.6305693
15620.0, 0.63055557
15630.0, 0.63054186
15640.0, 0.6305282
15650.0, 0.63051456
15660.0, 0.6305009
15670.0, 0.6304873
15680.0, 0.63047373
15690.0, 0.6304602
15700.0, 0.6304467
15710.0, 0.6304332
15720.0, 0.63041973
15730.0, 0.6304063
15740.0, 0.6303929
15750.0, 0.6303795
15760.0, 0.63036615
15770.0, 0.6303528
15780.0, 0.6303395
15790.0, 0.6303262
15800.0, 0.6303129
15810.0, 0.6302997
15820.0, 0.6302865
15830.0, 0.6302733
15840.0, 0.63026017
15850.0, 0.630247
15860.0, 0.6302339
15870.0, 0.63022083
15880.0, 0.6302077
15890.0, 0.6301947
15900.0, 0.63018167
15910.0, 0.63016874
15920.0, 0.63015574
15930.0, 0.6301428
15940.0, 0.6301299
15950.0, 0.630117
15960.0, 0.6301041
15970.0, 0.6300913
15980.0, 0.6300785
15990.0, 0.6300657
16000.0, 0.6300529
16010.0, 0.63004017
16020.0, 0.6300275
16030.0, 0.6300148
16040.0, 0.6300021
16050.0, 0.62998945
16060.0, 0.6299768
16070.0, 0.62996423
16080.0, 0.62995166
16090.0, 0.6299391
16100.0, 0.62992656
16110.0, 0.6299141
16120.0, 0.6299016
16130.0, 0.62988913
16140.0, 0.62987673
16150.0, 0.6298643
16160.0, 0.62985194
16170.0, 0.62983954
16180.0, 0.6298272
16190.0, 0.6298149
16200.0, 0.62980264
16210.0, 0.62979037
16220.0, 0.6297781
16230.0, 0.62976587
16240.0, 0.6297537
16250.0, 0.62974155
16260.0, 0.6297294
16270.0, 0.62971723
16280.0, 0.62970513
16290.0, 0.62969303
16300.0, 0.629681
16310.0, 0.62966895
16320.0, 0.629657
16330.0, 0.629645
16340.0, 0.629633
16350.0, 0.6296211
16360.0, 0.62960917
16370.0, 0.62959725
16380.0, 0.6295854
16390.0, 0.6295735
16400.0, 0.62956166
16410.0, 0.62954986
16420.0, 0.6295381
16430.0, 0.6295263
16440.0, 0.6295146
16450.0, 0.6295029
16460.0, 0.6294912
16470.0, 0.6294795
16480.0, 0.62946784
16490.0, 0.6294562
16500.0, 0.62944466
16510.0, 0.62943304
16520.0, 0.6294215
16530.0, 0.62940997
16540.0, 0.62939847
16550.0, 0.62938696
16560.0, 0.62937546
16570.0, 0.629364
16580.0, 0.62935257
16590.0, 0.6293412
16600.0, 0.6293298
16610.0, 0.6293184
16620.0, 0.6293071
16630.0, 0.62929577
16640.0, 0.62928444
16650.0, 0.6292732
16660.0, 0.6292619
16670.0, 0.6292507
16680.0, 0.6292395
16690.0, 0.6292283
16700.0, 0.62921715
16710.0, 0.629206
16720.0, 0.62919486
16730.0, 0.62918377
16740.0, 0.6291727
16750.0, 0.6291616
16760.0, 0.62915057
16770.0, 0.62913954
16780.0, 0.6291285
16790.0, 0.62911755
16800.0, 0.6291066
16810.0, 0.6290957
16820.0, 0.62908477
16830.0, 0.62907386
16840.0, 0.62906295
16850.0, 0.6290521
16860.0, 0.6290413
16870.0, 0.62903047
16880.0, 0.6290197
16890.0, 0.62900895
16900.0, 0.62899816
16910.0, 0.62898743
16920.0, 0.6289767
16930.0, 0.62896603
16940.0, 0.62895536
16950.0, 0.62894475
16960.0, 0.6289341
16970.0, 0.62892354
16980.0, 0.6289129
16990.0, 0.6289024
17000.0, 0.6288918
17010.0, 0.6288813
17020.0, 0.6288708
17030.0, 0.6288603
17040.0, 0.6288498
17050.0, 0.6288394
17060.0, 0.62882894
17070.0, 0.6288186
17080.0, 0.6288082
17090.0, 0.6287978
17100.0, 0.62878746
17110.0, 0.62877715
17120.0, 0.62876683
17130.0, 0.6287565
17140.0, 0.6287463
17150.0, 0.628736
17160.0, 0.6287258
17170.0, 0.6287156
17180.0, 0.62870544
17190.0, 0.62869525
17200.0, 0.6286851
17210.0, 0.628675
17220.0, 0.62866485
17230.0, 0.6286548
17240.0, 0.6286447
17250.0, 0.62863463
17260.0, 0.6286246
17270.0, 0.6286146
17280.0, 0.62860465
17290.0, 0.62859464
17300.0, 0.6285847
17310.0, 0.6285748
17320.0, 0.62856483
17330.0, 0.62855494
17340.0, 0.62854505
17350.0, 0.6285352
17360.0, 0.6285254
17370.0, 0.62851554
17380.0, 0.62850577
17390.0, 0.628496
17400.0, 0.6284862
17410.0, 0.62847644
17420.0, 0.6284667
17430.0, 0.628457
17440.0, 0.62844735
17450.0, 0.62843764
17460.0, 0.628428
17470.0, 0.6284184
17480.0, 0.6284088
17490.0, 0.6283992
17500.0, 0.6283896
17510.0, 0.62838
17520.0, 0.62837046
17530.0, 0.628361
17540.0, 0.62835145
17550.0, 0.628342
17560.0, 0.6283325
17570.0, 0.6283231
17580.0, 0.62831366
17590.0, 0.62830424
17600.0, 0.6282948
17610.0, 0.62828547
17620.0, 0.62827605
17630.0, 0.62826675
17640.0, 0.6282574
17650.0, 0.6282481
17660.0, 0.62823886
17670.0, 0.62822956
17680.0, 0.6282203
17690.0, 0.6282111
17700.0, 0.62820184
17710.0, 0.62819266
17720.0, 0.6281835
17730.0, 0.6281743
17740.0, 0.6281652
17750.0, 0.62815607
17760.0, 0.62814695
17770.0, 0.6281378
17780.0, 0.62812877
17790.0, 0.6281197
17800.0, 0.6281107
17810.0, 0.62810165
17820.0, 0.62809265
17830.0, 0.62808365
17840.0, 0.6280747
17850.0, 0.62806576
17860.0, 0.6280568
17870.0, 0.6280479
17880.0, 0.628039
17890.0, 0.6280301
17900.0, 0.62802124
17910.0, 0.62801236
17920.0, 0.62800354
17930.0, 0.6279948
17940.0, 0.62798595
17950.0, 0.6279772
17960.0, 0.62796843
17970.0, 0.62795967
17980.0, 0.6279509
17990.0, 0.6279422
18000.0, 0.6279335
18010.0, 0.62792486
18020.0, 0.62791616
18030.0, 0.6279075
18040.0, 0.6278989
18050.0, 0.6278903
18060.0, 0.6278817
18070.0, 0.6278731
18080.0, 0.62786454
18090.0, 0.627856
18100.0, 0.6278475
18110.0, 0.62783897
18120.0, 0.62783045
18130.0, 0.627822
18140.0, 0.6278135
18150.0, 0.62780505
18160.0, 0.62779665
18170.0, 0.62778825
18180.0, 0.62777984
18190.0, 0.62777144
18200.0, 0.6277631
18210.0, 0.62775475
18220.0, 0.6277464
18230.0, 0.62773806
18240.0, 0.6277298
18250.0, 0.6277215
18260.0, 0.6277132
18270.0, 0.627705
18280.0, 0.62769675
18290.0, 0.6276885
18300.0, 0.6276803
18310.0, 0.6276721
18320.0, 0.6276639
18330.0, 0.62765574
18340.0, 0.62764764
18350.0, 0.62763953
18360.0, 0.62763137
18370.0, 0.6276233
18380.0, 0.6276152
18390.0, 0.62760717
18400.0, 0.6275991
18410.0, 0.6275911
18420.0, 0.627583
18430.0, 0.62757504
18440.0, 0.62756705
18450.0, 0.6275591
18460.0, 0.62755114
18470.0, 0.6275432
18480.0, 0.6275353
18490.0, 0.62752736
18500.0, 0.6275195
18510.0, 0.6275116
18520.0, 0.62750375
18530.0, 0.6274959
18540.0, 0.6274881
18550.0, 0.6274802
18560.0, 0.62747246
18570.0, 0.62746465
18580.0, 0.6274569
18590.0, 0.6274491
18600.0, 0.62744135
18610.0, 0.62743366
18620.0, 0.6274259
18630.0, 0.6274182
18640.0, 0.6274106
18650.0, 0.6274029
18660.0, 0.6273953
18670.0, 0.6273876
18680.0, 0.62738
18690.0, 0.6273724
18700.0, 0.62736475
18710.0, 0.6273572
18720.0, 0.6273496
18730.0, 0.6273421
18740.0, 0.62733454
18750.0, 0.627327
18760.0, 0.6273195
18770.0, 0.627312
18780.0, 0.62730455
18790.0, 0.6272971
18800.0, 0.62728965
18810.0, 0.6272822
18820.0, 0.6272748
18830.0, 0.6272674
18840.0, 0.62726
18850.0, 0.62725264
18860.0, 0.62724525
18870.0, 0.6272379
18880.0, 0.6272306
18890.0, 0.62722325
18900.0, 0.627216
18910.0, 0.62720865
18920.0, 0.62720144
18930.0, 0.62719417
18940.0, 0.6271869
18950.0, 0.6271797
18960.0, 0.62717247
18970.0, 0.62716526
18980.0, 0.62715805
18990.0, 0.6271509
19000.0, 0.62714374
19010.0, 0.6271366
19020.0, 0.62712944
19030.0, 0.6271223
19040.0, 0.6271152
19050.0, 0.6271081
19060.0, 0.627101
19070.0, 0.627094
19080.0, 0.62708694
19090.0, 0.6270799
19100.0, 0.6270729
19110.0, 0.62706584
19120.0, 0.62705886
19130.0, 0.62705183
19140.0, 0.62704486
19150.0, 0.62703794
19160.0, 0.62703097
19170.0, 0.62702405
19180.0, 0.62701714
19190.0, 0.6270102
19200.0, 0.6270034
19210.0, 0.62699646
19220.0, 0.6269896
19230.0, 0.62698275
19240.0, 0.6269759
19250.0, 0.6269691
19260.0, 0.6269623
19270.0, 0.6269555
19280.0, 0.6269487
19290.0, 0.6269419
19300.0, 0.6269352
19310.0, 0.62692845
19320.0, 0.6269217
19330.0, 0.626915
19340.0, 0.6269083
19350.0, 0.6269016
19360.0, 0.6268949
19370.0, 0.6268883
19380.0, 0.6268816
19390.0, 0.626875
19400.0, 0.62686837
19410.0, 0.62686175
19420.0, 0.62685513
19430.0, 0.6268485
19440.0, 0.62684196
19450.0, 0.6268354
19460.0, 0.62682885
19470.0, 0.6268223
19480.0, 0.6268158
19490.0, 0.6268093
19500.0, 0.6268028
19510.0, 0.6267963
19520.0, 0.6267898
19530.0, 0.6267834
19540.0, 0.62677693
19550.0, 0.6267705
19560.0, 0.62676406
19570.0, 0.6267577
19580.0, 0.62675124
19590.0, 0.62674487
19600.0, 0.6267385
19610.0, 0.6267321
19620.0, 0.6267258
19630.0, 0.6267195
19640.0, 0.62671316
19650.0, 0.62670684
19660.0, 0.6267005
19670.0, 0.62669426
19680.0, 0.62668794
19690.0, 0.6266817
19700.0, 0.6266754
19710.0, 0.6266692
19720.0, 0.62666297
19730.0, 0.6266568
19740.0, 0.6266506
19750.0, 0.6266444
19760.0, 0.62663823
19770.0, 0.62663203
19780.0, 0.6266259
19790.0, 0.62661976
19800.0, 0.6266136
19810.0, 0.62660754
19820.0, 0.6266014
19830.0, 0.6265953
19840.0, 0.62658924
19850.0, 0.62658316
19860.0, 0.6265771
19870.0, 0.62657106
19880.0, 0.62656504
19890.0, 0.626559
19900.0, 0.626553
19910.0, 0.626547
19920.0, 0.626541
19930.0, 0.62653506
19940.0, 0.6265291
19950.0, 0.62652314
19960.0, 0.6265172
19970.0, 0.6265113
19980.0, 0.6265053
19990.0, 0.6264994
20000.0, 0.6264935
20010.0, 0.6264877
20020.0, 0.6264818
20030.0, 0.62647593
20040.0, 0.6264701
20050.0, 0.62646425
20060.0, 0.6264584
20070.0, 0.6264526
20080.0, 0.6264468
20090.0, 0.626441
20100.0, 0.6264352
20110.0, 0.6264295
20120.0, 0.6264237
20130.0, 0.626418
20140.0, 0.6264122
20150.0, 0.6264065
20160.0, 0.62640077
20170.0, 0.6263951
20180.0, 0.6263894
20190.0, 0.6263837
20200.0, 0.62637806
20210.0, 0.6263724
20220.0, 0.62636673
20230.0, 0.62636113
20240.0, 0.6263555
20250.0, 0.62634987
20260.0, 0.62634426
20270.0, 0.6263387
20280.0, 0.6263331
20290.0, 0.6263275
20300.0, 0.626322
20310.0, 0.6263164
20320.0, 0.6263109
20330.0, 0.6263054
20340.0, 0.62629986
20350.0, 0.6262944
20360.0, 0.6262889
20370.0, 0.6262834
20380.0, 0.6262779
20390.0, 0.62627244
20400.0, 0.626267
20410.0, 0.6262616
20420.0, 0.62625617
20430.0, 0.62625074
20440.0, 0.6262453
20450.0, 0.6262399
20460.0, 0.62623453
20470.0, 0.62622917
20480.0, 0.6262238
20490.0, 0.62621844
20500.0, 0.6262131
20510.0, 0.62620777
20520.0, 0.62620246
20530.0, 0.6261971
20540.0, 0.6261918
20550.0, 0.62618655
20560.0, 0.62618124
20570.0, 0.626176
20580.0, 0.6261707
20590.0, 0.62616545
20600.0, 0.6261602
20610.0, 0.626155
20620.0, 0.6261498
20630.0, 0.6261446
20640.0, 0.62613934
20650.0, 0.62613416
20660.0, 0.626129
20670.0, 0.62612385
20680.0, 0.62611866
20690.0, 0.62611353
20700.0, 0.6261084
20710.0, 0.6261032
20720.0, 0.62609816
20730.0, 0.62609303
20740.0, 0.62608796
20750.0, 0.62608284
20760.0, 0.6260778
20770.0, 0.6260727
20780.0, 0.62606764
20790.0, 0.6260626
20800.0, 0.62605757
20810.0, 0.6260525
20820.0, 0.6260475
20830.0, 0.6260425
20840.0, 0.6260375
20850.0, 0.6260325
20860.0, 0.6260275
20870.0, 0.6260226
20880.0, 0.6260176
20890.0, 0.6260126
20900.0, 0.6260077
20910.0, 0.6260028
20920.0, 0.62599784
20930.0, 0.62599295
20940.0, 0.62598807
20950.0, 0.6259831
20960.0, 0.62597823
20970.0, 0.6259734
20980.0, 0.6259685
20990.0, 0.6259637
21000.0, 0.6259588
21010.0, 0.625954
21020.0, 0.62594914
21030.0, 0.6259443
21040.0, 0.62593955
21050.0, 0.6259347
21060.0, 0.62592995
21070.0, 0.6259252
21080.0, 0.6259204
21090.0, 0.62591565
21100.0, 0.6259109
21110.0, 0.62590617
21120.0, 0.6259014
21130.0, 0.6258967
21140.0, 0.625892
21150.0, 0.6258873
21160.0, 0.62588257
21170.0, 0.6258779
21180.0, 0.6258732
21190.0, 0.62586856
21200.0, 0.6258639
21210.0, 0.62585926
21220.0, 0.6258546
21230.0, 0.62584996
21240.0, 0.6258454
21250.0, 0.6258407
21260.0, 0.62583613
21270.0, 0.62583154
21280.0, 0.62582695
21290.0, 0.62582237
21300.0, 0.62581784
21310.0, 0.62581325
21320.0, 0.6258087
21330.0, 0.6258042
21340.0, 0.62579966
21350.0, 0.6257951
21360.0, 0.6257906
21370.0, 0.62578607
21380.0, 0.6257816
21390.0, 0.6257771
21400.0, 0.62577266
21410.0, 0.6257681
21420.0, 0.6257637
21430.0, 0.62575924
21440.0, 0.6257548
21450.0, 0.62575036
21460.0, 0.62574595
21470.0, 0.62574154
21480.0, 0.62573713
21490.0, 0.6257327
21500.0, 0.6257283
21510.0, 0.62572396
21520.0, 0.62571955
21530.0, 0.6257152
21540.0, 0.62571084
21550.0, 0.6257065
21560.0, 0.62570214
21570.0, 0.62569785
21580.0, 0.6256935
21590.0, 0.6256892
21600.0, 0.62568486
21610.0, 0.62568057
21620.0, 0.6256763
21630.0, 0.625672
21640.0, 0.62566775
21650.0, 0.62566346
21660.0, 0.6256592
21670.0, 0.625655
21680.0, 0.6256507
21690.0, 0.6256465
21700.0, 0.6256423
21710.0, 0.62563807
21720.0, 0.62563384
21730.0, 0.62562966
21740.0, 0.6256255
21750.0, 0.6256213
21760.0, 0.62561715
21770.0, 0.625613
21780.0, 0.6256088
21790.0, 0.6256046
21800.0, 0.6256005
21810.0, 0.6255964
21820.0, 0.62559223
21830.0, 0.6255881
21840.0, 0.62558407
21850.0, 0.62557995
21860.0, 0.62557584
21870.0, 0.6255718
21880.0, 0.6255677
21890.0, 0.6255636
21900.0, 0.62555957
21910.0, 0.6255555
21920.0, 0.62555146
21930.0, 0.6255474
21940.0, 0.6255434
21950.0, 0.62553936
21960.0, 0.62553537
21970.0, 0.6255314
21980.0, 0.6255274
21990.0, 0.6255234
22000.0, 0.6255194
22010.0, 0.62551546
22020.0, 0.62551147
22030.0, 0.62550753
22040.0, 0.62550354
22050.0, 0.6254996
22060.0, 0.6254957
22070.0, 0.62549174
22080.0, 0.62548786
22090.0, 0.62548393
22100.0, 0.62548006
22110.0, 0.6254761
22120.0, 0.62547225
22130.0, 0.6254684
22140.0, 0.6254645
22150.0, 0.6254606
22160.0, 0.6254568
22170.0, 0.62545294
22180.0, 0.62544906
22190.0, 0.62544525
22200.0, 0.62544143
22210.0, 0.6254376
22220.0, 0.6254338
22230.0, 0.62543
22240.0, 0.6254262
22250.0, 0.6254224
22260.0, 0.6254186
22270.0, 0.62541485
22280.0, 0.6254111
22290.0, 0.62540734
22300.0, 0.6254036
22310.0, 0.6253998
22320.0, 0.6253961
22330.0, 0.6253924
22340.0, 0.6253886
22350.0, 0.6253849
22360.0, 0.62538123
22370.0, 0.62537754
22380.0, 0.62537384
22390.0, 0.62537014
22400.0, 0.62536645
22410.0, 0.6253628
22420.0, 0.6253591
22430.0, 0.6253555
22440.0, 0.62535185
22450.0, 0.6253482
22460.0, 0.6253446
22470.0, 0.62534094
22480.0, 0.6253373
22490.0, 0.62533367
22500.0, 0.6253301
22510.0, 0.6253265
22520.0, 0.6253229
22530.0, 0.6253193
22540.0, 0.6253157
22550.0, 0.62531215
22560.0, 0.6253086
22570.0, 0.62530506
22580.0, 0.6253015
22590.0, 0.62529796
22600.0, 0.6252944
22610.0, 0.6252909
22620.0, 0.62528735
22630.0, 0.62528384
22640.0, 0.6252803
22650.0, 0.6252768
22660.0, 0.62527335
22670.0, 0.62526983
22680.0, 0.6252664
22690.0, 0.6252629
22700.0, 0.62525946
22710.0, 0.62525594
22720.0, 0.62525254
22730.0, 0.6252491
22740.0, 0.62524563
22750.0, 0.6252422
22760.0, 0.6252388
22770.0, 0.6252354
22780.0, 0.6252319
22790.0, 0.6252285
22800.0, 0.6252251
22810.0, 0.6252217
22820.0, 0.62521833
22830.0, 0.625215
22840.0, 0.6252116
22850.0, 0.62520826
22860.0, 0.62520486
22870.0, 0.6252015
22880.0, 0.6251982
22890.0, 0.62519485
22900.0, 0.6251915
22910.0, 0.6251882
22920.0, 0.6251849
22930.0, 0.62518156
22940.0, 0.6251783
22950.0, 0.62517494
22960.0, 0.62517166
22970.0, 0.6251684
22980.0, 0.6251651
22990.0, 0.6251618
23000.0, 0.62515855
23010.0, 0.62515527
23020.0, 0.62515205
23030.0, 0.6251488
23040.0, 0.62514555
23050.0, 0.62514234
23060.0, 0.62513906
23070.0, 0.62513584
23080.0, 0.6251326
23090.0, 0.6251294
23100.0, 0.62512624
23110.0, 0.625123
23120.0, 0.62511986
23130.0, 0.62511665
23140.0, 0.6251135
23150.0, 0.6251103
23160.0, 0.6251071
23170.0, 0.62510395
23180.0, 0.6251008
23190.0, 0.6250977
23200.0, 0.62509453
23210.0, 0.6250914
23220.0, 0.6250883
23230.0, 0.6250852
23240.0, 0.625082
23250.0, 0.6250789
23260.0, 0.6250758
23270.0, 0.6250727
23280.0, 0.6250696
23290.0, 0.6250665
23300.0, 0.6250635
23310.0, 0.6250604
23320.0, 0.62505734
23330.0, 0.62505424
23340.0, 0.6250512
23350.0, 0.62504816
23360.0, 0.6250451
23370.0, 0.6250421
23380.0, 0.62503904
23390.0, 0.625036
23400.0, 0.625033
23410.0, 0.62503
23420.0, 0.625027
23430.0, 0.62502396
23440.0, 0.625021
23450.0, 0.625018
23460.0, 0.625015
23470.0, 0.62501204
23480.0, 0.62500906
23490.0, 0.6250061
23500.0, 0.62500316
23510.0, 0.6250002
23520.0, 0.62499726
23530.0, 0.6249943
23540.0, 0.62499136
23550.0, 0.62498844
23560.0, 0.6249855
23570.0, 0.6249826
23580.0, 0.6249797
23590.0, 0.62497675
23600.0, 0.62497383
23610.0, 0.624971
23620.0, 0.62496805
23630.0, 0.6249652
23640.0, 0.62496233
23650.0, 0.6249594
23660.0, 0.62495655
23670.0, 0.6249537
23680.0, 0.6249508
23690.0, 0.62494797
23700.0, 0.62494516
23710.0, 0.6249423
23720.0, 0.62493944
23730.0, 0.62493664
23740.0, 0.62493384
23750.0, 0.62493104
23760.0, 0.6249282
23770.0, 0.6249254
23780.0, 0.6249226
23790.0, 0.6249198
23800.0, 0.62491703
23810.0, 0.6249142
23820.0, 0.6249114
23830.0, 0.6249087
23840.0, 0.6249059
23850.0, 0.62490314
23860.0, 0.6249004
23870.0, 0.62489766
23880.0, 0.62489486
23890.0, 0.6248921
23900.0, 0.62488943
23910.0, 0.6248867
23920.0, 0.62488395
23930.0, 0.62488127
23940.0, 0.6248785
23950.0, 0.6248758
23960.0, 0.6248731
23970.0, 0.6248704
23980.0, 0.62486774
23990.0, 0.62486506
24000.0, 0.6248624
24010.0, 0.6248597
24020.0, 0.624857
24030.0, 0.6248543
24040.0, 0.6248517
24050.0, 0.624849
24060.0, 0.6248464
24070.0, 0.6248437
24080.0, 0.6248411
24090.0, 0.6248385
24100.0, 0.62483585
24110.0, 0.6248332
24120.0, 0.6248306
24130.0, 0.624828
24140.0, 0.62482536
24150.0, 0.6248228
24160.0, 0.6248202
24170.0, 0.6248176
24180.0, 0.624815
24190.0, 0.6248124
24200.0, 0.62480986
24210.0, 0.62480724
24220.0, 0.6248047
24230.0, 0.6248021
24240.0, 0.6247996
24250.0, 0.62479705
24260.0, 0.6247945
24270.0, 0.6247919
24280.0, 0.6247894
24290.0, 0.62478685
24300.0, 0.62478435
24310.0, 0.62478185
24320.0, 0.6247793
24330.0, 0.6247768
24340.0, 0.6247743
24350.0, 0.6247718
24360.0, 0.6247693
24370.0, 0.6247668
24380.0, 0.6247643
24390.0, 0.6247618
24400.0, 0.6247594
24410.0, 0.6247569
24420.0, 0.6247544
24430.0, 0.6247519
24440.0, 0.6247495
24450.0, 0.62474704
24460.0, 0.6247446
24470.0, 0.62474215
24480.0, 0.6247397
24490.0, 0.62473726
24500.0, 0.6247348
24510.0, 0.62473243
24520.0, 0.62473
24530.0, 0.6247276
24540.0, 0.62472516
24550.0, 0.6247228
24560.0, 0.6247204
24570.0, 0.62471795
24580.0, 0.62471557
24590.0, 0.6247132
24600.0, 0.6247108
24610.0, 0.6247085
24620.0, 0.6247061
24630.0, 0.6247037
24640.0, 0.6247013
24650.0, 0.624699
24660.0, 0.6246966
24670.0, 0.6246943
24680.0, 0.62469196
24690.0, 0.6246896
24700.0, 0.62468725
24710.0, 0.62468493
24720.0, 0.6246826
24730.0, 0.6246803
24740.0, 0.624678
24750.0, 0.6246757
24760.0, 0.62467337
24770.0, 0.62467104
24780.0, 0.6246688
24790.0, 0.62466645
24800.0, 0.6246642
24810.0, 0.6246619
24820.0, 0.62465966
24830.0, 0.62465733
24840.0, 0.62465507
24850.0, 0.6246528
24860.0, 0.62465054
24870.0, 0.6246483
24880.0, 0.62464607
24890.0, 0.6246438
24900.0, 0.62464154
24910.0, 0.62463933
24920.0, 0.62463707
24930.0, 0.62463486
24940.0, 0.6246326
24950.0, 0.6246304
24960.0, 0.6246282
24970.0, 0.624626
24980.0, 0.6246238
24990.0, 0.62462157
25000.0, 0.62461936
25010.0, 0.62461716
25020.0, 0.62461495
25030.0, 0.6246128
25040.0, 0.6246106
25050.0, 0.62460846
25060.0, 0.62460625
25070.0, 0.6246041
25080.0, 0.6246019
25090.0, 0.62459975
25100.0, 0.6245976
25110.0, 0.62459546
25120.0, 0.6245933
25130.0, 0.6245912
25140.0, 0.624589
25150.0, 0.6245869
25160.0, 0.6245848
25170.0, 0.62458265
25180.0, 0.6245805
25190.0, 0.6245784
25200.0, 0.6245763
25210.0, 0.6245742
25220.0, 0.62457204
25230.0, 0.62456995
25240.0, 0.62456787
25250.0, 0.6245658
25260.0, 0.6245637
25270.0, 0.6245616
25280.0, 0.6245595
25290.0, 0.62455744
25300.0, 0.62455535
25310.0, 0.6245533
25320.0, 0.62455124
25330.0, 0.6245492
25340.0, 0.6245471
25350.0, 0.6245451
25360.0, 0.624543
25370.0, 0.624541
25380.0, 0.62453896
25390.0, 0.62453693
25400.0, 0.6245349
25410.0, 0.6245329
25420.0, 0.6245308
25430.0, 0.6245288
25440.0, 0.6245268
25450.0, 0.6245248
25460.0, 0.62452275
25470.0, 0.6245208
25480.0, 0.62451875
25490.0, 0.6245168
25500.0, 0.62451476
25510.0, 0.6245128
25520.0, 0.6245108
25530.0, 0.62450886
25540.0, 0.62450683
25550.0, 0.62450486
25560.0, 0.6245029
25570.0, 0.62450093
25580.0, 0.62449896
25590.0, 0.62449706
25600.0, 0.6244951
25610.0, 0.6244931
25620.0, 0.6244912
25630.0, 0.62448925
25640.0, 0.6244873
25650.0, 0.6244854
25660.0, 0.62448347
25670.0, 0.6244815
25680.0, 0.6244796
25690.0, 0.6244777
25700.0, 0.6244758
25710.0, 0.62447387
25720.0, 0.62447196
25730.0, 0.62447006
25740.0, 0.62446815
25750.0, 0.62446624
25760.0, 0.62446433
25770.0, 0.6244625
25780.0, 0.6244606
25790.0, 0.62445873
25800.0, 0.6244568
25810.0, 0.624455
25820.0, 0.6244531
25830.0, 0.6244512
25840.0, 0.6244494
25850.0, 0.6244475
25860.0, 0.6244457
25870.0, 0.6244438
25880.0, 0.624442
25890.0, 0.62444013
25900.0, 0.6244383
25910.0, 0.62443644
25920.0, 0.6244346
25930.0, 0.6244328
25940.0, 0.62443095
25950.0, 0.6244291
25960.0, 0.6244273
25970.0, 0.6244255
25980.0, 0.6244237
25990.0, 0.6244219
26000.0, 0.6244201
26010.0, 0.62441826
26020.0, 0.6244165
26030.0, 0.6244147
26040.0, 0.6244129
26050.0, 0.6244111
26060.0, 0.6244093
26070.0, 0.62440753
26080.0, 0.6244058
26090.0, 0.624404
26100.0, 0.6244022
26110.0, 0.6244005
26120.0, 0.6243987
26130.0, 0.624397
26140.0, 0.6243952
26150.0, 0.62439346
26160.0, 0.62439173
26170.0, 0.62438995
26180.0, 0.6243882
26190.0, 0.6243865
26200.0, 0.62438476
26210.0, 0.62438303
26220.0, 0.6243813
26230.0, 0.6243796
26240.0, 0.62437785
26250.0, 0.6243761
26260.0, 0.62437445
26270.0, 0.6243727
26280.0, 0.624371
26290.0, 0.6243693
26300.0, 0.6243676
26310.0, 0.6243659
26320.0, 0.6243642
26330.0, 0.6243625
26340.0, 0.62436086
26350.0, 0.6243592
26360.0, 0.62435746
26370.0, 0.6243558
26380.0, 0.6243541
26390.0, 0.62435246
26400.0, 0.6243508
26410.0, 0.6243491
26420.0, 0.6243475
26430.0, 0.62434584
26440.0, 0.62434417
26450.0, 0.6243425
26460.0, 0.6243409
26470.0, 0.6243392
26480.0, 0.6243376
26490.0, 0.62433594
26500.0, 0.62433434
26510.0, 0.6243327
26520.0, 0.62433106
26530.0, 0.62432945
26540.0, 0.62432784
26550.0, 0.6243262
26560.0, 0.6243246
26570.0, 0.624323
26580.0, 0.6243214
26590.0, 0.6243198
26600.0, 0.6243182
26610.0, 0.6243166
26620.0, 0.62431496
26630.0, 0.6243134
26640.0, 0.6243118
26650.0, 0.62431026
26660.0, 0.62430865
26670.0, 0.62430704
26680.0, 0.6243055
26690.0, 0.62430394
26700.0, 0.6243023
26710.0, 0.6243008
26720.0, 0.6242992
26730.0, 0.6242977
26740.0, 0.6242961
26750.0, 0.6242945
26760.0, 0.624293
26770.0, 0.6242915
26780.0, 0.62428993
26790.0, 0.6242884
26800.0, 0.62428683
26810.0, 0.6242853
26820.0, 0.62428373
26830.0, 0.62428224
26840.0, 0.6242807
26850.0, 0.6242792
26860.0, 0.62427765
26870.0, 0.62427616
26880.0, 0.6242746
26890.0, 0.6242731
26900.0, 0.62427163
26910.0, 0.6242701
26920.0, 0.6242686
26930.0, 0.6242671
26940.0, 0.6242656
26950.0, 0.6242641
26960.0, 0.62426263
26970.0, 0.62426114
26980.0, 0.62425965
26990.0, 0.62425816
27000.0, 0.6242567
27010.0, 0.62425524
27020.0, 0.62425375
27030.0, 0.62425226
27040.0, 0.6242508
27050.0, 0.62424934
27060.0, 0.6242479
27070.0, 0.6242464
27080.0, 0.624245
27090.0, 0.6242435
27100.0, 0.62424207
27110.0, 0.62424064
27120.0, 0.62423915
27130.0, 0.6242377
27140.0, 0.6242363
27150.0, 0.62423486
27160.0, 0.6242334
27170.0, 0.624232
27180.0, 0.62423056
27190.0, 0.62422913
27200.0, 0.62422776
27210.0, 0.62422633
27220.0, 0.6242249
27230.0, 0.6242235
27240.0, 0.6242221
27250.0, 0.62422067
27260.0, 0.6242193
27270.0, 0.62421787
27280.0, 0.6242165
27290.0, 0.62421507
27300.0, 0.6242137
27310.0, 0.6242123
27320.0, 0.6242109
27330.0, 0.6242095
27340.0, 0.62420815
27350.0, 0.6242068
27360.0, 0.6242054
27370.0, 0.62420404
27380.0, 0.62420267
27390.0, 0.6242013
27400.0, 0.6241999
27410.0, 0.62419856
27420.0, 0.6241972
27430.0, 0.6241958
27440.0, 0.62419444
27450.0, 0.62419313
27460.0, 0.62419176
27470.0, 0.62419045
27480.0, 0.6241891
27490.0, 0.62418777
27500.0, 0.6241864
27510.0, 0.6241851
27520.0, 0.6241837
27530.0, 0.6241824
27540.0, 0.6241811
27550.0, 0.6241797
27560.0, 0.6241784
27570.0, 0.6241771
27580.0, 0.6241758
27590.0, 0.6241745
27600.0, 0.62417316
27610.0, 0.62417185
27620.0, 0.62417054
27630.0, 0.62416923
27640.0, 0.624168
27650.0, 0.62416667
27660.0, 0.62416536
27670.0, 0.62416404
27680.0, 0.6241628
27690.0, 0.6241615
27700.0, 0.6241602
27710.0, 0.6241589
27720.0, 0.6241576
27730.0, 0.62415636
27740.0, 0.6241551
27750.0, 0.6241538
27760.0, 0.62415254
27770.0, 0.6241513
27780.0, 0.62415
27790.0, 0.6241487
27800.0, 0.6241475
27810.0, 0.6241462
27820.0, 0.624145
27830.0, 0.6241437
27840.0, 0.62414247
27850.0, 0.6241412
27860.0, 0.62413996
27870.0, 0.6241387
27880.0, 0.62413746
27890.0, 0.6241362
27900.0, 0.624135
27910.0, 0.62413377
27920.0, 0.6241325
27930.0, 0.6241313
27940.0, 0.6241301
27950.0, 0.6241289
27960.0, 0.6241276
27970.0, 0.62412643
27980.0, 0.6241252
27990.0, 0.624124
28000.0, 0.6241228
28010.0, 0.62412155
28020.0, 0.62412035
28030.0, 0.62411916
28040.0, 0.624118
28050.0, 0.6241168
28060.0, 0.6241155
28070.0, 0.62411433
28080.0, 0.6241132
28090.0, 0.62411195
28100.0, 0.6241108
28110.0, 0.6241096
28120.0, 0.62410843
28130.0, 0.62410724
28140.0, 0.62410605
28150.0, 0.6241049
28160.0, 0.6241037
28170.0, 0.62410253
28180.0, 0.62410134
28190.0, 0.6241002
28200.0, 0.624099
28210.0, 0.6240979
28220.0, 0.62409675
28230.0, 0.62409556
28240.0, 0.6240944
28250.0, 0.62409323
28260.0, 0.6240921
28270.0, 0.62409097
28280.0, 0.6240898
28290.0, 0.62408864
28300.0, 0.6240875
28310.0, 0.6240864
28320.0, 0.62408525
28330.0, 0.6240841
28340.0, 0.624083
28350.0, 0.62408185
28360.0, 0.6240807
28370.0, 0.6240796
28380.0, 0.62407845
28390.0, 0.6240774
28400.0, 0.62407625
28410.0, 0.6240751
28420.0, 0.624074
28430.0, 0.6240729
28440.0, 0.6240718
28450.0, 0.6240707
28460.0, 0.6240696
28470.0, 0.6240685
28480.0, 0.62406737
28490.0, 0.6240663
28500.0, 0.62406516
28510.0, 0.6240641
28520.0, 0.62406296
28530.0, 0.6240619
28540.0, 0.6240608
28550.0, 0.62405974
28560.0, 0.62405866
28570.0, 0.62405753
28580.0, 0.62405646
28590.0, 0.6240554
28600.0, 0.6240543
28610.0, 0.62405324
28620.0, 0.62405217
28630.0, 0.6240511
28640.0, 0.62405
28650.0, 0.624049
28660.0, 0.62404794
28670.0, 0.62404686
28680.0, 0.6240458
28690.0, 0.6240447
28700.0, 0.6240437
28710.0, 0.62404263
28720.0, 0.62404156
28730.0, 0.62404054
28740.0, 0.6240395
28750.0, 0.62403846
28760.0, 0.6240374
28770.0, 0.6240364
28780.0, 0.62403536
28790.0, 0.6240343
28800.0, 0.6240333
28810.0, 0.62403226
28820.0, 0.6240312
28830.0, 0.6240302
28840.0, 0.62402916
28850.0, 0.62402815
28860.0, 0.62402713
28870.0, 0.62402606
28880.0, 0.62402505
28890.0, 0.6240241
28900.0, 0.6240231
28910.0, 0.62402207
28920.0, 0.62402105
28930.0, 0.62402004
28940.0, 0.624019
28950.0, 0.624018
28960.0, 0.624017
28970.0, 0.624016
28980.0, 0.62401503
28990.0, 0.624014
29000.0, 0.624013
29010.0, 0.62401205
29020.0, 0.62401104
29030.0, 0.6240101
29040.0, 0.6240091
29050.0, 0.6240081
29060.0, 0.6240071
29070.0, 0.62400615
29080.0, 0.62400514
29090.0, 0.6240042
29100.0, 0.62400323
29110.0, 0.6240022
29120.0, 0.62400126
29130.0, 0.6240003
29140.0, 0.62399936
29150.0, 0.6239984
29160.0, 0.6239974
29170.0, 0.62399644
29180.0, 0.6239955
29190.0, 0.6239945
29200.0, 0.6239936
29210.0, 0.6239926
29220.0, 0.62399167
29230.0, 0.6239907
29240.0, 0.62398976
29250.0, 0.62398887
29260.0, 0.6239879
29270.0, 0.62398696
29280.0, 0.623986
29290.0, 0.6239851
29300.0, 0.62398416
29310.0, 0.6239832
29320.0, 0.6239823
29330.0, 0.62398136
29340.0, 0.6239804
29350.0, 0.6239795
29360.0, 0.62397856
29370.0, 0.62397766
29380.0, 0.6239767
29390.0, 0.6239758
29400.0, 0.6239749
29410.0, 0.62397397
29420.0, 0.6239731
29430.0, 0.6239722
29440.0, 0.6239712
29450.0, 0.6239703
29460.0, 0.62396944
29470.0, 0.62396854
29480.0, 0.62396765
29490.0, 0.6239667
29500.0, 0.62396586
29510.0, 0.6239649
29520.0, 0.623964
29530.0, 0.6239631
29540.0, 0.6239623
29550.0, 0.6239614
29560.0, 0.6239605
29570.0, 0.6239596
29580.0, 0.6239587
29590.0, 0.6239578
29600.0, 0.6239569
29610.0, 0.6239561
29620.0, 0.6239552
29630.0, 0.6239543
29640.0, 0.62395346
29650.0, 0.62395257
29660.0, 0.6239517
29670.0, 0.62395084
29680.0, 0.62394994
29690.0, 0.6239491
29700.0, 0.6239482
29710.0, 0.6239474
29720.0, 0.6239465
29730.0, 0.62394565
29740.0, 0.6239448
29750.0, 0.6239439
29760.0, 0.6239431
29770.0, 0.62394226
29780.0, 0.62394136
29790.0, 0.6239405
29800.0, 0.6239397
29810.0, 0.62393886
29820.0, 0.623938
29830.0, 0.62393713
29840.0, 0.6239363
29850.0, 0.62393546
29860.0, 0.6239346
29870.0, 0.6239338
29880.0, 0.62393296
29890.0, 0.6239321
29900.0, 0.6239313
29910.0, 0.6239305
29920.0, 0.6239297
29930.0, 0.62392884
29940.0, 0.623928
29950.0, 0.6239272
29960.0, 0.62392634
29970.0, 0.62392557
29980.0, 0.62392473
29990.0, 0.6239239
30000.0, 0.6239231
