Energy (in eV), backscattering yield of material gr2k-NASCAP at incidence 30.0 degree
   X,       Y
0.0, 0.0
10.0, 0.0
20.0, 0.0
30.0, 0.0
40.0, 0.0
50.0, 0.0
60.0, 0.018567305
70.0, 0.03153237
80.0, 0.042073738
90.0, 0.05101145
100.0, 0.058780055
110.0, 0.06565031
120.0, 0.07180571
130.0, 0.077377506
140.0, 0.082463294
150.0, 0.08713775
160.0, 0.09145944
170.0, 0.095475174
180.0, 0.09922295
190.0, 0.102734104
200.0, 0.10603478
210.0, 0.10914695
220.0, 0.112089396
230.0, 0.11487812
240.0, 0.11752707
250.0, 0.1200483
260.0, 0.12245239
270.0, 0.1247487
280.0, 0.12694544
290.0, 0.12904999
300.0, 0.13106887
310.0, 0.13300802
320.0, 0.13487269
330.0, 0.13666768
340.0, 0.13839738
350.0, 0.14006568
360.0, 0.14167623
370.0, 0.14323232
380.0, 0.14473692
390.0, 0.14619285
400.0, 0.1476027
410.0, 0.1489688
420.0, 0.15029335
430.0, 0.15157838
440.0, 0.15282574
450.0, 0.15403727
460.0, 0.15521449
470.0, 0.15635902
480.0, 0.15747225
490.0, 0.15855554
500.0, 0.15961011
510.0, 0.16063716
520.0, 0.16163777
530.0, 0.16261302
540.0, 0.16356386
550.0, 0.16449124
560.0, 0.16539603
570.0, 0.16627903
580.0, 0.1671411
590.0, 0.16798288
600.0, 0.16880514
610.0, 0.16960853
620.0, 0.1703937
630.0, 0.17116125
640.0, 0.17191173
650.0, 0.17264573
660.0, 0.17336375
670.0, 0.17406629
680.0, 0.17475381
690.0, 0.1754268
700.0, 0.17608567
710.0, 0.17673081
720.0, 0.17736268
730.0, 0.1779816
740.0, 0.17858802
750.0, 0.1791822
760.0, 0.17976451
770.0, 0.18033527
780.0, 0.18089484
790.0, 0.18144344
800.0, 0.1819814
810.0, 0.182509
820.0, 0.18302648
830.0, 0.1835341
840.0, 0.18403214
850.0, 0.1845208
860.0, 0.18500035
870.0, 0.18547094
880.0, 0.18593289
890.0, 0.1863863
900.0, 0.18683144
910.0, 0.18726847
920.0, 0.18769757
930.0, 0.18811895
940.0, 0.18853274
950.0, 0.18893917
960.0, 0.18933839
970.0, 0.18973051
980.0, 0.1901157
990.0, 0.19049415
1000.0, 0.19086595
1010.0, 0.19068292
1020.0, 0.1905002
1030.0, 0.19031782
1040.0, 0.19013578
1050.0, 0.18995409
1060.0, 0.18977271
1070.0, 0.1895917
1080.0, 0.189411
1090.0, 0.18923065
1100.0, 0.18905063
1110.0, 0.18887092
1120.0, 0.18869157
1130.0, 0.18851255
1140.0, 0.18833385
1150.0, 0.18815549
1160.0, 0.18797745
1170.0, 0.18779975
1180.0, 0.18762237
1190.0, 0.18744533
1200.0, 0.1872686
1210.0, 0.18709221
1220.0, 0.18691616
1230.0, 0.1867404
1240.0, 0.186565
1250.0, 0.18638991
1260.0, 0.18621513
1270.0, 0.18604071
1280.0, 0.1858666
1290.0, 0.1856928
1300.0, 0.18551932
1310.0, 0.18534617
1320.0, 0.18517333
1330.0, 0.18500084
1340.0, 0.18482864
1350.0, 0.18465677
1360.0, 0.18448524
1370.0, 0.184314
1380.0, 0.1841431
1390.0, 0.18397248
1400.0, 0.1838022
1410.0, 0.18363224
1420.0, 0.18346259
1430.0, 0.18329325
1440.0, 0.18312423
1450.0, 0.18295552
1460.0, 0.18278714
1470.0, 0.18261905
1480.0, 0.18245128
1490.0, 0.18228382
1500.0, 0.18211667
1510.0, 0.18194984
1520.0, 0.18178332
1530.0, 0.18161708
1540.0, 0.18145117
1550.0, 0.18128558
1560.0, 0.18112028
1570.0, 0.18095529
1580.0, 0.1807906
1590.0, 0.18062624
1600.0, 0.18046217
1610.0, 0.1802984
1620.0, 0.18013494
1630.0, 0.1799718
1640.0, 0.17980894
1650.0, 0.17964639
1660.0, 0.17948413
1670.0, 0.1793222
1680.0, 0.17916055
1690.0, 0.1789992
1700.0, 0.17883815
1710.0, 0.1786774
1720.0, 0.17851697
1730.0, 0.17835681
1740.0, 0.17819697
1750.0, 0.1780374
1760.0, 0.17787814
1770.0, 0.17771918
1780.0, 0.17756051
1790.0, 0.17740214
1800.0, 0.17724408
1810.0, 0.1770863
1820.0, 0.1769288
1830.0, 0.17677161
1840.0, 0.1766147
1850.0, 0.17645809
1860.0, 0.17630178
1870.0, 0.17614575
1880.0, 0.17599002
1890.0, 0.17583455
1900.0, 0.1756794
1910.0, 0.17552453
1920.0, 0.17536995
1930.0, 0.17521566
1940.0, 0.17506164
1950.0, 0.17490794
1960.0, 0.1747545
1970.0, 0.17460136
1980.0, 0.17444849
1990.0, 0.17429592
2000.0, 0.17414363
2010.0, 0.1739916
2020.0, 0.17383988
2030.0, 0.17368844
2040.0, 0.17353728
2050.0, 0.17338641
2060.0, 0.1732358
2070.0, 0.1730855
2080.0, 0.17293546
2090.0, 0.17278568
2100.0, 0.17263621
2110.0, 0.17248702
2120.0, 0.1723381
2130.0, 0.17218944
2140.0, 0.17204109
2150.0, 0.171893
2160.0, 0.17174518
2170.0, 0.17159764
2180.0, 0.17145038
2190.0, 0.17130339
2200.0, 0.17115669
2210.0, 0.17101024
2220.0, 0.17086408
2230.0, 0.17071818
2240.0, 0.17057255
2250.0, 0.1704272
2260.0, 0.17028213
2270.0, 0.17013732
2280.0, 0.16999277
2290.0, 0.16984852
2300.0, 0.16970451
2310.0, 0.16956079
2320.0, 0.16941732
2330.0, 0.16927412
2340.0, 0.1691312
2350.0, 0.16898854
2360.0, 0.16884615
2370.0, 0.16870403
2380.0, 0.16856216
2390.0, 0.16842057
2400.0, 0.16827923
2410.0, 0.16813816
2420.0, 0.16799736
2430.0, 0.16785681
2440.0, 0.16771655
2450.0, 0.16757652
2460.0, 0.16743678
2470.0, 0.16729727
2480.0, 0.16715805
2490.0, 0.16701907
2500.0, 0.16688037
2510.0, 0.16674191
2520.0, 0.16660373
2530.0, 0.16646579
2540.0, 0.16632812
2550.0, 0.16619068
2560.0, 0.16605352
2570.0, 0.16591662
2580.0, 0.16577996
2590.0, 0.16564357
2600.0, 0.16550744
2610.0, 0.16537155
2620.0, 0.16523592
2630.0, 0.16510054
2640.0, 0.16496542
2650.0, 0.16483055
2660.0, 0.16469593
2670.0, 0.16456157
2680.0, 0.16442746
2690.0, 0.16429359
2700.0, 0.16415997
2710.0, 0.16402662
2720.0, 0.1638935
2730.0, 0.16376065
2740.0, 0.16362803
2750.0, 0.16349566
2760.0, 0.16336355
2770.0, 0.16323167
2780.0, 0.16310005
2790.0, 0.16296867
2800.0, 0.16283754
2810.0, 0.16270666
2820.0, 0.16257602
2830.0, 0.16244562
2840.0, 0.16231546
2850.0, 0.16218555
2860.0, 0.1620559
2870.0, 0.16192648
2880.0, 0.1617973
2890.0, 0.16166836
2900.0, 0.16153967
2910.0, 0.16141123
2920.0, 0.161283
2930.0, 0.16115503
2940.0, 0.1610273
2950.0, 0.1608998
2960.0, 0.16077256
2970.0, 0.16064554
2980.0, 0.16051878
2990.0, 0.16039222
3000.0, 0.16026594
3010.0, 0.16013987
3020.0, 0.16001403
3030.0, 0.15988846
3040.0, 0.1597631
3050.0, 0.15963797
3060.0, 0.1595131
3070.0, 0.15938845
3080.0, 0.15926403
3090.0, 0.15913984
3100.0, 0.15901591
3110.0, 0.15889218
3120.0, 0.1587687
3130.0, 0.15864544
3140.0, 0.15852243
3150.0, 0.15839964
3160.0, 0.15827708
3170.0, 0.15815474
3180.0, 0.15803264
3190.0, 0.15791078
3200.0, 0.15778914
3210.0, 0.15766773
3220.0, 0.15754654
3230.0, 0.15742558
3240.0, 0.15730485
3250.0, 0.15718435
3260.0, 0.15706408
3270.0, 0.15694402
3280.0, 0.15682422
3290.0, 0.1567046
3300.0, 0.15658523
3310.0, 0.15646608
3320.0, 0.15634716
3330.0, 0.15622845
3340.0, 0.15610999
3350.0, 0.15599173
3360.0, 0.15587369
3370.0, 0.15575589
3380.0, 0.15563829
3390.0, 0.15552093
3400.0, 0.15540378
3410.0, 0.15528685
3420.0, 0.15517014
3430.0, 0.15505366
3440.0, 0.15493739
3450.0, 0.15482135
3460.0, 0.15470551
3470.0, 0.1545899
3480.0, 0.15447451
3490.0, 0.15435933
3500.0, 0.15424438
3510.0, 0.15412962
3520.0, 0.1540151
3530.0, 0.15390079
3540.0, 0.15378669
3550.0, 0.1536728
3560.0, 0.15355913
3570.0, 0.15344569
3580.0, 0.15333244
3590.0, 0.15321942
3600.0, 0.15310661
3610.0, 0.152994
3620.0, 0.15288162
3630.0, 0.15276945
3640.0, 0.15265748
3650.0, 0.15254572
3660.0, 0.15243417
3670.0, 0.15232284
3680.0, 0.15221173
3690.0, 0.1521008
3700.0, 0.1519901
3710.0, 0.15187961
3720.0, 0.15176931
3730.0, 0.15165924
3740.0, 0.15154937
3750.0, 0.1514397
3760.0, 0.15133025
3770.0, 0.15122099
3780.0, 0.15111195
3790.0, 0.1510031
3800.0, 0.15089448
3810.0, 0.15078604
3820.0, 0.15067783
3830.0, 0.1505698
3840.0, 0.15046199
3850.0, 0.15035437
3860.0, 0.15024696
3870.0, 0.15013976
3880.0, 0.15003276
3890.0, 0.14992595
3900.0, 0.14981934
3910.0, 0.14971295
3920.0, 0.14960675
3930.0, 0.14950076
3940.0, 0.14939494
3950.0, 0.14928935
3960.0, 0.14918396
3970.0, 0.14907876
3980.0, 0.14897375
3990.0, 0.14886895
4000.0, 0.14876434
4010.0, 0.14865993
4020.0, 0.14855573
4030.0, 0.14845172
4040.0, 0.1483479
4050.0, 0.14824428
4060.0, 0.14814086
4070.0, 0.14803763
4080.0, 0.1479346
4090.0, 0.14783175
4100.0, 0.14772911
4110.0, 0.14762665
4120.0, 0.1475244
4130.0, 0.14742234
4140.0, 0.14732048
4150.0, 0.1472188
4160.0, 0.14711732
4170.0, 0.14701602
4180.0, 0.14691491
4190.0, 0.146814
4200.0, 0.14671329
4210.0, 0.14661276
4220.0, 0.14651242
4230.0, 0.14641227
4240.0, 0.14631231
4250.0, 0.14621255
4260.0, 0.14611296
4270.0, 0.14601357
4280.0, 0.14591436
4290.0, 0.14581534
4300.0, 0.14571652
4310.0, 0.14561787
4320.0, 0.14551942
4330.0, 0.14542115
4340.0, 0.14532307
4350.0, 0.14522517
4360.0, 0.14512746
4370.0, 0.14502993
4380.0, 0.1449326
4390.0, 0.14483544
4400.0, 0.14473847
4410.0, 0.14464167
4420.0, 0.14454508
4430.0, 0.14444865
4440.0, 0.1443524
4450.0, 0.14425635
4460.0, 0.14416046
4470.0, 0.14406478
4480.0, 0.14396927
4490.0, 0.14387393
4500.0, 0.14377879
4510.0, 0.1436838
4520.0, 0.14358902
4530.0, 0.14349441
4540.0, 0.14339998
4550.0, 0.14330572
4560.0, 0.14321165
4570.0, 0.14311776
4580.0, 0.14302404
4590.0, 0.14293051
4600.0, 0.14283715
4610.0, 0.14274396
4620.0, 0.14265095
4630.0, 0.14255811
4640.0, 0.14246547
4650.0, 0.14237298
4660.0, 0.14228068
4670.0, 0.14218855
4680.0, 0.1420966
4690.0, 0.14200482
4700.0, 0.14191322
4710.0, 0.14182177
4720.0, 0.14173053
4730.0, 0.14163944
4740.0, 0.14154853
4750.0, 0.1414578
4760.0, 0.14136723
4770.0, 0.14127682
4780.0, 0.14118661
4790.0, 0.14109655
4800.0, 0.14100668
4810.0, 0.14091697
4820.0, 0.14082743
4830.0, 0.14073806
4840.0, 0.14064886
4850.0, 0.14055982
4860.0, 0.14047097
4870.0, 0.14038227
4880.0, 0.14029376
4890.0, 0.1402054
4900.0, 0.14011721
4910.0, 0.14002919
4920.0, 0.13994135
4930.0, 0.13985366
4940.0, 0.13976614
4950.0, 0.13967878
4960.0, 0.1395916
4970.0, 0.13950458
4980.0, 0.13941772
4990.0, 0.13933104
5000.0, 0.13924451
5010.0, 0.13915814
5020.0, 0.13907196
5030.0, 0.13898593
5040.0, 0.13890006
5050.0, 0.13881436
5060.0, 0.13872881
5070.0, 0.13864343
5080.0, 0.13855822
5090.0, 0.13847317
5100.0, 0.13838828
5110.0, 0.13830355
5120.0, 0.13821897
5130.0, 0.13813457
5140.0, 0.13805032
5150.0, 0.13796623
5160.0, 0.1378823
5170.0, 0.13779853
5180.0, 0.13771494
5190.0, 0.13763148
5200.0, 0.1375482
5210.0, 0.13746506
5220.0, 0.13738209
5230.0, 0.13729927
5240.0, 0.13721661
5250.0, 0.13713412
5260.0, 0.13705178
5270.0, 0.1369696
5280.0, 0.13688757
5290.0, 0.13680568
5300.0, 0.13672398
5310.0, 0.13664241
5320.0, 0.136561
5330.0, 0.13647977
5340.0, 0.13639867
5350.0, 0.13631773
5360.0, 0.13623694
5370.0, 0.1361563
5380.0, 0.13607582
5390.0, 0.1359955
5400.0, 0.13591534
5410.0, 0.13583532
5420.0, 0.13575545
5430.0, 0.13567574
5440.0, 0.13559617
5450.0, 0.13551676
5460.0, 0.1354375
5470.0, 0.1353584
5480.0, 0.13527943
5490.0, 0.13520063
5500.0, 0.13512199
5510.0, 0.13504347
5520.0, 0.1349651
5530.0, 0.13488692
5540.0, 0.13480885
5550.0, 0.13473095
5560.0, 0.13465318
5570.0, 0.13457558
5580.0, 0.13449812
5590.0, 0.1344208
5600.0, 0.13434364
5610.0, 0.13426661
5620.0, 0.13418974
5630.0, 0.13411301
5640.0, 0.13403644
5650.0, 0.13396001
5660.0, 0.13388371
5670.0, 0.13380757
5680.0, 0.13373157
5690.0, 0.13365573
5700.0, 0.13358003
5710.0, 0.13350447
5720.0, 0.13342905
5730.0, 0.13335377
5740.0, 0.13327864
5750.0, 0.13320366
5760.0, 0.13312882
5770.0, 0.13305412
5780.0, 0.13297957
5790.0, 0.13290514
5800.0, 0.13283087
5810.0, 0.13275674
5820.0, 0.13268276
5830.0, 0.1326089
5840.0, 0.1325352
5850.0, 0.13246164
5860.0, 0.13238822
5870.0, 0.13231494
5880.0, 0.1322418
5890.0, 0.1321688
5900.0, 0.13209593
5910.0, 0.13202322
5920.0, 0.13195062
5930.0, 0.13187818
5940.0, 0.13180587
5950.0, 0.1317337
5960.0, 0.13166167
5970.0, 0.13158977
5980.0, 0.13151802
5990.0, 0.1314464
6000.0, 0.13137493
6010.0, 0.13130358
6020.0, 0.13123237
6030.0, 0.1311613
6040.0, 0.13109036
6050.0, 0.13101956
6060.0, 0.1309489
6070.0, 0.13087837
6080.0, 0.13080798
6090.0, 0.13073772
6100.0, 0.1306676
6110.0, 0.1305976
6120.0, 0.13052775
6130.0, 0.13045803
6140.0, 0.13038844
6150.0, 0.13031898
6160.0, 0.13024966
6170.0, 0.13018048
6180.0, 0.13011141
6190.0, 0.1300425
6200.0, 0.12997371
6210.0, 0.12990505
6220.0, 0.12983651
6230.0, 0.12976812
6240.0, 0.12969984
6250.0, 0.12963171
6260.0, 0.12956372
6270.0, 0.12949583
6280.0, 0.12942809
6290.0, 0.12936047
6300.0, 0.129293
6310.0, 0.12922564
6320.0, 0.1291584
6330.0, 0.12909131
6340.0, 0.12902434
6350.0, 0.12895751
6360.0, 0.1288908
6370.0, 0.1288242
6380.0, 0.12875775
6390.0, 0.12869142
6400.0, 0.12862521
6410.0, 0.12855914
6420.0, 0.1284932
6430.0, 0.12842739
6440.0, 0.12836169
6450.0, 0.1282961
6460.0, 0.12823068
6470.0, 0.12816535
6480.0, 0.12810016
6490.0, 0.12803508
6500.0, 0.12797014
6510.0, 0.12790534
6520.0, 0.12784064
6530.0, 0.12777607
6540.0, 0.12771162
6550.0, 0.12764731
6560.0, 0.1275831
6570.0, 0.12751903
6580.0, 0.12745509
6590.0, 0.12739125
6600.0, 0.12732755
6610.0, 0.12726396
6620.0, 0.12720051
6630.0, 0.12713717
6640.0, 0.12707394
6650.0, 0.12701085
6660.0, 0.12694788
6670.0, 0.12688503
6680.0, 0.1268223
6690.0, 0.12675968
6700.0, 0.12669718
6710.0, 0.12663482
6720.0, 0.12657256
6730.0, 0.12651043
6740.0, 0.12644841
6750.0, 0.12638652
6760.0, 0.12632474
6770.0, 0.12626308
6780.0, 0.12620156
6790.0, 0.12614013
6800.0, 0.12607883
6810.0, 0.12601765
6820.0, 0.12595658
6830.0, 0.12589563
6840.0, 0.1258348
6850.0, 0.12577409
6860.0, 0.1257135
6870.0, 0.12565301
6880.0, 0.12559265
6890.0, 0.1255324
6900.0, 0.12547226
6910.0, 0.12541224
6920.0, 0.12535235
6930.0, 0.12529257
6940.0, 0.12523289
6950.0, 0.12517335
6960.0, 0.12511389
6970.0, 0.12505457
6980.0, 0.12499536
6990.0, 0.12493625
7000.0, 0.124877274
7010.0, 0.1248184
7020.0, 0.12475964
7030.0, 0.124701
7040.0, 0.12464246
7050.0, 0.12458404
7060.0, 0.12452574
7070.0, 0.124467544
7080.0, 0.12440946
7090.0, 0.12435149
7100.0, 0.12429363
7110.0, 0.12423588
7120.0, 0.124178246
7130.0, 0.12412072
7140.0, 0.12406331
7150.0, 0.12400601
7160.0, 0.12394881
7170.0, 0.123891726
7180.0, 0.12383476
7190.0, 0.12377789
7200.0, 0.12372114
7210.0, 0.12366449
7220.0, 0.12360796
7230.0, 0.12355153
7240.0, 0.12349522
7250.0, 0.12343901
7260.0, 0.1233829
7270.0, 0.12332691
7280.0, 0.123271026
7290.0, 0.12321525
7300.0, 0.12315958
7310.0, 0.12310402
7320.0, 0.12304857
7330.0, 0.122993216
7340.0, 0.12293798
7350.0, 0.12288284
7360.0, 0.12282781
7370.0, 0.122772895
7380.0, 0.12271808
7390.0, 0.12266337
7400.0, 0.122608766
7410.0, 0.12255426
7420.0, 0.12249987
7430.0, 0.122445576
7440.0, 0.122391395
7450.0, 0.12233731
7460.0, 0.12228333
7470.0, 0.12222947
7480.0, 0.1221757
7490.0, 0.122122034
7500.0, 0.12206848
7510.0, 0.122015014
7520.0, 0.12196167
7530.0, 0.12190842
7540.0, 0.12185527
7550.0, 0.12180222
7560.0, 0.12174928
7570.0, 0.12169644
7580.0, 0.1216437
7590.0, 0.12159107
7600.0, 0.12153853
7610.0, 0.1214861
7620.0, 0.12143376
7630.0, 0.121381536
7640.0, 0.1213294
7650.0, 0.12127737
7660.0, 0.12122544
7670.0, 0.12117361
7680.0, 0.12112189
7690.0, 0.12107025
7700.0, 0.12101873
7710.0, 0.1209673
7720.0, 0.120915964
7730.0, 0.120864734
7740.0, 0.12081361
7750.0, 0.12076258
7760.0, 0.12071164
7770.0, 0.120660804
7780.0, 0.120610066
7790.0, 0.12055943
7800.0, 0.12050889
7810.0, 0.12045844
7820.0, 0.120408095
7830.0, 0.12035784
7840.0, 0.1203077
7850.0, 0.120257646
7860.0, 0.12020768
7870.0, 0.12015782
7880.0, 0.12010806
7890.0, 0.12005839
7900.0, 0.12000882
7910.0, 0.11995934
7920.0, 0.11990995
7930.0, 0.11986067
7940.0, 0.119811475
7950.0, 0.11976239
7960.0, 0.11971338
7970.0, 0.119664475
7980.0, 0.119615674
7990.0, 0.119566955
8000.0, 0.11951833
8010.0, 0.11946981
8020.0, 0.11942137
8030.0, 0.11937303
8040.0, 0.11932479
8050.0, 0.119276635
8060.0, 0.119228564
8070.0, 0.119180605
8080.0, 0.119132735
8090.0, 0.119084954
8100.0, 0.11903726
8110.0, 0.11898966
8120.0, 0.118942164
8130.0, 0.11889475
8140.0, 0.11884742
8150.0, 0.1188002
8160.0, 0.11875306
8170.0, 0.11870602
8180.0, 0.118659064
8190.0, 0.11861219
8200.0, 0.118565425
8210.0, 0.11851874
8220.0, 0.118472144
8230.0, 0.118425645
8240.0, 0.11837923
8250.0, 0.118332915
8260.0, 0.118286684
8270.0, 0.118240535
8280.0, 0.11819448
8290.0, 0.11814852
8300.0, 0.11810265
8310.0, 0.118056856
8320.0, 0.11801116
8330.0, 0.11796556
8340.0, 0.117920026
8350.0, 0.1178746
8360.0, 0.117829256
8370.0, 0.117784
8380.0, 0.117738836
8390.0, 0.11769375
8400.0, 0.11764876
8410.0, 0.11760385
8420.0, 0.11755903
8430.0, 0.1175143
8440.0, 0.11746965
8450.0, 0.1174251
8460.0, 0.11738062
8470.0, 0.117336236
8480.0, 0.11729194
8490.0, 0.11724772
8500.0, 0.11720359
8510.0, 0.117159545
8520.0, 0.117115594
8530.0, 0.117071725
8540.0, 0.11702794
8550.0, 0.11698423
8560.0, 0.11694062
8570.0, 0.116897084
8580.0, 0.11685363
8590.0, 0.11681027
8600.0, 0.116767
8610.0, 0.1167238
8620.0, 0.11668068
8630.0, 0.11663766
8640.0, 0.11659471
8650.0, 0.11655185
8660.0, 0.11650907
8670.0, 0.11646638
8680.0, 0.11642377
8690.0, 0.11638124
8700.0, 0.11633879
8710.0, 0.11629643
8720.0, 0.11625414
8730.0, 0.11621194
8740.0, 0.116169825
8750.0, 0.1161278
8760.0, 0.11608584
8770.0, 0.11604396
8780.0, 0.11600217
8790.0, 0.115960464
8800.0, 0.11591884
8810.0, 0.115877286
8820.0, 0.115835816
8830.0, 0.11579443
8840.0, 0.11575312
8850.0, 0.1157119
8860.0, 0.11567075
8870.0, 0.11562969
8880.0, 0.115588695
8890.0, 0.11554779
8900.0, 0.115506954
8910.0, 0.115466215
8920.0, 0.11542554
8930.0, 0.11538496
8940.0, 0.11534444
8950.0, 0.11530401
8960.0, 0.11526366
8970.0, 0.11522338
8980.0, 0.11518319
8990.0, 0.11514306
9000.0, 0.11510303
9010.0, 0.115063064
9020.0, 0.11502317
9030.0, 0.11498337
9040.0, 0.11494364
9050.0, 0.11490399
9060.0, 0.11486442
9070.0, 0.11482491
9080.0, 0.114785485
9090.0, 0.11474614
9100.0, 0.114706874
9110.0, 0.11466768
9120.0, 0.11462856
9130.0, 0.11458952
9140.0, 0.11455055
9150.0, 0.11451167
9160.0, 0.11447286
9170.0, 0.11443412
9180.0, 0.114395455
9190.0, 0.11435687
9200.0, 0.11431836
9210.0, 0.114279926
9220.0, 0.11424157
9230.0, 0.11420328
9240.0, 0.11416506
9250.0, 0.11412692
9260.0, 0.114088856
9270.0, 0.114050865
9280.0, 0.11401296
9290.0, 0.11397511
9300.0, 0.11393734
9310.0, 0.113899656
9320.0, 0.11386202
9330.0, 0.11382447
9340.0, 0.113787
9350.0, 0.1137496
9360.0, 0.113712266
9370.0, 0.11367501
9380.0, 0.113637835
9390.0, 0.113600716
9400.0, 0.11356368
9410.0, 0.11352671
9420.0, 0.11348982
9430.0, 0.11345299
9440.0, 0.11341624
9450.0, 0.11337956
9460.0, 0.113342956
9470.0, 0.11330642
9480.0, 0.113269955
9490.0, 0.11323356
9500.0, 0.11319723
9510.0, 0.113160975
9520.0, 0.113124795
9530.0, 0.11308868
9540.0, 0.11305264
9550.0, 0.113016665
9560.0, 0.11298077
9570.0, 0.11294494
9580.0, 0.112909175
9590.0, 0.11287348
9600.0, 0.11283786
9610.0, 0.1128023
9620.0, 0.112766825
9630.0, 0.112731405
9640.0, 0.11269606
9650.0, 0.11266079
9660.0, 0.11262557
9670.0, 0.11259044
9680.0, 0.11255537
9690.0, 0.11252037
9700.0, 0.11248542
9710.0, 0.11245057
9720.0, 0.11241577
9730.0, 0.11238103
9740.0, 0.11234637
9750.0, 0.11231178
9760.0, 0.11227725
9770.0, 0.112242796
9780.0, 0.1122084
9790.0, 0.11217407
9800.0, 0.11213981
9810.0, 0.11210562
9820.0, 0.1120715
9830.0, 0.11203744
9840.0, 0.112003446
9850.0, 0.11196952
9860.0, 0.11193566
9870.0, 0.11190187
9880.0, 0.11186814
9890.0, 0.111834474
9900.0, 0.11180088
9910.0, 0.11176735
9920.0, 0.11173389
9930.0, 0.11170049
9940.0, 0.111667156
9950.0, 0.11163388
9960.0, 0.11160068
9970.0, 0.111567535
9980.0, 0.11153446
9990.0, 0.11150145
10000.0, 0.11146851
10010.0, 0.11143563
10020.0, 0.11140281
10030.0, 0.11137006
10040.0, 0.11133736
10050.0, 0.11130474
10060.0, 0.11127218
10070.0, 0.11123968
10080.0, 0.11120725
10090.0, 0.111174874
10100.0, 0.11114257
10110.0, 0.11111032
10120.0, 0.111078136
10130.0, 0.111046016
10140.0, 0.111013964
10150.0, 0.11098197
10160.0, 0.11095004
10170.0, 0.110918164
10180.0, 0.11088636
10190.0, 0.11085461
10200.0, 0.11082293
10210.0, 0.11079131
10220.0, 0.11075975
10230.0, 0.11072826
10240.0, 0.110696815
10250.0, 0.11066545
10260.0, 0.11063413
10270.0, 0.110602885
10280.0, 0.11057169
10290.0, 0.11054057
10300.0, 0.11050949
10310.0, 0.11047848
10320.0, 0.11044754
10330.0, 0.11041666
10340.0, 0.11038582
10350.0, 0.11035506
10360.0, 0.11032435
10370.0, 0.1102937
10380.0, 0.11026312
10390.0, 0.11023259
10400.0, 0.11020212
10410.0, 0.11017171
10420.0, 0.110141374
10430.0, 0.11011108
10440.0, 0.11008085
10450.0, 0.11005068
10460.0, 0.11002057
10470.0, 0.10999052
10480.0, 0.10996052
10490.0, 0.10993059
10500.0, 0.10990071
10510.0, 0.109870896
10520.0, 0.10984114
10530.0, 0.10981144
10540.0, 0.109781794
10550.0, 0.10975221
10560.0, 0.10972268
10570.0, 0.109693214
10580.0, 0.1096638
10590.0, 0.109634444
10600.0, 0.10960515
10610.0, 0.10957591
10620.0, 0.10954673
10630.0, 0.1095176
10640.0, 0.10948853
10650.0, 0.10945953
10660.0, 0.10943057
10670.0, 0.109401666
10680.0, 0.109372824
10690.0, 0.10934405
10700.0, 0.10931531
10710.0, 0.10928664
10720.0, 0.109258026
10730.0, 0.10922947
10740.0, 0.10920096
10750.0, 0.10917251
10760.0, 0.10914412
10770.0, 0.10911578
10780.0, 0.109087504
10790.0, 0.109059274
10800.0, 0.1090311
10810.0, 0.109002985
10820.0, 0.108974926
10830.0, 0.10894693
10840.0, 0.10891898
10850.0, 0.10889108
10860.0, 0.108863235
10870.0, 0.10883545
10880.0, 0.10880771
10890.0, 0.10878004
10900.0, 0.10875241
10910.0, 0.10872485
10920.0, 0.10869733
10930.0, 0.10866986
10940.0, 0.10864246
10950.0, 0.10861511
10960.0, 0.108587794
10970.0, 0.108560555
10980.0, 0.10853336
10990.0, 0.108506225
11000.0, 0.10847913
11010.0, 0.1084521
11020.0, 0.10842512
11030.0, 0.108398184
11040.0, 0.10837131
11050.0, 0.10834449
11060.0, 0.10831772
11070.0, 0.108291
11080.0, 0.108264334
11090.0, 0.10823772
11100.0, 0.10821115
11110.0, 0.10818465
11120.0, 0.108158186
11130.0, 0.10813178
11140.0, 0.10810543
11150.0, 0.10807913
11160.0, 0.10805288
11170.0, 0.108026676
11180.0, 0.10800053
11190.0, 0.10797443
11200.0, 0.107948385
11210.0, 0.1079224
11220.0, 0.10789645
11230.0, 0.107870564
11240.0, 0.10784472
11250.0, 0.107818924
11260.0, 0.10779319
11270.0, 0.1077675
11280.0, 0.10774186
11290.0, 0.10771627
11300.0, 0.10769073
11310.0, 0.10766524
11320.0, 0.107639804
11330.0, 0.10761441
11340.0, 0.10758907
11350.0, 0.10756378
11360.0, 0.10753854
11370.0, 0.10751335
11380.0, 0.10748821
11390.0, 0.10746312
11400.0, 0.10743808
11410.0, 0.10741308
11420.0, 0.107388146
11430.0, 0.10736325
11440.0, 0.1073384
11450.0, 0.1073136
11460.0, 0.10728885
11470.0, 0.10726415
11480.0, 0.1072395
11490.0, 0.1072149
11500.0, 0.10719034
11510.0, 0.10716583
11520.0, 0.107141376
11530.0, 0.10711696
11540.0, 0.107092604
11550.0, 0.10706829
11560.0, 0.10704402
11570.0, 0.1070198
11580.0, 0.10699563
11590.0, 0.1069715
11600.0, 0.10694742
11610.0, 0.106923394
11620.0, 0.10689941
11630.0, 0.10687547
11640.0, 0.106851585
11650.0, 0.10682774
11660.0, 0.106803946
11670.0, 0.1067802
11680.0, 0.10675649
11690.0, 0.106732845
11700.0, 0.106709234
11710.0, 0.10668567
11720.0, 0.106662154
11730.0, 0.106638685
11740.0, 0.10661526
11750.0, 0.10659189
11760.0, 0.106568545
11770.0, 0.10654526
11780.0, 0.10652202
11790.0, 0.10649882
11800.0, 0.10647567
11810.0, 0.10645257
11820.0, 0.10642952
11830.0, 0.1064065
11840.0, 0.10638353
11850.0, 0.106360614
11860.0, 0.10633774
11870.0, 0.106314905
11880.0, 0.10629211
11890.0, 0.10626937
11900.0, 0.10624667
11910.0, 0.106224015
11920.0, 0.10620142
11930.0, 0.10617885
11940.0, 0.10615632
11950.0, 0.10613385
11960.0, 0.106111415
11970.0, 0.106089026
11980.0, 0.10606668
11990.0, 0.10604438
12000.0, 0.10602213
12010.0, 0.10599992
12020.0, 0.10597775
12030.0, 0.10595562
12040.0, 0.10593353
12050.0, 0.1059115
12060.0, 0.1058895
12070.0, 0.10586756
12080.0, 0.105845645
12090.0, 0.105823785
12100.0, 0.105801955
12110.0, 0.10578018
12120.0, 0.10575844
12130.0, 0.10573675
12140.0, 0.10571509
12150.0, 0.10569349
12160.0, 0.10567192
12170.0, 0.105650395
12180.0, 0.10562891
12190.0, 0.10560748
12200.0, 0.10558608
12210.0, 0.10556472
12220.0, 0.10554341
12230.0, 0.10552214
12240.0, 0.10550091
12250.0, 0.10547972
12260.0, 0.10545857
12270.0, 0.10543747
12280.0, 0.10541641
12290.0, 0.105395384
12300.0, 0.1053744
12310.0, 0.10535347
12320.0, 0.10533256
12330.0, 0.105311714
12340.0, 0.1052909
12350.0, 0.10527012
12360.0, 0.10524939
12370.0, 0.10522869
12380.0, 0.10520805
12390.0, 0.10518743
12400.0, 0.10516686
12410.0, 0.105146326
12420.0, 0.10512584
12430.0, 0.105105385
12440.0, 0.10508498
12450.0, 0.10506461
12460.0, 0.10504428
12470.0, 0.105023995
12480.0, 0.10500374
12490.0, 0.10498353
12500.0, 0.10496337
12510.0, 0.10494323
12520.0, 0.10492315
12530.0, 0.104903094
12540.0, 0.10488308
12550.0, 0.10486311
12560.0, 0.10484318
12570.0, 0.104823284
12580.0, 0.10480343
12590.0, 0.10478362
12600.0, 0.104763836
12610.0, 0.1047441
12620.0, 0.1047244
12630.0, 0.104704745
12640.0, 0.10468512
12650.0, 0.10466554
12660.0, 0.104646005
12670.0, 0.1046265
12680.0, 0.10460702
12690.0, 0.1045876
12700.0, 0.104568206
12710.0, 0.10454885
12720.0, 0.104529545
12730.0, 0.10451026
12740.0, 0.104491025
12750.0, 0.10447183
12760.0, 0.10445267
12770.0, 0.10443354
12780.0, 0.104414456
12790.0, 0.104395404
12800.0, 0.10437639
12810.0, 0.10435742
12820.0, 0.10433848
12830.0, 0.10431958
12840.0, 0.10430072
12850.0, 0.104281895
12860.0, 0.10426311
12870.0, 0.10424435
12880.0, 0.10422564
12890.0, 0.104206964
12900.0, 0.10418833
12910.0, 0.10416973
12920.0, 0.10415116
12930.0, 0.10413262
12940.0, 0.10411413
12950.0, 0.10409567
12960.0, 0.10407726
12970.0, 0.10405887
12980.0, 0.10404052
12990.0, 0.104022205
13000.0, 0.104003936
13010.0, 0.1039857
13020.0, 0.10396749
13030.0, 0.103949316
13040.0, 0.10393118
13050.0, 0.10391308
13060.0, 0.10389503
13070.0, 0.10387701
13080.0, 0.10385901
13090.0, 0.10384106
13100.0, 0.10382314
13110.0, 0.10380526
13120.0, 0.10378741
13130.0, 0.10376959
13140.0, 0.103751816
13150.0, 0.10373407
13160.0, 0.10371636
13170.0, 0.103698686
13180.0, 0.10368105
13190.0, 0.10366345
13200.0, 0.103645876
13210.0, 0.10362835
13220.0, 0.10361085
13230.0, 0.10359339
13240.0, 0.103575945
13250.0, 0.103558555
13260.0, 0.10354119
13270.0, 0.103523865
13280.0, 0.10350657
13290.0, 0.10348931
13300.0, 0.103472084
13310.0, 0.103454895
13320.0, 0.10343774
13330.0, 0.103420615
13340.0, 0.10340352
13350.0, 0.10338646
13360.0, 0.103369445
13370.0, 0.10335246
13380.0, 0.1033355
13390.0, 0.10331857
13400.0, 0.10330169
13410.0, 0.10328483
13420.0, 0.103268005
13430.0, 0.10325122
13440.0, 0.10323446
13450.0, 0.10321774
13460.0, 0.103201054
13470.0, 0.103184395
13480.0, 0.10316777
13490.0, 0.10315117
13500.0, 0.103134625
13510.0, 0.10311809
13520.0, 0.1031016
13530.0, 0.103085145
13540.0, 0.10306871
13550.0, 0.10305231
13560.0, 0.10303595
13570.0, 0.10301962
13580.0, 0.10300332
13590.0, 0.10298706
13600.0, 0.10297082
13610.0, 0.10295462
13620.0, 0.10293845
13630.0, 0.102922305
13640.0, 0.1029062
13650.0, 0.10289013
13660.0, 0.102874085
13670.0, 0.102858074
13680.0, 0.1028421
13690.0, 0.10282614
13700.0, 0.10281023
13710.0, 0.102794334
13720.0, 0.10277849
13730.0, 0.10276267
13740.0, 0.102746874
13750.0, 0.102731116
13760.0, 0.10271538
13770.0, 0.10269969
13780.0, 0.10268401
13790.0, 0.10266838
13800.0, 0.10265277
13810.0, 0.1026372
13820.0, 0.10262165
13830.0, 0.10260615
13840.0, 0.10259066
13850.0, 0.10257521
13860.0, 0.10255978
13870.0, 0.1025444
13880.0, 0.10252904
13890.0, 0.1025137
13900.0, 0.102498405
13910.0, 0.10248314
13920.0, 0.102467895
13930.0, 0.10245268
13940.0, 0.10243751
13950.0, 0.10242236
13960.0, 0.10240724
13970.0, 0.102392145
13980.0, 0.102377094
13990.0, 0.10236205
14000.0, 0.10234705
14010.0, 0.102332085
14020.0, 0.10231714
14030.0, 0.10230223
14040.0, 0.10228735
14050.0, 0.102272496
14060.0, 0.10225768
14070.0, 0.10224287
14080.0, 0.10222811
14090.0, 0.10221338
14100.0, 0.10219867
14110.0, 0.102184
14120.0, 0.10216934
14130.0, 0.102154724
14140.0, 0.10214013
14150.0, 0.10212558
14160.0, 0.102111034
14170.0, 0.102096535
14180.0, 0.10208206
14190.0, 0.102067605
14200.0, 0.102053195
14210.0, 0.1020388
14220.0, 0.102024436
14230.0, 0.10201011
14240.0, 0.101995796
14250.0, 0.10198153
14260.0, 0.101967275
14270.0, 0.10195306
14280.0, 0.101938866
14290.0, 0.1019247
14300.0, 0.10191056
14310.0, 0.10189645
14320.0, 0.10188237
14330.0, 0.101868324
14340.0, 0.101854295
14350.0, 0.1018403
14360.0, 0.101826325
14370.0, 0.10181239
14380.0, 0.10179847
14390.0, 0.10178459
14400.0, 0.10177073
14410.0, 0.10175689
14420.0, 0.10174309
14430.0, 0.10172932
14440.0, 0.10171556
14450.0, 0.10170184
14460.0, 0.10168814
14470.0, 0.101674475
14480.0, 0.10166083
14490.0, 0.10164721
14500.0, 0.10163363
14510.0, 0.10162007
14520.0, 0.10160654
14530.0, 0.10159303
14540.0, 0.10157955
14550.0, 0.10156609
14560.0, 0.10155267
14570.0, 0.10153927
14580.0, 0.101525895
14590.0, 0.10151254
14600.0, 0.10149922
14610.0, 0.10148593
14620.0, 0.10147265
14630.0, 0.101459414
14640.0, 0.1014462
14650.0, 0.101433
14660.0, 0.10141985
14670.0, 0.1014067
14680.0, 0.101393595
14690.0, 0.10138051
14700.0, 0.101367444
14710.0, 0.10135442
14720.0, 0.101341404
14730.0, 0.101328425
14740.0, 0.10131547
14750.0, 0.101302534
14760.0, 0.10128963
14770.0, 0.10127675
14780.0, 0.101263896
14790.0, 0.101251066
14800.0, 0.10123826
14810.0, 0.10122548
14820.0, 0.101212725
14830.0, 0.1012
14840.0, 0.10118729
14850.0, 0.101174615
14860.0, 0.101161964
14870.0, 0.101149336
14880.0, 0.10113674
14890.0, 0.10112415
14900.0, 0.1011116
14910.0, 0.10109907
14920.0, 0.10108657
14930.0, 0.101074085
14940.0, 0.101061635
14950.0, 0.10104921
14960.0, 0.10103681
14970.0, 0.10102443
14980.0, 0.10101207
14990.0, 0.100999735
15000.0, 0.10098743
15010.0, 0.10097514
15020.0, 0.10096289
15030.0, 0.10095065
15040.0, 0.10093845
15050.0, 0.10092626
15060.0, 0.10091409
15070.0, 0.100901954
15080.0, 0.10088985
15090.0, 0.10087776
15100.0, 0.100865684
15110.0, 0.10085365
15120.0, 0.100841634
15130.0, 0.10082964
15140.0, 0.100817665
15150.0, 0.10080572
15160.0, 0.100793794
15170.0, 0.100781895
15180.0, 0.10077003
15190.0, 0.10075817
15200.0, 0.10074635
15210.0, 0.10073454
15220.0, 0.10072276
15230.0, 0.100710995
15240.0, 0.10069926
15250.0, 0.10068755
15260.0, 0.10067586
15270.0, 0.1006642
15280.0, 0.10065255
15290.0, 0.10064093
15300.0, 0.10062934
15310.0, 0.10061776
15320.0, 0.10060621
15330.0, 0.100594684
15340.0, 0.10058318
15350.0, 0.1005717
15360.0, 0.10056024
15370.0, 0.1005488
15380.0, 0.10053739
15390.0, 0.10052599
15400.0, 0.10051462
15410.0, 0.10050328
15420.0, 0.100491956
15430.0, 0.10048065
15440.0, 0.10046937
15450.0, 0.100458115
15460.0, 0.10044688
15470.0, 0.10043567
15480.0, 0.10042448
15490.0, 0.100413315
15500.0, 0.10040217
15510.0, 0.100391045
15520.0, 0.100379944
15530.0, 0.100368865
15540.0, 0.10035781
15550.0, 0.10034677
15560.0, 0.100335754
15570.0, 0.100324765
15580.0, 0.10031379
15590.0, 0.100302845
15600.0, 0.100291915
15610.0, 0.100281015
15620.0, 0.10027013
15630.0, 0.10025927
15640.0, 0.100248426
15650.0, 0.10023761
15660.0, 0.10022681
15670.0, 0.10021603
15680.0, 0.10020528
15690.0, 0.10019454
15700.0, 0.10018383
15710.0, 0.100173146
15720.0, 0.10016247
15730.0, 0.10015182
15740.0, 0.10014119
15750.0, 0.10013059
15760.0, 0.10012
15770.0, 0.100109436
15780.0, 0.10009889
15790.0, 0.10008837
15800.0, 0.10007787
15810.0, 0.100067385
15820.0, 0.10005693
15830.0, 0.10004649
15840.0, 0.10003607
15850.0, 0.10002567
15860.0, 0.1000153
15870.0, 0.10000494
15880.0, 0.0999946
15890.0, 0.09998428
15900.0, 0.09997399
15910.0, 0.09996372
15920.0, 0.099953465
15930.0, 0.09994323
15940.0, 0.099933006
15950.0, 0.09992281
15960.0, 0.09991264
15970.0, 0.09990249
15980.0, 0.09989235
15990.0, 0.099882245
16000.0, 0.09987215
16010.0, 0.09986207
16020.0, 0.099852026
16030.0, 0.09984199
16040.0, 0.09983197
16050.0, 0.099821985
16060.0, 0.09981201
16070.0, 0.099802054
16080.0, 0.09979212
16090.0, 0.099782206
16100.0, 0.099772304
16110.0, 0.09976243
16120.0, 0.099752575
16130.0, 0.09974274
16140.0, 0.09973292
16150.0, 0.09972312
16160.0, 0.09971334
16170.0, 0.099703595
16180.0, 0.09969385
16190.0, 0.099684134
16200.0, 0.099674426
16210.0, 0.09966475
16220.0, 0.099655084
16230.0, 0.09964544
16240.0, 0.09963582
16250.0, 0.09962621
16260.0, 0.099616624
16270.0, 0.099607065
16280.0, 0.09959751
16290.0, 0.099587984
16300.0, 0.09957848
16310.0, 0.09956898
16320.0, 0.099559516
16330.0, 0.09955006
16340.0, 0.09954062
16350.0, 0.09953121
16360.0, 0.099521816
16370.0, 0.099512435
16380.0, 0.09950308
16390.0, 0.099493735
16400.0, 0.09948441
16410.0, 0.0994751
16420.0, 0.09946582
16430.0, 0.09945655
16440.0, 0.0994473
16450.0, 0.09943807
16460.0, 0.099428855
16470.0, 0.09941966
16480.0, 0.09941049
16490.0, 0.09940133
16500.0, 0.09939219
16510.0, 0.09938307
16520.0, 0.09937397
16530.0, 0.099364884
16540.0, 0.09935582
16550.0, 0.09934676
16560.0, 0.099337734
16570.0, 0.09932872
16580.0, 0.09931972
16590.0, 0.09931074
16600.0, 0.099301785
16610.0, 0.099292845
16620.0, 0.09928392
16630.0, 0.099275015
16640.0, 0.09926612
16650.0, 0.099257246
16660.0, 0.0992484
16670.0, 0.099239565
16680.0, 0.099230744
16690.0, 0.099221945
16700.0, 0.09921315
16710.0, 0.09920439
16720.0, 0.099195644
16730.0, 0.09918691
16740.0, 0.099178195
16750.0, 0.0991695
16760.0, 0.09916082
16770.0, 0.099152155
16780.0, 0.09914351
16790.0, 0.099134885
16800.0, 0.09912627
16810.0, 0.09911768
16820.0, 0.0991091
16830.0, 0.09910054
16840.0, 0.09909199
16850.0, 0.09908347
16860.0, 0.09907496
16870.0, 0.09906647
16880.0, 0.099057995
16890.0, 0.099049546
16900.0, 0.0990411
16910.0, 0.09903268
16920.0, 0.09902426
16930.0, 0.09901587
16940.0, 0.0990075
16950.0, 0.09899914
16960.0, 0.0989908
16970.0, 0.098982476
16980.0, 0.09897416
16990.0, 0.098965876
17000.0, 0.0989576
17010.0, 0.098949336
17020.0, 0.098941095
17030.0, 0.09893286
17040.0, 0.09892466
17050.0, 0.09891646
17060.0, 0.09890829
17070.0, 0.09890013
17080.0, 0.09889198
17090.0, 0.09888385
17100.0, 0.09887574
17110.0, 0.09886764
17120.0, 0.09885956
17130.0, 0.0988515
17140.0, 0.09884345
17150.0, 0.09883542
17160.0, 0.0988274
17170.0, 0.0988194
17180.0, 0.09881141
17190.0, 0.098803446
17200.0, 0.09879549
17210.0, 0.09878756
17220.0, 0.09877963
17230.0, 0.09877173
17240.0, 0.09876384
17250.0, 0.09875596
17260.0, 0.09874811
17270.0, 0.09874026
17280.0, 0.098732434
17290.0, 0.09872462
17300.0, 0.09871683
17310.0, 0.09870905
17320.0, 0.09870128
17330.0, 0.09869353
17340.0, 0.09868579
17350.0, 0.098678075
17360.0, 0.09867037
17370.0, 0.09866268
17380.0, 0.09865501
17390.0, 0.09864735
17400.0, 0.09863971
17410.0, 0.098632075
17420.0, 0.09862447
17430.0, 0.09861687
17440.0, 0.09860929
17450.0, 0.098601714
17460.0, 0.09859417
17470.0, 0.09858663
17480.0, 0.0985791
17490.0, 0.0985716
17500.0, 0.09856411
17510.0, 0.09855663
17520.0, 0.098549165
17530.0, 0.098541714
17540.0, 0.09853428
17550.0, 0.098526865
17560.0, 0.09851946
17570.0, 0.09851207
17580.0, 0.0985047
17590.0, 0.09849734
17600.0, 0.09848999
17610.0, 0.09848267
17620.0, 0.098475344
17630.0, 0.09846805
17640.0, 0.09846076
17650.0, 0.098453484
17660.0, 0.098446235
17670.0, 0.098438986
17680.0, 0.09843176
17690.0, 0.09842454
17700.0, 0.09841734
17710.0, 0.09841016
17720.0, 0.09840298
17730.0, 0.098395824
17740.0, 0.09838868
17750.0, 0.09838155
17760.0, 0.09837444
17770.0, 0.09836733
17780.0, 0.098360255
17790.0, 0.09835318
17800.0, 0.09834612
17810.0, 0.09833907
17820.0, 0.09833204
17830.0, 0.09832503
17840.0, 0.098318025
17850.0, 0.09831104
17860.0, 0.09830406
17870.0, 0.0982971
17880.0, 0.098290145
17890.0, 0.09828322
17900.0, 0.0982763
17910.0, 0.09826939
17920.0, 0.0982625
17930.0, 0.09825563
17940.0, 0.09824876
17950.0, 0.0982419
17960.0, 0.09823507
17970.0, 0.09822824
17980.0, 0.09822143
17990.0, 0.09821464
18000.0, 0.098207854
18010.0, 0.09820109
18020.0, 0.09819432
18030.0, 0.09818759
18040.0, 0.09818085
18050.0, 0.09817413
18060.0, 0.098167434
18070.0, 0.09816074
18080.0, 0.09815407
18090.0, 0.09814741
18100.0, 0.09814076
18110.0, 0.098134115
18120.0, 0.0981275
18130.0, 0.09812088
18140.0, 0.09811429
18150.0, 0.09810771
18160.0, 0.09810114
18170.0, 0.098094575
18180.0, 0.09808803
18190.0, 0.0980815
18200.0, 0.09807499
18210.0, 0.098068476
18220.0, 0.098061986
18230.0, 0.098055504
18240.0, 0.09804904
18250.0, 0.098042585
18260.0, 0.09803614
18270.0, 0.09802971
18280.0, 0.098023295
18290.0, 0.098016895
18300.0, 0.098010495
18310.0, 0.09800412
18320.0, 0.09799776
18330.0, 0.0979914
18340.0, 0.09798506
18350.0, 0.09797874
18360.0, 0.09797243
18370.0, 0.09796613
18380.0, 0.09795983
18390.0, 0.09795355
18400.0, 0.0979473
18410.0, 0.09794104
18420.0, 0.0979348
18430.0, 0.09792857
18440.0, 0.097922355
18450.0, 0.097916156
18460.0, 0.097909965
18470.0, 0.09790379
18480.0, 0.09789762
18490.0, 0.097891465
18500.0, 0.097885326
18510.0, 0.0978792
18520.0, 0.09787308
18530.0, 0.097866975
18540.0, 0.09786089
18550.0, 0.0978548
18560.0, 0.097848736
18570.0, 0.097842686
18580.0, 0.097836636
18590.0, 0.09783061
18600.0, 0.09782458
18610.0, 0.097818576
18620.0, 0.097812586
18630.0, 0.0978066
18640.0, 0.09780063
18650.0, 0.09779467
18660.0, 0.09778872
18670.0, 0.097782776
18680.0, 0.09777686
18690.0, 0.097770944
18700.0, 0.09776504
18710.0, 0.09775916
18720.0, 0.09775327
18730.0, 0.097747415
18740.0, 0.09774155
18750.0, 0.0977357
18760.0, 0.097729884
18770.0, 0.09772406
18780.0, 0.09771825
18790.0, 0.09771245
18800.0, 0.097706676
18810.0, 0.097700894
18820.0, 0.097695135
18830.0, 0.09768938
18840.0, 0.097683646
18850.0, 0.09767792
18860.0, 0.0976722
18870.0, 0.097666495
18880.0, 0.0976608
18890.0, 0.09765512
18900.0, 0.097649455
18910.0, 0.097643785
18920.0, 0.097638145
18930.0, 0.097632505
18940.0, 0.09762688
18950.0, 0.09762126
18960.0, 0.09761566
18970.0, 0.097610064
18980.0, 0.09760448
18990.0, 0.09759891
19000.0, 0.09759335
19010.0, 0.09758781
19020.0, 0.097582266
19030.0, 0.097576745
19040.0, 0.097571224
19050.0, 0.09756572
19060.0, 0.09756023
19070.0, 0.09755475
19080.0, 0.097549275
19090.0, 0.09754382
19100.0, 0.09753836
19110.0, 0.09753293
19120.0, 0.097527504
19130.0, 0.09752209
19140.0, 0.09751667
19150.0, 0.097511284
19160.0, 0.0975059
19170.0, 0.097500525
19180.0, 0.09749516
19190.0, 0.097489804
19200.0, 0.09748447
19210.0, 0.09747913
19220.0, 0.09747381
19230.0, 0.0974685
19240.0, 0.0974632
19250.0, 0.09745791
19260.0, 0.09745264
19270.0, 0.097447366
19280.0, 0.09744211
19290.0, 0.09743687
19300.0, 0.09743162
19310.0, 0.09742639
19320.0, 0.097421184
19330.0, 0.097415976
19340.0, 0.097410776
19350.0, 0.0974056
19360.0, 0.09740042
19370.0, 0.097395256
19380.0, 0.0973901
19390.0, 0.09738496
19400.0, 0.097379826
19410.0, 0.0973747
19420.0, 0.09736959
19430.0, 0.097364485
19440.0, 0.0973594
19450.0, 0.09735431
19460.0, 0.09734924
19470.0, 0.097344175
19480.0, 0.09733912
19490.0, 0.09733409
19500.0, 0.09732905
19510.0, 0.09732403
19520.0, 0.097319014
19530.0, 0.097314015
19540.0, 0.09730902
19550.0, 0.09730404
19560.0, 0.09729906
19570.0, 0.09729411
19580.0, 0.09728915
19590.0, 0.097284205
19600.0, 0.09727927
19610.0, 0.09727435
19620.0, 0.09726944
19630.0, 0.097264536
19640.0, 0.09725964
19650.0, 0.09725475
19660.0, 0.09724989
19670.0, 0.097245015
19680.0, 0.09724016
19690.0, 0.09723532
19700.0, 0.09723048
19710.0, 0.09722566
19720.0, 0.09722084
19730.0, 0.09721603
19740.0, 0.097211234
19750.0, 0.09720645
19760.0, 0.09720167
19770.0, 0.0971969
19780.0, 0.09719214
19790.0, 0.09718739
19800.0, 0.09718265
19810.0, 0.097177915
19820.0, 0.0971732
19830.0, 0.09716849
19840.0, 0.09716379
19850.0, 0.09715909
19860.0, 0.0971544
19870.0, 0.09714973
19880.0, 0.097145066
19890.0, 0.09714041
19900.0, 0.09713576
19910.0, 0.097131126
19920.0, 0.0971265
19930.0, 0.09712188
19940.0, 0.097117275
19950.0, 0.09711266
19960.0, 0.09710807
19970.0, 0.09710349
19980.0, 0.09709892
19990.0, 0.09709436
20000.0, 0.097089805
20010.0, 0.09708526
20020.0, 0.09708072
20030.0, 0.097076185
20040.0, 0.09707167
20050.0, 0.09706716
20060.0, 0.09706266
20070.0, 0.09705816
20080.0, 0.097053684
20090.0, 0.097049214
20100.0, 0.09704474
20110.0, 0.09704029
20120.0, 0.09703584
20130.0, 0.09703141
20140.0, 0.097026974
20150.0, 0.097022556
20160.0, 0.09701814
20170.0, 0.097013734
20180.0, 0.09700934
20190.0, 0.09700496
20200.0, 0.09700058
20210.0, 0.09699621
20220.0, 0.09699185
20230.0, 0.0969875
20240.0, 0.09698316
20250.0, 0.09697883
20260.0, 0.09697449
20270.0, 0.09697018
20280.0, 0.09696587
20290.0, 0.09696157
20300.0, 0.09695728
20310.0, 0.096953
20320.0, 0.09694873
20330.0, 0.09694446
20340.0, 0.096940205
20350.0, 0.09693596
20360.0, 0.09693171
20370.0, 0.09692749
20380.0, 0.09692326
20390.0, 0.09691905
20400.0, 0.09691484
20410.0, 0.09691064
20420.0, 0.09690646
20430.0, 0.09690227
20440.0, 0.09689811
20450.0, 0.096893944
20460.0, 0.09688979
20470.0, 0.09688564
20480.0, 0.096881494
20490.0, 0.09687737
20500.0, 0.09687324
20510.0, 0.096869126
20520.0, 0.09686501
20530.0, 0.09686092
20540.0, 0.09685683
20550.0, 0.09685275
20560.0, 0.096848674
20570.0, 0.096844606
20580.0, 0.09684055
20590.0, 0.0968365
20600.0, 0.09683246
20610.0, 0.09682842
20620.0, 0.09682439
20630.0, 0.09682038
20640.0, 0.09681637
20650.0, 0.09681237
20660.0, 0.096808374
20670.0, 0.096804395
20680.0, 0.09680042
20690.0, 0.09679644
20700.0, 0.096792474
20710.0, 0.096788526
20720.0, 0.09678458
20730.0, 0.09678064
20740.0, 0.09677672
20750.0, 0.09677279
20760.0, 0.09676887
20770.0, 0.09676497
20780.0, 0.09676107
20790.0, 0.09675717
20800.0, 0.0967533
20810.0, 0.09674942
20820.0, 0.09674554
20830.0, 0.09674169
20840.0, 0.09673783
20850.0, 0.09673399
20860.0, 0.09673016
20870.0, 0.09672632
20880.0, 0.096722506
20890.0, 0.09671869
20900.0, 0.096714884
20910.0, 0.09671108
20920.0, 0.09670729
20930.0, 0.0967035
20940.0, 0.09669973
20950.0, 0.09669596
20960.0, 0.09669219
20970.0, 0.09668844
20980.0, 0.096684694
20990.0, 0.09668096
21000.0, 0.09667723
21010.0, 0.0966735
21020.0, 0.09666978
21030.0, 0.096666075
21040.0, 0.09666237
21050.0, 0.09665868
21060.0, 0.09665499
21070.0, 0.09665131
21080.0, 0.096647635
21090.0, 0.09664397
21100.0, 0.09664031
21110.0, 0.09663666
21120.0, 0.09663302
21130.0, 0.09662938
21140.0, 0.096625745
21150.0, 0.096622124
21160.0, 0.09661851
21170.0, 0.09661491
21180.0, 0.096611306
21190.0, 0.096607715
21200.0, 0.09660413
21210.0, 0.096600555
21220.0, 0.09659698
21230.0, 0.09659341
21240.0, 0.096589856
21250.0, 0.09658631
21260.0, 0.096582755
21270.0, 0.09657923
21280.0, 0.0965757
21290.0, 0.09657217
21300.0, 0.09656866
21310.0, 0.09656515
21320.0, 0.09656165
21330.0, 0.09655815
21340.0, 0.096554674
21350.0, 0.09655119
21360.0, 0.096547715
21370.0, 0.09654425
21380.0, 0.09654079
21390.0, 0.09653734
21400.0, 0.096533895
21410.0, 0.096530445
21420.0, 0.09652702
21430.0, 0.09652359
21440.0, 0.09652017
21450.0, 0.096516766
21460.0, 0.09651335
21470.0, 0.09650996
21480.0, 0.09650657
21490.0, 0.09650318
21500.0, 0.09649981
21510.0, 0.09649644
21520.0, 0.09649307
21530.0, 0.09648971
21540.0, 0.09648637
21550.0, 0.09648302
21560.0, 0.09647968
21570.0, 0.09647635
21580.0, 0.09647303
21590.0, 0.09646971
21600.0, 0.0964664
21610.0, 0.09646309
21620.0, 0.0964598
21630.0, 0.096456505
21640.0, 0.09645322
21650.0, 0.09644994
21660.0, 0.09644667
21670.0, 0.09644341
21680.0, 0.096440144
21690.0, 0.096436895
21700.0, 0.09643365
21710.0, 0.096430406
21720.0, 0.09642717
21730.0, 0.09642395
21740.0, 0.096420735
21750.0, 0.09641752
21760.0, 0.09641431
21770.0, 0.09641111
21780.0, 0.09640792
21790.0, 0.09640473
21800.0, 0.09640154
21810.0, 0.09639837
21820.0, 0.0963952
21830.0, 0.096392035
21840.0, 0.09638889
21850.0, 0.09638574
21860.0, 0.09638259
21870.0, 0.09637946
21880.0, 0.09637632
21890.0, 0.0963732
21900.0, 0.09637008
21910.0, 0.096366964
21920.0, 0.09636386
21930.0, 0.09636076
21940.0, 0.09635767
21950.0, 0.096354574
21960.0, 0.0963515
21970.0, 0.09634842
21980.0, 0.09634536
21990.0, 0.09634229
22000.0, 0.09633923
22010.0, 0.09633618
22020.0, 0.09633313
22030.0, 0.09633009
22040.0, 0.09632706
22050.0, 0.09632404
22060.0, 0.096321024
22070.0, 0.096318
22080.0, 0.096315
22090.0, 0.096311994
22100.0, 0.09630899
22110.0, 0.09630601
22120.0, 0.096303016
22130.0, 0.09630004
22140.0, 0.09629706
22150.0, 0.0962941
22160.0, 0.09629114
22170.0, 0.09628819
22180.0, 0.09628523
22190.0, 0.096282296
22200.0, 0.09627935
22210.0, 0.096276425
22220.0, 0.0962735
22230.0, 0.096270576
22240.0, 0.096267655
22250.0, 0.09626476
22260.0, 0.096261844
22270.0, 0.09625895
22280.0, 0.09625606
22290.0, 0.09625318
22300.0, 0.0962503
22310.0, 0.09624743
22320.0, 0.09624455
22330.0, 0.0962417
22340.0, 0.09623884
22350.0, 0.09623599
22360.0, 0.096233144
22370.0, 0.0962303
22380.0, 0.096227475
22390.0, 0.09622464
22400.0, 0.09622182
22410.0, 0.096219
22420.0, 0.096216194
22430.0, 0.096213385
22440.0, 0.096210584
22450.0, 0.09620778
22460.0, 0.096205
22470.0, 0.09620222
22480.0, 0.096199445
22490.0, 0.09619667
22500.0, 0.0961939
22510.0, 0.09619114
22520.0, 0.09618839
22530.0, 0.09618563
22540.0, 0.09618289
22550.0, 0.09618015
22560.0, 0.096177414
22570.0, 0.09617469
22580.0, 0.09617196
22590.0, 0.09616925
22600.0, 0.096166536
22610.0, 0.09616383
22620.0, 0.09616113
22630.0, 0.09615843
22640.0, 0.09615574
22650.0, 0.09615305
22660.0, 0.096150376
22670.0, 0.0961477
22680.0, 0.096145034
22690.0, 0.09614237
22700.0, 0.096139714
22710.0, 0.096137054
22720.0, 0.09613441
22730.0, 0.09613177
22740.0, 0.09612913
22750.0, 0.0961265
22760.0, 0.096123874
22770.0, 0.096121244
22780.0, 0.09611864
22790.0, 0.09611602
22800.0, 0.09611341
22810.0, 0.096110806
22820.0, 0.09610821
22830.0, 0.09610563
22840.0, 0.09610304
22850.0, 0.096100464
22860.0, 0.09609789
22870.0, 0.096095316
22880.0, 0.09609275
22890.0, 0.09609019
22900.0, 0.096087635
22910.0, 0.09608509
22920.0, 0.096082546
22930.0, 0.096080005
22940.0, 0.09607747
22950.0, 0.09607494
22960.0, 0.09607242
22970.0, 0.0960699
22980.0, 0.096067384
22990.0, 0.09606487
23000.0, 0.09606237
23010.0, 0.096059866
23020.0, 0.09605737
23030.0, 0.09605489
23040.0, 0.0960524
23050.0, 0.09604993
23060.0, 0.09604745
23070.0, 0.09604498
23080.0, 0.09604252
23090.0, 0.096040055
23100.0, 0.096037604
23110.0, 0.09603515
23120.0, 0.09603271
23130.0, 0.096030265
23140.0, 0.096027836
23150.0, 0.09602541
23160.0, 0.09602298
23170.0, 0.09602056
23180.0, 0.096018136
23190.0, 0.09601573
23200.0, 0.09601332
23210.0, 0.09601092
23220.0, 0.096008524
23230.0, 0.09600614
23240.0, 0.09600375
23250.0, 0.096001364
23260.0, 0.095998995
23270.0, 0.09599662
23280.0, 0.09599424
23290.0, 0.09599189
23300.0, 0.095989525
23310.0, 0.09598717
23320.0, 0.095984824
23330.0, 0.09598248
23340.0, 0.095980145
23350.0, 0.095977806
23360.0, 0.09597548
23370.0, 0.09597315
23380.0, 0.09597083
23390.0, 0.095968515
23400.0, 0.0959662
23410.0, 0.095963895
23420.0, 0.095961586
23430.0, 0.09595929
23440.0, 0.095956996
23450.0, 0.09595471
23460.0, 0.09595243
23470.0, 0.09595015
23480.0, 0.09594788
23490.0, 0.095945604
23500.0, 0.09594333
23510.0, 0.09594107
23520.0, 0.09593882
23530.0, 0.09593656
23540.0, 0.09593432
23550.0, 0.095932074
23560.0, 0.09592983
23570.0, 0.095927596
23580.0, 0.09592537
23590.0, 0.09592314
23600.0, 0.09592092
23610.0, 0.0959187
23620.0, 0.09591649
23630.0, 0.09591428
23640.0, 0.095912084
23650.0, 0.09590987
23660.0, 0.09590769
23670.0, 0.0959055
23680.0, 0.09590331
23690.0, 0.09590112
23700.0, 0.09589895
23710.0, 0.09589677
23720.0, 0.0958946
23730.0, 0.09589244
23740.0, 0.095890276
23750.0, 0.09588813
23760.0, 0.09588598
23770.0, 0.095883824
23780.0, 0.095881686
23790.0, 0.09587954
23800.0, 0.09587741
23810.0, 0.09587528
23820.0, 0.095873155
23830.0, 0.095871024
23840.0, 0.095868915
23850.0, 0.0958668
23860.0, 0.09586469
23870.0, 0.09586259
23880.0, 0.09586048
23890.0, 0.09585839
23900.0, 0.0958563
23910.0, 0.095854215
23920.0, 0.09585213
23930.0, 0.09585005
23940.0, 0.09584797
23950.0, 0.09584589
23960.0, 0.09584384
23970.0, 0.095841765
23980.0, 0.09583971
23990.0, 0.09583765
24000.0, 0.095835604
24010.0, 0.09583356
24020.0, 0.09583151
24030.0, 0.09582948
24040.0, 0.09582744
24050.0, 0.09582541
24060.0, 0.095823385
24070.0, 0.095821366
24080.0, 0.09581935
24090.0, 0.09581733
24100.0, 0.095815316
24110.0, 0.09581331
24120.0, 0.09581131
24130.0, 0.09580931
24140.0, 0.095807314
24150.0, 0.09580533
24160.0, 0.09580334
24170.0, 0.09580136
24180.0, 0.09579939
24190.0, 0.095797405
24200.0, 0.09579543
24210.0, 0.09579346
24220.0, 0.09579151
24230.0, 0.095789544
24240.0, 0.09578759
24250.0, 0.09578564
24260.0, 0.09578369
24270.0, 0.09578175
24280.0, 0.095779814
24290.0, 0.09577788
24300.0, 0.09577595
24310.0, 0.09577402
24320.0, 0.09577209
24330.0, 0.095770165
24340.0, 0.09576826
24350.0, 0.09576634
24360.0, 0.095764436
24370.0, 0.095762536
24380.0, 0.095760636
24390.0, 0.09575873
24400.0, 0.095756836
24410.0, 0.095754944
24420.0, 0.095753066
24430.0, 0.09575118
24440.0, 0.095749296
24450.0, 0.095747426
24460.0, 0.09574556
24470.0, 0.095743686
24480.0, 0.09574182
24490.0, 0.09573997
24500.0, 0.09573811
24510.0, 0.09573626
24520.0, 0.09573441
24530.0, 0.09573256
24540.0, 0.09573072
24550.0, 0.09572888
24560.0, 0.095727056
24570.0, 0.095725216
24580.0, 0.09572339
24590.0, 0.09572157
24600.0, 0.095719755
24610.0, 0.09571794
24620.0, 0.095716126
24630.0, 0.095714316
24640.0, 0.09571251
24650.0, 0.09571071
24660.0, 0.095708914
24670.0, 0.09570712
24680.0, 0.09570533
24690.0, 0.09570354
24700.0, 0.09570176
24710.0, 0.09569998
24720.0, 0.09569821
24730.0, 0.09569643
24740.0, 0.09569466
24750.0, 0.09569289
24760.0, 0.09569113
24770.0, 0.09568938
24780.0, 0.09568762
24790.0, 0.09568587
24800.0, 0.09568412
24810.0, 0.09568237
24820.0, 0.09568064
24830.0, 0.095678896
24840.0, 0.09567716
24850.0, 0.09567543
24860.0, 0.09567371
24870.0, 0.09567198
24880.0, 0.09567025
24890.0, 0.09566854
24900.0, 0.09566683
24910.0, 0.09566512
24920.0, 0.095663406
24930.0, 0.095661715
24940.0, 0.09566001
24950.0, 0.09565832
24960.0, 0.09565662
24970.0, 0.09565493
24980.0, 0.09565324
24990.0, 0.09565156
25000.0, 0.09564988
25010.0, 0.09564821
25020.0, 0.09564654
25030.0, 0.09564486
25040.0, 0.09564319
25050.0, 0.09564153
25060.0, 0.09563988
25070.0, 0.095638216
25080.0, 0.09563656
25090.0, 0.09563491
25100.0, 0.09563327
25110.0, 0.09563163
25120.0, 0.09562998
25130.0, 0.09562835
25140.0, 0.09562672
25150.0, 0.09562509
25160.0, 0.09562346
25170.0, 0.09562184
25180.0, 0.095620215
25190.0, 0.0956186
25200.0, 0.09561699
25210.0, 0.09561537
25220.0, 0.09561377
25230.0, 0.09561216
25240.0, 0.09561056
25250.0, 0.095608965
25260.0, 0.09560736
25270.0, 0.095605776
25280.0, 0.095604196
25290.0, 0.09560261
25300.0, 0.09560102
25310.0, 0.09559944
25320.0, 0.09559786
25330.0, 0.0955963
25340.0, 0.09559473
25350.0, 0.09559316
25360.0, 0.09559159
25370.0, 0.09559003
25380.0, 0.095588475
25390.0, 0.095586926
25400.0, 0.095585376
25410.0, 0.09558383
25420.0, 0.09558228
25430.0, 0.09558074
25440.0, 0.09557921
25450.0, 0.095577665
25460.0, 0.09557614
25470.0, 0.0955746
25480.0, 0.09557308
25490.0, 0.09557156
25500.0, 0.09557004
25510.0, 0.095568515
25520.0, 0.095567
25530.0, 0.09556549
25540.0, 0.09556399
25550.0, 0.09556248
25560.0, 0.09556098
25570.0, 0.095559485
25580.0, 0.09555799
25590.0, 0.0955565
25600.0, 0.095555
25610.0, 0.09555352
25620.0, 0.095552035
25630.0, 0.09555056
25640.0, 0.09554907
25650.0, 0.095547594
25660.0, 0.09554613
25670.0, 0.09554465
25680.0, 0.09554319
25690.0, 0.09554173
25700.0, 0.09554026
25710.0, 0.09553881
25720.0, 0.09553735
25730.0, 0.095535904
25740.0, 0.09553446
25750.0, 0.09553301
25760.0, 0.09553156
25770.0, 0.09553012
25780.0, 0.095528685
25790.0, 0.095527254
25800.0, 0.095525816
25810.0, 0.09552439
25820.0, 0.09552297
25830.0, 0.09552154
25840.0, 0.095520124
25850.0, 0.09551871
25860.0, 0.09551729
25870.0, 0.095515884
25880.0, 0.09551447
25890.0, 0.09551307
25900.0, 0.09551166
25910.0, 0.09551026
25920.0, 0.095508866
25930.0, 0.095507465
25940.0, 0.09550607
25950.0, 0.09550469
25960.0, 0.0955033
25970.0, 0.095501915
25980.0, 0.095500536
25990.0, 0.09549916
26000.0, 0.09549779
26010.0, 0.095496416
26020.0, 0.09549504
26030.0, 0.095493674
26040.0, 0.09549231
26050.0, 0.09549095
26060.0, 0.095489584
26070.0, 0.09548823
26080.0, 0.09548687
26090.0, 0.09548553
26100.0, 0.095484175
26110.0, 0.095482826
26120.0, 0.09548149
26130.0, 0.095480144
26140.0, 0.09547881
26150.0, 0.09547748
26160.0, 0.09547615
26170.0, 0.09547481
26180.0, 0.09547349
26190.0, 0.095472164
26200.0, 0.09547084
26210.0, 0.09546952
26220.0, 0.0954682
26230.0, 0.0954669
26240.0, 0.095465586
26250.0, 0.09546428
26260.0, 0.09546297
26270.0, 0.09546166
26280.0, 0.09546036
26290.0, 0.09545907
26300.0, 0.09545777
26310.0, 0.09545647
26320.0, 0.095455185
26330.0, 0.0954539
26340.0, 0.095452614
26350.0, 0.09545133
26360.0, 0.09545005
26370.0, 0.09544877
26380.0, 0.0954475
26390.0, 0.09544623
26400.0, 0.095444955
26410.0, 0.09544369
26420.0, 0.09544242
26430.0, 0.09544116
26440.0, 0.095439896
26450.0, 0.095438644
26460.0, 0.09543739
26470.0, 0.09543614
26480.0, 0.09543489
26490.0, 0.095433645
26500.0, 0.0954324
26510.0, 0.09543116
26520.0, 0.09542991
26530.0, 0.09542868
26540.0, 0.095427446
26550.0, 0.09542621
26560.0, 0.09542498
26570.0, 0.09542375
26580.0, 0.09542253
26590.0, 0.0954213
26600.0, 0.095420085
26610.0, 0.09541887
26620.0, 0.095417656
26630.0, 0.09541644
26640.0, 0.095415235
26650.0, 0.09541403
26660.0, 0.09541282
26670.0, 0.09541161
26680.0, 0.095410414
26690.0, 0.09540921
26700.0, 0.09540802
26710.0, 0.09540682
26720.0, 0.09540564
26730.0, 0.095404446
26740.0, 0.09540326
26750.0, 0.09540207
26760.0, 0.09540089
26770.0, 0.095399715
26780.0, 0.09539854
26790.0, 0.09539736
26800.0, 0.09539619
26810.0, 0.09539502
26820.0, 0.09539385
26830.0, 0.09539269
26840.0, 0.09539152
26850.0, 0.09539036
26860.0, 0.0953892
26870.0, 0.09538805
26880.0, 0.0953869
26890.0, 0.09538574
26900.0, 0.0953846
26910.0, 0.09538344
26920.0, 0.0953823
26930.0, 0.09538116
26940.0, 0.09538002
26950.0, 0.095378876
26960.0, 0.09537774
26970.0, 0.09537662
26980.0, 0.095375486
26990.0, 0.09537435
27000.0, 0.09537323
27010.0, 0.0953721
27020.0, 0.09537098
27030.0, 0.09536986
27040.0, 0.09536874
27050.0, 0.09536763
27060.0, 0.095366515
27070.0, 0.095365405
27080.0, 0.095364295
27090.0, 0.09536319
27100.0, 0.09536209
27110.0, 0.09536099
27120.0, 0.09535988
27130.0, 0.09535879
27140.0, 0.095357694
27150.0, 0.0953566
27160.0, 0.09535551
27170.0, 0.09535442
27180.0, 0.095353335
27190.0, 0.095352255
27200.0, 0.09535117
27210.0, 0.09535009
27220.0, 0.095349014
27230.0, 0.09534793
27240.0, 0.09534686
27250.0, 0.09534579
27260.0, 0.095344715
27270.0, 0.09534365
27280.0, 0.09534259
27290.0, 0.09534152
27300.0, 0.09534046
27310.0, 0.0953394
27320.0, 0.095338345
27330.0, 0.09533729
27340.0, 0.09533624
27350.0, 0.09533519
27360.0, 0.09533414
27370.0, 0.09533309
27380.0, 0.09533206
27390.0, 0.095331006
27400.0, 0.09532996
27410.0, 0.095328934
27420.0, 0.0953279
27430.0, 0.09532686
27440.0, 0.09532583
27450.0, 0.09532481
27460.0, 0.09532377
27470.0, 0.09532274
27480.0, 0.09532172
27490.0, 0.0953207
27500.0, 0.09531968
27510.0, 0.09531867
27520.0, 0.09531765
27530.0, 0.09531663
27540.0, 0.09531563
27550.0, 0.095314614
27560.0, 0.09531361
27570.0, 0.09531261
27580.0, 0.095311604
27590.0, 0.095310606
27600.0, 0.0953096
27610.0, 0.09530861
27620.0, 0.0953076
27630.0, 0.09530661
27640.0, 0.09530563
27650.0, 0.09530464
27660.0, 0.095303655
27670.0, 0.095302664
27680.0, 0.09530168
27690.0, 0.0953007
27700.0, 0.09529971
27710.0, 0.09529874
27720.0, 0.09529777
27730.0, 0.09529679
27740.0, 0.095295824
27750.0, 0.09529485
27760.0, 0.09529389
27770.0, 0.09529292
27780.0, 0.09529196
27790.0, 0.09529099
27800.0, 0.095290035
27810.0, 0.09528908
27820.0, 0.09528812
27830.0, 0.09528717
27840.0, 0.09528621
27850.0, 0.09528526
27860.0, 0.09528431
27870.0, 0.09528337
27880.0, 0.09528242
27890.0, 0.095281474
27900.0, 0.095280536
27910.0, 0.0952796
27920.0, 0.095278665
27930.0, 0.09527773
27940.0, 0.095276795
27950.0, 0.09527586
27960.0, 0.09527493
27970.0, 0.095274
27980.0, 0.09527308
27990.0, 0.09527215
28000.0, 0.09527123
28010.0, 0.095270306
28020.0, 0.09526939
28030.0, 0.09526848
28040.0, 0.095267564
28050.0, 0.09526665
28060.0, 0.09526573
28070.0, 0.09526482
28080.0, 0.09526392
28090.0, 0.09526301
28100.0, 0.09526211
28110.0, 0.0952612
28120.0, 0.0952603
28130.0, 0.09525941
28140.0, 0.09525851
28150.0, 0.09525762
28160.0, 0.095256716
28170.0, 0.09525583
28180.0, 0.095254935
28190.0, 0.095254056
28200.0, 0.09525316
28210.0, 0.09525228
28220.0, 0.0952514
28230.0, 0.09525052
28240.0, 0.09524964
28250.0, 0.095248766
28260.0, 0.09524789
28270.0, 0.09524701
28280.0, 0.095246136
28290.0, 0.09524527
28300.0, 0.0952444
28310.0, 0.095243536
28320.0, 0.095242664
28330.0, 0.0952418
28340.0, 0.09524094
28350.0, 0.09524009
28360.0, 0.09523923
28370.0, 0.095238365
28380.0, 0.09523751
28390.0, 0.09523666
28400.0, 0.09523581
28410.0, 0.09523496
28420.0, 0.09523411
28430.0, 0.09523326
28440.0, 0.09523241
28450.0, 0.09523158
28460.0, 0.095230736
28470.0, 0.0952299
28480.0, 0.09522905
28490.0, 0.09522822
28500.0, 0.09522738
28510.0, 0.095226556
28520.0, 0.09522572
28530.0, 0.095224895
28540.0, 0.09522406
28550.0, 0.09522323
28560.0, 0.09522241
28570.0, 0.095221594
28580.0, 0.09522077
28590.0, 0.09521995
28600.0, 0.09521913
28610.0, 0.095218316
28620.0, 0.095217496
28630.0, 0.09521669
28640.0, 0.09521587
28650.0, 0.09521507
28660.0, 0.095214255
28670.0, 0.09521345
28680.0, 0.09521264
28690.0, 0.09521184
28700.0, 0.09521104
28710.0, 0.09521024
28720.0, 0.09520944
28730.0, 0.09520864
28740.0, 0.09520785
28750.0, 0.09520705
28760.0, 0.09520626
28770.0, 0.09520547
28780.0, 0.09520469
28790.0, 0.0952039
28800.0, 0.09520311
28810.0, 0.09520233
28820.0, 0.09520154
28830.0, 0.095200755
28840.0, 0.09519998
28850.0, 0.0951992
28860.0, 0.09519843
28870.0, 0.09519765
28880.0, 0.09519688
28890.0, 0.095196106
28900.0, 0.09519534
28910.0, 0.09519456
28920.0, 0.095193796
28930.0, 0.095193036
28940.0, 0.09519226
28950.0, 0.0951915
28960.0, 0.09519074
28970.0, 0.09518998
28980.0, 0.09518923
28990.0, 0.09518847
29000.0, 0.095187716
29010.0, 0.095186956
29020.0, 0.0951862
29030.0, 0.09518546
29040.0, 0.095184706
29050.0, 0.09518395
29060.0, 0.09518321
29070.0, 0.09518247
29080.0, 0.095181726
29090.0, 0.09518098
29100.0, 0.09518024
29110.0, 0.0951795
29120.0, 0.09517877
29130.0, 0.09517803
29140.0, 0.0951773
29150.0, 0.09517656
29160.0, 0.09517583
29170.0, 0.095175095
29180.0, 0.09517437
29190.0, 0.09517365
29200.0, 0.09517291
29210.0, 0.09517219
29220.0, 0.095171474
29230.0, 0.09517075
29240.0, 0.09517003
29250.0, 0.09516931
29260.0, 0.0951686
29270.0, 0.09516788
29280.0, 0.09516717
29290.0, 0.09516645
29300.0, 0.09516574
29310.0, 0.09516504
29320.0, 0.09516433
29330.0, 0.09516361
29340.0, 0.095162906
29350.0, 0.0951622
29360.0, 0.095161505
29370.0, 0.0951608
29380.0, 0.095160104
29390.0, 0.095159404
29400.0, 0.09515871
29410.0, 0.09515801
29420.0, 0.09515732
29430.0, 0.095156625
29440.0, 0.09515593
29450.0, 0.09515524
29460.0, 0.09515455
29470.0, 0.09515386
29480.0, 0.095153175
29490.0, 0.09515249
29500.0, 0.09515181
29510.0, 0.09515113
29520.0, 0.09515045
29530.0, 0.09514977
29540.0, 0.09514909
29550.0, 0.095148414
29560.0, 0.09514774
29570.0, 0.095147066
29580.0, 0.09514639
29590.0, 0.095145725
29600.0, 0.095145054
29610.0, 0.09514438
29620.0, 0.09514371
29630.0, 0.09514305
29640.0, 0.09514239
29650.0, 0.09514172
29660.0, 0.09514106
29670.0, 0.0951404
29680.0, 0.09513974
29690.0, 0.095139086
29700.0, 0.09513842
29710.0, 0.09513777
29720.0, 0.09513711
29730.0, 0.09513646
29740.0, 0.095135815
29750.0, 0.09513517
29760.0, 0.09513451
29770.0, 0.09513386
29780.0, 0.095133215
29790.0, 0.095132574
29800.0, 0.09513193
29810.0, 0.095131285
29820.0, 0.095130645
29830.0, 0.095130004
29840.0, 0.09512937
29850.0, 0.09512873
29860.0, 0.09512809
29870.0, 0.095127456
29880.0, 0.09512683
29890.0, 0.0951262
29900.0, 0.09512556
29910.0, 0.09512493
29920.0, 0.095124304
29930.0, 0.09512368
29940.0, 0.095123045
29950.0, 0.09512243
29960.0, 0.0951218
29970.0, 0.09512118
29980.0, 0.09512056
29990.0, 0.09511994
30000.0, 0.09511933
