Energy (in eV), backscattering yield of material osr2k-NASCAP at incidence 40.0 degree
   X,       Y
0.0, 0.58802754
10.0, 0.27334353
20.0, 0.12706323
30.0, 0.05906511
40.0, 0.02745631
50.0, 0.012763015
60.0, 0.037557676
70.0, 0.056674045
80.0, 0.07235838
90.0, 0.085576035
100.0, 0.096947774
110.0, 0.1068994
120.0, 0.115731075
130.0, 0.123659626
140.0, 0.13084552
150.0, 0.13741027
160.0, 0.14344797
170.0, 0.14903289
180.0, 0.15422462
190.0, 0.15907179
200.0, 0.1636145
210.0, 0.16788627
220.0, 0.17191541
230.0, 0.175726
240.0, 0.17933874
250.0, 0.18277153
260.0, 0.18603995
270.0, 0.1891577
280.0, 0.19213676
290.0, 0.19498782
300.0, 0.19772036
310.0, 0.20034285
320.0, 0.20286292
330.0, 0.20528738
340.0, 0.20762245
350.0, 0.2098737
360.0, 0.2120463
370.0, 0.21414486
380.0, 0.21617362
390.0, 0.21813652
400.0, 0.22003715
410.0, 0.22187877
420.0, 0.2236645
430.0, 0.22539714
440.0, 0.22707926
450.0, 0.22871335
460.0, 0.23030162
470.0, 0.23184621
480.0, 0.23334911
490.0, 0.23481213
500.0, 0.23623697
510.0, 0.23762527
520.0, 0.23897852
530.0, 0.2402982
540.0, 0.24158557
550.0, 0.24284194
560.0, 0.2440685
570.0, 0.24526636
580.0, 0.24643661
590.0, 0.2475802
600.0, 0.24869815
610.0, 0.24979132
620.0, 0.25086054
630.0, 0.25190672
640.0, 0.25293055
650.0, 0.2539328
660.0, 0.25491416
670.0, 0.2558753
680.0, 0.2568169
690.0, 0.25773945
700.0, 0.25864366
710.0, 0.25953004
720.0, 0.2603991
730.0, 0.26125136
740.0, 0.26208732
750.0, 0.26290742
760.0, 0.26371217
770.0, 0.26450187
780.0, 0.2652771
790.0, 0.26603812
800.0, 0.26678538
810.0, 0.26751924
820.0, 0.26823997
830.0, 0.26894805
840.0, 0.26964366
850.0, 0.27032727
860.0, 0.270999
870.0, 0.2716593
880.0, 0.27230838
890.0, 0.27294648
900.0, 0.27357394
910.0, 0.27419096
920.0, 0.27479777
930.0, 0.27539468
940.0, 0.2759818
950.0, 0.2765595
960.0, 0.27712786
970.0, 0.2776872
980.0, 0.2782376
990.0, 0.27877936
1000.0, 0.2793126
1010.0, 0.2791276
1020.0, 0.2789429
1030.0, 0.27875856
1040.0, 0.27857453
1050.0, 0.27839085
1060.0, 0.27820748
1070.0, 0.27802446
1080.0, 0.27784178
1090.0, 0.2776594
1100.0, 0.27747735
1110.0, 0.27729565
1120.0, 0.27711424
1130.0, 0.2769332
1140.0, 0.27675244
1150.0, 0.27657205
1160.0, 0.27639195
1170.0, 0.2762122
1180.0, 0.27603275
1190.0, 0.27585363
1200.0, 0.27567485
1210.0, 0.2754964
1220.0, 0.2753182
1230.0, 0.2751404
1240.0, 0.2749629
1250.0, 0.2747857
1260.0, 0.27460882
1270.0, 0.27443227
1280.0, 0.27425605
1290.0, 0.27408013
1300.0, 0.27390453
1310.0, 0.27372923
1320.0, 0.27355427
1330.0, 0.27337962
1340.0, 0.27320528
1350.0, 0.27303126
1360.0, 0.27285758
1370.0, 0.2726842
1380.0, 0.2725111
1390.0, 0.27233833
1400.0, 0.27216586
1410.0, 0.27199373
1420.0, 0.2718219
1430.0, 0.27165037
1440.0, 0.27147916
1450.0, 0.27130824
1460.0, 0.27113765
1470.0, 0.27096736
1480.0, 0.27079737
1490.0, 0.2706277
1500.0, 0.27045834
1510.0, 0.27028927
1520.0, 0.2701205
1530.0, 0.26995206
1540.0, 0.2697839
1550.0, 0.26961607
1560.0, 0.26944855
1570.0, 0.2692813
1580.0, 0.26911438
1590.0, 0.26894775
1600.0, 0.2687814
1610.0, 0.2686154
1620.0, 0.26844966
1630.0, 0.26828423
1640.0, 0.2681191
1650.0, 0.26795426
1660.0, 0.26778975
1670.0, 0.2676255
1680.0, 0.26746157
1690.0, 0.26729792
1700.0, 0.2671346
1710.0, 0.26697156
1720.0, 0.26680878
1730.0, 0.26664636
1740.0, 0.26648417
1750.0, 0.2663223
1760.0, 0.26616073
1770.0, 0.26599947
1780.0, 0.26583847
1790.0, 0.26567778
1800.0, 0.26551735
1810.0, 0.26535726
1820.0, 0.26519743
1830.0, 0.2650379
1840.0, 0.26487866
1850.0, 0.2647197
1860.0, 0.26456103
1870.0, 0.26440266
1880.0, 0.26424456
1890.0, 0.26408675
1900.0, 0.26392925
1910.0, 0.263772
1920.0, 0.26361504
1930.0, 0.2634584
1940.0, 0.26330203
1950.0, 0.26314592
1960.0, 0.26299012
1970.0, 0.26283458
1980.0, 0.26267934
1990.0, 0.2625244
2000.0, 0.2623697
2010.0, 0.26221532
2020.0, 0.2620612
2030.0, 0.26190737
2040.0, 0.26175383
2050.0, 0.26160052
2060.0, 0.26144755
2070.0, 0.2612948
2080.0, 0.26114237
2090.0, 0.2609902
2100.0, 0.26083833
2110.0, 0.2606867
2120.0, 0.2605354
2130.0, 0.26038432
2140.0, 0.26023352
2150.0, 0.26008302
2160.0, 0.2599328
2170.0, 0.25978282
2180.0, 0.25963315
2190.0, 0.25948372
2200.0, 0.2593346
2210.0, 0.25918573
2220.0, 0.2590371
2230.0, 0.25888878
2240.0, 0.25874072
2250.0, 0.25859293
2260.0, 0.2584454
2270.0, 0.2582982
2280.0, 0.25815117
2290.0, 0.2580045
2300.0, 0.25785804
2310.0, 0.25771186
2320.0, 0.25756595
2330.0, 0.2574203
2340.0, 0.25727493
2350.0, 0.25712982
2360.0, 0.25698498
2370.0, 0.25684038
2380.0, 0.25669605
2390.0, 0.256552
2400.0, 0.2564082
2410.0, 0.2562647
2420.0, 0.25612143
2430.0, 0.2559784
2440.0, 0.25583568
2450.0, 0.2556932
2460.0, 0.25555098
2470.0, 0.255409
2480.0, 0.2552673
2490.0, 0.25512585
2500.0, 0.25498468
2510.0, 0.25484374
2520.0, 0.25470307
2530.0, 0.25456265
2540.0, 0.2544225
2550.0, 0.2542826
2560.0, 0.25414297
2570.0, 0.25400358
2580.0, 0.25386444
2590.0, 0.25372556
2600.0, 0.25358695
2610.0, 0.25344858
2620.0, 0.25331044
2630.0, 0.2531726
2640.0, 0.25303498
2650.0, 0.25289765
2660.0, 0.25276053
2670.0, 0.25262368
2680.0, 0.25248706
2690.0, 0.25235072
2700.0, 0.2522146
2710.0, 0.25207874
2720.0, 0.25194314
2730.0, 0.2518078
2740.0, 0.2516727
2750.0, 0.25153783
2760.0, 0.2514032
2770.0, 0.25126886
2780.0, 0.25113475
2790.0, 0.25100085
2800.0, 0.25086725
2810.0, 0.25073385
2820.0, 0.25060073
2830.0, 0.25046784
2840.0, 0.2503352
2850.0, 0.25020278
2860.0, 0.25007063
2870.0, 0.2499387
2880.0, 0.24980703
2890.0, 0.24967559
2900.0, 0.2495444
2910.0, 0.24941345
2920.0, 0.24928273
2930.0, 0.24915227
2940.0, 0.24902204
2950.0, 0.24889204
2960.0, 0.24876231
2970.0, 0.24863279
2980.0, 0.2485035
2990.0, 0.24837448
3000.0, 0.24824567
3010.0, 0.24811712
3020.0, 0.24798879
3030.0, 0.24786068
3040.0, 0.24773285
3050.0, 0.24760522
3060.0, 0.24747783
3070.0, 0.24735068
3080.0, 0.24722376
3090.0, 0.24709709
3100.0, 0.24697064
3110.0, 0.24684443
3120.0, 0.24671844
3130.0, 0.24659269
3140.0, 0.24646717
3150.0, 0.24634188
3160.0, 0.24621683
3170.0, 0.246092
3180.0, 0.2459674
3190.0, 0.24584305
3200.0, 0.2457189
3210.0, 0.245595
3220.0, 0.24547131
3230.0, 0.24534786
3240.0, 0.24522464
3250.0, 0.24510165
3260.0, 0.24497887
3270.0, 0.24485633
3280.0, 0.24473402
3290.0, 0.24461192
3300.0, 0.24449006
3310.0, 0.24436842
3320.0, 0.244247
3330.0, 0.24412583
3340.0, 0.24400485
3350.0, 0.2438841
3360.0, 0.24376358
3370.0, 0.24364328
3380.0, 0.24352321
3390.0, 0.24340335
3400.0, 0.24328372
3410.0, 0.2431643
3420.0, 0.24304512
3430.0, 0.24292615
3440.0, 0.2428074
3450.0, 0.24268886
3460.0, 0.24257053
3470.0, 0.24245246
3480.0, 0.24233457
3490.0, 0.24221693
3500.0, 0.24209948
3510.0, 0.24198227
3520.0, 0.24186526
3530.0, 0.24174847
3540.0, 0.2416319
3550.0, 0.24151553
3560.0, 0.2413994
3570.0, 0.24128348
3580.0, 0.24116775
3590.0, 0.24105226
3600.0, 0.24093698
3610.0, 0.24082191
3620.0, 0.24070705
3630.0, 0.2405924
3640.0, 0.24047798
3650.0, 0.24036376
3660.0, 0.24024977
3670.0, 0.24013597
3680.0, 0.24002238
3690.0, 0.239909
3700.0, 0.23979583
3710.0, 0.23968288
3720.0, 0.23957013
3730.0, 0.23945759
3740.0, 0.23934527
3750.0, 0.23923315
3760.0, 0.23912123
3770.0, 0.23900953
3780.0, 0.23889804
3790.0, 0.23878676
3800.0, 0.23867567
3810.0, 0.23856479
3820.0, 0.23845412
3830.0, 0.23834367
3840.0, 0.2382334
3850.0, 0.23812334
3860.0, 0.2380135
3870.0, 0.23790385
3880.0, 0.2377944
3890.0, 0.23768516
3900.0, 0.23757613
3910.0, 0.23746729
3920.0, 0.23735866
3930.0, 0.23725024
3940.0, 0.237142
3950.0, 0.23703398
3960.0, 0.23692614
3970.0, 0.23681852
3980.0, 0.2367111
3990.0, 0.23660387
4000.0, 0.23649684
4010.0, 0.23639002
4020.0, 0.23628339
4030.0, 0.23617695
4040.0, 0.23607072
4050.0, 0.2359647
4060.0, 0.23585886
4070.0, 0.23575322
4080.0, 0.23564777
4090.0, 0.23554254
4100.0, 0.23543748
4110.0, 0.23533262
4120.0, 0.23522796
4130.0, 0.2351235
4140.0, 0.23501922
4150.0, 0.23491515
4160.0, 0.23481126
4170.0, 0.23470756
4180.0, 0.23460408
4190.0, 0.23450077
4200.0, 0.23439766
4210.0, 0.23429476
4220.0, 0.23419203
4230.0, 0.23408948
4240.0, 0.23398714
4250.0, 0.23388499
4260.0, 0.23378304
4270.0, 0.23368125
4280.0, 0.23357967
4290.0, 0.23347828
4300.0, 0.23337707
4310.0, 0.23327607
4320.0, 0.23317523
4330.0, 0.2330746
4340.0, 0.23297416
4350.0, 0.23287389
4360.0, 0.23277381
4370.0, 0.23267391
4380.0, 0.23257421
4390.0, 0.2324747
4400.0, 0.23237537
4410.0, 0.23227622
4420.0, 0.23217727
4430.0, 0.2320785
4440.0, 0.2319799
4450.0, 0.2318815
4460.0, 0.23178329
4470.0, 0.23168524
4480.0, 0.23158738
4490.0, 0.23148972
4500.0, 0.23139223
4510.0, 0.23129492
4520.0, 0.23119779
4530.0, 0.23110084
4540.0, 0.23100407
4550.0, 0.2309075
4560.0, 0.2308111
4570.0, 0.23071489
4580.0, 0.23061883
4590.0, 0.23052298
4600.0, 0.2304273
4610.0, 0.2303318
4620.0, 0.23023649
4630.0, 0.23014133
4640.0, 0.23004636
4650.0, 0.22995158
4660.0, 0.22985697
4670.0, 0.22976252
4680.0, 0.22966827
4690.0, 0.22957419
4700.0, 0.22948028
4710.0, 0.22938655
4720.0, 0.229293
4730.0, 0.22919962
4740.0, 0.22910643
4750.0, 0.2290134
4760.0, 0.22892053
4770.0, 0.22882785
4780.0, 0.22873534
4790.0, 0.22864303
4800.0, 0.22855085
4810.0, 0.22845887
4820.0, 0.22836706
4830.0, 0.22827542
4840.0, 0.22818394
4850.0, 0.22809266
4860.0, 0.22800152
4870.0, 0.22791056
4880.0, 0.22781979
4890.0, 0.22772916
4900.0, 0.22763872
4910.0, 0.22754845
4920.0, 0.22745833
4930.0, 0.2273684
4940.0, 0.22727863
4950.0, 0.22718903
4960.0, 0.22709961
4970.0, 0.22701034
4980.0, 0.22692125
4990.0, 0.22683232
5000.0, 0.22674355
5010.0, 0.22665496
5020.0, 0.22656652
5030.0, 0.22647826
5040.0, 0.22639017
5050.0, 0.22630225
5060.0, 0.22621447
5070.0, 0.2261269
5080.0, 0.22603944
5090.0, 0.22595218
5100.0, 0.22586507
5110.0, 0.22577812
5120.0, 0.22569135
5130.0, 0.22560473
5140.0, 0.22551827
5150.0, 0.225432
5160.0, 0.22534585
5170.0, 0.2252599
5180.0, 0.22517408
5190.0, 0.22508845
5200.0, 0.22500296
5210.0, 0.22491765
5220.0, 0.22483248
5230.0, 0.2247475
5240.0, 0.22466265
5250.0, 0.22457796
5260.0, 0.22449344
5270.0, 0.22440907
5280.0, 0.22432488
5290.0, 0.22424082
5300.0, 0.22415695
5310.0, 0.22407322
5320.0, 0.22398965
5330.0, 0.22390623
5340.0, 0.22382298
5350.0, 0.22373988
5360.0, 0.22365695
5370.0, 0.22357416
5380.0, 0.22349153
5390.0, 0.22340906
5400.0, 0.22332674
5410.0, 0.22324456
5420.0, 0.22316256
5430.0, 0.22308072
5440.0, 0.22299902
5450.0, 0.22291747
5460.0, 0.22283608
5470.0, 0.22275484
5480.0, 0.22267376
5490.0, 0.22259283
5500.0, 0.22251205
5510.0, 0.22243144
5520.0, 0.22235094
5530.0, 0.22227064
5540.0, 0.22219045
5550.0, 0.22211045
5560.0, 0.22203058
5570.0, 0.22195086
5580.0, 0.22187129
5590.0, 0.22179188
5600.0, 0.2217126
5610.0, 0.22163351
5620.0, 0.22155452
5630.0, 0.2214757
5640.0, 0.22139704
5650.0, 0.22131851
5660.0, 0.22124015
5670.0, 0.22116192
5680.0, 0.22108385
5690.0, 0.22100593
5700.0, 0.22092815
5710.0, 0.22085051
5720.0, 0.22077303
5730.0, 0.22069569
5740.0, 0.22061849
5750.0, 0.22054145
5760.0, 0.22046454
5770.0, 0.22038777
5780.0, 0.22031118
5790.0, 0.2202347
5800.0, 0.22015838
5810.0, 0.22008222
5820.0, 0.22000618
5830.0, 0.21993029
5840.0, 0.21985455
5850.0, 0.21977894
5860.0, 0.2197035
5870.0, 0.21962816
5880.0, 0.21955298
5890.0, 0.21947797
5900.0, 0.21940306
5910.0, 0.21932831
5920.0, 0.21925373
5930.0, 0.21917926
5940.0, 0.21910493
5950.0, 0.21903075
5960.0, 0.21895671
5970.0, 0.2188828
5980.0, 0.21880904
5990.0, 0.21873543
6000.0, 0.21866195
6010.0, 0.21858859
6020.0, 0.2185154
6030.0, 0.21844234
6040.0, 0.2183694
6050.0, 0.21829662
6060.0, 0.21822397
6070.0, 0.21815145
6080.0, 0.21807909
6090.0, 0.21800683
6100.0, 0.21793474
6110.0, 0.21786277
6120.0, 0.21779096
6130.0, 0.21771926
6140.0, 0.2176477
6150.0, 0.21757628
6160.0, 0.21750501
6170.0, 0.21743387
6180.0, 0.21736284
6190.0, 0.21729197
6200.0, 0.21722122
6210.0, 0.21715061
6220.0, 0.21708015
6230.0, 0.2170098
6240.0, 0.21693958
6250.0, 0.21686952
6260.0, 0.21679957
6270.0, 0.21672976
6280.0, 0.21666008
6290.0, 0.21659055
6300.0, 0.21652114
6310.0, 0.21645185
6320.0, 0.21638271
6330.0, 0.2163137
6340.0, 0.2162448
6350.0, 0.21617606
6360.0, 0.21610743
6370.0, 0.21603893
6380.0, 0.21597058
6390.0, 0.21590234
6400.0, 0.21583425
6410.0, 0.21576628
6420.0, 0.21569842
6430.0, 0.21563071
6440.0, 0.21556312
6450.0, 0.21549568
6460.0, 0.21542834
6470.0, 0.21536113
6480.0, 0.21529406
6490.0, 0.21522711
6500.0, 0.2151603
6510.0, 0.2150936
6520.0, 0.21502705
6530.0, 0.2149606
6540.0, 0.2148943
6550.0, 0.21482812
6560.0, 0.21476206
6570.0, 0.21469612
6580.0, 0.21463032
6590.0, 0.21456462
6600.0, 0.21449907
6610.0, 0.21443366
6620.0, 0.21436833
6630.0, 0.21430315
6640.0, 0.21423809
6650.0, 0.21417317
6660.0, 0.21410833
6670.0, 0.21404365
6680.0, 0.2139791
6690.0, 0.21391465
6700.0, 0.21385033
6710.0, 0.21378614
6720.0, 0.21372207
6730.0, 0.21365812
6740.0, 0.21359429
6750.0, 0.21353059
6760.0, 0.213467
6770.0, 0.21340354
6780.0, 0.2133402
6790.0, 0.21327695
6800.0, 0.21321386
6810.0, 0.21315089
6820.0, 0.21308802
6830.0, 0.21302529
6840.0, 0.21296266
6850.0, 0.21290016
6860.0, 0.21283779
6870.0, 0.2127755
6880.0, 0.21271338
6890.0, 0.21265134
6900.0, 0.21258943
6910.0, 0.21252765
6920.0, 0.21246597
6930.0, 0.2124044
6940.0, 0.21234298
6950.0, 0.21228166
6960.0, 0.21222045
6970.0, 0.21215937
6980.0, 0.2120984
6990.0, 0.21203755
7000.0, 0.21197681
7010.0, 0.21191621
7020.0, 0.2118557
7030.0, 0.2117953
7040.0, 0.21173504
7050.0, 0.21167488
7060.0, 0.21161483
7070.0, 0.2115549
7080.0, 0.2114951
7090.0, 0.21143539
7100.0, 0.2113758
7110.0, 0.21131633
7120.0, 0.21125698
7130.0, 0.21119775
7140.0, 0.2111386
7150.0, 0.2110796
7160.0, 0.21102068
7170.0, 0.2109619
7180.0, 0.21090321
7190.0, 0.21084464
7200.0, 0.2107862
7210.0, 0.21072784
7220.0, 0.21066962
7230.0, 0.2106115
7240.0, 0.2105535
7250.0, 0.21049559
7260.0, 0.2104378
7270.0, 0.21038012
7280.0, 0.21032257
7290.0, 0.2102651
7300.0, 0.21020776
7310.0, 0.21015052
7320.0, 0.2100934
7330.0, 0.21003638
7340.0, 0.20997949
7350.0, 0.20992269
7360.0, 0.209866
7370.0, 0.20980941
7380.0, 0.20975293
7390.0, 0.20969658
7400.0, 0.20964031
7410.0, 0.20958416
7420.0, 0.20952812
7430.0, 0.2094722
7440.0, 0.20941636
7450.0, 0.20936064
7460.0, 0.20930503
7470.0, 0.20924953
7480.0, 0.20919414
7490.0, 0.20913884
7500.0, 0.20908365
7510.0, 0.20902857
7520.0, 0.20897359
7530.0, 0.20891872
7540.0, 0.20886396
7550.0, 0.2088093
7560.0, 0.20875475
7570.0, 0.20870028
7580.0, 0.20864594
7590.0, 0.2085917
7600.0, 0.20853756
7610.0, 0.20848353
7620.0, 0.2084296
7630.0, 0.20837577
7640.0, 0.20832205
7650.0, 0.20826843
7660.0, 0.20821492
7670.0, 0.2081615
7680.0, 0.20810819
7690.0, 0.20805497
7700.0, 0.20800187
7710.0, 0.20794888
7720.0, 0.20789596
7730.0, 0.20784317
7740.0, 0.20779045
7750.0, 0.20773786
7760.0, 0.20768537
7770.0, 0.20763297
7780.0, 0.20758067
7790.0, 0.20752847
7800.0, 0.20747638
7810.0, 0.20742439
7820.0, 0.20737249
7830.0, 0.20732068
7840.0, 0.207269
7850.0, 0.20721738
7860.0, 0.2071659
7870.0, 0.2071145
7880.0, 0.20706318
7890.0, 0.207012
7900.0, 0.20696089
7910.0, 0.20690988
7920.0, 0.20685898
7930.0, 0.20680816
7940.0, 0.20675746
7950.0, 0.20670684
7960.0, 0.20665632
7970.0, 0.2066059
7980.0, 0.20655559
7990.0, 0.20650536
8000.0, 0.20645522
8010.0, 0.2064052
8020.0, 0.20635527
8030.0, 0.20630541
8040.0, 0.20625567
8050.0, 0.20620604
8060.0, 0.20615648
8070.0, 0.20610702
8080.0, 0.20605765
8090.0, 0.20600839
8100.0, 0.2059592
8110.0, 0.20591015
8120.0, 0.20586117
8130.0, 0.20581228
8140.0, 0.20576347
8150.0, 0.20571478
8160.0, 0.20566617
8170.0, 0.20561765
8180.0, 0.20556922
8190.0, 0.2055209
8200.0, 0.20547268
8210.0, 0.20542453
8220.0, 0.20537648
8230.0, 0.20532854
8240.0, 0.20528066
8250.0, 0.20523289
8260.0, 0.20518522
8270.0, 0.20513763
8280.0, 0.20509014
8290.0, 0.20504272
8300.0, 0.20499542
8310.0, 0.20494819
8320.0, 0.20490107
8330.0, 0.20485403
8340.0, 0.20480709
8350.0, 0.20476021
8360.0, 0.20471345
8370.0, 0.20466676
8380.0, 0.20462018
8390.0, 0.20457369
8400.0, 0.20452727
8410.0, 0.20448096
8420.0, 0.20443472
8430.0, 0.20438859
8440.0, 0.20434254
8450.0, 0.20429657
8460.0, 0.20425071
8470.0, 0.20420493
8480.0, 0.20415923
8490.0, 0.20411363
8500.0, 0.2040681
8510.0, 0.20402268
8520.0, 0.20397732
8530.0, 0.20393206
8540.0, 0.20388691
8550.0, 0.20384182
8560.0, 0.20379682
8570.0, 0.2037519
8580.0, 0.2037071
8590.0, 0.20366235
8600.0, 0.2036177
8610.0, 0.20357314
8620.0, 0.20352866
8630.0, 0.20348428
8640.0, 0.20343997
8650.0, 0.20339574
8660.0, 0.20335162
8670.0, 0.20330757
8680.0, 0.20326361
8690.0, 0.20321973
8700.0, 0.20317593
8710.0, 0.20313223
8720.0, 0.2030886
8730.0, 0.20304506
8740.0, 0.2030016
8750.0, 0.20295823
8760.0, 0.20291494
8770.0, 0.20287174
8780.0, 0.20282862
8790.0, 0.20278558
8800.0, 0.20274262
8810.0, 0.20269975
8820.0, 0.20265697
8830.0, 0.20261426
8840.0, 0.20257163
8850.0, 0.20252909
8860.0, 0.20248663
8870.0, 0.20244426
8880.0, 0.20240197
8890.0, 0.20235975
8900.0, 0.20231761
8910.0, 0.20227557
8920.0, 0.2022336
8930.0, 0.20219173
8940.0, 0.20214991
8950.0, 0.20210819
8960.0, 0.20206654
8970.0, 0.20202497
8980.0, 0.2019835
8990.0, 0.20194209
9000.0, 0.20190077
9010.0, 0.20185952
9020.0, 0.20181836
9030.0, 0.20177728
9040.0, 0.20173627
9050.0, 0.20169535
9060.0, 0.20165451
9070.0, 0.20161374
9080.0, 0.20157306
9090.0, 0.20153244
9100.0, 0.2014919
9110.0, 0.20145147
9120.0, 0.20141108
9130.0, 0.20137079
9140.0, 0.20133057
9150.0, 0.20129044
9160.0, 0.20125037
9170.0, 0.2012104
9180.0, 0.20117049
9190.0, 0.20113066
9200.0, 0.2010909
9210.0, 0.20105124
9220.0, 0.20101164
9230.0, 0.20097212
9240.0, 0.20093267
9250.0, 0.2008933
9260.0, 0.20085402
9270.0, 0.2008148
9280.0, 0.20077567
9290.0, 0.2007366
9300.0, 0.2006976
9310.0, 0.2006587
9320.0, 0.20061986
9330.0, 0.20058109
9340.0, 0.20054242
9350.0, 0.2005038
9360.0, 0.20046526
9370.0, 0.2004268
9380.0, 0.20038842
9390.0, 0.2003501
9400.0, 0.20031187
9410.0, 0.2002737
9420.0, 0.20023562
9430.0, 0.20019759
9440.0, 0.20015965
9450.0, 0.20012179
9460.0, 0.20008399
9470.0, 0.20004627
9480.0, 0.20000863
9490.0, 0.19997105
9500.0, 0.19993354
9510.0, 0.19989611
9520.0, 0.19985875
9530.0, 0.19982147
9540.0, 0.19978426
9550.0, 0.19974712
9560.0, 0.19971006
9570.0, 0.19967306
9580.0, 0.19963613
9590.0, 0.19959928
9600.0, 0.1995625
9610.0, 0.19952579
9620.0, 0.19948915
9630.0, 0.19945258
9640.0, 0.19941609
9650.0, 0.19937967
9660.0, 0.19934331
9670.0, 0.19930702
9680.0, 0.19927081
9690.0, 0.19923466
9700.0, 0.19919859
9710.0, 0.19916259
9720.0, 0.19912666
9730.0, 0.1990908
9740.0, 0.199055
9750.0, 0.19901928
9760.0, 0.19898362
9770.0, 0.19894804
9780.0, 0.19891253
9790.0, 0.19887708
9800.0, 0.19884169
9810.0, 0.19880639
9820.0, 0.19877115
9830.0, 0.19873598
9840.0, 0.19870088
9850.0, 0.19866584
9860.0, 0.19863087
9870.0, 0.19859597
9880.0, 0.19856115
9890.0, 0.19852638
9900.0, 0.19849169
9910.0, 0.19845706
9920.0, 0.19842249
9930.0, 0.198388
9940.0, 0.19835357
9950.0, 0.19831921
9960.0, 0.19828492
9970.0, 0.1982507
9980.0, 0.19821653
9990.0, 0.19818245
10000.0, 0.19814841
10010.0, 0.19811445
10020.0, 0.19808055
10030.0, 0.19804673
10040.0, 0.19801296
10050.0, 0.19797927
10060.0, 0.19794564
10070.0, 0.19791207
10080.0, 0.19787857
10090.0, 0.19784515
10100.0, 0.19781177
10110.0, 0.19777846
10120.0, 0.19774522
10130.0, 0.19771205
10140.0, 0.19767894
10150.0, 0.19764589
10160.0, 0.1976129
10170.0, 0.19757998
10180.0, 0.19754712
10190.0, 0.19751434
10200.0, 0.19748162
10210.0, 0.19744895
10220.0, 0.19741635
10230.0, 0.1973838
10240.0, 0.19735134
10250.0, 0.19731894
10260.0, 0.19728659
10270.0, 0.19725432
10280.0, 0.19722208
10290.0, 0.19718994
10300.0, 0.19715784
10310.0, 0.1971258
10320.0, 0.19709383
10330.0, 0.19706193
10340.0, 0.19703008
10350.0, 0.1969983
10360.0, 0.19696659
10370.0, 0.19693491
10380.0, 0.19690332
10390.0, 0.19687179
10400.0, 0.1968403
10410.0, 0.19680889
10420.0, 0.19677755
10430.0, 0.19674626
10440.0, 0.19671503
10450.0, 0.19668385
10460.0, 0.19665274
10470.0, 0.1966217
10480.0, 0.1965907
10490.0, 0.19655979
10500.0, 0.19652893
10510.0, 0.19649811
10520.0, 0.19646737
10530.0, 0.19643669
10540.0, 0.19640607
10550.0, 0.19637549
10560.0, 0.19634499
10570.0, 0.19631454
10580.0, 0.19628415
10590.0, 0.19625382
10600.0, 0.19622356
10610.0, 0.19619334
10620.0, 0.19616319
10630.0, 0.1961331
10640.0, 0.19610307
10650.0, 0.1960731
10660.0, 0.19604318
10670.0, 0.19601332
10680.0, 0.19598351
10690.0, 0.19595377
10700.0, 0.19592409
10710.0, 0.19589446
10720.0, 0.1958649
10730.0, 0.19583538
10740.0, 0.19580592
10750.0, 0.19577654
10760.0, 0.1957472
10770.0, 0.19571792
10780.0, 0.1956887
10790.0, 0.19565953
10800.0, 0.19563042
10810.0, 0.19560137
10820.0, 0.19557238
10830.0, 0.19554344
10840.0, 0.19551456
10850.0, 0.19548573
10860.0, 0.19545695
10870.0, 0.19542824
10880.0, 0.19539958
10890.0, 0.19537099
10900.0, 0.19534244
10910.0, 0.19531395
10920.0, 0.19528551
10930.0, 0.19525713
10940.0, 0.19522882
10950.0, 0.19520055
10960.0, 0.19517232
10970.0, 0.19514416
10980.0, 0.19511607
10990.0, 0.19508803
11000.0, 0.19506003
11010.0, 0.19503209
11020.0, 0.19500421
11030.0, 0.19497637
11040.0, 0.1949486
11050.0, 0.19492088
11060.0, 0.19489321
11070.0, 0.1948656
11080.0, 0.19483805
11090.0, 0.19481054
11100.0, 0.19478309
11110.0, 0.19475569
11120.0, 0.19472834
11130.0, 0.19470106
11140.0, 0.19467382
11150.0, 0.19464664
11160.0, 0.1946195
11170.0, 0.19459243
11180.0, 0.1945654
11190.0, 0.19453843
11200.0, 0.19451152
11210.0, 0.19448465
11220.0, 0.19445783
11230.0, 0.19443108
11240.0, 0.19440436
11250.0, 0.1943777
11260.0, 0.1943511
11270.0, 0.19432455
11280.0, 0.19429806
11290.0, 0.19427161
11300.0, 0.1942452
11310.0, 0.19421887
11320.0, 0.19419257
11330.0, 0.19416633
11340.0, 0.19414014
11350.0, 0.194114
11360.0, 0.19408792
11370.0, 0.19406188
11380.0, 0.19403589
11390.0, 0.19400994
11400.0, 0.19398408
11410.0, 0.19395824
11420.0, 0.19393246
11430.0, 0.19390672
11440.0, 0.19388103
11450.0, 0.1938554
11460.0, 0.19382982
11470.0, 0.1938043
11480.0, 0.19377881
11490.0, 0.19375338
11500.0, 0.193728
11510.0, 0.19370265
11520.0, 0.19367738
11530.0, 0.19365214
11540.0, 0.19362697
11550.0, 0.19360183
11560.0, 0.19357675
11570.0, 0.1935517
11580.0, 0.19352672
11590.0, 0.19350179
11600.0, 0.19347689
11610.0, 0.19345205
11620.0, 0.19342726
11630.0, 0.19340251
11640.0, 0.19337782
11650.0, 0.19335318
11660.0, 0.19332857
11670.0, 0.19330403
11680.0, 0.19327952
11690.0, 0.19325507
11700.0, 0.19323066
11710.0, 0.19320631
11720.0, 0.19318199
11730.0, 0.19315773
11740.0, 0.19313352
11750.0, 0.19310935
11760.0, 0.19308522
11770.0, 0.19306116
11780.0, 0.19303714
11790.0, 0.19301315
11800.0, 0.19298922
11810.0, 0.19296533
11820.0, 0.19294149
11830.0, 0.1929177
11840.0, 0.19289397
11850.0, 0.19287026
11860.0, 0.19284661
11870.0, 0.19282301
11880.0, 0.19279945
11890.0, 0.19277593
11900.0, 0.19275247
11910.0, 0.19272904
11920.0, 0.19270568
11930.0, 0.19268234
11940.0, 0.19265907
11950.0, 0.19263582
11960.0, 0.19261262
11970.0, 0.19258948
11980.0, 0.19256638
11990.0, 0.19254333
12000.0, 0.1925203
12010.0, 0.19249734
12020.0, 0.19247442
12030.0, 0.19245155
12040.0, 0.19242871
12050.0, 0.19240594
12060.0, 0.1923832
12070.0, 0.19236049
12080.0, 0.19233784
12090.0, 0.19231524
12100.0, 0.19229268
12110.0, 0.19227016
12120.0, 0.19224767
12130.0, 0.19222525
12140.0, 0.19220287
12150.0, 0.19218051
12160.0, 0.19215822
12170.0, 0.19213596
12180.0, 0.19211376
12190.0, 0.19209158
12200.0, 0.19206947
12210.0, 0.19204737
12220.0, 0.19202535
12230.0, 0.19200335
12240.0, 0.19198139
12250.0, 0.19195949
12260.0, 0.19193763
12270.0, 0.19191581
12280.0, 0.19189402
12290.0, 0.19187228
12300.0, 0.19185059
12310.0, 0.19182894
12320.0, 0.19180733
12330.0, 0.19178577
12340.0, 0.19176424
12350.0, 0.19174276
12360.0, 0.19172132
12370.0, 0.19169992
12380.0, 0.19167857
12390.0, 0.19165726
12400.0, 0.19163598
12410.0, 0.19161475
12420.0, 0.19159357
12430.0, 0.19157241
12440.0, 0.19155131
12450.0, 0.19153026
12460.0, 0.19150923
12470.0, 0.19148825
12480.0, 0.19146731
12490.0, 0.19144641
12500.0, 0.19142556
12510.0, 0.19140474
12520.0, 0.19138397
12530.0, 0.19136323
12540.0, 0.19134253
12550.0, 0.19132188
12560.0, 0.19130127
12570.0, 0.1912807
12580.0, 0.19126016
12590.0, 0.19123967
12600.0, 0.19121923
12610.0, 0.19119881
12620.0, 0.19117844
12630.0, 0.19115812
12640.0, 0.19113782
12650.0, 0.19111757
12660.0, 0.19109736
12670.0, 0.19107719
12680.0, 0.19105706
12690.0, 0.19103697
12700.0, 0.19101691
12710.0, 0.1909969
12720.0, 0.19097693
12730.0, 0.19095698
12740.0, 0.19093709
12750.0, 0.19091724
12760.0, 0.19089742
12770.0, 0.19087765
12780.0, 0.1908579
12790.0, 0.1908382
12800.0, 0.19081853
12810.0, 0.19079892
12820.0, 0.19077933
12830.0, 0.19075978
12840.0, 0.19074029
12850.0, 0.19072081
12860.0, 0.19070138
12870.0, 0.190682
12880.0, 0.19066264
12890.0, 0.19064331
12900.0, 0.19062404
12910.0, 0.19060479
12920.0, 0.1905856
12930.0, 0.19056644
12940.0, 0.1905473
12950.0, 0.19052821
12960.0, 0.19050917
12970.0, 0.19049014
12980.0, 0.19047117
12990.0, 0.19045223
13000.0, 0.19043334
13010.0, 0.19041446
13020.0, 0.19039564
13030.0, 0.19037685
13040.0, 0.19035809
13050.0, 0.19033937
13060.0, 0.1903207
13070.0, 0.19030206
13080.0, 0.19028343
13090.0, 0.19026487
13100.0, 0.19024634
13110.0, 0.19022785
13120.0, 0.19020937
13130.0, 0.19019096
13140.0, 0.19017257
13150.0, 0.19015421
13160.0, 0.1901359
13170.0, 0.19011761
13180.0, 0.19009937
13190.0, 0.19008116
13200.0, 0.190063
13210.0, 0.19004487
13220.0, 0.19002676
13230.0, 0.1900087
13240.0, 0.18999067
13250.0, 0.18997267
13260.0, 0.18995471
13270.0, 0.18993679
13280.0, 0.1899189
13290.0, 0.18990105
13300.0, 0.18988323
13310.0, 0.18986546
13320.0, 0.18984771
13330.0, 0.18982999
13340.0, 0.18981232
13350.0, 0.18979467
13360.0, 0.18977706
13370.0, 0.1897595
13380.0, 0.18974195
13390.0, 0.18972445
13400.0, 0.18970698
13410.0, 0.18968955
13420.0, 0.18967214
13430.0, 0.18965478
13440.0, 0.18963744
13450.0, 0.18962014
13460.0, 0.18960288
13470.0, 0.18958566
13480.0, 0.18956846
13490.0, 0.1895513
13500.0, 0.18953417
13510.0, 0.18951707
13520.0, 0.1895
13530.0, 0.18948299
13540.0, 0.18946598
13550.0, 0.18944903
13560.0, 0.1894321
13570.0, 0.1894152
13580.0, 0.18939835
13590.0, 0.18938152
13600.0, 0.18936473
13610.0, 0.18934797
13620.0, 0.18933123
13630.0, 0.18931454
13640.0, 0.18929788
13650.0, 0.18928126
13660.0, 0.18926466
13670.0, 0.1892481
13680.0, 0.18923156
13690.0, 0.18921506
13700.0, 0.1891986
13710.0, 0.18918216
13720.0, 0.18916576
13730.0, 0.1891494
13740.0, 0.18913306
13750.0, 0.18911676
13760.0, 0.18910047
13770.0, 0.18908425
13780.0, 0.18906803
13790.0, 0.18905185
13800.0, 0.18903571
13810.0, 0.1890196
13820.0, 0.18900353
13830.0, 0.18898748
13840.0, 0.18897146
13850.0, 0.18895547
13860.0, 0.18893951
13870.0, 0.1889236
13880.0, 0.18890771
13890.0, 0.18889184
13900.0, 0.18887602
13910.0, 0.18886022
13920.0, 0.18884446
13930.0, 0.18882872
13940.0, 0.18881302
13950.0, 0.18879734
13960.0, 0.1887817
13970.0, 0.18876609
13980.0, 0.1887505
13990.0, 0.18873495
14000.0, 0.18871944
14010.0, 0.18870395
14020.0, 0.18868849
14030.0, 0.18867306
14040.0, 0.18865767
14050.0, 0.18864231
14060.0, 0.18862697
14070.0, 0.18861167
14080.0, 0.18859638
14090.0, 0.18858114
14100.0, 0.18856592
14110.0, 0.18855074
14120.0, 0.18853559
14130.0, 0.18852046
14140.0, 0.18850537
14150.0, 0.1884903
14160.0, 0.18847527
14170.0, 0.18846026
14180.0, 0.18844528
14190.0, 0.18843034
14200.0, 0.18841542
14210.0, 0.18840052
14220.0, 0.18838567
14230.0, 0.18837084
14240.0, 0.18835604
14250.0, 0.18834126
14260.0, 0.18832652
14270.0, 0.18831182
14280.0, 0.18829714
14290.0, 0.18828247
14300.0, 0.18826784
14310.0, 0.18825325
14320.0, 0.18823868
14330.0, 0.18822415
14340.0, 0.18820962
14350.0, 0.18819515
14360.0, 0.1881807
14370.0, 0.18816628
14380.0, 0.18815187
14390.0, 0.1881375
14400.0, 0.18812317
14410.0, 0.18810886
14420.0, 0.18809457
14430.0, 0.18808033
14440.0, 0.1880661
14450.0, 0.1880519
14460.0, 0.18803772
14470.0, 0.18802358
14480.0, 0.18800947
14490.0, 0.18799537
14500.0, 0.18798132
14510.0, 0.18796729
14520.0, 0.1879533
14530.0, 0.18793932
14540.0, 0.18792535
14550.0, 0.18791144
14560.0, 0.18789755
14570.0, 0.18788369
14580.0, 0.18786985
14590.0, 0.18785603
14600.0, 0.18784225
14610.0, 0.1878285
14620.0, 0.18781477
14630.0, 0.18780106
14640.0, 0.18778738
14650.0, 0.18777373
14660.0, 0.18776013
14670.0, 0.18774652
14680.0, 0.18773295
14690.0, 0.18771942
14700.0, 0.1877059
14710.0, 0.18769242
14720.0, 0.18767896
14730.0, 0.18766552
14740.0, 0.18765213
14750.0, 0.18763873
14760.0, 0.18762538
14770.0, 0.18761206
14780.0, 0.18759875
14790.0, 0.18758547
14800.0, 0.18757223
14810.0, 0.18755901
14820.0, 0.1875458
14830.0, 0.18753263
14840.0, 0.18751949
14850.0, 0.18750638
14860.0, 0.18749328
14870.0, 0.18748021
14880.0, 0.18746717
14890.0, 0.18745416
14900.0, 0.18744117
14910.0, 0.1874282
14920.0, 0.18741527
14930.0, 0.18740235
14940.0, 0.18738946
14950.0, 0.1873766
14960.0, 0.18736377
14970.0, 0.18735096
14980.0, 0.18733817
14990.0, 0.18732542
15000.0, 0.18731268
15010.0, 0.18729997
15020.0, 0.18728729
15030.0, 0.18727462
15040.0, 0.187262
15050.0, 0.18724938
15060.0, 0.1872368
15070.0, 0.18722424
15080.0, 0.1872117
15090.0, 0.18719919
15100.0, 0.1871867
15110.0, 0.18717425
15120.0, 0.18716182
15130.0, 0.1871494
15140.0, 0.18713701
15150.0, 0.18712465
15160.0, 0.18711232
15170.0, 0.1871
15180.0, 0.18708771
15190.0, 0.18707545
15200.0, 0.18706322
15210.0, 0.187051
15220.0, 0.1870388
15230.0, 0.18702663
15240.0, 0.18701449
15250.0, 0.18700236
15260.0, 0.18699026
15270.0, 0.1869782
15280.0, 0.18696615
15290.0, 0.18695413
15300.0, 0.18694213
15310.0, 0.18693015
15320.0, 0.1869182
15330.0, 0.18690626
15340.0, 0.18689436
15350.0, 0.18688248
15360.0, 0.18687062
15370.0, 0.18685879
15380.0, 0.18684697
15390.0, 0.18683518
15400.0, 0.18682341
15410.0, 0.18681169
15420.0, 0.18679996
15430.0, 0.18678826
15440.0, 0.1867766
15450.0, 0.18676494
15460.0, 0.18675332
15470.0, 0.18674171
15480.0, 0.18673013
15490.0, 0.18671857
15500.0, 0.18670705
15510.0, 0.18669553
15520.0, 0.18668404
15530.0, 0.18667258
15540.0, 0.18666112
15550.0, 0.18664971
15560.0, 0.18663831
15570.0, 0.18662694
15580.0, 0.18661557
15590.0, 0.18660426
15600.0, 0.18659294
15610.0, 0.18658166
15620.0, 0.18657039
15630.0, 0.18655916
15640.0, 0.18654794
15650.0, 0.18653674
15660.0, 0.18652557
15670.0, 0.18651442
15680.0, 0.18650328
15690.0, 0.18649217
15700.0, 0.18648109
15710.0, 0.18647003
15720.0, 0.18645898
15730.0, 0.18644796
15740.0, 0.18643697
15750.0, 0.18642598
15760.0, 0.18641503
15770.0, 0.1864041
15780.0, 0.18639319
15790.0, 0.1863823
15800.0, 0.18637142
15810.0, 0.18636058
15820.0, 0.18634975
15830.0, 0.18633895
15840.0, 0.18632817
15850.0, 0.1863174
15860.0, 0.18630667
15870.0, 0.18629594
15880.0, 0.18628524
15890.0, 0.18627457
15900.0, 0.18626392
15910.0, 0.18625328
15920.0, 0.18624267
15930.0, 0.18623208
15940.0, 0.1862215
15950.0, 0.18621096
15960.0, 0.18620043
15970.0, 0.18618992
15980.0, 0.18617943
15990.0, 0.18616897
16000.0, 0.18615852
16010.0, 0.18614809
16020.0, 0.18613769
16030.0, 0.1861273
16040.0, 0.18611693
16050.0, 0.18610659
16060.0, 0.18609628
16070.0, 0.18608597
16080.0, 0.18607569
16090.0, 0.18606544
16100.0, 0.18605518
16110.0, 0.18604496
16120.0, 0.18603477
16130.0, 0.18602458
16140.0, 0.18601443
16150.0, 0.18600428
16160.0, 0.18599416
16170.0, 0.18598406
16180.0, 0.18597399
16190.0, 0.18596393
16200.0, 0.18595389
16210.0, 0.18594386
16220.0, 0.18593386
16230.0, 0.18592389
16240.0, 0.18591392
16250.0, 0.18590398
16260.0, 0.18589406
16270.0, 0.18588416
16280.0, 0.18587428
16290.0, 0.18586442
16300.0, 0.18585457
16310.0, 0.18584475
16320.0, 0.18583494
16330.0, 0.18582517
16340.0, 0.1858154
16350.0, 0.18580565
16360.0, 0.18579593
16370.0, 0.18578622
16380.0, 0.18577653
16390.0, 0.18576686
16400.0, 0.1857572
16410.0, 0.18574758
16420.0, 0.18573797
16430.0, 0.18572837
16440.0, 0.1857188
16450.0, 0.18570925
16460.0, 0.18569972
16470.0, 0.1856902
16480.0, 0.1856807
16490.0, 0.18567123
16500.0, 0.18566176
16510.0, 0.18565233
16520.0, 0.1856429
16530.0, 0.1856335
16540.0, 0.18562412
16550.0, 0.18561475
16560.0, 0.18560539
16570.0, 0.18559608
16580.0, 0.18558675
16590.0, 0.18557747
16600.0, 0.1855682
16610.0, 0.18555893
16620.0, 0.1855497
16630.0, 0.18554048
16640.0, 0.18553127
16650.0, 0.1855221
16660.0, 0.18551295
16670.0, 0.1855038
16680.0, 0.18549466
16690.0, 0.18548556
16700.0, 0.18547645
16710.0, 0.18546739
16720.0, 0.18545833
16730.0, 0.18544929
16740.0, 0.18544027
16750.0, 0.18543127
16760.0, 0.18542229
16770.0, 0.18541332
16780.0, 0.18540438
16790.0, 0.18539545
16800.0, 0.18538652
16810.0, 0.18537764
16820.0, 0.18536876
16830.0, 0.1853599
16840.0, 0.18535106
16850.0, 0.18534222
16860.0, 0.18533342
16870.0, 0.18532464
16880.0, 0.18531586
16890.0, 0.18530712
16900.0, 0.18529837
16910.0, 0.18528965
16920.0, 0.18528095
16930.0, 0.18527226
16940.0, 0.18526359
16950.0, 0.18525495
16960.0, 0.1852463
16970.0, 0.18523769
16980.0, 0.18522908
16990.0, 0.18522051
17000.0, 0.18521194
17010.0, 0.18520339
17020.0, 0.18519486
17030.0, 0.18518634
17040.0, 0.18517785
17050.0, 0.18516937
17060.0, 0.1851609
17070.0, 0.18515246
17080.0, 0.18514402
17090.0, 0.1851356
17100.0, 0.1851272
17110.0, 0.18511882
17120.0, 0.18511046
17130.0, 0.18510212
17140.0, 0.18509379
17150.0, 0.18508548
17160.0, 0.18507718
17170.0, 0.18506889
17180.0, 0.18506062
17190.0, 0.18505238
17200.0, 0.18504414
17210.0, 0.18503593
17220.0, 0.18502772
17230.0, 0.18501955
17240.0, 0.18501137
17250.0, 0.18500322
17260.0, 0.1849951
17270.0, 0.18498696
17280.0, 0.18497887
17290.0, 0.18497078
17300.0, 0.18496272
17310.0, 0.18495466
17320.0, 0.18494663
17330.0, 0.1849386
17340.0, 0.1849306
17350.0, 0.1849226
17360.0, 0.18491463
17370.0, 0.18490666
17380.0, 0.18489872
17390.0, 0.18489079
17400.0, 0.1848829
17410.0, 0.18487498
17420.0, 0.18486711
17430.0, 0.18485925
17440.0, 0.1848514
17450.0, 0.18484356
17460.0, 0.18483575
17470.0, 0.18482794
17480.0, 0.18482015
17490.0, 0.18481238
17500.0, 0.18480463
17510.0, 0.18479688
17520.0, 0.18478917
17530.0, 0.18478145
17540.0, 0.18477376
17550.0, 0.18476608
17560.0, 0.18475841
17570.0, 0.18475077
17580.0, 0.18474314
17590.0, 0.18473552
17600.0, 0.1847279
17610.0, 0.18472032
17620.0, 0.18471275
17630.0, 0.1847052
17640.0, 0.18469764
17650.0, 0.18469012
17660.0, 0.18468261
17670.0, 0.18467511
17680.0, 0.18466763
17690.0, 0.18466015
17700.0, 0.1846527
17710.0, 0.18464527
17720.0, 0.18463783
17730.0, 0.18463042
17740.0, 0.18462303
17750.0, 0.18461566
17760.0, 0.1846083
17770.0, 0.18460093
17780.0, 0.1845936
17790.0, 0.18458629
17800.0, 0.18457897
17810.0, 0.18457168
17820.0, 0.1845644
17830.0, 0.18455714
17840.0, 0.1845499
17850.0, 0.18454266
17860.0, 0.18453544
17870.0, 0.18452823
17880.0, 0.18452103
17890.0, 0.18451387
17900.0, 0.1845067
17910.0, 0.18449955
17920.0, 0.18449241
17930.0, 0.1844853
17940.0, 0.1844782
17950.0, 0.1844711
17960.0, 0.18446402
17970.0, 0.18445694
17980.0, 0.1844499
17990.0, 0.18444288
18000.0, 0.18443584
18010.0, 0.18442884
18020.0, 0.18442184
18030.0, 0.18441486
18040.0, 0.18440789
18050.0, 0.18440095
18060.0, 0.184394
18070.0, 0.18438707
18080.0, 0.18438016
18090.0, 0.18437326
18100.0, 0.18436639
18110.0, 0.1843595
18120.0, 0.18435267
18130.0, 0.18434581
18140.0, 0.18433899
18150.0, 0.18433218
18160.0, 0.18432537
18170.0, 0.18431857
18180.0, 0.1843118
18190.0, 0.18430504
18200.0, 0.18429829
18210.0, 0.18429156
18220.0, 0.18428484
18230.0, 0.18427813
18240.0, 0.18427144
18250.0, 0.18426475
18260.0, 0.18425809
18270.0, 0.18425143
18280.0, 0.18424478
18290.0, 0.18423817
18300.0, 0.18423155
18310.0, 0.18422493
18320.0, 0.18421835
18330.0, 0.18421178
18340.0, 0.18420522
18350.0, 0.18419866
18360.0, 0.18419212
18370.0, 0.1841856
18380.0, 0.18417908
18390.0, 0.18417259
18400.0, 0.1841661
18410.0, 0.18415964
18420.0, 0.18415317
18430.0, 0.18414672
18440.0, 0.1841403
18450.0, 0.18413387
18460.0, 0.18412746
18470.0, 0.18412107
18480.0, 0.18411468
18490.0, 0.18410832
18500.0, 0.18410195
18510.0, 0.1840956
18520.0, 0.18408927
18530.0, 0.18408296
18540.0, 0.18407665
18550.0, 0.18407036
18560.0, 0.18406408
18570.0, 0.18405782
18580.0, 0.18405156
18590.0, 0.18404531
18600.0, 0.18403907
18610.0, 0.18403286
18620.0, 0.18402664
18630.0, 0.18402046
18640.0, 0.18401428
18650.0, 0.1840081
18660.0, 0.18400195
18670.0, 0.1839958
18680.0, 0.18398966
18690.0, 0.18398353
18700.0, 0.18397744
18710.0, 0.18397133
18720.0, 0.18396525
18730.0, 0.18395919
18740.0, 0.1839531
18750.0, 0.18394706
18760.0, 0.18394104
18770.0, 0.183935
18780.0, 0.183929
18790.0, 0.18392299
18800.0, 0.183917
18810.0, 0.18391103
18820.0, 0.18390505
18830.0, 0.1838991
18840.0, 0.18389317
18850.0, 0.18388723
18860.0, 0.18388131
18870.0, 0.18387541
18880.0, 0.18386951
18890.0, 0.18386364
18900.0, 0.18385777
18910.0, 0.18385191
18920.0, 0.18384606
18930.0, 0.18384022
18940.0, 0.18383439
18950.0, 0.18382858
18960.0, 0.18382278
18970.0, 0.18381698
18980.0, 0.1838112
18990.0, 0.18380544
19000.0, 0.18379968
19010.0, 0.18379395
19020.0, 0.18378821
19030.0, 0.18378249
19040.0, 0.18377678
19050.0, 0.18377107
19060.0, 0.1837654
19070.0, 0.18375972
19080.0, 0.18375406
19090.0, 0.18374841
19100.0, 0.18374276
19110.0, 0.18373713
19120.0, 0.18373151
19130.0, 0.18372591
19140.0, 0.1837203
19150.0, 0.18371472
19160.0, 0.18370914
19170.0, 0.18370359
19180.0, 0.18369803
19190.0, 0.18369249
19200.0, 0.18368696
19210.0, 0.18368143
19220.0, 0.18367593
19230.0, 0.18367043
19240.0, 0.18366495
19250.0, 0.18365946
19260.0, 0.18365401
19270.0, 0.18364854
19280.0, 0.1836431
19290.0, 0.18363768
19300.0, 0.18363224
19310.0, 0.18362685
19320.0, 0.18362144
19330.0, 0.18361606
19340.0, 0.18361066
19350.0, 0.1836053
19360.0, 0.18359995
19370.0, 0.1835946
19380.0, 0.18358926
19390.0, 0.18358393
19400.0, 0.18357863
19410.0, 0.18357332
19420.0, 0.18356803
19430.0, 0.18356274
19440.0, 0.18355747
19450.0, 0.1835522
19460.0, 0.18354696
19470.0, 0.18354172
19480.0, 0.18353648
19490.0, 0.18353127
19500.0, 0.18352605
19510.0, 0.18352085
19520.0, 0.18351565
19530.0, 0.18351048
19540.0, 0.18350531
19550.0, 0.18350016
19560.0, 0.183495
19570.0, 0.18348987
19580.0, 0.18348475
19590.0, 0.18347962
19600.0, 0.18347451
19610.0, 0.18346941
19620.0, 0.18346433
19630.0, 0.18345925
19640.0, 0.18345419
19650.0, 0.18344913
19660.0, 0.1834441
19670.0, 0.18343905
19680.0, 0.18343402
19690.0, 0.18342902
19700.0, 0.183424
19710.0, 0.183419
19720.0, 0.18341401
19730.0, 0.18340905
19740.0, 0.18340407
19750.0, 0.18339913
19760.0, 0.18339416
19770.0, 0.18338923
19780.0, 0.1833843
19790.0, 0.1833794
19800.0, 0.18337448
19810.0, 0.18336958
19820.0, 0.18336469
19830.0, 0.18335982
19840.0, 0.18335494
19850.0, 0.18335009
19860.0, 0.18334523
19870.0, 0.1833404
19880.0, 0.18333557
19890.0, 0.18333074
19900.0, 0.18332593
19910.0, 0.18332113
19920.0, 0.18331635
19930.0, 0.18331157
19940.0, 0.18330678
19950.0, 0.18330203
19960.0, 0.18329726
19970.0, 0.18329252
19980.0, 0.18328778
19990.0, 0.18328306
20000.0, 0.18327835
20010.0, 0.18327364
20020.0, 0.18326895
20030.0, 0.18326426
20040.0, 0.18325958
20050.0, 0.18325491
20060.0, 0.18325025
20070.0, 0.1832456
20080.0, 0.18324095
20090.0, 0.18323633
20100.0, 0.1832317
20110.0, 0.18322709
20120.0, 0.18322247
20130.0, 0.18321788
20140.0, 0.1832133
20150.0, 0.18320872
20160.0, 0.18320416
20170.0, 0.18319958
20180.0, 0.18319505
20190.0, 0.18319051
20200.0, 0.18318598
20210.0, 0.18318145
20220.0, 0.18317693
20230.0, 0.18317243
20240.0, 0.18316793
20250.0, 0.18316345
20260.0, 0.18315898
20270.0, 0.1831545
20280.0, 0.18315004
20290.0, 0.18314558
20300.0, 0.18314114
20310.0, 0.1831367
20320.0, 0.18313229
20330.0, 0.18312787
20340.0, 0.18312345
20350.0, 0.18311906
20360.0, 0.18311468
20370.0, 0.1831103
20380.0, 0.18310592
20390.0, 0.18310155
20400.0, 0.1830972
20410.0, 0.18309285
20420.0, 0.18308853
20430.0, 0.18308419
20440.0, 0.18307987
20450.0, 0.18307556
20460.0, 0.18307126
20470.0, 0.18306696
20480.0, 0.18306267
20490.0, 0.1830584
20500.0, 0.18305412
20510.0, 0.18304987
20520.0, 0.18304561
20530.0, 0.18304138
20540.0, 0.18303713
20550.0, 0.18303291
20560.0, 0.1830287
20570.0, 0.18302448
20580.0, 0.18302028
20590.0, 0.18301609
20600.0, 0.1830119
20610.0, 0.18300773
20620.0, 0.18300356
20630.0, 0.18299939
20640.0, 0.18299524
20650.0, 0.1829911
20660.0, 0.18298697
20670.0, 0.18298285
20680.0, 0.18297872
20690.0, 0.1829746
20700.0, 0.18297051
20710.0, 0.18296641
20720.0, 0.18296233
20730.0, 0.18295826
20740.0, 0.18295419
20750.0, 0.18295012
20760.0, 0.18294607
20770.0, 0.18294202
20780.0, 0.18293798
20790.0, 0.18293396
20800.0, 0.18292993
20810.0, 0.18292592
20820.0, 0.18292192
20830.0, 0.18291792
20840.0, 0.18291393
20850.0, 0.18290995
20860.0, 0.18290597
20870.0, 0.18290201
20880.0, 0.18289806
20890.0, 0.18289411
20900.0, 0.18289016
20910.0, 0.18288623
20920.0, 0.18288231
20930.0, 0.18287838
20940.0, 0.18287447
20950.0, 0.18287057
20960.0, 0.18286668
20970.0, 0.18286279
20980.0, 0.1828589
20990.0, 0.18285504
21000.0, 0.18285118
21010.0, 0.18284732
21020.0, 0.18284346
21030.0, 0.18283963
21040.0, 0.18283579
21050.0, 0.18283197
21060.0, 0.18282814
21070.0, 0.18282434
21080.0, 0.18282053
21090.0, 0.18281674
21100.0, 0.18281294
21110.0, 0.18280917
21120.0, 0.1828054
21130.0, 0.18280163
21140.0, 0.18279788
21150.0, 0.18279412
21160.0, 0.18279038
21170.0, 0.18278666
21180.0, 0.18278292
21190.0, 0.1827792
21200.0, 0.18277548
21210.0, 0.18277179
21220.0, 0.18276808
21230.0, 0.1827644
21240.0, 0.18276072
21250.0, 0.18275703
21260.0, 0.18275335
21270.0, 0.1827497
21280.0, 0.18274605
21290.0, 0.1827424
21300.0, 0.18273877
21310.0, 0.18273513
21320.0, 0.18273151
21330.0, 0.18272789
21340.0, 0.18272428
21350.0, 0.18272068
21360.0, 0.18271707
21370.0, 0.1827135
21380.0, 0.1827099
21390.0, 0.18270633
21400.0, 0.18270276
21410.0, 0.1826992
21420.0, 0.18269564
21430.0, 0.1826921
21440.0, 0.18268856
21450.0, 0.18268503
21460.0, 0.1826815
21470.0, 0.18267798
21480.0, 0.18267448
21490.0, 0.18267097
21500.0, 0.18266748
21510.0, 0.18266398
21520.0, 0.1826605
21530.0, 0.18265702
21540.0, 0.18265356
21550.0, 0.18265009
21560.0, 0.18264663
21570.0, 0.18264319
21580.0, 0.18263975
21590.0, 0.1826363
21600.0, 0.18263288
21610.0, 0.18262945
21620.0, 0.18262604
21630.0, 0.18262264
21640.0, 0.18261923
21650.0, 0.18261583
21660.0, 0.18261245
21670.0, 0.18260907
21680.0, 0.1826057
21690.0, 0.18260233
21700.0, 0.18259896
21710.0, 0.18259561
21720.0, 0.18259226
21730.0, 0.18258892
21740.0, 0.1825856
21750.0, 0.18258227
21760.0, 0.18257895
21770.0, 0.18257563
21780.0, 0.18257234
21790.0, 0.18256903
21800.0, 0.18256573
21810.0, 0.18256244
21820.0, 0.18255916
21830.0, 0.18255588
21840.0, 0.18255262
21850.0, 0.18254936
21860.0, 0.1825461
21870.0, 0.18254286
21880.0, 0.18253961
21890.0, 0.18253638
21900.0, 0.18253314
21910.0, 0.18252993
21920.0, 0.18252671
21930.0, 0.18252349
21940.0, 0.1825203
21950.0, 0.1825171
21960.0, 0.18251391
21970.0, 0.18251072
21980.0, 0.18250754
21990.0, 0.18250437
22000.0, 0.1825012
22010.0, 0.18249804
22020.0, 0.1824949
22030.0, 0.18249173
22040.0, 0.1824886
22050.0, 0.18248548
22060.0, 0.18248235
22070.0, 0.18247922
22080.0, 0.1824761
22090.0, 0.182473
22100.0, 0.18246989
22110.0, 0.1824668
22120.0, 0.1824637
22130.0, 0.18246062
22140.0, 0.18245754
22150.0, 0.18245447
22160.0, 0.18245141
22170.0, 0.18244834
22180.0, 0.1824453
22190.0, 0.18244225
22200.0, 0.18243921
22210.0, 0.18243617
22220.0, 0.18243314
22230.0, 0.18243012
22240.0, 0.1824271
22250.0, 0.18242408
22260.0, 0.18242107
22270.0, 0.18241808
22280.0, 0.18241508
22290.0, 0.1824121
22300.0, 0.18240912
22310.0, 0.18240614
22320.0, 0.18240316
22330.0, 0.18240021
22340.0, 0.18239725
22350.0, 0.1823943
22360.0, 0.18239136
22370.0, 0.18238842
22380.0, 0.18238547
22390.0, 0.18238255
22400.0, 0.18237963
22410.0, 0.18237671
22420.0, 0.1823738
22430.0, 0.18237089
22440.0, 0.182368
22450.0, 0.1823651
22460.0, 0.18236221
22470.0, 0.18235932
22480.0, 0.18235646
22490.0, 0.18235359
22500.0, 0.18235072
22510.0, 0.18234786
22520.0, 0.182345
22530.0, 0.18234216
22540.0, 0.18233931
22550.0, 0.18233648
22560.0, 0.18233365
22570.0, 0.18233082
22580.0, 0.182328
22590.0, 0.18232518
22600.0, 0.18232238
22610.0, 0.18231958
22620.0, 0.18231678
22630.0, 0.182314
22640.0, 0.1823112
22650.0, 0.18230842
22660.0, 0.18230565
22670.0, 0.18230288
22680.0, 0.18230012
22690.0, 0.18229735
22700.0, 0.1822946
22710.0, 0.18229185
22720.0, 0.18228912
22730.0, 0.18228638
22740.0, 0.18228364
22750.0, 0.18228091
22760.0, 0.1822782
22770.0, 0.18227549
22780.0, 0.18227278
22790.0, 0.18227008
22800.0, 0.18226738
22810.0, 0.18226469
22820.0, 0.18226199
22830.0, 0.1822593
22840.0, 0.18225664
22850.0, 0.18225397
22860.0, 0.1822513
22870.0, 0.18224864
22880.0, 0.18224598
22890.0, 0.18224333
22900.0, 0.18224068
22910.0, 0.18223804
22920.0, 0.1822354
22930.0, 0.18223278
22940.0, 0.18223016
22950.0, 0.18222754
22960.0, 0.18222493
22970.0, 0.18222232
22980.0, 0.18221971
22990.0, 0.1822171
23000.0, 0.18221453
23010.0, 0.18221194
23020.0, 0.18220934
23030.0, 0.18220678
23040.0, 0.1822042
23050.0, 0.18220164
23060.0, 0.18219908
23070.0, 0.18219651
23080.0, 0.18219396
23090.0, 0.18219142
23100.0, 0.18218888
23110.0, 0.18218634
23120.0, 0.18218382
23130.0, 0.18218127
23140.0, 0.18217877
23150.0, 0.18217625
23160.0, 0.18217373
23170.0, 0.18217123
23180.0, 0.18216872
23190.0, 0.18216623
23200.0, 0.18216373
23210.0, 0.18216124
23220.0, 0.18215877
23230.0, 0.1821563
23240.0, 0.18215382
23250.0, 0.18215135
23260.0, 0.18214889
23270.0, 0.18214643
23280.0, 0.18214399
23290.0, 0.18214154
23300.0, 0.18213908
23310.0, 0.18213665
23320.0, 0.18213423
23330.0, 0.1821318
23340.0, 0.18212937
23350.0, 0.18212695
23360.0, 0.18212454
23370.0, 0.18212214
23380.0, 0.18211973
23390.0, 0.18211733
23400.0, 0.18211493
23410.0, 0.18211254
23420.0, 0.18211016
23430.0, 0.18210778
23440.0, 0.1821054
23450.0, 0.18210304
23460.0, 0.18210067
23470.0, 0.18209831
23480.0, 0.18209596
23490.0, 0.1820936
23500.0, 0.18209125
23510.0, 0.18208891
23520.0, 0.18208657
23530.0, 0.18208425
23540.0, 0.18208192
23550.0, 0.1820796
23560.0, 0.18207727
23570.0, 0.18207496
23580.0, 0.18207265
23590.0, 0.18207034
23600.0, 0.18206805
23610.0, 0.18206576
23620.0, 0.18206346
23630.0, 0.18206117
23640.0, 0.1820589
23650.0, 0.1820566
23660.0, 0.18205434
23670.0, 0.18205208
23680.0, 0.18204981
23690.0, 0.18204756
23700.0, 0.1820453
23710.0, 0.18204305
23720.0, 0.1820408
23730.0, 0.18203856
23740.0, 0.18203633
23750.0, 0.18203409
23760.0, 0.18203187
23770.0, 0.18202963
23780.0, 0.18202741
23790.0, 0.1820252
23800.0, 0.18202299
23810.0, 0.1820208
23820.0, 0.18201858
23830.0, 0.18201639
23840.0, 0.1820142
23850.0, 0.182012
23860.0, 0.18200983
23870.0, 0.18200764
23880.0, 0.18200547
23890.0, 0.18200329
23900.0, 0.18200113
23910.0, 0.18199897
23920.0, 0.18199681
23930.0, 0.18199466
23940.0, 0.18199252
23950.0, 0.18199036
23960.0, 0.18198822
23970.0, 0.18198608
23980.0, 0.18198395
23990.0, 0.18198183
24000.0, 0.1819797
24010.0, 0.18197758
24020.0, 0.18197547
24030.0, 0.18197337
24040.0, 0.18197125
24050.0, 0.18196915
24060.0, 0.18196705
24070.0, 0.18196496
24080.0, 0.18196286
24090.0, 0.18196078
24100.0, 0.18195869
24110.0, 0.18195662
24120.0, 0.18195455
24130.0, 0.18195248
24140.0, 0.1819504
24150.0, 0.18194835
24160.0, 0.18194629
24170.0, 0.18194424
24180.0, 0.1819422
24190.0, 0.18194015
24200.0, 0.18193811
24210.0, 0.18193607
24220.0, 0.18193404
24230.0, 0.181932
24240.0, 0.18192999
24250.0, 0.18192796
24260.0, 0.18192595
24270.0, 0.18192394
24280.0, 0.18192193
24290.0, 0.18191992
24300.0, 0.18191792
24310.0, 0.18191592
24320.0, 0.18191394
24330.0, 0.18191195
24340.0, 0.18190996
24350.0, 0.18190798
24360.0, 0.181906
24370.0, 0.18190403
24380.0, 0.18190207
24390.0, 0.1819001
24400.0, 0.18189813
24410.0, 0.18189618
24420.0, 0.18189423
24430.0, 0.18189228
24440.0, 0.18189034
24450.0, 0.18188839
24460.0, 0.18188646
24470.0, 0.18188451
24480.0, 0.1818826
24490.0, 0.18188067
24500.0, 0.18187875
24510.0, 0.18187682
24520.0, 0.18187492
24530.0, 0.18187301
24540.0, 0.1818711
24550.0, 0.1818692
24560.0, 0.1818673
24570.0, 0.1818654
24580.0, 0.18186352
24590.0, 0.18186162
24600.0, 0.18185973
24610.0, 0.18185785
24620.0, 0.18185598
24630.0, 0.18185411
24640.0, 0.18185224
24650.0, 0.18185037
24660.0, 0.18184851
24670.0, 0.18184665
24680.0, 0.1818448
24690.0, 0.18184295
24700.0, 0.1818411
24710.0, 0.18183926
24720.0, 0.18183742
24730.0, 0.18183559
24740.0, 0.18183376
24750.0, 0.18183191
24760.0, 0.18183011
24770.0, 0.18182828
24780.0, 0.18182646
24790.0, 0.18182464
24800.0, 0.18182284
24810.0, 0.18182102
24820.0, 0.18181923
24830.0, 0.18181743
24840.0, 0.18181562
24850.0, 0.18181384
24860.0, 0.18181205
24870.0, 0.18181026
24880.0, 0.18180849
24890.0, 0.1818067
24900.0, 0.18180494
24910.0, 0.18180315
24920.0, 0.1818014
24930.0, 0.18179964
24940.0, 0.18179788
24950.0, 0.18179612
24960.0, 0.18179436
24970.0, 0.1817926
24980.0, 0.18179086
24990.0, 0.18178912
25000.0, 0.18178739
25010.0, 0.18178564
25020.0, 0.18178391
25030.0, 0.18178219
25040.0, 0.18178046
25050.0, 0.18177874
25060.0, 0.18177702
25070.0, 0.1817753
25080.0, 0.18177359
25090.0, 0.18177187
25100.0, 0.18177018
25110.0, 0.18176848
25120.0, 0.18176678
25130.0, 0.18176508
25140.0, 0.1817634
25150.0, 0.1817617
25160.0, 0.18176003
25170.0, 0.18175834
25180.0, 0.18175666
25190.0, 0.18175499
25200.0, 0.18175332
25210.0, 0.18175164
25220.0, 0.18174998
25230.0, 0.18174832
25240.0, 0.18174666
25250.0, 0.18174501
25260.0, 0.18174335
25270.0, 0.18174171
25280.0, 0.18174006
25290.0, 0.18173842
25300.0, 0.18173678
25310.0, 0.18173514
25320.0, 0.18173352
25330.0, 0.1817319
25340.0, 0.18173027
25350.0, 0.18172865
25360.0, 0.18172702
25370.0, 0.18172541
25380.0, 0.18172379
25390.0, 0.1817222
25400.0, 0.18172058
25410.0, 0.18171898
25420.0, 0.18171738
25430.0, 0.18171579
25440.0, 0.18171419
25450.0, 0.1817126
25460.0, 0.18171102
25470.0, 0.18170942
25480.0, 0.18170786
25490.0, 0.18170628
25500.0, 0.1817047
25510.0, 0.18170312
25520.0, 0.18170156
25530.0, 0.18169999
25540.0, 0.18169844
25550.0, 0.18169688
25560.0, 0.18169533
25570.0, 0.18169376
25580.0, 0.18169221
25590.0, 0.18169068
25600.0, 0.18168913
25610.0, 0.1816876
25620.0, 0.18168606
25630.0, 0.18168452
25640.0, 0.18168299
25650.0, 0.18168145
25660.0, 0.18167993
25670.0, 0.18167841
25680.0, 0.1816769
25690.0, 0.18167539
25700.0, 0.18167387
25710.0, 0.18167236
25720.0, 0.18167084
25730.0, 0.18166935
25740.0, 0.18166785
25750.0, 0.18166636
25760.0, 0.18166485
25770.0, 0.18166336
25780.0, 0.18166187
25790.0, 0.1816604
25800.0, 0.18165891
25810.0, 0.18165743
25820.0, 0.18165596
25830.0, 0.18165448
25840.0, 0.18165301
25850.0, 0.18165155
25860.0, 0.18165007
25870.0, 0.18164861
25880.0, 0.18164715
25890.0, 0.1816457
25900.0, 0.18164425
25910.0, 0.18164279
25920.0, 0.18164136
25930.0, 0.18163991
25940.0, 0.18163846
25950.0, 0.18163703
25960.0, 0.18163559
25970.0, 0.18163416
25980.0, 0.18163273
25990.0, 0.1816313
26000.0, 0.18162988
26010.0, 0.18162845
26020.0, 0.18162704
26030.0, 0.18162562
26040.0, 0.1816242
26050.0, 0.1816228
26060.0, 0.18162139
26070.0, 0.18161999
26080.0, 0.18161857
26090.0, 0.18161719
26100.0, 0.18161578
26110.0, 0.1816144
26120.0, 0.181613
26130.0, 0.18161161
26140.0, 0.18161023
26150.0, 0.18160884
26160.0, 0.18160747
26170.0, 0.1816061
26180.0, 0.18160471
26190.0, 0.18160334
26200.0, 0.18160197
26210.0, 0.1816006
26220.0, 0.18159924
26230.0, 0.18159789
26240.0, 0.18159653
26250.0, 0.18159518
26260.0, 0.18159382
26270.0, 0.18159246
26280.0, 0.18159112
26290.0, 0.18158978
26300.0, 0.18158844
26310.0, 0.1815871
26320.0, 0.18158576
26330.0, 0.18158443
26340.0, 0.18158309
26350.0, 0.18158177
26360.0, 0.18158044
26370.0, 0.18157911
26380.0, 0.1815778
26390.0, 0.18157649
26400.0, 0.18157516
26410.0, 0.18157385
26420.0, 0.18157254
26430.0, 0.18157125
26440.0, 0.18156993
26450.0, 0.18156864
26460.0, 0.18156734
26470.0, 0.18156604
26480.0, 0.18156475
26490.0, 0.18156345
26500.0, 0.18156217
26510.0, 0.18156087
26520.0, 0.18155959
26530.0, 0.18155831
26540.0, 0.18155703
26550.0, 0.18155576
26560.0, 0.18155448
26570.0, 0.18155321
26580.0, 0.18155195
26590.0, 0.18155067
26600.0, 0.18154941
26610.0, 0.18154815
26620.0, 0.1815469
26630.0, 0.18154563
26640.0, 0.1815444
26650.0, 0.18154314
26660.0, 0.18154189
26670.0, 0.18154064
26680.0, 0.1815394
26690.0, 0.18153816
26700.0, 0.18153691
26710.0, 0.18153568
26720.0, 0.18153445
26730.0, 0.18153322
26740.0, 0.181532
26750.0, 0.18153076
26760.0, 0.18152954
26770.0, 0.18152831
26780.0, 0.1815271
26790.0, 0.18152587
26800.0, 0.18152466
26810.0, 0.18152346
26820.0, 0.18152225
26830.0, 0.18152104
26840.0, 0.18151984
26850.0, 0.18151863
26860.0, 0.18151742
26870.0, 0.18151623
26880.0, 0.18151504
26890.0, 0.18151385
26900.0, 0.18151267
26910.0, 0.18151148
26920.0, 0.18151028
26930.0, 0.1815091
26940.0, 0.18150793
26950.0, 0.18150674
26960.0, 0.18150556
26970.0, 0.1815044
26980.0, 0.18150322
26990.0, 0.18150204
27000.0, 0.18150088
27010.0, 0.18149972
27020.0, 0.18149856
27030.0, 0.1814974
27040.0, 0.18149625
27050.0, 0.18149509
27060.0, 0.18149394
27070.0, 0.18149279
27080.0, 0.18149164
27090.0, 0.1814905
27100.0, 0.18148935
27110.0, 0.18148822
27120.0, 0.18148707
27130.0, 0.18148594
27140.0, 0.1814848
27150.0, 0.18148366
27160.0, 0.18148254
27170.0, 0.18148142
27180.0, 0.18148029
27190.0, 0.18147917
27200.0, 0.18147804
27210.0, 0.18147692
27220.0, 0.18147582
27230.0, 0.1814747
27240.0, 0.18147358
27250.0, 0.18147248
27260.0, 0.18147136
27270.0, 0.18147026
27280.0, 0.18146916
27290.0, 0.18146805
27300.0, 0.18146695
27310.0, 0.18146586
27320.0, 0.18146476
27330.0, 0.18146367
27340.0, 0.18146259
27350.0, 0.1814615
27360.0, 0.18146041
27370.0, 0.18145932
27380.0, 0.18145825
27390.0, 0.18145716
27400.0, 0.18145609
27410.0, 0.18145502
27420.0, 0.18145394
27430.0, 0.18145287
27440.0, 0.1814518
27450.0, 0.18145074
27460.0, 0.18144968
27470.0, 0.18144861
27480.0, 0.18144755
27490.0, 0.1814465
27500.0, 0.18144543
27510.0, 0.18144439
27520.0, 0.18144333
27530.0, 0.18144229
27540.0, 0.18144123
27550.0, 0.1814402
27560.0, 0.18143915
27570.0, 0.18143812
27580.0, 0.18143708
27590.0, 0.18143603
27600.0, 0.181435
27610.0, 0.18143398
27620.0, 0.18143295
27630.0, 0.1814319
27640.0, 0.18143088
27650.0, 0.18142985
27660.0, 0.18142883
27670.0, 0.18142782
27680.0, 0.1814268
27690.0, 0.18142578
27700.0, 0.18142477
27710.0, 0.18142375
27720.0, 0.18142274
27730.0, 0.18142173
27740.0, 0.18142073
27750.0, 0.18141973
27760.0, 0.18141872
27770.0, 0.18141772
27780.0, 0.18141672
27790.0, 0.18141572
27800.0, 0.18141474
27810.0, 0.18141374
27820.0, 0.18141276
27830.0, 0.18141176
27840.0, 0.18141077
27850.0, 0.18140979
27860.0, 0.18140881
27870.0, 0.18140784
27880.0, 0.18140686
27890.0, 0.18140587
27900.0, 0.1814049
27910.0, 0.18140393
27920.0, 0.18140295
27930.0, 0.18140198
27940.0, 0.18140103
27950.0, 0.18140006
27960.0, 0.18139909
27970.0, 0.18139814
27980.0, 0.18139717
27990.0, 0.18139622
28000.0, 0.18139526
28010.0, 0.18139431
28020.0, 0.18139336
28030.0, 0.18139242
28040.0, 0.18139146
28050.0, 0.18139052
28060.0, 0.18138957
28070.0, 0.18138863
28080.0, 0.1813877
28090.0, 0.18138675
28100.0, 0.18138582
28110.0, 0.18138488
28120.0, 0.18138394
28130.0, 0.18138301
28140.0, 0.18138209
28150.0, 0.18138117
28160.0, 0.18138023
28170.0, 0.1813793
28180.0, 0.18137838
28190.0, 0.18137747
28200.0, 0.18137655
28210.0, 0.18137564
28220.0, 0.18137473
28230.0, 0.1813738
28240.0, 0.1813729
28250.0, 0.18137199
28260.0, 0.1813711
28270.0, 0.18137018
28280.0, 0.18136927
28290.0, 0.18136838
28300.0, 0.18136747
28310.0, 0.18136658
28320.0, 0.18136568
28330.0, 0.18136479
28340.0, 0.1813639
28350.0, 0.181363
28360.0, 0.18136212
28370.0, 0.18136123
28380.0, 0.18136035
28390.0, 0.18135945
28400.0, 0.18135858
28410.0, 0.1813577
28420.0, 0.18135682
28430.0, 0.18135595
28440.0, 0.18135507
28450.0, 0.1813542
28460.0, 0.18135333
28470.0, 0.18135245
28480.0, 0.18135159
28490.0, 0.18135072
28500.0, 0.18134986
28510.0, 0.181349
28520.0, 0.18134813
28530.0, 0.18134728
28540.0, 0.18134642
28550.0, 0.18134557
28560.0, 0.1813447
28570.0, 0.18134385
28580.0, 0.181343
28590.0, 0.18134215
28600.0, 0.1813413
28610.0, 0.18134046
28620.0, 0.18133962
28630.0, 0.18133877
28640.0, 0.18133794
28650.0, 0.18133709
28660.0, 0.18133625
28670.0, 0.18133542
28680.0, 0.18133458
28690.0, 0.18133377
28700.0, 0.18133292
28710.0, 0.1813321
28720.0, 0.18133128
28730.0, 0.18133044
28740.0, 0.18132962
28750.0, 0.1813288
28760.0, 0.18132798
28770.0, 0.18132716
28780.0, 0.18132634
28790.0, 0.18132553
28800.0, 0.1813247
28810.0, 0.1813239
28820.0, 0.18132308
28830.0, 0.18132228
28840.0, 0.18132147
28850.0, 0.18132067
28860.0, 0.18131986
28870.0, 0.18131906
28880.0, 0.18131827
28890.0, 0.18131746
28900.0, 0.18131666
28910.0, 0.18131587
28920.0, 0.18131506
28930.0, 0.18131427
28940.0, 0.18131348
28950.0, 0.1813127
28960.0, 0.1813119
28970.0, 0.18131112
28980.0, 0.18131034
28990.0, 0.18130955
29000.0, 0.18130878
29010.0, 0.18130799
29020.0, 0.18130721
29030.0, 0.18130644
29040.0, 0.18130566
29050.0, 0.18130487
29060.0, 0.18130411
29070.0, 0.18130334
29080.0, 0.18130258
29090.0, 0.1813018
29100.0, 0.18130103
29110.0, 0.18130027
29120.0, 0.18129951
29130.0, 0.18129875
29140.0, 0.18129799
29150.0, 0.18129723
29160.0, 0.18129647
29170.0, 0.18129571
29180.0, 0.18129496
29190.0, 0.1812942
29200.0, 0.18129344
29210.0, 0.1812927
29220.0, 0.18129195
29230.0, 0.18129121
29240.0, 0.18129046
29250.0, 0.18128972
29260.0, 0.18128897
29270.0, 0.18128824
29280.0, 0.1812875
29290.0, 0.18128675
29300.0, 0.181286
29310.0, 0.18128528
29320.0, 0.18128455
29330.0, 0.18128382
29340.0, 0.18128309
29350.0, 0.18128236
29360.0, 0.18128163
29370.0, 0.1812809
29380.0, 0.18128018
29390.0, 0.18127945
29400.0, 0.18127874
29410.0, 0.18127802
29420.0, 0.18127729
29430.0, 0.18127657
29440.0, 0.18127586
29450.0, 0.18127514
29460.0, 0.18127443
29470.0, 0.18127371
29480.0, 0.181273
29490.0, 0.1812723
29500.0, 0.1812716
29510.0, 0.18127088
29520.0, 0.18127018
29530.0, 0.18126948
29540.0, 0.18126878
29550.0, 0.18126807
29560.0, 0.18126737
29570.0, 0.18126668
29580.0, 0.18126598
29590.0, 0.18126528
29600.0, 0.1812646
29610.0, 0.1812639
29620.0, 0.18126321
29630.0, 0.18126251
29640.0, 0.18126184
29650.0, 0.18126114
29660.0, 0.18126045
29670.0, 0.18125978
29680.0, 0.1812591
29690.0, 0.18125841
29700.0, 0.18125772
29710.0, 0.18125704
29720.0, 0.18125637
29730.0, 0.1812557
29740.0, 0.18125503
29750.0, 0.18125436
29760.0, 0.18125367
29770.0, 0.181253
29780.0, 0.18125233
29790.0, 0.18125167
29800.0, 0.181251
29810.0, 0.18125033
29820.0, 0.18124966
29830.0, 0.18124901
29840.0, 0.18124835
29850.0, 0.18124768
29860.0, 0.18124704
29870.0, 0.18124637
29880.0, 0.18124571
29890.0, 0.18124506
29900.0, 0.1812444
29910.0, 0.18124376
29920.0, 0.1812431
29930.0, 0.18124245
29940.0, 0.18124181
29950.0, 0.18124115
29960.0, 0.18124051
29970.0, 0.18123987
29980.0, 0.18123923
29990.0, 0.18123858
30000.0, 0.18123795
