Energy (in eV), backscattering yield of material np2k-NASCAP at incidence 30.0 degree
   X,       Y
0.0, 0.5486563
10.0, 0.23077585
20.0, 0.097068936
30.0, 0.04082914
40.0, 0.017173555
50.0, 0.007223541
60.0, 0.01951069
70.0, 0.030432338
80.0, 0.039936386
90.0, 0.048212044
100.0, 0.055482626
110.0, 0.061939783
120.0, 0.06773427
130.0, 0.07298199
140.0, 0.07777222
150.0, 0.08217446
160.0, 0.086243615
170.0, 0.09002377
180.0, 0.09355077
190.0, 0.09685418
200.0, 0.0999587
210.0, 0.10288508
220.0, 0.10565105
230.0, 0.10827174
240.0, 0.11076032
250.0, 0.11312818
260.0, 0.1153853
270.0, 0.11754052
280.0, 0.119601645
290.0, 0.1215756
300.0, 0.12346858
310.0, 0.12528615
320.0, 0.12703331
330.0, 0.1287146
340.0, 0.13033414
350.0, 0.13189562
360.0, 0.13340248
370.0, 0.13485785
380.0, 0.13626453
390.0, 0.13762519
400.0, 0.13894226
410.0, 0.14021794
420.0, 0.14145435
430.0, 0.14265336
440.0, 0.14381675
450.0, 0.14494623
460.0, 0.14604329
470.0, 0.1471094
480.0, 0.14814591
490.0, 0.1491541
500.0, 0.15013511
510.0, 0.1510901
520.0, 0.1520201
530.0, 0.15292607
540.0, 0.15380897
550.0, 0.15466966
560.0, 0.155509
570.0, 0.15632771
580.0, 0.15712659
590.0, 0.15790632
600.0, 0.15866758
610.0, 0.15941097
620.0, 0.16013712
630.0, 0.1608466
640.0, 0.16153994
650.0, 0.16221768
660.0, 0.1628803
670.0, 0.16352826
680.0, 0.16416204
690.0, 0.16478205
700.0, 0.1653887
710.0, 0.1659824
720.0, 0.16656351
730.0, 0.16713238
740.0, 0.1676894
750.0, 0.16823485
760.0, 0.16876908
770.0, 0.16929238
780.0, 0.16980508
790.0, 0.17030743
800.0, 0.17079969
810.0, 0.17128216
820.0, 0.17175505
830.0, 0.17221862
840.0, 0.17267312
850.0, 0.17311876
860.0, 0.17355576
870.0, 0.1739843
880.0, 0.17440464
890.0, 0.17481694
900.0, 0.1752214
910.0, 0.17561817
920.0, 0.1760075
930.0, 0.17638947
940.0, 0.1767643
950.0, 0.17713213
960.0, 0.17749316
970.0, 0.17784747
980.0, 0.17819527
990.0, 0.17853662
1000.0, 0.17887174
1010.0, 0.17868683
1020.0, 0.17850229
1030.0, 0.17831807
1040.0, 0.17813417
1050.0, 0.17795064
1060.0, 0.17776743
1070.0, 0.17758457
1080.0, 0.17740202
1090.0, 0.17721984
1100.0, 0.17703798
1110.0, 0.17685644
1120.0, 0.17667525
1130.0, 0.1764944
1140.0, 0.17631388
1150.0, 0.17613368
1160.0, 0.17595382
1170.0, 0.17577428
1180.0, 0.17559509
1190.0, 0.1754162
1200.0, 0.17523766
1210.0, 0.17505945
1220.0, 0.17488156
1230.0, 0.174704
1240.0, 0.17452677
1250.0, 0.17434987
1260.0, 0.17417328
1270.0, 0.17399704
1280.0, 0.1738211
1290.0, 0.1736455
1300.0, 0.17347023
1310.0, 0.17329526
1320.0, 0.17312062
1330.0, 0.1729463
1340.0, 0.1727723
1350.0, 0.17259865
1360.0, 0.1724253
1370.0, 0.17225225
1380.0, 0.17207955
1390.0, 0.17190714
1400.0, 0.17173506
1410.0, 0.1715633
1420.0, 0.17139187
1430.0, 0.17122073
1440.0, 0.17104992
1450.0, 0.17087942
1460.0, 0.17070924
1470.0, 0.17053936
1480.0, 0.1703698
1490.0, 0.17020057
1500.0, 0.17003164
1510.0, 0.16986302
1520.0, 0.1696947
1530.0, 0.16952671
1540.0, 0.16935901
1550.0, 0.16919163
1560.0, 0.16902457
1570.0, 0.1688578
1580.0, 0.16869135
1590.0, 0.16852522
1600.0, 0.16835937
1610.0, 0.16819383
1620.0, 0.16802861
1630.0, 0.16786368
1640.0, 0.16769907
1650.0, 0.16753475
1660.0, 0.16737074
1670.0, 0.16720703
1680.0, 0.16704363
1690.0, 0.16688053
1700.0, 0.16671772
1710.0, 0.16655521
1720.0, 0.16639303
1730.0, 0.16623111
1740.0, 0.16606952
1750.0, 0.1659082
1760.0, 0.1657472
1770.0, 0.16558649
1780.0, 0.16542608
1790.0, 0.16526596
1800.0, 0.16510615
1810.0, 0.16494662
1820.0, 0.1647874
1830.0, 0.16462846
1840.0, 0.16446982
1850.0, 0.16431147
1860.0, 0.16415343
1870.0, 0.16399565
1880.0, 0.16383818
1890.0, 0.16368102
1900.0, 0.16352412
1910.0, 0.16336752
1920.0, 0.16321121
1930.0, 0.1630552
1940.0, 0.16289946
1950.0, 0.16274402
1960.0, 0.16258886
1970.0, 0.162434
1980.0, 0.16227941
1990.0, 0.16212513
2000.0, 0.16197112
2010.0, 0.16181739
2020.0, 0.16166395
2030.0, 0.1615108
2040.0, 0.16135792
2050.0, 0.16120534
2060.0, 0.16105303
2070.0, 0.16090101
2080.0, 0.16074926
2090.0, 0.1605978
2100.0, 0.16044663
2110.0, 0.16029572
2120.0, 0.1601451
2130.0, 0.15999477
2140.0, 0.1598447
2150.0, 0.15969491
2160.0, 0.1595454
2170.0, 0.15939619
2180.0, 0.15924722
2190.0, 0.15909855
2200.0, 0.15895015
2210.0, 0.15880202
2220.0, 0.15865417
2230.0, 0.15850659
2240.0, 0.15835927
2250.0, 0.15821226
2260.0, 0.1580655
2270.0, 0.157919
2280.0, 0.1577728
2290.0, 0.15762685
2300.0, 0.15748118
2310.0, 0.15733577
2320.0, 0.15719064
2330.0, 0.15704578
2340.0, 0.15690118
2350.0, 0.15675686
2360.0, 0.1566128
2370.0, 0.156469
2380.0, 0.15632549
2390.0, 0.15618223
2400.0, 0.15603924
2410.0, 0.15589651
2420.0, 0.15575404
2430.0, 0.15561186
2440.0, 0.15546992
2450.0, 0.15532826
2460.0, 0.15518685
2470.0, 0.1550457
2480.0, 0.15490481
2490.0, 0.1547642
2500.0, 0.15462384
2510.0, 0.15448375
2520.0, 0.1543439
2530.0, 0.15420434
2540.0, 0.15406501
2550.0, 0.15392596
2560.0, 0.15378715
2570.0, 0.15364861
2580.0, 0.15351033
2590.0, 0.1533723
2600.0, 0.15323453
2610.0, 0.15309702
2620.0, 0.15295976
2630.0, 0.15282275
2640.0, 0.15268601
2650.0, 0.15254952
2660.0, 0.15241326
2670.0, 0.15227728
2680.0, 0.15214156
2690.0, 0.15200607
2700.0, 0.15187083
2710.0, 0.15173586
2720.0, 0.15160114
2730.0, 0.15146665
2740.0, 0.15133244
2750.0, 0.15119846
2760.0, 0.15106472
2770.0, 0.15093125
2780.0, 0.15079802
2790.0, 0.15066503
2800.0, 0.1505323
2810.0, 0.15039982
2820.0, 0.15026757
2830.0, 0.15013559
2840.0, 0.15000384
2850.0, 0.14987233
2860.0, 0.14974108
2870.0, 0.14961007
2880.0, 0.1494793
2890.0, 0.14934877
2900.0, 0.14921848
2910.0, 0.14908846
2920.0, 0.14895865
2930.0, 0.14882909
2940.0, 0.14869978
2950.0, 0.1485707
2960.0, 0.14844188
2970.0, 0.14831328
2980.0, 0.14818494
2990.0, 0.14805682
3000.0, 0.14792895
3010.0, 0.14780131
3020.0, 0.1476739
3030.0, 0.14754675
3040.0, 0.14741983
3050.0, 0.14729314
3060.0, 0.1471667
3070.0, 0.14704049
3080.0, 0.1469145
3090.0, 0.14678876
3100.0, 0.14666325
3110.0, 0.14653797
3120.0, 0.14641294
3130.0, 0.14628813
3140.0, 0.14616355
3150.0, 0.14603922
3160.0, 0.14591509
3170.0, 0.14579122
3180.0, 0.14566757
3190.0, 0.14554416
3200.0, 0.14542097
3210.0, 0.14529802
3220.0, 0.1451753
3230.0, 0.14505279
3240.0, 0.14493053
3250.0, 0.14480849
3260.0, 0.14468667
3270.0, 0.14456509
3280.0, 0.14444374
3290.0, 0.1443226
3300.0, 0.1442017
3310.0, 0.14408101
3320.0, 0.14396057
3330.0, 0.14384034
3340.0, 0.14372034
3350.0, 0.14360057
3360.0, 0.143481
3370.0, 0.14336167
3380.0, 0.14324257
3390.0, 0.14312369
3400.0, 0.14300503
3410.0, 0.14288658
3420.0, 0.14276835
3430.0, 0.14265037
3440.0, 0.14253259
3450.0, 0.14241503
3460.0, 0.14229769
3470.0, 0.14218058
3480.0, 0.14206368
3490.0, 0.14194699
3500.0, 0.14183053
3510.0, 0.14171429
3520.0, 0.14159827
3530.0, 0.14148246
3540.0, 0.14136685
3550.0, 0.14125147
3560.0, 0.14113632
3570.0, 0.14102139
3580.0, 0.14090665
3590.0, 0.14079213
3600.0, 0.14067784
3610.0, 0.14056376
3620.0, 0.14044988
3630.0, 0.14033623
3640.0, 0.14022277
3650.0, 0.14010954
3660.0, 0.13999651
3670.0, 0.13988371
3680.0, 0.1397711
3690.0, 0.13965872
3700.0, 0.13954654
3710.0, 0.13943458
3720.0, 0.13932282
3730.0, 0.13921128
3740.0, 0.13909994
3750.0, 0.13898881
3760.0, 0.13887788
3770.0, 0.13876718
3780.0, 0.13865668
3790.0, 0.13854636
3800.0, 0.13843627
3810.0, 0.13832639
3820.0, 0.13821672
3830.0, 0.13810724
3840.0, 0.13799797
3850.0, 0.13788891
3860.0, 0.13778006
3870.0, 0.13767141
3880.0, 0.13756296
3890.0, 0.1374547
3900.0, 0.13734666
3910.0, 0.13723882
3920.0, 0.13713118
3930.0, 0.13702375
3940.0, 0.1369165
3950.0, 0.13680947
3960.0, 0.13670264
3970.0, 0.13659601
3980.0, 0.13648957
3990.0, 0.13638334
4000.0, 0.13627732
4010.0, 0.13617148
4020.0, 0.13606586
4030.0, 0.13596042
4040.0, 0.13585517
4050.0, 0.13575013
4060.0, 0.13564529
4070.0, 0.13554065
4080.0, 0.13543619
4090.0, 0.13533194
4100.0, 0.13522789
4110.0, 0.13512403
4120.0, 0.13502036
4130.0, 0.13491689
4140.0, 0.1348136
4150.0, 0.13471052
4160.0, 0.13460764
4170.0, 0.13450493
4180.0, 0.13440244
4190.0, 0.13430013
4200.0, 0.13419801
4210.0, 0.13409609
4220.0, 0.13399436
4230.0, 0.1338928
4240.0, 0.13379145
4250.0, 0.1336903
4260.0, 0.13358933
4270.0, 0.13348855
4280.0, 0.13338795
4290.0, 0.13328755
4300.0, 0.13318734
4310.0, 0.13308732
4320.0, 0.13298748
4330.0, 0.13288783
4340.0, 0.13278838
4350.0, 0.1326891
4360.0, 0.13259001
4370.0, 0.13249111
4380.0, 0.1323924
4390.0, 0.13229388
4400.0, 0.13219553
4410.0, 0.13209736
4420.0, 0.1319994
4430.0, 0.13190162
4440.0, 0.131804
4450.0, 0.1317066
4460.0, 0.13160935
4470.0, 0.1315123
4480.0, 0.13141543
4490.0, 0.13131875
4500.0, 0.13122223
4510.0, 0.13112591
4520.0, 0.13102977
4530.0, 0.13093382
4540.0, 0.13083804
4550.0, 0.13074243
4560.0, 0.13064702
4570.0, 0.13055179
4580.0, 0.13045672
4590.0, 0.13036184
4600.0, 0.13026714
4610.0, 0.13017263
4620.0, 0.13007827
4630.0, 0.12998411
4640.0, 0.12989011
4650.0, 0.12979631
4660.0, 0.12970267
4670.0, 0.12960921
4680.0, 0.12951593
4690.0, 0.12942283
4700.0, 0.1293299
4710.0, 0.12923715
4720.0, 0.12914456
4730.0, 0.12905216
4740.0, 0.12895994
4750.0, 0.12886788
4760.0, 0.128776
4770.0, 0.12868428
4780.0, 0.12859274
4790.0, 0.12850139
4800.0, 0.12841019
4810.0, 0.12831917
4820.0, 0.12822832
4830.0, 0.12813766
4840.0, 0.12804715
4850.0, 0.12795682
4860.0, 0.12786666
4870.0, 0.12777667
4880.0, 0.12768684
4890.0, 0.1275972
4900.0, 0.12750772
4910.0, 0.1274184
4920.0, 0.12732926
4930.0, 0.12724027
4940.0, 0.12715147
4950.0, 0.12706283
4960.0, 0.12697436
4970.0, 0.12688605
4980.0, 0.12679791
4990.0, 0.12670994
5000.0, 0.12662214
5010.0, 0.12653449
5020.0, 0.12644702
5030.0, 0.12635972
5040.0, 0.12627257
5050.0, 0.1261856
5060.0, 0.12609878
5070.0, 0.12601213
5080.0, 0.12592565
5090.0, 0.12583932
5100.0, 0.12575316
5110.0, 0.12566717
5120.0, 0.12558134
5130.0, 0.12549567
5140.0, 0.12541017
5150.0, 0.12532482
5160.0, 0.12523963
5170.0, 0.1251546
5180.0, 0.12506975
5190.0, 0.12498504
5200.0, 0.124900505
5210.0, 0.12481612
5220.0, 0.124731906
5230.0, 0.12464784
5240.0, 0.12456393
5250.0, 0.12448019
5260.0, 0.12439661
5270.0, 0.12431318
5280.0, 0.124229915
5290.0, 0.124146804
5300.0, 0.12406386
5310.0, 0.12398106
5320.0, 0.12389842
5330.0, 0.12381593
5340.0, 0.12373361
5350.0, 0.12365144
5360.0, 0.12356943
5370.0, 0.12348757
5380.0, 0.12340586
5390.0, 0.12332431
5400.0, 0.12324291
5410.0, 0.12316168
5420.0, 0.12308059
5430.0, 0.12299966
5440.0, 0.122918874
5450.0, 0.12283825
5460.0, 0.122757785
5470.0, 0.12267745
5480.0, 0.12259729
5490.0, 0.12251728
5500.0, 0.12243742
5510.0, 0.122357704
5520.0, 0.12227814
5530.0, 0.12219872
5540.0, 0.12211947
5550.0, 0.12204036
5560.0, 0.1219614
5570.0, 0.121882595
5580.0, 0.12180394
5590.0, 0.121725425
5600.0, 0.12164707
5610.0, 0.12156885
5620.0, 0.12149079
5630.0, 0.12141287
5640.0, 0.12133511
5650.0, 0.121257484
5660.0, 0.12118002
5670.0, 0.12110268
5680.0, 0.12102551
5690.0, 0.12094848
5700.0, 0.120871596
5710.0, 0.120794855
5720.0, 0.12071826
5730.0, 0.12064182
5740.0, 0.12056551
5750.0, 0.12048935
5760.0, 0.12041334
5770.0, 0.12033747
5780.0, 0.12026175
5790.0, 0.120186165
5800.0, 0.120110735
5810.0, 0.12003544
5820.0, 0.119960286
5830.0, 0.11988528
5840.0, 0.11981042
5850.0, 0.119735695
5860.0, 0.119661115
5870.0, 0.119586684
5880.0, 0.11951239
5890.0, 0.11943823
5900.0, 0.11936421
5910.0, 0.119290344
5920.0, 0.119216606
5930.0, 0.11914302
5940.0, 0.11906956
5950.0, 0.11899625
5960.0, 0.118923075
5970.0, 0.11885004
5980.0, 0.11877714
5990.0, 0.11870439
6000.0, 0.11863177
6010.0, 0.11855929
6020.0, 0.118486956
6030.0, 0.118414745
6040.0, 0.118342675
6050.0, 0.118270755
6060.0, 0.11819896
6070.0, 0.1181273
6080.0, 0.11805579
6090.0, 0.11798441
6100.0, 0.11791316
6110.0, 0.11784205
6120.0, 0.11777107
6130.0, 0.117700234
6140.0, 0.11762952
6150.0, 0.11755895
6160.0, 0.11748852
6170.0, 0.117418215
6180.0, 0.117348045
6190.0, 0.11727802
6200.0, 0.117208116
6210.0, 0.11713834
6220.0, 0.117068715
6230.0, 0.11699921
6240.0, 0.11692984
6250.0, 0.116860606
6260.0, 0.1167915
6270.0, 0.116722524
6280.0, 0.11665367
6290.0, 0.116584964
6300.0, 0.11651639
6310.0, 0.11644794
6320.0, 0.11637962
6330.0, 0.11631144
6340.0, 0.11624338
6350.0, 0.11617545
6360.0, 0.11610765
6370.0, 0.116039984
6380.0, 0.115972444
6390.0, 0.11590503
6400.0, 0.115837745
6410.0, 0.11577059
6420.0, 0.11570357
6430.0, 0.11563667
6440.0, 0.1155699
6450.0, 0.11550325
6460.0, 0.11543675
6470.0, 0.11537035
6480.0, 0.11530409
6490.0, 0.11523795
6500.0, 0.11517195
6510.0, 0.11510607
6520.0, 0.11504031
6530.0, 0.11497468
6540.0, 0.11490917
6550.0, 0.114843786
6560.0, 0.11477853
6570.0, 0.1147134
6580.0, 0.114648394
6590.0, 0.114583515
6600.0, 0.114518754
6610.0, 0.11445411
6620.0, 0.114389606
6630.0, 0.11432522
6640.0, 0.11426096
6650.0, 0.11419681
6660.0, 0.11413279
6670.0, 0.114068896
6680.0, 0.11400511
6690.0, 0.11394146
6700.0, 0.11387794
6710.0, 0.113814525
6720.0, 0.11375123
6730.0, 0.11368807
6740.0, 0.11362501
6750.0, 0.113562085
6760.0, 0.11349928
6770.0, 0.113436595
6780.0, 0.11337403
6790.0, 0.11331159
6800.0, 0.11324926
6810.0, 0.113187045
6820.0, 0.11312496
6830.0, 0.11306299
6840.0, 0.11300114
6850.0, 0.1129394
6860.0, 0.11287779
6870.0, 0.11281629
6880.0, 0.11275491
6890.0, 0.11269365
6900.0, 0.11263251
6910.0, 0.11257148
6920.0, 0.11251057
6930.0, 0.11244978
6940.0, 0.112389095
6950.0, 0.11232854
6960.0, 0.11226809
6970.0, 0.112207755
6980.0, 0.11214755
6990.0, 0.11208744
7000.0, 0.11202747
7010.0, 0.11196759
7020.0, 0.11190784
7030.0, 0.111848205
7040.0, 0.11178867
7050.0, 0.111729264
7060.0, 0.111669965
7070.0, 0.11161078
7080.0, 0.11155171
7090.0, 0.11149275
7100.0, 0.11143391
7110.0, 0.111375175
7120.0, 0.111316554
7130.0, 0.11125805
7140.0, 0.111199655
7150.0, 0.11114137
7160.0, 0.1110832
7170.0, 0.11102514
7180.0, 0.11096719
7190.0, 0.11090935
7200.0, 0.11085163
7210.0, 0.110794015
7220.0, 0.110736504
7230.0, 0.11067911
7240.0, 0.11062183
7250.0, 0.110564664
7260.0, 0.11050759
7270.0, 0.11045063
7280.0, 0.11039379
7290.0, 0.11033705
7300.0, 0.110280424
7310.0, 0.110223904
7320.0, 0.110167496
7330.0, 0.11011119
7340.0, 0.11005499
7350.0, 0.109998904
7360.0, 0.10994293
7370.0, 0.109887056
7380.0, 0.109831296
7390.0, 0.10977564
7400.0, 0.10972009
7410.0, 0.109664634
7420.0, 0.1096093
7430.0, 0.109554075
7440.0, 0.10949895
7450.0, 0.109443925
7460.0, 0.10938901
7470.0, 0.10933421
7480.0, 0.1092795
7490.0, 0.1092249
7500.0, 0.109170415
7510.0, 0.10911602
7520.0, 0.10906174
7530.0, 0.10900756
7540.0, 0.10895348
7550.0, 0.10889951
7560.0, 0.10884564
7570.0, 0.10879188
7580.0, 0.108738214
7590.0, 0.10868466
7600.0, 0.10863121
7610.0, 0.108577855
7620.0, 0.1085246
7630.0, 0.108471446
7640.0, 0.108418405
7650.0, 0.10836546
7660.0, 0.10831262
7670.0, 0.10825988
7680.0, 0.10820724
7690.0, 0.10815471
7700.0, 0.10810227
7710.0, 0.10804994
7720.0, 0.1079977
7730.0, 0.10794556
7740.0, 0.107893534
7750.0, 0.1078416
7760.0, 0.10778977
7770.0, 0.107738025
7780.0, 0.10768639
7790.0, 0.107634865
7800.0, 0.107583426
7810.0, 0.107532084
7820.0, 0.10748085
7830.0, 0.107429706
7840.0, 0.10737867
7850.0, 0.10732773
7860.0, 0.10727688
7870.0, 0.10722613
7880.0, 0.107175484
7890.0, 0.10712493
7900.0, 0.10707447
7910.0, 0.10702412
7920.0, 0.10697386
7930.0, 0.10692369
7940.0, 0.106873624
7950.0, 0.10682366
7960.0, 0.10677378
7970.0, 0.106724
7980.0, 0.10667432
7990.0, 0.10662474
8000.0, 0.10657524
8010.0, 0.10652584
8020.0, 0.106476545
8030.0, 0.10642734
8040.0, 0.10637823
8050.0, 0.10632921
8060.0, 0.10628028
8070.0, 0.106231466
8080.0, 0.10618273
8090.0, 0.10613408
8100.0, 0.10608554
8110.0, 0.10603709
8120.0, 0.105988726
8130.0, 0.10594047
8140.0, 0.105892286
8150.0, 0.105844215
8160.0, 0.105796225
8170.0, 0.10574833
8180.0, 0.10570053
8190.0, 0.10565282
8200.0, 0.1056052
8210.0, 0.10555767
8220.0, 0.105510235
8230.0, 0.105462894
8240.0, 0.10541564
8250.0, 0.10536848
8260.0, 0.105321415
8270.0, 0.10527443
8280.0, 0.105227545
8290.0, 0.10518075
8300.0, 0.10513404
8310.0, 0.10508742
8320.0, 0.10504089
8330.0, 0.10499446
8340.0, 0.1049481
8350.0, 0.10490185
8360.0, 0.10485568
8370.0, 0.104809605
8380.0, 0.10476361
8390.0, 0.10471771
8400.0, 0.104671896
8410.0, 0.104626164
8420.0, 0.10458053
8430.0, 0.104534976
8440.0, 0.10448952
8450.0, 0.104444146
8460.0, 0.104398854
8470.0, 0.10435366
8480.0, 0.10430855
8490.0, 0.10426352
8500.0, 0.10421859
8510.0, 0.104173735
8520.0, 0.10412897
8530.0, 0.1040843
8540.0, 0.10403971
8550.0, 0.1039952
8560.0, 0.10395078
8570.0, 0.103906445
8580.0, 0.103862196
8590.0, 0.10381804
8600.0, 0.10377397
8610.0, 0.10372998
8620.0, 0.103686064
8630.0, 0.10364225
8640.0, 0.103598505
8650.0, 0.10355486
8660.0, 0.10351128
8670.0, 0.10346781
8680.0, 0.1034244
8690.0, 0.10338109
8700.0, 0.103337854
8710.0, 0.103294715
8720.0, 0.10325164
8730.0, 0.10320866
8740.0, 0.10316576
8750.0, 0.10312295
8760.0, 0.10308022
8770.0, 0.103037566
8780.0, 0.102995
8790.0, 0.10295251
8800.0, 0.10291012
8810.0, 0.10286779
8820.0, 0.102825545
8830.0, 0.10278339
8840.0, 0.102741316
8850.0, 0.102699324
8860.0, 0.10265741
8870.0, 0.10261558
8880.0, 0.10257383
8890.0, 0.102532156
8900.0, 0.10249057
8910.0, 0.10244906
8920.0, 0.102407634
8930.0, 0.10236628
8940.0, 0.10232501
8950.0, 0.10228383
8960.0, 0.102242716
8970.0, 0.102201685
8980.0, 0.10216074
8990.0, 0.10211986
9000.0, 0.10207908
9010.0, 0.10203836
9020.0, 0.101997726
9030.0, 0.10195717
9040.0, 0.1019167
9050.0, 0.101876296
9060.0, 0.10183597
9070.0, 0.10179574
9080.0, 0.10175557
9090.0, 0.10171549
9100.0, 0.10167547
9110.0, 0.101635545
9120.0, 0.10159569
9130.0, 0.10155591
9140.0, 0.10151622
9150.0, 0.101476595
9160.0, 0.10143705
9170.0, 0.10139758
9180.0, 0.10135818
9190.0, 0.10131887
9200.0, 0.10127964
9210.0, 0.10124047
9220.0, 0.10120138
9230.0, 0.101162374
9240.0, 0.10112344
9250.0, 0.101084575
9260.0, 0.10104579
9270.0, 0.101007074
9280.0, 0.10096845
9290.0, 0.10092988
9300.0, 0.1008914
9310.0, 0.10085299
9320.0, 0.10081465
9330.0, 0.10077638
9340.0, 0.100738205
9350.0, 0.10070008
9360.0, 0.100662045
9370.0, 0.10062408
9380.0, 0.10058619
9390.0, 0.100548364
9400.0, 0.10051062
9410.0, 0.10047295
9420.0, 0.10043535
9430.0, 0.100397825
9440.0, 0.10036036
9450.0, 0.10032299
9460.0, 0.10028568
9470.0, 0.10024845
9480.0, 0.100211285
9490.0, 0.10017418
9500.0, 0.100137174
9510.0, 0.10010023
9520.0, 0.10006335
9530.0, 0.10002654
9540.0, 0.09998981
9550.0, 0.09995315
9560.0, 0.099916555
9570.0, 0.09988004
9580.0, 0.099843584
9590.0, 0.09980721
9600.0, 0.0997709
9610.0, 0.099734664
9620.0, 0.09969851
9630.0, 0.09966241
9640.0, 0.09962638
9650.0, 0.09959043
9660.0, 0.09955453
9670.0, 0.099518724
9680.0, 0.099482976
9690.0, 0.0994473
9700.0, 0.09941169
9710.0, 0.09937615
9720.0, 0.099340685
9730.0, 0.09930527
9740.0, 0.09926995
9750.0, 0.099234685
9760.0, 0.09919948
9770.0, 0.09916437
9780.0, 0.099129304
9790.0, 0.09909431
9800.0, 0.09905939
9810.0, 0.099024534
9820.0, 0.09898975
9830.0, 0.098955035
9840.0, 0.098920375
9850.0, 0.0988858
9860.0, 0.09885128
9870.0, 0.098816834
9880.0, 0.09878245
9890.0, 0.098748125
9900.0, 0.098713875
9910.0, 0.0986797
9920.0, 0.09864558
9930.0, 0.09861153
9940.0, 0.09857755
9950.0, 0.09854363
9960.0, 0.09850978
9970.0, 0.09847599
9980.0, 0.09844227
9990.0, 0.09840862
10000.0, 0.09837503
10010.0, 0.09834151
10020.0, 0.09830805
10030.0, 0.098274656
10040.0, 0.09824132
10050.0, 0.09820806
10060.0, 0.09817486
10070.0, 0.09814173
10080.0, 0.09810866
10090.0, 0.09807566
10100.0, 0.09804271
10110.0, 0.09800984
10120.0, 0.09797702
10130.0, 0.097944275
10140.0, 0.09791159
10150.0, 0.09787897
10160.0, 0.09784641
10170.0, 0.09781391
10180.0, 0.09778148
10190.0, 0.097749114
10200.0, 0.09771681
10210.0, 0.09768456
10220.0, 0.09765238
10230.0, 0.09762026
10240.0, 0.09758821
10250.0, 0.097556226
10260.0, 0.09752429
10270.0, 0.097492434
10280.0, 0.09746062
10290.0, 0.09742887
10300.0, 0.0973972
10310.0, 0.09736557
10320.0, 0.09733402
10330.0, 0.097302526
10340.0, 0.097271085
10350.0, 0.0972397
10360.0, 0.0972084
10370.0, 0.09717714
10380.0, 0.09714595
10390.0, 0.09711482
10400.0, 0.09708375
10410.0, 0.09705274
10420.0, 0.097021796
10430.0, 0.096990906
10440.0, 0.09696008
10450.0, 0.096929304
10460.0, 0.0968986
10470.0, 0.09686795
10480.0, 0.09683736
10490.0, 0.09680683
10500.0, 0.096776366
10510.0, 0.09674595
10520.0, 0.09671561
10530.0, 0.09668531
10540.0, 0.09665508
10550.0, 0.0966249
10560.0, 0.09659479
10570.0, 0.09656473
10580.0, 0.09653474
10590.0, 0.09650479
10600.0, 0.096474916
10610.0, 0.09644509
10620.0, 0.096415326
10630.0, 0.09638562
10640.0, 0.096355975
10650.0, 0.09632639
10660.0, 0.096296854
10670.0, 0.09626737
10680.0, 0.09623796
10690.0, 0.0962086
10700.0, 0.09617929
10710.0, 0.09615005
10720.0, 0.09612086
10730.0, 0.09609173
10740.0, 0.096062645
10750.0, 0.09603363
10760.0, 0.09600467
10770.0, 0.095975764
10780.0, 0.095946915
10790.0, 0.09591813
10800.0, 0.09588939
10810.0, 0.095860705
10820.0, 0.09583209
10830.0, 0.09580352
10840.0, 0.09577501
10850.0, 0.095746554
10860.0, 0.09571815
10870.0, 0.0956898
10880.0, 0.095661506
10890.0, 0.095633276
10900.0, 0.09560509
10910.0, 0.09557697
10920.0, 0.0955489
10930.0, 0.095520884
10940.0, 0.09549292
10950.0, 0.09546502
10960.0, 0.09543716
10970.0, 0.09540936
10980.0, 0.095381625
10990.0, 0.09535394
11000.0, 0.0953263
11010.0, 0.09529872
11020.0, 0.09527119
11030.0, 0.09524372
11040.0, 0.0952163
11050.0, 0.09518894
11060.0, 0.095161624
11070.0, 0.09513436
11080.0, 0.09510716
11090.0, 0.09508001
11100.0, 0.095052905
11110.0, 0.09502587
11120.0, 0.09499887
11130.0, 0.094971925
11140.0, 0.094945036
11150.0, 0.09491821
11160.0, 0.09489142
11170.0, 0.09486469
11180.0, 0.09483801
11190.0, 0.09481139
11200.0, 0.0947848
11210.0, 0.09475828
11220.0, 0.094731815
11230.0, 0.094705395
11240.0, 0.09467903
11250.0, 0.09465271
11260.0, 0.09462644
11270.0, 0.09460024
11280.0, 0.09457407
11290.0, 0.094547965
11300.0, 0.0945219
11310.0, 0.0944959
11320.0, 0.09446994
11330.0, 0.09444404
11340.0, 0.094418176
11350.0, 0.09439237
11360.0, 0.09436662
11370.0, 0.09434091
11380.0, 0.09431525
11390.0, 0.094289646
11400.0, 0.0942641
11410.0, 0.094238594
11420.0, 0.09421314
11430.0, 0.09418774
11440.0, 0.094162375
11450.0, 0.09413707
11460.0, 0.094111815
11470.0, 0.09408661
11480.0, 0.09406145
11490.0, 0.09403635
11500.0, 0.094011284
11510.0, 0.09398627
11520.0, 0.09396131
11530.0, 0.093936406
11540.0, 0.09391154
11550.0, 0.093886726
11560.0, 0.09386197
11570.0, 0.09383725
11580.0, 0.09381258
11590.0, 0.09378795
11600.0, 0.09376338
11610.0, 0.09373886
11620.0, 0.093714386
11630.0, 0.093689956
11640.0, 0.09366557
11650.0, 0.09364124
11660.0, 0.093616955
11670.0, 0.09359272
11680.0, 0.093568526
11690.0, 0.09354439
11700.0, 0.09352028
11710.0, 0.09349624
11720.0, 0.093472235
11730.0, 0.09344828
11740.0, 0.09342437
11750.0, 0.093400516
11760.0, 0.093376696
11770.0, 0.093352936
11780.0, 0.09332921
11790.0, 0.093305536
11800.0, 0.09328191
11810.0, 0.09325833
11820.0, 0.09323479
11830.0, 0.0932113
11840.0, 0.09318785
11850.0, 0.09316447
11860.0, 0.093141116
11870.0, 0.09311781
11880.0, 0.09309454
11890.0, 0.09307133
11900.0, 0.09304816
11910.0, 0.093025036
11920.0, 0.093001954
11930.0, 0.092978925
11940.0, 0.09295594
11950.0, 0.09293299
11960.0, 0.092910096
11970.0, 0.092887245
11980.0, 0.09286443
11990.0, 0.09284168
12000.0, 0.09281895
12010.0, 0.09279627
12020.0, 0.09277365
12030.0, 0.09275107
12040.0, 0.09272852
12050.0, 0.092706025
12060.0, 0.09268357
12070.0, 0.09266117
12080.0, 0.092638806
12090.0, 0.09261648
12100.0, 0.0925942
12110.0, 0.092571974
12120.0, 0.09254978
12130.0, 0.092527635
12140.0, 0.09250552
12150.0, 0.09248347
12160.0, 0.09246145
12170.0, 0.09243948
12180.0, 0.092417546
12190.0, 0.09239566
12200.0, 0.09237382
12210.0, 0.09235201
12220.0, 0.09233026
12230.0, 0.09230854
12240.0, 0.09228686
12250.0, 0.09226523
12260.0, 0.09224364
12270.0, 0.0922221
12280.0, 0.0922006
12290.0, 0.09217914
12300.0, 0.092157714
12310.0, 0.09213634
12320.0, 0.092115
12330.0, 0.092093706
12340.0, 0.09207246
12350.0, 0.092051245
12360.0, 0.09203008
12370.0, 0.09200895
12380.0, 0.09198786
12390.0, 0.09196682
12400.0, 0.09194582
12410.0, 0.09192485
12420.0, 0.09190394
12430.0, 0.091883056
12440.0, 0.09186222
12450.0, 0.09184142
12460.0, 0.091820665
12470.0, 0.09179995
12480.0, 0.09177927
12490.0, 0.09175864
12500.0, 0.091738045
12510.0, 0.09171749
12520.0, 0.09169698
12530.0, 0.0916765
12540.0, 0.091656074
12550.0, 0.091635674
12560.0, 0.09161533
12570.0, 0.09159502
12580.0, 0.091574736
12590.0, 0.09155451
12600.0, 0.09153432
12610.0, 0.091514155
12620.0, 0.091494046
12630.0, 0.091473974
12640.0, 0.09145393
12650.0, 0.09143394
12660.0, 0.09141399
12670.0, 0.09139407
12680.0, 0.09137419
12690.0, 0.091354355
12700.0, 0.091334544
12710.0, 0.091314785
12720.0, 0.09129506
12730.0, 0.09127538
12740.0, 0.09125574
12750.0, 0.09123613
12760.0, 0.091216564
12770.0, 0.09119703
12780.0, 0.091177545
12790.0, 0.091158085
12800.0, 0.09113867
12810.0, 0.0911193
12820.0, 0.091099955
12830.0, 0.09108065
12840.0, 0.0910614
12850.0, 0.09104217
12860.0, 0.09102298
12870.0, 0.09100383
12880.0, 0.090984724
12890.0, 0.09096565
12900.0, 0.090946615
12910.0, 0.090927616
12920.0, 0.090908654
12930.0, 0.09088973
12940.0, 0.09087084
12950.0, 0.090851985
12960.0, 0.09083318
12970.0, 0.090814404
12980.0, 0.090795666
12990.0, 0.09077696
13000.0, 0.0907583
13010.0, 0.09073967
13020.0, 0.09072108
13030.0, 0.09070252
13040.0, 0.090684
13050.0, 0.09066551
13060.0, 0.090647064
13070.0, 0.090628654
13080.0, 0.09061029
13090.0, 0.090591945
13100.0, 0.090573646
13110.0, 0.090555385
13120.0, 0.09053715
13130.0, 0.09051896
13140.0, 0.0905008
13150.0, 0.090482675
13160.0, 0.09046459
13170.0, 0.09044655
13180.0, 0.09042852
13190.0, 0.090410545
13200.0, 0.0903926
13210.0, 0.09037469
13220.0, 0.09035681
13230.0, 0.090338975
13240.0, 0.090321176
13250.0, 0.090303406
13260.0, 0.090285674
13270.0, 0.09026797
13280.0, 0.090250306
13290.0, 0.09023268
13300.0, 0.09021508
13310.0, 0.090197526
13320.0, 0.09018
13330.0, 0.09016251
13340.0, 0.09014505
13350.0, 0.090127625
13360.0, 0.09011024
13370.0, 0.09009288
13380.0, 0.09007557
13390.0, 0.09005828
13400.0, 0.09004103
13410.0, 0.090023816
13420.0, 0.09000663
13430.0, 0.089989476
13440.0, 0.08997236
13450.0, 0.08995528
13460.0, 0.08993823
13470.0, 0.08992121
13480.0, 0.089904234
13490.0, 0.089887284
13500.0, 0.08987037
13510.0, 0.08985349
13520.0, 0.08983664
13530.0, 0.089819826
13540.0, 0.08980305
13550.0, 0.0897863
13560.0, 0.08976958
13570.0, 0.0897529
13580.0, 0.089736246
13590.0, 0.08971962
13600.0, 0.089703046
13610.0, 0.08968649
13620.0, 0.08966997
13630.0, 0.089653485
13640.0, 0.089637026
13650.0, 0.089620605
13660.0, 0.089604214
13670.0, 0.08958786
13680.0, 0.089571536
13690.0, 0.08955524
13700.0, 0.089538984
13710.0, 0.08952275
13720.0, 0.08950656
13730.0, 0.08949039
13740.0, 0.08947425
13750.0, 0.08945815
13760.0, 0.08944209
13770.0, 0.08942605
13780.0, 0.089410044
13790.0, 0.08939407
13800.0, 0.08937812
13810.0, 0.08936221
13820.0, 0.08934633
13830.0, 0.08933048
13840.0, 0.08931466
13850.0, 0.089298874
13860.0, 0.08928312
13870.0, 0.089267395
13880.0, 0.0892517
13890.0, 0.089236036
13900.0, 0.089220405
13910.0, 0.0892048
13920.0, 0.08918923
13930.0, 0.0891737
13940.0, 0.089158185
13950.0, 0.08914271
13960.0, 0.08912726
13970.0, 0.08911184
13980.0, 0.08909646
13990.0, 0.0890811
14000.0, 0.089065775
14010.0, 0.08905047
14020.0, 0.089035206
14030.0, 0.08901998
14040.0, 0.08900477
14050.0, 0.088989586
14060.0, 0.088974446
14070.0, 0.08895933
14080.0, 0.08894424
14090.0, 0.088929184
14100.0, 0.088914156
14110.0, 0.08889916
14120.0, 0.08888419
14130.0, 0.08886925
14140.0, 0.08885435
14150.0, 0.088839464
14160.0, 0.088824615
14170.0, 0.088809796
14180.0, 0.08879501
14190.0, 0.08878024
14200.0, 0.08876551
14210.0, 0.0887508
14220.0, 0.088736124
14230.0, 0.088721484
14240.0, 0.088706866
14250.0, 0.08869228
14260.0, 0.08867771
14270.0, 0.08866318
14280.0, 0.088648684
14290.0, 0.08863421
14300.0, 0.08861977
14310.0, 0.088605344
14320.0, 0.08859096
14330.0, 0.0885766
14340.0, 0.088562265
14350.0, 0.08854796
14360.0, 0.088533685
14370.0, 0.08851944
14380.0, 0.08850522
14390.0, 0.08849103
14400.0, 0.08847687
14410.0, 0.08846273
14420.0, 0.08844863
14430.0, 0.08843455
14440.0, 0.088420495
14450.0, 0.08840647
14460.0, 0.08839248
14470.0, 0.08837851
14480.0, 0.08836457
14490.0, 0.08835065
14500.0, 0.088336766
14510.0, 0.08832291
14520.0, 0.08830908
14530.0, 0.08829528
14540.0, 0.0882815
14550.0, 0.08826775
14560.0, 0.08825403
14570.0, 0.08824033
14580.0, 0.08822667
14590.0, 0.08821303
14600.0, 0.08819941
14610.0, 0.088185824
14620.0, 0.088172264
14630.0, 0.088158734
14640.0, 0.08814522
14650.0, 0.08813174
14660.0, 0.08811829
14670.0, 0.08810487
14680.0, 0.08809146
14690.0, 0.08807809
14700.0, 0.088064745
14710.0, 0.088051416
14720.0, 0.088038124
14730.0, 0.088024855
14740.0, 0.088011615
14750.0, 0.0879984
14760.0, 0.0879852
14770.0, 0.087972045
14780.0, 0.08795891
14790.0, 0.08794579
14800.0, 0.087932706
14810.0, 0.087919645
14820.0, 0.087906614
14830.0, 0.0878936
14840.0, 0.08788062
14850.0, 0.08786766
14860.0, 0.08785473
14870.0, 0.08784182
14880.0, 0.08782894
14890.0, 0.08781608
14900.0, 0.08780326
14910.0, 0.08779045
14920.0, 0.087777674
14930.0, 0.08776491
14940.0, 0.08775219
14950.0, 0.08773948
14960.0, 0.0877268
14970.0, 0.08771415
14980.0, 0.08770152
14990.0, 0.087688915
15000.0, 0.08767634
15010.0, 0.087663785
15020.0, 0.08765125
15030.0, 0.08763875
15040.0, 0.08762627
15050.0, 0.08761381
15060.0, 0.087601386
15070.0, 0.08758898
15080.0, 0.0875766
15090.0, 0.08756424
15100.0, 0.087551914
15110.0, 0.0875396
15120.0, 0.08752732
15130.0, 0.087515056
15140.0, 0.08750282
15150.0, 0.08749061
15160.0, 0.08747843
15170.0, 0.08746626
15180.0, 0.087454125
15190.0, 0.08744201
15200.0, 0.08742992
15210.0, 0.08741785
15220.0, 0.08740581
15230.0, 0.08739379
15240.0, 0.087381795
15250.0, 0.087369815
15260.0, 0.08735787
15270.0, 0.08734594
15280.0, 0.087334044
15290.0, 0.08732217
15300.0, 0.087310314
15310.0, 0.08729848
15320.0, 0.08728668
15330.0, 0.087274894
15340.0, 0.08726313
15350.0, 0.087251395
15360.0, 0.08723968
15370.0, 0.08722799
15380.0, 0.08721632
15390.0, 0.08720467
15400.0, 0.08719305
15410.0, 0.08718146
15420.0, 0.08716988
15430.0, 0.08715832
15440.0, 0.0871468
15450.0, 0.08713529
15460.0, 0.087123804
15470.0, 0.087112345
15480.0, 0.0871009
15490.0, 0.08708949
15500.0, 0.087078094
15510.0, 0.087066725
15520.0, 0.08705538
15530.0, 0.087044045
15540.0, 0.08703274
15550.0, 0.08702146
15560.0, 0.087010205
15570.0, 0.08699896
15580.0, 0.08698775
15590.0, 0.08697656
15600.0, 0.08696539
15610.0, 0.086954236
15620.0, 0.08694311
15630.0, 0.086932
15640.0, 0.086920924
15650.0, 0.08690987
15660.0, 0.086898826
15670.0, 0.08688781
15680.0, 0.08687682
15690.0, 0.08686584
15700.0, 0.08685489
15710.0, 0.08684396
15720.0, 0.08683305
15730.0, 0.08682216
15740.0, 0.0868113
15750.0, 0.086800456
15760.0, 0.08678964
15770.0, 0.086778834
15780.0, 0.08676805
15790.0, 0.086757295
15800.0, 0.08674656
15810.0, 0.086735845
15820.0, 0.086725146
15830.0, 0.08671448
15840.0, 0.08670382
15850.0, 0.08669319
15860.0, 0.08668258
15870.0, 0.08667199
15880.0, 0.08666143
15890.0, 0.08665088
15900.0, 0.08664035
15910.0, 0.086629845
15920.0, 0.08661936
15930.0, 0.0866089
15940.0, 0.086598456
15950.0, 0.08658803
15960.0, 0.08657763
15970.0, 0.08656725
15980.0, 0.08655689
15990.0, 0.08654655
16000.0, 0.08653623
16010.0, 0.08652593
16020.0, 0.08651565
16030.0, 0.0865054
16040.0, 0.08649515
16050.0, 0.08648494
16060.0, 0.08647474
16070.0, 0.08646456
16080.0, 0.08645441
16090.0, 0.086444266
16100.0, 0.08643415
16110.0, 0.08642405
16120.0, 0.08641398
16130.0, 0.086403914
16140.0, 0.08639388
16150.0, 0.086383864
16160.0, 0.086373866
16170.0, 0.08636389
16180.0, 0.08635393
16190.0, 0.08634399
16200.0, 0.08633407
16210.0, 0.08632417
16220.0, 0.0863143
16230.0, 0.08630443
16240.0, 0.0862946
16250.0, 0.08628477
16260.0, 0.086274974
16270.0, 0.08626519
16280.0, 0.08625543
16290.0, 0.086245686
16300.0, 0.08623596
16310.0, 0.08622626
16320.0, 0.08621657
16330.0, 0.086206906
16340.0, 0.08619726
16350.0, 0.08618763
16360.0, 0.08617802
16370.0, 0.08616843
16380.0, 0.08615886
16390.0, 0.08614931
16400.0, 0.086139776
16410.0, 0.08613026
16420.0, 0.08612077
16430.0, 0.08611129
16440.0, 0.08610183
16450.0, 0.08609239
16460.0, 0.08608297
16470.0, 0.08607357
16480.0, 0.08606419
16490.0, 0.086054824
16500.0, 0.08604548
16510.0, 0.08603615
16520.0, 0.08602685
16530.0, 0.08601755
16540.0, 0.08600828
16550.0, 0.08599903
16560.0, 0.08598979
16570.0, 0.08598058
16580.0, 0.08597138
16590.0, 0.08596219
16600.0, 0.085953034
16610.0, 0.085943885
16620.0, 0.085934766
16630.0, 0.08592565
16640.0, 0.085916564
16650.0, 0.0859075
16660.0, 0.08589844
16670.0, 0.0858894
16680.0, 0.085880384
16690.0, 0.08587138
16700.0, 0.085862406
16710.0, 0.085853435
16720.0, 0.08584449
16730.0, 0.08583556
16740.0, 0.08582665
16750.0, 0.085817754
16760.0, 0.08580888
16770.0, 0.08580002
16780.0, 0.085791185
16790.0, 0.08578236
16800.0, 0.08577356
16810.0, 0.085764766
16820.0, 0.08575599
16830.0, 0.08574724
16840.0, 0.0857385
16850.0, 0.085729785
16860.0, 0.08572108
16870.0, 0.0857124
16880.0, 0.08570373
16890.0, 0.08569508
16900.0, 0.085686445
16910.0, 0.08567783
16920.0, 0.085669234
16930.0, 0.08566065
16940.0, 0.08565209
16950.0, 0.08564354
16960.0, 0.08563501
16970.0, 0.0856265
16980.0, 0.085618
16990.0, 0.08560952
17000.0, 0.085601054
17010.0, 0.08559261
17020.0, 0.08558418
17030.0, 0.08557577
17040.0, 0.08556737
17050.0, 0.08555899
17060.0, 0.08555063
17070.0, 0.08554228
17080.0, 0.08553395
17090.0, 0.08552564
17100.0, 0.08551734
17110.0, 0.08550906
17120.0, 0.08550079
17130.0, 0.08549255
17140.0, 0.08548432
17150.0, 0.0854761
17160.0, 0.085467905
17170.0, 0.085459724
17180.0, 0.08545156
17190.0, 0.08544341
17200.0, 0.08543527
17210.0, 0.08542715
17220.0, 0.08541905
17230.0, 0.08541097
17240.0, 0.08540289
17250.0, 0.085394844
17260.0, 0.085386805
17270.0, 0.08537879
17280.0, 0.08537078
17290.0, 0.085362785
17300.0, 0.08535481
17310.0, 0.085346855
17320.0, 0.08533891
17330.0, 0.085330985
17340.0, 0.08532308
17350.0, 0.08531518
17360.0, 0.08530731
17370.0, 0.08529944
17380.0, 0.085291594
17390.0, 0.085283756
17400.0, 0.08527594
17410.0, 0.08526814
17420.0, 0.085260354
17430.0, 0.08525258
17440.0, 0.08524483
17450.0, 0.085237086
17460.0, 0.08522936
17470.0, 0.085221656
17480.0, 0.08521396
17490.0, 0.085206285
17500.0, 0.08519862
17510.0, 0.08519097
17520.0, 0.08518334
17530.0, 0.085175715
17540.0, 0.085168116
17550.0, 0.08516052
17560.0, 0.085152954
17570.0, 0.08514539
17580.0, 0.08513785
17590.0, 0.08513033
17600.0, 0.085122816
17610.0, 0.08511531
17620.0, 0.08510783
17630.0, 0.08510037
17640.0, 0.08509291
17650.0, 0.085085474
17660.0, 0.085078046
17670.0, 0.08507064
17680.0, 0.08506325
17690.0, 0.085055865
17700.0, 0.085048504
17710.0, 0.08504115
17720.0, 0.08503382
17730.0, 0.085026495
17740.0, 0.085019186
17750.0, 0.08501189
17760.0, 0.08500462
17770.0, 0.084997356
17780.0, 0.08499011
17790.0, 0.08498287
17800.0, 0.08497565
17810.0, 0.08496845
17820.0, 0.08496125
17830.0, 0.084954076
17840.0, 0.084946916
17850.0, 0.08493976
17860.0, 0.08493263
17870.0, 0.08492551
17880.0, 0.0849184
17890.0, 0.08491132
17900.0, 0.08490424
17910.0, 0.084897175
17920.0, 0.08489012
17930.0, 0.08488308
17940.0, 0.08487606
17950.0, 0.08486905
17960.0, 0.08486206
17970.0, 0.08485508
17980.0, 0.08484811
17990.0, 0.08484116
18000.0, 0.084834225
18010.0, 0.0848273
18020.0, 0.08482039
18030.0, 0.08481349
18040.0, 0.0848066
18050.0, 0.08479973
18060.0, 0.08479288
18070.0, 0.084786035
18080.0, 0.08477921
18090.0, 0.084772386
18100.0, 0.08476558
18110.0, 0.0847588
18120.0, 0.08475202
18130.0, 0.08474526
18140.0, 0.08473851
18150.0, 0.08473177
18160.0, 0.08472505
18170.0, 0.08471835
18180.0, 0.08471165
18190.0, 0.08470497
18200.0, 0.084698305
18210.0, 0.08469165
18220.0, 0.084685005
18230.0, 0.084678374
18240.0, 0.084671766
18250.0, 0.08466516
18260.0, 0.08465857
18270.0, 0.08465199
18280.0, 0.08464543
18290.0, 0.08463888
18300.0, 0.084632345
18310.0, 0.08462582
18320.0, 0.084619306
18330.0, 0.08461281
18340.0, 0.08460633
18350.0, 0.08459985
18360.0, 0.08459339
18370.0, 0.08458695
18380.0, 0.08458051
18390.0, 0.084574096
18400.0, 0.08456768
18410.0, 0.08456129
18420.0, 0.0845549
18430.0, 0.08454853
18440.0, 0.08454218
18450.0, 0.08453583
18460.0, 0.0845295
18470.0, 0.08452318
18480.0, 0.08451687
18490.0, 0.08451058
18500.0, 0.08450429
18510.0, 0.084498025
18520.0, 0.08449177
18530.0, 0.08448552
18540.0, 0.08447929
18550.0, 0.08447307
18560.0, 0.08446686
18570.0, 0.08446067
18580.0, 0.084454484
18590.0, 0.084448315
18600.0, 0.08444215
18610.0, 0.08443601
18620.0, 0.084429875
18630.0, 0.08442375
18640.0, 0.08441764
18650.0, 0.08441155
18660.0, 0.08440546
18670.0, 0.08439939
18680.0, 0.08439332
18690.0, 0.08438727
18700.0, 0.08438124
18710.0, 0.08437521
18720.0, 0.0843692
18730.0, 0.0843632
18740.0, 0.08435721
18750.0, 0.084351234
18760.0, 0.084345266
18770.0, 0.08433931
18780.0, 0.08433337
18790.0, 0.08432744
18800.0, 0.08432152
18810.0, 0.08431561
18820.0, 0.08430972
18830.0, 0.08430383
18840.0, 0.08429796
18850.0, 0.08429211
18860.0, 0.08428626
18870.0, 0.084280424
18880.0, 0.08427459
18890.0, 0.08426878
18900.0, 0.08426298
18910.0, 0.08425719
18920.0, 0.08425141
18930.0, 0.084245645
18940.0, 0.084239885
18950.0, 0.08423414
18960.0, 0.08422841
18970.0, 0.08422269
18980.0, 0.08421698
18990.0, 0.08421128
19000.0, 0.08420559
19010.0, 0.08419991
19020.0, 0.08419425
19030.0, 0.084188595
19040.0, 0.084182955
19050.0, 0.08417732
19060.0, 0.084171705
19070.0, 0.084166095
19080.0, 0.0841605
19090.0, 0.08415491
19100.0, 0.08414934
19110.0, 0.08414377
19120.0, 0.084138215
19130.0, 0.08413268
19140.0, 0.08412714
19150.0, 0.08412162
19160.0, 0.084116116
19170.0, 0.08411062
19180.0, 0.08410513
19190.0, 0.08409965
19200.0, 0.08409418
19210.0, 0.084088735
19220.0, 0.08408329
19230.0, 0.08407785
19240.0, 0.08407243
19250.0, 0.084067024
19260.0, 0.084061615
19270.0, 0.08405623
19280.0, 0.08405085
19290.0, 0.084045485
19300.0, 0.08404013
19310.0, 0.08403478
19320.0, 0.084029436
19330.0, 0.08402412
19340.0, 0.0840188
19350.0, 0.08401349
19360.0, 0.0840082
19370.0, 0.08400291
19380.0, 0.08399764
19390.0, 0.08399238
19400.0, 0.083987124
19410.0, 0.08398189
19420.0, 0.08397665
19430.0, 0.08397143
19440.0, 0.08396622
19450.0, 0.083961025
19460.0, 0.08395583
19470.0, 0.08395065
19480.0, 0.083945476
19490.0, 0.08394032
19500.0, 0.08393517
19510.0, 0.08393004
19520.0, 0.08392491
19530.0, 0.083919786
19540.0, 0.08391468
19550.0, 0.08390958
19560.0, 0.08390449
19570.0, 0.083899416
19580.0, 0.08389435
19590.0, 0.08388929
19600.0, 0.08388425
19610.0, 0.0838792
19620.0, 0.08387418
19630.0, 0.08386916
19640.0, 0.08386415
19650.0, 0.08385916
19660.0, 0.08385417
19670.0, 0.08384919
19680.0, 0.08384422
19690.0, 0.08383927
19700.0, 0.08383432
19710.0, 0.08382938
19720.0, 0.083824456
19730.0, 0.08381953
19740.0, 0.08381463
19750.0, 0.083809726
19760.0, 0.08380484
19770.0, 0.08379996
19780.0, 0.08379509
19790.0, 0.08379023
19800.0, 0.08378538
19810.0, 0.083780535
19820.0, 0.08377571
19830.0, 0.083770886
19840.0, 0.08376607
19850.0, 0.083761275
19860.0, 0.08375648
19870.0, 0.08375169
19880.0, 0.08374692
19890.0, 0.08374216
19900.0, 0.0837374
19910.0, 0.08373266
19920.0, 0.08372792
19930.0, 0.083723195
19940.0, 0.08371848
19950.0, 0.08371377
19960.0, 0.083709076
19970.0, 0.08370438
19980.0, 0.0836997
19990.0, 0.08369503
20000.0, 0.083690375
20010.0, 0.08368572
20020.0, 0.08368108
20030.0, 0.08367645
20040.0, 0.08367182
20050.0, 0.08366721
20060.0, 0.0836626
20070.0, 0.083658
20080.0, 0.08365342
20090.0, 0.08364884
20100.0, 0.08364427
20110.0, 0.08363971
20120.0, 0.08363516
20130.0, 0.083630614
20140.0, 0.083626084
20150.0, 0.08362156
20160.0, 0.08361705
20170.0, 0.08361254
20180.0, 0.083608046
20190.0, 0.08360355
20200.0, 0.083599076
20210.0, 0.083594605
20220.0, 0.08359014
20230.0, 0.083585694
20240.0, 0.083581254
20250.0, 0.08357681
20260.0, 0.08357239
20270.0, 0.08356797
20280.0, 0.083563566
20290.0, 0.08355916
20300.0, 0.083554775
20310.0, 0.08355039
20320.0, 0.08354601
20330.0, 0.083541654
20340.0, 0.083537295
20350.0, 0.08353295
20360.0, 0.083528616
20370.0, 0.08352429
20380.0, 0.08351996
20390.0, 0.08351565
20400.0, 0.083511345
20410.0, 0.08350705
20420.0, 0.08350276
20430.0, 0.083498485
20440.0, 0.083494216
20450.0, 0.08348995
20460.0, 0.0834857
20470.0, 0.08348145
20480.0, 0.083477214
20490.0, 0.08347299
20500.0, 0.08346877
20510.0, 0.08346456
20520.0, 0.08346035
20530.0, 0.083456166
20540.0, 0.08345198
20550.0, 0.0834478
20560.0, 0.083443634
20570.0, 0.08343948
20580.0, 0.08343532
20590.0, 0.08343118
20600.0, 0.083427034
20610.0, 0.083422914
20620.0, 0.083418794
20630.0, 0.08341468
20640.0, 0.083410576
20650.0, 0.08340648
20660.0, 0.083402395
20670.0, 0.08339832
20680.0, 0.083394244
20690.0, 0.083390184
20700.0, 0.08338613
20710.0, 0.083382085
20720.0, 0.08337805
20730.0, 0.083374016
20740.0, 0.08336999
20750.0, 0.08336598
20760.0, 0.08336197
20770.0, 0.083357975
20780.0, 0.08335398
20790.0, 0.08335
20800.0, 0.083346024
20810.0, 0.08334206
20820.0, 0.083338104
20830.0, 0.083334155
20840.0, 0.08333021
20850.0, 0.08332627
20860.0, 0.083322346
20870.0, 0.08331843
20880.0, 0.083314516
20890.0, 0.08331061
20900.0, 0.083306715
20910.0, 0.08330283
20920.0, 0.08329895
20930.0, 0.08329508
20940.0, 0.08329121
20950.0, 0.08328735
20960.0, 0.08328351
20970.0, 0.08327966
20980.0, 0.083275825
20990.0, 0.083271995
21000.0, 0.08326818
21010.0, 0.083264366
21020.0, 0.083260566
21030.0, 0.083256766
21040.0, 0.08325298
21050.0, 0.0832492
21060.0, 0.08324543
21070.0, 0.08324166
21080.0, 0.0832379
21090.0, 0.08323415
21100.0, 0.083230406
21110.0, 0.083226666
21120.0, 0.08322294
21130.0, 0.083219215
21140.0, 0.083215505
21150.0, 0.0832118
21160.0, 0.0832081
21170.0, 0.0832044
21180.0, 0.08320072
21190.0, 0.08319704
21200.0, 0.08319338
21210.0, 0.08318971
21220.0, 0.08318606
21230.0, 0.08318241
21240.0, 0.083178766
21250.0, 0.08317514
21260.0, 0.08317151
21270.0, 0.08316789
21280.0, 0.08316428
21290.0, 0.083160676
21300.0, 0.08315708
21310.0, 0.083153486
21320.0, 0.0831499
21330.0, 0.083146326
21340.0, 0.08314276
21350.0, 0.083139196
21360.0, 0.08313564
21370.0, 0.083132096
21380.0, 0.08312855
21390.0, 0.08312502
21400.0, 0.08312149
21410.0, 0.08311798
21420.0, 0.08311447
21430.0, 0.08311096
21440.0, 0.08310746
21450.0, 0.08310397
21460.0, 0.08310048
21470.0, 0.083097
21480.0, 0.08309353
21490.0, 0.08309007
21500.0, 0.08308661
21510.0, 0.08308316
21520.0, 0.08307972
21530.0, 0.08307628
21540.0, 0.083072856
21550.0, 0.083069436
21560.0, 0.08306602
21570.0, 0.08306261
21580.0, 0.08305921
21590.0, 0.08305581
21600.0, 0.08305242
21610.0, 0.083049044
21620.0, 0.08304567
21630.0, 0.083042294
21640.0, 0.08303893
21650.0, 0.08303558
21660.0, 0.08303223
21670.0, 0.08302889
21680.0, 0.08302555
21690.0, 0.08302223
21700.0, 0.08301891
21710.0, 0.08301559
21720.0, 0.08301228
21730.0, 0.08300898
21740.0, 0.08300568
21750.0, 0.083002396
21760.0, 0.08299911
21770.0, 0.08299584
21780.0, 0.08299257
21790.0, 0.082989305
21800.0, 0.08298605
21810.0, 0.0829828
21820.0, 0.08297956
21830.0, 0.08297632
21840.0, 0.08297309
21850.0, 0.08296987
21860.0, 0.08296665
21870.0, 0.08296344
21880.0, 0.08296023
21890.0, 0.08295704
21900.0, 0.08295384
21910.0, 0.08295066
21920.0, 0.08294748
21930.0, 0.08294431
21940.0, 0.08294114
21950.0, 0.082937986
21960.0, 0.08293483
21970.0, 0.08293168
21980.0, 0.08292854
21990.0, 0.0829254
22000.0, 0.08292227
22010.0, 0.08291915
22020.0, 0.082916036
22030.0, 0.08291292
22040.0, 0.08290982
22050.0, 0.08290672
22060.0, 0.08290363
22070.0, 0.08290055
22080.0, 0.08289746
22090.0, 0.08289439
22100.0, 0.08289132
22110.0, 0.08288827
22120.0, 0.08288521
22130.0, 0.08288216
22140.0, 0.08287912
22150.0, 0.08287608
22160.0, 0.082873054
22170.0, 0.08287003
22180.0, 0.08286701
22190.0, 0.082863994
22200.0, 0.08286099
22210.0, 0.08285799
22220.0, 0.08285499
22230.0, 0.082852006
22240.0, 0.082849026
22250.0, 0.082846045
22260.0, 0.08284308
22270.0, 0.082840115
22280.0, 0.08283716
22290.0, 0.0828342
22300.0, 0.082831256
22310.0, 0.08282831
22320.0, 0.08282538
22330.0, 0.08282244
22340.0, 0.08281952
22350.0, 0.08281661
22360.0, 0.082813695
22370.0, 0.08281079
22380.0, 0.08280788
22390.0, 0.08280499
22400.0, 0.0828021
22410.0, 0.08279922
22420.0, 0.08279634
22430.0, 0.08279347
22440.0, 0.082790606
22450.0, 0.082787745
22460.0, 0.08278489
22470.0, 0.08278204
22480.0, 0.0827792
22490.0, 0.08277636
22500.0, 0.08277353
22510.0, 0.082770705
22520.0, 0.08276788
22530.0, 0.082765065
22540.0, 0.082762256
22550.0, 0.082759455
22560.0, 0.08275665
22570.0, 0.08275386
22580.0, 0.08275108
22590.0, 0.082748294
22600.0, 0.082745515
22610.0, 0.08274275
22620.0, 0.08273998
22630.0, 0.08273722
22640.0, 0.08273447
22650.0, 0.082731724
22660.0, 0.082728975
22670.0, 0.08272624
22680.0, 0.082723506
22690.0, 0.08272079
22700.0, 0.08271806
22710.0, 0.08271535
22720.0, 0.082712635
22730.0, 0.08270993
22740.0, 0.082707234
22750.0, 0.08270454
22760.0, 0.08270185
22770.0, 0.082699165
22780.0, 0.08269648
22790.0, 0.082693815
22800.0, 0.08269115
22810.0, 0.08268849
22820.0, 0.08268583
22830.0, 0.082683176
22840.0, 0.08268053
22850.0, 0.082677886
22860.0, 0.082675256
22870.0, 0.08267262
22880.0, 0.082669996
22890.0, 0.08266738
22900.0, 0.082664765
22910.0, 0.08266216
22920.0, 0.08265955
22930.0, 0.08265695
22940.0, 0.08265436
22950.0, 0.08265177
22960.0, 0.082649186
22970.0, 0.08264661
22980.0, 0.08264403
22990.0, 0.08264147
23000.0, 0.082638904
23010.0, 0.08263634
23020.0, 0.08263379
23030.0, 0.082631245
23040.0, 0.082628705
23050.0, 0.082626164
23060.0, 0.08262363
23070.0, 0.082621105
23080.0, 0.08261858
23090.0, 0.08261606
23100.0, 0.08261355
23110.0, 0.08261105
23120.0, 0.08260854
23130.0, 0.08260605
23140.0, 0.08260355
23150.0, 0.08260106
23160.0, 0.08259858
23170.0, 0.0825961
23180.0, 0.082593635
23190.0, 0.08259116
23200.0, 0.0825887
23210.0, 0.082586244
23220.0, 0.08258379
23230.0, 0.08258134
23240.0, 0.0825789
23250.0, 0.08257646
23260.0, 0.082574025
23270.0, 0.0825716
23280.0, 0.082569174
23290.0, 0.08256675
23300.0, 0.08256434
23310.0, 0.08256193
23320.0, 0.082559526
23330.0, 0.08255713
23340.0, 0.082554735
23350.0, 0.08255234
23360.0, 0.08254996
23370.0, 0.08254758
23380.0, 0.0825452
23390.0, 0.08254283
23400.0, 0.08254047
23410.0, 0.082538106
23420.0, 0.08253574
23430.0, 0.0825334
23440.0, 0.08253104
23450.0, 0.0825287
23460.0, 0.08252636
23470.0, 0.08252403
23480.0, 0.0825217
23490.0, 0.082519375
23500.0, 0.08251706
23510.0, 0.08251475
23520.0, 0.08251243
23530.0, 0.08251013
23540.0, 0.08250783
23550.0, 0.08250553
23560.0, 0.08250324
23570.0, 0.08250095
23580.0, 0.08249866
23590.0, 0.08249639
23600.0, 0.08249412
23610.0, 0.082491845
23620.0, 0.08248958
23630.0, 0.082487315
23640.0, 0.082485065
23650.0, 0.082482815
23660.0, 0.082480565
23670.0, 0.08247832
23680.0, 0.08247609
23690.0, 0.08247385
23700.0, 0.082471624
23710.0, 0.082469404
23720.0, 0.08246718
23730.0, 0.08246496
23740.0, 0.08246275
23750.0, 0.082460545
23760.0, 0.08245834
23770.0, 0.08245615
23780.0, 0.08245395
23790.0, 0.08245177
23800.0, 0.08244958
23810.0, 0.082447395
23820.0, 0.08244522
23830.0, 0.08244305
23840.0, 0.08244088
23850.0, 0.082438715
23860.0, 0.08243656
23870.0, 0.08243441
23880.0, 0.082432255
23890.0, 0.08243011
23900.0, 0.08242796
23910.0, 0.08242583
23920.0, 0.0824237
23930.0, 0.08242157
23940.0, 0.08241945
23950.0, 0.082417324
23960.0, 0.08241521
23970.0, 0.08241309
23980.0, 0.08241099
23990.0, 0.08240888
24000.0, 0.08240679
24010.0, 0.08240469
24020.0, 0.0824026
24030.0, 0.082400516
24040.0, 0.08239843
24050.0, 0.08239635
24060.0, 0.08239427
24070.0, 0.08239221
24080.0, 0.08239014
24090.0, 0.08238808
24100.0, 0.08238602
24110.0, 0.08238397
24120.0, 0.08238192
24130.0, 0.08237987
24140.0, 0.08237783
24150.0, 0.082375795
24160.0, 0.08237376
24170.0, 0.082371734
24180.0, 0.08236971
24190.0, 0.08236768
24200.0, 0.08236566
24210.0, 0.08236365
24220.0, 0.082361646
24230.0, 0.08235964
24240.0, 0.08235764
24250.0, 0.08235564
24260.0, 0.08235365
24270.0, 0.08235166
24280.0, 0.08234967
24290.0, 0.08234769
24300.0, 0.08234571
24310.0, 0.08234374
24320.0, 0.082341775
24330.0, 0.08233981
24340.0, 0.08233785
24350.0, 0.08233589
24360.0, 0.08233394
24370.0, 0.082331985
24380.0, 0.08233004
24390.0, 0.082328096
24400.0, 0.08232616
24410.0, 0.08232422
24420.0, 0.08232229
24430.0, 0.08232037
24440.0, 0.08231844
24450.0, 0.082316525
24460.0, 0.08231461
24470.0, 0.082312696
24480.0, 0.08231079
24490.0, 0.08230889
24500.0, 0.08230699
24510.0, 0.08230509
24520.0, 0.082303196
24530.0, 0.08230131
24540.0, 0.082299426
24550.0, 0.08229754
24560.0, 0.08229566
24570.0, 0.08229379
24580.0, 0.08229192
24590.0, 0.08229006
24600.0, 0.0822882
24610.0, 0.082286336
24620.0, 0.08228448
24630.0, 0.082282625
24640.0, 0.08228078
24650.0, 0.08227894
24660.0, 0.0822771
24670.0, 0.082275264
24680.0, 0.08227343
24690.0, 0.0822716
24700.0, 0.08226977
24710.0, 0.082267955
24720.0, 0.08226614
24730.0, 0.08226432
24740.0, 0.08226251
24750.0, 0.0822607
24760.0, 0.082258895
24770.0, 0.0822571
24780.0, 0.0822553
24790.0, 0.08225351
24800.0, 0.08225172
24810.0, 0.08224993
24820.0, 0.08224815
24830.0, 0.08224637
24840.0, 0.0822446
24850.0, 0.082242824
24860.0, 0.08224105
24870.0, 0.08223929
24880.0, 0.082237534
24890.0, 0.082235776
24900.0, 0.08223402
24910.0, 0.08223227
24920.0, 0.08223052
24930.0, 0.08222877
24940.0, 0.08222704
24950.0, 0.0822253
24960.0, 0.082223564
24970.0, 0.082221836
24980.0, 0.08222011
24990.0, 0.082218386
25000.0, 0.082216665
25010.0, 0.08221495
25020.0, 0.08221324
25030.0, 0.08221153
25040.0, 0.082209826
25050.0, 0.08220813
25060.0, 0.08220643
25070.0, 0.08220473
25080.0, 0.08220303
25090.0, 0.08220135
25100.0, 0.08219966
25110.0, 0.08219798
25120.0, 0.0821963
25130.0, 0.08219463
25140.0, 0.08219295
25150.0, 0.08219129
25160.0, 0.08218962
25170.0, 0.08218796
25180.0, 0.0821863
25190.0, 0.08218464
25200.0, 0.08218299
25210.0, 0.08218134
25220.0, 0.0821797
25230.0, 0.082178056
25240.0, 0.08217642
25250.0, 0.08217478
25260.0, 0.08217315
25270.0, 0.082171515
25280.0, 0.08216989
25290.0, 0.082168266
25300.0, 0.08216665
25310.0, 0.08216503
25320.0, 0.08216342
25330.0, 0.082161814
25340.0, 0.082160205
25350.0, 0.0821586
25360.0, 0.082157
25370.0, 0.08215541
25380.0, 0.08215381
25390.0, 0.082152225
25400.0, 0.08215063
25410.0, 0.08214905
25420.0, 0.08214747
25430.0, 0.08214589
25440.0, 0.08214431
25450.0, 0.08214274
25460.0, 0.082141176
25470.0, 0.08213961
25480.0, 0.08213805
25490.0, 0.08213649
25500.0, 0.08213493
25510.0, 0.082133375
25520.0, 0.08213183
25530.0, 0.08213028
25540.0, 0.08212874
25550.0, 0.0821272
25560.0, 0.082125664
25570.0, 0.08212413
25580.0, 0.082122594
25590.0, 0.08212107
25600.0, 0.08211955
25610.0, 0.08211802
25620.0, 0.0821165
25630.0, 0.08211499
25640.0, 0.08211347
25650.0, 0.08211196
25660.0, 0.08211046
25670.0, 0.082108945
25680.0, 0.08210745
25690.0, 0.08210595
25700.0, 0.08210445
25710.0, 0.08210296
25720.0, 0.08210147
25730.0, 0.08209999
25740.0, 0.08209851
25750.0, 0.082097024
25760.0, 0.08209555
25770.0, 0.08209407
25780.0, 0.0820926
25790.0, 0.08209113
25800.0, 0.08208967
25810.0, 0.08208821
25820.0, 0.08208674
25830.0, 0.08208529
25840.0, 0.082083836
25850.0, 0.08208238
25860.0, 0.08208094
25870.0, 0.08207949
25880.0, 0.08207805
25890.0, 0.08207661
25900.0, 0.08207517
25910.0, 0.08207374
25920.0, 0.08207231
25930.0, 0.08207088
25940.0, 0.08206946
25950.0, 0.08206803
25960.0, 0.08206662
25970.0, 0.082065195
25980.0, 0.08206379
25990.0, 0.08206237
26000.0, 0.08206096
26010.0, 0.082059555
26020.0, 0.082058154
26030.0, 0.08205675
26040.0, 0.08205536
26050.0, 0.08205397
26060.0, 0.08205257
26070.0, 0.08205118
26080.0, 0.0820498
26090.0, 0.082048416
26100.0, 0.08204704
26110.0, 0.08204566
26120.0, 0.08204428
26130.0, 0.08204291
26140.0, 0.08204154
26150.0, 0.082040176
26160.0, 0.08203881
26170.0, 0.08203745
26180.0, 0.08203609
26190.0, 0.08203474
26200.0, 0.08203339
26210.0, 0.08203203
26220.0, 0.082030684
26230.0, 0.08202934
26240.0, 0.082028
26250.0, 0.08202666
26260.0, 0.08202533
26270.0, 0.082023986
26280.0, 0.08202265
26290.0, 0.082021326
26300.0, 0.08202
26310.0, 0.08201868
26320.0, 0.082017355
26330.0, 0.082016036
26340.0, 0.082014725
26350.0, 0.08201341
26360.0, 0.0820121
26370.0, 0.08201079
26380.0, 0.08200949
26390.0, 0.08200818
26400.0, 0.08200689
26410.0, 0.08200559
26420.0, 0.082004294
26430.0, 0.082003
26440.0, 0.08200171
26450.0, 0.08200043
26460.0, 0.08199914
26470.0, 0.08199786
26480.0, 0.081996575
26490.0, 0.0819953
26500.0, 0.08199403
26510.0, 0.08199275
26520.0, 0.081991486
26530.0, 0.08199022
26540.0, 0.08198895
26550.0, 0.081987694
26560.0, 0.081986435
26570.0, 0.081985176
26580.0, 0.081983924
26590.0, 0.08198267
26600.0, 0.08198142
26610.0, 0.08198017
26620.0, 0.08197893
26630.0, 0.08197769
26640.0, 0.08197645
26650.0, 0.081975214
26660.0, 0.08197398
26670.0, 0.08197275
26680.0, 0.08197152
26690.0, 0.08197029
26700.0, 0.08196907
26710.0, 0.081967846
26720.0, 0.08196662
26730.0, 0.08196541
26740.0, 0.081964195
26750.0, 0.08196298
26760.0, 0.08196177
26770.0, 0.08196056
26780.0, 0.08195936
26790.0, 0.08195816
26800.0, 0.08195695
26810.0, 0.08195576
26820.0, 0.08195456
26830.0, 0.08195337
26840.0, 0.08195218
26850.0, 0.08195099
26860.0, 0.08194981
26870.0, 0.08194862
26880.0, 0.08194744
26890.0, 0.08194626
26900.0, 0.081945084
26910.0, 0.08194391
26920.0, 0.08194274
26930.0, 0.08194157
26940.0, 0.081940405
26950.0, 0.08193924
26960.0, 0.08193807
26970.0, 0.08193692
26980.0, 0.081935756
26990.0, 0.0819346
27000.0, 0.081933446
27010.0, 0.0819323
27020.0, 0.08193115
27030.0, 0.081930004
27040.0, 0.08192886
27050.0, 0.08192772
27060.0, 0.08192658
27070.0, 0.08192544
27080.0, 0.08192431
27090.0, 0.08192317
27100.0, 0.08192204
27110.0, 0.081920914
27120.0, 0.08191979
27130.0, 0.081918664
27140.0, 0.08191754
27150.0, 0.08191643
27160.0, 0.08191531
27170.0, 0.081914194
27180.0, 0.081913084
27190.0, 0.081911966
27200.0, 0.08191086
27210.0, 0.08190975
27220.0, 0.08190865
27230.0, 0.08190755
27240.0, 0.08190645
27250.0, 0.08190536
27260.0, 0.08190426
27270.0, 0.08190317
27280.0, 0.08190208
27290.0, 0.08190099
27300.0, 0.0818999
27310.0, 0.081898816
27320.0, 0.08189774
27330.0, 0.081896655
27340.0, 0.08189558
27350.0, 0.0818945
27360.0, 0.08189344
27370.0, 0.081892364
27380.0, 0.08189129
27390.0, 0.081890225
27400.0, 0.08188917
27410.0, 0.0818881
27420.0, 0.08188704
27430.0, 0.08188598
27440.0, 0.08188493
27450.0, 0.08188387
27460.0, 0.08188282
27470.0, 0.08188177
27480.0, 0.08188072
27490.0, 0.081879675
27500.0, 0.08187863
27510.0, 0.08187759
27520.0, 0.081876546
27530.0, 0.08187551
27540.0, 0.081874475
27550.0, 0.08187345
27560.0, 0.08187242
27570.0, 0.08187138
27580.0, 0.081870355
27590.0, 0.081869334
27600.0, 0.08186831
27610.0, 0.081867285
27620.0, 0.08186627
27630.0, 0.08186525
27640.0, 0.08186424
27650.0, 0.081863225
27660.0, 0.08186221
27670.0, 0.081861205
27680.0, 0.0818602
27690.0, 0.081859194
27700.0, 0.081858195
27710.0, 0.08185719
27720.0, 0.08185619
27730.0, 0.08185519
27740.0, 0.0818542
27750.0, 0.08185321
27760.0, 0.08185222
27770.0, 0.08185123
27780.0, 0.081850246
27790.0, 0.08184926
27800.0, 0.08184828
27810.0, 0.081847295
27820.0, 0.08184631
27830.0, 0.08184534
27840.0, 0.08184437
27850.0, 0.08184339
27860.0, 0.081842415
27870.0, 0.08184145
27880.0, 0.081840485
27890.0, 0.08183952
27900.0, 0.081838556
27910.0, 0.081837595
27920.0, 0.08183663
27930.0, 0.08183567
27940.0, 0.08183472
27950.0, 0.081833765
27960.0, 0.08183281
27970.0, 0.081831865
27980.0, 0.08183092
27990.0, 0.081829965
28000.0, 0.08182903
28010.0, 0.08182808
28020.0, 0.08182715
28030.0, 0.0818262
28040.0, 0.08182527
28050.0, 0.08182433
28060.0, 0.0818234
28070.0, 0.08182247
28080.0, 0.08182154
28090.0, 0.081820615
28100.0, 0.08181968
28110.0, 0.08181877
28120.0, 0.08181784
28130.0, 0.08181692
28140.0, 0.081816
28150.0, 0.08181509
28160.0, 0.08181417
28170.0, 0.08181326
28180.0, 0.081812344
28190.0, 0.08181144
28200.0, 0.081810534
28210.0, 0.081809625
28220.0, 0.08180872
28230.0, 0.08180782
28240.0, 0.08180692
28250.0, 0.08180603
28260.0, 0.081805125
28270.0, 0.08180423
28280.0, 0.08180334
28290.0, 0.08180244
28300.0, 0.081801556
28310.0, 0.08180067
28320.0, 0.08179978
28330.0, 0.081798896
28340.0, 0.08179802
28350.0, 0.08179714
28360.0, 0.08179626
28370.0, 0.08179538
28380.0, 0.0817945
28390.0, 0.08179363
28400.0, 0.08179276
28410.0, 0.08179189
28420.0, 0.08179102
28430.0, 0.08179016
28440.0, 0.08178929
28450.0, 0.08178843
28460.0, 0.081787564
28470.0, 0.08178671
28480.0, 0.08178585
28490.0, 0.08178499
28500.0, 0.08178414
28510.0, 0.08178329
28520.0, 0.08178243
28530.0, 0.08178158
28540.0, 0.08178074
28550.0, 0.08177989
28560.0, 0.08177905
28570.0, 0.081778206
28580.0, 0.081777364
28590.0, 0.08177652
28600.0, 0.08177569
28610.0, 0.081774846
28620.0, 0.08177402
28630.0, 0.081773184
28640.0, 0.08177236
28650.0, 0.08177152
28660.0, 0.081770696
28670.0, 0.08176987
28680.0, 0.08176905
28690.0, 0.08176822
28700.0, 0.0817674
28710.0, 0.08176658
28720.0, 0.08176576
28730.0, 0.08176495
28740.0, 0.08176413
28750.0, 0.08176332
28760.0, 0.08176251
28770.0, 0.081761695
28780.0, 0.08176089
28790.0, 0.081760086
28800.0, 0.08175928
28810.0, 0.08175848
28820.0, 0.08175767
28830.0, 0.081756875
28840.0, 0.08175608
28850.0, 0.08175528
28860.0, 0.08175448
28870.0, 0.08175369
28880.0, 0.0817529
28890.0, 0.08175211
28900.0, 0.08175132
28910.0, 0.08175053
28920.0, 0.081749745
28930.0, 0.08174896
28940.0, 0.08174818
28950.0, 0.0817474
28960.0, 0.081746615
28970.0, 0.08174584
28980.0, 0.081745066
28990.0, 0.08174429
29000.0, 0.081743516
29010.0, 0.08174275
29020.0, 0.081741974
29030.0, 0.08174121
29040.0, 0.08174044
29050.0, 0.08173968
29060.0, 0.08173891
29070.0, 0.081738144
29080.0, 0.081737384
29090.0, 0.08173663
29100.0, 0.08173587
29110.0, 0.08173511
29120.0, 0.08173436
29130.0, 0.08173361
29140.0, 0.08173285
29150.0, 0.0817321
29160.0, 0.08173136
29170.0, 0.081730604
29180.0, 0.08172986
29190.0, 0.081729114
29200.0, 0.08172838
29210.0, 0.08172763
29220.0, 0.081726894
29230.0, 0.081726156
29240.0, 0.08172541
29250.0, 0.08172468
29260.0, 0.08172394
29270.0, 0.08172321
29280.0, 0.08172248
29290.0, 0.08172175
29300.0, 0.08172102
29310.0, 0.0817203
29320.0, 0.08171957
29330.0, 0.08171885
29340.0, 0.081718124
29350.0, 0.0817174
29360.0, 0.08171669
29370.0, 0.081715964
29380.0, 0.08171525
29390.0, 0.08171453
29400.0, 0.08171382
29410.0, 0.08171311
29420.0, 0.081712395
29430.0, 0.08171169
29440.0, 0.08171098
29450.0, 0.08171027
29460.0, 0.081709564
29470.0, 0.08170886
29480.0, 0.08170816
29490.0, 0.08170746
29500.0, 0.081706755
29510.0, 0.08170606
29520.0, 0.08170536
29530.0, 0.08170467
29540.0, 0.08170397
29550.0, 0.08170328
29560.0, 0.08170259
29570.0, 0.0817019
29580.0, 0.08170121
29590.0, 0.081700526
29600.0, 0.08169983
29610.0, 0.081699155
29620.0, 0.08169847
29630.0, 0.08169779
29640.0, 0.08169711
29650.0, 0.08169643
29660.0, 0.08169575
29670.0, 0.08169507
29680.0, 0.0816944
29690.0, 0.081693724
29700.0, 0.08169305
29710.0, 0.08169238
29720.0, 0.08169171
29730.0, 0.08169104
29740.0, 0.08169038
29750.0, 0.081689715
29760.0, 0.081689045
29770.0, 0.08168839
29780.0, 0.081687726
29790.0, 0.08168706
29800.0, 0.08168641
29810.0, 0.08168575
29820.0, 0.081685096
29830.0, 0.08168444
29840.0, 0.08168378
29850.0, 0.08168313
29860.0, 0.08168248
29870.0, 0.081681825
29880.0, 0.081681184
29890.0, 0.081680536
29900.0, 0.08167989
29910.0, 0.08167924
29920.0, 0.0816786
29930.0, 0.08167796
29940.0, 0.08167732
29950.0, 0.08167668
29960.0, 0.081676036
29970.0, 0.0816754
29980.0, 0.08167476
29990.0, 0.08167413
30000.0, 0.081673495
