Energy (in eV), backscattering yield of material te2k-NASCAP at incidence 40.0 degree
   X,       Y
0.0, 0.58802754
10.0, 0.27334353
20.0, 0.12706323
30.0, 0.05906511
40.0, 0.02745631
50.0, 0.012763015
60.0, 0.0335624
70.0, 0.05016237
80.0, 0.063913986
90.0, 0.07554205
100.0, 0.08555715
110.0, 0.09432316
120.0, 0.10210116
130.0, 0.10908128
140.0, 0.115404874
150.0, 0.121179156
160.0, 0.12648724
170.0, 0.13139477
180.0, 0.13595442
190.0, 0.14020915
200.0, 0.14419448
210.0, 0.14794002
220.0, 0.15147083
230.0, 0.15480813
240.0, 0.15797034
250.0, 0.16097322
260.0, 0.16383055
270.0, 0.16655448
280.0, 0.1691556
290.0, 0.17164336
300.0, 0.17402616
310.0, 0.1763115
320.0, 0.17850609
330.0, 0.18061599
340.0, 0.18264672
350.0, 0.1846032
360.0, 0.18648997
370.0, 0.18831116
380.0, 0.1900705
390.0, 0.19177146
400.0, 0.19341724
410.0, 0.19501075
420.0, 0.1965547
430.0, 0.1980516
440.0, 0.19950375
450.0, 0.2009133
460.0, 0.20228224
470.0, 0.20361249
480.0, 0.20490573
490.0, 0.20616363
500.0, 0.2073877
510.0, 0.20857936
520.0, 0.20973997
530.0, 0.21087079
540.0, 0.21197297
550.0, 0.21304767
560.0, 0.21409595
570.0, 0.21511875
580.0, 0.21611708
590.0, 0.21709178
600.0, 0.21804373
610.0, 0.21897371
620.0, 0.2198825
630.0, 0.2207708
640.0, 0.2216393
650.0, 0.22248866
660.0, 0.2233195
670.0, 0.22413242
680.0, 0.22492796
690.0, 0.2257067
700.0, 0.22646913
710.0, 0.2272157
720.0, 0.227947
730.0, 0.22866334
740.0, 0.22936527
750.0, 0.23005311
760.0, 0.2307273
770.0, 0.23138823
780.0, 0.23203628
790.0, 0.23267175
800.0, 0.23329501
810.0, 0.23390639
820.0, 0.23450616
830.0, 0.23509465
840.0, 0.23567216
850.0, 0.23623894
860.0, 0.2367953
870.0, 0.23734145
880.0, 0.23787768
890.0, 0.23840417
900.0, 0.23892125
910.0, 0.23942904
920.0, 0.23992784
930.0, 0.24041781
940.0, 0.24089918
950.0, 0.24137212
960.0, 0.24183685
970.0, 0.24229352
980.0, 0.24274234
990.0, 0.24318345
1000.0, 0.24361703
1010.0, 0.24342413
1020.0, 0.24323156
1030.0, 0.24303934
1040.0, 0.24284743
1050.0, 0.24265589
1060.0, 0.24246468
1070.0, 0.2422738
1080.0, 0.24208324
1090.0, 0.24189302
1100.0, 0.24170315
1110.0, 0.2415136
1120.0, 0.2413244
1130.0, 0.24113552
1140.0, 0.24094698
1150.0, 0.24075876
1160.0, 0.24057089
1170.0, 0.24038334
1180.0, 0.24019612
1190.0, 0.24000922
1200.0, 0.23982267
1210.0, 0.23963642
1220.0, 0.23945053
1230.0, 0.23926495
1240.0, 0.23907968
1250.0, 0.23889478
1260.0, 0.23871017
1270.0, 0.2385259
1280.0, 0.23834194
1290.0, 0.23815833
1300.0, 0.23797503
1310.0, 0.23779204
1320.0, 0.23760939
1330.0, 0.23742706
1340.0, 0.23724507
1350.0, 0.23706336
1360.0, 0.236882
1370.0, 0.23670094
1380.0, 0.23652023
1390.0, 0.23633981
1400.0, 0.23615971
1410.0, 0.23597994
1420.0, 0.23580049
1430.0, 0.23562135
1440.0, 0.23544252
1450.0, 0.23526402
1460.0, 0.23508583
1470.0, 0.23490795
1480.0, 0.2347304
1490.0, 0.23455314
1500.0, 0.2343762
1510.0, 0.23419958
1520.0, 0.23402329
1530.0, 0.23384728
1540.0, 0.2336716
1550.0, 0.23349623
1560.0, 0.23332115
1570.0, 0.2331464
1580.0, 0.23297194
1590.0, 0.23279782
1600.0, 0.23262398
1610.0, 0.23245047
1620.0, 0.23227726
1630.0, 0.23210435
1640.0, 0.23193175
1650.0, 0.23175944
1660.0, 0.23158745
1670.0, 0.23141576
1680.0, 0.23124439
1690.0, 0.2310733
1700.0, 0.23090254
1710.0, 0.23073205
1720.0, 0.2305619
1730.0, 0.23039202
1740.0, 0.23022246
1750.0, 0.2300532
1760.0, 0.22988422
1770.0, 0.22971556
1780.0, 0.22954719
1790.0, 0.22937912
1800.0, 0.22921136
1810.0, 0.22904389
1820.0, 0.22887671
1830.0, 0.22870985
1840.0, 0.22854325
1850.0, 0.22837697
1860.0, 0.22821097
1870.0, 0.22804528
1880.0, 0.2278799
1890.0, 0.22771478
1900.0, 0.22754997
1910.0, 0.22738545
1920.0, 0.22722122
1930.0, 0.22705728
1940.0, 0.22689363
1950.0, 0.22673029
1960.0, 0.22656722
1970.0, 0.22640446
1980.0, 0.22624198
1990.0, 0.22607978
2000.0, 0.22591786
2010.0, 0.22575624
2020.0, 0.22559492
2030.0, 0.22543387
2040.0, 0.22527312
2050.0, 0.22511266
2060.0, 0.22495246
2070.0, 0.22479258
2080.0, 0.22463296
2090.0, 0.22447363
2100.0, 0.22431459
2110.0, 0.22415583
2120.0, 0.22399735
2130.0, 0.22383915
2140.0, 0.22368124
2150.0, 0.2235236
2160.0, 0.22336626
2170.0, 0.22320919
2180.0, 0.22305238
2190.0, 0.22289588
2200.0, 0.22273965
2210.0, 0.2225837
2220.0, 0.22242802
2230.0, 0.22227262
2240.0, 0.2221175
2250.0, 0.22196265
2260.0, 0.22180809
2270.0, 0.22165379
2280.0, 0.22149979
2290.0, 0.22134605
2300.0, 0.22119258
2310.0, 0.2210394
2320.0, 0.22088647
2330.0, 0.22073382
2340.0, 0.22058147
2350.0, 0.22042938
2360.0, 0.22027753
2370.0, 0.22012599
2380.0, 0.2199747
2390.0, 0.21982369
2400.0, 0.21967293
2410.0, 0.21952246
2420.0, 0.21937226
2430.0, 0.21922232
2440.0, 0.21907265
2450.0, 0.21892326
2460.0, 0.21877412
2470.0, 0.21862526
2480.0, 0.21847667
2490.0, 0.21832834
2500.0, 0.21818027
2510.0, 0.21803246
2520.0, 0.21788493
2530.0, 0.21773766
2540.0, 0.21759066
2550.0, 0.21744391
2560.0, 0.21729742
2570.0, 0.21715121
2580.0, 0.21700524
2590.0, 0.21685956
2600.0, 0.21671411
2610.0, 0.21656895
2620.0, 0.21642403
2630.0, 0.21627937
2640.0, 0.21613498
2650.0, 0.21599084
2660.0, 0.21584697
2670.0, 0.21570337
2680.0, 0.21556
2690.0, 0.2154169
2700.0, 0.21527407
2710.0, 0.21513146
2720.0, 0.21498914
2730.0, 0.21484706
2740.0, 0.21470523
2750.0, 0.21456367
2760.0, 0.21442236
2770.0, 0.2142813
2780.0, 0.21414049
2790.0, 0.21399994
2800.0, 0.21385963
2810.0, 0.21371959
2820.0, 0.2135798
2830.0, 0.21344025
2840.0, 0.21330096
2850.0, 0.21316192
2860.0, 0.21302314
2870.0, 0.21288459
2880.0, 0.21274629
2890.0, 0.21260826
2900.0, 0.21247047
2910.0, 0.21233292
2920.0, 0.21219562
2930.0, 0.21205857
2940.0, 0.21192177
2950.0, 0.21178521
2960.0, 0.2116489
2970.0, 0.21151282
2980.0, 0.211377
2990.0, 0.21124142
3000.0, 0.21110609
3010.0, 0.210971
3020.0, 0.21083616
3030.0, 0.21070156
3040.0, 0.21056719
3050.0, 0.21043308
3060.0, 0.21029921
3070.0, 0.21016558
3080.0, 0.2100322
3090.0, 0.20989904
3100.0, 0.20976612
3110.0, 0.20963344
3120.0, 0.20950103
3130.0, 0.20936884
3140.0, 0.20923688
3150.0, 0.20910515
3160.0, 0.20897368
3170.0, 0.20884244
3180.0, 0.20871145
3190.0, 0.20858067
3200.0, 0.20845014
3210.0, 0.20831986
3220.0, 0.2081898
3230.0, 0.20805997
3240.0, 0.20793037
3250.0, 0.20780101
3260.0, 0.2076719
3270.0, 0.20754303
3280.0, 0.20741437
3290.0, 0.20728594
3300.0, 0.20715776
3310.0, 0.2070298
3320.0, 0.20690206
3330.0, 0.20677458
3340.0, 0.2066473
3350.0, 0.20652027
3360.0, 0.20639348
3370.0, 0.20626691
3380.0, 0.20614056
3390.0, 0.20601445
3400.0, 0.20588855
3410.0, 0.2057629
3420.0, 0.20563747
3430.0, 0.20551226
3440.0, 0.2053873
3450.0, 0.20526254
3460.0, 0.20513801
3470.0, 0.20501372
3480.0, 0.20488966
3490.0, 0.20476581
3500.0, 0.20464218
3510.0, 0.20451877
3520.0, 0.20439559
3530.0, 0.20427266
3540.0, 0.20414992
3550.0, 0.20402743
3560.0, 0.20390515
3570.0, 0.20378308
3580.0, 0.20366123
3590.0, 0.20353961
3600.0, 0.20341821
3610.0, 0.20329705
3620.0, 0.20317608
3630.0, 0.20305535
3640.0, 0.20293483
3650.0, 0.20281453
3660.0, 0.20269445
3670.0, 0.2025746
3680.0, 0.20245494
3690.0, 0.20233552
3700.0, 0.20221631
3710.0, 0.20209733
3720.0, 0.20197855
3730.0, 0.20185998
3740.0, 0.20174164
3750.0, 0.2016235
3760.0, 0.2015056
3770.0, 0.2013879
3780.0, 0.2012704
3790.0, 0.20115314
3800.0, 0.20103608
3810.0, 0.20091924
3820.0, 0.20080261
3830.0, 0.20068617
3840.0, 0.20056997
3850.0, 0.20045398
3860.0, 0.20033818
3870.0, 0.20022263
3880.0, 0.20010726
3890.0, 0.1999921
3900.0, 0.19987716
3910.0, 0.19976243
3920.0, 0.1996479
3930.0, 0.1995336
3940.0, 0.19941948
3950.0, 0.19930558
3960.0, 0.1991919
3970.0, 0.1990784
3980.0, 0.19896513
3990.0, 0.19885206
4000.0, 0.1987392
4010.0, 0.19862653
4020.0, 0.19851409
4030.0, 0.19840184
4040.0, 0.1982898
4050.0, 0.19817796
4060.0, 0.19806632
4070.0, 0.1979549
4080.0, 0.19784367
4090.0, 0.19773266
4100.0, 0.19762182
4110.0, 0.19751121
4120.0, 0.1974008
4130.0, 0.19729058
4140.0, 0.19718057
4150.0, 0.19707076
4160.0, 0.19696115
4170.0, 0.19685175
4180.0, 0.19674253
4190.0, 0.19663352
4200.0, 0.19652471
4210.0, 0.1964161
4220.0, 0.19630769
4230.0, 0.19619948
4240.0, 0.19609146
4250.0, 0.19598365
4260.0, 0.19587602
4270.0, 0.1957686
4280.0, 0.19566137
4290.0, 0.19555433
4300.0, 0.1954475
4310.0, 0.19534086
4320.0, 0.19523442
4330.0, 0.19512817
4340.0, 0.19502212
4350.0, 0.19491625
4360.0, 0.19481058
4370.0, 0.19470511
4380.0, 0.19459984
4390.0, 0.19449475
4400.0, 0.19438986
4410.0, 0.19428517
4420.0, 0.19418065
4430.0, 0.19407633
4440.0, 0.1939722
4450.0, 0.19386828
4460.0, 0.19376452
4470.0, 0.19366097
4480.0, 0.1935576
4490.0, 0.19345444
4500.0, 0.19335145
4510.0, 0.19324866
4520.0, 0.19314605
4530.0, 0.19304363
4540.0, 0.1929414
4550.0, 0.19283935
4560.0, 0.1927375
4570.0, 0.19263583
4580.0, 0.19253436
4590.0, 0.19243306
4600.0, 0.19233195
4610.0, 0.19223103
4620.0, 0.19213028
4630.0, 0.19202974
4640.0, 0.19192937
4650.0, 0.19182919
4660.0, 0.19172919
4670.0, 0.19162938
4680.0, 0.19152974
4690.0, 0.1914303
4700.0, 0.19133103
4710.0, 0.19123195
4720.0, 0.19113305
4730.0, 0.19103433
4740.0, 0.19093579
4750.0, 0.19083744
4760.0, 0.19073927
4770.0, 0.19064127
4780.0, 0.19054347
4790.0, 0.19044583
4800.0, 0.19034837
4810.0, 0.1902511
4820.0, 0.19015402
4830.0, 0.1900571
4840.0, 0.18996036
4850.0, 0.1898638
4860.0, 0.18976742
4870.0, 0.18967122
4880.0, 0.1895752
4890.0, 0.18947935
4900.0, 0.18938367
4910.0, 0.18928818
4920.0, 0.18919286
4930.0, 0.18909772
4940.0, 0.18900275
4950.0, 0.18890797
4960.0, 0.18881334
4970.0, 0.1887189
4980.0, 0.18862464
4990.0, 0.18853053
5000.0, 0.18843661
5010.0, 0.18834287
5020.0, 0.18824929
5030.0, 0.18815589
5040.0, 0.18806267
5050.0, 0.18796961
5060.0, 0.18787673
5070.0, 0.18778402
5080.0, 0.18769147
5090.0, 0.1875991
5100.0, 0.1875069
5110.0, 0.18741487
5120.0, 0.187323
5130.0, 0.18723132
5140.0, 0.1871398
5150.0, 0.18704845
5160.0, 0.18695727
5170.0, 0.18686625
5180.0, 0.1867754
5190.0, 0.18668474
5200.0, 0.18659422
5210.0, 0.18650389
5220.0, 0.1864137
5230.0, 0.18632369
5240.0, 0.18623386
5250.0, 0.18614419
5260.0, 0.18605466
5270.0, 0.18596533
5280.0, 0.18587615
5290.0, 0.18578714
5300.0, 0.1856983
5310.0, 0.18560961
5320.0, 0.1855211
5330.0, 0.18543273
5340.0, 0.18534455
5350.0, 0.18525651
5360.0, 0.18516865
5370.0, 0.18508096
5380.0, 0.18499342
5390.0, 0.18490604
5400.0, 0.18481882
5410.0, 0.18473177
5420.0, 0.18464488
5430.0, 0.18455815
5440.0, 0.18447158
5450.0, 0.18438517
5460.0, 0.18429892
5470.0, 0.18421283
5480.0, 0.1841269
5490.0, 0.18404113
5500.0, 0.18395552
5510.0, 0.18387006
5520.0, 0.18378478
5530.0, 0.18369965
5540.0, 0.18361467
5550.0, 0.18352984
5560.0, 0.18344519
5570.0, 0.18336068
5580.0, 0.18327634
5590.0, 0.18319215
5600.0, 0.18310812
5610.0, 0.18302423
5620.0, 0.18294051
5630.0, 0.18285695
5640.0, 0.18277355
5650.0, 0.1826903
5660.0, 0.18260719
5670.0, 0.18252423
5680.0, 0.18244144
5690.0, 0.18235882
5700.0, 0.18227632
5710.0, 0.18219398
5720.0, 0.18211181
5730.0, 0.18202978
5740.0, 0.18194792
5750.0, 0.1818662
5760.0, 0.18178463
5770.0, 0.18170321
5780.0, 0.18162195
5790.0, 0.18154083
5800.0, 0.18145987
5810.0, 0.18137906
5820.0, 0.1812984
5830.0, 0.1812179
5840.0, 0.18113753
5850.0, 0.18105732
5860.0, 0.18097726
5870.0, 0.18089736
5880.0, 0.18081759
5890.0, 0.18073797
5900.0, 0.1806585
5910.0, 0.18057919
5920.0, 0.18050002
5930.0, 0.180421
5940.0, 0.18034212
5950.0, 0.18026339
5960.0, 0.18018481
5970.0, 0.18010637
5980.0, 0.18002808
5990.0, 0.17994994
6000.0, 0.17987195
6010.0, 0.17979409
6020.0, 0.1797164
6030.0, 0.17963882
6040.0, 0.1795614
6050.0, 0.17948414
6060.0, 0.17940702
6070.0, 0.17933002
6080.0, 0.17925319
6090.0, 0.1791765
6100.0, 0.17909995
6110.0, 0.17902353
6120.0, 0.17894726
6130.0, 0.17887114
6140.0, 0.17879516
6150.0, 0.17871931
6160.0, 0.17864361
6170.0, 0.17856807
6180.0, 0.17849265
6190.0, 0.17841737
6200.0, 0.17834224
6210.0, 0.17826724
6220.0, 0.17819239
6230.0, 0.17811768
6240.0, 0.1780431
6250.0, 0.17796867
6260.0, 0.17789437
6270.0, 0.17782022
6280.0, 0.1777462
6290.0, 0.17767231
6300.0, 0.17759858
6310.0, 0.17752498
6320.0, 0.1774515
6330.0, 0.17737818
6340.0, 0.177305
6350.0, 0.17723194
6360.0, 0.17715903
6370.0, 0.17708625
6380.0, 0.1770136
6390.0, 0.1769411
6400.0, 0.17686872
6410.0, 0.17679648
6420.0, 0.17672439
6430.0, 0.17665243
6440.0, 0.1765806
6450.0, 0.1765089
6460.0, 0.17643733
6470.0, 0.17636591
6480.0, 0.17629461
6490.0, 0.17622344
6500.0, 0.17615242
6510.0, 0.17608154
6520.0, 0.17601077
6530.0, 0.17594014
6540.0, 0.17586964
6550.0, 0.17579928
6560.0, 0.17572905
6570.0, 0.17565896
6580.0, 0.17558898
6590.0, 0.17551915
6600.0, 0.17544945
6610.0, 0.17537987
6620.0, 0.17531043
6630.0, 0.17524111
6640.0, 0.17517194
6650.0, 0.17510287
6660.0, 0.17503396
6670.0, 0.17496517
6680.0, 0.17489651
6690.0, 0.17482796
6700.0, 0.17475955
6710.0, 0.17469127
6720.0, 0.17462313
6730.0, 0.17455511
6740.0, 0.1744872
6750.0, 0.17441945
6760.0, 0.17435181
6770.0, 0.17428428
6780.0, 0.1742169
6790.0, 0.17414965
6800.0, 0.17408252
6810.0, 0.1740155
6820.0, 0.17394863
6830.0, 0.17388187
6840.0, 0.17381524
6850.0, 0.17374875
6860.0, 0.17368236
6870.0, 0.17361611
6880.0, 0.17354998
6890.0, 0.17348398
6900.0, 0.1734181
6910.0, 0.17335235
6920.0, 0.1732867
6930.0, 0.1732212
6940.0, 0.17315581
6950.0, 0.17309056
6960.0, 0.17302541
6970.0, 0.1729604
6980.0, 0.1728955
6990.0, 0.17283073
7000.0, 0.17276609
7010.0, 0.17270155
7020.0, 0.17263715
7030.0, 0.17257287
7040.0, 0.1725087
7050.0, 0.17244466
7060.0, 0.17238073
7070.0, 0.17231694
7080.0, 0.17225325
7090.0, 0.17218968
7100.0, 0.17212625
7110.0, 0.17206292
7120.0, 0.17199972
7130.0, 0.17193665
7140.0, 0.17187367
7150.0, 0.17181084
7160.0, 0.1717481
7170.0, 0.17168549
7180.0, 0.171623
7190.0, 0.17156065
7200.0, 0.17149837
7210.0, 0.17143625
7220.0, 0.17137423
7230.0, 0.17131232
7240.0, 0.17125054
7250.0, 0.17118886
7260.0, 0.1711273
7270.0, 0.17106587
7280.0, 0.17100455
7290.0, 0.17094335
7300.0, 0.17088225
7310.0, 0.17082128
7320.0, 0.17076042
7330.0, 0.17069969
7340.0, 0.17063905
7350.0, 0.17057854
7360.0, 0.17051813
7370.0, 0.17045785
7380.0, 0.17039768
7390.0, 0.17033763
7400.0, 0.17027768
7410.0, 0.17021784
7420.0, 0.17015813
7430.0, 0.17009853
7440.0, 0.17003903
7450.0, 0.16997965
7460.0, 0.16992038
7470.0, 0.16986123
7480.0, 0.16980219
7490.0, 0.16974325
7500.0, 0.16968444
7510.0, 0.16962573
7520.0, 0.16956714
7530.0, 0.16950864
7540.0, 0.16945027
7550.0, 0.169392
7560.0, 0.16933385
7570.0, 0.1692758
7580.0, 0.16921785
7590.0, 0.16916004
7600.0, 0.16910233
7610.0, 0.16904472
7620.0, 0.16898721
7630.0, 0.16892983
7640.0, 0.16887255
7650.0, 0.16881537
7660.0, 0.1687583
7670.0, 0.16870135
7680.0, 0.16864452
7690.0, 0.16858777
7700.0, 0.16853113
7710.0, 0.16847461
7720.0, 0.1684182
7730.0, 0.16836189
7740.0, 0.16830568
7750.0, 0.16824959
7760.0, 0.1681936
7770.0, 0.16813771
7780.0, 0.16808192
7790.0, 0.16802627
7800.0, 0.16797069
7810.0, 0.16791524
7820.0, 0.16785988
7830.0, 0.16780463
7840.0, 0.16774948
7850.0, 0.16769443
7860.0, 0.16763951
7870.0, 0.16758467
7880.0, 0.16752994
7890.0, 0.16747531
7900.0, 0.1674208
7910.0, 0.16736637
7920.0, 0.16731206
7930.0, 0.16725785
7940.0, 0.16720374
7950.0, 0.16714974
7960.0, 0.16709583
7970.0, 0.16704203
7980.0, 0.16698834
7990.0, 0.16693474
8000.0, 0.16688125
8010.0, 0.16682786
8020.0, 0.16677456
8030.0, 0.16672137
8040.0, 0.16666828
8050.0, 0.16661529
8060.0, 0.16656241
8070.0, 0.16650963
8080.0, 0.16645694
8090.0, 0.16640435
8100.0, 0.16635185
8110.0, 0.16629948
8120.0, 0.16624719
8130.0, 0.166195
8140.0, 0.16614291
8150.0, 0.16609092
8160.0, 0.16603903
8170.0, 0.16598724
8180.0, 0.16593555
8190.0, 0.16588396
8200.0, 0.16583246
8210.0, 0.16578107
8220.0, 0.16572976
8230.0, 0.16567856
8240.0, 0.16562745
8250.0, 0.16557644
8260.0, 0.16552554
8270.0, 0.16547473
8280.0, 0.165424
8290.0, 0.16537338
8300.0, 0.16532287
8310.0, 0.16527243
8320.0, 0.16522211
8330.0, 0.16517188
8340.0, 0.16512172
8350.0, 0.16507168
8360.0, 0.16502173
8370.0, 0.16497189
8380.0, 0.16492212
8390.0, 0.16487247
8400.0, 0.16482289
8410.0, 0.16477342
8420.0, 0.16472404
8430.0, 0.16467474
8440.0, 0.16462556
8450.0, 0.16457646
8460.0, 0.16452746
8470.0, 0.16447854
8480.0, 0.16442972
8490.0, 0.164381
8500.0, 0.16433236
8510.0, 0.16428383
8520.0, 0.16423538
8530.0, 0.16418703
8540.0, 0.16413876
8550.0, 0.16409059
8560.0, 0.16404252
8570.0, 0.16399452
8580.0, 0.16394664
8590.0, 0.16389883
8600.0, 0.16385113
8610.0, 0.1638035
8620.0, 0.16375597
8630.0, 0.16370854
8640.0, 0.16366118
8650.0, 0.16361393
8660.0, 0.16356677
8670.0, 0.16351968
8680.0, 0.1634727
8690.0, 0.1634258
8700.0, 0.16337898
8710.0, 0.16333227
8720.0, 0.16328564
8730.0, 0.16323909
8740.0, 0.16319264
8750.0, 0.16314629
8760.0, 0.1631
8770.0, 0.16305383
8780.0, 0.16300772
8790.0, 0.16296172
8800.0, 0.1629158
8810.0, 0.16286996
8820.0, 0.16282423
8830.0, 0.16277856
8840.0, 0.16273299
8850.0, 0.1626875
8860.0, 0.1626421
8870.0, 0.16259679
8880.0, 0.16255157
8890.0, 0.16250643
8900.0, 0.16246139
8910.0, 0.16241641
8920.0, 0.16237155
8930.0, 0.16232675
8940.0, 0.16228203
8950.0, 0.16223742
8960.0, 0.1621929
8970.0, 0.16214843
8980.0, 0.16210407
8990.0, 0.16205978
9000.0, 0.1620156
9010.0, 0.1619715
9020.0, 0.16192746
9030.0, 0.16188352
9040.0, 0.16183966
9050.0, 0.16179588
9060.0, 0.1617522
9070.0, 0.1617086
9080.0, 0.16166507
9090.0, 0.16162163
9100.0, 0.16157827
9110.0, 0.161535
9120.0, 0.16149181
9130.0, 0.1614487
9140.0, 0.16140567
9150.0, 0.16136274
9160.0, 0.16131987
9170.0, 0.1612771
9180.0, 0.16123441
9190.0, 0.16119179
9200.0, 0.16114925
9210.0, 0.16110681
9220.0, 0.16106445
9230.0, 0.16102216
9240.0, 0.16097994
9250.0, 0.16093782
9260.0, 0.16089578
9270.0, 0.1608538
9280.0, 0.16081193
9290.0, 0.16077012
9300.0, 0.1607284
9310.0, 0.16068676
9320.0, 0.16064519
9330.0, 0.1606037
9340.0, 0.1605623
9350.0, 0.16052097
9360.0, 0.16047972
9370.0, 0.16043857
9380.0, 0.16039748
9390.0, 0.16035648
9400.0, 0.16031554
9410.0, 0.16027468
9420.0, 0.16023393
9430.0, 0.16019322
9440.0, 0.1601526
9450.0, 0.16011207
9460.0, 0.16007161
9470.0, 0.16003123
9480.0, 0.15999092
9490.0, 0.1599507
9500.0, 0.15991054
9510.0, 0.15987048
9520.0, 0.15983048
9530.0, 0.15979056
9540.0, 0.15975071
9550.0, 0.15971096
9560.0, 0.15967126
9570.0, 0.15963165
9580.0, 0.15959212
9590.0, 0.15955265
9600.0, 0.15951326
9610.0, 0.15947396
9620.0, 0.15943474
9630.0, 0.15939558
9640.0, 0.15935649
9650.0, 0.15931748
9660.0, 0.15927854
9670.0, 0.1592397
9680.0, 0.1592009
9690.0, 0.1591622
9700.0, 0.15912355
9710.0, 0.159085
9720.0, 0.15904652
9730.0, 0.1590081
9740.0, 0.15896977
9750.0, 0.15893151
9760.0, 0.15889332
9770.0, 0.1588552
9780.0, 0.15881716
9790.0, 0.15877919
9800.0, 0.1587413
9810.0, 0.15870346
9820.0, 0.15866572
9830.0, 0.15862805
9840.0, 0.15859044
9850.0, 0.1585529
9860.0, 0.15851544
9870.0, 0.15847805
9880.0, 0.15844074
9890.0, 0.1584035
9900.0, 0.15836632
9910.0, 0.15832922
9920.0, 0.15829219
9930.0, 0.15825522
9940.0, 0.15821834
9950.0, 0.15818153
9960.0, 0.15814477
9970.0, 0.1581081
9980.0, 0.15807149
9990.0, 0.15803497
10000.0, 0.1579985
10010.0, 0.15796211
10020.0, 0.15792578
10030.0, 0.15788953
10040.0, 0.15785335
10050.0, 0.15781724
10060.0, 0.1577812
10070.0, 0.15774523
10080.0, 0.15770932
10090.0, 0.1576735
10100.0, 0.15763772
10110.0, 0.15760203
10120.0, 0.15756638
10130.0, 0.15753083
10140.0, 0.15749533
10150.0, 0.15745991
10160.0, 0.15742457
10170.0, 0.15738928
10180.0, 0.15735406
10190.0, 0.1573189
10200.0, 0.15728383
10210.0, 0.15724882
10220.0, 0.15721388
10230.0, 0.157179
10240.0, 0.15714417
10250.0, 0.15710944
10260.0, 0.15707476
10270.0, 0.15704015
10280.0, 0.15700561
10290.0, 0.15697113
10300.0, 0.15693672
10310.0, 0.15690237
10320.0, 0.1568681
10330.0, 0.15683389
10340.0, 0.15679973
10350.0, 0.15676567
10360.0, 0.15673165
10370.0, 0.1566977
10380.0, 0.15666382
10390.0, 0.15663
10400.0, 0.15659626
10410.0, 0.15656257
10420.0, 0.15652895
10430.0, 0.15649539
10440.0, 0.1564619
10450.0, 0.15642847
10460.0, 0.15639511
10470.0, 0.1563618
10480.0, 0.15632857
10490.0, 0.1562954
10500.0, 0.15626231
10510.0, 0.15622926
10520.0, 0.15619628
10530.0, 0.15616338
10540.0, 0.15613052
10550.0, 0.15609774
10560.0, 0.15606502
10570.0, 0.15603235
10580.0, 0.15599976
10590.0, 0.15596722
10600.0, 0.15593475
10610.0, 0.15590236
10620.0, 0.15587
10630.0, 0.15583773
10640.0, 0.1558055
10650.0, 0.15577336
10660.0, 0.15574126
10670.0, 0.15570922
10680.0, 0.15567724
10690.0, 0.15564534
10700.0, 0.1556135
10710.0, 0.15558171
10720.0, 0.15554999
10730.0, 0.15551832
10740.0, 0.15548673
10750.0, 0.15545519
10760.0, 0.1554237
10770.0, 0.15539227
10780.0, 0.15536092
10790.0, 0.15532963
10800.0, 0.1552984
10810.0, 0.15526722
10820.0, 0.15523611
10830.0, 0.15520506
10840.0, 0.15517406
10850.0, 0.15514313
10860.0, 0.15511225
10870.0, 0.15508144
10880.0, 0.15505067
10890.0, 0.15501998
10900.0, 0.15498935
10910.0, 0.15495877
10920.0, 0.15492825
10930.0, 0.1548978
10940.0, 0.1548674
10950.0, 0.15483706
10960.0, 0.15480678
10970.0, 0.15477654
10980.0, 0.15474638
10990.0, 0.15471628
11000.0, 0.15468623
11010.0, 0.15465625
11020.0, 0.15462631
11030.0, 0.15459643
11040.0, 0.15456663
11050.0, 0.15453687
11060.0, 0.15450718
11070.0, 0.15447752
11080.0, 0.15444794
11090.0, 0.15441842
11100.0, 0.15438893
11110.0, 0.15435953
11120.0, 0.15433018
11130.0, 0.15430088
11140.0, 0.15427163
11150.0, 0.15424246
11160.0, 0.15421332
11170.0, 0.15418425
11180.0, 0.15415524
11190.0, 0.15412627
11200.0, 0.15409738
11210.0, 0.15406853
11220.0, 0.15403974
11230.0, 0.15401101
11240.0, 0.15398233
11250.0, 0.1539537
11260.0, 0.15392514
11270.0, 0.15389663
11280.0, 0.15386817
11290.0, 0.15383977
11300.0, 0.15381141
11310.0, 0.15378313
11320.0, 0.15375489
11330.0, 0.15372671
11340.0, 0.15369858
11350.0, 0.1536705
11360.0, 0.15364249
11370.0, 0.15361452
11380.0, 0.15358661
11390.0, 0.15355876
11400.0, 0.15353096
11410.0, 0.15350321
11420.0, 0.15347552
11430.0, 0.15344788
11440.0, 0.1534203
11450.0, 0.15339276
11460.0, 0.15336528
11470.0, 0.15333787
11480.0, 0.1533105
11490.0, 0.15328318
11500.0, 0.15325591
11510.0, 0.15322869
11520.0, 0.15320154
11530.0, 0.15317443
11540.0, 0.15314738
11550.0, 0.15312038
11560.0, 0.15309343
11570.0, 0.15306653
11580.0, 0.15303968
11590.0, 0.15301289
11600.0, 0.15298615
11610.0, 0.15295947
11620.0, 0.15293284
11630.0, 0.15290624
11640.0, 0.15287971
11650.0, 0.15285324
11660.0, 0.1528268
11670.0, 0.15280043
11680.0, 0.1527741
11690.0, 0.15274782
11700.0, 0.1527216
11710.0, 0.15269543
11720.0, 0.15266931
11730.0, 0.15264323
11740.0, 0.15261722
11750.0, 0.15259124
11760.0, 0.15256532
11770.0, 0.15253946
11780.0, 0.15251364
11790.0, 0.15248787
11800.0, 0.15246214
11810.0, 0.15243648
11820.0, 0.15241086
11830.0, 0.1523853
11840.0, 0.15235978
11850.0, 0.15233432
11860.0, 0.1523089
11870.0, 0.15228352
11880.0, 0.1522582
11890.0, 0.15223293
11900.0, 0.1522077
11910.0, 0.15218253
11920.0, 0.15215741
11930.0, 0.15213233
11940.0, 0.15210731
11950.0, 0.15208232
11960.0, 0.1520574
11970.0, 0.15203252
11980.0, 0.1520077
11990.0, 0.1519829
12000.0, 0.15195817
12010.0, 0.15193349
12020.0, 0.15190884
12030.0, 0.15188426
12040.0, 0.15185972
12050.0, 0.15183522
12060.0, 0.15181078
12070.0, 0.15178637
12080.0, 0.15176202
12090.0, 0.15173772
12100.0, 0.15171346
12110.0, 0.15168926
12120.0, 0.15166509
12130.0, 0.15164098
12140.0, 0.15161692
12150.0, 0.15159288
12160.0, 0.1515689
12170.0, 0.15154499
12180.0, 0.1515211
12190.0, 0.15149727
12200.0, 0.15147348
12210.0, 0.15144974
12220.0, 0.15142605
12230.0, 0.1514024
12240.0, 0.15137878
12250.0, 0.15135524
12260.0, 0.15133172
12270.0, 0.15130825
12280.0, 0.15128483
12290.0, 0.15126146
12300.0, 0.15123813
12310.0, 0.15121485
12320.0, 0.15119162
12330.0, 0.15116842
12340.0, 0.15114528
12350.0, 0.15112217
12360.0, 0.15109912
12370.0, 0.15107611
12380.0, 0.15105315
12390.0, 0.15103021
12400.0, 0.15100734
12410.0, 0.15098451
12420.0, 0.15096171
12430.0, 0.15093897
12440.0, 0.15091628
12450.0, 0.15089361
12460.0, 0.15087101
12470.0, 0.15084845
12480.0, 0.15082593
12490.0, 0.15080345
12500.0, 0.15078102
12510.0, 0.15075862
12520.0, 0.15073627
12530.0, 0.15071397
12540.0, 0.15069172
12550.0, 0.1506695
12560.0, 0.15064733
12570.0, 0.1506252
12580.0, 0.1506031
12590.0, 0.15058106
12600.0, 0.15055907
12610.0, 0.15053712
12620.0, 0.1505152
12630.0, 0.15049332
12640.0, 0.1504715
12650.0, 0.15044971
12660.0, 0.15042797
12670.0, 0.15040627
12680.0, 0.1503846
12690.0, 0.150363
12700.0, 0.15034142
12710.0, 0.15031989
12720.0, 0.1502984
12730.0, 0.15027694
12740.0, 0.15025555
12750.0, 0.15023418
12760.0, 0.15021285
12770.0, 0.15019158
12780.0, 0.15017034
12790.0, 0.15014915
12800.0, 0.15012798
12810.0, 0.15010686
12820.0, 0.15008579
12830.0, 0.15006477
12840.0, 0.15004377
12850.0, 0.15002282
12860.0, 0.15000191
12870.0, 0.14998105
12880.0, 0.14996022
12890.0, 0.14993943
12900.0, 0.14991869
12910.0, 0.14989798
12920.0, 0.14987732
12930.0, 0.14985669
12940.0, 0.14983611
12950.0, 0.14981557
12960.0, 0.14979507
12970.0, 0.1497746
12980.0, 0.14975418
12990.0, 0.14973378
13000.0, 0.14971346
13010.0, 0.14969315
13020.0, 0.14967288
13030.0, 0.14965266
13040.0, 0.14963247
13050.0, 0.14961234
13060.0, 0.14959222
13070.0, 0.14957216
13080.0, 0.14955214
13090.0, 0.14953214
13100.0, 0.14951219
13110.0, 0.14949228
13120.0, 0.14947242
13130.0, 0.14945258
13140.0, 0.14943278
13150.0, 0.14941303
13160.0, 0.1493933
13170.0, 0.14937364
13180.0, 0.149354
13190.0, 0.1493344
13200.0, 0.14931484
13210.0, 0.14929532
13220.0, 0.14927584
13230.0, 0.14925638
13240.0, 0.14923698
13250.0, 0.1492176
13260.0, 0.14919828
13270.0, 0.14917898
13280.0, 0.14915973
13290.0, 0.14914049
13300.0, 0.14912131
13310.0, 0.14910217
13320.0, 0.14908306
13330.0, 0.149064
13340.0, 0.14904496
13350.0, 0.14902596
13360.0, 0.14900701
13370.0, 0.1489881
13380.0, 0.1489692
13390.0, 0.14895037
13400.0, 0.14893155
13410.0, 0.14891277
13420.0, 0.14889404
13430.0, 0.14887534
13440.0, 0.14885668
13450.0, 0.14883806
13460.0, 0.14881946
13470.0, 0.14880091
13480.0, 0.1487824
13490.0, 0.14876392
13500.0, 0.14874548
13510.0, 0.14872707
13520.0, 0.1487087
13530.0, 0.14869036
13540.0, 0.14867206
13550.0, 0.1486538
13560.0, 0.14863557
13570.0, 0.14861737
13580.0, 0.1485992
13590.0, 0.1485811
13600.0, 0.14856301
13610.0, 0.14854495
13620.0, 0.14852694
13630.0, 0.14850897
13640.0, 0.14849102
13650.0, 0.14847311
13660.0, 0.14845523
13670.0, 0.1484374
13680.0, 0.1484196
13690.0, 0.14840183
13700.0, 0.1483841
13710.0, 0.14836639
13720.0, 0.14834872
13730.0, 0.1483311
13740.0, 0.1483135
13750.0, 0.14829594
13760.0, 0.14827842
13770.0, 0.14826092
13780.0, 0.14824347
13790.0, 0.14822604
13800.0, 0.14820865
13810.0, 0.1481913
13820.0, 0.14817397
13830.0, 0.14815669
13840.0, 0.14813945
13850.0, 0.14812222
13860.0, 0.14810503
13870.0, 0.14808787
13880.0, 0.14807077
13890.0, 0.14805368
13900.0, 0.14803663
13910.0, 0.14801961
13920.0, 0.14800262
13930.0, 0.14798567
13940.0, 0.14796877
13950.0, 0.14795187
13960.0, 0.14793502
13970.0, 0.14791821
13980.0, 0.14790142
13990.0, 0.14788467
14000.0, 0.14786795
14010.0, 0.14785126
14020.0, 0.1478346
14030.0, 0.14781798
14040.0, 0.1478014
14050.0, 0.14778484
14060.0, 0.14776832
14070.0, 0.14775184
14080.0, 0.14773537
14090.0, 0.14771895
14100.0, 0.14770256
14110.0, 0.1476862
14120.0, 0.14766985
14130.0, 0.14765356
14140.0, 0.1476373
14150.0, 0.14762107
14160.0, 0.14760487
14170.0, 0.1475887
14180.0, 0.14757256
14190.0, 0.14755645
14200.0, 0.14754038
14210.0, 0.14752434
14220.0, 0.14750832
14230.0, 0.14749235
14240.0, 0.14747639
14250.0, 0.14746048
14260.0, 0.14744459
14270.0, 0.14742874
14280.0, 0.14741291
14290.0, 0.14739713
14300.0, 0.14738137
14310.0, 0.14736563
14320.0, 0.14734992
14330.0, 0.14733426
14340.0, 0.14731862
14350.0, 0.14730301
14360.0, 0.14728744
14370.0, 0.1472719
14380.0, 0.14725637
14390.0, 0.14724089
14400.0, 0.14722544
14410.0, 0.14721002
14420.0, 0.14719462
14430.0, 0.14717926
14440.0, 0.14716393
14450.0, 0.14714862
14460.0, 0.14713335
14470.0, 0.1471181
14480.0, 0.14710289
14490.0, 0.14708771
14500.0, 0.14707257
14510.0, 0.14705743
14520.0, 0.14704235
14530.0, 0.14702728
14540.0, 0.14701225
14550.0, 0.14699724
14560.0, 0.14698227
14570.0, 0.14696732
14580.0, 0.1469524
14590.0, 0.14693752
14600.0, 0.14692266
14610.0, 0.14690784
14620.0, 0.14689304
14630.0, 0.14687826
14640.0, 0.14686352
14650.0, 0.14684881
14660.0, 0.14683414
14670.0, 0.14681947
14680.0, 0.14680484
14690.0, 0.14679025
14700.0, 0.14677568
14710.0, 0.14676115
14720.0, 0.14674664
14730.0, 0.14673215
14740.0, 0.1467177
14750.0, 0.14670327
14760.0, 0.14668888
14770.0, 0.14667451
14780.0, 0.14666016
14790.0, 0.14664586
14800.0, 0.14663157
14810.0, 0.14661732
14820.0, 0.1466031
14830.0, 0.14658889
14840.0, 0.14657472
14850.0, 0.14656058
14860.0, 0.14654645
14870.0, 0.14653237
14880.0, 0.1465183
14890.0, 0.14650427
14900.0, 0.14649028
14910.0, 0.14647628
14920.0, 0.14646234
14930.0, 0.14644842
14940.0, 0.14643452
14950.0, 0.14642066
14960.0, 0.14640683
14970.0, 0.146393
14980.0, 0.14637922
14990.0, 0.14636546
15000.0, 0.14635172
15010.0, 0.14633802
15020.0, 0.14632435
15030.0, 0.1463107
15040.0, 0.14629707
15050.0, 0.14628348
15060.0, 0.14626992
15070.0, 0.14625636
15080.0, 0.14624284
15090.0, 0.14622936
15100.0, 0.14621589
15110.0, 0.14620246
15120.0, 0.14618905
15130.0, 0.14617565
15140.0, 0.1461623
15150.0, 0.14614896
15160.0, 0.14613566
15170.0, 0.14612238
15180.0, 0.14610913
15190.0, 0.1460959
15200.0, 0.14608271
15210.0, 0.14606953
15220.0, 0.14605638
15230.0, 0.14604326
15240.0, 0.14603016
15250.0, 0.14601709
15260.0, 0.14600404
15270.0, 0.14599103
15280.0, 0.14597803
15290.0, 0.14596507
15300.0, 0.14595212
15310.0, 0.1459392
15320.0, 0.14592631
15330.0, 0.14591345
15340.0, 0.1459006
15350.0, 0.14588779
15360.0, 0.145875
15370.0, 0.14586224
15380.0, 0.1458495
15390.0, 0.14583677
15400.0, 0.14582409
15410.0, 0.14581142
15420.0, 0.14579879
15430.0, 0.14578617
15440.0, 0.14577357
15450.0, 0.14576101
15460.0, 0.14574847
15470.0, 0.14573596
15480.0, 0.14572346
15490.0, 0.14571099
15500.0, 0.14569856
15510.0, 0.14568615
15520.0, 0.14567375
15530.0, 0.14566138
15540.0, 0.14564903
15550.0, 0.14563672
15560.0, 0.14562441
15570.0, 0.14561215
15580.0, 0.1455999
15590.0, 0.14558768
15600.0, 0.14557548
15610.0, 0.1455633
15620.0, 0.14555116
15630.0, 0.14553903
15640.0, 0.14552693
15650.0, 0.14551485
15660.0, 0.14550279
15670.0, 0.14549077
15680.0, 0.14547876
15690.0, 0.14546677
15700.0, 0.14545481
15710.0, 0.14544287
15720.0, 0.14543095
15730.0, 0.14541906
15740.0, 0.14540721
15750.0, 0.14539535
15760.0, 0.14538354
15770.0, 0.14537175
15780.0, 0.14535998
15790.0, 0.14534822
15800.0, 0.1453365
15810.0, 0.1453248
15820.0, 0.14531311
15830.0, 0.14530146
15840.0, 0.14528982
15850.0, 0.14527822
15860.0, 0.14526662
15870.0, 0.14525506
15880.0, 0.14524353
15890.0, 0.14523199
15900.0, 0.1452205
15910.0, 0.14520903
15920.0, 0.14519759
15930.0, 0.14518614
15940.0, 0.14517474
15950.0, 0.14516336
15960.0, 0.14515199
15970.0, 0.14514065
15980.0, 0.14512934
15990.0, 0.14511804
16000.0, 0.14510678
16010.0, 0.14509553
16020.0, 0.1450843
16030.0, 0.14507309
16040.0, 0.14506191
16050.0, 0.14505075
16060.0, 0.14503962
16070.0, 0.1450285
16080.0, 0.1450174
16090.0, 0.14500633
16100.0, 0.14499527
16110.0, 0.14498425
16120.0, 0.14497323
16130.0, 0.14496225
16140.0, 0.14495128
16150.0, 0.14494033
16160.0, 0.14492942
16170.0, 0.14491852
16180.0, 0.14490764
16190.0, 0.14489679
16200.0, 0.14488596
16210.0, 0.14487514
16220.0, 0.14486435
16230.0, 0.14485358
16240.0, 0.14484282
16250.0, 0.14483209
16260.0, 0.14482139
16270.0, 0.1448107
16280.0, 0.14480004
16290.0, 0.14478938
16300.0, 0.14477877
16310.0, 0.14476818
16320.0, 0.14475758
16330.0, 0.14474703
16340.0, 0.1447365
16350.0, 0.14472596
16360.0, 0.14471547
16370.0, 0.144705
16380.0, 0.14469454
16390.0, 0.1446841
16400.0, 0.14467369
16410.0, 0.14466329
16420.0, 0.14465292
16430.0, 0.14464256
16440.0, 0.14463224
16450.0, 0.14462192
16460.0, 0.14461163
16470.0, 0.14460136
16480.0, 0.14459111
16490.0, 0.14458087
16500.0, 0.14457066
16510.0, 0.14456047
16520.0, 0.14455031
16530.0, 0.14454016
16540.0, 0.14453003
16550.0, 0.14451991
16560.0, 0.14450982
16570.0, 0.14449976
16580.0, 0.1444897
16590.0, 0.14447968
16600.0, 0.14446966
16610.0, 0.14445966
16620.0, 0.14444971
16630.0, 0.14443976
16640.0, 0.14442982
16650.0, 0.14441991
16660.0, 0.14441001
16670.0, 0.14440015
16680.0, 0.14439029
16690.0, 0.14438045
16700.0, 0.14437063
16710.0, 0.14436084
16720.0, 0.14435107
16730.0, 0.1443413
16740.0, 0.14433157
16750.0, 0.14432186
16760.0, 0.14431216
16770.0, 0.14430247
16780.0, 0.14429282
16790.0, 0.14428318
16800.0, 0.14427355
16810.0, 0.14426395
16820.0, 0.14425436
16830.0, 0.1442448
16840.0, 0.14423525
16850.0, 0.14422573
16860.0, 0.14421621
16870.0, 0.14420673
16880.0, 0.14419726
16890.0, 0.14418781
16900.0, 0.14417838
16910.0, 0.14416896
16920.0, 0.14415957
16930.0, 0.14415018
16940.0, 0.14414082
16950.0, 0.14413148
16960.0, 0.14412217
16970.0, 0.14411286
16980.0, 0.14410357
16990.0, 0.1440943
17000.0, 0.14408505
17010.0, 0.14407583
17020.0, 0.14406662
17030.0, 0.14405742
17040.0, 0.14404824
17050.0, 0.14403908
17060.0, 0.14402995
17070.0, 0.14402083
17080.0, 0.14401172
17090.0, 0.14400263
17100.0, 0.14399357
17110.0, 0.14398453
17120.0, 0.1439755
17130.0, 0.14396648
17140.0, 0.14395748
17150.0, 0.14394851
17160.0, 0.14393954
17170.0, 0.1439306
17180.0, 0.14392167
17190.0, 0.14391276
17200.0, 0.14390388
17210.0, 0.14389502
17220.0, 0.14388616
17230.0, 0.14387731
17240.0, 0.14386849
17250.0, 0.1438597
17260.0, 0.14385091
17270.0, 0.14384215
17280.0, 0.1438334
17290.0, 0.14382467
17300.0, 0.14381595
17310.0, 0.14380725
17320.0, 0.14379857
17330.0, 0.1437899
17340.0, 0.14378126
17350.0, 0.14377263
17360.0, 0.14376402
17370.0, 0.14375542
17380.0, 0.14374685
17390.0, 0.14373828
17400.0, 0.14372975
17410.0, 0.14372122
17420.0, 0.1437127
17430.0, 0.1437042
17440.0, 0.14369573
17450.0, 0.14368726
17460.0, 0.14367883
17470.0, 0.14367041
17480.0, 0.143662
17490.0, 0.1436536
17500.0, 0.14364523
17510.0, 0.14363687
17520.0, 0.14362852
17530.0, 0.14362021
17540.0, 0.1436119
17550.0, 0.1436036
17560.0, 0.14359531
17570.0, 0.14358705
17580.0, 0.14357881
17590.0, 0.14357059
17600.0, 0.14356238
17610.0, 0.14355418
17620.0, 0.143546
17630.0, 0.14353783
17640.0, 0.14352968
17650.0, 0.14352156
17660.0, 0.14351344
17670.0, 0.14350533
17680.0, 0.14349726
17690.0, 0.1434892
17700.0, 0.14348114
17710.0, 0.1434731
17720.0, 0.14346509
17730.0, 0.14345708
17740.0, 0.1434491
17750.0, 0.14344113
17760.0, 0.14343317
17770.0, 0.14342523
17780.0, 0.14341731
17790.0, 0.1434094
17800.0, 0.1434015
17810.0, 0.14339362
17820.0, 0.14338577
17830.0, 0.14337793
17840.0, 0.14337009
17850.0, 0.14336227
17860.0, 0.14335448
17870.0, 0.1433467
17880.0, 0.14333892
17890.0, 0.14333117
17900.0, 0.14332344
17910.0, 0.1433157
17920.0, 0.143308
17930.0, 0.14330031
17940.0, 0.14329264
17950.0, 0.14328498
17960.0, 0.14327733
17970.0, 0.14326969
17980.0, 0.14326207
17990.0, 0.14325449
18000.0, 0.14324689
18010.0, 0.14323933
18020.0, 0.14323176
18030.0, 0.14322424
18040.0, 0.1432167
18050.0, 0.14320919
18060.0, 0.1432017
18070.0, 0.14319421
18080.0, 0.14318675
18090.0, 0.1431793
18100.0, 0.14317186
18110.0, 0.14316444
18120.0, 0.14315704
18130.0, 0.14314964
18140.0, 0.14314225
18150.0, 0.1431349
18160.0, 0.14312755
18170.0, 0.14312021
18180.0, 0.1431129
18190.0, 0.1431056
18200.0, 0.14309831
18210.0, 0.14309102
18220.0, 0.14308377
18230.0, 0.14307652
18240.0, 0.14306928
18250.0, 0.14306207
18260.0, 0.14305486
18270.0, 0.14304768
18280.0, 0.1430405
18290.0, 0.14303334
18300.0, 0.14302619
18310.0, 0.14301907
18320.0, 0.14301194
18330.0, 0.14300483
18340.0, 0.14299774
18350.0, 0.14299066
18360.0, 0.1429836
18370.0, 0.14297655
18380.0, 0.14296952
18390.0, 0.14296249
18400.0, 0.1429555
18410.0, 0.1429485
18420.0, 0.14294152
18430.0, 0.14293456
18440.0, 0.1429276
18450.0, 0.14292066
18460.0, 0.14291374
18470.0, 0.14290683
18480.0, 0.14289993
18490.0, 0.14289306
18500.0, 0.14288618
18510.0, 0.14287932
18520.0, 0.14287248
18530.0, 0.14286566
18540.0, 0.14285883
18550.0, 0.14285204
18560.0, 0.14284526
18570.0, 0.14283848
18580.0, 0.14283171
18590.0, 0.14282498
18600.0, 0.14281823
18610.0, 0.14281152
18620.0, 0.1428048
18630.0, 0.14279811
18640.0, 0.14279144
18650.0, 0.14278476
18660.0, 0.14277811
18670.0, 0.14277147
18680.0, 0.14276485
18690.0, 0.14275822
18700.0, 0.14275163
18710.0, 0.14274503
18720.0, 0.14273846
18730.0, 0.1427319
18740.0, 0.14272535
18750.0, 0.1427188
18760.0, 0.1427123
18770.0, 0.14270577
18780.0, 0.14269927
18790.0, 0.14269279
18800.0, 0.14268632
18810.0, 0.14267986
18820.0, 0.14267342
18830.0, 0.14266698
18840.0, 0.14266057
18850.0, 0.14265415
18860.0, 0.14264776
18870.0, 0.14264138
18880.0, 0.142635
18890.0, 0.14262865
18900.0, 0.1426223
18910.0, 0.14261597
18920.0, 0.14260966
18930.0, 0.14260335
18940.0, 0.14259706
18950.0, 0.14259078
18960.0, 0.1425845
18970.0, 0.14257824
18980.0, 0.142572
18990.0, 0.14256577
19000.0, 0.14255956
19010.0, 0.14255334
19020.0, 0.14254715
19030.0, 0.14254096
19040.0, 0.1425348
19050.0, 0.14252864
19060.0, 0.1425225
19070.0, 0.14251636
19080.0, 0.14251024
19090.0, 0.14250413
19100.0, 0.14249803
19110.0, 0.14249195
19120.0, 0.14248587
19130.0, 0.1424798
19140.0, 0.14247377
19150.0, 0.14246772
19160.0, 0.1424617
19170.0, 0.14245568
19180.0, 0.14244968
19190.0, 0.14244369
19200.0, 0.14243771
19210.0, 0.14243175
19220.0, 0.14242579
19230.0, 0.14241986
19240.0, 0.14241393
19250.0, 0.142408
19260.0, 0.1424021
19270.0, 0.1423962
19280.0, 0.14239033
19290.0, 0.14238445
19300.0, 0.1423786
19310.0, 0.14237274
19320.0, 0.14236692
19330.0, 0.14236109
19340.0, 0.14235526
19350.0, 0.14234947
19360.0, 0.14234369
19370.0, 0.14233789
19380.0, 0.14233212
19390.0, 0.14232637
19400.0, 0.14232063
19410.0, 0.1423149
19420.0, 0.14230917
19430.0, 0.14230347
19440.0, 0.14229777
19450.0, 0.14229207
19460.0, 0.1422864
19470.0, 0.14228074
19480.0, 0.14227508
19490.0, 0.14226945
19500.0, 0.14226381
19510.0, 0.14225818
19520.0, 0.14225258
19530.0, 0.14224699
19540.0, 0.14224139
19550.0, 0.14223582
19560.0, 0.14223026
19570.0, 0.1422247
19580.0, 0.14221916
19590.0, 0.14221363
19600.0, 0.1422081
19610.0, 0.1422026
19620.0, 0.1421971
19630.0, 0.1421916
19640.0, 0.14218614
19650.0, 0.14218067
19660.0, 0.14217521
19670.0, 0.14216977
19680.0, 0.14216433
19690.0, 0.14215891
19700.0, 0.1421535
19710.0, 0.1421481
19720.0, 0.14214271
19730.0, 0.14213733
19740.0, 0.14213195
19750.0, 0.1421266
19760.0, 0.14212126
19770.0, 0.14211592
19780.0, 0.14211059
19790.0, 0.14210528
19800.0, 0.14209996
19810.0, 0.14209467
19820.0, 0.14208938
19830.0, 0.14208412
19840.0, 0.14207886
19850.0, 0.1420736
19860.0, 0.14206836
19870.0, 0.14206313
19880.0, 0.1420579
19890.0, 0.1420527
19900.0, 0.1420475
19910.0, 0.1420423
19920.0, 0.14203712
19930.0, 0.14203195
19940.0, 0.1420268
19950.0, 0.14202164
19960.0, 0.1420165
19970.0, 0.14201137
19980.0, 0.14200625
19990.0, 0.14200115
20000.0, 0.14199604
20010.0, 0.14199096
20020.0, 0.14198588
20030.0, 0.14198081
20040.0, 0.14197575
20050.0, 0.14197071
20060.0, 0.14196567
20070.0, 0.14196064
20080.0, 0.14195563
20090.0, 0.14195062
20100.0, 0.14194562
20110.0, 0.14194062
20120.0, 0.14193565
20130.0, 0.14193068
20140.0, 0.14192572
20150.0, 0.14192078
20160.0, 0.14191584
20170.0, 0.14191091
20180.0, 0.141906
20190.0, 0.14190108
20200.0, 0.14189617
20210.0, 0.14189129
20220.0, 0.14188641
20230.0, 0.14188154
20240.0, 0.14187668
20250.0, 0.14187182
20260.0, 0.141867
20270.0, 0.14186215
20280.0, 0.14185733
20290.0, 0.14185253
20300.0, 0.14184771
20310.0, 0.14184292
20320.0, 0.14183813
20330.0, 0.14183336
20340.0, 0.1418286
20350.0, 0.14182384
20360.0, 0.14181909
20370.0, 0.14181435
20380.0, 0.14180963
20390.0, 0.14180492
20400.0, 0.14180021
20410.0, 0.1417955
20420.0, 0.14179082
20430.0, 0.14178613
20440.0, 0.14178146
20450.0, 0.1417768
20460.0, 0.14177215
20470.0, 0.14176752
20480.0, 0.14176288
20490.0, 0.14175825
20500.0, 0.14175363
20510.0, 0.14174902
20520.0, 0.14174442
20530.0, 0.14173985
20540.0, 0.14173527
20550.0, 0.1417307
20560.0, 0.14172614
20570.0, 0.14172158
20580.0, 0.14171705
20590.0, 0.1417125
20600.0, 0.14170799
20610.0, 0.14170346
20620.0, 0.14169896
20630.0, 0.14169446
20640.0, 0.14168997
20650.0, 0.14168549
20660.0, 0.14168102
20670.0, 0.14167656
20680.0, 0.1416721
20690.0, 0.14166765
20700.0, 0.14166322
20710.0, 0.1416588
20720.0, 0.14165437
20730.0, 0.14164996
20740.0, 0.14164557
20750.0, 0.14164117
20760.0, 0.14163679
20770.0, 0.14163242
20780.0, 0.14162806
20790.0, 0.14162369
20800.0, 0.14161935
20810.0, 0.141615
20820.0, 0.14161068
20830.0, 0.14160636
20840.0, 0.14160205
20850.0, 0.14159773
20860.0, 0.14159344
20870.0, 0.14158915
20880.0, 0.14158487
20890.0, 0.14158061
20900.0, 0.14157635
20910.0, 0.14157209
20920.0, 0.14156784
20930.0, 0.1415636
20940.0, 0.14155938
20950.0, 0.14155516
20960.0, 0.14155094
20970.0, 0.14154674
20980.0, 0.14154255
20990.0, 0.14153837
21000.0, 0.14153418
21010.0, 0.14153
21020.0, 0.14152585
21030.0, 0.14152169
21040.0, 0.14151755
21050.0, 0.1415134
21060.0, 0.14150928
21070.0, 0.14150517
21080.0, 0.14150105
21090.0, 0.14149694
21100.0, 0.14149284
21110.0, 0.14148876
21120.0, 0.14148468
21130.0, 0.14148061
21140.0, 0.14147656
21150.0, 0.1414725
21160.0, 0.14146844
21170.0, 0.14146441
21180.0, 0.14146037
21190.0, 0.14145635
21200.0, 0.14145234
21210.0, 0.14144833
21220.0, 0.14144433
21230.0, 0.14144033
21240.0, 0.14143635
21250.0, 0.14143237
21260.0, 0.14142841
21270.0, 0.14142445
21280.0, 0.1414205
21290.0, 0.14141655
21300.0, 0.14141262
21310.0, 0.14140868
21320.0, 0.14140476
21330.0, 0.14140086
21340.0, 0.14139695
21350.0, 0.14139305
21360.0, 0.14138916
21370.0, 0.14138529
21380.0, 0.14138141
21390.0, 0.14137755
21400.0, 0.1413737
21410.0, 0.14136983
21420.0, 0.14136599
21430.0, 0.14136216
21440.0, 0.14135833
21450.0, 0.1413545
21460.0, 0.1413507
21470.0, 0.14134689
21480.0, 0.1413431
21490.0, 0.1413393
21500.0, 0.14133552
21510.0, 0.14133175
21520.0, 0.14132798
21530.0, 0.14132422
21540.0, 0.14132047
21550.0, 0.14131673
21560.0, 0.14131299
21570.0, 0.14130926
21580.0, 0.14130554
21590.0, 0.14130181
21600.0, 0.14129812
21610.0, 0.1412944
21620.0, 0.14129071
21630.0, 0.14128703
21640.0, 0.14128335
21650.0, 0.14127967
21660.0, 0.14127602
21670.0, 0.14127237
21680.0, 0.1412687
21690.0, 0.14126506
21700.0, 0.14126143
21710.0, 0.14125781
21720.0, 0.14125419
21730.0, 0.14125057
21740.0, 0.14124697
21750.0, 0.14124337
21760.0, 0.14123978
21770.0, 0.14123619
21780.0, 0.14123262
21790.0, 0.14122905
21800.0, 0.14122547
21810.0, 0.14122193
21820.0, 0.14121838
21830.0, 0.14121483
21840.0, 0.1412113
21850.0, 0.14120777
21860.0, 0.14120425
21870.0, 0.14120074
21880.0, 0.14119723
21890.0, 0.14119373
21900.0, 0.14119023
21910.0, 0.14118674
21920.0, 0.14118327
21930.0, 0.1411798
21940.0, 0.14117634
21950.0, 0.14117287
21960.0, 0.14116943
21970.0, 0.14116599
21980.0, 0.14116254
21990.0, 0.14115912
22000.0, 0.14115569
22010.0, 0.14115228
22020.0, 0.14114887
22030.0, 0.14114547
22040.0, 0.14114206
22050.0, 0.14113867
22060.0, 0.14113529
22070.0, 0.14113191
22080.0, 0.14112855
22090.0, 0.14112519
22100.0, 0.14112182
22110.0, 0.14111848
22120.0, 0.14111514
22130.0, 0.14111179
22140.0, 0.14110847
22150.0, 0.14110515
22160.0, 0.14110184
22170.0, 0.14109851
22180.0, 0.14109522
22190.0, 0.14109191
22200.0, 0.14108863
22210.0, 0.14108536
22220.0, 0.14108206
22230.0, 0.1410788
22240.0, 0.14107554
22250.0, 0.14107227
22260.0, 0.14106902
22270.0, 0.14106578
22280.0, 0.14106254
22290.0, 0.14105931
22300.0, 0.14105609
22310.0, 0.14105287
22320.0, 0.14104967
22330.0, 0.14104645
22340.0, 0.14104325
22350.0, 0.14104006
22360.0, 0.14103687
22370.0, 0.1410337
22380.0, 0.14103052
22390.0, 0.14102735
22400.0, 0.14102419
22410.0, 0.14102103
22420.0, 0.14101788
22430.0, 0.14101474
22440.0, 0.14101161
22450.0, 0.14100848
22460.0, 0.14100535
22470.0, 0.14100222
22480.0, 0.14099912
22490.0, 0.14099602
22500.0, 0.14099291
22510.0, 0.14098983
22520.0, 0.14098674
22530.0, 0.14098366
22540.0, 0.14098059
22550.0, 0.1409775
22560.0, 0.14097446
22570.0, 0.14097139
22580.0, 0.14096834
22590.0, 0.1409653
22600.0, 0.14096227
22610.0, 0.14095923
22620.0, 0.14095621
22630.0, 0.14095318
22640.0, 0.14095017
22650.0, 0.14094716
22660.0, 0.14094415
22670.0, 0.14094117
22680.0, 0.14093818
22690.0, 0.14093518
22700.0, 0.14093222
22710.0, 0.14092924
22720.0, 0.14092629
22730.0, 0.14092332
22740.0, 0.14092036
22750.0, 0.1409174
22760.0, 0.14091447
22770.0, 0.14091153
22780.0, 0.1409086
22790.0, 0.14090568
22800.0, 0.14090276
22810.0, 0.14089984
22820.0, 0.14089693
22830.0, 0.14089404
22840.0, 0.14089113
22850.0, 0.14088826
22860.0, 0.14088537
22870.0, 0.14088249
22880.0, 0.14087962
22890.0, 0.14087674
22900.0, 0.1408739
22910.0, 0.14087103
22920.0, 0.14086817
22930.0, 0.14086534
22940.0, 0.1408625
22950.0, 0.14085966
22960.0, 0.14085683
22970.0, 0.14085402
22980.0, 0.1408512
22990.0, 0.14084838
23000.0, 0.14084558
23010.0, 0.14084278
23020.0, 0.14084
23030.0, 0.1408372
23040.0, 0.14083442
23050.0, 0.14083165
23060.0, 0.14082888
23070.0, 0.14082609
23080.0, 0.14082335
23090.0, 0.14082058
23100.0, 0.14081784
23110.0, 0.1408151
23120.0, 0.14081235
23130.0, 0.14080963
23140.0, 0.1408069
23150.0, 0.14080417
23160.0, 0.14080144
23170.0, 0.14079875
23180.0, 0.14079604
23190.0, 0.14079334
23200.0, 0.14079064
23210.0, 0.14078794
23220.0, 0.14078526
23230.0, 0.1407826
23240.0, 0.14077991
23250.0, 0.14077725
23260.0, 0.14077458
23270.0, 0.14077193
23280.0, 0.14076927
23290.0, 0.14076662
23300.0, 0.14076397
23310.0, 0.14076133
23320.0, 0.14075871
23330.0, 0.14075609
23340.0, 0.14075346
23350.0, 0.14075084
23360.0, 0.14074823
23370.0, 0.14074562
23380.0, 0.14074303
23390.0, 0.14074044
23400.0, 0.14073785
23410.0, 0.14073527
23420.0, 0.14073268
23430.0, 0.1407301
23440.0, 0.14072753
23450.0, 0.14072497
23460.0, 0.14072241
23470.0, 0.14071986
23480.0, 0.14071731
23490.0, 0.14071476
23500.0, 0.14071222
23510.0, 0.14070968
23520.0, 0.14070717
23530.0, 0.14070465
23540.0, 0.14070213
23550.0, 0.14069961
23560.0, 0.14069709
23570.0, 0.14069459
23580.0, 0.1406921
23590.0, 0.14068961
23600.0, 0.14068711
23610.0, 0.14068463
23620.0, 0.14068215
23630.0, 0.14067967
23640.0, 0.14067721
23650.0, 0.14067475
23660.0, 0.14067228
23670.0, 0.14066984
23680.0, 0.14066738
23690.0, 0.14066495
23700.0, 0.1406625
23710.0, 0.14066006
23720.0, 0.14065763
23730.0, 0.1406552
23740.0, 0.14065279
23750.0, 0.14065038
23760.0, 0.14064796
23770.0, 0.14064555
23780.0, 0.14064315
23790.0, 0.14064075
23800.0, 0.14063837
23810.0, 0.14063598
23820.0, 0.1406336
23830.0, 0.14063123
23840.0, 0.14062884
23850.0, 0.14062648
23860.0, 0.14062412
23870.0, 0.14062177
23880.0, 0.1406194
23890.0, 0.14061706
23900.0, 0.14061472
23910.0, 0.14061238
23920.0, 0.14061004
23930.0, 0.14060771
23940.0, 0.14060539
23950.0, 0.14060307
23960.0, 0.14060076
23970.0, 0.14059843
23980.0, 0.14059612
23990.0, 0.14059383
24000.0, 0.14059153
24010.0, 0.14058924
24020.0, 0.14058694
24030.0, 0.14058466
24040.0, 0.14058238
24050.0, 0.1405801
24060.0, 0.14057784
24070.0, 0.14057557
24080.0, 0.14057331
24090.0, 0.14057106
24100.0, 0.1405688
24110.0, 0.14056656
24120.0, 0.14056431
24130.0, 0.14056207
24140.0, 0.14055984
24150.0, 0.1405576
24160.0, 0.14055538
24170.0, 0.14055316
24180.0, 0.14055094
24190.0, 0.14054874
24200.0, 0.14054652
24210.0, 0.14054431
24220.0, 0.14054212
24230.0, 0.14053991
24240.0, 0.14053774
24250.0, 0.14053555
24260.0, 0.14053336
24270.0, 0.1405312
24280.0, 0.14052902
24290.0, 0.14052685
24300.0, 0.14052469
24310.0, 0.14052252
24320.0, 0.14052038
24330.0, 0.14051822
24340.0, 0.14051607
24350.0, 0.14051393
24360.0, 0.14051178
24370.0, 0.14050965
24380.0, 0.14050752
24390.0, 0.14050539
24400.0, 0.14050327
24410.0, 0.14050116
24420.0, 0.14049904
24430.0, 0.14049694
24440.0, 0.14049484
24450.0, 0.14049272
24460.0, 0.14049064
24470.0, 0.14048854
24480.0, 0.14048646
24490.0, 0.14048436
24500.0, 0.14048229
24510.0, 0.1404802
24520.0, 0.14047815
24530.0, 0.14047608
24540.0, 0.14047402
24550.0, 0.14047195
24560.0, 0.14046991
24570.0, 0.14046784
24580.0, 0.14046581
24590.0, 0.14046375
24600.0, 0.14046173
24610.0, 0.14045969
24620.0, 0.14045766
24630.0, 0.14045563
24640.0, 0.1404536
24650.0, 0.14045158
24660.0, 0.14044957
24670.0, 0.14044757
24680.0, 0.14044556
24690.0, 0.14044355
24700.0, 0.14044155
24710.0, 0.14043956
24720.0, 0.14043757
24730.0, 0.14043559
24740.0, 0.14043361
24750.0, 0.14043163
24760.0, 0.14042966
24770.0, 0.14042768
24780.0, 0.14042571
24790.0, 0.14042374
24800.0, 0.1404218
24810.0, 0.14041983
24820.0, 0.14041789
24830.0, 0.14041594
24840.0, 0.140414
24850.0, 0.14041206
24860.0, 0.14041013
24870.0, 0.14040819
24880.0, 0.14040627
24890.0, 0.14040433
24900.0, 0.14040242
24910.0, 0.1404005
24920.0, 0.14039858
24930.0, 0.14039668
24940.0, 0.14039478
24950.0, 0.14039287
24960.0, 0.14039098
24970.0, 0.14038908
24980.0, 0.14038719
24990.0, 0.14038531
25000.0, 0.14038342
25010.0, 0.14038154
25020.0, 0.14037967
25030.0, 0.1403778
25040.0, 0.14037593
25050.0, 0.14037406
25060.0, 0.14037222
25070.0, 0.14037035
25080.0, 0.14036849
25090.0, 0.14036666
25100.0, 0.14036481
25110.0, 0.14036296
25120.0, 0.14036113
25130.0, 0.1403593
25140.0, 0.14035746
25150.0, 0.14035563
25160.0, 0.14035381
25170.0, 0.140352
25180.0, 0.14035018
25190.0, 0.14034837
25200.0, 0.14034656
25210.0, 0.14034475
25220.0, 0.14034295
25230.0, 0.14034115
25240.0, 0.14033936
25250.0, 0.14033757
25260.0, 0.14033578
25270.0, 0.140334
25280.0, 0.14033222
25290.0, 0.14033045
25300.0, 0.14032868
25310.0, 0.1403269
25320.0, 0.14032513
25330.0, 0.14032337
25340.0, 0.14032161
25350.0, 0.14031987
25360.0, 0.14031811
25370.0, 0.14031635
25380.0, 0.14031461
25390.0, 0.14031288
25400.0, 0.14031114
25410.0, 0.14030941
25420.0, 0.14030768
25430.0, 0.14030594
25440.0, 0.14030422
25450.0, 0.1403025
25460.0, 0.14030078
25470.0, 0.14029907
25480.0, 0.14029737
25490.0, 0.14029565
25500.0, 0.14029396
25510.0, 0.14029224
25520.0, 0.14029056
25530.0, 0.14028886
25540.0, 0.14028718
25550.0, 0.14028549
25560.0, 0.14028381
25570.0, 0.14028212
25580.0, 0.14028044
25590.0, 0.14027877
25600.0, 0.1402771
25610.0, 0.14027543
25620.0, 0.14027376
25630.0, 0.14027211
25640.0, 0.14027046
25650.0, 0.1402688
25660.0, 0.14026715
25670.0, 0.1402655
25680.0, 0.14026386
25690.0, 0.14026223
25700.0, 0.14026058
25710.0, 0.14025895
25720.0, 0.14025731
25730.0, 0.14025569
25740.0, 0.14025408
25750.0, 0.14025246
25760.0, 0.14025083
25770.0, 0.14024922
25780.0, 0.1402476
25790.0, 0.140246
25800.0, 0.1402444
25810.0, 0.14024279
25820.0, 0.1402412
25830.0, 0.1402396
25840.0, 0.140238
25850.0, 0.14023642
25860.0, 0.14023484
25870.0, 0.14023325
25880.0, 0.14023167
25890.0, 0.1402301
25900.0, 0.14022852
25910.0, 0.14022696
25920.0, 0.1402254
25930.0, 0.14022383
25940.0, 0.14022227
25950.0, 0.14022072
25960.0, 0.14021915
25970.0, 0.1402176
25980.0, 0.14021605
25990.0, 0.14021452
26000.0, 0.14021298
26010.0, 0.14021143
26020.0, 0.1402099
26030.0, 0.14020836
26040.0, 0.14020684
26050.0, 0.14020531
26060.0, 0.14020379
26070.0, 0.14020227
26080.0, 0.14020075
26090.0, 0.14019924
26100.0, 0.14019772
26110.0, 0.14019622
26120.0, 0.14019471
26130.0, 0.14019321
26140.0, 0.1401917
26150.0, 0.14019021
26160.0, 0.14018872
26170.0, 0.14018723
26180.0, 0.14018574
26190.0, 0.14018427
26200.0, 0.14018278
26210.0, 0.1401813
26220.0, 0.14017981
26230.0, 0.14017835
26240.0, 0.14017689
26250.0, 0.14017542
26260.0, 0.14017396
26270.0, 0.14017248
26280.0, 0.14017104
26290.0, 0.14016958
26300.0, 0.14016813
26310.0, 0.14016668
26320.0, 0.14016522
26330.0, 0.1401638
26340.0, 0.14016235
26350.0, 0.14016092
26360.0, 0.14015947
26370.0, 0.14015804
26380.0, 0.14015661
26390.0, 0.1401552
26400.0, 0.14015377
26410.0, 0.14015235
26420.0, 0.14015092
26430.0, 0.14014952
26440.0, 0.1401481
26450.0, 0.14014669
26460.0, 0.14014529
26470.0, 0.14014389
26480.0, 0.14014249
26490.0, 0.14014108
26500.0, 0.1401397
26510.0, 0.1401383
26520.0, 0.14013691
26530.0, 0.14013553
26540.0, 0.14013414
26550.0, 0.14013276
26560.0, 0.14013138
26570.0, 0.14013
26580.0, 0.14012863
26590.0, 0.14012726
26600.0, 0.14012589
26610.0, 0.14012453
26620.0, 0.14012316
26630.0, 0.1401218
26640.0, 0.14012045
26650.0, 0.1401191
26660.0, 0.14011775
26670.0, 0.1401164
26680.0, 0.14011505
26690.0, 0.14011371
26700.0, 0.14011237
26710.0, 0.14011103
26720.0, 0.14010969
26730.0, 0.14010836
26740.0, 0.14010704
26750.0, 0.1401057
26760.0, 0.14010438
26770.0, 0.14010306
26780.0, 0.14010173
26790.0, 0.14010042
26800.0, 0.14009911
26810.0, 0.1400978
26820.0, 0.14009649
26830.0, 0.14009519
26840.0, 0.14009388
26850.0, 0.14009257
26860.0, 0.14009129
26870.0, 0.14008999
26880.0, 0.14008869
26890.0, 0.1400874
26900.0, 0.14008611
26910.0, 0.14008482
26920.0, 0.14008354
26930.0, 0.14008227
26940.0, 0.14008099
26950.0, 0.1400797
26960.0, 0.14007844
26970.0, 0.14007717
26980.0, 0.14007589
26990.0, 0.14007464
27000.0, 0.14007337
27010.0, 0.1400721
27020.0, 0.14007086
27030.0, 0.1400696
27040.0, 0.14006835
27050.0, 0.1400671
27060.0, 0.14006585
27070.0, 0.1400646
27080.0, 0.14006336
27090.0, 0.14006212
27100.0, 0.14006089
27110.0, 0.14005965
27120.0, 0.14005841
27130.0, 0.14005718
27140.0, 0.14005595
27150.0, 0.14005473
27160.0, 0.14005351
27170.0, 0.14005229
27180.0, 0.14005108
27190.0, 0.14004986
27200.0, 0.14004864
27210.0, 0.14004743
27220.0, 0.14004622
27230.0, 0.14004502
27240.0, 0.14004381
27250.0, 0.14004262
27260.0, 0.14004141
27270.0, 0.14004022
27280.0, 0.14003903
27290.0, 0.14003783
27300.0, 0.14003664
27310.0, 0.14003547
27320.0, 0.14003427
27330.0, 0.14003308
27340.0, 0.14003192
27350.0, 0.14003074
27360.0, 0.14002956
27370.0, 0.14002839
27380.0, 0.14002723
27390.0, 0.14002605
27400.0, 0.14002489
27410.0, 0.14002372
27420.0, 0.14002256
27430.0, 0.1400214
27440.0, 0.14002025
27450.0, 0.14001909
27460.0, 0.14001794
27470.0, 0.14001678
27480.0, 0.14001565
27490.0, 0.1400145
27500.0, 0.14001335
27510.0, 0.14001222
27520.0, 0.14001107
27530.0, 0.14000994
27540.0, 0.1400088
27550.0, 0.14000767
27560.0, 0.14000654
27570.0, 0.14000542
27580.0, 0.1400043
27590.0, 0.14000317
27600.0, 0.14000206
27610.0, 0.14000094
27620.0, 0.13999982
27630.0, 0.13999872
27640.0, 0.1399976
27650.0, 0.13999648
27660.0, 0.13999538
27670.0, 0.13999428
27680.0, 0.13999318
27690.0, 0.13999207
27700.0, 0.13999099
27710.0, 0.13998988
27720.0, 0.13998878
27730.0, 0.13998769
27740.0, 0.13998662
27750.0, 0.13998552
27760.0, 0.13998444
27770.0, 0.13998336
27780.0, 0.13998227
27790.0, 0.1399812
27800.0, 0.13998012
27810.0, 0.13997905
27820.0, 0.13997798
27830.0, 0.1399769
27840.0, 0.13997583
27850.0, 0.13997477
27860.0, 0.13997371
27870.0, 0.13997264
27880.0, 0.13997158
27890.0, 0.13997054
27900.0, 0.13996947
27910.0, 0.13996843
27920.0, 0.13996737
27930.0, 0.13996632
27940.0, 0.13996528
27950.0, 0.13996424
27960.0, 0.1399632
27970.0, 0.13996215
27980.0, 0.13996111
27990.0, 0.13996008
28000.0, 0.13995905
28010.0, 0.13995801
28020.0, 0.13995698
28030.0, 0.13995595
28040.0, 0.13995492
28050.0, 0.13995391
28060.0, 0.13995288
28070.0, 0.13995187
28080.0, 0.13995084
28090.0, 0.13994983
28100.0, 0.13994882
28110.0, 0.13994782
28120.0, 0.1399468
28130.0, 0.13994579
28140.0, 0.13994478
28150.0, 0.13994378
28160.0, 0.13994278
28170.0, 0.13994178
28180.0, 0.13994078
28190.0, 0.13993979
28200.0, 0.13993879
28210.0, 0.1399378
28220.0, 0.1399368
28230.0, 0.13993582
28240.0, 0.13993484
28250.0, 0.13993385
28260.0, 0.13993287
28270.0, 0.13993189
28280.0, 0.13993092
28290.0, 0.13992995
28300.0, 0.13992897
28310.0, 0.139928
28320.0, 0.13992703
28330.0, 0.13992606
28340.0, 0.13992509
28350.0, 0.13992412
28360.0, 0.13992317
28370.0, 0.1399222
28380.0, 0.13992125
28390.0, 0.13992028
28400.0, 0.13991934
28410.0, 0.13991839
28420.0, 0.13991743
28430.0, 0.1399165
28440.0, 0.13991554
28450.0, 0.13991459
28460.0, 0.13991365
28470.0, 0.13991271
28480.0, 0.13991177
28490.0, 0.13991083
28500.0, 0.1399099
28510.0, 0.13990897
28520.0, 0.13990803
28530.0, 0.1399071
28540.0, 0.13990617
28550.0, 0.13990524
28560.0, 0.13990432
28570.0, 0.1399034
28580.0, 0.13990249
28590.0, 0.13990155
28600.0, 0.13990064
28610.0, 0.13989973
28620.0, 0.1398988
28630.0, 0.1398979
28640.0, 0.13989699
28650.0, 0.13989608
28660.0, 0.13989517
28670.0, 0.13989428
28680.0, 0.13989337
28690.0, 0.13989247
28700.0, 0.13989158
28710.0, 0.13989067
28720.0, 0.13988978
28730.0, 0.13988888
28740.0, 0.13988799
28750.0, 0.1398871
28760.0, 0.13988622
28770.0, 0.13988534
28780.0, 0.13988444
28790.0, 0.13988356
28800.0, 0.13988268
28810.0, 0.1398818
28820.0, 0.13988091
28830.0, 0.13988005
28840.0, 0.13987917
28850.0, 0.13987829
28860.0, 0.13987744
28870.0, 0.13987656
28880.0, 0.1398757
28890.0, 0.13987483
28900.0, 0.13987397
28910.0, 0.1398731
28920.0, 0.13987224
28930.0, 0.13987139
28940.0, 0.13987052
28950.0, 0.13986966
28960.0, 0.13986881
28970.0, 0.13986796
28980.0, 0.13986711
28990.0, 0.13986626
29000.0, 0.13986543
29010.0, 0.13986458
29020.0, 0.13986373
29030.0, 0.1398629
29040.0, 0.13986205
29050.0, 0.13986121
29060.0, 0.13986038
29070.0, 0.13985954
29080.0, 0.13985871
29090.0, 0.13985787
29100.0, 0.13985704
29110.0, 0.13985622
29120.0, 0.13985538
29130.0, 0.13985457
29140.0, 0.13985375
29150.0, 0.13985293
29160.0, 0.1398521
29170.0, 0.13985127
29180.0, 0.13985047
29190.0, 0.13984965
29200.0, 0.13984883
29210.0, 0.13984802
29220.0, 0.13984722
29230.0, 0.1398464
29240.0, 0.1398456
29250.0, 0.13984479
29260.0, 0.13984399
29270.0, 0.1398432
29280.0, 0.13984239
29290.0, 0.13984159
29300.0, 0.13984078
29310.0, 0.13983999
29320.0, 0.1398392
29330.0, 0.1398384
29340.0, 0.13983761
29350.0, 0.13983683
29360.0, 0.13983604
29370.0, 0.13983525
29380.0, 0.13983446
29390.0, 0.13983369
29400.0, 0.13983291
29410.0, 0.13983212
29420.0, 0.13983135
29430.0, 0.13983056
29440.0, 0.1398298
29450.0, 0.13982901
29460.0, 0.13982825
29470.0, 0.13982747
29480.0, 0.1398267
29490.0, 0.13982594
29500.0, 0.13982518
29510.0, 0.1398244
29520.0, 0.13982365
29530.0, 0.13982289
29540.0, 0.13982213
29550.0, 0.13982137
29560.0, 0.1398206
29570.0, 0.13981986
29580.0, 0.1398191
29590.0, 0.13981834
29600.0, 0.1398176
29610.0, 0.13981685
29620.0, 0.13981609
29630.0, 0.13981535
29640.0, 0.13981462
29650.0, 0.13981386
29660.0, 0.13981313
29670.0, 0.13981238
29680.0, 0.13981164
29690.0, 0.1398109
29700.0, 0.13981016
29710.0, 0.13980943
29720.0, 0.1398087
29730.0, 0.13980797
29740.0, 0.13980724
29750.0, 0.13980651
29760.0, 0.13980578
29770.0, 0.13980505
29780.0, 0.13980432
29790.0, 0.1398036
29800.0, 0.13980289
29810.0, 0.13980216
29820.0, 0.13980144
29830.0, 0.13980073
29840.0, 0.13980001
29850.0, 0.1397993
29860.0, 0.13979858
29870.0, 0.13979787
29880.0, 0.13979717
29890.0, 0.13979645
29900.0, 0.13979575
29910.0, 0.13979504
29920.0, 0.13979433
29930.0, 0.13979363
29940.0, 0.13979293
29950.0, 0.13979223
29960.0, 0.13979153
29970.0, 0.13979083
29980.0, 0.13979013
29990.0, 0.13978943
30000.0, 0.13978875
