Energy (in eV), backscattering yield of material gr2k-NASCAP at incidence 10.0 degree
   X,       Y
0.0, 0.0
10.0, 0.0
20.0, 0.0
30.0, 0.0
40.0, 0.0
50.0, 0.0
60.0, 0.010747164
70.0, 0.019626778
80.0, 0.027244769
90.0, 0.033916723
100.0, 0.039849237
110.0, 0.045186765
120.0, 0.050034776
130.0, 0.054472752
140.0, 0.058562163
150.0, 0.062351532
160.0, 0.06587986
170.0, 0.06917899
180.0, 0.07227522
190.0, 0.07519057
200.0, 0.07794365
210.0, 0.0805503
220.0, 0.08302419
230.0, 0.08537708
240.0, 0.08761931
250.0, 0.089759886
260.0, 0.09180676
270.0, 0.09376702
280.0, 0.09564692
290.0, 0.09745212
300.0, 0.099187635
310.0, 0.10085806
320.0, 0.10246749
330.0, 0.10401967
340.0, 0.10551803
350.0, 0.10696564
360.0, 0.10836538
370.0, 0.10971986
380.0, 0.11103146
390.0, 0.1123024
400.0, 0.113534786
410.0, 0.114730455
420.0, 0.115891196
430.0, 0.11701865
440.0, 0.11811431
450.0, 0.119179666
460.0, 0.12021596
470.0, 0.1212245
480.0, 0.12220646
490.0, 0.12316289
500.0, 0.12409484
510.0, 0.12500328
520.0, 0.12588911
530.0, 0.1267532
540.0, 0.12759635
550.0, 0.12841934
560.0, 0.12922291
570.0, 0.1300077
580.0, 0.13077444
590.0, 0.13152365
600.0, 0.132256
610.0, 0.13297202
620.0, 0.13367224
630.0, 0.13435717
640.0, 0.13502729
650.0, 0.13568306
660.0, 0.13632494
670.0, 0.13695332
680.0, 0.13756862
690.0, 0.13817123
700.0, 0.13876149
710.0, 0.13933977
720.0, 0.13990644
730.0, 0.14046173
740.0, 0.14100608
750.0, 0.1415397
760.0, 0.14206289
770.0, 0.14257592
780.0, 0.1430791
790.0, 0.14357264
800.0, 0.1440568
810.0, 0.14453183
820.0, 0.14499792
830.0, 0.14545533
840.0, 0.14590426
850.0, 0.14634489
860.0, 0.14677747
870.0, 0.14720212
880.0, 0.1476191
890.0, 0.14802852
900.0, 0.14843062
910.0, 0.1488255
920.0, 0.14921334
930.0, 0.14959434
940.0, 0.14996858
950.0, 0.15033627
960.0, 0.15069753
970.0, 0.15105249
980.0, 0.15140128
990.0, 0.15174404
1000.0, 0.15208088
1010.0, 0.15191504
1020.0, 0.15174952
1030.0, 0.15158433
1040.0, 0.15141945
1050.0, 0.15125492
1060.0, 0.1510907
1070.0, 0.15092683
1080.0, 0.15076326
1090.0, 0.15060003
1100.0, 0.15043712
1110.0, 0.15027452
1120.0, 0.15011224
1130.0, 0.14995031
1140.0, 0.14978868
1150.0, 0.14962737
1160.0, 0.14946638
1170.0, 0.14930572
1180.0, 0.14914536
1190.0, 0.14898533
1200.0, 0.14882562
1210.0, 0.14866622
1220.0, 0.14850715
1230.0, 0.14834836
1240.0, 0.14818992
1250.0, 0.14803179
1260.0, 0.14787395
1270.0, 0.14771645
1280.0, 0.14755924
1290.0, 0.14740235
1300.0, 0.14724578
1310.0, 0.14708951
1320.0, 0.14693354
1330.0, 0.1467779
1340.0, 0.14662255
1350.0, 0.14646752
1360.0, 0.14631282
1370.0, 0.14615838
1380.0, 0.14600427
1390.0, 0.14585046
1400.0, 0.14569697
1410.0, 0.14554377
1420.0, 0.14539088
1430.0, 0.14523828
1440.0, 0.14508599
1450.0, 0.144934
1460.0, 0.14478232
1470.0, 0.14463092
1480.0, 0.14447984
1490.0, 0.14432906
1500.0, 0.14417857
1510.0, 0.14402838
1520.0, 0.1438785
1530.0, 0.1437289
1540.0, 0.1435796
1550.0, 0.14343059
1560.0, 0.14328189
1570.0, 0.14313348
1580.0, 0.14298536
1590.0, 0.14283754
1600.0, 0.14269002
1610.0, 0.14254276
1620.0, 0.14239582
1630.0, 0.14224917
1640.0, 0.14210281
1650.0, 0.14195673
1660.0, 0.14181094
1670.0, 0.14166546
1680.0, 0.14152025
1690.0, 0.14137532
1700.0, 0.14123069
1710.0, 0.14108634
1720.0, 0.14094229
1730.0, 0.14079851
1740.0, 0.14065503
1750.0, 0.14051181
1760.0, 0.1403689
1770.0, 0.14022624
1780.0, 0.1400839
1790.0, 0.13994183
1800.0, 0.13980004
1810.0, 0.13965853
1820.0, 0.13951729
1830.0, 0.13937636
1840.0, 0.13923568
1850.0, 0.13909529
1860.0, 0.13895518
1870.0, 0.13881534
1880.0, 0.1386758
1890.0, 0.1385365
1900.0, 0.13839749
1910.0, 0.13825877
1920.0, 0.13812032
1930.0, 0.13798213
1940.0, 0.13784422
1950.0, 0.1377066
1960.0, 0.13756925
1970.0, 0.13743216
1980.0, 0.13729534
1990.0, 0.1371588
2000.0, 0.13702253
2010.0, 0.1368865
2020.0, 0.13675077
2030.0, 0.13661532
2040.0, 0.13648012
2050.0, 0.1363452
2060.0, 0.13621053
2070.0, 0.13607615
2080.0, 0.13594201
2090.0, 0.13580814
2100.0, 0.13567457
2110.0, 0.13554123
2120.0, 0.13540816
2130.0, 0.13527536
2140.0, 0.13514282
2150.0, 0.13501054
2160.0, 0.13487853
2170.0, 0.13474678
2180.0, 0.13461529
2190.0, 0.13448405
2200.0, 0.1343531
2210.0, 0.13422237
2220.0, 0.13409193
2230.0, 0.13396174
2240.0, 0.1338318
2250.0, 0.13370211
2260.0, 0.13357271
2270.0, 0.13344353
2280.0, 0.13331464
2290.0, 0.133186
2300.0, 0.1330576
2310.0, 0.13292946
2320.0, 0.13280156
2330.0, 0.13267392
2340.0, 0.13254656
2350.0, 0.1324194
2360.0, 0.13229254
2370.0, 0.13216592
2380.0, 0.13203955
2390.0, 0.13191342
2400.0, 0.13178755
2410.0, 0.13166192
2420.0, 0.13153656
2430.0, 0.13141143
2440.0, 0.13128656
2450.0, 0.13116193
2460.0, 0.13103755
2470.0, 0.1309134
2480.0, 0.13078953
2490.0, 0.13066587
2500.0, 0.13054249
2510.0, 0.13041933
2520.0, 0.13029642
2530.0, 0.13017377
2540.0, 0.13005134
2550.0, 0.12992916
2560.0, 0.12980722
2570.0, 0.12968554
2580.0, 0.12956408
2590.0, 0.12944287
2600.0, 0.12932189
2610.0, 0.12920117
2620.0, 0.12908067
2630.0, 0.12896042
2640.0, 0.1288404
2650.0, 0.12872063
2660.0, 0.12860109
2670.0, 0.12848178
2680.0, 0.12836272
2690.0, 0.1282439
2700.0, 0.1281253
2710.0, 0.12800694
2720.0, 0.12788881
2730.0, 0.12777093
2740.0, 0.12765327
2750.0, 0.12753585
2760.0, 0.12741867
2770.0, 0.12730171
2780.0, 0.12718499
2790.0, 0.12706849
2800.0, 0.12695223
2810.0, 0.1268362
2820.0, 0.1267204
2830.0, 0.12660483
2840.0, 0.12648948
2850.0, 0.12637436
2860.0, 0.12625949
2870.0, 0.12614483
2880.0, 0.1260304
2890.0, 0.1259162
2900.0, 0.12580222
2910.0, 0.12568848
2920.0, 0.12557495
2930.0, 0.12546165
2940.0, 0.12534858
2950.0, 0.12523572
2960.0, 0.1251231
2970.0, 0.1250107
2980.0, 0.12489852
2990.0, 0.12478656
3000.0, 0.124674834
3010.0, 0.12456332
3020.0, 0.124452025
3030.0, 0.12434096
3040.0, 0.12423012
3050.0, 0.124119475
3060.0, 0.12400907
3070.0, 0.12389888
3080.0, 0.12378891
3090.0, 0.12367915
3100.0, 0.12356962
3110.0, 0.1234603
3120.0, 0.1233512
3130.0, 0.123242304
3140.0, 0.123133644
3150.0, 0.12302519
3160.0, 0.122916944
3170.0, 0.12280892
3180.0, 0.12270111
3190.0, 0.122593515
3200.0, 0.12248614
3210.0, 0.12237896
3220.0, 0.12227201
3230.0, 0.12216527
3240.0, 0.122058734
3250.0, 0.12195241
3260.0, 0.1218463
3270.0, 0.1217404
3280.0, 0.121634714
3290.0, 0.12152924
3300.0, 0.12142397
3310.0, 0.1213189
3320.0, 0.121214055
3330.0, 0.1211094
3340.0, 0.12100498
3350.0, 0.12090074
3360.0, 0.12079672
3370.0, 0.12069291
3380.0, 0.12058929
3390.0, 0.12048589
3400.0, 0.12038269
3410.0, 0.12027969
3420.0, 0.120176904
3430.0, 0.12007432
3440.0, 0.11997193
3450.0, 0.11986976
3460.0, 0.11976778
3470.0, 0.119666
3480.0, 0.11956443
3490.0, 0.119463064
3500.0, 0.1193619
3510.0, 0.11926093
3520.0, 0.11916016
3530.0, 0.11905959
3540.0, 0.118959226
3550.0, 0.11885905
3560.0, 0.11875908
3570.0, 0.11865931
3580.0, 0.11855973
3590.0, 0.118460365
3600.0, 0.11836118
3610.0, 0.1182622
3620.0, 0.11816342
3630.0, 0.11806483
3640.0, 0.117966436
3650.0, 0.11786824
3660.0, 0.11777023
3670.0, 0.11767243
3680.0, 0.11757481
3690.0, 0.11747739
3700.0, 0.117380165
3710.0, 0.11728312
3720.0, 0.117186286
3730.0, 0.11708964
3740.0, 0.11699318
3750.0, 0.11689691
3760.0, 0.11680084
3770.0, 0.116704956
3780.0, 0.11660926
3790.0, 0.11651375
3800.0, 0.11641844
3810.0, 0.11632332
3820.0, 0.11622839
3830.0, 0.11613363
3840.0, 0.116039075
3850.0, 0.115944706
3860.0, 0.115850516
3870.0, 0.11575653
3880.0, 0.11566272
3890.0, 0.115569085
3900.0, 0.11547565
3910.0, 0.115382396
3920.0, 0.11528933
3930.0, 0.115196444
3940.0, 0.115103744
3950.0, 0.11501123
3960.0, 0.1149189
3970.0, 0.11482675
3980.0, 0.114734784
3990.0, 0.114643
4000.0, 0.11455141
4010.0, 0.114459984
4020.0, 0.11436875
4030.0, 0.11427769
4040.0, 0.11418682
4050.0, 0.11409613
4060.0, 0.11400562
4070.0, 0.11391528
4080.0, 0.11382513
4090.0, 0.113735154
4100.0, 0.11364535
4110.0, 0.11355574
4120.0, 0.11346629
4130.0, 0.11337703
4140.0, 0.11328795
4150.0, 0.11319904
4160.0, 0.11311031
4170.0, 0.113021754
4180.0, 0.11293337
4190.0, 0.11284516
4200.0, 0.11275713
4210.0, 0.11266928
4220.0, 0.112581596
4230.0, 0.11249409
4240.0, 0.11240676
4250.0, 0.1123196
4260.0, 0.11223262
4270.0, 0.112145804
4280.0, 0.11205917
4290.0, 0.11197269
4300.0, 0.1118864
4310.0, 0.111800276
4320.0, 0.11171432
4330.0, 0.11162853
4340.0, 0.11154292
4350.0, 0.11145748
4360.0, 0.1113722
4370.0, 0.1112871
4380.0, 0.11120217
4390.0, 0.1111174
4400.0, 0.11103281
4410.0, 0.11094837
4420.0, 0.11086411
4430.0, 0.110780016
4440.0, 0.110696085
4450.0, 0.110612325
4460.0, 0.11052873
4470.0, 0.110445306
4480.0, 0.11036204
4490.0, 0.11027894
4500.0, 0.11019601
4510.0, 0.11011324
4520.0, 0.110030636
4530.0, 0.1099482
4540.0, 0.109865926
4550.0, 0.10978381
4560.0, 0.109701864
4570.0, 0.10962008
4580.0, 0.10953846
4590.0, 0.10945699
4600.0, 0.1093757
4610.0, 0.109294556
4620.0, 0.109213576
4630.0, 0.10913277
4640.0, 0.10905211
4650.0, 0.10897161
4660.0, 0.10889128
4670.0, 0.1088111
4680.0, 0.10873108
4690.0, 0.10865123
4700.0, 0.10857153
4710.0, 0.10849199
4720.0, 0.10841261
4730.0, 0.10833338
4740.0, 0.10825431
4750.0, 0.108175404
4760.0, 0.10809665
4770.0, 0.10801805
4780.0, 0.10793961
4790.0, 0.107861325
4800.0, 0.1077832
4810.0, 0.10770522
4820.0, 0.10762741
4830.0, 0.10754974
4840.0, 0.107472226
4850.0, 0.107394874
4860.0, 0.107317664
4870.0, 0.10724062
4880.0, 0.10716373
4890.0, 0.10708698
4900.0, 0.10701039
4910.0, 0.106933944
4920.0, 0.106857665
4930.0, 0.10678153
4940.0, 0.10670555
4950.0, 0.10662971
4960.0, 0.106554024
4970.0, 0.10647849
4980.0, 0.10640311
4990.0, 0.106327884
5000.0, 0.1062528
5010.0, 0.10617786
5020.0, 0.106103085
5030.0, 0.106028445
5040.0, 0.10595396
5050.0, 0.10587962
5060.0, 0.10580543
5070.0, 0.10573138
5080.0, 0.10565749
5090.0, 0.105583735
5100.0, 0.10551013
5110.0, 0.105436675
5120.0, 0.10536336
5130.0, 0.1052902
5140.0, 0.10521717
5150.0, 0.1051443
5160.0, 0.10507157
5170.0, 0.104998976
5180.0, 0.10492654
5190.0, 0.10485424
5200.0, 0.10478209
5210.0, 0.10471007
5220.0, 0.10463821
5230.0, 0.104566485
5240.0, 0.1044949
5250.0, 0.10442346
5260.0, 0.10435216
5270.0, 0.10428101
5280.0, 0.10421
5290.0, 0.10413912
5300.0, 0.10406839
5310.0, 0.1039978
5320.0, 0.103927344
5330.0, 0.10385703
5340.0, 0.10378686
5350.0, 0.10371683
5360.0, 0.10364694
5370.0, 0.10357718
5380.0, 0.10350756
5390.0, 0.10343809
5400.0, 0.10336875
5410.0, 0.10329955
5420.0, 0.103230484
5430.0, 0.10316156
5440.0, 0.10309276
5450.0, 0.10302411
5460.0, 0.102955595
5470.0, 0.10288721
5480.0, 0.102818966
5490.0, 0.10275086
5500.0, 0.10268289
5510.0, 0.10261505
5520.0, 0.10254734
5530.0, 0.10247978
5540.0, 0.10241234
5550.0, 0.10234504
5560.0, 0.102277875
5570.0, 0.10221084
5580.0, 0.10214394
5590.0, 0.10207718
5600.0, 0.10201054
5610.0, 0.10194404
5620.0, 0.101877674
5630.0, 0.10181143
5640.0, 0.10174533
5650.0, 0.101679355
5660.0, 0.101613514
5670.0, 0.10154779
5680.0, 0.10148221
5690.0, 0.10141676
5700.0, 0.10135145
5710.0, 0.10128625
5720.0, 0.10122119
5730.0, 0.10115626
5740.0, 0.10109145
5750.0, 0.10102677
5760.0, 0.10096223
5770.0, 0.10089782
5780.0, 0.10083353
5790.0, 0.10076936
5800.0, 0.10070533
5810.0, 0.10064142
5820.0, 0.100577645
5830.0, 0.10051399
5840.0, 0.10045046
5850.0, 0.10038707
5860.0, 0.10032379
5870.0, 0.100260645
5880.0, 0.10019762
5890.0, 0.10013472
5900.0, 0.10007195
5910.0, 0.10000931
5920.0, 0.09994678
5930.0, 0.09988438
5940.0, 0.09982211
5950.0, 0.09975995
5960.0, 0.099697925
5970.0, 0.099636026
5980.0, 0.09957424
5990.0, 0.099512585
6000.0, 0.09945105
6010.0, 0.09938964
6020.0, 0.09932835
6030.0, 0.09926718
6040.0, 0.09920613
6050.0, 0.09914521
6060.0, 0.0990844
6070.0, 0.099023715
6080.0, 0.09896316
6090.0, 0.09890271
6100.0, 0.09884239
6110.0, 0.09878219
6120.0, 0.0987221
6130.0, 0.09866214
6140.0, 0.098602295
6150.0, 0.09854257
6160.0, 0.09848297
6170.0, 0.09842347
6180.0, 0.09836411
6190.0, 0.09830486
6200.0, 0.098245725
6210.0, 0.0981867
6220.0, 0.09812781
6230.0, 0.09806903
6240.0, 0.09801036
6250.0, 0.097951815
6260.0, 0.09789339
6270.0, 0.09783507
6280.0, 0.09777687
6290.0, 0.09771878
6300.0, 0.09766081
6310.0, 0.09760296
6320.0, 0.09754522
6330.0, 0.097487606
6340.0, 0.097430095
6350.0, 0.0973727
6360.0, 0.09731542
6370.0, 0.097258255
6380.0, 0.097201206
6390.0, 0.09714427
6400.0, 0.09708744
6410.0, 0.09703073
6420.0, 0.09697413
6430.0, 0.096917644
6440.0, 0.096861266
6450.0, 0.096805
6460.0, 0.09674886
6470.0, 0.096692815
6480.0, 0.09663689
6490.0, 0.09658107
6500.0, 0.09652536
6510.0, 0.096469775
6520.0, 0.09641429
6530.0, 0.09635892
6540.0, 0.09630365
6550.0, 0.0962485
6560.0, 0.096193455
6570.0, 0.09613852
6580.0, 0.09608369
6590.0, 0.09602898
6600.0, 0.09597438
6610.0, 0.09591988
6620.0, 0.09586549
6630.0, 0.09581121
6640.0, 0.09575703
6650.0, 0.09570296
6660.0, 0.09564901
6670.0, 0.09559516
6680.0, 0.09554141
6690.0, 0.09548778
6700.0, 0.09543425
6710.0, 0.09538082
6720.0, 0.095327504
6730.0, 0.09527429
6740.0, 0.095221184
6750.0, 0.09516818
6760.0, 0.09511529
6770.0, 0.0950625
6780.0, 0.09500982
6790.0, 0.09495724
6800.0, 0.094904765
6810.0, 0.094852395
6820.0, 0.09480013
6830.0, 0.09474797
6840.0, 0.0946959
6850.0, 0.09464395
6860.0, 0.0945921
6870.0, 0.09454035
6880.0, 0.0944887
6890.0, 0.09443717
6900.0, 0.09438573
6910.0, 0.09433439
6920.0, 0.09428315
6930.0, 0.09423202
6940.0, 0.09418099
6950.0, 0.09413006
6960.0, 0.094079226
6970.0, 0.094028495
6980.0, 0.093977876
6990.0, 0.093927346
7000.0, 0.09387692
7010.0, 0.09382659
7020.0, 0.09377637
7030.0, 0.09372625
7040.0, 0.09367622
7050.0, 0.09362629
7060.0, 0.09357647
7070.0, 0.093526736
7080.0, 0.09347711
7090.0, 0.09342758
7100.0, 0.09337815
7110.0, 0.09332882
7120.0, 0.09327958
7130.0, 0.09323045
7140.0, 0.09318141
7150.0, 0.093132466
7160.0, 0.09308362
7170.0, 0.09303487
7180.0, 0.092986226
7190.0, 0.09293767
7200.0, 0.09288921
7210.0, 0.09284085
7220.0, 0.09279259
7230.0, 0.092744425
7240.0, 0.092696354
7250.0, 0.09264838
7260.0, 0.092600495
7270.0, 0.09255271
7280.0, 0.092505015
7290.0, 0.09245742
7300.0, 0.09240992
7310.0, 0.092362516
7320.0, 0.092315204
7330.0, 0.09226799
7340.0, 0.092220865
7350.0, 0.09217384
7360.0, 0.0921269
7370.0, 0.09208006
7380.0, 0.09203331
7390.0, 0.091986656
7400.0, 0.09194009
7410.0, 0.09189361
7420.0, 0.09184723
7430.0, 0.09180095
7440.0, 0.09175476
7450.0, 0.09170865
7460.0, 0.09166264
7470.0, 0.09161673
7480.0, 0.0915709
7490.0, 0.09152516
7500.0, 0.09147952
7510.0, 0.09143396
7520.0, 0.0913885
7530.0, 0.09134313
7540.0, 0.09129784
7550.0, 0.09125265
7560.0, 0.09120754
7570.0, 0.09116253
7580.0, 0.091117606
7590.0, 0.091072775
7600.0, 0.09102803
7610.0, 0.090983376
7620.0, 0.09093881
7630.0, 0.090894334
7640.0, 0.090849936
7650.0, 0.090805635
7660.0, 0.09076142
7670.0, 0.0907173
7680.0, 0.09067327
7690.0, 0.09062931
7700.0, 0.09058545
7710.0, 0.090541676
7720.0, 0.090497985
7730.0, 0.090454385
7740.0, 0.09041087
7750.0, 0.09036745
7760.0, 0.090324104
7770.0, 0.090280846
7780.0, 0.09023768
7790.0, 0.090194605
7800.0, 0.0901516
7810.0, 0.09010869
7820.0, 0.09006587
7830.0, 0.09002312
7840.0, 0.08998047
7850.0, 0.0899379
7860.0, 0.08989542
7870.0, 0.08985301
7880.0, 0.0898107
7890.0, 0.08976846
7900.0, 0.08972632
7910.0, 0.08968425
7920.0, 0.089642264
7930.0, 0.08960037
7940.0, 0.08955856
7950.0, 0.089516826
7960.0, 0.08947518
7970.0, 0.08943361
7980.0, 0.08939213
7990.0, 0.08935074
8000.0, 0.08930942
8010.0, 0.089268185
8020.0, 0.08922703
8030.0, 0.08918596
8040.0, 0.089144975
8050.0, 0.089104064
8060.0, 0.089063235
8070.0, 0.089022495
8080.0, 0.08898183
8090.0, 0.08894125
8100.0, 0.088900745
8110.0, 0.088860326
8120.0, 0.08881999
8130.0, 0.088779725
8140.0, 0.088739544
8150.0, 0.088699445
8160.0, 0.08865943
8170.0, 0.088619485
8180.0, 0.088579625
8190.0, 0.08853984
8200.0, 0.08850014
8210.0, 0.08846052
8220.0, 0.08842097
8230.0, 0.08838151
8240.0, 0.088342115
8250.0, 0.08830281
8260.0, 0.08826358
8270.0, 0.088224426
8280.0, 0.08818535
8290.0, 0.08814636
8300.0, 0.08810744
8310.0, 0.0880686
8320.0, 0.08802983
8330.0, 0.08799115
8340.0, 0.08795253
8350.0, 0.087914005
8360.0, 0.087875545
8370.0, 0.08783717
8380.0, 0.08779886
8390.0, 0.08776064
8400.0, 0.08772249
8410.0, 0.087684415
8420.0, 0.08764641
8430.0, 0.08760849
8440.0, 0.087570645
8450.0, 0.08753287
8460.0, 0.08749517
8470.0, 0.087457545
8480.0, 0.08742
8490.0, 0.087382525
8500.0, 0.08734513
8510.0, 0.0873078
8520.0, 0.08727056
8530.0, 0.08723339
8540.0, 0.08719628
8550.0, 0.08715925
8560.0, 0.087122306
8570.0, 0.08708542
8580.0, 0.08704861
8590.0, 0.08701188
8600.0, 0.086975224
8610.0, 0.08693864
8620.0, 0.08690212
8630.0, 0.086865686
8640.0, 0.08682931
8650.0, 0.08679302
8660.0, 0.08675679
8670.0, 0.086720645
8680.0, 0.08668456
8690.0, 0.08664855
8700.0, 0.08661261
8710.0, 0.08657676
8720.0, 0.08654096
8730.0, 0.086505234
8740.0, 0.08646958
8750.0, 0.08643401
8760.0, 0.0863985
8770.0, 0.08636306
8780.0, 0.086327694
8790.0, 0.0862924
8800.0, 0.086257175
8810.0, 0.086222015
8820.0, 0.08618692
8830.0, 0.086151905
8840.0, 0.08611696
8850.0, 0.086082086
8860.0, 0.08604728
8870.0, 0.08601254
8880.0, 0.08597787
8890.0, 0.08594327
8900.0, 0.08590873
8910.0, 0.085874274
8920.0, 0.08583988
8930.0, 0.08580556
8940.0, 0.08577129
8950.0, 0.08573711
8960.0, 0.08570299
8970.0, 0.08566894
8980.0, 0.085634954
8990.0, 0.08560103
9000.0, 0.085567184
9010.0, 0.0855334
9020.0, 0.08549969
9030.0, 0.08546604
9040.0, 0.08543246
9050.0, 0.08539894
9060.0, 0.0853655
9070.0, 0.08533212
9080.0, 0.0852988
9090.0, 0.085265554
9100.0, 0.08523237
9110.0, 0.08519925
9120.0, 0.08516621
9130.0, 0.085133225
9140.0, 0.0851003
9150.0, 0.08506745
9160.0, 0.08503467
9170.0, 0.085001945
9180.0, 0.08496928
9190.0, 0.08493669
9200.0, 0.08490417
9210.0, 0.08487171
9220.0, 0.084839314
9230.0, 0.084806986
9240.0, 0.08477471
9250.0, 0.08474251
9260.0, 0.08471037
9270.0, 0.08467829
9280.0, 0.084646285
9290.0, 0.08461434
9300.0, 0.08458245
9310.0, 0.084550634
9320.0, 0.08451887
9330.0, 0.08448718
9340.0, 0.08445555
9350.0, 0.084423974
9360.0, 0.08439247
9370.0, 0.08436103
9380.0, 0.08432966
9390.0, 0.084298335
9400.0, 0.08426708
9410.0, 0.084235884
9420.0, 0.08420476
9430.0, 0.084173694
9440.0, 0.084142685
9450.0, 0.08411174
9460.0, 0.08408086
9470.0, 0.08405004
9480.0, 0.08401928
9490.0, 0.08398858
9500.0, 0.08395794
9510.0, 0.08392736
9520.0, 0.08389685
9530.0, 0.083866395
9540.0, 0.083836
9550.0, 0.083805665
9560.0, 0.08377539
9570.0, 0.08374518
9580.0, 0.08371503
9590.0, 0.08368493
9600.0, 0.0836549
9610.0, 0.08362493
9620.0, 0.083595015
9630.0, 0.08356516
9640.0, 0.08353537
9650.0, 0.08350564
9660.0, 0.083475955
9670.0, 0.083446346
9680.0, 0.08341679
9690.0, 0.08338729
9700.0, 0.08335785
9710.0, 0.08332847
9720.0, 0.083299145
9730.0, 0.08326988
9740.0, 0.08324068
9750.0, 0.08321153
9760.0, 0.08318244
9770.0, 0.08315341
9780.0, 0.08312444
9790.0, 0.08309552
9800.0, 0.08306666
9810.0, 0.08303786
9820.0, 0.08300912
9830.0, 0.08298043
9840.0, 0.0829518
9850.0, 0.08292323
9860.0, 0.08289472
9870.0, 0.08286626
9880.0, 0.08283786
9890.0, 0.08280951
9900.0, 0.08278122
9910.0, 0.082752995
9920.0, 0.08272482
9930.0, 0.0826967
9940.0, 0.08266864
9950.0, 0.082640626
9960.0, 0.08261268
9970.0, 0.082584776
9980.0, 0.08255694
9990.0, 0.08252915
10000.0, 0.08250143
10010.0, 0.082473755
10020.0, 0.082446136
10030.0, 0.08241857
10040.0, 0.08239105
10050.0, 0.082363605
10060.0, 0.0823362
10070.0, 0.08230886
10080.0, 0.08228157
10090.0, 0.082254335
10100.0, 0.08222715
10110.0, 0.08220003
10120.0, 0.082172945
10130.0, 0.08214593
10140.0, 0.082118966
10150.0, 0.082092054
10160.0, 0.082065195
10170.0, 0.08203839
10180.0, 0.08201164
10190.0, 0.08198494
10200.0, 0.081958294
10210.0, 0.0819317
10220.0, 0.081905164
10230.0, 0.08187868
10240.0, 0.08185224
10250.0, 0.08182587
10260.0, 0.08179954
10270.0, 0.081773266
10280.0, 0.08174704
10290.0, 0.08172087
10300.0, 0.08169475
10310.0, 0.08166868
10320.0, 0.08164267
10330.0, 0.08161671
10340.0, 0.081590794
10350.0, 0.08156493
10360.0, 0.08153913
10370.0, 0.08151337
10380.0, 0.08148767
10390.0, 0.08146201
10400.0, 0.08143641
10410.0, 0.081410855
10420.0, 0.08138536
10430.0, 0.08135991
10440.0, 0.08133451
10450.0, 0.08130916
10460.0, 0.08128386
10470.0, 0.08125862
10480.0, 0.08123342
10490.0, 0.08120827
10500.0, 0.08118317
10510.0, 0.08115813
10520.0, 0.081133135
10530.0, 0.08110818
10540.0, 0.08108329
10550.0, 0.08105844
10560.0, 0.08103364
10570.0, 0.08100889
10580.0, 0.08098419
10590.0, 0.08095954
10600.0, 0.08093494
10610.0, 0.08091039
10620.0, 0.08088589
10630.0, 0.08086143
10640.0, 0.080837026
10650.0, 0.08081267
10660.0, 0.08078836
10670.0, 0.0807641
10680.0, 0.080739886
10690.0, 0.08071573
10700.0, 0.08069161
10710.0, 0.08066755
10720.0, 0.08064353
10730.0, 0.08061956
10740.0, 0.08059563
10750.0, 0.08057175
10760.0, 0.08054793
10770.0, 0.08052415
10780.0, 0.08050042
10790.0, 0.08047673
10800.0, 0.08045309
10810.0, 0.080429494
10820.0, 0.08040595
10830.0, 0.08038246
10840.0, 0.080359004
10850.0, 0.0803356
10860.0, 0.080312245
10870.0, 0.08028893
10880.0, 0.08026566
10890.0, 0.080242455
10900.0, 0.080219276
10910.0, 0.08019616
10920.0, 0.080173075
10930.0, 0.08015004
10940.0, 0.08012705
10950.0, 0.08010411
10960.0, 0.08008121
10970.0, 0.080058366
10980.0, 0.08003556
10990.0, 0.080012806
11000.0, 0.07999009
11010.0, 0.07996742
11020.0, 0.0799448
11030.0, 0.07992222
11040.0, 0.07989968
11050.0, 0.0798772
11060.0, 0.07985476
11070.0, 0.07983235
11080.0, 0.07981
11090.0, 0.079787694
11100.0, 0.079765424
11110.0, 0.07974321
11120.0, 0.079721026
11130.0, 0.0796989
11140.0, 0.07967681
11150.0, 0.07965477
11160.0, 0.07963277
11170.0, 0.07961081
11180.0, 0.0795889
11190.0, 0.07956703
11200.0, 0.0795452
11210.0, 0.07952342
11220.0, 0.07950168
11230.0, 0.07947999
11240.0, 0.07945833
11250.0, 0.07943673
11260.0, 0.079415165
11270.0, 0.07939364
11280.0, 0.07937217
11290.0, 0.079350725
11300.0, 0.079329334
11310.0, 0.07930798
11320.0, 0.07928667
11330.0, 0.07926541
11340.0, 0.07924418
11350.0, 0.079223
11360.0, 0.07920186
11370.0, 0.07918077
11380.0, 0.07915971
11390.0, 0.079138696
11400.0, 0.07911773
11410.0, 0.079096794
11420.0, 0.07907591
11430.0, 0.07905506
11440.0, 0.07903426
11450.0, 0.0790135
11460.0, 0.07899277
11470.0, 0.078972094
11480.0, 0.078951456
11490.0, 0.07893086
11500.0, 0.078910306
11510.0, 0.07888979
11520.0, 0.07886931
11530.0, 0.078848876
11540.0, 0.078828484
11550.0, 0.07880814
11560.0, 0.078787826
11570.0, 0.078767546
11580.0, 0.07874732
11590.0, 0.078727126
11600.0, 0.07870697
11610.0, 0.07868687
11620.0, 0.0786668
11630.0, 0.078646764
11640.0, 0.078626774
11650.0, 0.07860683
11660.0, 0.07858692
11670.0, 0.07856704
11680.0, 0.07854722
11690.0, 0.07852743
11700.0, 0.07850767
11710.0, 0.078487955
11720.0, 0.078468286
11730.0, 0.07844865
11740.0, 0.07842905
11750.0, 0.0784095
11760.0, 0.07838998
11770.0, 0.078370504
11780.0, 0.078351066
11790.0, 0.078331664
11800.0, 0.0783123
11810.0, 0.07829298
11820.0, 0.07827369
11830.0, 0.07825445
11840.0, 0.07823524
11850.0, 0.078216076
11860.0, 0.07819694
11870.0, 0.07817785
11880.0, 0.07815879
11890.0, 0.078139775
11900.0, 0.07812079
11910.0, 0.07810185
11920.0, 0.07808296
11930.0, 0.07806409
11940.0, 0.07804526
11950.0, 0.078026466
11960.0, 0.07800771
11970.0, 0.077989
11980.0, 0.07797032
11990.0, 0.07795168
12000.0, 0.07793307
12010.0, 0.07791451
12020.0, 0.077895984
12030.0, 0.07787749
12040.0, 0.07785903
12050.0, 0.07784061
12060.0, 0.07782222
12070.0, 0.07780389
12080.0, 0.077785574
12090.0, 0.077767305
12100.0, 0.07774906
12110.0, 0.077730864
12120.0, 0.0777127
12130.0, 0.07769457
12140.0, 0.077676475
12150.0, 0.07765843
12160.0, 0.07764041
12170.0, 0.07762243
12180.0, 0.07760447
12190.0, 0.07758657
12200.0, 0.077568695
12210.0, 0.07755085
12220.0, 0.07753305
12230.0, 0.07751528
12240.0, 0.07749754
12250.0, 0.07747984
12260.0, 0.07746218
12270.0, 0.07744455
12280.0, 0.07742696
12290.0, 0.07740941
12300.0, 0.07739188
12310.0, 0.07737439
12320.0, 0.077356935
12330.0, 0.07733953
12340.0, 0.07732214
12350.0, 0.07730479
12360.0, 0.07728748
12370.0, 0.077270195
12380.0, 0.077252954
12390.0, 0.07723574
12400.0, 0.07721857
12410.0, 0.077201426
12420.0, 0.07718432
12430.0, 0.07716724
12440.0, 0.0771502
12450.0, 0.0771332
12460.0, 0.07711623
12470.0, 0.07709929
12480.0, 0.07708238
12490.0, 0.07706551
12500.0, 0.07704868
12510.0, 0.07703187
12520.0, 0.07701511
12530.0, 0.07699837
12540.0, 0.07698167
12550.0, 0.076965
12560.0, 0.07694837
12570.0, 0.07693176
12580.0, 0.07691519
12590.0, 0.07689866
12600.0, 0.076882154
12610.0, 0.07686568
12620.0, 0.076849245
12630.0, 0.07683284
12640.0, 0.07681646
12650.0, 0.07680013
12660.0, 0.07678382
12670.0, 0.07676755
12680.0, 0.0767513
12690.0, 0.076735094
12700.0, 0.07671891
12710.0, 0.076702766
12720.0, 0.07668666
12730.0, 0.07667057
12740.0, 0.07665452
12750.0, 0.07663851
12760.0, 0.07662252
12770.0, 0.07660657
12780.0, 0.07659065
12790.0, 0.07657476
12800.0, 0.0765589
12810.0, 0.07654308
12820.0, 0.07652728
12830.0, 0.07651152
12840.0, 0.07649579
12850.0, 0.07648009
12860.0, 0.07646442
12870.0, 0.07644878
12880.0, 0.076433174
12890.0, 0.0764176
12900.0, 0.07640206
12910.0, 0.07638655
12920.0, 0.07637106
12930.0, 0.076355614
12940.0, 0.07634019
12950.0, 0.0763248
12960.0, 0.07630944
12970.0, 0.07629412
12980.0, 0.07627881
12990.0, 0.07626355
13000.0, 0.07624832
13010.0, 0.076233104
13020.0, 0.07621793
13030.0, 0.07620278
13040.0, 0.07618766
13050.0, 0.07617258
13060.0, 0.07615753
13070.0, 0.076142505
13080.0, 0.07612751
13090.0, 0.07611254
13100.0, 0.07609761
13110.0, 0.07608271
13120.0, 0.07606782
13130.0, 0.07605298
13140.0, 0.07603816
13150.0, 0.07602337
13160.0, 0.07600862
13170.0, 0.07599389
13180.0, 0.07597919
13190.0, 0.075964525
13200.0, 0.07594988
13210.0, 0.075935274
13220.0, 0.075920686
13230.0, 0.075906135
13240.0, 0.07589161
13250.0, 0.075877115
13260.0, 0.075862646
13270.0, 0.075848214
13280.0, 0.07583381
13290.0, 0.075819425
13300.0, 0.075805075
13310.0, 0.075790755
13320.0, 0.07577646
13330.0, 0.0757622
13340.0, 0.07574796
13350.0, 0.07573375
13360.0, 0.07571957
13370.0, 0.075705424
13380.0, 0.0756913
13390.0, 0.0756772
13400.0, 0.075663134
13410.0, 0.0756491
13420.0, 0.07563508
13430.0, 0.075621106
13440.0, 0.07560714
13450.0, 0.07559322
13460.0, 0.07557932
13470.0, 0.07556545
13480.0, 0.07555161
13490.0, 0.075537786
13500.0, 0.075524
13510.0, 0.07551023
13520.0, 0.0754965
13530.0, 0.0754828
13540.0, 0.075469114
13550.0, 0.075455464
13560.0, 0.07544184
13570.0, 0.07542824
13580.0, 0.07541467
13590.0, 0.075401135
13600.0, 0.07538762
13610.0, 0.07537413
13620.0, 0.07536066
13630.0, 0.07534722
13640.0, 0.07533381
13650.0, 0.07532044
13660.0, 0.07530708
13670.0, 0.07529376
13680.0, 0.07528045
13690.0, 0.07526717
13700.0, 0.075253926
13710.0, 0.0752407
13720.0, 0.07522751
13730.0, 0.07521434
13740.0, 0.0752012
13750.0, 0.07518808
13760.0, 0.07517498
13770.0, 0.07516193
13780.0, 0.07514888
13790.0, 0.07513587
13800.0, 0.07512288
13810.0, 0.07510992
13820.0, 0.07509699
13830.0, 0.07508408
13840.0, 0.07507119
13850.0, 0.07505834
13860.0, 0.0750455
13870.0, 0.075032696
13880.0, 0.07501992
13890.0, 0.075007156
13900.0, 0.07499443
13910.0, 0.07498173
13920.0, 0.074969046
13930.0, 0.07495639
13940.0, 0.074943766
13950.0, 0.07493116
13960.0, 0.07491858
13970.0, 0.07490603
13980.0, 0.074893504
13990.0, 0.074880995
14000.0, 0.074868515
14010.0, 0.074856065
14020.0, 0.07484364
14030.0, 0.07483123
14040.0, 0.07481885
14050.0, 0.0748065
14060.0, 0.07479417
14070.0, 0.07478186
14080.0, 0.07476958
14090.0, 0.07475733
14100.0, 0.074745096
14110.0, 0.07473289
14120.0, 0.0747207
14130.0, 0.07470854
14140.0, 0.074696414
14150.0, 0.07468431
14160.0, 0.074672215
14170.0, 0.07466016
14180.0, 0.07464812
14190.0, 0.0746361
14200.0, 0.07462412
14210.0, 0.07461215
14220.0, 0.074600205
14230.0, 0.07458829
14240.0, 0.07457639
14250.0, 0.074564524
14260.0, 0.07455268
14270.0, 0.07454086
14280.0, 0.07452906
14290.0, 0.07451728
14300.0, 0.07450553
14310.0, 0.074493796
14320.0, 0.07448209
14330.0, 0.07447041
14340.0, 0.07445875
14350.0, 0.07444712
14360.0, 0.0744355
14370.0, 0.07442392
14380.0, 0.074412346
14390.0, 0.074400805
14400.0, 0.07438929
14410.0, 0.07437778
14420.0, 0.074366316
14430.0, 0.074354865
14440.0, 0.07434343
14450.0, 0.07433203
14460.0, 0.074320644
14470.0, 0.07430928
14480.0, 0.07429795
14490.0, 0.07428663
14500.0, 0.074275345
14510.0, 0.07426407
14520.0, 0.07425283
14530.0, 0.0742416
14540.0, 0.074230395
14550.0, 0.07421921
14560.0, 0.07420806
14570.0, 0.07419693
14580.0, 0.07418581
14590.0, 0.07417472
14600.0, 0.074163646
14610.0, 0.074152604
14620.0, 0.07414158
14630.0, 0.07413057
14640.0, 0.07411959
14650.0, 0.07410863
14660.0, 0.0740977
14670.0, 0.07408678
14680.0, 0.074075885
14690.0, 0.07406502
14700.0, 0.07405417
14710.0, 0.07404334
14720.0, 0.07403254
14730.0, 0.07402175
14740.0, 0.07401099
14750.0, 0.07400024
14760.0, 0.073989525
14770.0, 0.07397883
14780.0, 0.07396814
14790.0, 0.07395749
14800.0, 0.07394685
14810.0, 0.07393624
14820.0, 0.073925644
14830.0, 0.07391507
14840.0, 0.07390452
14850.0, 0.073893994
14860.0, 0.07388348
14870.0, 0.073873
14880.0, 0.07386253
14890.0, 0.073852085
14900.0, 0.073841654
14910.0, 0.07383125
14920.0, 0.073820874
14930.0, 0.0738105
14940.0, 0.07380016
14950.0, 0.07378984
14960.0, 0.073779546
14970.0, 0.073769264
14980.0, 0.073759004
14990.0, 0.07374877
15000.0, 0.073738545
15010.0, 0.073728345
15020.0, 0.073718175
15030.0, 0.07370801
15040.0, 0.07369788
15050.0, 0.073687755
15060.0, 0.07367766
15070.0, 0.07366758
15080.0, 0.07365753
15090.0, 0.07364749
15100.0, 0.07363747
15110.0, 0.07362748
15120.0, 0.0736175
15130.0, 0.07360754
15140.0, 0.0735976
15150.0, 0.073587686
15160.0, 0.07357779
15170.0, 0.07356791
15180.0, 0.073558055
15190.0, 0.07354822
15200.0, 0.0735384
15210.0, 0.0735286
15220.0, 0.07351883
15230.0, 0.07350906
15240.0, 0.07349932
15250.0, 0.0734896
15260.0, 0.0734799
15270.0, 0.07347022
15280.0, 0.07346056
15290.0, 0.07345091
15300.0, 0.07344129
15310.0, 0.07343168
15320.0, 0.07342209
15330.0, 0.07341253
15340.0, 0.07340298
15350.0, 0.07339346
15360.0, 0.07338394
15370.0, 0.07337445
15380.0, 0.07336498
15390.0, 0.073355526
15400.0, 0.07334609
15410.0, 0.07333668
15420.0, 0.07332728
15430.0, 0.0733179
15440.0, 0.07330854
15450.0, 0.0732992
15460.0, 0.07328988
15470.0, 0.07328058
15480.0, 0.0732713
15490.0, 0.07326203
15500.0, 0.07325279
15510.0, 0.07324356
15520.0, 0.07323434
15530.0, 0.073225155
15540.0, 0.07321598
15550.0, 0.07320682
15560.0, 0.073197685
15570.0, 0.07318857
15580.0, 0.07317946
15590.0, 0.073170386
15600.0, 0.07316132
15610.0, 0.073152274
15620.0, 0.073143244
15630.0, 0.073134236
15640.0, 0.07312524
15650.0, 0.07311627
15660.0, 0.07310732
15670.0, 0.07309837
15680.0, 0.07308946
15690.0, 0.07308055
15700.0, 0.073071666
15710.0, 0.0730628
15720.0, 0.07305395
15730.0, 0.07304511
15740.0, 0.0730363
15750.0, 0.07302751
15760.0, 0.07301873
15770.0, 0.07300997
15780.0, 0.07300122
15790.0, 0.072992496
15800.0, 0.07298379
15810.0, 0.07297509
15820.0, 0.07296642
15830.0, 0.07295776
15840.0, 0.07294912
15850.0, 0.0729405
15860.0, 0.07293189
15870.0, 0.07292331
15880.0, 0.072914734
15890.0, 0.07290618
15900.0, 0.07289764
15910.0, 0.07288913
15920.0, 0.072880626
15930.0, 0.07287213
15940.0, 0.07286366
15950.0, 0.07285521
15960.0, 0.07284678
15970.0, 0.07283836
15980.0, 0.072829954
15990.0, 0.07282157
16000.0, 0.072813205
16010.0, 0.07280485
16020.0, 0.07279652
16030.0, 0.0727882
16040.0, 0.072779894
16050.0, 0.07277162
16060.0, 0.072763346
16070.0, 0.0727551
16080.0, 0.07274686
16090.0, 0.07273864
16100.0, 0.07273044
16110.0, 0.072722256
16120.0, 0.072714075
16130.0, 0.072705925
16140.0, 0.07269779
16150.0, 0.07268967
16160.0, 0.07268156
16170.0, 0.07267348
16180.0, 0.0726654
16190.0, 0.07265735
16200.0, 0.07264931
16210.0, 0.07264128
16220.0, 0.072633274
16230.0, 0.07262528
16240.0, 0.07261731
16250.0, 0.07260934
16260.0, 0.0726014
16270.0, 0.07259347
16280.0, 0.07258556
16290.0, 0.07257766
16300.0, 0.07256978
16310.0, 0.07256191
16320.0, 0.07255407
16330.0, 0.072546236
16340.0, 0.07253841
16350.0, 0.07253061
16360.0, 0.07252283
16370.0, 0.072515056
16380.0, 0.0725073
16390.0, 0.07249956
16400.0, 0.072491825
16410.0, 0.07248412
16420.0, 0.072476424
16430.0, 0.07246874
16440.0, 0.07246108
16450.0, 0.07245343
16460.0, 0.0724458
16470.0, 0.07243818
16480.0, 0.07243058
16490.0, 0.072422996
16500.0, 0.07241542
16510.0, 0.072407864
16520.0, 0.072400324
16530.0, 0.0723928
16540.0, 0.07238529
16550.0, 0.072377786
16560.0, 0.072370306
16570.0, 0.07236284
16580.0, 0.07235538
16590.0, 0.07234795
16600.0, 0.072340526
16610.0, 0.07233311
16620.0, 0.07232573
16630.0, 0.072318345
16640.0, 0.072310984
16650.0, 0.07230363
16660.0, 0.0722963
16670.0, 0.07228898
16680.0, 0.07228168
16690.0, 0.07227439
16700.0, 0.07226711
16710.0, 0.07225985
16720.0, 0.0722526
16730.0, 0.07224537
16740.0, 0.07223815
16750.0, 0.07223095
16760.0, 0.07222376
16770.0, 0.072216585
16780.0, 0.072209425
16790.0, 0.07220228
16800.0, 0.07219514
16810.0, 0.07218803
16820.0, 0.07218093
16830.0, 0.072173834
16840.0, 0.072166756
16850.0, 0.0721597
16860.0, 0.07215265
16870.0, 0.072145626
16880.0, 0.0721386
16890.0, 0.072131604
16900.0, 0.07212461
16910.0, 0.072117634
16920.0, 0.07211067
16930.0, 0.07210372
16940.0, 0.07209679
16950.0, 0.072089866
16960.0, 0.07208296
16970.0, 0.07207607
16980.0, 0.07206918
16990.0, 0.07206232
17000.0, 0.07205547
17010.0, 0.07204863
17020.0, 0.0720418
17030.0, 0.072034985
17040.0, 0.07202819
17050.0, 0.07202141
17060.0, 0.07201464
17070.0, 0.07200788
17080.0, 0.07200114
17090.0, 0.0719944
17100.0, 0.07198769
17110.0, 0.07198098
17120.0, 0.0719743
17130.0, 0.07196762
17140.0, 0.071960956
17150.0, 0.07195431
17160.0, 0.07194767
17170.0, 0.07194104
17180.0, 0.07193443
17190.0, 0.07192784
17200.0, 0.07192125
17210.0, 0.07191469
17220.0, 0.071908124
17230.0, 0.07190158
17240.0, 0.07189505
17250.0, 0.07188853
17260.0, 0.071882024
17270.0, 0.071875535
17280.0, 0.07186905
17290.0, 0.071862586
17300.0, 0.07185614
17310.0, 0.0718497
17320.0, 0.07184327
17330.0, 0.07183685
17340.0, 0.071830444
17350.0, 0.07182406
17360.0, 0.07181769
17370.0, 0.07181132
17380.0, 0.07180497
17390.0, 0.07179863
17400.0, 0.071792305
17410.0, 0.07178599
17420.0, 0.07177969
17430.0, 0.0717734
17440.0, 0.07176713
17450.0, 0.07176086
17460.0, 0.07175461
17470.0, 0.071748376
17480.0, 0.07174215
17490.0, 0.07173593
17500.0, 0.071729735
17510.0, 0.07172355
17520.0, 0.071717374
17530.0, 0.071711205
17540.0, 0.07170505
17550.0, 0.07169892
17560.0, 0.07169279
17570.0, 0.07168668
17580.0, 0.071680576
17590.0, 0.07167449
17600.0, 0.0716684
17610.0, 0.071662344
17620.0, 0.07165629
17630.0, 0.071650244
17640.0, 0.07164422
17650.0, 0.0716382
17660.0, 0.0716322
17670.0, 0.0716262
17680.0, 0.07162022
17690.0, 0.07161424
17700.0, 0.07160829
17710.0, 0.071602345
17720.0, 0.07159641
17730.0, 0.07159049
17740.0, 0.07158458
17750.0, 0.07157868
17760.0, 0.071572796
17770.0, 0.07156692
17780.0, 0.07156106
17790.0, 0.071555205
17800.0, 0.07154936
17810.0, 0.07154354
17820.0, 0.07153772
17830.0, 0.07153192
17840.0, 0.071526125
17850.0, 0.07152034
17860.0, 0.07151457
17870.0, 0.07150881
17880.0, 0.07150306
17890.0, 0.07149733
17900.0, 0.07149161
17910.0, 0.07148589
17920.0, 0.07148019
17930.0, 0.0714745
17940.0, 0.07146882
17950.0, 0.07146315
17960.0, 0.0714575
17970.0, 0.07145185
17980.0, 0.07144622
17990.0, 0.0714406
18000.0, 0.07143498
18010.0, 0.071429394
18020.0, 0.0714238
18030.0, 0.071418226
18040.0, 0.07141265
18050.0, 0.071407095
18060.0, 0.07140156
18070.0, 0.07139602
18080.0, 0.0713905
18090.0, 0.07138499
18100.0, 0.0713795
18110.0, 0.071374
18120.0, 0.07136853
18130.0, 0.071363054
18140.0, 0.0713576
18150.0, 0.071352154
18160.0, 0.07134672
18170.0, 0.0713413
18180.0, 0.07133589
18190.0, 0.07133048
18200.0, 0.07132509
18210.0, 0.071319714
18220.0, 0.07131434
18230.0, 0.071308985
18240.0, 0.071303636
18250.0, 0.0712983
18260.0, 0.071292974
18270.0, 0.071287654
18280.0, 0.07128235
18290.0, 0.07127705
18300.0, 0.07127177
18310.0, 0.071266495
18320.0, 0.071261235
18330.0, 0.071255974
18340.0, 0.07125074
18350.0, 0.07124551
18360.0, 0.07124028
18370.0, 0.071235076
18380.0, 0.07122987
18390.0, 0.07122468
18400.0, 0.071219504
18410.0, 0.07121433
18420.0, 0.07120917
18430.0, 0.07120402
18440.0, 0.07119889
18450.0, 0.071193755
18460.0, 0.071188636
18470.0, 0.07118353
18480.0, 0.07117844
18490.0, 0.07117335
18500.0, 0.071168266
18510.0, 0.0711632
18520.0, 0.07115814
18530.0, 0.0711531
18540.0, 0.07114806
18550.0, 0.07114303
18560.0, 0.07113802
18570.0, 0.07113302
18580.0, 0.07112802
18590.0, 0.071123034
18600.0, 0.07111805
18610.0, 0.07111308
18620.0, 0.07110813
18630.0, 0.071103185
18640.0, 0.071098246
18650.0, 0.07109332
18660.0, 0.0710884
18670.0, 0.071083486
18680.0, 0.0710786
18690.0, 0.0710737
18700.0, 0.07106883
18710.0, 0.07106396
18720.0, 0.0710591
18730.0, 0.07105426
18740.0, 0.07104941
18750.0, 0.07104458
18760.0, 0.071039766
18770.0, 0.071034946
18780.0, 0.07103015
18790.0, 0.07102536
18800.0, 0.07102058
18810.0, 0.071015805
18820.0, 0.071011044
18830.0, 0.07100629
18840.0, 0.07100155
18850.0, 0.07099681
18860.0, 0.07099209
18870.0, 0.07098737
18880.0, 0.070982665
18890.0, 0.07097797
18900.0, 0.070973285
18910.0, 0.0709686
18920.0, 0.070963934
18930.0, 0.07095928
18940.0, 0.07095463
18950.0, 0.07094999
18960.0, 0.07094536
18970.0, 0.07094073
18980.0, 0.07093611
18990.0, 0.07093152
19000.0, 0.07092692
19010.0, 0.07092234
19020.0, 0.070917755
19030.0, 0.070913196
19040.0, 0.070908636
19050.0, 0.07090408
19060.0, 0.070899546
19070.0, 0.070895016
19080.0, 0.07089049
19090.0, 0.070885986
19100.0, 0.07088148
19110.0, 0.07087698
19120.0, 0.0708725
19130.0, 0.07086802
19140.0, 0.07086355
19150.0, 0.0708591
19160.0, 0.07085465
19170.0, 0.07085021
19180.0, 0.070845775
19190.0, 0.07084135
19200.0, 0.07083694
19210.0, 0.07083253
19220.0, 0.07082813
19230.0, 0.070823744
19240.0, 0.07081937
19250.0, 0.070815
19260.0, 0.07081064
19270.0, 0.07080628
19280.0, 0.07080194
19290.0, 0.07079761
19300.0, 0.07079327
19310.0, 0.07078896
19320.0, 0.07078465
19330.0, 0.07078035
19340.0, 0.07077605
19350.0, 0.07077177
19360.0, 0.07076749
19370.0, 0.07076323
19380.0, 0.07075897
19390.0, 0.07075472
19400.0, 0.070750475
19410.0, 0.07074624
19420.0, 0.070742026
19430.0, 0.0707378
19440.0, 0.0707336
19450.0, 0.0707294
19460.0, 0.07072521
19470.0, 0.07072103
19480.0, 0.07071686
19490.0, 0.070712686
19500.0, 0.07070853
19510.0, 0.07070438
19520.0, 0.070700236
19530.0, 0.07069611
19540.0, 0.07069198
19550.0, 0.07068787
19560.0, 0.070683755
19570.0, 0.070679665
19580.0, 0.070675574
19590.0, 0.070671484
19600.0, 0.07066741
19610.0, 0.07066334
19620.0, 0.07065929
19630.0, 0.070655234
19640.0, 0.07065119
19650.0, 0.07064715
19660.0, 0.070643134
19670.0, 0.07063911
19680.0, 0.0706351
19690.0, 0.0706311
19700.0, 0.0706271
19710.0, 0.07062312
19720.0, 0.070619136
19730.0, 0.07061517
19740.0, 0.07061121
19750.0, 0.07060725
19760.0, 0.0706033
19770.0, 0.07059936
19780.0, 0.070595436
19790.0, 0.07059152
19800.0, 0.0705876
19810.0, 0.070583686
19820.0, 0.07057979
19830.0, 0.0705759
19840.0, 0.07057202
19850.0, 0.07056814
19860.0, 0.07056426
19870.0, 0.0705604
19880.0, 0.07055655
19890.0, 0.07055271
19900.0, 0.07054887
19910.0, 0.07054504
19920.0, 0.07054122
19930.0, 0.0705374
19940.0, 0.070533596
19950.0, 0.070529796
19960.0, 0.070526004
19970.0, 0.07052222
19980.0, 0.07051844
19990.0, 0.07051467
20000.0, 0.07051091
20010.0, 0.07050716
20020.0, 0.07050341
20030.0, 0.070499666
20040.0, 0.07049594
20050.0, 0.070492215
20060.0, 0.0704885
20070.0, 0.07048479
20080.0, 0.070481084
20090.0, 0.070477396
20100.0, 0.0704737
20110.0, 0.07047003
20120.0, 0.07046635
20130.0, 0.07046269
20140.0, 0.07045902
20150.0, 0.07045538
20160.0, 0.07045174
20170.0, 0.07044809
20180.0, 0.070444465
20190.0, 0.07044085
20200.0, 0.07043723
20210.0, 0.070433624
20220.0, 0.070430025
20230.0, 0.070426434
20240.0, 0.07042285
20250.0, 0.07041927
20260.0, 0.07041569
20270.0, 0.07041213
20280.0, 0.070408575
20290.0, 0.07040502
20300.0, 0.07040148
20310.0, 0.07039794
20320.0, 0.07039442
20330.0, 0.070390895
20340.0, 0.07038738
20350.0, 0.07038387
20360.0, 0.07038037
20370.0, 0.07037687
20380.0, 0.07037339
20390.0, 0.070369914
20400.0, 0.07036644
20410.0, 0.07036297
20420.0, 0.07035951
20430.0, 0.07035606
20440.0, 0.07035262
20450.0, 0.07034918
20460.0, 0.07034575
20470.0, 0.070342325
20480.0, 0.070338905
20490.0, 0.0703355
20500.0, 0.07033209
20510.0, 0.0703287
20520.0, 0.0703253
20530.0, 0.070321925
20540.0, 0.07031854
20550.0, 0.070315175
20560.0, 0.07031181
20570.0, 0.070308454
20580.0, 0.07030511
20590.0, 0.070301756
20600.0, 0.070298426
20610.0, 0.070295095
20620.0, 0.070291765
20630.0, 0.07028845
20640.0, 0.07028514
20650.0, 0.07028184
20660.0, 0.07027854
20670.0, 0.070275255
20680.0, 0.07027197
20690.0, 0.07026869
20700.0, 0.07026542
20710.0, 0.07026216
20720.0, 0.0702589
20730.0, 0.070255645
20740.0, 0.0702524
20750.0, 0.07024916
20760.0, 0.07024593
20770.0, 0.0702427
20780.0, 0.07023949
20790.0, 0.07023628
20800.0, 0.07023308
20810.0, 0.07022987
20820.0, 0.07022668
20830.0, 0.070223495
20840.0, 0.07022031
20850.0, 0.07021714
20860.0, 0.07021397
20870.0, 0.07021081
20880.0, 0.070207655
20890.0, 0.07020451
20900.0, 0.07020137
20910.0, 0.07019822
20920.0, 0.0701951
20930.0, 0.07019197
20940.0, 0.07018886
20950.0, 0.07018575
20960.0, 0.07018264
20970.0, 0.070179544
20980.0, 0.070176445
20990.0, 0.07017337
21000.0, 0.07017028
21010.0, 0.07016721
21020.0, 0.07016414
21030.0, 0.07016108
21040.0, 0.07015802
21050.0, 0.07015497
21060.0, 0.07015193
21070.0, 0.07014889
21080.0, 0.07014586
21090.0, 0.070142835
21100.0, 0.07013981
21110.0, 0.0701368
21120.0, 0.0701338
21130.0, 0.070130795
21140.0, 0.0701278
21150.0, 0.070124805
21160.0, 0.070121825
21170.0, 0.07011885
21180.0, 0.07011588
21190.0, 0.070112914
21200.0, 0.070109956
21210.0, 0.070107006
21220.0, 0.070104055
21230.0, 0.07010111
21240.0, 0.07009818
21250.0, 0.07009525
21260.0, 0.07009232
21270.0, 0.07008941
21280.0, 0.070086494
21290.0, 0.07008358
21300.0, 0.07008068
21310.0, 0.070077784
21320.0, 0.07007489
21330.0, 0.07007202
21340.0, 0.07006914
21350.0, 0.070066266
21360.0, 0.0700634
21370.0, 0.07006054
21380.0, 0.07005768
21390.0, 0.07005484
21400.0, 0.07005199
21410.0, 0.07004915
21420.0, 0.07004632
21430.0, 0.0700435
21440.0, 0.07004067
21450.0, 0.07003786
21460.0, 0.07003505
21470.0, 0.07003225
21480.0, 0.07002945
21490.0, 0.07002665
21500.0, 0.07002387
21510.0, 0.070021085
21520.0, 0.070018314
21530.0, 0.070015535
21540.0, 0.07001278
21550.0, 0.070010014
21560.0, 0.07000726
21570.0, 0.070004515
21580.0, 0.070001766
21590.0, 0.06999903
21600.0, 0.069996305
21610.0, 0.06999357
21620.0, 0.06999085
21630.0, 0.06998814
21640.0, 0.06998543
21650.0, 0.069982715
21660.0, 0.06998002
21670.0, 0.06997733
21680.0, 0.06997464
21690.0, 0.06997196
21700.0, 0.06996928
21710.0, 0.06996661
21720.0, 0.06996393
21730.0, 0.06996127
21740.0, 0.06995862
21750.0, 0.06995597
21760.0, 0.06995332
21770.0, 0.06995068
21780.0, 0.06994805
21790.0, 0.06994542
21800.0, 0.06994279
21810.0, 0.069940165
21820.0, 0.06993756
21830.0, 0.06993495
21840.0, 0.06993235
21850.0, 0.06992975
21860.0, 0.06992715
21870.0, 0.06992456
21880.0, 0.06992198
21890.0, 0.06991941
21900.0, 0.06991683
21910.0, 0.06991426
21920.0, 0.069911696
21930.0, 0.06990914
21940.0, 0.06990659
21950.0, 0.06990404
21960.0, 0.0699015
21970.0, 0.06989896
21980.0, 0.06989643
21990.0, 0.069893904
22000.0, 0.06989138
22010.0, 0.06988886
22020.0, 0.06988635
22030.0, 0.06988384
22040.0, 0.06988134
22050.0, 0.06987885
22060.0, 0.06987636
22070.0, 0.06987386
22080.0, 0.06987139
22090.0, 0.06986891
22100.0, 0.069866434
22110.0, 0.069863975
22120.0, 0.0698615
22130.0, 0.06985905
22140.0, 0.06985659
22150.0, 0.06985415
22160.0, 0.06985171
22170.0, 0.06984927
22180.0, 0.06984683
22190.0, 0.06984441
22200.0, 0.06984199
22210.0, 0.06983957
22220.0, 0.06983715
22230.0, 0.06983475
22240.0, 0.06983234
22250.0, 0.06982994
22260.0, 0.06982754
22270.0, 0.06982516
22280.0, 0.06982277
22290.0, 0.0698204
22300.0, 0.06981802
22310.0, 0.06981565
22320.0, 0.06981328
22330.0, 0.06981093
22340.0, 0.069808565
22350.0, 0.06980622
22360.0, 0.069803864
22370.0, 0.06980152
22380.0, 0.06979919
22390.0, 0.06979686
22400.0, 0.06979453
22410.0, 0.0697922
22420.0, 0.06978989
22430.0, 0.06978757
22440.0, 0.06978526
22450.0, 0.06978295
22460.0, 0.069780655
22470.0, 0.06977835
22480.0, 0.06977607
22490.0, 0.06977378
22500.0, 0.0697715
22510.0, 0.06976922
22520.0, 0.069766946
22530.0, 0.06976468
22540.0, 0.069762416
22550.0, 0.06976015
22560.0, 0.0697579
22570.0, 0.06975565
22580.0, 0.0697534
22590.0, 0.069751166
22600.0, 0.06974893
22610.0, 0.069746695
22620.0, 0.06974447
22630.0, 0.06974224
22640.0, 0.06974003
22650.0, 0.06973781
22660.0, 0.069735594
22670.0, 0.069733396
22680.0, 0.06973119
22690.0, 0.06972899
22700.0, 0.0697268
22710.0, 0.06972461
22720.0, 0.06972243
22730.0, 0.06972025
22740.0, 0.06971808
22750.0, 0.0697159
22760.0, 0.06971374
22770.0, 0.06971157
22780.0, 0.06970942
22790.0, 0.06970727
22800.0, 0.069705114
22810.0, 0.06970297
22820.0, 0.06970083
22830.0, 0.06969869
22840.0, 0.06969656
22850.0, 0.06969444
22860.0, 0.06969231
22870.0, 0.06969019
22880.0, 0.069688074
22890.0, 0.069685966
22900.0, 0.06968386
22910.0, 0.069681756
22920.0, 0.069679655
22930.0, 0.06967756
22940.0, 0.069675475
22950.0, 0.06967339
22960.0, 0.06967131
22970.0, 0.06966923
22980.0, 0.06966716
22990.0, 0.06966509
23000.0, 0.069663025
23010.0, 0.069660954
23020.0, 0.0696589
23030.0, 0.06965685
23040.0, 0.0696548
23050.0, 0.06965276
23060.0, 0.06965072
23070.0, 0.069648676
23080.0, 0.06964666
23090.0, 0.06964462
23100.0, 0.0696426
23110.0, 0.06964058
23120.0, 0.069638565
23130.0, 0.069636546
23140.0, 0.06963454
23150.0, 0.06963254
23160.0, 0.06963053
23170.0, 0.069628544
23180.0, 0.06962655
23190.0, 0.06962456
23200.0, 0.069622576
23210.0, 0.0696206
23220.0, 0.06961862
23230.0, 0.06961665
23240.0, 0.06961468
23250.0, 0.06961272
23260.0, 0.06961076
23270.0, 0.0696088
23280.0, 0.06960684
23290.0, 0.0696049
23300.0, 0.06960295
23310.0, 0.069601014
23320.0, 0.06959908
23330.0, 0.06959714
23340.0, 0.06959522
23350.0, 0.06959329
23360.0, 0.06959137
23370.0, 0.06958945
23380.0, 0.069587536
23390.0, 0.06958563
23400.0, 0.069583714
23410.0, 0.06958182
23420.0, 0.069579914
23430.0, 0.06957802
23440.0, 0.06957613
23450.0, 0.069574244
23460.0, 0.06957237
23470.0, 0.06957048
23480.0, 0.06956861
23490.0, 0.069566734
23500.0, 0.069564864
23510.0, 0.069563
23520.0, 0.06956114
23530.0, 0.06955928
23540.0, 0.069557436
23550.0, 0.06955558
23560.0, 0.06955373
23570.0, 0.06955189
23580.0, 0.06955005
23590.0, 0.06954822
23600.0, 0.06954639
23610.0, 0.069544554
23620.0, 0.06954273
23630.0, 0.06954091
23640.0, 0.0695391
23650.0, 0.06953728
23660.0, 0.06953547
23670.0, 0.06953367
23680.0, 0.069531865
23690.0, 0.06953006
23700.0, 0.069528274
23710.0, 0.06952648
23720.0, 0.06952469
23730.0, 0.0695229
23740.0, 0.06952112
23750.0, 0.06951935
23760.0, 0.069517575
23770.0, 0.0695158
23780.0, 0.069514036
23790.0, 0.06951227
23800.0, 0.06951051
23810.0, 0.06950875
23820.0, 0.069507
23830.0, 0.06950525
23840.0, 0.06950351
23850.0, 0.069501765
23860.0, 0.06950003
23870.0, 0.06949829
23880.0, 0.06949656
23890.0, 0.06949483
23900.0, 0.06949311
23910.0, 0.069491394
23920.0, 0.06948967
23930.0, 0.06948796
23940.0, 0.069486246
23950.0, 0.06948453
23960.0, 0.06948283
23970.0, 0.06948113
23980.0, 0.069479436
23990.0, 0.06947774
24000.0, 0.069476046
24010.0, 0.06947436
24020.0, 0.06947268
24030.0, 0.069471
24040.0, 0.06946932
24050.0, 0.06946764
24060.0, 0.06946598
24070.0, 0.06946431
24080.0, 0.06946264
24090.0, 0.06946099
24100.0, 0.06945933
24110.0, 0.06945767
24120.0, 0.069456026
24130.0, 0.06945437
24140.0, 0.069452725
24150.0, 0.06945109
24160.0, 0.069449455
24170.0, 0.069447815
24180.0, 0.06944619
24190.0, 0.06944456
24200.0, 0.069442935
24210.0, 0.06944131
24220.0, 0.0694397
24230.0, 0.06943808
24240.0, 0.069436476
24250.0, 0.06943486
24260.0, 0.06943326
24270.0, 0.069431655
24280.0, 0.06943006
24290.0, 0.06942846
24300.0, 0.06942687
24310.0, 0.06942528
24320.0, 0.06942369
24330.0, 0.0694221
24340.0, 0.06942053
24350.0, 0.06941896
24360.0, 0.06941738
24370.0, 0.069415815
24380.0, 0.06941425
24390.0, 0.06941268
24400.0, 0.06941112
24410.0, 0.06940956
24420.0, 0.06940801
24430.0, 0.06940646
24440.0, 0.06940491
24450.0, 0.06940336
24460.0, 0.06940182
24470.0, 0.06940028
24480.0, 0.06939874
24490.0, 0.06939721
24500.0, 0.06939568
24510.0, 0.06939416
24520.0, 0.06939263
24530.0, 0.06939111
24540.0, 0.06938959
24550.0, 0.06938808
24560.0, 0.06938657
24570.0, 0.06938506
24580.0, 0.06938355
24590.0, 0.06938205
24600.0, 0.06938055
24610.0, 0.069379054
24620.0, 0.069377564
24630.0, 0.069376074
24640.0, 0.06937458
24650.0, 0.0693731
24660.0, 0.06937162
24670.0, 0.069370136
24680.0, 0.06936866
24690.0, 0.069367185
24700.0, 0.06936572
24710.0, 0.06936425
24720.0, 0.06936279
24730.0, 0.06936132
24740.0, 0.06935987
24750.0, 0.06935841
24760.0, 0.069356956
24770.0, 0.06935551
24780.0, 0.069354065
24790.0, 0.06935262
24800.0, 0.069351174
24810.0, 0.06934974
24820.0, 0.06934831
24830.0, 0.069346875
24840.0, 0.069345444
24850.0, 0.06934402
24860.0, 0.0693426
24870.0, 0.069341175
24880.0, 0.06933975
24890.0, 0.069338344
24900.0, 0.069336936
24910.0, 0.06933552
24920.0, 0.06933411
24930.0, 0.06933271
24940.0, 0.0693313
24950.0, 0.06932992
24960.0, 0.06932852
24970.0, 0.06932712
24980.0, 0.06932573
24990.0, 0.06932435
25000.0, 0.069322966
25010.0, 0.06932158
25020.0, 0.0693202
25030.0, 0.06931883
25040.0, 0.06931745
25050.0, 0.06931608
25060.0, 0.06931472
25070.0, 0.06931335
25080.0, 0.069311984
25090.0, 0.06931063
25100.0, 0.06930927
25110.0, 0.069307916
25120.0, 0.06930657
25130.0, 0.06930522
25140.0, 0.06930387
25150.0, 0.06930253
25160.0, 0.06930119
25170.0, 0.069299854
25180.0, 0.06929851
25190.0, 0.06929718
25200.0, 0.06929585
25210.0, 0.06929452
25220.0, 0.0692932
25230.0, 0.069291875
25240.0, 0.069290556
25250.0, 0.06928924
25260.0, 0.069287926
25270.0, 0.069286615
25280.0, 0.06928531
25290.0, 0.069284
25300.0, 0.069282696
25310.0, 0.06928139
25320.0, 0.069280095
25330.0, 0.0692788
25340.0, 0.06927751
25350.0, 0.06927622
25360.0, 0.069274925
25370.0, 0.06927364
25380.0, 0.069272354
25390.0, 0.06927108
25400.0, 0.069269806
25410.0, 0.069268525
25420.0, 0.06926725
25430.0, 0.06926598
25440.0, 0.06926472
25450.0, 0.06926345
25460.0, 0.069262184
25470.0, 0.069260925
25480.0, 0.06925967
25490.0, 0.06925842
25500.0, 0.06925716
25510.0, 0.06925591
25520.0, 0.06925467
25530.0, 0.069253415
25540.0, 0.06925218
25550.0, 0.069250934
25560.0, 0.069249704
25570.0, 0.06924846
25580.0, 0.06924723
25590.0, 0.069246
25600.0, 0.06924477
25610.0, 0.06924355
25620.0, 0.06924232
25630.0, 0.06924111
25640.0, 0.069239885
25650.0, 0.06923867
25660.0, 0.06923746
25670.0, 0.06923625
25680.0, 0.069235034
25690.0, 0.069233835
25700.0, 0.06923263
25710.0, 0.06923143
25720.0, 0.06923023
25730.0, 0.06922904
25740.0, 0.069227844
25750.0, 0.06922665
25760.0, 0.06922546
25770.0, 0.06922427
25780.0, 0.06922308
25790.0, 0.06922191
25800.0, 0.06922072
25810.0, 0.069219545
25820.0, 0.069218375
25830.0, 0.0692172
25840.0, 0.06921603
25850.0, 0.069214866
25860.0, 0.069213696
25870.0, 0.06921253
25880.0, 0.06921137
25890.0, 0.06921022
25900.0, 0.069209054
25910.0, 0.0692079
25920.0, 0.06920675
25930.0, 0.0692056
25940.0, 0.06920445
25950.0, 0.06920332
25960.0, 0.06920217
25970.0, 0.06920103
25980.0, 0.06919989
25990.0, 0.06919876
26000.0, 0.069197625
26010.0, 0.06919649
26020.0, 0.06919536
26030.0, 0.069194235
26040.0, 0.06919312
26050.0, 0.06919199
26060.0, 0.06919087
26070.0, 0.06918975
26080.0, 0.06918863
26090.0, 0.06918752
26100.0, 0.06918641
26110.0, 0.0691853
26120.0, 0.0691842
26130.0, 0.06918309
26140.0, 0.069181986
26150.0, 0.06918089
26160.0, 0.069179796
26170.0, 0.06917869
26180.0, 0.069177605
26190.0, 0.06917652
26200.0, 0.06917542
26210.0, 0.069174334
26220.0, 0.06917325
26230.0, 0.069172174
26240.0, 0.06917109
26250.0, 0.06917001
26260.0, 0.06916894
26270.0, 0.06916786
26280.0, 0.06916679
26290.0, 0.06916572
26300.0, 0.069164656
26310.0, 0.06916358
26320.0, 0.069162525
26330.0, 0.06916147
26340.0, 0.0691604
26350.0, 0.06915935
26360.0, 0.06915829
26370.0, 0.069157235
26380.0, 0.06915619
26390.0, 0.06915514
26400.0, 0.0691541
26410.0, 0.06915305
26420.0, 0.06915201
26430.0, 0.06915097
26440.0, 0.06914993
26450.0, 0.0691489
26460.0, 0.06914786
26470.0, 0.069146834
26480.0, 0.0691458
26490.0, 0.06914478
26500.0, 0.06914375
26510.0, 0.06914273
26520.0, 0.0691417
26530.0, 0.06914069
26540.0, 0.06913967
26550.0, 0.06913865
26560.0, 0.06913763
26570.0, 0.06913663
26580.0, 0.069135614
26590.0, 0.06913461
26600.0, 0.0691336
26610.0, 0.0691326
26620.0, 0.0691316
26630.0, 0.0691306
26640.0, 0.06912961
26650.0, 0.06912861
26660.0, 0.06912762
26670.0, 0.06912662
26680.0, 0.06912564
26690.0, 0.06912465
26700.0, 0.06912366
26710.0, 0.06912268
26720.0, 0.069121696
26730.0, 0.06912072
26740.0, 0.069119744
26750.0, 0.06911876
26760.0, 0.06911779
26770.0, 0.06911682
26780.0, 0.06911585
26790.0, 0.06911488
26800.0, 0.06911392
26810.0, 0.06911295
26820.0, 0.06911199
26830.0, 0.069111034
26840.0, 0.06911007
26850.0, 0.06910911
26860.0, 0.06910816
26870.0, 0.06910721
26880.0, 0.069106266
26890.0, 0.069105305
26900.0, 0.069104366
26910.0, 0.06910342
26920.0, 0.06910248
26930.0, 0.069101535
26940.0, 0.069100596
26950.0, 0.06909966
26960.0, 0.069098726
26970.0, 0.06909779
26980.0, 0.069096856
26990.0, 0.069095924
27000.0, 0.069095
27010.0, 0.06909408
27020.0, 0.069093145
27030.0, 0.06909222
27040.0, 0.069091305
27050.0, 0.06909039
27060.0, 0.06908947
27070.0, 0.069088556
27080.0, 0.06908765
27090.0, 0.06908673
27100.0, 0.06908582
27110.0, 0.06908491
27120.0, 0.069084
27130.0, 0.0690831
27140.0, 0.0690822
27150.0, 0.0690813
27160.0, 0.069080405
27170.0, 0.06907951
27180.0, 0.06907862
27190.0, 0.069077715
27200.0, 0.06907682
27210.0, 0.069075935
27220.0, 0.06907505
27230.0, 0.06907416
27240.0, 0.069073275
27250.0, 0.069072396
27260.0, 0.06907151
27270.0, 0.06907063
27280.0, 0.06906976
27290.0, 0.06906888
27300.0, 0.06906801
27310.0, 0.069067135
27320.0, 0.069066264
27330.0, 0.06906539
27340.0, 0.06906453
27350.0, 0.06906366
27360.0, 0.0690628
27370.0, 0.069061935
27380.0, 0.06906108
27390.0, 0.069060214
27400.0, 0.06905936
27410.0, 0.069058515
27420.0, 0.06905766
27430.0, 0.06905681
27440.0, 0.06905595
27450.0, 0.06905511
27460.0, 0.06905426
27470.0, 0.06905341
27480.0, 0.06905257
27490.0, 0.06905173
27500.0, 0.069050886
27510.0, 0.06905005
27520.0, 0.06904922
27530.0, 0.06904838
27540.0, 0.06904755
27550.0, 0.06904671
27560.0, 0.06904589
27570.0, 0.06904506
27580.0, 0.06904423
27590.0, 0.06904341
27600.0, 0.069042586
27610.0, 0.069041766
27620.0, 0.06904094
27630.0, 0.06904012
27640.0, 0.069039315
27650.0, 0.069038495
27660.0, 0.06903768
27670.0, 0.06903687
27680.0, 0.06903606
27690.0, 0.069035254
27700.0, 0.06903444
27710.0, 0.06903364
27720.0, 0.06903283
27730.0, 0.069032036
27740.0, 0.06903124
27750.0, 0.069030434
27760.0, 0.06902964
27770.0, 0.06902885
27780.0, 0.06902805
27790.0, 0.06902725
27800.0, 0.06902646
27810.0, 0.06902568
27820.0, 0.06902489
27830.0, 0.0690241
27840.0, 0.06902332
27850.0, 0.06902254
27860.0, 0.069021754
27870.0, 0.06902098
27880.0, 0.0690202
27890.0, 0.069019414
27900.0, 0.06901865
27910.0, 0.06901787
27920.0, 0.0690171
27930.0, 0.06901633
27940.0, 0.06901556
27950.0, 0.06901479
27960.0, 0.06901403
27970.0, 0.06901326
27980.0, 0.06901249
27990.0, 0.06901174
28000.0, 0.06901097
28010.0, 0.06901022
28020.0, 0.06900946
28030.0, 0.06900871
28040.0, 0.069007955
28050.0, 0.0690072
28060.0, 0.06900645
28070.0, 0.0690057
28080.0, 0.06900496
28090.0, 0.06900421
28100.0, 0.06900346
28110.0, 0.06900272
28120.0, 0.06900197
28130.0, 0.06900124
28140.0, 0.0690005
28150.0, 0.06899977
28160.0, 0.06899902
28170.0, 0.06899829
28180.0, 0.068997554
28190.0, 0.06899683
28200.0, 0.068996094
28210.0, 0.06899537
28220.0, 0.06899464
28230.0, 0.06899392
28240.0, 0.06899319
28250.0, 0.06899247
28260.0, 0.06899175
28270.0, 0.06899103
28280.0, 0.068990305
28290.0, 0.0689896
28300.0, 0.068988875
28310.0, 0.06898817
28320.0, 0.068987444
28330.0, 0.068986736
28340.0, 0.068986036
28350.0, 0.06898532
28360.0, 0.06898462
28370.0, 0.068983905
28380.0, 0.068983205
28390.0, 0.0689825
28400.0, 0.068981804
28410.0, 0.0689811
28420.0, 0.0689804
28430.0, 0.0689797
28440.0, 0.068979
28450.0, 0.06897832
28460.0, 0.068977624
28470.0, 0.06897693
28480.0, 0.06897624
28490.0, 0.068975545
28500.0, 0.06897486
28510.0, 0.06897418
28520.0, 0.06897349
28530.0, 0.06897281
28540.0, 0.068972126
28550.0, 0.06897144
28560.0, 0.06897077
28570.0, 0.06897009
28580.0, 0.068969406
28590.0, 0.068968736
28600.0, 0.068968065
28610.0, 0.06896739
28620.0, 0.06896672
28630.0, 0.06896605
28640.0, 0.06896538
28650.0, 0.06896471
28660.0, 0.06896405
28670.0, 0.068963386
28680.0, 0.068962716
28690.0, 0.06896206
28700.0, 0.0689614
28710.0, 0.06896074
28720.0, 0.06896008
28730.0, 0.06895942
28740.0, 0.068958774
28750.0, 0.06895812
28760.0, 0.06895746
28770.0, 0.068956815
28780.0, 0.06895617
28790.0, 0.06895552
28800.0, 0.06895486
28810.0, 0.06895422
28820.0, 0.06895357
28830.0, 0.06895293
28840.0, 0.06895229
28850.0, 0.068951644
28860.0, 0.06895101
28870.0, 0.06895037
28880.0, 0.06894974
28890.0, 0.0689491
28900.0, 0.06894846
28910.0, 0.06894783
28920.0, 0.068947196
28930.0, 0.06894657
28940.0, 0.06894594
28950.0, 0.06894531
28960.0, 0.06894468
28970.0, 0.06894405
28980.0, 0.06894343
28990.0, 0.06894281
29000.0, 0.06894219
29010.0, 0.06894156
29020.0, 0.068940945
29030.0, 0.06894033
29040.0, 0.06893971
29050.0, 0.06893909
29060.0, 0.06893848
29070.0, 0.06893787
29080.0, 0.06893726
29090.0, 0.068936646
29100.0, 0.068936035
29110.0, 0.068935424
29120.0, 0.06893481
29130.0, 0.06893421
29140.0, 0.068933606
29150.0, 0.068933
29160.0, 0.0689324
29170.0, 0.068931796
29180.0, 0.0689312
29190.0, 0.0689306
29200.0, 0.06893
29210.0, 0.068929404
29220.0, 0.068928815
29230.0, 0.06892822
29240.0, 0.06892762
29250.0, 0.068927035
29260.0, 0.068926446
29270.0, 0.06892586
29280.0, 0.06892527
29290.0, 0.06892468
29300.0, 0.06892409
29310.0, 0.06892351
29320.0, 0.06892293
29330.0, 0.06892234
29340.0, 0.06892176
29350.0, 0.06892118
29360.0, 0.068920605
29370.0, 0.068920024
29380.0, 0.06891945
29390.0, 0.06891888
29400.0, 0.0689183
29410.0, 0.06891773
29420.0, 0.068917155
29430.0, 0.06891658
29440.0, 0.068916015
29450.0, 0.06891544
29460.0, 0.068914875
29470.0, 0.06891431
29480.0, 0.06891374
29490.0, 0.06891318
29500.0, 0.06891262
29510.0, 0.06891205
29520.0, 0.06891149
29530.0, 0.068910934
29540.0, 0.068910375
29550.0, 0.06890982
29560.0, 0.068909265
29570.0, 0.068908714
29580.0, 0.068908155
29590.0, 0.0689076
29600.0, 0.06890705
29610.0, 0.0689065
29620.0, 0.06890595
29630.0, 0.0689054
29640.0, 0.068904854
29650.0, 0.06890431
29660.0, 0.06890377
29670.0, 0.06890322
29680.0, 0.06890268
29690.0, 0.068902135
29700.0, 0.06890159
29710.0, 0.06890105
29720.0, 0.06890051
29730.0, 0.06889998
29740.0, 0.068899445
29750.0, 0.06889891
29760.0, 0.06889837
29770.0, 0.068897836
29780.0, 0.0688973
29790.0, 0.06889678
29800.0, 0.06889625
29810.0, 0.06889571
29820.0, 0.06889518
29830.0, 0.068894655
29840.0, 0.06889414
29850.0, 0.06889361
29860.0, 0.06889308
29870.0, 0.06889256
29880.0, 0.06889204
29890.0, 0.068891525
29900.0, 0.068891004
29910.0, 0.06889048
29920.0, 0.06888996
29930.0, 0.06888945
29940.0, 0.06888893
29950.0, 0.06888842
29960.0, 0.068887904
29970.0, 0.06888739
29980.0, 0.06888688
29990.0, 0.06888637
30000.0, 0.06888586
