Energy (in eV), backscattering yield of material ka2k-NASCAP at incidence 60.0 degree
   X,       Y
0.0, 0.70710677
10.0, 0.42888197
20.0, 0.26013008
30.0, 0.15777686
40.0, 0.09569651
50.0, 0.05804287
60.0, 0.10301216
70.0, 0.1331537
80.0, 0.15577577
90.0, 0.1736679
100.0, 0.18833834
110.0, 0.20069817
120.0, 0.21133284
130.0, 0.22063647
140.0, 0.22888497
150.0, 0.23627788
160.0, 0.24296387
170.0, 0.2490565
180.0, 0.2546443
190.0, 0.25979763
200.0, 0.2645734
210.0, 0.26901805
220.0, 0.2731702
230.0, 0.27706206
240.0, 0.28072107
250.0, 0.28417042
260.0, 0.28743017
270.0, 0.2905177
280.0, 0.29344812
290.0, 0.29623467
300.0, 0.29888898
310.0, 0.30142143
320.0, 0.30384117
330.0, 0.30615646
340.0, 0.3083746
350.0, 0.3105023
360.0, 0.31254545
370.0, 0.31450954
380.0, 0.31639946
390.0, 0.3182197
400.0, 0.3199744
410.0, 0.32166725
420.0, 0.3233018
430.0, 0.32488117
440.0, 0.32640824
450.0, 0.3278858
460.0, 0.32931632
470.0, 0.33070213
480.0, 0.3320454
490.0, 0.33334818
500.0, 0.33461225
510.0, 0.33583945
520.0, 0.3370314
530.0, 0.33818957
540.0, 0.33931547
550.0, 0.3404104
560.0, 0.34147573
570.0, 0.34251252
580.0, 0.343522
590.0, 0.3445052
600.0, 0.3454631
610.0, 0.34639665
620.0, 0.3473068
630.0, 0.34819436
640.0, 0.34906012
650.0, 0.34990487
660.0, 0.35072935
670.0, 0.35153425
680.0, 0.3523202
690.0, 0.3530878
700.0, 0.35383776
710.0, 0.3545705
720.0, 0.3552867
730.0, 0.35598674
740.0, 0.35667127
750.0, 0.35734063
760.0, 0.35799533
770.0, 0.35863578
780.0, 0.35926244
790.0, 0.3598757
800.0, 0.3604759
810.0, 0.36106342
820.0, 0.36163864
830.0, 0.36220184
840.0, 0.36275342
850.0, 0.36329365
860.0, 0.36382282
870.0, 0.36434123
880.0, 0.36484915
890.0, 0.36534688
900.0, 0.36583465
910.0, 0.3663127
920.0, 0.36678132
930.0, 0.3672407
940.0, 0.36769104
950.0, 0.36813262
960.0, 0.36856562
970.0, 0.36899024
980.0, 0.36940664
990.0, 0.36981505
1000.0, 0.37021565
1010.0, 0.36999467
1020.0, 0.36977398
1030.0, 0.36955363
1040.0, 0.36933354
1050.0, 0.36911377
1060.0, 0.36889434
1070.0, 0.3686752
1080.0, 0.36845636
1090.0, 0.36823785
1100.0, 0.3680196
1110.0, 0.3678017
1120.0, 0.3675841
1130.0, 0.36736682
1140.0, 0.36714983
1150.0, 0.36693314
1160.0, 0.36671674
1170.0, 0.36650065
1180.0, 0.3662849
1190.0, 0.36606944
1200.0, 0.36585426
1210.0, 0.36563942
1220.0, 0.36542487
1230.0, 0.3652106
1240.0, 0.36499664
1250.0, 0.36478302
1260.0, 0.36456963
1270.0, 0.3643566
1280.0, 0.36414388
1290.0, 0.36393142
1300.0, 0.36371928
1310.0, 0.36350745
1320.0, 0.36329588
1330.0, 0.36308467
1340.0, 0.3628737
1350.0, 0.36266306
1360.0, 0.36245275
1370.0, 0.36224267
1380.0, 0.36203295
1390.0, 0.3618235
1400.0, 0.36161435
1410.0, 0.3614055
1420.0, 0.36119694
1430.0, 0.36098868
1440.0, 0.36078072
1450.0, 0.36057302
1460.0, 0.36036566
1470.0, 0.3601586
1480.0, 0.3599518
1490.0, 0.35974532
1500.0, 0.35953912
1510.0, 0.35933322
1520.0, 0.3591276
1530.0, 0.3589223
1540.0, 0.35871726
1550.0, 0.35851255
1560.0, 0.35830814
1570.0, 0.35810396
1580.0, 0.3579001
1590.0, 0.35769656
1600.0, 0.3574933
1610.0, 0.35729033
1620.0, 0.35708764
1630.0, 0.35688525
1640.0, 0.35668314
1650.0, 0.3564813
1660.0, 0.3562798
1670.0, 0.35607857
1680.0, 0.3558776
1690.0, 0.35567695
1700.0, 0.35547656
1710.0, 0.35527647
1720.0, 0.3550767
1730.0, 0.35487717
1740.0, 0.35467795
1750.0, 0.354479
1760.0, 0.35428035
1770.0, 0.354082
1780.0, 0.3538839
1790.0, 0.3536861
1800.0, 0.3534886
1810.0, 0.35329136
1820.0, 0.35309443
1830.0, 0.3528978
1840.0, 0.3527014
1850.0, 0.3525053
1860.0, 0.3523095
1870.0, 0.35211396
1880.0, 0.35191873
1890.0, 0.35172376
1900.0, 0.3515291
1910.0, 0.3513347
1920.0, 0.3511406
1930.0, 0.35094672
1940.0, 0.3507532
1950.0, 0.3505599
1960.0, 0.35036692
1970.0, 0.3501742
1980.0, 0.34998176
1990.0, 0.3497896
2000.0, 0.34959772
2010.0, 0.34940612
2020.0, 0.3492148
2030.0, 0.34902376
2040.0, 0.34883296
2050.0, 0.34864247
2060.0, 0.34845227
2070.0, 0.34826234
2080.0, 0.34807268
2090.0, 0.34788328
2100.0, 0.3476942
2110.0, 0.34750533
2120.0, 0.34731677
2130.0, 0.3471285
2140.0, 0.3469405
2150.0, 0.34675276
2160.0, 0.34656528
2170.0, 0.3463781
2180.0, 0.34619117
2190.0, 0.34600455
2200.0, 0.34581816
2210.0, 0.34563205
2220.0, 0.34544623
2230.0, 0.34526068
2240.0, 0.3450754
2250.0, 0.3448904
2260.0, 0.34470564
2270.0, 0.34452116
2280.0, 0.34433696
2290.0, 0.34415302
2300.0, 0.34396937
2310.0, 0.34378597
2320.0, 0.34360284
2330.0, 0.34342
2340.0, 0.3432374
2350.0, 0.34305507
2360.0, 0.342873
2370.0, 0.34269124
2380.0, 0.34250972
2390.0, 0.34232846
2400.0, 0.34214747
2410.0, 0.34196675
2420.0, 0.3417863
2430.0, 0.3416061
2440.0, 0.3414262
2450.0, 0.34124655
2460.0, 0.34106714
2470.0, 0.340888
2480.0, 0.34070915
2490.0, 0.34053054
2500.0, 0.3403522
2510.0, 0.34017414
2520.0, 0.3399963
2530.0, 0.33981878
2540.0, 0.33964148
2550.0, 0.33946446
2560.0, 0.3392877
2570.0, 0.33911118
2580.0, 0.33893496
2590.0, 0.33875898
2600.0, 0.33858323
2610.0, 0.33840778
2620.0, 0.33823258
2630.0, 0.33805764
2640.0, 0.33788297
2650.0, 0.33770853
2660.0, 0.33753437
2670.0, 0.33736047
2680.0, 0.3371868
2690.0, 0.33701342
2700.0, 0.3368403
2710.0, 0.33666742
2720.0, 0.3364948
2730.0, 0.33632243
2740.0, 0.33615035
2750.0, 0.33597848
2760.0, 0.33580688
2770.0, 0.33563554
2780.0, 0.33546448
2790.0, 0.33529362
2800.0, 0.33512306
2810.0, 0.33495274
2820.0, 0.33478266
2830.0, 0.33461288
2840.0, 0.3344433
2850.0, 0.334274
2860.0, 0.33410493
2870.0, 0.33393615
2880.0, 0.3337676
2890.0, 0.3335993
2900.0, 0.33343124
2910.0, 0.33326346
2920.0, 0.3330959
2930.0, 0.3329286
2940.0, 0.33276156
2950.0, 0.33259478
2960.0, 0.33242825
2970.0, 0.33226195
2980.0, 0.3320959
2990.0, 0.3319301
3000.0, 0.33176455
3010.0, 0.33159927
3020.0, 0.33143422
3030.0, 0.3312694
3040.0, 0.33110484
3050.0, 0.33094054
3060.0, 0.33077648
3070.0, 0.3306127
3080.0, 0.3304491
3090.0, 0.3302858
3100.0, 0.3301227
3110.0, 0.32995987
3120.0, 0.3297973
3130.0, 0.32963493
3140.0, 0.32947287
3150.0, 0.329311
3160.0, 0.3291494
3170.0, 0.32898802
3180.0, 0.3288269
3190.0, 0.32866603
3200.0, 0.3285054
3210.0, 0.328345
3220.0, 0.32818487
3230.0, 0.32802495
3240.0, 0.3278653
3250.0, 0.32770586
3260.0, 0.3275467
3270.0, 0.32738775
3280.0, 0.32722902
3290.0, 0.3270706
3300.0, 0.32691237
3310.0, 0.32675436
3320.0, 0.32659665
3330.0, 0.32643914
3340.0, 0.32628188
3350.0, 0.32612485
3360.0, 0.32596806
3370.0, 0.3258115
3380.0, 0.3256552
3390.0, 0.32549912
3400.0, 0.32534328
3410.0, 0.32518768
3420.0, 0.32503232
3430.0, 0.3248772
3440.0, 0.32472232
3450.0, 0.32456768
3460.0, 0.32441324
3470.0, 0.32425904
3480.0, 0.3241051
3490.0, 0.3239514
3500.0, 0.3237979
3510.0, 0.32364467
3520.0, 0.32349166
3530.0, 0.32333887
3540.0, 0.32318634
3550.0, 0.32303402
3560.0, 0.32288194
3570.0, 0.3227301
3580.0, 0.32257846
3590.0, 0.3224271
3600.0, 0.32227594
3610.0, 0.32212502
3620.0, 0.32197434
3630.0, 0.32182387
3640.0, 0.32167366
3650.0, 0.32152364
3660.0, 0.32137388
3670.0, 0.32122433
3680.0, 0.32107502
3690.0, 0.32092595
3700.0, 0.3207771
3710.0, 0.32062846
3720.0, 0.32048008
3730.0, 0.32033193
3740.0, 0.320184
3750.0, 0.32003626
3760.0, 0.3198888
3770.0, 0.31974152
3780.0, 0.3195945
3790.0, 0.3194477
3800.0, 0.3193011
3810.0, 0.31915477
3820.0, 0.31900865
3830.0, 0.31886274
3840.0, 0.31871706
3850.0, 0.3185716
3860.0, 0.31842637
3870.0, 0.31828138
3880.0, 0.3181366
3890.0, 0.31799203
3900.0, 0.3178477
3910.0, 0.31770357
3920.0, 0.31755972
3930.0, 0.31741604
3940.0, 0.31727257
3950.0, 0.31712937
3960.0, 0.31698638
3970.0, 0.3168436
3980.0, 0.31670102
3990.0, 0.3165587
4000.0, 0.3164166
4010.0, 0.31627467
4020.0, 0.31613302
4030.0, 0.31599155
4040.0, 0.31585032
4050.0, 0.3157093
4060.0, 0.3155685
4070.0, 0.31542793
4080.0, 0.31528756
4090.0, 0.31514743
4100.0, 0.3150075
4110.0, 0.3148678
4120.0, 0.3147283
4130.0, 0.31458902
4140.0, 0.31444997
4150.0, 0.31431112
4160.0, 0.3141725
4170.0, 0.3140341
4180.0, 0.3138959
4190.0, 0.31375793
4200.0, 0.31362018
4210.0, 0.3134826
4220.0, 0.31334528
4230.0, 0.31320816
4240.0, 0.31307125
4250.0, 0.31293458
4260.0, 0.3127981
4270.0, 0.31266186
4280.0, 0.31252578
4290.0, 0.31238994
4300.0, 0.31225434
4310.0, 0.31211892
4320.0, 0.3119837
4330.0, 0.31184873
4340.0, 0.31171393
4350.0, 0.31157938
4360.0, 0.31144503
4370.0, 0.3113109
4380.0, 0.31117696
4390.0, 0.31104323
4400.0, 0.31090972
4410.0, 0.3107764
4420.0, 0.31064332
4430.0, 0.31051043
4440.0, 0.31037775
4450.0, 0.31024528
4460.0, 0.310113
4470.0, 0.30998096
4480.0, 0.3098491
4490.0, 0.30971748
4500.0, 0.30958605
4510.0, 0.30945483
4520.0, 0.30932382
4530.0, 0.30919302
4540.0, 0.3090624
4550.0, 0.308932
4560.0, 0.3088018
4570.0, 0.30867183
4580.0, 0.30854204
4590.0, 0.30841246
4600.0, 0.3082831
4610.0, 0.30815393
4620.0, 0.30802494
4630.0, 0.3078962
4640.0, 0.30776763
4650.0, 0.30763927
4660.0, 0.30751112
4670.0, 0.30738318
4680.0, 0.30725545
4690.0, 0.3071279
4700.0, 0.30700055
4710.0, 0.3068734
4720.0, 0.30674648
4730.0, 0.30661973
4740.0, 0.30649322
4750.0, 0.30636686
4760.0, 0.30624074
4770.0, 0.3061148
4780.0, 0.30598906
4790.0, 0.30586353
4800.0, 0.3057382
4810.0, 0.30561307
4820.0, 0.3054881
4830.0, 0.3053634
4840.0, 0.30523884
4850.0, 0.3051145
4860.0, 0.30499035
4870.0, 0.3048664
4880.0, 0.30474266
4890.0, 0.3046191
4900.0, 0.30449575
4910.0, 0.3043726
4920.0, 0.30424964
4930.0, 0.30412686
4940.0, 0.3040043
4950.0, 0.3038819
4960.0, 0.30375975
4970.0, 0.30363777
4980.0, 0.30351597
4990.0, 0.30339438
5000.0, 0.303273
5010.0, 0.30315176
5020.0, 0.30303076
5030.0, 0.30290994
5040.0, 0.30278933
5050.0, 0.3026689
5060.0, 0.30254865
5070.0, 0.3024286
5080.0, 0.30230874
5090.0, 0.30218908
5100.0, 0.3020696
5110.0, 0.30195034
5120.0, 0.30183125
5130.0, 0.30171236
5140.0, 0.30159363
5150.0, 0.30147514
5160.0, 0.3013568
5170.0, 0.30123866
5180.0, 0.30112073
5190.0, 0.30100295
5200.0, 0.3008854
5210.0, 0.30076802
5220.0, 0.30065084
5230.0, 0.30053383
5240.0, 0.300417
5250.0, 0.3003004
5260.0, 0.30018395
5270.0, 0.30006772
5280.0, 0.29995164
5290.0, 0.29983577
5300.0, 0.2997201
5310.0, 0.2996046
5320.0, 0.2994893
5330.0, 0.29937416
5340.0, 0.29925922
5350.0, 0.29914448
5360.0, 0.2990299
5370.0, 0.2989155
5380.0, 0.2988013
5390.0, 0.29868728
5400.0, 0.29857346
5410.0, 0.29845983
5420.0, 0.29834634
5430.0, 0.29823306
5440.0, 0.29811996
5450.0, 0.29800707
5460.0, 0.29789433
5470.0, 0.29778177
5480.0, 0.2976694
5490.0, 0.29755723
5500.0, 0.29744524
5510.0, 0.29733342
5520.0, 0.29722178
5530.0, 0.29711032
5540.0, 0.29699904
5550.0, 0.29688793
5560.0, 0.29677704
5570.0, 0.2966663
5580.0, 0.29655576
5590.0, 0.29644537
5600.0, 0.2963352
5610.0, 0.29622516
5620.0, 0.29611534
5630.0, 0.29600567
5640.0, 0.2958962
5650.0, 0.2957869
5660.0, 0.29567778
5670.0, 0.29556882
5680.0, 0.29546005
5690.0, 0.29535145
5700.0, 0.29524305
5710.0, 0.2951348
5720.0, 0.29502675
5730.0, 0.29491886
5740.0, 0.29481116
5750.0, 0.29470363
5760.0, 0.29459628
5770.0, 0.29448912
5780.0, 0.2943821
5790.0, 0.29427525
5800.0, 0.29416862
5810.0, 0.29406214
5820.0, 0.29395583
5830.0, 0.2938497
5840.0, 0.29374376
5850.0, 0.29363796
5860.0, 0.29353234
5870.0, 0.2934269
5880.0, 0.29332164
5890.0, 0.29321656
5900.0, 0.29311162
5910.0, 0.2930069
5920.0, 0.29290232
5930.0, 0.29279792
5940.0, 0.29269367
5950.0, 0.2925896
5960.0, 0.2924857
5970.0, 0.292382
5980.0, 0.29227844
5990.0, 0.29217508
6000.0, 0.29207188
6010.0, 0.29196882
6020.0, 0.29186597
6030.0, 0.29176328
6040.0, 0.29166073
6050.0, 0.29155838
6060.0, 0.2914562
6070.0, 0.29135415
6080.0, 0.29125232
6090.0, 0.2911506
6100.0, 0.2910491
6110.0, 0.29094774
6120.0, 0.29084656
6130.0, 0.29074553
6140.0, 0.29064468
6150.0, 0.290544
6160.0, 0.29044348
6170.0, 0.29034314
6180.0, 0.29024294
6190.0, 0.29014292
6200.0, 0.29004306
6210.0, 0.28994337
6220.0, 0.28984386
6230.0, 0.2897445
6240.0, 0.28964528
6250.0, 0.28954625
6260.0, 0.2894474
6270.0, 0.2893487
6280.0, 0.28925014
6290.0, 0.28915176
6300.0, 0.28905356
6310.0, 0.2889555
6320.0, 0.2888576
6330.0, 0.2887599
6340.0, 0.28866234
6350.0, 0.28856492
6360.0, 0.2884677
6370.0, 0.2883706
6380.0, 0.2882737
6390.0, 0.28817695
6400.0, 0.28808033
6410.0, 0.28798392
6420.0, 0.28788763
6430.0, 0.28779152
6440.0, 0.2876956
6450.0, 0.28759977
6460.0, 0.28750417
6470.0, 0.28740868
6480.0, 0.28731337
6490.0, 0.2872182
6500.0, 0.2871232
6510.0, 0.28702837
6520.0, 0.2869337
6530.0, 0.28683916
6540.0, 0.2867448
6550.0, 0.2866506
6560.0, 0.28655654
6570.0, 0.28646263
6580.0, 0.2863689
6590.0, 0.28627533
6600.0, 0.28618193
6610.0, 0.28608865
6620.0, 0.28599554
6630.0, 0.2859026
6640.0, 0.2858098
6650.0, 0.28571713
6660.0, 0.28562465
6670.0, 0.28553233
6680.0, 0.28544012
6690.0, 0.28534812
6700.0, 0.28525624
6710.0, 0.28516454
6720.0, 0.28507295
6730.0, 0.28498155
6740.0, 0.2848903
6750.0, 0.2847992
6760.0, 0.28470823
6770.0, 0.28461745
6780.0, 0.2845268
6790.0, 0.28443632
6800.0, 0.28434598
6810.0, 0.28425577
6820.0, 0.28416574
6830.0, 0.28407586
6840.0, 0.28398612
6850.0, 0.28389654
6860.0, 0.28380713
6870.0, 0.28371784
6880.0, 0.2836287
6890.0, 0.28353974
6900.0, 0.2834509
6910.0, 0.2833622
6920.0, 0.2832737
6930.0, 0.2831853
6940.0, 0.28309706
6950.0, 0.283009
6960.0, 0.28292105
6970.0, 0.28283325
6980.0, 0.28274563
6990.0, 0.28265813
7000.0, 0.28257078
7010.0, 0.2824836
7020.0, 0.28239655
7030.0, 0.28230965
7040.0, 0.2822229
7050.0, 0.2821363
7060.0, 0.28204983
7070.0, 0.2819635
7080.0, 0.28187734
7090.0, 0.28179133
7100.0, 0.28170544
7110.0, 0.2816197
7120.0, 0.28153414
7130.0, 0.2814487
7140.0, 0.2813634
7150.0, 0.28127822
7160.0, 0.28119323
7170.0, 0.28110838
7180.0, 0.28102365
7190.0, 0.28093907
7200.0, 0.28085464
7210.0, 0.28077036
7220.0, 0.2806862
7230.0, 0.28060222
7240.0, 0.28051835
7250.0, 0.28043464
7260.0, 0.28035107
7270.0, 0.28026763
7280.0, 0.28018433
7290.0, 0.28010118
7300.0, 0.28001818
7310.0, 0.2799353
7320.0, 0.2798526
7330.0, 0.27977002
7340.0, 0.27968755
7350.0, 0.27960527
7360.0, 0.2795231
7370.0, 0.2794411
7380.0, 0.2793592
7390.0, 0.27927747
7400.0, 0.27919585
7410.0, 0.2791144
7420.0, 0.27903306
7430.0, 0.27895188
7440.0, 0.27887082
7450.0, 0.2787899
7460.0, 0.27870914
7470.0, 0.27862853
7480.0, 0.27854803
7490.0, 0.27846766
7500.0, 0.27838746
7510.0, 0.27830738
7520.0, 0.27822742
7530.0, 0.2781476
7540.0, 0.27806795
7550.0, 0.2779884
7560.0, 0.277909
7570.0, 0.27782974
7580.0, 0.2777506
7590.0, 0.27767164
7600.0, 0.27759278
7610.0, 0.27751404
7620.0, 0.27743545
7630.0, 0.277357
7640.0, 0.2772787
7650.0, 0.27720052
7660.0, 0.27712247
7670.0, 0.27704453
7680.0, 0.27696675
7690.0, 0.27688912
7700.0, 0.2768116
7710.0, 0.27673423
7720.0, 0.276657
7730.0, 0.27657986
7740.0, 0.27650288
7750.0, 0.27642605
7760.0, 0.2763493
7770.0, 0.2762727
7780.0, 0.27619627
7790.0, 0.27611998
7800.0, 0.27604377
7810.0, 0.27596772
7820.0, 0.27589178
7830.0, 0.275816
7840.0, 0.27574033
7850.0, 0.27566478
7860.0, 0.27558938
7870.0, 0.2755141
7880.0, 0.27543896
7890.0, 0.27536395
7900.0, 0.27528906
7910.0, 0.2752143
7920.0, 0.27513966
7930.0, 0.27506518
7940.0, 0.2749908
7950.0, 0.27491656
7960.0, 0.27484244
7970.0, 0.27476847
7980.0, 0.27469462
7990.0, 0.2746209
8000.0, 0.27454728
8010.0, 0.2744738
8020.0, 0.27440044
8030.0, 0.27432725
8040.0, 0.27425414
8050.0, 0.2741812
8060.0, 0.27410832
8070.0, 0.27403563
8080.0, 0.27396303
8090.0, 0.27389055
8100.0, 0.27381822
8110.0, 0.273746
8120.0, 0.27367392
8130.0, 0.27360198
8140.0, 0.27353013
8150.0, 0.27345842
8160.0, 0.27338684
8170.0, 0.27331537
8180.0, 0.27324405
8190.0, 0.27317283
8200.0, 0.27310175
8210.0, 0.2730308
8220.0, 0.27295992
8230.0, 0.2728892
8240.0, 0.2728186
8250.0, 0.27274814
8260.0, 0.27267778
8270.0, 0.27260756
8280.0, 0.27253744
8290.0, 0.27246746
8300.0, 0.2723976
8310.0, 0.27232787
8320.0, 0.27225825
8330.0, 0.27218875
8340.0, 0.27211937
8350.0, 0.2720501
8360.0, 0.27198097
8370.0, 0.27191198
8380.0, 0.27184308
8390.0, 0.2717743
8400.0, 0.27170563
8410.0, 0.2716371
8420.0, 0.2715687
8430.0, 0.2715004
8440.0, 0.27143222
8450.0, 0.27136415
8460.0, 0.2712962
8470.0, 0.2712284
8480.0, 0.27116072
8490.0, 0.27109313
8500.0, 0.27102566
8510.0, 0.2709583
8520.0, 0.27089107
8530.0, 0.270824
8540.0, 0.270757
8550.0, 0.2706901
8560.0, 0.27062336
8570.0, 0.27055672
8580.0, 0.27049017
8590.0, 0.27042377
8600.0, 0.2703575
8610.0, 0.27029133
8620.0, 0.27022526
8630.0, 0.2701593
8640.0, 0.27009347
8650.0, 0.2700278
8660.0, 0.26996216
8670.0, 0.2698967
8680.0, 0.26983133
8690.0, 0.26976606
8700.0, 0.26970094
8710.0, 0.26963592
8720.0, 0.269571
8730.0, 0.26950622
8740.0, 0.26944152
8750.0, 0.26937696
8760.0, 0.2693125
8770.0, 0.26924816
8780.0, 0.26918396
8790.0, 0.26911983
8800.0, 0.26905584
8810.0, 0.26899195
8820.0, 0.26892817
8830.0, 0.2688645
8840.0, 0.26880094
8850.0, 0.26873752
8860.0, 0.2686742
8870.0, 0.26861098
8880.0, 0.26854786
8890.0, 0.2684849
8900.0, 0.268422
8910.0, 0.2683592
8920.0, 0.26829657
8930.0, 0.268234
8940.0, 0.26817158
8950.0, 0.26810926
8960.0, 0.26804703
8970.0, 0.26798493
8980.0, 0.26792294
8990.0, 0.26786104
9000.0, 0.26779926
9010.0, 0.2677376
9020.0, 0.26767603
9030.0, 0.26761457
9040.0, 0.26755324
9050.0, 0.267492
9060.0, 0.26743087
9070.0, 0.26736987
9080.0, 0.26730892
9090.0, 0.26724812
9100.0, 0.26718745
9110.0, 0.26712686
9120.0, 0.2670664
9130.0, 0.267006
9140.0, 0.26694572
9150.0, 0.26688558
9160.0, 0.26682553
9170.0, 0.26676556
9180.0, 0.26670572
9190.0, 0.266646
9200.0, 0.2665864
9210.0, 0.26652685
9220.0, 0.26646742
9230.0, 0.26640815
9240.0, 0.26634893
9250.0, 0.26628983
9260.0, 0.26623082
9270.0, 0.26617193
9280.0, 0.26611316
9290.0, 0.26605448
9300.0, 0.2659959
9310.0, 0.26593742
9320.0, 0.26587906
9330.0, 0.2658208
9340.0, 0.26576263
9350.0, 0.26570457
9360.0, 0.2656466
9370.0, 0.26558876
9380.0, 0.26553103
9390.0, 0.26547337
9400.0, 0.26541582
9410.0, 0.2653584
9420.0, 0.26530105
9430.0, 0.26524383
9440.0, 0.2651867
9450.0, 0.26512966
9460.0, 0.26507273
9470.0, 0.2650159
9480.0, 0.2649592
9490.0, 0.26490253
9500.0, 0.26484603
9510.0, 0.2647896
9520.0, 0.26473328
9530.0, 0.26467705
9540.0, 0.26462093
9550.0, 0.2645649
9560.0, 0.264509
9570.0, 0.26445317
9580.0, 0.26439744
9590.0, 0.26434183
9600.0, 0.2642863
9610.0, 0.26423088
9620.0, 0.26417556
9630.0, 0.26412034
9640.0, 0.2640652
9650.0, 0.2640102
9660.0, 0.26395524
9670.0, 0.26390043
9680.0, 0.26384568
9690.0, 0.26379105
9700.0, 0.26373652
9710.0, 0.2636821
9720.0, 0.26362774
9730.0, 0.2635735
9740.0, 0.26351935
9750.0, 0.2634653
9760.0, 0.26341134
9770.0, 0.2633575
9780.0, 0.26330373
9790.0, 0.26325005
9800.0, 0.2631965
9810.0, 0.26314303
9820.0, 0.26308966
9830.0, 0.26303637
9840.0, 0.2629832
9850.0, 0.2629301
9860.0, 0.2628771
9870.0, 0.2628242
9880.0, 0.26277143
9890.0, 0.2627187
9900.0, 0.26266608
9910.0, 0.2626136
9920.0, 0.26256117
9930.0, 0.26250884
9940.0, 0.2624566
9950.0, 0.26240444
9960.0, 0.2623524
9970.0, 0.26230046
9980.0, 0.2622486
9990.0, 0.2621968
10000.0, 0.26214516
10010.0, 0.26209357
10020.0, 0.2620421
10030.0, 0.2619907
10040.0, 0.26193938
10050.0, 0.26188818
10060.0, 0.26183707
10070.0, 0.26178604
10080.0, 0.2617351
10090.0, 0.26168427
10100.0, 0.26163352
10110.0, 0.26158288
10120.0, 0.2615323
10130.0, 0.26148182
10140.0, 0.26143146
10150.0, 0.26138115
10160.0, 0.26133096
10170.0, 0.26128083
10180.0, 0.26123083
10190.0, 0.26118088
10200.0, 0.26113105
10210.0, 0.2610813
10220.0, 0.26103163
10230.0, 0.26098207
10240.0, 0.2609326
10250.0, 0.2608832
10260.0, 0.2608339
10270.0, 0.2607847
10280.0, 0.26073557
10290.0, 0.26068652
10300.0, 0.26063758
10310.0, 0.26058874
10320.0, 0.26053998
10330.0, 0.26049128
10340.0, 0.2604427
10350.0, 0.2603942
10360.0, 0.2603458
10370.0, 0.26029745
10380.0, 0.2602492
10390.0, 0.26020104
10400.0, 0.26015297
10410.0, 0.260105
10420.0, 0.26005712
10430.0, 0.26000932
10440.0, 0.2599616
10450.0, 0.25991395
10460.0, 0.25986642
10470.0, 0.25981897
10480.0, 0.2597716
10490.0, 0.2597243
10500.0, 0.2596771
10510.0, 0.25963
10520.0, 0.25958297
10530.0, 0.25953603
10540.0, 0.25948915
10550.0, 0.2594424
10560.0, 0.2593957
10570.0, 0.2593491
10580.0, 0.2593026
10590.0, 0.25925615
10600.0, 0.2592098
10610.0, 0.25916353
10620.0, 0.25911734
10630.0, 0.25907126
10640.0, 0.25902525
10650.0, 0.25897932
10660.0, 0.25893345
10670.0, 0.2588877
10680.0, 0.25884202
10690.0, 0.25879645
10700.0, 0.25875092
10710.0, 0.2587055
10720.0, 0.25866014
10730.0, 0.2586149
10740.0, 0.2585697
10750.0, 0.2585246
10760.0, 0.2584796
10770.0, 0.25843465
10780.0, 0.2583898
10790.0, 0.25834504
10800.0, 0.25830033
10810.0, 0.25825572
10820.0, 0.2582112
10830.0, 0.25816676
10840.0, 0.2581224
10850.0, 0.25807813
10860.0, 0.25803393
10870.0, 0.2579898
10880.0, 0.25794575
10890.0, 0.25790182
10900.0, 0.25785792
10910.0, 0.25781414
10920.0, 0.2577704
10930.0, 0.25772676
10940.0, 0.25768322
10950.0, 0.25763974
10960.0, 0.2575963
10970.0, 0.257553
10980.0, 0.25750977
10990.0, 0.2574666
11000.0, 0.25742352
11010.0, 0.25738052
11020.0, 0.2573376
11030.0, 0.25729474
11040.0, 0.25725198
11050.0, 0.2572093
11060.0, 0.25716668
11070.0, 0.25712416
11080.0, 0.2570817
11090.0, 0.2570393
11100.0, 0.25699702
11110.0, 0.2569548
11120.0, 0.25691265
11130.0, 0.25687057
11140.0, 0.25682858
11150.0, 0.25678667
11160.0, 0.25674483
11170.0, 0.25670308
11180.0, 0.2566614
11190.0, 0.25661978
11200.0, 0.25657827
11210.0, 0.2565368
11220.0, 0.25649542
11230.0, 0.25645414
11240.0, 0.2564129
11250.0, 0.25637177
11260.0, 0.25633067
11270.0, 0.2562897
11280.0, 0.25624874
11290.0, 0.2562079
11300.0, 0.25616714
11310.0, 0.25612643
11320.0, 0.2560858
11330.0, 0.25604528
11340.0, 0.25600478
11350.0, 0.2559644
11360.0, 0.25592408
11370.0, 0.2558838
11380.0, 0.25584364
11390.0, 0.25580353
11400.0, 0.2557635
11410.0, 0.25572357
11420.0, 0.2556837
11430.0, 0.25564387
11440.0, 0.25560415
11450.0, 0.25556448
11460.0, 0.25552487
11470.0, 0.25548536
11480.0, 0.25544593
11490.0, 0.25540656
11500.0, 0.25536725
11510.0, 0.25532803
11520.0, 0.2552889
11530.0, 0.2552498
11540.0, 0.25521082
11550.0, 0.25517187
11560.0, 0.255133
11570.0, 0.2550942
11580.0, 0.2550555
11590.0, 0.25501683
11600.0, 0.25497827
11610.0, 0.25493976
11620.0, 0.25490132
11630.0, 0.25486296
11640.0, 0.25482467
11650.0, 0.25478643
11660.0, 0.25474828
11670.0, 0.2547102
11680.0, 0.2546722
11690.0, 0.25463426
11700.0, 0.25459638
11710.0, 0.2545586
11720.0, 0.25452086
11730.0, 0.2544832
11740.0, 0.25444558
11750.0, 0.2544081
11760.0, 0.25437063
11770.0, 0.25433326
11780.0, 0.25429595
11790.0, 0.2542587
11800.0, 0.2542215
11810.0, 0.2541844
11820.0, 0.25414735
11830.0, 0.2541104
11840.0, 0.2540735
11850.0, 0.25403666
11860.0, 0.25399992
11870.0, 0.2539632
11880.0, 0.25392658
11890.0, 0.25389
11900.0, 0.25385353
11910.0, 0.25381708
11920.0, 0.25378072
11930.0, 0.25374445
11940.0, 0.2537082
11950.0, 0.25367206
11960.0, 0.25363597
11970.0, 0.25359997
11980.0, 0.253564
11990.0, 0.25352812
12000.0, 0.2534923
12010.0, 0.25345653
12020.0, 0.25342086
12030.0, 0.25338525
12040.0, 0.2533497
12050.0, 0.2533142
12060.0, 0.25327876
12070.0, 0.25324342
12080.0, 0.25320813
12090.0, 0.2531729
12100.0, 0.25313774
12110.0, 0.25310266
12120.0, 0.2530676
12130.0, 0.25303265
12140.0, 0.25299776
12150.0, 0.25296292
12160.0, 0.25292814
12170.0, 0.25289345
12180.0, 0.2528588
12190.0, 0.25282422
12200.0, 0.2527897
12210.0, 0.25275525
12220.0, 0.2527209
12230.0, 0.25268656
12240.0, 0.25265232
12250.0, 0.2526181
12260.0, 0.25258398
12270.0, 0.25254992
12280.0, 0.2525159
12290.0, 0.252482
12300.0, 0.2524481
12310.0, 0.25241432
12320.0, 0.25238055
12330.0, 0.25234687
12340.0, 0.25231326
12350.0, 0.25227967
12360.0, 0.2522462
12370.0, 0.25221276
12380.0, 0.25217938
12390.0, 0.25214607
12400.0, 0.25211284
12410.0, 0.25207964
12420.0, 0.25204653
12430.0, 0.25201344
12440.0, 0.25198045
12450.0, 0.25194752
12460.0, 0.25191465
12470.0, 0.25188184
12480.0, 0.25184906
12490.0, 0.25181636
12500.0, 0.25178376
12510.0, 0.25175115
12520.0, 0.25171867
12530.0, 0.25168622
12540.0, 0.25165382
12550.0, 0.25162148
12560.0, 0.25158924
12570.0, 0.25155702
12580.0, 0.25152487
12590.0, 0.2514928
12600.0, 0.25146076
12610.0, 0.25142878
12620.0, 0.2513969
12630.0, 0.25136504
12640.0, 0.25133324
12650.0, 0.25130153
12660.0, 0.25126985
12670.0, 0.25123826
12680.0, 0.2512067
12690.0, 0.25117522
12700.0, 0.25114375
12710.0, 0.2511124
12720.0, 0.25108108
12730.0, 0.25104982
12740.0, 0.25101864
12750.0, 0.2509875
12760.0, 0.25095642
12770.0, 0.2509254
12780.0, 0.25089443
12790.0, 0.25086352
12800.0, 0.25083268
12810.0, 0.2508019
12820.0, 0.25077114
12830.0, 0.25074047
12840.0, 0.25070986
12850.0, 0.25067928
12860.0, 0.2506488
12870.0, 0.25061834
12880.0, 0.25058794
12890.0, 0.25055763
12900.0, 0.25052735
12910.0, 0.25049713
12920.0, 0.25046697
12930.0, 0.25043687
12940.0, 0.25040683
12950.0, 0.25037682
12960.0, 0.2503469
12970.0, 0.250317
12980.0, 0.2502872
12990.0, 0.25025743
13000.0, 0.25022772
13010.0, 0.25019807
13020.0, 0.25016847
13030.0, 0.2501389
13040.0, 0.25010943
13050.0, 0.25008
13060.0, 0.25005063
13070.0, 0.2500213
13080.0, 0.24999204
13090.0, 0.24996282
13100.0, 0.24993367
13110.0, 0.24990457
13120.0, 0.24987552
13130.0, 0.24984653
13140.0, 0.2498176
13150.0, 0.2497887
13160.0, 0.24975988
13170.0, 0.24973111
13180.0, 0.24970238
13190.0, 0.24967372
13200.0, 0.2496451
13210.0, 0.24961655
13220.0, 0.24958804
13230.0, 0.2495596
13240.0, 0.2495312
13250.0, 0.24950285
13260.0, 0.24947457
13270.0, 0.24944633
13280.0, 0.24941814
13290.0, 0.24939
13300.0, 0.24936193
13310.0, 0.24933392
13320.0, 0.24930595
13330.0, 0.24927802
13340.0, 0.24925016
13350.0, 0.24922234
13360.0, 0.24919458
13370.0, 0.24916688
13380.0, 0.24913922
13390.0, 0.24911161
13400.0, 0.24908406
13410.0, 0.24905656
13420.0, 0.24902911
13430.0, 0.24900171
13440.0, 0.24897437
13450.0, 0.24894708
13460.0, 0.24891983
13470.0, 0.24889265
13480.0, 0.24886551
13490.0, 0.24883842
13500.0, 0.24881138
13510.0, 0.24878441
13520.0, 0.24875747
13530.0, 0.24873058
13540.0, 0.24870375
13550.0, 0.24867697
13560.0, 0.24865024
13570.0, 0.24862356
13580.0, 0.24859692
13590.0, 0.24857035
13600.0, 0.24854381
13610.0, 0.24851733
13620.0, 0.24849091
13630.0, 0.24846452
13640.0, 0.2484382
13650.0, 0.24841192
13660.0, 0.2483857
13670.0, 0.24835952
13680.0, 0.24833338
13690.0, 0.2483073
13700.0, 0.24828127
13710.0, 0.24825528
13720.0, 0.24822935
13730.0, 0.24820347
13740.0, 0.24817763
13750.0, 0.24815184
13760.0, 0.24812612
13770.0, 0.24810043
13780.0, 0.24807478
13790.0, 0.2480492
13800.0, 0.24802364
13810.0, 0.24799816
13820.0, 0.24797271
13830.0, 0.2479473
13840.0, 0.24792196
13850.0, 0.24789666
13860.0, 0.24787141
13870.0, 0.2478462
13880.0, 0.24782105
13890.0, 0.24779592
13900.0, 0.24777086
13910.0, 0.24774586
13920.0, 0.24772088
13930.0, 0.24769597
13940.0, 0.2476711
13950.0, 0.24764627
13960.0, 0.24762149
13970.0, 0.24759676
13980.0, 0.24757208
13990.0, 0.24754745
14000.0, 0.24752285
14010.0, 0.2474983
14020.0, 0.2474738
14030.0, 0.24744935
14040.0, 0.24742495
14050.0, 0.24740058
14060.0, 0.24737628
14070.0, 0.24735202
14080.0, 0.24732779
14090.0, 0.24730362
14100.0, 0.2472795
14110.0, 0.24725541
14120.0, 0.24723138
14130.0, 0.24720739
14140.0, 0.24718344
14150.0, 0.24715954
14160.0, 0.24713568
14170.0, 0.24711187
14180.0, 0.24708812
14190.0, 0.2470644
14200.0, 0.24704072
14210.0, 0.2470171
14220.0, 0.24699351
14230.0, 0.24696998
14240.0, 0.24694648
14250.0, 0.24692304
14260.0, 0.24689963
14270.0, 0.24687627
14280.0, 0.24685296
14290.0, 0.24682969
14300.0, 0.24680647
14310.0, 0.24678329
14320.0, 0.24676014
14330.0, 0.24673705
14340.0, 0.246714
14350.0, 0.24669099
14360.0, 0.24666803
14370.0, 0.24664511
14380.0, 0.24662225
14390.0, 0.2465994
14400.0, 0.24657662
14410.0, 0.24655387
14420.0, 0.24653117
14430.0, 0.24650852
14440.0, 0.2464859
14450.0, 0.24646334
14460.0, 0.24644081
14470.0, 0.24641833
14480.0, 0.24639587
14490.0, 0.24637347
14500.0, 0.24635112
14510.0, 0.2463288
14520.0, 0.24630654
14530.0, 0.2462843
14540.0, 0.24626212
14550.0, 0.24623998
14560.0, 0.24621788
14570.0, 0.24619581
14580.0, 0.2461738
14590.0, 0.24615182
14600.0, 0.24612989
14610.0, 0.246108
14620.0, 0.24608615
14630.0, 0.24606434
14640.0, 0.24604256
14650.0, 0.24602085
14660.0, 0.24599916
14670.0, 0.24597752
14680.0, 0.24595591
14690.0, 0.24593437
14700.0, 0.24591285
14710.0, 0.24589136
14720.0, 0.24586993
14730.0, 0.24584854
14740.0, 0.24582718
14750.0, 0.24580586
14760.0, 0.2457846
14770.0, 0.24576336
14780.0, 0.24574217
14790.0, 0.24572101
14800.0, 0.24569991
14810.0, 0.24567884
14820.0, 0.24565782
14830.0, 0.24563682
14840.0, 0.24561587
14850.0, 0.24559496
14860.0, 0.24557409
14870.0, 0.24555326
14880.0, 0.24553248
14890.0, 0.24551173
14900.0, 0.24549101
14910.0, 0.24547035
14920.0, 0.2454497
14930.0, 0.24542911
14940.0, 0.24540856
14950.0, 0.24538806
14960.0, 0.24536759
14970.0, 0.24534714
14980.0, 0.24532676
14990.0, 0.2453064
15000.0, 0.24528608
15010.0, 0.2452658
15020.0, 0.24524556
15030.0, 0.24522537
15040.0, 0.2452052
15050.0, 0.24518508
15060.0, 0.24516499
15070.0, 0.24514495
15080.0, 0.24512494
15090.0, 0.24510497
15100.0, 0.24508505
15110.0, 0.24506514
15120.0, 0.24504529
15130.0, 0.24502547
15140.0, 0.2450057
15150.0, 0.24498595
15160.0, 0.24496625
15170.0, 0.24494658
15180.0, 0.24492696
15190.0, 0.24490736
15200.0, 0.24488781
15210.0, 0.2448683
15220.0, 0.24484882
15230.0, 0.24482939
15240.0, 0.24480999
15250.0, 0.24479061
15260.0, 0.24477129
15270.0, 0.24475199
15280.0, 0.24473275
15290.0, 0.24471353
15300.0, 0.24469435
15310.0, 0.2446752
15320.0, 0.2446561
15330.0, 0.24463703
15340.0, 0.244618
15350.0, 0.244599
15360.0, 0.24458005
15370.0, 0.2445611
15380.0, 0.24454223
15390.0, 0.24452338
15400.0, 0.24450456
15410.0, 0.24448578
15420.0, 0.24446703
15430.0, 0.24444833
15440.0, 0.24442966
15450.0, 0.24441102
15460.0, 0.24439242
15470.0, 0.24437386
15480.0, 0.24435534
15490.0, 0.24433684
15500.0, 0.24431838
15510.0, 0.24429996
15520.0, 0.24428158
15530.0, 0.24426323
15540.0, 0.24424492
15550.0, 0.24422663
15560.0, 0.2442084
15570.0, 0.24419017
15580.0, 0.244172
15590.0, 0.24415387
15600.0, 0.24413577
15610.0, 0.24411769
15620.0, 0.24409966
15630.0, 0.24408166
15640.0, 0.24406369
15650.0, 0.24404576
15660.0, 0.24402787
15670.0, 0.24401
15680.0, 0.24399218
15690.0, 0.24397439
15700.0, 0.24395663
15710.0, 0.2439389
15720.0, 0.2439212
15730.0, 0.24390355
15740.0, 0.24388593
15750.0, 0.24386834
15760.0, 0.24385078
15770.0, 0.24383326
15780.0, 0.24381578
15790.0, 0.24379832
15800.0, 0.2437809
15810.0, 0.24376352
15820.0, 0.24374616
15830.0, 0.24372885
15840.0, 0.24371156
15850.0, 0.2436943
15860.0, 0.24367708
15870.0, 0.2436599
15880.0, 0.24364275
15890.0, 0.24362563
15900.0, 0.24360853
15910.0, 0.24359149
15920.0, 0.24357446
15930.0, 0.24355747
15940.0, 0.24354053
15950.0, 0.2435236
15960.0, 0.2435067
15970.0, 0.24348985
15980.0, 0.24347302
15990.0, 0.24345623
16000.0, 0.24343947
16010.0, 0.24342275
16020.0, 0.24340604
16030.0, 0.24338938
16040.0, 0.24337274
16050.0, 0.24335615
16060.0, 0.24333958
16070.0, 0.24332304
16080.0, 0.24330655
16090.0, 0.24329007
16100.0, 0.24327363
16110.0, 0.24325722
16120.0, 0.24324085
16130.0, 0.2432245
16140.0, 0.24320818
16150.0, 0.24319191
16160.0, 0.24317566
16170.0, 0.24315944
16180.0, 0.24314325
16190.0, 0.2431271
16200.0, 0.24311097
16210.0, 0.24309488
16220.0, 0.24307881
16230.0, 0.24306278
16240.0, 0.24304678
16250.0, 0.2430308
16260.0, 0.24301487
16270.0, 0.24299896
16280.0, 0.24298309
16290.0, 0.24296723
16300.0, 0.24295142
16310.0, 0.24293564
16320.0, 0.24291988
16330.0, 0.24290416
16340.0, 0.24288847
16350.0, 0.24287279
16360.0, 0.24285717
16370.0, 0.24284156
16380.0, 0.24282598
16390.0, 0.24281044
16400.0, 0.24279493
16410.0, 0.24277945
16420.0, 0.242764
16430.0, 0.24274857
16440.0, 0.24273318
16450.0, 0.24271782
16460.0, 0.24270248
16470.0, 0.24268718
16480.0, 0.2426719
16490.0, 0.24265666
16500.0, 0.24264145
16510.0, 0.24262626
16520.0, 0.24261111
16530.0, 0.24259597
16540.0, 0.24258088
16550.0, 0.24256581
16560.0, 0.24255076
16570.0, 0.24253576
16580.0, 0.24252078
16590.0, 0.24250582
16600.0, 0.2424909
16610.0, 0.242476
16620.0, 0.24246114
16630.0, 0.2424463
16640.0, 0.24243149
16650.0, 0.24241671
16660.0, 0.24240196
16670.0, 0.24238724
16680.0, 0.24237254
16690.0, 0.24235788
16700.0, 0.24234325
16710.0, 0.24232864
16720.0, 0.24231406
16730.0, 0.24229951
16740.0, 0.24228498
16750.0, 0.24227048
16760.0, 0.24225602
16770.0, 0.24224158
16780.0, 0.24222717
16790.0, 0.24221279
16800.0, 0.24219844
16810.0, 0.2421841
16820.0, 0.2421698
16830.0, 0.24215554
16840.0, 0.24214129
16850.0, 0.24212708
16860.0, 0.24211287
16870.0, 0.24209872
16880.0, 0.2420846
16890.0, 0.24207048
16900.0, 0.2420564
16910.0, 0.24204235
16920.0, 0.24202833
16930.0, 0.24201432
16940.0, 0.24200036
16950.0, 0.24198641
16960.0, 0.24197249
16970.0, 0.2419586
16980.0, 0.24194473
16990.0, 0.2419309
17000.0, 0.24191709
17010.0, 0.24190332
17020.0, 0.24188957
17030.0, 0.24187583
17040.0, 0.24186213
17050.0, 0.24184845
17060.0, 0.2418348
17070.0, 0.24182118
17080.0, 0.24180758
17090.0, 0.24179402
17100.0, 0.24178047
17110.0, 0.24176696
17120.0, 0.24175346
17130.0, 0.24174
17140.0, 0.24172656
17150.0, 0.24171315
17160.0, 0.24169977
17170.0, 0.2416864
17180.0, 0.24167307
17190.0, 0.24165976
17200.0, 0.24164648
17210.0, 0.24163322
17220.0, 0.24161999
17230.0, 0.24160679
17240.0, 0.24159361
17250.0, 0.24158046
17260.0, 0.24156733
17270.0, 0.24155423
17280.0, 0.24154115
17290.0, 0.2415281
17300.0, 0.24151507
17310.0, 0.24150208
17320.0, 0.2414891
17330.0, 0.24147615
17340.0, 0.24146321
17350.0, 0.24145031
17360.0, 0.24143745
17370.0, 0.24142459
17380.0, 0.24141178
17390.0, 0.24139898
17400.0, 0.24138619
17410.0, 0.24137345
17420.0, 0.24136072
17430.0, 0.24134801
17440.0, 0.24133535
17450.0, 0.2413227
17460.0, 0.24131006
17470.0, 0.24129745
17480.0, 0.24128489
17490.0, 0.24127233
17500.0, 0.2412598
17510.0, 0.2412473
17520.0, 0.24123482
17530.0, 0.24122237
17540.0, 0.24120992
17550.0, 0.24119753
17560.0, 0.24118514
17570.0, 0.24117278
17580.0, 0.24116044
17590.0, 0.24114813
17600.0, 0.24113585
17610.0, 0.24112359
17620.0, 0.24111135
17630.0, 0.24109913
17640.0, 0.24108694
17650.0, 0.24107477
17660.0, 0.24106263
17670.0, 0.24105051
17680.0, 0.24103841
17690.0, 0.24102634
17700.0, 0.24101429
17710.0, 0.24100226
17720.0, 0.24099027
17730.0, 0.24097829
17740.0, 0.24096632
17750.0, 0.24095438
17760.0, 0.24094248
17770.0, 0.24093059
17780.0, 0.24091873
17790.0, 0.2409069
17800.0, 0.24089508
17810.0, 0.24088328
17820.0, 0.2408715
17830.0, 0.24085976
17840.0, 0.24084803
17850.0, 0.24083634
17860.0, 0.24082465
17870.0, 0.240813
17880.0, 0.24080136
17890.0, 0.24078976
17900.0, 0.24077816
17910.0, 0.2407666
17920.0, 0.24075505
17930.0, 0.24074353
17940.0, 0.24073203
17950.0, 0.24072056
17960.0, 0.24070911
17970.0, 0.24069768
17980.0, 0.24068627
17990.0, 0.24067488
18000.0, 0.24066351
18010.0, 0.24065217
18020.0, 0.24064085
18030.0, 0.24062955
18040.0, 0.24061827
18050.0, 0.24060702
18060.0, 0.24059579
18070.0, 0.24058458
18080.0, 0.24057339
18090.0, 0.24056222
18100.0, 0.24055108
18110.0, 0.24053995
18120.0, 0.24052885
18130.0, 0.24051777
18140.0, 0.24050671
18150.0, 0.24049568
18160.0, 0.24048467
18170.0, 0.24047367
18180.0, 0.24046269
18190.0, 0.24045175
18200.0, 0.24044082
18210.0, 0.24042991
18220.0, 0.24041903
18230.0, 0.24040815
18240.0, 0.24039732
18250.0, 0.24038649
18260.0, 0.2403757
18270.0, 0.24036491
18280.0, 0.24035415
18290.0, 0.24034342
18300.0, 0.2403327
18310.0, 0.240322
18320.0, 0.24031132
18330.0, 0.24030067
18340.0, 0.24029003
18350.0, 0.24027942
18360.0, 0.24026883
18370.0, 0.24025826
18380.0, 0.24024771
18390.0, 0.24023718
18400.0, 0.24022667
18410.0, 0.24021618
18420.0, 0.2402057
18430.0, 0.24019526
18440.0, 0.24018483
18450.0, 0.24017443
18460.0, 0.24016404
18470.0, 0.24015367
18480.0, 0.24014333
18490.0, 0.240133
18500.0, 0.24012269
18510.0, 0.24011241
18520.0, 0.24010214
18530.0, 0.24009189
18540.0, 0.24008167
18550.0, 0.24007146
18560.0, 0.24006128
18570.0, 0.2400511
18580.0, 0.24004096
18590.0, 0.24003084
18600.0, 0.24002074
18610.0, 0.24001065
18620.0, 0.24000058
18630.0, 0.23999053
18640.0, 0.2399805
18650.0, 0.23997049
18660.0, 0.2399605
18670.0, 0.23995054
18680.0, 0.23994058
18690.0, 0.23993066
18700.0, 0.23992074
18710.0, 0.23991086
18720.0, 0.23990098
18730.0, 0.23989113
18740.0, 0.2398813
18750.0, 0.23987149
18760.0, 0.23986168
18770.0, 0.23985192
18780.0, 0.23984215
18790.0, 0.23983242
18800.0, 0.2398227
18810.0, 0.239813
18820.0, 0.23980331
18830.0, 0.23979366
18840.0, 0.23978402
18850.0, 0.23977439
18860.0, 0.2397648
18870.0, 0.2397552
18880.0, 0.23974563
18890.0, 0.23973608
18900.0, 0.23972656
18910.0, 0.23971705
18920.0, 0.23970756
18930.0, 0.23969808
18940.0, 0.23968862
18950.0, 0.23967919
18960.0, 0.23966977
18970.0, 0.23966037
18980.0, 0.239651
18990.0, 0.23964162
19000.0, 0.23963228
19010.0, 0.23962295
19020.0, 0.23961365
19030.0, 0.23960435
19040.0, 0.23959509
19050.0, 0.23958583
19060.0, 0.2395766
19070.0, 0.23956738
19080.0, 0.23955818
19090.0, 0.239549
19100.0, 0.23953983
19110.0, 0.2395307
19120.0, 0.23952156
19130.0, 0.23951246
19140.0, 0.23950337
19150.0, 0.2394943
19160.0, 0.23948523
19170.0, 0.2394762
19180.0, 0.23946717
19190.0, 0.23945817
19200.0, 0.23944919
19210.0, 0.23944022
19220.0, 0.23943126
19230.0, 0.23942234
19240.0, 0.23941343
19250.0, 0.23940453
19260.0, 0.23939565
19270.0, 0.23938678
19280.0, 0.23937793
19290.0, 0.23936911
19300.0, 0.2393603
19310.0, 0.23935151
19320.0, 0.23934273
19330.0, 0.23933397
19340.0, 0.23932524
19350.0, 0.23931651
19360.0, 0.2393078
19370.0, 0.2392991
19380.0, 0.23929043
19390.0, 0.23928177
19400.0, 0.23927313
19410.0, 0.23926452
19420.0, 0.2392559
19430.0, 0.23924732
19440.0, 0.23923875
19450.0, 0.2392302
19460.0, 0.23922166
19470.0, 0.23921314
19480.0, 0.23920463
19490.0, 0.23919614
19500.0, 0.23918767
19510.0, 0.23917922
19520.0, 0.23917079
19530.0, 0.23916236
19540.0, 0.23915395
19550.0, 0.23914556
19560.0, 0.2391372
19570.0, 0.23912884
19580.0, 0.2391205
19590.0, 0.23911218
19600.0, 0.23910387
19610.0, 0.23909558
19620.0, 0.23908731
19630.0, 0.23907906
19640.0, 0.2390708
19650.0, 0.23906259
19660.0, 0.23905438
19670.0, 0.23904619
19680.0, 0.239038
19690.0, 0.23902984
19700.0, 0.2390217
19710.0, 0.23901358
19720.0, 0.23900546
19730.0, 0.23899737
19740.0, 0.23898928
19750.0, 0.23898122
19760.0, 0.23897317
19770.0, 0.23896514
19780.0, 0.23895712
19790.0, 0.23894912
19800.0, 0.23894113
19810.0, 0.23893316
19820.0, 0.2389252
19830.0, 0.23891726
19840.0, 0.23890935
19850.0, 0.23890144
19860.0, 0.23889355
19870.0, 0.23888567
19880.0, 0.2388778
19890.0, 0.23886997
19900.0, 0.23886213
19910.0, 0.23885432
19920.0, 0.23884651
19930.0, 0.23883873
19940.0, 0.23883095
19950.0, 0.2388232
19960.0, 0.23881547
19970.0, 0.23880774
19980.0, 0.23880003
19990.0, 0.23879234
20000.0, 0.23878467
20010.0, 0.238777
20020.0, 0.23876935
20030.0, 0.23876172
20040.0, 0.23875411
20050.0, 0.23874651
20060.0, 0.23873891
20070.0, 0.23873134
20080.0, 0.23872378
20090.0, 0.23871624
20100.0, 0.2387087
20110.0, 0.2387012
20120.0, 0.2386937
20130.0, 0.23868622
20140.0, 0.23867875
20150.0, 0.23867129
20160.0, 0.23866385
20170.0, 0.23865643
20180.0, 0.23864903
20190.0, 0.23864162
20200.0, 0.23863424
20210.0, 0.23862688
20220.0, 0.23861952
20230.0, 0.23861219
20240.0, 0.23860486
20250.0, 0.23859754
20260.0, 0.23859026
20270.0, 0.23858297
20280.0, 0.23857571
20290.0, 0.23856845
20300.0, 0.23856121
20310.0, 0.238554
20320.0, 0.23854679
20330.0, 0.23853959
20340.0, 0.23853241
20350.0, 0.23852524
20360.0, 0.23851809
20370.0, 0.23851095
20380.0, 0.23850383
20390.0, 0.23849672
20400.0, 0.23848961
20410.0, 0.23848255
20420.0, 0.23847547
20430.0, 0.23846841
20440.0, 0.23846138
20450.0, 0.23845434
20460.0, 0.23844734
20470.0, 0.23844033
20480.0, 0.23843335
20490.0, 0.23842639
20500.0, 0.23841941
20510.0, 0.23841248
20520.0, 0.23840554
20530.0, 0.23839863
20540.0, 0.23839173
20550.0, 0.23838484
20560.0, 0.23837796
20570.0, 0.2383711
20580.0, 0.23836425
20590.0, 0.23835741
20600.0, 0.23835059
20610.0, 0.23834378
20620.0, 0.238337
20630.0, 0.2383302
20640.0, 0.23832344
20650.0, 0.23831668
20660.0, 0.23830993
20670.0, 0.23830321
20680.0, 0.2382965
20690.0, 0.23828979
20700.0, 0.23828311
20710.0, 0.23827644
20720.0, 0.23826976
20730.0, 0.23826312
20740.0, 0.23825648
20750.0, 0.23824985
20760.0, 0.23824325
20770.0, 0.23823665
20780.0, 0.23823006
20790.0, 0.2382235
20800.0, 0.23821694
20810.0, 0.2382104
20820.0, 0.23820387
20830.0, 0.23819734
20840.0, 0.23819083
20850.0, 0.23818433
20860.0, 0.23817787
20870.0, 0.2381714
20880.0, 0.23816493
20890.0, 0.2381585
20900.0, 0.23815206
20910.0, 0.23814565
20920.0, 0.23813924
20930.0, 0.23813285
20940.0, 0.23812647
20950.0, 0.2381201
20960.0, 0.23811375
20970.0, 0.2381074
20980.0, 0.23810108
20990.0, 0.23809475
21000.0, 0.23808844
21010.0, 0.23808216
21020.0, 0.23807588
21030.0, 0.23806961
21040.0, 0.23806335
21050.0, 0.2380571
21060.0, 0.2380509
21070.0, 0.23804466
21080.0, 0.23803847
21090.0, 0.23803227
21100.0, 0.23802608
21110.0, 0.23801991
21120.0, 0.23801376
21130.0, 0.2380076
21140.0, 0.23800148
21150.0, 0.23799537
21160.0, 0.23798925
21170.0, 0.23798315
21180.0, 0.23797707
21190.0, 0.237971
21200.0, 0.23796494
21210.0, 0.2379589
21220.0, 0.23795286
21230.0, 0.23794682
21240.0, 0.23794082
21250.0, 0.23793481
21260.0, 0.23792884
21270.0, 0.23792285
21280.0, 0.23791689
21290.0, 0.23791093
21300.0, 0.237905
21310.0, 0.23789905
21320.0, 0.23789313
21330.0, 0.23788723
21340.0, 0.23788133
21350.0, 0.23787546
21360.0, 0.23786959
21370.0, 0.23786372
21380.0, 0.23785786
21390.0, 0.23785204
21400.0, 0.23784621
21410.0, 0.2378404
21420.0, 0.23783459
21430.0, 0.2378288
21440.0, 0.23782302
21450.0, 0.23781726
21460.0, 0.23781149
21470.0, 0.23780575
21480.0, 0.23780002
21490.0, 0.2377943
21500.0, 0.23778857
21510.0, 0.23778288
21520.0, 0.23777719
21530.0, 0.23777151
21540.0, 0.23776585
21550.0, 0.23776019
21560.0, 0.23775455
21570.0, 0.23774892
21580.0, 0.23774329
21590.0, 0.23773769
21600.0, 0.23773208
21610.0, 0.2377265
21620.0, 0.2377209
21630.0, 0.23771535
21640.0, 0.23770979
21650.0, 0.23770425
21660.0, 0.2376987
21670.0, 0.23769319
21680.0, 0.23768768
21690.0, 0.23768218
21700.0, 0.23767668
21710.0, 0.2376712
21720.0, 0.23766574
21730.0, 0.23766027
21740.0, 0.23765483
21750.0, 0.2376494
21760.0, 0.23764397
21770.0, 0.23763856
21780.0, 0.23763315
21790.0, 0.23762776
21800.0, 0.23762237
21810.0, 0.237617
21820.0, 0.23761164
21830.0, 0.23760629
21840.0, 0.23760095
21850.0, 0.23759562
21860.0, 0.2375903
21870.0, 0.23758498
21880.0, 0.23757969
21890.0, 0.2375744
21900.0, 0.23756912
21910.0, 0.23756385
21920.0, 0.2375586
21930.0, 0.23755336
21940.0, 0.23754811
21950.0, 0.2375429
21960.0, 0.23753768
21970.0, 0.23753248
21980.0, 0.23752728
21990.0, 0.2375221
22000.0, 0.23751692
22010.0, 0.23751175
22020.0, 0.2375066
22030.0, 0.23750146
22040.0, 0.23749632
22050.0, 0.2374912
22060.0, 0.2374861
22070.0, 0.23748098
22080.0, 0.23747589
22090.0, 0.2374708
22100.0, 0.23746574
22110.0, 0.23746067
22120.0, 0.23745562
22130.0, 0.23745058
22140.0, 0.23744555
22150.0, 0.23744053
22160.0, 0.2374355
22170.0, 0.2374305
22180.0, 0.23742552
22190.0, 0.23742053
22200.0, 0.23741555
22210.0, 0.23741059
22220.0, 0.23740564
22230.0, 0.2374007
22240.0, 0.23739576
22250.0, 0.23739083
22260.0, 0.23738593
22270.0, 0.23738103
22280.0, 0.23737612
22290.0, 0.23737124
22300.0, 0.23736636
22310.0, 0.23736149
22320.0, 0.23735663
22330.0, 0.23735179
22340.0, 0.23734696
22350.0, 0.23734213
22360.0, 0.2373373
22370.0, 0.2373325
22380.0, 0.2373277
22390.0, 0.23732291
22400.0, 0.23731813
22410.0, 0.23731336
22420.0, 0.2373086
22430.0, 0.23730384
22440.0, 0.2372991
22450.0, 0.23729438
22460.0, 0.23728965
22470.0, 0.23728493
22480.0, 0.23728022
22490.0, 0.23727553
22500.0, 0.23727085
22510.0, 0.23726617
22520.0, 0.23726149
22530.0, 0.23725684
22540.0, 0.23725219
22550.0, 0.23724756
22560.0, 0.23724292
22570.0, 0.23723829
22580.0, 0.23723368
22590.0, 0.23722908
22600.0, 0.23722449
22610.0, 0.2372199
22620.0, 0.23721533
22630.0, 0.23721075
22640.0, 0.23720619
22650.0, 0.23720165
22660.0, 0.2371971
22670.0, 0.23719257
22680.0, 0.23718804
22690.0, 0.23718354
22700.0, 0.23717903
22710.0, 0.23717454
22720.0, 0.23717006
22730.0, 0.23716557
22740.0, 0.2371611
22750.0, 0.23715664
22760.0, 0.23715219
22770.0, 0.23714775
22780.0, 0.23714331
22790.0, 0.2371389
22800.0, 0.23713447
22810.0, 0.23713008
22820.0, 0.23712566
22830.0, 0.23712128
22840.0, 0.2371169
22850.0, 0.23711252
22860.0, 0.23710816
22870.0, 0.2371038
22880.0, 0.23709945
22890.0, 0.23709512
22900.0, 0.2370908
22910.0, 0.23708647
22920.0, 0.23708215
22930.0, 0.23707785
22940.0, 0.23707356
22950.0, 0.23706928
22960.0, 0.23706499
22970.0, 0.23706073
22980.0, 0.23705646
22990.0, 0.2370522
23000.0, 0.23704797
23010.0, 0.23704372
23020.0, 0.2370395
23030.0, 0.23703527
23040.0, 0.23703107
23050.0, 0.23702687
23060.0, 0.23702267
23070.0, 0.23701848
23080.0, 0.23701431
23090.0, 0.23701014
23100.0, 0.23700598
23110.0, 0.23700182
23120.0, 0.23699768
23130.0, 0.23699354
23140.0, 0.23698942
23150.0, 0.2369853
23160.0, 0.23698118
23170.0, 0.23697707
23180.0, 0.23697299
23190.0, 0.23696889
23200.0, 0.23696482
23210.0, 0.23696074
23220.0, 0.23695669
23230.0, 0.23695262
23240.0, 0.23694858
23250.0, 0.23694454
23260.0, 0.2369405
23270.0, 0.23693648
23280.0, 0.23693247
23290.0, 0.23692846
23300.0, 0.23692445
23310.0, 0.23692048
23320.0, 0.23691648
23330.0, 0.2369125
23340.0, 0.23690854
23350.0, 0.23690458
23360.0, 0.23690063
23370.0, 0.2368967
23380.0, 0.23689274
23390.0, 0.23688881
23400.0, 0.2368849
23410.0, 0.23688099
23420.0, 0.23687708
23430.0, 0.23687318
23440.0, 0.23686929
23450.0, 0.2368654
23460.0, 0.23686154
23470.0, 0.23685767
23480.0, 0.23685381
23490.0, 0.23684995
23500.0, 0.2368461
23510.0, 0.23684227
23520.0, 0.23683845
23530.0, 0.23683463
23540.0, 0.23683082
23550.0, 0.236827
23560.0, 0.2368232
23570.0, 0.23681942
23580.0, 0.23681563
23590.0, 0.23681186
23600.0, 0.23680809
23610.0, 0.23680434
23620.0, 0.23680058
23630.0, 0.23679683
23640.0, 0.23679309
23650.0, 0.23678936
23660.0, 0.23678564
23670.0, 0.23678192
23680.0, 0.2367782
23690.0, 0.2367745
23700.0, 0.23677081
23710.0, 0.23676713
23720.0, 0.23676345
23730.0, 0.23675977
23740.0, 0.2367561
23750.0, 0.23675245
23760.0, 0.2367488
23770.0, 0.23674515
23780.0, 0.23674153
23790.0, 0.23673789
23800.0, 0.23673427
23810.0, 0.23673065
23820.0, 0.23672704
23830.0, 0.23672345
23840.0, 0.23671985
23850.0, 0.23671627
23860.0, 0.2367127
23870.0, 0.23670912
23880.0, 0.23670556
23890.0, 0.236702
23900.0, 0.23669843
23910.0, 0.2366949
23920.0, 0.23669137
23930.0, 0.23668784
23940.0, 0.23668431
23950.0, 0.23668079
23960.0, 0.23667729
23970.0, 0.23667379
23980.0, 0.23667029
23990.0, 0.2366668
24000.0, 0.23666333
24010.0, 0.23665984
24020.0, 0.23665638
24030.0, 0.23665293
24040.0, 0.23664947
24050.0, 0.23664601
24060.0, 0.23664258
24070.0, 0.23663914
24080.0, 0.23663571
24090.0, 0.2366323
24100.0, 0.23662889
24110.0, 0.2366255
24120.0, 0.2366221
24130.0, 0.2366187
24140.0, 0.23661532
24150.0, 0.23661193
24160.0, 0.23660855
24170.0, 0.2366052
24180.0, 0.23660183
24190.0, 0.23659848
24200.0, 0.23659514
24210.0, 0.2365918
24220.0, 0.23658846
24230.0, 0.23658514
24240.0, 0.23658182
24250.0, 0.23657851
24260.0, 0.2365752
24270.0, 0.23657191
24280.0, 0.23656861
24290.0, 0.23656532
24300.0, 0.23656204
24310.0, 0.23655878
24320.0, 0.2365555
24330.0, 0.23655225
24340.0, 0.23654899
24350.0, 0.23654574
24360.0, 0.23654251
24370.0, 0.23653927
24380.0, 0.23653604
24390.0, 0.23653282
24400.0, 0.2365296
24410.0, 0.2365264
24420.0, 0.2365232
24430.0, 0.23652
24440.0, 0.2365168
24450.0, 0.23651363
24460.0, 0.23651044
24470.0, 0.23650728
24480.0, 0.23650412
24490.0, 0.23650096
24500.0, 0.2364978
24510.0, 0.23649466
24520.0, 0.23649152
24530.0, 0.23648839
24540.0, 0.23648526
24550.0, 0.23648214
24560.0, 0.23647903
24570.0, 0.23647591
24580.0, 0.23647282
24590.0, 0.23646972
24600.0, 0.23646663
24610.0, 0.23646355
24620.0, 0.23646046
24630.0, 0.2364574
24640.0, 0.23645432
24650.0, 0.23645127
24660.0, 0.23644821
24670.0, 0.23644517
24680.0, 0.23644213
24690.0, 0.2364391
24700.0, 0.23643607
24710.0, 0.23643304
24720.0, 0.23643002
24730.0, 0.23642701
24740.0, 0.236424
24750.0, 0.23642102
24760.0, 0.23641802
24770.0, 0.23641503
24780.0, 0.23641205
24790.0, 0.23640907
24800.0, 0.2364061
24810.0, 0.23640314
24820.0, 0.23640019
24830.0, 0.23639724
24840.0, 0.23639429
24850.0, 0.23639135
24860.0, 0.23638842
24870.0, 0.23638548
24880.0, 0.23638256
24890.0, 0.23637965
24900.0, 0.23637673
24910.0, 0.23637383
24920.0, 0.23637094
24930.0, 0.23636803
24940.0, 0.23636514
24950.0, 0.23636226
24960.0, 0.23635939
24970.0, 0.23635651
24980.0, 0.23635365
24990.0, 0.23635079
25000.0, 0.23634793
25010.0, 0.2363451
25020.0, 0.23634225
25030.0, 0.2363394
25040.0, 0.23633657
25050.0, 0.23633376
25060.0, 0.23633094
25070.0, 0.23632812
25080.0, 0.23632531
25090.0, 0.2363225
25100.0, 0.2363197
25110.0, 0.23631692
25120.0, 0.23631413
25130.0, 0.23631135
25140.0, 0.23630857
25150.0, 0.2363058
25160.0, 0.23630305
25170.0, 0.23630029
25180.0, 0.23629753
25190.0, 0.23629478
25200.0, 0.23629203
25210.0, 0.23628931
25220.0, 0.23628658
25230.0, 0.23628385
25240.0, 0.23628113
25250.0, 0.2362784
25260.0, 0.2362757
25270.0, 0.23627299
25280.0, 0.2362703
25290.0, 0.2362676
25300.0, 0.23626491
25310.0, 0.23626223
25320.0, 0.23625955
25330.0, 0.23625688
25340.0, 0.23625422
25350.0, 0.23625155
25360.0, 0.2362489
25370.0, 0.23624624
25380.0, 0.2362436
25390.0, 0.23624095
25400.0, 0.23623832
25410.0, 0.2362357
25420.0, 0.23623307
25430.0, 0.23623045
25440.0, 0.23622783
25450.0, 0.23622522
25460.0, 0.23622262
25470.0, 0.23622002
25480.0, 0.23621742
25490.0, 0.23621483
25500.0, 0.23621225
25510.0, 0.23620968
25520.0, 0.2362071
25530.0, 0.23620453
25540.0, 0.23620197
25550.0, 0.23619941
25560.0, 0.23619686
25570.0, 0.23619431
25580.0, 0.23619176
25590.0, 0.23618923
25600.0, 0.2361867
25610.0, 0.23618416
25620.0, 0.23618165
25630.0, 0.23617913
25640.0, 0.23617661
25650.0, 0.2361741
25660.0, 0.2361716
25670.0, 0.2361691
25680.0, 0.23616661
25690.0, 0.23616412
25700.0, 0.23616165
25710.0, 0.23615916
25720.0, 0.23615669
25730.0, 0.23615423
25740.0, 0.23615175
25750.0, 0.23614931
25760.0, 0.23614685
25770.0, 0.2361444
25780.0, 0.23614195
25790.0, 0.23613952
25800.0, 0.23613709
25810.0, 0.23613466
25820.0, 0.23613223
25830.0, 0.23612982
25840.0, 0.23612739
25850.0, 0.23612499
25860.0, 0.23612258
25870.0, 0.23612018
25880.0, 0.23611778
25890.0, 0.2361154
25900.0, 0.23611301
25910.0, 0.23611063
25920.0, 0.23610826
25930.0, 0.23610589
25940.0, 0.23610352
25950.0, 0.23610115
25960.0, 0.2360988
25970.0, 0.23609644
25980.0, 0.2360941
25990.0, 0.23609175
26000.0, 0.23608941
26010.0, 0.23608707
26020.0, 0.23608474
26030.0, 0.23608242
26040.0, 0.2360801
26050.0, 0.23607779
26060.0, 0.23607548
26070.0, 0.23607317
26080.0, 0.23607087
26090.0, 0.23606856
26100.0, 0.23606628
26110.0, 0.23606399
26120.0, 0.23606169
26130.0, 0.23605943
26140.0, 0.23605715
26150.0, 0.23605488
26160.0, 0.2360526
26170.0, 0.23605035
26180.0, 0.2360481
26190.0, 0.23604585
26200.0, 0.2360436
26210.0, 0.23604135
26220.0, 0.23603912
26230.0, 0.23603688
26240.0, 0.23603465
26250.0, 0.23603243
26260.0, 0.2360302
26270.0, 0.23602799
26280.0, 0.23602577
26290.0, 0.23602358
26300.0, 0.23602135
26310.0, 0.23601916
26320.0, 0.23601697
26330.0, 0.23601478
26340.0, 0.2360126
26350.0, 0.23601042
26360.0, 0.23600824
26370.0, 0.23600607
26380.0, 0.23600389
26390.0, 0.23600173
26400.0, 0.23599957
26410.0, 0.23599741
26420.0, 0.23599526
26430.0, 0.23599312
26440.0, 0.23599097
26450.0, 0.23598884
26460.0, 0.2359867
26470.0, 0.23598456
26480.0, 0.23598245
26490.0, 0.23598032
26500.0, 0.2359782
26510.0, 0.23597609
26520.0, 0.23597398
26530.0, 0.23597188
26540.0, 0.23596977
26550.0, 0.23596768
26560.0, 0.2359656
26570.0, 0.2359635
26580.0, 0.2359614
26590.0, 0.23595934
26600.0, 0.23595726
26610.0, 0.23595518
26620.0, 0.23595312
26630.0, 0.23595105
26640.0, 0.235949
26650.0, 0.23594694
26660.0, 0.2359449
26670.0, 0.23594284
26680.0, 0.2359408
26690.0, 0.23593876
26700.0, 0.23593673
26710.0, 0.2359347
26720.0, 0.23593266
26730.0, 0.23593065
26740.0, 0.23592862
26750.0, 0.23592661
26760.0, 0.23592462
26770.0, 0.23592259
26780.0, 0.2359206
26790.0, 0.2359186
26800.0, 0.2359166
26810.0, 0.23591462
26820.0, 0.23591262
26830.0, 0.23591064
26840.0, 0.23590866
26850.0, 0.23590669
26860.0, 0.23590472
26870.0, 0.23590276
26880.0, 0.23590079
26890.0, 0.23589884
26900.0, 0.23589687
26910.0, 0.23589492
26920.0, 0.23589297
26930.0, 0.23589103
26940.0, 0.23588909
26950.0, 0.23588715
26960.0, 0.23588523
26970.0, 0.2358833
26980.0, 0.23588137
26990.0, 0.23587945
27000.0, 0.23587753
27010.0, 0.23587562
27020.0, 0.23587371
27030.0, 0.2358718
27040.0, 0.2358699
27050.0, 0.235868
27060.0, 0.23586611
27070.0, 0.23586422
27080.0, 0.23586234
27090.0, 0.23586045
27100.0, 0.23585857
27110.0, 0.2358567
27120.0, 0.23585483
27130.0, 0.23585296
27140.0, 0.2358511
27150.0, 0.23584923
27160.0, 0.23584738
27170.0, 0.23584552
27180.0, 0.23584367
27190.0, 0.23584183
27200.0, 0.23584
27210.0, 0.23583815
27220.0, 0.23583631
27230.0, 0.23583448
27240.0, 0.23583266
27250.0, 0.23583084
27260.0, 0.23582903
27270.0, 0.23582721
27280.0, 0.23582539
27290.0, 0.23582357
27300.0, 0.23582178
27310.0, 0.23581997
27320.0, 0.23581818
27330.0, 0.23581637
27340.0, 0.23581459
27350.0, 0.2358128
27360.0, 0.23581102
27370.0, 0.23580924
27380.0, 0.23580746
27390.0, 0.23580569
27400.0, 0.23580392
27410.0, 0.23580214
27420.0, 0.23580039
27430.0, 0.23579863
27440.0, 0.23579687
27450.0, 0.23579513
27460.0, 0.23579337
27470.0, 0.23579162
27480.0, 0.23578988
27490.0, 0.23578814
27500.0, 0.23578641
27510.0, 0.23578468
27520.0, 0.23578295
27530.0, 0.23578122
27540.0, 0.2357795
27550.0, 0.23577778
27560.0, 0.23577607
27570.0, 0.23577435
27580.0, 0.23577265
27590.0, 0.23577094
27600.0, 0.23576924
27610.0, 0.23576754
27620.0, 0.23576586
27630.0, 0.23576416
27640.0, 0.23576248
27650.0, 0.2357608
27660.0, 0.23575911
27670.0, 0.23575744
27680.0, 0.23575576
27690.0, 0.23575409
27700.0, 0.23575242
27710.0, 0.23575076
27720.0, 0.2357491
27730.0, 0.23574744
27740.0, 0.23574579
27750.0, 0.23574413
27760.0, 0.2357425
27770.0, 0.23574086
27780.0, 0.2357392
27790.0, 0.23573758
27800.0, 0.23573594
27810.0, 0.2357343
27820.0, 0.23573267
27830.0, 0.23573105
27840.0, 0.23572943
27850.0, 0.23572782
27860.0, 0.2357262
27870.0, 0.23572458
27880.0, 0.23572297
27890.0, 0.23572138
27900.0, 0.23571977
27910.0, 0.23571818
27920.0, 0.23571658
27930.0, 0.23571499
27940.0, 0.23571339
27950.0, 0.2357118
27960.0, 0.23571022
27970.0, 0.23570864
27980.0, 0.23570707
27990.0, 0.2357055
28000.0, 0.23570393
28010.0, 0.23570235
28020.0, 0.2357008
28030.0, 0.23569924
28040.0, 0.23569767
28050.0, 0.23569612
28060.0, 0.23569457
28070.0, 0.23569302
28080.0, 0.23569147
28090.0, 0.23568992
28100.0, 0.23568839
28110.0, 0.23568685
28120.0, 0.23568532
28130.0, 0.23568378
28140.0, 0.23568226
28150.0, 0.23568074
28160.0, 0.23567922
28170.0, 0.2356777
28180.0, 0.23567618
28190.0, 0.23567468
28200.0, 0.23567317
28210.0, 0.23567165
28220.0, 0.23567015
28230.0, 0.23566866
28240.0, 0.23566715
28250.0, 0.23566566
28260.0, 0.23566417
28270.0, 0.23566268
28280.0, 0.2356612
28290.0, 0.23565972
28300.0, 0.23565824
28310.0, 0.23565675
28320.0, 0.2356553
28330.0, 0.23565382
28340.0, 0.23565234
28350.0, 0.23565088
28360.0, 0.23564942
28370.0, 0.23564796
28380.0, 0.2356465
28390.0, 0.23564506
28400.0, 0.23564361
28410.0, 0.23564216
28420.0, 0.23564072
28430.0, 0.23563927
28440.0, 0.23563783
28450.0, 0.2356364
28460.0, 0.23563497
28470.0, 0.23563354
28480.0, 0.2356321
28490.0, 0.23563068
28500.0, 0.23562926
28510.0, 0.23562784
28520.0, 0.23562643
28530.0, 0.23562501
28540.0, 0.23562361
28550.0, 0.2356222
28560.0, 0.2356208
28570.0, 0.2356194
28580.0, 0.235618
28590.0, 0.2356166
28600.0, 0.23561521
28610.0, 0.23561381
28620.0, 0.23561242
28630.0, 0.23561104
28640.0, 0.23560967
28650.0, 0.23560828
28660.0, 0.23560691
28670.0, 0.23560552
28680.0, 0.23560415
28690.0, 0.2356028
28700.0, 0.23560143
28710.0, 0.23560005
28720.0, 0.2355987
28730.0, 0.23559734
28740.0, 0.23559599
28750.0, 0.23559463
28760.0, 0.23559327
28770.0, 0.23559193
28780.0, 0.23559059
28790.0, 0.23558925
28800.0, 0.23558791
28810.0, 0.23558657
28820.0, 0.23558524
28830.0, 0.23558392
28840.0, 0.23558259
28850.0, 0.23558125
28860.0, 0.23557994
28870.0, 0.23557861
28880.0, 0.2355773
28890.0, 0.23557597
28900.0, 0.23557466
28910.0, 0.23557335
28920.0, 0.23557205
28930.0, 0.23557074
28940.0, 0.23556945
28950.0, 0.23556815
28960.0, 0.23556685
28970.0, 0.23556556
28980.0, 0.23556426
28990.0, 0.23556298
29000.0, 0.23556168
29010.0, 0.2355604
29020.0, 0.23555912
29030.0, 0.23555784
29040.0, 0.23555657
29050.0, 0.23555529
29060.0, 0.23555402
29070.0, 0.23555274
29080.0, 0.23555149
29090.0, 0.23555022
29100.0, 0.23554896
29110.0, 0.2355477
29120.0, 0.23554645
29130.0, 0.2355452
29140.0, 0.23554394
29150.0, 0.23554268
29160.0, 0.23554145
29170.0, 0.23554021
29180.0, 0.23553896
29190.0, 0.23553772
29200.0, 0.23553649
29210.0, 0.23553526
29220.0, 0.23553403
29230.0, 0.2355328
29240.0, 0.23553157
29250.0, 0.23553035
29260.0, 0.23552912
29270.0, 0.2355279
29280.0, 0.23552668
29290.0, 0.23552547
29300.0, 0.23552425
29310.0, 0.23552306
29320.0, 0.23552184
29330.0, 0.23552065
29340.0, 0.23551944
29350.0, 0.23551823
29360.0, 0.23551704
29370.0, 0.23551585
29380.0, 0.23551466
29390.0, 0.23551346
29400.0, 0.23551227
29410.0, 0.2355111
29420.0, 0.2355099
29430.0, 0.23550873
29440.0, 0.23550755
29450.0, 0.23550637
29460.0, 0.2355052
29470.0, 0.23550403
29480.0, 0.23550285
29490.0, 0.23550169
29500.0, 0.23550053
29510.0, 0.23549937
29520.0, 0.2354982
29530.0, 0.23549706
29540.0, 0.23549588
29550.0, 0.23549475
29560.0, 0.23549359
29570.0, 0.23549244
29580.0, 0.23549129
29590.0, 0.23549016
29600.0, 0.23548901
29610.0, 0.23548786
29620.0, 0.23548673
29630.0, 0.2354856
29640.0, 0.23548447
29650.0, 0.23548333
29660.0, 0.2354822
29670.0, 0.23548108
29680.0, 0.23547995
29690.0, 0.23547883
29700.0, 0.23547772
29710.0, 0.2354766
29720.0, 0.2354755
29730.0, 0.23547438
29740.0, 0.23547326
29750.0, 0.23547216
29760.0, 0.23547105
29770.0, 0.23546995
29780.0, 0.23546885
29790.0, 0.23546775
29800.0, 0.23546666
29810.0, 0.23546556
29820.0, 0.23546447
29830.0, 0.23546338
29840.0, 0.2354623
29850.0, 0.2354612
29860.0, 0.23546012
29870.0, 0.23545903
29880.0, 0.23545796
29890.0, 0.23545688
29900.0, 0.23545581
29910.0, 0.23545474
29920.0, 0.23545367
29930.0, 0.23545259
29940.0, 0.23545153
29950.0, 0.23545046
29960.0, 0.2354494
29970.0, 0.23544835
29980.0, 0.23544727
29990.0, 0.23544623
30000.0, 0.23544517
