Energy (in eV), backscattering yield of material gr2k-NASCAP at incidence 40.0 degree
   X,       Y
0.0, 0.0
10.0, 0.0
20.0, 0.0
30.0, 0.0
40.0, 0.0
50.0, 0.0
60.0, 0.029418359
70.0, 0.046997227
80.0, 0.06065496
90.0, 0.071922526
100.0, 0.08153048
110.0, 0.08990513
120.0, 0.09732249
130.0, 0.103973344
140.0, 0.10999584
150.0, 0.115493484
160.0, 0.12054596
170.0, 0.12521608
180.0, 0.12955415
190.0, 0.13360117
200.0, 0.13739105
210.0, 0.14095202
220.0, 0.14430802
230.0, 0.14747931
240.0, 0.15048343
250.0, 0.15333545
260.0, 0.15604854
270.0, 0.15863423
280.0, 0.16110268
290.0, 0.1634629
300.0, 0.1657229
310.0, 0.16788983
320.0, 0.16997012
330.0, 0.17196955
340.0, 0.17389336
350.0, 0.17574626
360.0, 0.1775326
370.0, 0.1792563
380.0, 0.18092093
390.0, 0.1825298
400.0, 0.18408601
410.0, 0.18559226
420.0, 0.18705119
430.0, 0.18846516
440.0, 0.18983638
450.0, 0.19116695
460.0, 0.1924587
470.0, 0.19371349
480.0, 0.19493297
490.0, 0.19611865
500.0, 0.19727203
510.0, 0.19839445
520.0, 0.1994872
530.0, 0.2005515
540.0, 0.20158844
550.0, 0.20259912
560.0, 0.20358457
570.0, 0.20454566
580.0, 0.2054834
590.0, 0.20639856
600.0, 0.20729198
610.0, 0.20816441
620.0, 0.20901658
630.0, 0.2098492
640.0, 0.21066289
650.0, 0.2114583
660.0, 0.21223602
670.0, 0.2129966
680.0, 0.2137406
690.0, 0.21446854
700.0, 0.21518089
710.0, 0.21587811
720.0, 0.2165607
730.0, 0.21722902
740.0, 0.21788359
750.0, 0.2185247
760.0, 0.21915276
770.0, 0.21976814
780.0, 0.22037122
790.0, 0.22096229
800.0, 0.22154167
810.0, 0.22210972
820.0, 0.2226667
830.0, 0.22321288
840.0, 0.22374858
850.0, 0.22427402
860.0, 0.22478952
870.0, 0.22529525
880.0, 0.22579151
890.0, 0.22627848
900.0, 0.22675645
910.0, 0.22722556
920.0, 0.22768606
930.0, 0.22813815
940.0, 0.22858196
950.0, 0.2290178
960.0, 0.22944577
970.0, 0.22986606
980.0, 0.2302788
990.0, 0.23068424
1000.0, 0.23108245
1010.0, 0.23088643
1020.0, 0.23069072
1030.0, 0.23049535
1040.0, 0.2303003
1050.0, 0.23010564
1060.0, 0.22991128
1070.0, 0.22971728
1080.0, 0.2295236
1090.0, 0.22933029
1100.0, 0.22913729
1110.0, 0.22894461
1120.0, 0.22875229
1130.0, 0.22856031
1140.0, 0.22836865
1150.0, 0.22817734
1160.0, 0.22798635
1170.0, 0.22779569
1180.0, 0.22760537
1190.0, 0.22741538
1200.0, 0.2272257
1210.0, 0.22703639
1220.0, 0.2268474
1230.0, 0.22665872
1240.0, 0.22647038
1250.0, 0.22628237
1260.0, 0.22609468
1270.0, 0.22590733
1280.0, 0.2257203
1290.0, 0.22553359
1300.0, 0.22534722
1310.0, 0.22516116
1320.0, 0.22497544
1330.0, 0.22479004
1340.0, 0.22460496
1350.0, 0.2244202
1360.0, 0.22423579
1370.0, 0.22405167
1380.0, 0.2238679
1390.0, 0.22368442
1400.0, 0.22350127
1410.0, 0.22331844
1420.0, 0.22313595
1430.0, 0.22295375
1440.0, 0.22277188
1450.0, 0.22259034
1460.0, 0.2224091
1470.0, 0.22222818
1480.0, 0.22204758
1490.0, 0.22186731
1500.0, 0.22168735
1510.0, 0.2215077
1520.0, 0.22132836
1530.0, 0.22114933
1540.0, 0.22097062
1550.0, 0.22079222
1560.0, 0.22061414
1570.0, 0.22043636
1580.0, 0.2202589
1590.0, 0.22008176
1600.0, 0.21990493
1610.0, 0.21972838
1620.0, 0.21955217
1630.0, 0.21937627
1640.0, 0.21920067
1650.0, 0.21902537
1660.0, 0.21885039
1670.0, 0.2186757
1680.0, 0.21850134
1690.0, 0.21832727
1700.0, 0.2181535
1710.0, 0.21798004
1720.0, 0.2178069
1730.0, 0.21763405
1740.0, 0.21746151
1750.0, 0.21728927
1760.0, 0.21711732
1770.0, 0.21694568
1780.0, 0.21677434
1790.0, 0.21660332
1800.0, 0.2164326
1810.0, 0.21626216
1820.0, 0.21609202
1830.0, 0.21592219
1840.0, 0.21575266
1850.0, 0.21558341
1860.0, 0.21541448
1870.0, 0.21524583
1880.0, 0.2150775
1890.0, 0.21490943
1900.0, 0.21474168
1910.0, 0.21457423
1920.0, 0.21440707
1930.0, 0.2142402
1940.0, 0.21407361
1950.0, 0.21390733
1960.0, 0.21374135
1970.0, 0.21357566
1980.0, 0.21341026
1990.0, 0.21324514
2000.0, 0.21308032
2010.0, 0.21291578
2020.0, 0.21275154
2030.0, 0.21258758
2040.0, 0.21242392
2050.0, 0.21226054
2060.0, 0.21209745
2070.0, 0.21193467
2080.0, 0.21177216
2090.0, 0.21160991
2100.0, 0.21144798
2110.0, 0.21128634
2120.0, 0.21112497
2130.0, 0.21096388
2140.0, 0.21080309
2150.0, 0.21064256
2160.0, 0.21048234
2170.0, 0.2103224
2180.0, 0.21016271
2190.0, 0.21000333
2200.0, 0.20984425
2210.0, 0.20968542
2220.0, 0.20952688
2230.0, 0.20936862
2240.0, 0.20921063
2250.0, 0.20905292
2260.0, 0.2088955
2270.0, 0.20873836
2280.0, 0.20858149
2290.0, 0.20842493
2300.0, 0.2082686
2310.0, 0.20811257
2320.0, 0.2079568
2330.0, 0.20780131
2340.0, 0.20764612
2350.0, 0.20749117
2360.0, 0.20733652
2370.0, 0.20718214
2380.0, 0.20702803
2390.0, 0.20687419
2400.0, 0.20672062
2410.0, 0.20656732
2420.0, 0.2064143
2430.0, 0.20626155
2440.0, 0.20610908
2450.0, 0.20595686
2460.0, 0.20580493
2470.0, 0.20565325
2480.0, 0.20550185
2490.0, 0.20535071
2500.0, 0.20519987
2510.0, 0.20504926
2520.0, 0.20489894
2530.0, 0.20474887
2540.0, 0.20459907
2550.0, 0.20444953
2560.0, 0.20430027
2570.0, 0.20415127
2580.0, 0.20400253
2590.0, 0.20385407
2600.0, 0.20370585
2610.0, 0.20355792
2620.0, 0.20341022
2630.0, 0.2032628
2640.0, 0.20311566
2650.0, 0.20296876
2660.0, 0.20282212
2670.0, 0.20267574
2680.0, 0.20252962
2690.0, 0.20238377
2700.0, 0.20223817
2710.0, 0.20209284
2720.0, 0.20194778
2730.0, 0.20180295
2740.0, 0.20165838
2750.0, 0.20151408
2760.0, 0.20137003
2770.0, 0.20122625
2780.0, 0.2010827
2790.0, 0.20093943
2800.0, 0.20079641
2810.0, 0.20065364
2820.0, 0.20051113
2830.0, 0.20036887
2840.0, 0.20022684
2850.0, 0.20008509
2860.0, 0.1999436
2870.0, 0.19980235
2880.0, 0.19966134
2890.0, 0.1995206
2900.0, 0.1993801
2910.0, 0.19923986
2920.0, 0.19909987
2930.0, 0.19896011
2940.0, 0.19882062
2950.0, 0.19868137
2960.0, 0.19854237
2970.0, 0.19840363
2980.0, 0.19826512
2990.0, 0.19812687
3000.0, 0.19798887
3010.0, 0.19785109
3020.0, 0.19771358
3030.0, 0.19757631
3040.0, 0.19743928
3050.0, 0.1973025
3060.0, 0.19716597
3070.0, 0.19702968
3080.0, 0.19689363
3090.0, 0.19675782
3100.0, 0.19662227
3110.0, 0.19648695
3120.0, 0.19635187
3130.0, 0.19621703
3140.0, 0.19608243
3150.0, 0.19594808
3160.0, 0.19581395
3170.0, 0.19568008
3180.0, 0.19554645
3190.0, 0.19541305
3200.0, 0.1952799
3210.0, 0.19514698
3220.0, 0.1950143
3230.0, 0.19488186
3240.0, 0.19474965
3250.0, 0.19461769
3260.0, 0.19448595
3270.0, 0.19435446
3280.0, 0.1942232
3290.0, 0.19409217
3300.0, 0.19396138
3310.0, 0.19383082
3320.0, 0.1937005
3330.0, 0.19357042
3340.0, 0.19344056
3350.0, 0.19331093
3360.0, 0.19318154
3370.0, 0.1930524
3380.0, 0.19292346
3390.0, 0.19279477
3400.0, 0.1926663
3410.0, 0.19253807
3420.0, 0.19241007
3430.0, 0.1922823
3440.0, 0.19215475
3450.0, 0.19202745
3460.0, 0.19190036
3470.0, 0.19177349
3480.0, 0.19164686
3490.0, 0.19152047
3500.0, 0.1913943
3510.0, 0.19126834
3520.0, 0.19114262
3530.0, 0.19101712
3540.0, 0.19089186
3550.0, 0.19076681
3560.0, 0.19064198
3570.0, 0.1905174
3580.0, 0.19039302
3590.0, 0.19026887
3600.0, 0.19014496
3610.0, 0.19002126
3620.0, 0.18989778
3630.0, 0.18977451
3640.0, 0.18965149
3650.0, 0.18952867
3660.0, 0.18940608
3670.0, 0.18928371
3680.0, 0.18916155
3690.0, 0.18903962
3700.0, 0.18891792
3710.0, 0.18879642
3720.0, 0.18867515
3730.0, 0.1885541
3740.0, 0.18843326
3750.0, 0.18831263
3760.0, 0.18819225
3770.0, 0.18807206
3780.0, 0.18795209
3790.0, 0.18783234
3800.0, 0.1877128
3810.0, 0.18759349
3820.0, 0.18747438
3830.0, 0.18735549
3840.0, 0.18723682
3850.0, 0.18711837
3860.0, 0.18700011
3870.0, 0.1868821
3880.0, 0.18676427
3890.0, 0.18664666
3900.0, 0.18652926
3910.0, 0.18641208
3920.0, 0.18629512
3930.0, 0.18617836
3940.0, 0.1860618
3950.0, 0.18594547
3960.0, 0.18582934
3970.0, 0.18571343
3980.0, 0.18559772
3990.0, 0.18548222
4000.0, 0.18536693
4010.0, 0.18525185
4020.0, 0.18513697
4030.0, 0.18502231
4040.0, 0.18490785
4050.0, 0.18479359
4060.0, 0.18467957
4070.0, 0.18456572
4080.0, 0.18445209
4090.0, 0.18433867
4100.0, 0.18422544
4110.0, 0.18411243
4120.0, 0.18399961
4130.0, 0.183887
4140.0, 0.1837746
4150.0, 0.18366241
4160.0, 0.18355042
4170.0, 0.18343863
4180.0, 0.18332703
4190.0, 0.18321565
4200.0, 0.18310446
4210.0, 0.18299347
4220.0, 0.1828827
4230.0, 0.18277211
4240.0, 0.18266173
4250.0, 0.18255156
4260.0, 0.18244158
4270.0, 0.18233179
4280.0, 0.18222222
4290.0, 0.18211283
4300.0, 0.18200365
4310.0, 0.18189466
4320.0, 0.18178587
4330.0, 0.18167727
4340.0, 0.18156888
4350.0, 0.18146068
4360.0, 0.18135267
4370.0, 0.18124488
4380.0, 0.18113728
4390.0, 0.18102986
4400.0, 0.18092264
4410.0, 0.1808156
4420.0, 0.1807088
4430.0, 0.18060215
4440.0, 0.18049571
4450.0, 0.18038946
4460.0, 0.18028341
4470.0, 0.18017755
4480.0, 0.18007188
4490.0, 0.1799664
4500.0, 0.17986113
4510.0, 0.17975603
4520.0, 0.17965113
4530.0, 0.17954642
4540.0, 0.1794419
4550.0, 0.17933756
4560.0, 0.17923343
4570.0, 0.17912948
4580.0, 0.17902572
4590.0, 0.17892215
4600.0, 0.17881878
4610.0, 0.17871557
4620.0, 0.17861256
4630.0, 0.17850976
4640.0, 0.17840712
4650.0, 0.17830467
4660.0, 0.17820242
4670.0, 0.17810035
4680.0, 0.17799845
4690.0, 0.17789677
4700.0, 0.17779525
4710.0, 0.17769392
4720.0, 0.17759278
4730.0, 0.17749181
4740.0, 0.17739105
4750.0, 0.17729045
4760.0, 0.17719005
4770.0, 0.17708983
4780.0, 0.17698978
4790.0, 0.17688991
4800.0, 0.17679025
4810.0, 0.17669076
4820.0, 0.17659144
4830.0, 0.17649232
4840.0, 0.17639336
4850.0, 0.1762946
4860.0, 0.176196
4870.0, 0.1760976
4880.0, 0.17599937
4890.0, 0.17590132
4900.0, 0.17580345
4910.0, 0.17570576
4920.0, 0.17560825
4930.0, 0.17551091
4940.0, 0.17541376
4950.0, 0.17531678
4960.0, 0.17521998
4970.0, 0.17512335
4980.0, 0.17502691
4990.0, 0.17493065
5000.0, 0.17483455
5010.0, 0.17473863
5020.0, 0.17464289
5030.0, 0.17454731
5040.0, 0.17445193
5050.0, 0.17435671
5060.0, 0.17426167
5070.0, 0.1741668
5080.0, 0.1740721
5090.0, 0.17397758
5100.0, 0.17388323
5110.0, 0.17378905
5120.0, 0.17369506
5130.0, 0.17360123
5140.0, 0.17350757
5150.0, 0.17341408
5160.0, 0.17332077
5170.0, 0.17322762
5180.0, 0.17313465
5190.0, 0.17304185
5200.0, 0.17294922
5210.0, 0.17285675
5220.0, 0.17276447
5230.0, 0.17267233
5240.0, 0.17258038
5250.0, 0.1724886
5260.0, 0.17239697
5270.0, 0.17230554
5280.0, 0.17221425
5290.0, 0.17212313
5300.0, 0.17203219
5310.0, 0.17194141
5320.0, 0.17185082
5330.0, 0.17176037
5340.0, 0.17167008
5350.0, 0.17157997
5360.0, 0.17149003
5370.0, 0.17140025
5380.0, 0.17131062
5390.0, 0.17122117
5400.0, 0.17113188
5410.0, 0.17104276
5420.0, 0.1709538
5430.0, 0.170865
5440.0, 0.17077637
5450.0, 0.1706879
5460.0, 0.1705996
5470.0, 0.17051144
5480.0, 0.17042346
5490.0, 0.17033565
5500.0, 0.17024799
5510.0, 0.17016049
5520.0, 0.17007315
5530.0, 0.16998598
5540.0, 0.16989896
5550.0, 0.16981211
5560.0, 0.16972542
5570.0, 0.16963889
5580.0, 0.1695525
5590.0, 0.16946629
5600.0, 0.16938023
5610.0, 0.16929434
5620.0, 0.1692086
5630.0, 0.16912301
5640.0, 0.1690376
5650.0, 0.16895233
5660.0, 0.16886722
5670.0, 0.16878226
5680.0, 0.16869746
5690.0, 0.16861282
5700.0, 0.16852835
5710.0, 0.16844402
5720.0, 0.16835985
5730.0, 0.16827583
5740.0, 0.16819197
5750.0, 0.16810825
5760.0, 0.1680247
5770.0, 0.16794132
5780.0, 0.16785808
5790.0, 0.16777498
5800.0, 0.16769205
5810.0, 0.16760926
5820.0, 0.16752663
5830.0, 0.16744415
5840.0, 0.16736184
5850.0, 0.16727966
5860.0, 0.16719764
5870.0, 0.16711578
5880.0, 0.16703406
5890.0, 0.16695249
5900.0, 0.16687107
5910.0, 0.1667898
5920.0, 0.1667087
5930.0, 0.16662772
5940.0, 0.16654691
5950.0, 0.16646624
5960.0, 0.16638573
5970.0, 0.16630536
5980.0, 0.16622514
5990.0, 0.16614507
6000.0, 0.16606516
6010.0, 0.16598538
6020.0, 0.16590574
6030.0, 0.16582628
6040.0, 0.16574693
6050.0, 0.16566776
6060.0, 0.16558872
6070.0, 0.16550982
6080.0, 0.16543108
6090.0, 0.16535248
6100.0, 0.16527402
6110.0, 0.16519572
6120.0, 0.16511755
6130.0, 0.16503954
6140.0, 0.16496167
6150.0, 0.16488393
6160.0, 0.16480635
6170.0, 0.16472891
6180.0, 0.1646516
6190.0, 0.16457446
6200.0, 0.16449745
6210.0, 0.16442057
6220.0, 0.16434385
6230.0, 0.16426727
6240.0, 0.16419083
6250.0, 0.16411453
6260.0, 0.16403838
6270.0, 0.16396235
6280.0, 0.16388647
6290.0, 0.16381074
6300.0, 0.16373515
6310.0, 0.1636597
6320.0, 0.16358438
6330.0, 0.16350922
6340.0, 0.16343418
6350.0, 0.16335928
6360.0, 0.16328454
6370.0, 0.16320992
6380.0, 0.16313544
6390.0, 0.1630611
6400.0, 0.1629869
6410.0, 0.16291285
6420.0, 0.16283892
6430.0, 0.16276513
6440.0, 0.16269147
6450.0, 0.16261797
6460.0, 0.1625446
6470.0, 0.16247134
6480.0, 0.16239825
6490.0, 0.16232528
6500.0, 0.16225244
6510.0, 0.16217975
6520.0, 0.16210718
6530.0, 0.16203476
6540.0, 0.16196246
6550.0, 0.16189031
6560.0, 0.1618183
6570.0, 0.16174641
6580.0, 0.16167465
6590.0, 0.16160303
6600.0, 0.16153155
6610.0, 0.16146019
6620.0, 0.16138898
6630.0, 0.16131788
6640.0, 0.16124693
6650.0, 0.1611761
6660.0, 0.16110542
6670.0, 0.16103487
6680.0, 0.16096443
6690.0, 0.16089414
6700.0, 0.16082397
6710.0, 0.16075394
6720.0, 0.16068403
6730.0, 0.16061425
6740.0, 0.16054462
6750.0, 0.1604751
6760.0, 0.16040571
6770.0, 0.16033646
6780.0, 0.16026734
6790.0, 0.16019835
6800.0, 0.16012947
6810.0, 0.16006073
6820.0, 0.15999213
6830.0, 0.15992364
6840.0, 0.15985529
6850.0, 0.15978706
6860.0, 0.15971898
6870.0, 0.159651
6880.0, 0.15958315
6890.0, 0.15951544
6900.0, 0.15944785
6910.0, 0.15938038
6920.0, 0.15931304
6930.0, 0.15924583
6940.0, 0.15917873
6950.0, 0.15911178
6960.0, 0.15904494
6970.0, 0.15897822
6980.0, 0.15891165
6990.0, 0.15884519
7000.0, 0.15877885
7010.0, 0.15871263
7020.0, 0.15864654
7030.0, 0.15858057
7040.0, 0.15851472
7050.0, 0.15844901
7060.0, 0.15838341
7070.0, 0.15831794
7080.0, 0.1582526
7090.0, 0.15818736
7100.0, 0.15812226
7110.0, 0.15805727
7120.0, 0.15799241
7130.0, 0.15792766
7140.0, 0.15786305
7150.0, 0.15779854
7160.0, 0.15773417
7170.0, 0.1576699
7180.0, 0.15760578
7190.0, 0.15754175
7200.0, 0.15747786
7210.0, 0.15741408
7220.0, 0.15735042
7230.0, 0.15728688
7240.0, 0.15722346
7250.0, 0.15716016
7260.0, 0.15709698
7270.0, 0.15703392
7280.0, 0.15697098
7290.0, 0.15690814
7300.0, 0.15684544
7310.0, 0.15678284
7320.0, 0.15672037
7330.0, 0.15665801
7340.0, 0.15659577
7350.0, 0.15653364
7360.0, 0.15647164
7370.0, 0.15640976
7380.0, 0.15634799
7390.0, 0.15628633
7400.0, 0.15622479
7410.0, 0.15616335
7420.0, 0.15610205
7430.0, 0.15604085
7440.0, 0.15597977
7450.0, 0.1559188
7460.0, 0.15585795
7470.0, 0.15579721
7480.0, 0.1557366
7490.0, 0.15567608
7500.0, 0.15561569
7510.0, 0.1555554
7520.0, 0.15549524
7530.0, 0.15543517
7540.0, 0.15537524
7550.0, 0.15531541
7560.0, 0.15525569
7570.0, 0.15519609
7580.0, 0.15513659
7590.0, 0.15507722
7600.0, 0.15501794
7610.0, 0.15495878
7620.0, 0.15489973
7630.0, 0.15484081
7640.0, 0.15478198
7650.0, 0.15472327
7660.0, 0.15466467
7670.0, 0.15460616
7680.0, 0.1545478
7690.0, 0.15448952
7700.0, 0.15443136
7710.0, 0.1543733
7720.0, 0.15431535
7730.0, 0.15425752
7740.0, 0.1541998
7750.0, 0.15414219
7760.0, 0.15408467
7770.0, 0.15402727
7780.0, 0.15396997
7790.0, 0.1539128
7800.0, 0.15385571
7810.0, 0.15379874
7820.0, 0.15374188
7830.0, 0.15368512
7840.0, 0.15362848
7850.0, 0.15357195
7860.0, 0.15351552
7870.0, 0.15345919
7880.0, 0.15340297
7890.0, 0.15334685
7900.0, 0.15329084
7910.0, 0.15323493
7920.0, 0.15317914
7930.0, 0.15312345
7940.0, 0.15306786
7950.0, 0.15301238
7960.0, 0.15295699
7970.0, 0.15290172
7980.0, 0.15284656
7990.0, 0.15279149
8000.0, 0.15273653
8010.0, 0.15268168
8020.0, 0.15262692
8030.0, 0.15257227
8040.0, 0.15251772
8050.0, 0.15246329
8060.0, 0.15240893
8070.0, 0.1523547
8080.0, 0.15230057
8090.0, 0.15224653
8100.0, 0.1521926
8110.0, 0.15213877
8120.0, 0.15208505
8130.0, 0.15203142
8140.0, 0.15197788
8150.0, 0.15192448
8160.0, 0.15187114
8170.0, 0.15181792
8180.0, 0.15176481
8190.0, 0.15171178
8200.0, 0.15165886
8210.0, 0.15160604
8220.0, 0.15155332
8230.0, 0.1515007
8240.0, 0.15144818
8250.0, 0.15139577
8260.0, 0.15134344
8270.0, 0.15129122
8280.0, 0.15123908
8290.0, 0.15118706
8300.0, 0.15113515
8310.0, 0.1510833
8320.0, 0.15103158
8330.0, 0.15097995
8340.0, 0.15092841
8350.0, 0.15087697
8360.0, 0.15082563
8370.0, 0.15077439
8380.0, 0.15072325
8390.0, 0.1506722
8400.0, 0.15062125
8410.0, 0.1505704
8420.0, 0.15051962
8430.0, 0.15046898
8440.0, 0.1504184
8450.0, 0.15036793
8460.0, 0.15031755
8470.0, 0.15026727
8480.0, 0.15021709
8490.0, 0.150167
8500.0, 0.15011701
8510.0, 0.1500671
8520.0, 0.1500173
8530.0, 0.1499676
8540.0, 0.14991798
8550.0, 0.14986846
8560.0, 0.14981903
8570.0, 0.1497697
8580.0, 0.14972045
8590.0, 0.1496713
8600.0, 0.14962225
8610.0, 0.1495733
8620.0, 0.14952442
8630.0, 0.14947565
8640.0, 0.14942697
8650.0, 0.14937837
8660.0, 0.14932987
8670.0, 0.14928147
8680.0, 0.14923316
8690.0, 0.14918494
8700.0, 0.1491368
8710.0, 0.14908877
8720.0, 0.14904082
8730.0, 0.14899297
8740.0, 0.1489452
8750.0, 0.14889753
8760.0, 0.14884993
8770.0, 0.14880244
8780.0, 0.14875504
8790.0, 0.14870773
8800.0, 0.14866051
8810.0, 0.14861338
8820.0, 0.14856632
8830.0, 0.14851937
8840.0, 0.1484725
8850.0, 0.14842573
8860.0, 0.14837904
8870.0, 0.14833245
8880.0, 0.14828594
8890.0, 0.14823952
8900.0, 0.14819318
8910.0, 0.14814694
8920.0, 0.14810078
8930.0, 0.14805472
8940.0, 0.14800873
8950.0, 0.14796284
8960.0, 0.14791703
8970.0, 0.14787132
8980.0, 0.14782569
8990.0, 0.14778014
9000.0, 0.14773469
9010.0, 0.14768931
9020.0, 0.14764403
9030.0, 0.14759882
9040.0, 0.14755371
9050.0, 0.14750868
9060.0, 0.14746374
9070.0, 0.14741889
9080.0, 0.14737411
9090.0, 0.14732943
9100.0, 0.14728482
9110.0, 0.14724031
9120.0, 0.14719589
9130.0, 0.14715153
9140.0, 0.14710727
9150.0, 0.1470631
9160.0, 0.14701901
9170.0, 0.146975
9180.0, 0.14693107
9190.0, 0.14688723
9200.0, 0.14684348
9210.0, 0.1467998
9220.0, 0.14675622
9230.0, 0.14671272
9240.0, 0.14666928
9250.0, 0.14662595
9260.0, 0.14658268
9270.0, 0.14653951
9280.0, 0.14649643
9290.0, 0.14645341
9300.0, 0.14641048
9310.0, 0.14636764
9320.0, 0.14632486
9330.0, 0.14628218
9340.0, 0.14623958
9350.0, 0.14619705
9360.0, 0.14615461
9370.0, 0.14611226
9380.0, 0.14606999
9390.0, 0.14602779
9400.0, 0.14598566
9410.0, 0.14594363
9420.0, 0.14590168
9430.0, 0.14585981
9440.0, 0.145818
9450.0, 0.14577629
9460.0, 0.14573465
9470.0, 0.14569311
9480.0, 0.14565162
9490.0, 0.14561023
9500.0, 0.1455689
9510.0, 0.14552768
9520.0, 0.1454865
9530.0, 0.14544542
9540.0, 0.14540443
9550.0, 0.1453635
9560.0, 0.14532265
9570.0, 0.14528188
9580.0, 0.14524119
9590.0, 0.14520057
9600.0, 0.14516003
9610.0, 0.14511958
9620.0, 0.14507921
9630.0, 0.1450389
9640.0, 0.14499867
9650.0, 0.14495853
9660.0, 0.14491846
9670.0, 0.14487846
9680.0, 0.14483854
9690.0, 0.1447987
9700.0, 0.14475892
9710.0, 0.14471924
9720.0, 0.14467964
9730.0, 0.14464009
9740.0, 0.14460063
9750.0, 0.14456125
9760.0, 0.14452192
9770.0, 0.14448269
9780.0, 0.14444353
9790.0, 0.14440444
9800.0, 0.14436543
9810.0, 0.1443265
9820.0, 0.14428763
9830.0, 0.14424884
9840.0, 0.14421013
9850.0, 0.14417149
9860.0, 0.14413293
9870.0, 0.14409444
9880.0, 0.14405602
9890.0, 0.14401767
9900.0, 0.1439794
9910.0, 0.14394121
9920.0, 0.14390309
9930.0, 0.14386503
9940.0, 0.14382707
9950.0, 0.14378916
9960.0, 0.14375132
9970.0, 0.14371356
9980.0, 0.14367588
9990.0, 0.14363825
10000.0, 0.14360072
10010.0, 0.14356326
10020.0, 0.14352585
10030.0, 0.14348853
10040.0, 0.14345126
10050.0, 0.14341408
10060.0, 0.14337698
10070.0, 0.14333993
10080.0, 0.14330296
10090.0, 0.14326607
10100.0, 0.14322923
10110.0, 0.14319248
10120.0, 0.14315578
10130.0, 0.14311917
10140.0, 0.14308263
10150.0, 0.14304616
10160.0, 0.14300975
10170.0, 0.14297341
10180.0, 0.14293714
10190.0, 0.14290094
10200.0, 0.14286482
10210.0, 0.14282876
10220.0, 0.14279278
10230.0, 0.14275685
10240.0, 0.142721
10250.0, 0.14268522
10260.0, 0.14264952
10270.0, 0.14261387
10280.0, 0.14257829
10290.0, 0.1425428
10300.0, 0.14250734
10310.0, 0.14247197
10320.0, 0.14243667
10330.0, 0.14240144
10340.0, 0.14236628
10350.0, 0.14233117
10360.0, 0.14229614
10370.0, 0.14226116
10380.0, 0.14222628
10390.0, 0.14219144
10400.0, 0.14215668
10410.0, 0.14212199
10420.0, 0.14208736
10430.0, 0.1420528
10440.0, 0.1420183
10450.0, 0.14198387
10460.0, 0.1419495
10470.0, 0.1419152
10480.0, 0.14188097
10490.0, 0.1418468
10500.0, 0.14181271
10510.0, 0.14177868
10520.0, 0.1417447
10530.0, 0.1417108
10540.0, 0.14167696
10550.0, 0.14164318
10560.0, 0.14160948
10570.0, 0.14157584
10580.0, 0.14154226
10590.0, 0.14150874
10600.0, 0.14147529
10610.0, 0.14144191
10620.0, 0.14140859
10630.0, 0.14137533
10640.0, 0.14134215
10650.0, 0.14130902
10660.0, 0.14127594
10670.0, 0.14124294
10680.0, 0.14121
10690.0, 0.14117715
10700.0, 0.14114432
10710.0, 0.14111158
10720.0, 0.14107889
10730.0, 0.14104627
10740.0, 0.14101371
10750.0, 0.14098121
10760.0, 0.14094879
10770.0, 0.14091642
10780.0, 0.14088412
10790.0, 0.14085187
10800.0, 0.14081968
10810.0, 0.14078756
10820.0, 0.1407555
10830.0, 0.14072351
10840.0, 0.14069156
10850.0, 0.14065969
10860.0, 0.14062788
10870.0, 0.14059612
10880.0, 0.14056444
10890.0, 0.1405328
10900.0, 0.14050123
10910.0, 0.14046973
10920.0, 0.14043829
10930.0, 0.1404069
10940.0, 0.14037558
10950.0, 0.14034432
10960.0, 0.1403131
10970.0, 0.14028196
10980.0, 0.14025088
10990.0, 0.14021987
11000.0, 0.14018889
11010.0, 0.14015798
11020.0, 0.14012715
11030.0, 0.14009637
11040.0, 0.14006563
11050.0, 0.14003497
11060.0, 0.14000437
11070.0, 0.13997382
11080.0, 0.13994333
11090.0, 0.1399129
11100.0, 0.13988252
11110.0, 0.13985221
11120.0, 0.13982196
11130.0, 0.13979176
11140.0, 0.13976163
11150.0, 0.13973156
11160.0, 0.13970153
11170.0, 0.13967156
11180.0, 0.13964166
11190.0, 0.13961181
11200.0, 0.13958202
11210.0, 0.1395523
11220.0, 0.13952261
11230.0, 0.139493
11240.0, 0.13946344
11250.0, 0.13943394
11260.0, 0.13940449
11270.0, 0.1393751
11280.0, 0.13934578
11290.0, 0.1393165
11300.0, 0.13928728
11310.0, 0.13925812
11320.0, 0.13922901
11330.0, 0.13919996
11340.0, 0.13917097
11350.0, 0.13914204
11360.0, 0.13911316
11370.0, 0.13908432
11380.0, 0.13905555
11390.0, 0.13902684
11400.0, 0.13899818
11410.0, 0.13896959
11420.0, 0.13894103
11430.0, 0.13891254
11440.0, 0.13888411
11450.0, 0.13885573
11460.0, 0.1388274
11470.0, 0.13879913
11480.0, 0.13877091
11490.0, 0.13874274
11500.0, 0.13871464
11510.0, 0.13868658
11520.0, 0.13865858
11530.0, 0.13863064
11540.0, 0.13860275
11550.0, 0.13857491
11560.0, 0.13854714
11570.0, 0.1385194
11580.0, 0.13849173
11590.0, 0.13846411
11600.0, 0.13843654
11610.0, 0.13840902
11620.0, 0.13838156
11630.0, 0.13835415
11640.0, 0.1383268
11650.0, 0.1382995
11660.0, 0.13827224
11670.0, 0.13824505
11680.0, 0.13821791
11690.0, 0.13819082
11700.0, 0.13816378
11710.0, 0.13813679
11720.0, 0.13810985
11730.0, 0.13808297
11740.0, 0.13805614
11750.0, 0.13802937
11760.0, 0.13800263
11770.0, 0.13797596
11780.0, 0.13794935
11790.0, 0.13792276
11800.0, 0.13789625
11810.0, 0.13786979
11820.0, 0.13784337
11830.0, 0.137817
11840.0, 0.13779068
11850.0, 0.13776444
11860.0, 0.13773821
11870.0, 0.13771206
11880.0, 0.13768594
11890.0, 0.13765988
11900.0, 0.13763388
11910.0, 0.13760792
11920.0, 0.13758202
11930.0, 0.13755615
11940.0, 0.13753034
11950.0, 0.13750458
11960.0, 0.13747887
11970.0, 0.13745323
11980.0, 0.13742761
11990.0, 0.13740206
12000.0, 0.13737655
12010.0, 0.1373511
12020.0, 0.13732567
12030.0, 0.13730033
12040.0, 0.137275
12050.0, 0.13724974
12060.0, 0.13722453
12070.0, 0.13719937
12080.0, 0.13717425
12090.0, 0.13714918
12100.0, 0.13712417
12110.0, 0.1370992
12120.0, 0.13707428
12130.0, 0.1370494
12140.0, 0.13702458
12150.0, 0.13699982
12160.0, 0.13697508
12170.0, 0.1369504
12180.0, 0.13692577
12190.0, 0.13690118
12200.0, 0.13687666
12210.0, 0.13685216
12220.0, 0.13682772
12230.0, 0.13680333
12240.0, 0.13677898
12250.0, 0.13675468
12260.0, 0.13673043
12270.0, 0.13670623
12280.0, 0.13668208
12290.0, 0.13665797
12300.0, 0.1366339
12310.0, 0.13660988
12320.0, 0.1365859
12330.0, 0.136562
12340.0, 0.13653812
12350.0, 0.13651428
12360.0, 0.13649051
12370.0, 0.13646676
12380.0, 0.13644308
12390.0, 0.13641943
12400.0, 0.13639583
12410.0, 0.13637227
12420.0, 0.13634877
12430.0, 0.1363253
12440.0, 0.13630189
12450.0, 0.13627852
12460.0, 0.1362552
12470.0, 0.13623191
12480.0, 0.13620868
12490.0, 0.1361855
12500.0, 0.13616236
12510.0, 0.13613924
12520.0, 0.1361162
12530.0, 0.13609318
12540.0, 0.13607022
12550.0, 0.1360473
12560.0, 0.13602443
12570.0, 0.1360016
12580.0, 0.1359788
12590.0, 0.13595606
12600.0, 0.13593337
12610.0, 0.13591072
12620.0, 0.13588811
12630.0, 0.13586555
12640.0, 0.13584302
12650.0, 0.13582055
12660.0, 0.13579813
12670.0, 0.13577573
12680.0, 0.13575338
12690.0, 0.13573109
12700.0, 0.13570881
12710.0, 0.13568659
12720.0, 0.13566443
12730.0, 0.1356423
12740.0, 0.13562022
12750.0, 0.13559817
12760.0, 0.13557617
12770.0, 0.13555421
12780.0, 0.1355323
12790.0, 0.13551043
12800.0, 0.1354886
12810.0, 0.13546681
12820.0, 0.13544507
12830.0, 0.13542336
12840.0, 0.13540171
12850.0, 0.13538009
12860.0, 0.13535851
12870.0, 0.13533698
12880.0, 0.1353155
12890.0, 0.13529404
12900.0, 0.13527264
12910.0, 0.13525127
12920.0, 0.13522995
12930.0, 0.13520867
12940.0, 0.13518742
12950.0, 0.13516621
12960.0, 0.13514507
12970.0, 0.13512395
12980.0, 0.13510287
12990.0, 0.13508183
13000.0, 0.13506085
13010.0, 0.1350399
13020.0, 0.13501897
13030.0, 0.13499811
13040.0, 0.13497728
13050.0, 0.13495648
13060.0, 0.13493575
13070.0, 0.13491504
13080.0, 0.13489436
13090.0, 0.13487373
13100.0, 0.13485315
13110.0, 0.1348326
13120.0, 0.13481209
13130.0, 0.13479163
13140.0, 0.1347712
13150.0, 0.13475081
13160.0, 0.13473046
13170.0, 0.13471015
13180.0, 0.13468988
13190.0, 0.13466966
13200.0, 0.13464947
13210.0, 0.13462932
13220.0, 0.13460921
13230.0, 0.13458914
13240.0, 0.13456911
13250.0, 0.13454911
13260.0, 0.13452916
13270.0, 0.13450925
13280.0, 0.13448937
13290.0, 0.13446952
13300.0, 0.13444974
13310.0, 0.13442998
13320.0, 0.13441026
13330.0, 0.13439058
13340.0, 0.13437092
13350.0, 0.13435131
13360.0, 0.13433175
13370.0, 0.13431223
13380.0, 0.13429274
13390.0, 0.13427328
13400.0, 0.13425387
13410.0, 0.13423449
13420.0, 0.13421515
13430.0, 0.13419585
13440.0, 0.13417658
13450.0, 0.13415736
13460.0, 0.13413817
13470.0, 0.13411902
13480.0, 0.1340999
13490.0, 0.13408083
13500.0, 0.1340618
13510.0, 0.13404278
13520.0, 0.13402383
13530.0, 0.1340049
13540.0, 0.133986
13550.0, 0.13396715
13560.0, 0.13394834
13570.0, 0.13392955
13580.0, 0.1339108
13590.0, 0.1338921
13600.0, 0.13387345
13610.0, 0.1338548
13620.0, 0.13383621
13630.0, 0.13381764
13640.0, 0.13379912
13650.0, 0.13378063
13660.0, 0.13376218
13670.0, 0.13374376
13680.0, 0.13372539
13690.0, 0.13370705
13700.0, 0.13368873
13710.0, 0.13367045
13720.0, 0.13365223
13730.0, 0.13363403
13740.0, 0.13361587
13750.0, 0.13359773
13760.0, 0.13357963
13770.0, 0.13356158
13780.0, 0.13354355
13790.0, 0.13352557
13800.0, 0.13350761
13810.0, 0.1334897
13820.0, 0.13347182
13830.0, 0.13345397
13840.0, 0.13343614
13850.0, 0.13341838
13860.0, 0.13340063
13870.0, 0.13338292
13880.0, 0.13336526
13890.0, 0.1333476
13900.0, 0.13333
13910.0, 0.13331243
13920.0, 0.1332949
13930.0, 0.1332774
13940.0, 0.13325994
13950.0, 0.1332425
13960.0, 0.1332251
13970.0, 0.13320774
13980.0, 0.13319041
13990.0, 0.13317311
14000.0, 0.13315584
14010.0, 0.13313863
14020.0, 0.13312142
14030.0, 0.13310426
14040.0, 0.13308713
14050.0, 0.13307004
14060.0, 0.13305297
14070.0, 0.13303594
14080.0, 0.13301896
14090.0, 0.133002
14100.0, 0.13298507
14110.0, 0.13296817
14120.0, 0.1329513
14130.0, 0.13293448
14140.0, 0.13291769
14150.0, 0.13290092
14160.0, 0.13288419
14170.0, 0.1328675
14180.0, 0.13285084
14190.0, 0.1328342
14200.0, 0.13281761
14210.0, 0.13280104
14220.0, 0.1327845
14230.0, 0.132768
14240.0, 0.13275152
14250.0, 0.1327351
14260.0, 0.1327187
14270.0, 0.13270232
14280.0, 0.13268599
14290.0, 0.13266967
14300.0, 0.1326534
14310.0, 0.13263714
14320.0, 0.13262093
14330.0, 0.13260476
14340.0, 0.13258861
14350.0, 0.13257249
14360.0, 0.13255641
14370.0, 0.13254035
14380.0, 0.13252433
14390.0, 0.13250834
14400.0, 0.13249238
14410.0, 0.13247645
14420.0, 0.13246055
14430.0, 0.1324447
14440.0, 0.13242884
14450.0, 0.13241304
14460.0, 0.13239726
14470.0, 0.13238153
14480.0, 0.13236582
14490.0, 0.13235013
14500.0, 0.13233449
14510.0, 0.13231887
14520.0, 0.13230328
14530.0, 0.13228773
14540.0, 0.1322722
14550.0, 0.1322567
14560.0, 0.13224123
14570.0, 0.1322258
14580.0, 0.13221039
14590.0, 0.13219501
14600.0, 0.13217966
14610.0, 0.13216436
14620.0, 0.13214907
14630.0, 0.13213381
14640.0, 0.13211858
14650.0, 0.13210338
14660.0, 0.13208823
14670.0, 0.13207309
14680.0, 0.13205798
14690.0, 0.13204291
14700.0, 0.13202786
14710.0, 0.13201286
14720.0, 0.13199787
14730.0, 0.13198291
14740.0, 0.13196798
14750.0, 0.13195308
14760.0, 0.1319382
14770.0, 0.13192336
14780.0, 0.13190855
14790.0, 0.13189377
14800.0, 0.13187902
14810.0, 0.1318643
14820.0, 0.1318496
14830.0, 0.13183492
14840.0, 0.13182028
14850.0, 0.13180567
14860.0, 0.1317911
14870.0, 0.13177654
14880.0, 0.13176203
14890.0, 0.13174753
14900.0, 0.13173306
14910.0, 0.13171862
14920.0, 0.13170421
14930.0, 0.13168983
14940.0, 0.13167547
14950.0, 0.13166115
14960.0, 0.13164686
14970.0, 0.1316326
14980.0, 0.13161835
14990.0, 0.13160414
15000.0, 0.13158995
15010.0, 0.1315758
15020.0, 0.13156167
15030.0, 0.13154756
15040.0, 0.13153349
15050.0, 0.13151944
15060.0, 0.13150541
15070.0, 0.13149144
15080.0, 0.13147748
15090.0, 0.13146354
15100.0, 0.13144962
15110.0, 0.13143575
15120.0, 0.1314219
15130.0, 0.13140807
15140.0, 0.13139427
15150.0, 0.1313805
15160.0, 0.13136674
15170.0, 0.13135302
15180.0, 0.13133934
15190.0, 0.13132568
15200.0, 0.13131204
15210.0, 0.13129842
15220.0, 0.13128485
15230.0, 0.13127129
15240.0, 0.13125776
15250.0, 0.13124424
15260.0, 0.13123077
15270.0, 0.13121733
15280.0, 0.1312039
15290.0, 0.1311905
15300.0, 0.13117713
15310.0, 0.13116378
15320.0, 0.13115045
15330.0, 0.13113718
15340.0, 0.1311239
15350.0, 0.13111067
15360.0, 0.13109745
15370.0, 0.13108425
15380.0, 0.1310711
15390.0, 0.13105796
15400.0, 0.13104485
15410.0, 0.13103177
15420.0, 0.13101871
15430.0, 0.13100567
15440.0, 0.13099267
15450.0, 0.13097967
15460.0, 0.13096672
15470.0, 0.13095379
15480.0, 0.13094088
15490.0, 0.13092801
15500.0, 0.13091515
15510.0, 0.13090232
15520.0, 0.13088952
15530.0, 0.13087673
15540.0, 0.13086398
15550.0, 0.13085125
15560.0, 0.13083854
15570.0, 0.13082588
15580.0, 0.13081321
15590.0, 0.13080059
15600.0, 0.13078798
15610.0, 0.1307754
15620.0, 0.13076285
15630.0, 0.13075033
15640.0, 0.13073781
15650.0, 0.13072534
15660.0, 0.13071288
15670.0, 0.13070044
15680.0, 0.13068804
15690.0, 0.13067564
15700.0, 0.13066329
15710.0, 0.13065097
15720.0, 0.13063864
15730.0, 0.13062637
15740.0, 0.1306141
15750.0, 0.13060187
15760.0, 0.13058966
15770.0, 0.13057746
15780.0, 0.1305653
15790.0, 0.13055316
15800.0, 0.13054104
15810.0, 0.13052894
15820.0, 0.13051689
15830.0, 0.13050483
15840.0, 0.13049282
15850.0, 0.13048081
15860.0, 0.13046885
15870.0, 0.1304569
15880.0, 0.13044496
15890.0, 0.13043305
15900.0, 0.13042118
15910.0, 0.13040933
15920.0, 0.1303975
15930.0, 0.13038568
15940.0, 0.13037388
15950.0, 0.13036212
15960.0, 0.13035038
15970.0, 0.13033867
15980.0, 0.13032697
15990.0, 0.1303153
16000.0, 0.13030365
16010.0, 0.13029203
16020.0, 0.13028044
16030.0, 0.13026884
16040.0, 0.1302573
16050.0, 0.13024576
16060.0, 0.13023424
16070.0, 0.13022275
16080.0, 0.1302113
16090.0, 0.13019985
16100.0, 0.13018842
16110.0, 0.13017702
16120.0, 0.13016565
16130.0, 0.1301543
16140.0, 0.13014296
16150.0, 0.13013165
16160.0, 0.13012037
16170.0, 0.1301091
16180.0, 0.13009787
16190.0, 0.13008665
16200.0, 0.13007544
16210.0, 0.13006426
16220.0, 0.13005312
16230.0, 0.13004199
16240.0, 0.13003087
16250.0, 0.13001978
16260.0, 0.13000871
16270.0, 0.12999769
16280.0, 0.12998666
16290.0, 0.12997565
16300.0, 0.12996468
16310.0, 0.12995371
16320.0, 0.12994279
16330.0, 0.12993187
16340.0, 0.12992097
16350.0, 0.12991011
16360.0, 0.12989926
16370.0, 0.12988843
16380.0, 0.12987763
16390.0, 0.12986684
16400.0, 0.12985606
16410.0, 0.12984532
16420.0, 0.1298346
16430.0, 0.12982391
16440.0, 0.12981322
16450.0, 0.12980257
16460.0, 0.12979193
16470.0, 0.1297813
16480.0, 0.12977071
16490.0, 0.12976015
16500.0, 0.1297496
16510.0, 0.12973906
16520.0, 0.12972854
16530.0, 0.12971805
16540.0, 0.12970759
16550.0, 0.12969713
16560.0, 0.1296867
16570.0, 0.1296763
16580.0, 0.1296659
16590.0, 0.12965554
16600.0, 0.1296452
16610.0, 0.12963486
16620.0, 0.12962456
16630.0, 0.12961428
16640.0, 0.12960401
16650.0, 0.12959376
16660.0, 0.12958354
16670.0, 0.12957333
16680.0, 0.12956315
16690.0, 0.12955299
16700.0, 0.12954283
16710.0, 0.12953271
16720.0, 0.1295226
16730.0, 0.12951252
16740.0, 0.12950245
16750.0, 0.12949242
16760.0, 0.12948239
16770.0, 0.12947237
16780.0, 0.12946239
16790.0, 0.12945244
16800.0, 0.12944248
16810.0, 0.12943256
16820.0, 0.12942265
16830.0, 0.12941276
16840.0, 0.12940289
16850.0, 0.12939304
16860.0, 0.12938322
16870.0, 0.1293734
16880.0, 0.12936361
16890.0, 0.12935385
16900.0, 0.12934409
16910.0, 0.12933436
16920.0, 0.12932464
16930.0, 0.12931496
16940.0, 0.12930529
16950.0, 0.12929563
16960.0, 0.12928599
16970.0, 0.12927638
16980.0, 0.12926677
16990.0, 0.12925719
17000.0, 0.12924764
17010.0, 0.12923808
17020.0, 0.12922856
17030.0, 0.12921906
17040.0, 0.12920958
17050.0, 0.12920012
17060.0, 0.12919067
17070.0, 0.12918124
17080.0, 0.12917182
17090.0, 0.12916243
17100.0, 0.12915306
17110.0, 0.1291437
17120.0, 0.12913437
17130.0, 0.12912504
17140.0, 0.12911575
17150.0, 0.12910646
17160.0, 0.12909721
17170.0, 0.12908795
17180.0, 0.12907873
17190.0, 0.12906952
17200.0, 0.12906033
17210.0, 0.12905116
17220.0, 0.129042
17230.0, 0.12903288
17240.0, 0.12902375
17250.0, 0.12901466
17260.0, 0.12900558
17270.0, 0.1289965
17280.0, 0.12898746
17290.0, 0.12897843
17300.0, 0.12896943
17310.0, 0.12896043
17320.0, 0.12895146
17330.0, 0.1289425
17340.0, 0.12893356
17350.0, 0.12892464
17360.0, 0.12891574
17370.0, 0.12890686
17380.0, 0.128898
17390.0, 0.12888913
17400.0, 0.1288803
17410.0, 0.12887149
17420.0, 0.1288627
17430.0, 0.1288539
17440.0, 0.12884514
17450.0, 0.1288364
17460.0, 0.12882766
17470.0, 0.12881896
17480.0, 0.12881026
17490.0, 0.12880158
17500.0, 0.12879293
17510.0, 0.12878428
17520.0, 0.12877566
17530.0, 0.12876704
17540.0, 0.12875845
17550.0, 0.12874988
17560.0, 0.12874132
17570.0, 0.12873279
17580.0, 0.12872426
17590.0, 0.12871575
17600.0, 0.12870726
17610.0, 0.1286988
17620.0, 0.12869032
17630.0, 0.12868188
17640.0, 0.12867346
17650.0, 0.12866506
17660.0, 0.12865667
17670.0, 0.1286483
17680.0, 0.12863994
17690.0, 0.12863159
17700.0, 0.12862328
17710.0, 0.12861496
17720.0, 0.12860668
17730.0, 0.12859839
17740.0, 0.12859014
17750.0, 0.1285819
17760.0, 0.12857367
17770.0, 0.12856546
17780.0, 0.12855728
17790.0, 0.1285491
17800.0, 0.12854093
17810.0, 0.12853278
17820.0, 0.12852466
17830.0, 0.12851655
17840.0, 0.12850845
17850.0, 0.12850037
17860.0, 0.12849231
17870.0, 0.12848425
17880.0, 0.12847622
17890.0, 0.12846822
17900.0, 0.12846021
17910.0, 0.12845223
17920.0, 0.12844425
17930.0, 0.1284363
17940.0, 0.12842837
17950.0, 0.12842044
17960.0, 0.12841253
17970.0, 0.12840465
17980.0, 0.12839676
17990.0, 0.12838891
18000.0, 0.12838106
18010.0, 0.12837325
18020.0, 0.12836543
18030.0, 0.12835763
18040.0, 0.12834984
18050.0, 0.12834208
18060.0, 0.12833433
18070.0, 0.1283266
18080.0, 0.12831888
18090.0, 0.12831117
18100.0, 0.12830348
18110.0, 0.1282958
18120.0, 0.12828815
18130.0, 0.1282805
18140.0, 0.12827286
18150.0, 0.12826526
18160.0, 0.12825766
18170.0, 0.12825008
18180.0, 0.12824251
18190.0, 0.12823495
18200.0, 0.12822741
18210.0, 0.12821989
18220.0, 0.12821238
18230.0, 0.12820488
18240.0, 0.1281974
18250.0, 0.12818995
18260.0, 0.1281825
18270.0, 0.12817505
18280.0, 0.12816764
18290.0, 0.12816022
18300.0, 0.12815283
18310.0, 0.12814546
18320.0, 0.12813811
18330.0, 0.12813075
18340.0, 0.12812342
18350.0, 0.1281161
18360.0, 0.1281088
18370.0, 0.12810151
18380.0, 0.12809423
18390.0, 0.12808697
18400.0, 0.12807973
18410.0, 0.1280725
18420.0, 0.12806527
18430.0, 0.12805808
18440.0, 0.1280509
18450.0, 0.12804371
18460.0, 0.12803654
18470.0, 0.1280294
18480.0, 0.12802227
18490.0, 0.12801516
18500.0, 0.12800805
18510.0, 0.12800096
18520.0, 0.12799388
18530.0, 0.12798683
18540.0, 0.12797979
18550.0, 0.12797274
18560.0, 0.12796573
18570.0, 0.12795873
18580.0, 0.12795173
18590.0, 0.12794475
18600.0, 0.12793778
18610.0, 0.12793083
18620.0, 0.1279239
18630.0, 0.12791698
18640.0, 0.12791008
18650.0, 0.12790318
18660.0, 0.1278963
18670.0, 0.12788942
18680.0, 0.12788257
18690.0, 0.12787573
18700.0, 0.1278689
18710.0, 0.1278621
18720.0, 0.12785529
18730.0, 0.1278485
18740.0, 0.12784173
18750.0, 0.12783496
18760.0, 0.12782823
18770.0, 0.12782149
18780.0, 0.12781477
18790.0, 0.12780806
18800.0, 0.12780137
18810.0, 0.12779468
18820.0, 0.12778802
18830.0, 0.12778136
18840.0, 0.12777473
18850.0, 0.1277681
18860.0, 0.12776148
18870.0, 0.12775488
18880.0, 0.1277483
18890.0, 0.12774172
18900.0, 0.12773517
18910.0, 0.12772861
18920.0, 0.12772208
18930.0, 0.12771556
18940.0, 0.12770905
18950.0, 0.12770255
18960.0, 0.12769607
18970.0, 0.12768959
18980.0, 0.12768313
18990.0, 0.12767668
19000.0, 0.12767026
19010.0, 0.12766384
19020.0, 0.12765743
19030.0, 0.12765104
19040.0, 0.12764464
19050.0, 0.12763828
19060.0, 0.12763192
19070.0, 0.12762558
19080.0, 0.12761925
19090.0, 0.12761293
19100.0, 0.12760662
19110.0, 0.12760033
19120.0, 0.12759405
19130.0, 0.12758778
19140.0, 0.12758152
19150.0, 0.12757528
19160.0, 0.12756905
19170.0, 0.12756282
19180.0, 0.12755662
19190.0, 0.12755042
19200.0, 0.12754424
19210.0, 0.12753807
19220.0, 0.12753192
19230.0, 0.12752576
19240.0, 0.12751964
19250.0, 0.12751351
19260.0, 0.1275074
19270.0, 0.12750131
19280.0, 0.12749523
19290.0, 0.12748915
19300.0, 0.12748308
19310.0, 0.12747703
19320.0, 0.127471
19330.0, 0.12746498
19340.0, 0.12745896
19350.0, 0.12745297
19360.0, 0.12744696
19370.0, 0.12744099
19380.0, 0.12743503
19390.0, 0.12742908
19400.0, 0.12742314
19410.0, 0.1274172
19420.0, 0.12741129
19430.0, 0.12740538
19440.0, 0.12739949
19450.0, 0.1273936
19460.0, 0.12738773
19470.0, 0.12738188
19480.0, 0.12737602
19490.0, 0.1273702
19500.0, 0.12736437
19510.0, 0.12735854
19520.0, 0.12735274
19530.0, 0.12734696
19540.0, 0.12734118
19550.0, 0.12733541
19560.0, 0.12732965
19570.0, 0.12732391
19580.0, 0.12731819
19590.0, 0.12731245
19600.0, 0.12730674
19610.0, 0.12730104
19620.0, 0.12729536
19630.0, 0.12728968
19640.0, 0.127284
19650.0, 0.12727836
19660.0, 0.12727273
19670.0, 0.12726709
19680.0, 0.12726146
19690.0, 0.12725586
19700.0, 0.12725025
19710.0, 0.12724468
19720.0, 0.1272391
19730.0, 0.12723354
19740.0, 0.12722798
19750.0, 0.12722243
19760.0, 0.1272169
19770.0, 0.12721138
19780.0, 0.12720588
19790.0, 0.12720038
19800.0, 0.12719488
19810.0, 0.12718941
19820.0, 0.12718394
19830.0, 0.12717849
19840.0, 0.12717305
19850.0, 0.1271676
19860.0, 0.12716219
19870.0, 0.12715678
19880.0, 0.12715137
19890.0, 0.12714598
19900.0, 0.1271406
19910.0, 0.12713523
19920.0, 0.12712988
19930.0, 0.12712453
19940.0, 0.1271192
19950.0, 0.12711386
19960.0, 0.12710854
19970.0, 0.12710324
19980.0, 0.12709795
19990.0, 0.12709266
20000.0, 0.12708738
20010.0, 0.12708212
20020.0, 0.12707688
20030.0, 0.12707162
20040.0, 0.12706639
20050.0, 0.12706117
20060.0, 0.12705597
20070.0, 0.12705076
20080.0, 0.12704557
20090.0, 0.12704039
20100.0, 0.12703522
20110.0, 0.12703006
20120.0, 0.1270249
20130.0, 0.12701978
20140.0, 0.12701464
20150.0, 0.12700953
20160.0, 0.12700441
20170.0, 0.1269993
20180.0, 0.12699422
20190.0, 0.12698914
20200.0, 0.12698407
20210.0, 0.12697902
20220.0, 0.12697397
20230.0, 0.12696894
20240.0, 0.1269639
20250.0, 0.12695889
20260.0, 0.12695387
20270.0, 0.12694888
20280.0, 0.12694389
20290.0, 0.12693891
20300.0, 0.12693395
20310.0, 0.12692897
20320.0, 0.12692404
20330.0, 0.12691909
20340.0, 0.12691416
20350.0, 0.12690924
20360.0, 0.12690432
20370.0, 0.12689944
20380.0, 0.12689453
20390.0, 0.12688966
20400.0, 0.12688479
20410.0, 0.12687993
20420.0, 0.12687509
20430.0, 0.12687023
20440.0, 0.1268654
20450.0, 0.12686059
20460.0, 0.12685578
20470.0, 0.12685096
20480.0, 0.12684618
20490.0, 0.1268414
20500.0, 0.12683661
20510.0, 0.12683184
20520.0, 0.12682709
20530.0, 0.12682235
20540.0, 0.1268176
20550.0, 0.12681288
20560.0, 0.12680815
20570.0, 0.12680346
20580.0, 0.12679875
20590.0, 0.12679406
20600.0, 0.12678938
20610.0, 0.12678471
20620.0, 0.12678003
20630.0, 0.12677538
20640.0, 0.12677073
20650.0, 0.12676612
20660.0, 0.12676148
20670.0, 0.12675688
20680.0, 0.12675226
20690.0, 0.12674767
20700.0, 0.12674306
20710.0, 0.12673849
20720.0, 0.12673391
20730.0, 0.12672937
20740.0, 0.12672481
20750.0, 0.12672026
20760.0, 0.12671573
20770.0, 0.1267112
20780.0, 0.12670669
20790.0, 0.12670219
20800.0, 0.12669769
20810.0, 0.12669319
20820.0, 0.1266887
20830.0, 0.12668425
20840.0, 0.12667978
20850.0, 0.12667532
20860.0, 0.12667088
20870.0, 0.12666644
20880.0, 0.12666202
20890.0, 0.1266576
20900.0, 0.1266532
20910.0, 0.12664878
20920.0, 0.12664439
20930.0, 0.12664
20940.0, 0.12663564
20950.0, 0.12663127
20960.0, 0.12662691
20970.0, 0.12662256
20980.0, 0.12661822
20990.0, 0.1266139
21000.0, 0.12660956
21010.0, 0.12660526
21020.0, 0.12660095
21030.0, 0.12659666
21040.0, 0.12659235
21050.0, 0.12658808
21060.0, 0.12658381
21070.0, 0.12657955
21080.0, 0.12657529
21090.0, 0.12657104
21100.0, 0.1265668
21110.0, 0.12656258
21120.0, 0.12655836
21130.0, 0.12655415
21140.0, 0.12654993
21150.0, 0.12654574
21160.0, 0.12654155
21170.0, 0.12653738
21180.0, 0.12653321
21190.0, 0.12652904
21200.0, 0.1265249
21210.0, 0.12652075
21220.0, 0.12651661
21230.0, 0.12651247
21240.0, 0.12650836
21250.0, 0.12650424
21260.0, 0.12650013
21270.0, 0.12649605
21280.0, 0.12649195
21290.0, 0.12648787
21300.0, 0.1264838
21310.0, 0.12647973
21320.0, 0.12647568
21330.0, 0.12647162
21340.0, 0.12646759
21350.0, 0.12646356
21360.0, 0.12645952
21370.0, 0.12645552
21380.0, 0.1264515
21390.0, 0.12644751
21400.0, 0.12644352
21410.0, 0.12643953
21420.0, 0.12643555
21430.0, 0.12643158
21440.0, 0.12642762
21450.0, 0.12642367
21460.0, 0.12641972
21470.0, 0.12641579
21480.0, 0.12641187
21490.0, 0.12640794
21500.0, 0.12640403
21510.0, 0.12640011
21520.0, 0.12639622
21530.0, 0.12639232
21540.0, 0.12638845
21550.0, 0.12638457
21560.0, 0.1263807
21570.0, 0.12637685
21580.0, 0.126373
21590.0, 0.12636915
21600.0, 0.12636532
21610.0, 0.12636149
21620.0, 0.12635766
21630.0, 0.12635385
21640.0, 0.12635005
21650.0, 0.12634625
21660.0, 0.12634245
21670.0, 0.12633868
21680.0, 0.12633489
21690.0, 0.12633112
21700.0, 0.12632737
21710.0, 0.12632361
21720.0, 0.12631986
21730.0, 0.12631613
21740.0, 0.1263124
21750.0, 0.12630868
21760.0, 0.12630495
21770.0, 0.12630124
21780.0, 0.12629755
21790.0, 0.12629385
21800.0, 0.12629016
21810.0, 0.12628648
21820.0, 0.12628281
21830.0, 0.12627915
21840.0, 0.1262755
21850.0, 0.12627184
21860.0, 0.1262682
21870.0, 0.12626457
21880.0, 0.12626094
21890.0, 0.12625732
21900.0, 0.1262537
21910.0, 0.12625009
21920.0, 0.1262465
21930.0, 0.12624289
21940.0, 0.12623931
21950.0, 0.12623574
21960.0, 0.12623216
21970.0, 0.1262286
21980.0, 0.12622505
21990.0, 0.1262215
22000.0, 0.12621795
22010.0, 0.12621441
22020.0, 0.12621088
22030.0, 0.12620737
22040.0, 0.12620385
22050.0, 0.12620035
22060.0, 0.12619685
22070.0, 0.12619334
22080.0, 0.12618987
22090.0, 0.12618639
22100.0, 0.12618291
22110.0, 0.12617944
22120.0, 0.12617598
22130.0, 0.12617253
22140.0, 0.12616909
22150.0, 0.12616564
22160.0, 0.12616222
22170.0, 0.12615879
22180.0, 0.12615536
22190.0, 0.12615196
22200.0, 0.12614855
22210.0, 0.12614517
22220.0, 0.12614177
22230.0, 0.12613839
22240.0, 0.126135
22250.0, 0.12613164
22260.0, 0.12612827
22270.0, 0.12612492
22280.0, 0.12612157
22290.0, 0.12611823
22300.0, 0.12611489
22310.0, 0.12611155
22320.0, 0.12610823
22330.0, 0.12610492
22340.0, 0.1261016
22350.0, 0.1260983
22360.0, 0.126095
22370.0, 0.1260917
22380.0, 0.12608843
22390.0, 0.12608515
22400.0, 0.12608187
22410.0, 0.1260786
22420.0, 0.12607536
22430.0, 0.1260721
22440.0, 0.12606886
22450.0, 0.12606561
22460.0, 0.1260624
22470.0, 0.12605916
22480.0, 0.12605594
22490.0, 0.12605272
22500.0, 0.12604952
22510.0, 0.12604631
22520.0, 0.12604313
22530.0, 0.12603994
22540.0, 0.12603675
22550.0, 0.12603357
22560.0, 0.1260304
22570.0, 0.12602724
22580.0, 0.12602408
22590.0, 0.12602094
22600.0, 0.1260178
22610.0, 0.12601466
22620.0, 0.12601152
22630.0, 0.12600839
22640.0, 0.12600528
22650.0, 0.12600216
22660.0, 0.12599906
22670.0, 0.12599596
22680.0, 0.12599288
22690.0, 0.12598978
22700.0, 0.12598671
22710.0, 0.12598363
22720.0, 0.12598056
22730.0, 0.1259775
22740.0, 0.12597443
22750.0, 0.12597138
22760.0, 0.12596834
22770.0, 0.1259653
22780.0, 0.12596227
22790.0, 0.12595923
22800.0, 0.12595622
22810.0, 0.1259532
22820.0, 0.12595019
22830.0, 0.12594719
22840.0, 0.1259442
22850.0, 0.1259412
22860.0, 0.12593822
22870.0, 0.12593524
22880.0, 0.12593226
22890.0, 0.1259293
22900.0, 0.12592633
22910.0, 0.12592338
22920.0, 0.12592043
22930.0, 0.1259175
22940.0, 0.12591456
22950.0, 0.12591162
22960.0, 0.1259087
22970.0, 0.12590578
22980.0, 0.12590286
22990.0, 0.12589996
23000.0, 0.12589705
23010.0, 0.12589414
23020.0, 0.12589125
23030.0, 0.12588838
23040.0, 0.1258855
23050.0, 0.12588263
23060.0, 0.12587975
23070.0, 0.12587689
23080.0, 0.12587404
23090.0, 0.12587118
23100.0, 0.12586834
23110.0, 0.12586549
23120.0, 0.12586266
23130.0, 0.12585983
23140.0, 0.12585701
23150.0, 0.1258542
23160.0, 0.12585138
23170.0, 0.12584858
23180.0, 0.12584578
23190.0, 0.12584297
23200.0, 0.12584019
23210.0, 0.1258374
23220.0, 0.12583463
23230.0, 0.12583186
23240.0, 0.12582909
23250.0, 0.12582633
23260.0, 0.12582357
23270.0, 0.12582082
23280.0, 0.12581807
23290.0, 0.12581533
23300.0, 0.12581259
23310.0, 0.12580986
23320.0, 0.12580715
23330.0, 0.12580442
23340.0, 0.12580171
23350.0, 0.12579902
23360.0, 0.1257963
23370.0, 0.1257936
23380.0, 0.12579092
23390.0, 0.12578824
23400.0, 0.12578554
23410.0, 0.12578288
23420.0, 0.12578021
23430.0, 0.12577754
23440.0, 0.12577489
23450.0, 0.12577222
23460.0, 0.12576959
23470.0, 0.12576693
23480.0, 0.12576431
23490.0, 0.12576167
23500.0, 0.12575904
23510.0, 0.12575641
23520.0, 0.1257538
23530.0, 0.12575118
23540.0, 0.12574859
23550.0, 0.12574598
23560.0, 0.12574339
23570.0, 0.1257408
23580.0, 0.12573822
23590.0, 0.12573563
23600.0, 0.12573305
23610.0, 0.12573048
23620.0, 0.1257279
23630.0, 0.12572536
23640.0, 0.12572281
23650.0, 0.12572025
23660.0, 0.12571771
23670.0, 0.12571517
23680.0, 0.12571263
23690.0, 0.1257101
23700.0, 0.12570758
23710.0, 0.12570505
23720.0, 0.12570253
23730.0, 0.12570003
23740.0, 0.12569752
23750.0, 0.12569503
23760.0, 0.12569253
23770.0, 0.12569004
23780.0, 0.12568755
23790.0, 0.12568508
23800.0, 0.1256826
23810.0, 0.12568013
23820.0, 0.12567766
23830.0, 0.1256752
23840.0, 0.12567276
23850.0, 0.1256703
23860.0, 0.12566786
23870.0, 0.12566541
23880.0, 0.12566298
23890.0, 0.12566055
23900.0, 0.12565812
23910.0, 0.12565571
23920.0, 0.12565328
23930.0, 0.12565088
23940.0, 0.12564847
23950.0, 0.12564605
23960.0, 0.12564367
23970.0, 0.12564127
23980.0, 0.12563889
23990.0, 0.1256365
24000.0, 0.12563412
24010.0, 0.12563176
24020.0, 0.12562938
24030.0, 0.12562703
24040.0, 0.12562466
24050.0, 0.1256223
24060.0, 0.12561996
24070.0, 0.12561762
24080.0, 0.12561527
24090.0, 0.12561294
24100.0, 0.1256106
24110.0, 0.12560828
24120.0, 0.12560596
24130.0, 0.12560363
24140.0, 0.12560132
24150.0, 0.12559903
24160.0, 0.12559672
24170.0, 0.12559442
24180.0, 0.12559213
24190.0, 0.12558983
24200.0, 0.12558754
24210.0, 0.12558526
24220.0, 0.125583
24230.0, 0.12558071
24240.0, 0.12557846
24250.0, 0.12557618
24260.0, 0.12557393
24270.0, 0.12557168
24280.0, 0.12556943
24290.0, 0.12556718
24300.0, 0.12556495
24310.0, 0.12556271
24320.0, 0.12556048
24330.0, 0.12555824
24340.0, 0.12555604
24350.0, 0.12555382
24360.0, 0.1255516
24370.0, 0.12554939
24380.0, 0.12554719
24390.0, 0.12554498
24400.0, 0.12554279
24410.0, 0.1255406
24420.0, 0.12553841
24430.0, 0.12553623
24440.0, 0.12553404
24450.0, 0.12553187
24460.0, 0.1255297
24470.0, 0.12552753
24480.0, 0.12552537
24490.0, 0.12552322
24500.0, 0.12552106
24510.0, 0.12551892
24520.0, 0.12551677
24530.0, 0.12551464
24540.0, 0.1255125
24550.0, 0.12551036
24560.0, 0.12550825
24570.0, 0.12550612
24580.0, 0.125504
24590.0, 0.12550189
24600.0, 0.12549978
24610.0, 0.12549767
24620.0, 0.12549557
24630.0, 0.12549348
24640.0, 0.12549138
24650.0, 0.1254893
24660.0, 0.12548721
24670.0, 0.12548512
24680.0, 0.12548305
24690.0, 0.12548098
24700.0, 0.12547891
24710.0, 0.12547684
24720.0, 0.1254748
24730.0, 0.12547272
24740.0, 0.12547068
24750.0, 0.12546863
24760.0, 0.12546659
24770.0, 0.12546454
24780.0, 0.12546252
24790.0, 0.12546048
24800.0, 0.12545845
24810.0, 0.12545642
24820.0, 0.12545441
24830.0, 0.12545238
24840.0, 0.12545037
24850.0, 0.12544838
24860.0, 0.12544638
24870.0, 0.12544437
24880.0, 0.12544237
24890.0, 0.12544039
24900.0, 0.1254384
24910.0, 0.12543641
24920.0, 0.12543443
24930.0, 0.12543246
24940.0, 0.12543048
24950.0, 0.12542853
24960.0, 0.12542656
24970.0, 0.1254246
24980.0, 0.12542264
24990.0, 0.12542069
25000.0, 0.12541874
25010.0, 0.1254168
25020.0, 0.12541486
25030.0, 0.12541293
25040.0, 0.12541099
25050.0, 0.12540907
25060.0, 0.12540713
25070.0, 0.1254052
25080.0, 0.1254033
25090.0, 0.12540138
25100.0, 0.12539947
25110.0, 0.12539756
25120.0, 0.12539567
25130.0, 0.12539376
25140.0, 0.12539187
25150.0, 0.12538998
25160.0, 0.1253881
25170.0, 0.12538622
25180.0, 0.12538433
25190.0, 0.12538245
25200.0, 0.12538059
25210.0, 0.12537871
25220.0, 0.12537685
25230.0, 0.12537499
25240.0, 0.12537313
25250.0, 0.12537128
25260.0, 0.12536943
25270.0, 0.12536758
25280.0, 0.12536575
25290.0, 0.1253639
25300.0, 0.12536207
25310.0, 0.12536024
25320.0, 0.1253584
25330.0, 0.12535658
25340.0, 0.12535477
25350.0, 0.12535295
25360.0, 0.12535113
25370.0, 0.12534933
25380.0, 0.12534752
25390.0, 0.12534572
25400.0, 0.12534392
25410.0, 0.12534213
25420.0, 0.12534033
25430.0, 0.12533854
25440.0, 0.12533677
25450.0, 0.12533498
25460.0, 0.1253332
25470.0, 0.12533143
25480.0, 0.12532966
25490.0, 0.1253279
25500.0, 0.12532613
25510.0, 0.12532437
25520.0, 0.12532261
25530.0, 0.12532087
25540.0, 0.12531912
25550.0, 0.12531736
25560.0, 0.12531564
25570.0, 0.1253139
25580.0, 0.12531215
25590.0, 0.12531042
25600.0, 0.12530869
25610.0, 0.12530696
25620.0, 0.12530525
25630.0, 0.12530354
25640.0, 0.12530181
25650.0, 0.1253001
25660.0, 0.1252984
25670.0, 0.12529668
25680.0, 0.12529498
25690.0, 0.1252933
25700.0, 0.1252916
25710.0, 0.1252899
25720.0, 0.12528822
25730.0, 0.12528653
25740.0, 0.12528487
25750.0, 0.12528318
25760.0, 0.1252815
25770.0, 0.12527983
25780.0, 0.12527816
25790.0, 0.1252765
25800.0, 0.12527484
25810.0, 0.12527318
25820.0, 0.12527153
25830.0, 0.12526987
25840.0, 0.12526822
25850.0, 0.1252666
25860.0, 0.12526494
25870.0, 0.1252633
25880.0, 0.12526168
25890.0, 0.12526004
25900.0, 0.12525842
25910.0, 0.12525679
25920.0, 0.12525517
25930.0, 0.12525354
25940.0, 0.12525193
25950.0, 0.12525032
25960.0, 0.12524872
25970.0, 0.1252471
25980.0, 0.12524551
25990.0, 0.12524392
26000.0, 0.12524232
26010.0, 0.12524073
26020.0, 0.12523913
26030.0, 0.12523755
26040.0, 0.12523597
26050.0, 0.12523438
26060.0, 0.1252328
26070.0, 0.12523124
26080.0, 0.12522966
26090.0, 0.12522809
26100.0, 0.12522653
26110.0, 0.12522496
26120.0, 0.12522341
26130.0, 0.12522185
26140.0, 0.1252203
26150.0, 0.12521875
26160.0, 0.12521721
26170.0, 0.12521566
26180.0, 0.12521413
26190.0, 0.1252126
26200.0, 0.12521106
26210.0, 0.12520953
26220.0, 0.125208
26230.0, 0.12520649
26240.0, 0.12520497
26250.0, 0.12520345
26260.0, 0.12520193
26270.0, 0.1252004
26280.0, 0.1251989
26290.0, 0.1251974
26300.0, 0.1251959
26310.0, 0.12519439
26320.0, 0.1251929
26330.0, 0.1251914
26340.0, 0.12518992
26350.0, 0.12518843
26360.0, 0.12518694
26370.0, 0.12518546
26380.0, 0.12518398
26390.0, 0.12518251
26400.0, 0.12518103
26410.0, 0.12517956
26420.0, 0.1251781
26430.0, 0.12517662
26440.0, 0.12517516
26450.0, 0.1251737
26460.0, 0.12517226
26470.0, 0.1251708
26480.0, 0.12516935
26490.0, 0.1251679
26500.0, 0.12516646
26510.0, 0.12516502
26520.0, 0.12516358
26530.0, 0.12516214
26540.0, 0.12516071
26550.0, 0.12515928
26560.0, 0.12515785
26570.0, 0.12515643
26580.0, 0.125155
26590.0, 0.12515359
26600.0, 0.12515217
26610.0, 0.12515077
26620.0, 0.12514935
26630.0, 0.12514794
26640.0, 0.12514655
26650.0, 0.12514515
26660.0, 0.12514375
26670.0, 0.12514235
26680.0, 0.12514095
26690.0, 0.12513956
26700.0, 0.12513818
26710.0, 0.1251368
26720.0, 0.1251354
26730.0, 0.12513404
26740.0, 0.12513265
26750.0, 0.12513128
26760.0, 0.12512991
26770.0, 0.12512854
26780.0, 0.12512718
26790.0, 0.12512581
26800.0, 0.12512445
26810.0, 0.1251231
26820.0, 0.12512174
26830.0, 0.12512039
26840.0, 0.12511903
26850.0, 0.12511769
26860.0, 0.12511635
26870.0, 0.125115
26880.0, 0.12511367
26890.0, 0.12511232
26900.0, 0.125111
26910.0, 0.12510967
26920.0, 0.12510835
26930.0, 0.12510702
26940.0, 0.1251057
26950.0, 0.12510437
26960.0, 0.12510306
26970.0, 0.12510175
26980.0, 0.12510043
26990.0, 0.12509911
27000.0, 0.12509781
27010.0, 0.12509651
27020.0, 0.1250952
27030.0, 0.1250939
27040.0, 0.12509261
27050.0, 0.12509131
27060.0, 0.12509002
27070.0, 0.12508874
27080.0, 0.12508745
27090.0, 0.12508617
27100.0, 0.12508489
27110.0, 0.12508361
27120.0, 0.12508233
27130.0, 0.12508106
27140.0, 0.12507978
27150.0, 0.12507851
27160.0, 0.12507725
27170.0, 0.125076
27180.0, 0.12507473
27190.0, 0.12507348
27200.0, 0.12507221
27210.0, 0.12507096
27220.0, 0.12506972
27230.0, 0.12506847
27240.0, 0.12506722
27250.0, 0.12506598
27260.0, 0.12506473
27270.0, 0.1250635
27280.0, 0.12506226
27290.0, 0.12506102
27300.0, 0.1250598
27310.0, 0.12505856
27320.0, 0.12505734
27330.0, 0.12505612
27340.0, 0.1250549
27350.0, 0.12505367
27360.0, 0.12505247
27370.0, 0.12505125
27380.0, 0.12505004
27390.0, 0.12504882
27400.0, 0.12504761
27410.0, 0.12504642
27420.0, 0.12504521
27430.0, 0.12504402
27440.0, 0.12504281
27450.0, 0.12504163
27460.0, 0.12504043
27470.0, 0.12503923
27480.0, 0.12503806
27490.0, 0.12503687
27500.0, 0.12503569
27510.0, 0.12503451
27520.0, 0.12503332
27530.0, 0.12503216
27540.0, 0.12503098
27550.0, 0.1250298
27560.0, 0.12502864
27570.0, 0.12502748
27580.0, 0.12502632
27590.0, 0.12502515
27600.0, 0.12502399
27610.0, 0.12502283
27620.0, 0.12502167
27630.0, 0.12502052
27640.0, 0.12501937
27650.0, 0.12501822
27660.0, 0.12501708
27670.0, 0.12501594
27680.0, 0.1250148
27690.0, 0.12501366
27700.0, 0.12501252
27710.0, 0.12501138
27720.0, 0.12501025
27730.0, 0.12500912
27740.0, 0.125008
27750.0, 0.12500687
27760.0, 0.12500575
27770.0, 0.12500463
27780.0, 0.12500352
27790.0, 0.1250024
27800.0, 0.12500128
27810.0, 0.12500018
27820.0, 0.12499906
27830.0, 0.12499795
27840.0, 0.12499685
27850.0, 0.124995746
27860.0, 0.12499465
27870.0, 0.12499355
27880.0, 0.12499245
27890.0, 0.12499135
27900.0, 0.12499026
27910.0, 0.124989174
27920.0, 0.12498809
27930.0, 0.124987
27940.0, 0.124985926
27950.0, 0.12498484
27960.0, 0.12498376
27970.0, 0.12498268
27980.0, 0.124981605
27990.0, 0.12498054
28000.0, 0.12497946
28010.0, 0.12497839
28020.0, 0.12497733
28030.0, 0.12497627
28040.0, 0.124975204
28050.0, 0.12497415
28060.0, 0.12497308
28070.0, 0.12497203
28080.0, 0.12497098
28090.0, 0.12496993
28100.0, 0.12496888
28110.0, 0.12496783
28120.0, 0.124966785
28130.0, 0.12496575
28140.0, 0.1249647
28150.0, 0.12496367
28160.0, 0.12496262
28170.0, 0.12496159
28180.0, 0.12496056
28190.0, 0.124959536
28200.0, 0.1249585
28210.0, 0.12495747
28220.0, 0.12495645
28230.0, 0.12495543
28240.0, 0.1249544
28250.0, 0.12495339
28260.0, 0.124952376
28270.0, 0.124951355
28280.0, 0.12495034
28290.0, 0.12494934
28300.0, 0.12494833
28310.0, 0.124947324
28320.0, 0.12494631
28330.0, 0.12494531
28340.0, 0.12494432
28350.0, 0.12494332
28360.0, 0.12494233
28370.0, 0.12494133
28380.0, 0.124940336
28390.0, 0.124939345
28400.0, 0.12493836
28410.0, 0.12493737
28420.0, 0.124936394
28430.0, 0.1249354
28440.0, 0.12493442
28450.0, 0.12493345
28460.0, 0.124932475
28470.0, 0.1249315
28480.0, 0.12493052
28490.0, 0.124929555
28500.0, 0.124928586
28510.0, 0.124927625
28520.0, 0.12492666
28530.0, 0.124925695
28540.0, 0.12492473
28550.0, 0.124923766
28560.0, 0.12492282
28570.0, 0.12492186
28580.0, 0.124920905
28590.0, 0.12491995
28600.0, 0.124919005
28610.0, 0.12491806
28620.0, 0.12491711
28630.0, 0.12491617
28640.0, 0.12491523
28650.0, 0.12491429
28660.0, 0.12491335
28670.0, 0.12491241
28680.0, 0.12491147
28690.0, 0.12491055
28700.0, 0.12490961
28710.0, 0.124908686
28720.0, 0.12490776
28730.0, 0.12490683
28740.0, 0.124905914
28750.0, 0.12490499
28760.0, 0.124904074
28770.0, 0.12490316
28780.0, 0.12490224
28790.0, 0.124901325
28800.0, 0.12490041
28810.0, 0.12489951
28820.0, 0.12489859
28830.0, 0.12489769
28840.0, 0.12489678
28850.0, 0.12489588
28860.0, 0.124894984
28870.0, 0.124894075
28880.0, 0.12489318
28890.0, 0.12489229
28900.0, 0.12489139
28910.0, 0.1248905
28920.0, 0.124889605
28930.0, 0.12488872
28940.0, 0.124887824
28950.0, 0.124886945
28960.0, 0.12488606
28970.0, 0.12488518
28980.0, 0.12488431
28990.0, 0.12488342
29000.0, 0.12488255
29010.0, 0.12488166
29020.0, 0.12488079
29030.0, 0.12487993
29040.0, 0.124879055
29050.0, 0.12487818
29060.0, 0.124877326
29070.0, 0.12487646
29080.0, 0.1248756
29090.0, 0.12487473
29100.0, 0.12487388
29110.0, 0.12487301
29120.0, 0.12487216
29130.0, 0.12487131
29140.0, 0.12487046
29150.0, 0.12486961
29160.0, 0.12486876
29170.0, 0.12486791
29180.0, 0.12486707
29190.0, 0.124866225
29200.0, 0.124865375
29210.0, 0.12486453
29220.0, 0.12486371
29230.0, 0.124862865
29240.0, 0.12486202
29250.0, 0.124861196
29260.0, 0.12486036
29270.0, 0.124859534
29280.0, 0.12485871
29290.0, 0.12485787
29300.0, 0.124857046
29310.0, 0.124856226
29320.0, 0.12485541
29330.0, 0.12485458
29340.0, 0.12485376
29350.0, 0.12485294
29360.0, 0.12485213
29370.0, 0.124851316
29380.0, 0.124850504
29390.0, 0.1248497
29400.0, 0.12484889
29410.0, 0.12484808
29420.0, 0.12484727
29430.0, 0.124846466
29440.0, 0.12484567
29450.0, 0.12484486
29460.0, 0.12484406
29470.0, 0.12484326
29480.0, 0.124842465
29490.0, 0.12484167
29500.0, 0.124840885
29510.0, 0.12484009
29520.0, 0.1248393
29530.0, 0.12483851
29540.0, 0.12483773
29550.0, 0.12483694
29560.0, 0.124836154
29570.0, 0.12483538
29580.0, 0.12483459
29590.0, 0.124833815
29600.0, 0.12483304
29610.0, 0.124832265
29620.0, 0.12483149
29630.0, 0.12483071
29640.0, 0.12482995
29650.0, 0.12482917
29660.0, 0.124828406
29670.0, 0.12482764
29680.0, 0.12482688
29690.0, 0.12482611
29700.0, 0.12482534
29710.0, 0.124824576
29720.0, 0.12482382
29730.0, 0.12482307
29740.0, 0.12482232
29750.0, 0.124821566
29760.0, 0.124820806
29770.0, 0.12482005
29780.0, 0.1248193
29790.0, 0.124818556
29800.0, 0.12481781
29810.0, 0.12481706
29820.0, 0.12481631
29830.0, 0.12481557
29840.0, 0.12481484
29850.0, 0.12481409
29860.0, 0.12481335
29870.0, 0.12481262
29880.0, 0.12481189
29890.0, 0.12481115
29900.0, 0.12481042
29910.0, 0.12480969
29920.0, 0.12480895
29930.0, 0.12480823
29940.0, 0.1248075
29950.0, 0.12480678
29960.0, 0.124806054
29970.0, 0.12480533
29980.0, 0.12480461
29990.0, 0.12480389
30000.0, 0.12480318
