Energy (in eV), backscattering yield of material gr2k-NASCAP at incidence 20.0 degree
   X,       Y
0.0, 0.0
10.0, 0.0
20.0, 0.0
30.0, 0.0
40.0, 0.0
50.0, 0.0
60.0, 0.013227642
70.0, 0.023499329
80.0, 0.03213398
90.0, 0.039603833
100.0, 0.046188757
110.0, 0.052074686
120.0, 0.057393108
130.0, 0.062240966
140.0, 0.066692024
150.0, 0.07080379
160.0, 0.074622
170.0, 0.07818371
180.0, 0.08151928
190.0, 0.08465401
200.0, 0.08760915
210.0, 0.09040271
220.0, 0.093050145
230.0, 0.09556475
240.0, 0.09795813
250.0, 0.10024039
260.0, 0.102420405
270.0, 0.10450609
280.0, 0.106504396
290.0, 0.10842161
300.0, 0.11026328
310.0, 0.112034485
320.0, 0.113739744
330.0, 0.11538318
340.0, 0.116968565
350.0, 0.11849927
360.0, 0.11997845
370.0, 0.121408984
380.0, 0.12279344
390.0, 0.12413429
400.0, 0.12543377
410.0, 0.12669395
420.0, 0.12791672
430.0, 0.12910388
440.0, 0.13025708
450.0, 0.1313779
460.0, 0.13246772
470.0, 0.13352793
480.0, 0.13455981
490.0, 0.13556449
500.0, 0.13654312
510.0, 0.13749674
520.0, 0.13842632
530.0, 0.1393328
540.0, 0.14021704
550.0, 0.14107987
560.0, 0.1419221
570.0, 0.1427444
580.0, 0.14354758
590.0, 0.14433222
600.0, 0.14509897
610.0, 0.14584844
620.0, 0.14658119
630.0, 0.14729777
640.0, 0.14799869
650.0, 0.14868446
660.0, 0.14935555
670.0, 0.15001239
680.0, 0.15065542
690.0, 0.15128505
700.0, 0.15190168
710.0, 0.15250567
720.0, 0.15309739
730.0, 0.15367717
740.0, 0.15424539
750.0, 0.15480231
760.0, 0.15534827
770.0, 0.15588354
780.0, 0.15640843
790.0, 0.1569232
800.0, 0.15742809
810.0, 0.1579234
820.0, 0.15840931
830.0, 0.15888609
840.0, 0.15935397
850.0, 0.15981315
860.0, 0.16026387
870.0, 0.16070627
880.0, 0.16114062
890.0, 0.16156705
900.0, 0.16198577
910.0, 0.16239695
920.0, 0.16280076
930.0, 0.16319738
940.0, 0.16358693
950.0, 0.1639696
960.0, 0.16434556
970.0, 0.16471492
980.0, 0.1650778
990.0, 0.16543439
1000.0, 0.16578478
1010.0, 0.16561228
1020.0, 0.1654401
1030.0, 0.16526824
1040.0, 0.16509672
1050.0, 0.16492553
1060.0, 0.16475467
1070.0, 0.16458416
1080.0, 0.16441396
1090.0, 0.1642441
1100.0, 0.16407456
1110.0, 0.16390534
1120.0, 0.16373646
1130.0, 0.1635679
1140.0, 0.16339968
1150.0, 0.16323176
1160.0, 0.1630642
1170.0, 0.16289693
1180.0, 0.16273
1190.0, 0.16256338
1200.0, 0.16239707
1210.0, 0.16223112
1220.0, 0.16206548
1230.0, 0.16190013
1240.0, 0.16173513
1250.0, 0.16157044
1260.0, 0.16140606
1270.0, 0.16124202
1280.0, 0.16107827
1290.0, 0.16091485
1300.0, 0.16075176
1310.0, 0.16058895
1320.0, 0.16042648
1330.0, 0.16026433
1340.0, 0.16010247
1350.0, 0.15994094
1360.0, 0.15977973
1370.0, 0.15961881
1380.0, 0.15945822
1390.0, 0.15929793
1400.0, 0.15913795
1410.0, 0.15897827
1420.0, 0.15881892
1430.0, 0.15865986
1440.0, 0.15850112
1450.0, 0.15834267
1460.0, 0.15818454
1470.0, 0.15802673
1480.0, 0.1578692
1490.0, 0.15771198
1500.0, 0.15755507
1510.0, 0.15739846
1520.0, 0.15724216
1530.0, 0.15708616
1540.0, 0.15693045
1550.0, 0.15677506
1560.0, 0.15661995
1570.0, 0.15646516
1580.0, 0.15631065
1590.0, 0.15615647
1600.0, 0.15600257
1610.0, 0.15584895
1620.0, 0.15569563
1630.0, 0.15554264
1640.0, 0.15538992
1650.0, 0.15523751
1660.0, 0.15508537
1670.0, 0.15493356
1680.0, 0.15478201
1690.0, 0.15463077
1700.0, 0.15447982
1710.0, 0.15432915
1720.0, 0.1541788
1730.0, 0.15402871
1740.0, 0.15387894
1750.0, 0.15372944
1760.0, 0.15358023
1770.0, 0.15343131
1780.0, 0.15328269
1790.0, 0.15313435
1800.0, 0.1529863
1810.0, 0.15283853
1820.0, 0.15269105
1830.0, 0.15254386
1840.0, 0.15239695
1850.0, 0.15225032
1860.0, 0.15210398
1870.0, 0.15195791
1880.0, 0.15181215
1890.0, 0.15166664
1900.0, 0.15152143
1910.0, 0.15137652
1920.0, 0.15123187
1930.0, 0.1510875
1940.0, 0.1509434
1950.0, 0.15079959
1960.0, 0.15065606
1970.0, 0.15051281
1980.0, 0.15036984
1990.0, 0.15022713
2000.0, 0.1500847
2010.0, 0.14994256
2020.0, 0.14980069
2030.0, 0.1496591
2040.0, 0.14951777
2050.0, 0.14937672
2060.0, 0.14923595
2070.0, 0.14909545
2080.0, 0.14895523
2090.0, 0.14881524
2100.0, 0.14867558
2110.0, 0.14853615
2120.0, 0.14839701
2130.0, 0.14825813
2140.0, 0.14811952
2150.0, 0.14798118
2160.0, 0.14784312
2170.0, 0.14770532
2180.0, 0.14756776
2190.0, 0.1474305
2200.0, 0.14729351
2210.0, 0.14715676
2220.0, 0.1470203
2230.0, 0.14688408
2240.0, 0.14674814
2250.0, 0.14661245
2260.0, 0.14647704
2270.0, 0.14634188
2280.0, 0.14620699
2290.0, 0.14607236
2300.0, 0.14593798
2310.0, 0.14580388
2320.0, 0.14567003
2330.0, 0.14553642
2340.0, 0.14540312
2350.0, 0.14527002
2360.0, 0.1451372
2370.0, 0.14500466
2380.0, 0.14487237
2390.0, 0.14474031
2400.0, 0.14460853
2410.0, 0.144477
2420.0, 0.14434572
2430.0, 0.14421469
2440.0, 0.14408393
2450.0, 0.14395341
2460.0, 0.14382316
2470.0, 0.14369315
2480.0, 0.1435634
2490.0, 0.14343388
2500.0, 0.14330465
2510.0, 0.14317563
2520.0, 0.14304689
2530.0, 0.1429184
2540.0, 0.14279014
2550.0, 0.14266212
2560.0, 0.14253436
2570.0, 0.14240687
2580.0, 0.1422796
2590.0, 0.14215259
2600.0, 0.14202583
2610.0, 0.14189932
2620.0, 0.14177303
2630.0, 0.141647
2640.0, 0.14152122
2650.0, 0.14139567
2660.0, 0.14127037
2670.0, 0.14114532
2680.0, 0.1410205
2690.0, 0.14089595
2700.0, 0.14077161
2710.0, 0.14064753
2720.0, 0.14052369
2730.0, 0.14040008
2740.0, 0.14027672
2750.0, 0.1401536
2760.0, 0.14003071
2770.0, 0.13990806
2780.0, 0.13978565
2790.0, 0.13966347
2800.0, 0.13954155
2810.0, 0.13941985
2820.0, 0.1392984
2830.0, 0.13917717
2840.0, 0.13905618
2850.0, 0.13893542
2860.0, 0.1388149
2870.0, 0.13869461
2880.0, 0.13857457
2890.0, 0.13845475
2900.0, 0.13833515
2910.0, 0.13821581
2920.0, 0.13809669
2930.0, 0.1379778
2940.0, 0.13785914
2950.0, 0.1377407
2960.0, 0.1376225
2970.0, 0.13750453
2980.0, 0.1373868
2990.0, 0.13726929
3000.0, 0.137152
3010.0, 0.13703495
3020.0, 0.13691811
3030.0, 0.13680153
3040.0, 0.13668515
3050.0, 0.136569
3060.0, 0.13645308
3070.0, 0.13633738
3080.0, 0.13622192
3090.0, 0.13610666
3100.0, 0.13599165
3110.0, 0.13587685
3120.0, 0.13576227
3130.0, 0.13564791
3140.0, 0.13553378
3150.0, 0.13541988
3160.0, 0.13530618
3170.0, 0.1351927
3180.0, 0.13507947
3190.0, 0.13496645
3200.0, 0.13485365
3210.0, 0.13474105
3220.0, 0.13462868
3230.0, 0.13451654
3240.0, 0.1344046
3250.0, 0.13429289
3260.0, 0.1341814
3270.0, 0.13407011
3280.0, 0.13395905
3290.0, 0.1338482
3300.0, 0.13373756
3310.0, 0.13362715
3320.0, 0.13351695
3330.0, 0.13340697
3340.0, 0.13329719
3350.0, 0.13318764
3360.0, 0.13307828
3370.0, 0.13296916
3380.0, 0.13286023
3390.0, 0.13275152
3400.0, 0.13264301
3410.0, 0.13253473
3420.0, 0.13242665
3430.0, 0.1323188
3440.0, 0.13221113
3450.0, 0.1321037
3460.0, 0.13199645
3470.0, 0.13188942
3480.0, 0.13178259
3490.0, 0.13167599
3500.0, 0.13156958
3510.0, 0.13146338
3520.0, 0.13135739
3530.0, 0.1312516
3540.0, 0.13114603
3550.0, 0.13104065
3560.0, 0.13093549
3570.0, 0.13083053
3580.0, 0.13072576
3590.0, 0.13062121
3600.0, 0.13051686
3610.0, 0.13041271
3620.0, 0.13030876
3630.0, 0.13020502
3640.0, 0.13010147
3650.0, 0.12999813
3660.0, 0.12989499
3670.0, 0.12979205
3680.0, 0.1296893
3690.0, 0.12958677
3700.0, 0.12948444
3710.0, 0.1293823
3720.0, 0.12928036
3730.0, 0.12917863
3740.0, 0.12907708
3750.0, 0.12897573
3760.0, 0.12887459
3770.0, 0.12877363
3780.0, 0.12867288
3790.0, 0.12857231
3800.0, 0.12847196
3810.0, 0.12837179
3820.0, 0.12827182
3830.0, 0.12817204
3840.0, 0.12807246
3850.0, 0.12797308
3860.0, 0.12787387
3870.0, 0.12777488
3880.0, 0.12767607
3890.0, 0.12757745
3900.0, 0.12747903
3910.0, 0.12738079
3920.0, 0.12728275
3930.0, 0.12718491
3940.0, 0.12708725
3950.0, 0.12698978
3960.0, 0.1268925
3970.0, 0.12679541
3980.0, 0.12669851
3990.0, 0.1266018
4000.0, 0.12650527
4010.0, 0.12640893
4020.0, 0.12631279
4030.0, 0.12621683
4040.0, 0.12612106
4050.0, 0.12602547
4060.0, 0.12593009
4070.0, 0.12583487
4080.0, 0.12573984
4090.0, 0.125645
4100.0, 0.12555034
4110.0, 0.12545587
4120.0, 0.12536158
4130.0, 0.12526748
4140.0, 0.12517355
4150.0, 0.12507981
4160.0, 0.12498626
4170.0, 0.12489289
4180.0, 0.1247997
4190.0, 0.124706686
4200.0, 0.12461386
4210.0, 0.12452121
4220.0, 0.12442874
4230.0, 0.12433646
4240.0, 0.124244355
4250.0, 0.12415243
4260.0, 0.12406068
4270.0, 0.123969115
4280.0, 0.12387773
4290.0, 0.12378651
4300.0, 0.123695485
4310.0, 0.123604625
4320.0, 0.12351395
4330.0, 0.12342345
4340.0, 0.12333312
4350.0, 0.123242974
4360.0, 0.123153
4370.0, 0.12306321
4380.0, 0.12297359
4390.0, 0.12288414
4400.0, 0.122794874
4410.0, 0.122705765
4420.0, 0.12261685
4430.0, 0.1225281
4440.0, 0.12243952
4450.0, 0.12235112
4460.0, 0.12226288
4470.0, 0.12217482
4480.0, 0.122086935
4490.0, 0.12199922
4500.0, 0.121911675
4510.0, 0.1218243
4520.0, 0.12173709
4530.0, 0.12165006
4540.0, 0.121563196
4550.0, 0.12147651
4560.0, 0.121389985
4570.0, 0.121303625
4580.0, 0.121217445
4590.0, 0.12113142
4600.0, 0.121045575
4610.0, 0.12095989
4620.0, 0.120874375
4630.0, 0.12078903
4640.0, 0.120703846
4650.0, 0.12061883
4660.0, 0.12053397
4670.0, 0.1204493
4680.0, 0.12036477
4690.0, 0.12028042
4700.0, 0.12019623
4710.0, 0.1201122
4720.0, 0.12002835
4730.0, 0.11994465
4740.0, 0.11986112
4750.0, 0.11977775
4760.0, 0.119694546
4770.0, 0.119611494
4780.0, 0.119528614
4790.0, 0.11944589
4800.0, 0.11936334
4810.0, 0.11928094
4820.0, 0.1191987
4830.0, 0.11911663
4840.0, 0.11903471
4850.0, 0.11895295
4860.0, 0.11887136
4870.0, 0.118789926
4880.0, 0.11870865
4890.0, 0.11862753
4900.0, 0.11854657
4910.0, 0.11846577
4920.0, 0.11838513
4930.0, 0.11830464
4940.0, 0.118224315
4950.0, 0.11814413
4960.0, 0.11806413
4970.0, 0.117984265
4980.0, 0.117904566
4990.0, 0.11782502
5000.0, 0.11774563
5010.0, 0.117666386
5020.0, 0.11758731
5030.0, 0.11750838
5040.0, 0.117429614
5050.0, 0.117350996
5060.0, 0.11727253
5070.0, 0.11719422
5080.0, 0.117116064
5090.0, 0.117038056
5100.0, 0.116960205
5110.0, 0.1168825
5120.0, 0.11680495
5130.0, 0.11672756
5140.0, 0.11665031
5150.0, 0.11657322
5160.0, 0.11649627
5170.0, 0.11641948
5180.0, 0.11634284
5190.0, 0.11626635
5200.0, 0.11619
5210.0, 0.116113804
5220.0, 0.11603776
5230.0, 0.115961865
5240.0, 0.11588612
5250.0, 0.11581052
5260.0, 0.11573507
5270.0, 0.115659766
5280.0, 0.11558461
5290.0, 0.1155096
5300.0, 0.11543474
5310.0, 0.11536002
5320.0, 0.115285456
5330.0, 0.115211025
5340.0, 0.11513675
5350.0, 0.11506262
5360.0, 0.11498863
5370.0, 0.11491479
5380.0, 0.11484109
5390.0, 0.11476754
5400.0, 0.114694126
5410.0, 0.11462086
5420.0, 0.11454773
5430.0, 0.11447475
5440.0, 0.11440191
5450.0, 0.11432922
5460.0, 0.114256665
5470.0, 0.114184245
5480.0, 0.11411198
5490.0, 0.11403985
5500.0, 0.11396787
5510.0, 0.11389602
5520.0, 0.113824315
5530.0, 0.11375276
5540.0, 0.113681324
5550.0, 0.113610044
5560.0, 0.1135389
5570.0, 0.113467894
5580.0, 0.113397025
5590.0, 0.113326296
5600.0, 0.11325571
5610.0, 0.11318526
5620.0, 0.113114946
5630.0, 0.11304477
5640.0, 0.11297473
5650.0, 0.11290483
5660.0, 0.112835065
5670.0, 0.11276543
5680.0, 0.11269595
5690.0, 0.11262659
5700.0, 0.112557374
5710.0, 0.112488285
5720.0, 0.112419344
5730.0, 0.11235053
5740.0, 0.112281844
5750.0, 0.112213306
5760.0, 0.112144895
5770.0, 0.11207662
5780.0, 0.11200848
5790.0, 0.111940466
5800.0, 0.1118726
5810.0, 0.11180485
5820.0, 0.111737244
5830.0, 0.111669764
5840.0, 0.111602426
5850.0, 0.11153521
5860.0, 0.11146813
5870.0, 0.11140118
5880.0, 0.11133436
5890.0, 0.11126767
5900.0, 0.111201115
5910.0, 0.11113469
5920.0, 0.11106839
5930.0, 0.11100223
5940.0, 0.11093619
5950.0, 0.11087028
5960.0, 0.110804506
5970.0, 0.11073885
5980.0, 0.11067333
5990.0, 0.110607944
6000.0, 0.11054268
6010.0, 0.110477544
6020.0, 0.11041254
6030.0, 0.11034765
6040.0, 0.1102829
6050.0, 0.11021827
6060.0, 0.11015377
6070.0, 0.1100894
6080.0, 0.11002515
6090.0, 0.10996103
6100.0, 0.10989704
6110.0, 0.109833166
6120.0, 0.10976942
6130.0, 0.1097058
6140.0, 0.109642304
6150.0, 0.10957893
6160.0, 0.10951569
6170.0, 0.10945257
6180.0, 0.109389566
6190.0, 0.1093267
6200.0, 0.10926394
6210.0, 0.109201305
6220.0, 0.10913881
6230.0, 0.10907642
6240.0, 0.10901416
6250.0, 0.10895202
6260.0, 0.10889001
6270.0, 0.10882811
6280.0, 0.10876633
6290.0, 0.10870468
6300.0, 0.10864315
6310.0, 0.108581744
6320.0, 0.10852045
6330.0, 0.10845928
6340.0, 0.10839824
6350.0, 0.108337305
6360.0, 0.108276494
6370.0, 0.1082158
6380.0, 0.10815523
6390.0, 0.108094774
6400.0, 0.10803444
6410.0, 0.107974224
6420.0, 0.10791413
6430.0, 0.10785414
6440.0, 0.10779428
6450.0, 0.10773453
6460.0, 0.10767491
6470.0, 0.10761539
6480.0, 0.107556
6490.0, 0.107496716
6500.0, 0.10743756
6510.0, 0.10737852
6520.0, 0.107319586
6530.0, 0.10726077
6540.0, 0.107202075
6550.0, 0.10714349
6560.0, 0.10708502
6570.0, 0.10702667
6580.0, 0.10696843
6590.0, 0.10691031
6600.0, 0.1068523
6610.0, 0.1067944
6620.0, 0.10673662
6630.0, 0.106678955
6640.0, 0.10662139
6650.0, 0.10656395
6660.0, 0.10650662
6670.0, 0.1064494
6680.0, 0.106392294
6690.0, 0.10633531
6700.0, 0.10627843
6710.0, 0.10622165
6720.0, 0.106165
6730.0, 0.10610845
6740.0, 0.10605201
6750.0, 0.105995685
6760.0, 0.10593947
6770.0, 0.10588337
6780.0, 0.105827376
6790.0, 0.1057715
6800.0, 0.105715714
6810.0, 0.10566005
6820.0, 0.1056045
6830.0, 0.10554905
6840.0, 0.10549372
6850.0, 0.105438486
6860.0, 0.10538337
6870.0, 0.10532835
6880.0, 0.105273455
6890.0, 0.105218664
6900.0, 0.10516398
6910.0, 0.105109386
6920.0, 0.105054915
6930.0, 0.105000556
6940.0, 0.104946285
6950.0, 0.10489214
6960.0, 0.10483809
6970.0, 0.10478415
6980.0, 0.10473032
6990.0, 0.10467659
7000.0, 0.10462297
7010.0, 0.10456945
7020.0, 0.10451604
7030.0, 0.104462735
7040.0, 0.10440952
7050.0, 0.10435643
7060.0, 0.104303434
7070.0, 0.10425055
7080.0, 0.10419776
7090.0, 0.10414508
7100.0, 0.1040925
7110.0, 0.10404003
7120.0, 0.10398766
7130.0, 0.10393539
7140.0, 0.10388322
7150.0, 0.103831165
7160.0, 0.1037792
7170.0, 0.10372733
7180.0, 0.10367559
7190.0, 0.10362393
7200.0, 0.103572376
7210.0, 0.103520915
7220.0, 0.10346957
7230.0, 0.10341832
7240.0, 0.10336717
7250.0, 0.10331613
7260.0, 0.103265174
7270.0, 0.10321432
7280.0, 0.10316358
7290.0, 0.10311293
7300.0, 0.10306238
7310.0, 0.10301193
7320.0, 0.102961585
7330.0, 0.10291133
7340.0, 0.10286117
7350.0, 0.10281112
7360.0, 0.102761164
7370.0, 0.10271131
7380.0, 0.10266156
7390.0, 0.10261189
7400.0, 0.10256233
7410.0, 0.10251286
7420.0, 0.10246349
7430.0, 0.10241422
7440.0, 0.10236505
7450.0, 0.10231597
7460.0, 0.10226699
7470.0, 0.10221811
7480.0, 0.10216931
7490.0, 0.10212062
7500.0, 0.10207203
7510.0, 0.10202353
7520.0, 0.10197512
7530.0, 0.10192681
7540.0, 0.10187859
7550.0, 0.101830475
7560.0, 0.10178245
7570.0, 0.10173452
7580.0, 0.10168668
7590.0, 0.101638936
7600.0, 0.10159129
7610.0, 0.10154373
7620.0, 0.101496264
7630.0, 0.10144891
7640.0, 0.10140162
7650.0, 0.10135444
7660.0, 0.101307355
7670.0, 0.10126036
7680.0, 0.101213455
7690.0, 0.10116664
7700.0, 0.10111992
7710.0, 0.101073295
7720.0, 0.10102676
7730.0, 0.10098031
7740.0, 0.10093397
7750.0, 0.10088771
7760.0, 0.10084154
7770.0, 0.10079545
7780.0, 0.10074946
7790.0, 0.10070357
7800.0, 0.10065775
7810.0, 0.100612044
7820.0, 0.10056641
7830.0, 0.10052087
7840.0, 0.10047543
7850.0, 0.10043007
7860.0, 0.1003848
7870.0, 0.10033962
7880.0, 0.10029453
7890.0, 0.10024952
7900.0, 0.10020462
7910.0, 0.10015979
7920.0, 0.100115046
7930.0, 0.1000704
7940.0, 0.10002584
7950.0, 0.09998137
7960.0, 0.09993698
7970.0, 0.099892676
7980.0, 0.09984847
7990.0, 0.09980435
8000.0, 0.09976032
8010.0, 0.099716365
8020.0, 0.0996725
8030.0, 0.099628724
8040.0, 0.099585034
8050.0, 0.099541426
8060.0, 0.0994979
8070.0, 0.09945447
8080.0, 0.09941112
8090.0, 0.099367864
8100.0, 0.09932468
8110.0, 0.099281594
8120.0, 0.09923859
8130.0, 0.09919567
8140.0, 0.09915282
8150.0, 0.099110074
8160.0, 0.099067405
8170.0, 0.09902482
8180.0, 0.09898232
8190.0, 0.098939896
8200.0, 0.09889757
8210.0, 0.09885532
8220.0, 0.09881315
8230.0, 0.098771065
8240.0, 0.09872906
8250.0, 0.09868714
8260.0, 0.09864531
8270.0, 0.098603554
8280.0, 0.09856188
8290.0, 0.098520294
8300.0, 0.09847879
8310.0, 0.09843736
8320.0, 0.09839602
8330.0, 0.09835476
8340.0, 0.09831358
8350.0, 0.09827248
8360.0, 0.09823146
8370.0, 0.09819052
8380.0, 0.098149665
8390.0, 0.09810889
8400.0, 0.09806819
8410.0, 0.09802758
8420.0, 0.09798704
8430.0, 0.097946584
8440.0, 0.09790621
8450.0, 0.09786592
8460.0, 0.09782569
8470.0, 0.097785555
8480.0, 0.0977455
8490.0, 0.09770552
8500.0, 0.097665615
8510.0, 0.09762579
8520.0, 0.09758605
8530.0, 0.09754639
8540.0, 0.0975068
8550.0, 0.09746729
8560.0, 0.09742786
8570.0, 0.097388506
8580.0, 0.09734923
8590.0, 0.09731003
8600.0, 0.09727091
8610.0, 0.09723187
8620.0, 0.0971929
8630.0, 0.09715402
8640.0, 0.0971152
8650.0, 0.09707647
8660.0, 0.0970378
8670.0, 0.09699922
8680.0, 0.096960716
8690.0, 0.096922286
8700.0, 0.09688392
8710.0, 0.09684565
8720.0, 0.09680744
8730.0, 0.09676931
8740.0, 0.09673125
8750.0, 0.09669328
8760.0, 0.096655376
8770.0, 0.09661754
8780.0, 0.09657979
8790.0, 0.09654211
8800.0, 0.09650451
8810.0, 0.09646697
8820.0, 0.09642951
8830.0, 0.09639213
8840.0, 0.09635482
8850.0, 0.09631758
8860.0, 0.09628042
8870.0, 0.09624334
8880.0, 0.096206315
8890.0, 0.096169375
8900.0, 0.096132495
8910.0, 0.0960957
8920.0, 0.09605898
8930.0, 0.09602233
8940.0, 0.09598574
8950.0, 0.09594924
8960.0, 0.09591281
8970.0, 0.09587643
8980.0, 0.09584015
8990.0, 0.095803924
9000.0, 0.09576778
9010.0, 0.0957317
9020.0, 0.09569569
9030.0, 0.095659755
9040.0, 0.095623896
9050.0, 0.095588095
9060.0, 0.09555238
9070.0, 0.09551673
9080.0, 0.095481135
9090.0, 0.095445625
9100.0, 0.09541018
9110.0, 0.095374815
9120.0, 0.095339514
9130.0, 0.09530428
9140.0, 0.095269114
9150.0, 0.09523402
9160.0, 0.095199
9170.0, 0.095164046
9180.0, 0.095129155
9190.0, 0.09509434
9200.0, 0.095059596
9210.0, 0.09502491
9220.0, 0.094990306
9230.0, 0.094955765
9240.0, 0.09492128
9250.0, 0.09488688
9260.0, 0.09485254
9270.0, 0.094818264
9280.0, 0.09478407
9290.0, 0.09474993
9300.0, 0.09471586
9310.0, 0.09468187
9320.0, 0.09464793
9330.0, 0.09461406
9340.0, 0.09458026
9350.0, 0.09454653
9360.0, 0.09451286
9370.0, 0.09447926
9380.0, 0.09444573
9390.0, 0.09441226
9400.0, 0.09437886
9410.0, 0.094345525
9420.0, 0.09431226
9430.0, 0.09427905
9440.0, 0.09424591
9450.0, 0.094212845
9460.0, 0.09417984
9470.0, 0.09414689
9480.0, 0.09411402
9490.0, 0.09408121
9500.0, 0.09404846
9510.0, 0.09401578
9520.0, 0.09398316
9530.0, 0.09395061
9540.0, 0.093918115
9550.0, 0.09388569
9560.0, 0.09385333
9570.0, 0.093821034
9580.0, 0.0937888
9590.0, 0.09375662
9600.0, 0.09372453
9610.0, 0.093692474
9620.0, 0.0936605
9630.0, 0.093628585
9640.0, 0.093596734
9650.0, 0.09356494
9660.0, 0.09353321
9670.0, 0.09350155
9680.0, 0.09346995
9690.0, 0.09343841
9700.0, 0.09340693
9710.0, 0.09337552
9720.0, 0.09334417
9730.0, 0.093312874
9740.0, 0.09328165
9750.0, 0.09325048
9760.0, 0.09321937
9770.0, 0.09318833
9780.0, 0.09315735
9790.0, 0.09312642
9800.0, 0.09309556
9810.0, 0.09306476
9820.0, 0.09303403
9830.0, 0.09300335
9840.0, 0.09297273
9850.0, 0.09294218
9860.0, 0.09291168
9870.0, 0.09288125
9880.0, 0.09285087
9890.0, 0.09282055
9900.0, 0.09279029
9910.0, 0.0927601
9920.0, 0.09272997
9930.0, 0.09269989
9940.0, 0.092669874
9950.0, 0.09263991
9960.0, 0.09261002
9970.0, 0.09258018
9980.0, 0.0925504
9990.0, 0.09252067
10000.0, 0.092491016
10010.0, 0.09246141
10020.0, 0.092431866
10030.0, 0.092402376
10040.0, 0.09237295
10050.0, 0.092343576
10060.0, 0.092314266
10070.0, 0.09228501
10080.0, 0.09225581
10090.0, 0.09222668
10100.0, 0.09219759
10110.0, 0.09216857
10120.0, 0.0921396
10130.0, 0.09211069
10140.0, 0.09208184
10150.0, 0.09205305
10160.0, 0.09202431
10170.0, 0.09199563
10180.0, 0.091967
10190.0, 0.091938436
10200.0, 0.09190992
10210.0, 0.09188147
10220.0, 0.09185307
10230.0, 0.091824725
10240.0, 0.09179644
10250.0, 0.09176821
10260.0, 0.09174004
10270.0, 0.09171192
10280.0, 0.09168386
10290.0, 0.09165585
10300.0, 0.091627896
10310.0, 0.0916
10320.0, 0.09157216
10330.0, 0.091544375
10340.0, 0.091516644
10350.0, 0.09148896
10360.0, 0.091461346
10370.0, 0.09143377
10380.0, 0.09140626
10390.0, 0.0913788
10400.0, 0.0913514
10410.0, 0.091324046
10420.0, 0.091296755
10430.0, 0.091269515
10440.0, 0.09124233
10450.0, 0.09121519
10460.0, 0.09118811
10470.0, 0.09116109
10480.0, 0.09113411
10490.0, 0.09110719
10500.0, 0.09108033
10510.0, 0.091053516
10520.0, 0.09102675
10530.0, 0.09100005
10540.0, 0.09097339
10550.0, 0.09094679
10560.0, 0.09092024
10570.0, 0.090893745
10580.0, 0.0908673
10590.0, 0.090840906
10600.0, 0.09081457
10610.0, 0.09078828
10620.0, 0.09076205
10630.0, 0.09073586
10640.0, 0.09070973
10650.0, 0.090683654
10660.0, 0.09065763
10670.0, 0.09063165
10680.0, 0.09060572
10690.0, 0.09057985
10700.0, 0.09055403
10710.0, 0.09052826
10720.0, 0.09050253
10730.0, 0.09047687
10740.0, 0.09045124
10750.0, 0.09042568
10760.0, 0.09040017
10770.0, 0.09037469
10780.0, 0.09034928
10790.0, 0.09032391
10800.0, 0.09029859
10810.0, 0.09027333
10820.0, 0.090248115
10830.0, 0.090222955
10840.0, 0.09019784
10850.0, 0.09017277
10860.0, 0.090147756
10870.0, 0.09012278
10880.0, 0.09009787
10890.0, 0.090073
10900.0, 0.09004818
10910.0, 0.09002341
10920.0, 0.08999869
10930.0, 0.089974016
10940.0, 0.08994939
10950.0, 0.08992482
10960.0, 0.08990029
10970.0, 0.08987582
10980.0, 0.08985139
10990.0, 0.08982701
11000.0, 0.089802675
11010.0, 0.08977839
11020.0, 0.089754164
11030.0, 0.08972997
11040.0, 0.089705825
11050.0, 0.089681745
11060.0, 0.089657694
11070.0, 0.089633696
11080.0, 0.08960975
11090.0, 0.08958585
11100.0, 0.08956199
11110.0, 0.08953819
11120.0, 0.08951443
11130.0, 0.08949071
11140.0, 0.08946705
11150.0, 0.08944343
11160.0, 0.08941986
11170.0, 0.08939633
11180.0, 0.08937285
11190.0, 0.08934942
11200.0, 0.08932603
11210.0, 0.089302704
11220.0, 0.0892794
11230.0, 0.08925616
11240.0, 0.08923296
11250.0, 0.0892098
11260.0, 0.0891867
11270.0, 0.08916363
11280.0, 0.08914062
11290.0, 0.08911764
11300.0, 0.08909471
11310.0, 0.08907183
11320.0, 0.089049
11330.0, 0.089026205
11340.0, 0.08900346
11350.0, 0.08898076
11360.0, 0.08895811
11370.0, 0.088935494
11380.0, 0.08891293
11390.0, 0.0888904
11400.0, 0.08886793
11410.0, 0.0888455
11420.0, 0.08882312
11430.0, 0.08880077
11440.0, 0.08877847
11450.0, 0.08875622
11460.0, 0.088734
11470.0, 0.08871184
11480.0, 0.088689715
11490.0, 0.08866764
11500.0, 0.08864561
11510.0, 0.08862361
11520.0, 0.08860166
11530.0, 0.08857976
11540.0, 0.08855791
11550.0, 0.08853609
11560.0, 0.08851431
11570.0, 0.08849258
11580.0, 0.08847089
11590.0, 0.08844925
11600.0, 0.08842765
11610.0, 0.088406086
11620.0, 0.088384576
11630.0, 0.088363096
11640.0, 0.08834167
11650.0, 0.08832028
11660.0, 0.08829893
11670.0, 0.08827763
11680.0, 0.08825637
11690.0, 0.088235155
11700.0, 0.08821397
11710.0, 0.088192835
11720.0, 0.08817174
11730.0, 0.08815069
11740.0, 0.08812968
11750.0, 0.08810871
11760.0, 0.08808778
11770.0, 0.0880669
11780.0, 0.08804606
11790.0, 0.08802525
11800.0, 0.08800449
11810.0, 0.08798377
11820.0, 0.08796309
11830.0, 0.08794245
11840.0, 0.08792186
11850.0, 0.08790131
11860.0, 0.08788079
11870.0, 0.087860316
11880.0, 0.08783988
11890.0, 0.08781949
11900.0, 0.08779913
11910.0, 0.087778814
11920.0, 0.08775855
11930.0, 0.08773832
11940.0, 0.08771812
11950.0, 0.08769797
11960.0, 0.08767786
11970.0, 0.08765779
11980.0, 0.08763775
11990.0, 0.08761776
12000.0, 0.08759781
12010.0, 0.0875779
12020.0, 0.08755802
12030.0, 0.08753819
12040.0, 0.08751839
12050.0, 0.087498635
12060.0, 0.08747891
12070.0, 0.087459244
12080.0, 0.087439604
12090.0, 0.08742001
12100.0, 0.08740044
12110.0, 0.08738092
12120.0, 0.08736144
12130.0, 0.087341994
12140.0, 0.087322585
12150.0, 0.08730322
12160.0, 0.08728389
12170.0, 0.0872646
12180.0, 0.087245345
12190.0, 0.08722614
12200.0, 0.08720696
12210.0, 0.08718782
12220.0, 0.08716872
12230.0, 0.08714966
12240.0, 0.08713063
12250.0, 0.087111644
12260.0, 0.08709269
12270.0, 0.08707379
12280.0, 0.08705491
12290.0, 0.08703607
12300.0, 0.087017275
12310.0, 0.086998515
12320.0, 0.086979784
12330.0, 0.086961105
12340.0, 0.08694245
12350.0, 0.08692384
12360.0, 0.08690526
12370.0, 0.08688672
12380.0, 0.08686822
12390.0, 0.08684975
12400.0, 0.086831324
12410.0, 0.08681293
12420.0, 0.08679457
12430.0, 0.08677625
12440.0, 0.08675797
12450.0, 0.08673972
12460.0, 0.08672152
12470.0, 0.08670334
12480.0, 0.086685196
12490.0, 0.08666709
12500.0, 0.08664903
12510.0, 0.08663099
12520.0, 0.08661301
12530.0, 0.08659504
12540.0, 0.08657712
12550.0, 0.08655923
12560.0, 0.08654138
12570.0, 0.08652356
12580.0, 0.08650578
12590.0, 0.08648803
12600.0, 0.08647032
12610.0, 0.08645264
12620.0, 0.086435005
12630.0, 0.0864174
12640.0, 0.08639982
12650.0, 0.08638229
12660.0, 0.08636479
12670.0, 0.08634733
12680.0, 0.08632989
12690.0, 0.086312495
12700.0, 0.08629513
12710.0, 0.0862778
12720.0, 0.086260505
12730.0, 0.08624324
12740.0, 0.086226024
12750.0, 0.08620883
12760.0, 0.08619167
12770.0, 0.08617455
12780.0, 0.08615746
12790.0, 0.0861404
12800.0, 0.086123385
12810.0, 0.0861064
12820.0, 0.08608944
12830.0, 0.08607252
12840.0, 0.08605564
12850.0, 0.08603878
12860.0, 0.08602196
12870.0, 0.08600517
12880.0, 0.08598842
12890.0, 0.085971706
12900.0, 0.08595502
12910.0, 0.085938364
12920.0, 0.08592174
12930.0, 0.08590516
12940.0, 0.0858886
12950.0, 0.08587208
12960.0, 0.085855596
12970.0, 0.08583914
12980.0, 0.08582271
12990.0, 0.08580632
13000.0, 0.08578996
13010.0, 0.08577364
13020.0, 0.085757345
13030.0, 0.08574108
13040.0, 0.08572485
13050.0, 0.085708655
13060.0, 0.0856925
13070.0, 0.085676365
13080.0, 0.08566026
13090.0, 0.08564419
13100.0, 0.08562816
13110.0, 0.085612155
13120.0, 0.08559618
13130.0, 0.085580245
13140.0, 0.08556433
13150.0, 0.08554845
13160.0, 0.085532606
13170.0, 0.085516796
13180.0, 0.08550101
13190.0, 0.085485265
13200.0, 0.08546954
13210.0, 0.08545385
13220.0, 0.08543819
13230.0, 0.08542257
13240.0, 0.08540697
13250.0, 0.0853914
13260.0, 0.08537587
13270.0, 0.08536037
13280.0, 0.085344896
13290.0, 0.08532945
13300.0, 0.08531404
13310.0, 0.085298665
13320.0, 0.08528332
13330.0, 0.085268
13340.0, 0.0852527
13350.0, 0.08523744
13360.0, 0.085222214
13370.0, 0.08520702
13380.0, 0.08519185
13390.0, 0.085176714
13400.0, 0.08516161
13410.0, 0.08514653
13420.0, 0.08513148
13430.0, 0.08511647
13440.0, 0.08510148
13450.0, 0.08508652
13460.0, 0.08507159
13470.0, 0.08505669
13480.0, 0.08504182
13490.0, 0.08502698
13500.0, 0.085012175
13510.0, 0.084997386
13520.0, 0.08498264
13530.0, 0.08496792
13540.0, 0.084953226
13550.0, 0.084938556
13560.0, 0.08492393
13570.0, 0.08490932
13580.0, 0.08489475
13590.0, 0.0848802
13600.0, 0.08486568
13610.0, 0.08485119
13620.0, 0.08483673
13630.0, 0.0848223
13640.0, 0.084807895
13650.0, 0.08479352
13660.0, 0.08477917
13670.0, 0.08476486
13680.0, 0.08475057
13690.0, 0.08473631
13700.0, 0.08472207
13710.0, 0.08470786
13720.0, 0.08469369
13730.0, 0.08467955
13740.0, 0.08466543
13750.0, 0.084651336
13760.0, 0.08463727
13770.0, 0.08462324
13780.0, 0.084609225
13790.0, 0.08459525
13800.0, 0.08458129
13810.0, 0.084567375
13820.0, 0.08455347
13830.0, 0.08453961
13840.0, 0.084525764
13850.0, 0.08451195
13860.0, 0.08449816
13870.0, 0.084484406
13880.0, 0.084470674
13890.0, 0.084456965
13900.0, 0.084443286
13910.0, 0.084429644
13920.0, 0.08441602
13930.0, 0.08440242
13940.0, 0.08438886
13950.0, 0.084375314
13960.0, 0.0843618
13970.0, 0.084348306
13980.0, 0.08433485
13990.0, 0.08432141
14000.0, 0.084308
14010.0, 0.084294625
14020.0, 0.084281266
14030.0, 0.084267944
14040.0, 0.08425464
14050.0, 0.08424136
14060.0, 0.08422812
14070.0, 0.08421489
14080.0, 0.08420169
14090.0, 0.08418853
14100.0, 0.084175386
14110.0, 0.08416227
14120.0, 0.084149174
14130.0, 0.084136106
14140.0, 0.08412307
14150.0, 0.08411006
14160.0, 0.084097065
14170.0, 0.08408411
14180.0, 0.084071174
14190.0, 0.084058255
14200.0, 0.08404538
14210.0, 0.08403252
14220.0, 0.08401968
14230.0, 0.084006876
14240.0, 0.08399409
14250.0, 0.083981335
14260.0, 0.08396861
14270.0, 0.0839559
14280.0, 0.08394322
14290.0, 0.08393056
14300.0, 0.08391793
14310.0, 0.083905324
14320.0, 0.08389274
14330.0, 0.083880186
14340.0, 0.083867654
14350.0, 0.08385515
14360.0, 0.08384267
14370.0, 0.083830215
14380.0, 0.08381778
14390.0, 0.083805375
14400.0, 0.083793
14410.0, 0.08378064
14420.0, 0.08376831
14430.0, 0.083756
14440.0, 0.083743714
14450.0, 0.08373146
14460.0, 0.08371922
14470.0, 0.083707005
14480.0, 0.08369482
14490.0, 0.08368266
14500.0, 0.08367053
14510.0, 0.083658405
14520.0, 0.08364632
14530.0, 0.08363426
14540.0, 0.08362221
14550.0, 0.08361019
14560.0, 0.083598204
14570.0, 0.08358623
14580.0, 0.08357429
14590.0, 0.08356236
14600.0, 0.08355046
14610.0, 0.08353859
14620.0, 0.08352673
14630.0, 0.083514914
14640.0, 0.083503105
14650.0, 0.08349132
14660.0, 0.08347957
14670.0, 0.08346783
14680.0, 0.08345612
14690.0, 0.08344444
14700.0, 0.08343277
14710.0, 0.08342113
14720.0, 0.08340952
14730.0, 0.08339792
14740.0, 0.083386354
14750.0, 0.0833748
14760.0, 0.08336328
14770.0, 0.08335177
14780.0, 0.083340295
14790.0, 0.083328836
14800.0, 0.0833174
14810.0, 0.08330599
14820.0, 0.0832946
14830.0, 0.08328324
14840.0, 0.08327188
14850.0, 0.08326057
14860.0, 0.08324927
14870.0, 0.083238
14880.0, 0.08322674
14890.0, 0.08321551
14900.0, 0.0832043
14910.0, 0.083193116
14920.0, 0.083181955
14930.0, 0.08317081
14940.0, 0.083159685
14950.0, 0.08314859
14960.0, 0.08313752
14970.0, 0.08312646
14980.0, 0.083115436
14990.0, 0.083104424
15000.0, 0.083093435
15010.0, 0.08308247
15020.0, 0.08307153
15030.0, 0.08306061
15040.0, 0.08304971
15050.0, 0.08303882
15060.0, 0.08302797
15070.0, 0.08301713
15080.0, 0.08300632
15090.0, 0.08299553
15100.0, 0.08298475
15110.0, 0.08297401
15120.0, 0.08296328
15130.0, 0.08295257
15140.0, 0.08294188
15150.0, 0.08293122
15160.0, 0.08292057
15170.0, 0.08290995
15180.0, 0.082899354
15190.0, 0.082888775
15200.0, 0.08287822
15210.0, 0.08286768
15220.0, 0.08285716
15230.0, 0.082846664
15240.0, 0.082836196
15250.0, 0.082825735
15260.0, 0.082815304
15270.0, 0.082804896
15280.0, 0.0827945
15290.0, 0.08278412
15300.0, 0.08277378
15310.0, 0.08276345
15320.0, 0.08275314
15330.0, 0.082742855
15340.0, 0.08273258
15350.0, 0.082722336
15360.0, 0.08271211
15370.0, 0.0827019
15380.0, 0.082691714
15390.0, 0.082681544
15400.0, 0.0826714
15410.0, 0.08266128
15420.0, 0.082651176
15430.0, 0.08264108
15440.0, 0.082631014
15450.0, 0.08262097
15460.0, 0.08261094
15470.0, 0.08260094
15480.0, 0.08259095
15490.0, 0.08258099
15500.0, 0.082571045
15510.0, 0.08256112
15520.0, 0.08255121
15530.0, 0.082541324
15540.0, 0.08253146
15550.0, 0.0825216
15560.0, 0.082511775
15570.0, 0.08250198
15580.0, 0.08249218
15590.0, 0.08248242
15600.0, 0.08247267
15610.0, 0.08246294
15620.0, 0.08245322
15630.0, 0.082443535
15640.0, 0.082433864
15650.0, 0.08242421
15660.0, 0.082414575
15670.0, 0.082404956
15680.0, 0.08239536
15690.0, 0.08238578
15700.0, 0.08237623
15710.0, 0.08236669
15720.0, 0.08235717
15730.0, 0.08234767
15740.0, 0.082338184
15750.0, 0.08232872
15760.0, 0.08231928
15770.0, 0.08230986
15780.0, 0.08230045
15790.0, 0.08229106
15800.0, 0.082281694
15810.0, 0.082272336
15820.0, 0.08226301
15830.0, 0.0822537
15840.0, 0.0822444
15850.0, 0.08223513
15860.0, 0.08222587
15870.0, 0.082216635
15880.0, 0.08220741
15890.0, 0.0821982
15900.0, 0.08218902
15910.0, 0.08217986
15920.0, 0.08217071
15930.0, 0.08216158
15940.0, 0.08215246
15950.0, 0.082143374
15960.0, 0.0821343
15970.0, 0.08212525
15980.0, 0.0821162
15990.0, 0.08210719
16000.0, 0.082098186
16010.0, 0.08208919
16020.0, 0.08208023
16030.0, 0.08207128
16040.0, 0.08206235
16050.0, 0.08205344
16060.0, 0.08204454
16070.0, 0.08203567
16080.0, 0.0820268
16090.0, 0.08201796
16100.0, 0.08200913
16110.0, 0.08200033
16120.0, 0.08199153
16130.0, 0.08198276
16140.0, 0.08197401
16150.0, 0.08196527
16160.0, 0.08195654
16170.0, 0.08194785
16180.0, 0.08193916
16190.0, 0.081930496
16200.0, 0.08192184
16210.0, 0.0819132
16220.0, 0.08190459
16230.0, 0.08189599
16240.0, 0.08188741
16250.0, 0.08187884
16260.0, 0.081870295
16270.0, 0.081861764
16280.0, 0.08185325
16290.0, 0.08184475
16300.0, 0.081836276
16310.0, 0.081827804
16320.0, 0.08181936
16330.0, 0.08181094
16340.0, 0.08180252
16350.0, 0.08179412
16360.0, 0.081785746
16370.0, 0.08177738
16380.0, 0.081769034
16390.0, 0.08176071
16400.0, 0.08175239
16410.0, 0.08174409
16420.0, 0.08173581
16430.0, 0.08172755
16440.0, 0.0817193
16450.0, 0.081711076
16460.0, 0.08170286
16470.0, 0.08169466
16480.0, 0.08168648
16490.0, 0.081678316
16500.0, 0.081670165
16510.0, 0.08166204
16520.0, 0.08165392
16530.0, 0.081645824
16540.0, 0.08163774
16550.0, 0.08162966
16560.0, 0.08162161
16570.0, 0.08161358
16580.0, 0.08160555
16590.0, 0.08159755
16600.0, 0.08158957
16610.0, 0.08158159
16620.0, 0.08157364
16630.0, 0.0815657
16640.0, 0.08155777
16650.0, 0.08154986
16660.0, 0.08154197
16670.0, 0.081534095
16680.0, 0.081526235
16690.0, 0.08151839
16700.0, 0.08151055
16710.0, 0.08150274
16720.0, 0.08149494
16730.0, 0.08148716
16740.0, 0.081479385
16750.0, 0.08147164
16760.0, 0.0814639
16770.0, 0.08145618
16780.0, 0.08144847
16790.0, 0.081440784
16800.0, 0.0814331
16810.0, 0.08142544
16820.0, 0.0814178
16830.0, 0.08141016
16840.0, 0.08140255
16850.0, 0.08139495
16860.0, 0.08138737
16870.0, 0.0813798
16880.0, 0.081372246
16890.0, 0.08136471
16900.0, 0.08135719
16910.0, 0.08134968
16920.0, 0.081342176
16930.0, 0.0813347
16940.0, 0.08132724
16950.0, 0.08131979
16960.0, 0.08131235
16970.0, 0.08130494
16980.0, 0.081297524
16990.0, 0.08129014
17000.0, 0.08128276
17010.0, 0.081275396
17020.0, 0.08126806
17030.0, 0.08126072
17040.0, 0.0812534
17050.0, 0.0812461
17060.0, 0.08123881
17070.0, 0.08123154
17080.0, 0.08122428
17090.0, 0.081217036
17100.0, 0.0812098
17110.0, 0.08120259
17120.0, 0.08119539
17130.0, 0.0811882
17140.0, 0.08118103
17150.0, 0.081173874
17160.0, 0.08116673
17170.0, 0.08115959
17180.0, 0.08115248
17190.0, 0.08114538
17200.0, 0.08113829
17210.0, 0.08113123
17220.0, 0.08112416
17230.0, 0.081117116
17240.0, 0.08111008
17250.0, 0.081103064
17260.0, 0.08109607
17270.0, 0.08108907
17280.0, 0.0810821
17290.0, 0.08107514
17300.0, 0.081068195
17310.0, 0.08106126
17320.0, 0.081054345
17330.0, 0.08104743
17340.0, 0.08104054
17350.0, 0.08103366
17360.0, 0.0810268
17370.0, 0.081019945
17380.0, 0.08101311
17390.0, 0.08100628
17400.0, 0.08099948
17410.0, 0.08099268
17420.0, 0.0809859
17430.0, 0.08097912
17440.0, 0.08097237
17450.0, 0.08096562
17460.0, 0.080958895
17470.0, 0.08095218
17480.0, 0.08094548
17490.0, 0.080938786
17500.0, 0.08093212
17510.0, 0.08092546
17520.0, 0.080918804
17530.0, 0.080912165
17540.0, 0.08090554
17550.0, 0.08089894
17560.0, 0.08089234
17570.0, 0.08088575
17580.0, 0.08087919
17590.0, 0.08087263
17600.0, 0.08086608
17610.0, 0.08085956
17620.0, 0.08085304
17630.0, 0.08084653
17640.0, 0.08084004
17650.0, 0.08083356
17660.0, 0.0808271
17670.0, 0.08082064
17680.0, 0.080814205
17690.0, 0.080807775
17700.0, 0.08080137
17710.0, 0.08079496
17720.0, 0.08078857
17730.0, 0.08078219
17740.0, 0.080775835
17750.0, 0.08076948
17760.0, 0.08076315
17770.0, 0.08075682
17780.0, 0.0807505
17790.0, 0.08074421
17800.0, 0.08073792
17810.0, 0.08073164
17820.0, 0.08072538
17830.0, 0.08071913
17840.0, 0.08071289
17850.0, 0.08070666
17860.0, 0.08070045
17870.0, 0.08069425
17880.0, 0.08068806
17890.0, 0.08068189
17900.0, 0.08067572
17910.0, 0.08066957
17920.0, 0.08066343
17930.0, 0.08065731
17940.0, 0.080651194
17950.0, 0.08064509
17960.0, 0.080639
17970.0, 0.08063292
17980.0, 0.08062685
17990.0, 0.0806208
18000.0, 0.08061475
18010.0, 0.08060873
18020.0, 0.080602705
18030.0, 0.08059671
18040.0, 0.08059071
18050.0, 0.08058473
18060.0, 0.08057876
18070.0, 0.0805728
18080.0, 0.08056685
18090.0, 0.08056092
18100.0, 0.080555
18110.0, 0.08054908
18120.0, 0.08054319
18130.0, 0.0805373
18140.0, 0.080531426
18150.0, 0.08052556
18160.0, 0.08051971
18170.0, 0.08051387
18180.0, 0.080508046
18190.0, 0.08050223
18200.0, 0.08049642
18210.0, 0.08049063
18220.0, 0.080484845
18230.0, 0.08047907
18240.0, 0.08047331
18250.0, 0.08046757
18260.0, 0.08046183
18270.0, 0.0804561
18280.0, 0.08045039
18290.0, 0.080444686
18300.0, 0.080438994
18310.0, 0.08043331
18320.0, 0.08042765
18330.0, 0.080421984
18340.0, 0.080416344
18350.0, 0.08041071
18360.0, 0.080405094
18370.0, 0.080399476
18380.0, 0.08039387
18390.0, 0.080388285
18400.0, 0.08038271
18410.0, 0.08037714
18420.0, 0.08037158
18430.0, 0.08036604
18440.0, 0.0803605
18450.0, 0.08035498
18460.0, 0.08034947
18470.0, 0.08034397
18480.0, 0.08033848
18490.0, 0.080332994
18500.0, 0.08032753
18510.0, 0.08032207
18520.0, 0.080316626
18530.0, 0.080311194
18540.0, 0.08030577
18550.0, 0.08030035
18560.0, 0.08029495
18570.0, 0.08028956
18580.0, 0.08028418
18590.0, 0.08027881
18600.0, 0.08027344
18610.0, 0.08026809
18620.0, 0.08026276
18630.0, 0.08025743
18640.0, 0.08025212
18650.0, 0.080246806
18660.0, 0.08024151
18670.0, 0.08023622
18680.0, 0.08023095
18690.0, 0.080225684
18700.0, 0.08022043
18710.0, 0.080215186
18720.0, 0.08020995
18730.0, 0.08020473
18740.0, 0.08019951
18750.0, 0.08019431
18760.0, 0.080189124
18770.0, 0.08018394
18780.0, 0.08017877
18790.0, 0.080173604
18800.0, 0.08016846
18810.0, 0.080163315
18820.0, 0.08015819
18830.0, 0.08015307
18840.0, 0.08014797
18850.0, 0.08014286
18860.0, 0.080137774
18870.0, 0.08013269
18880.0, 0.08012762
18890.0, 0.08012257
18900.0, 0.08011752
18910.0, 0.08011247
18920.0, 0.08010745
18930.0, 0.08010243
18940.0, 0.08009742
18950.0, 0.08009243
18960.0, 0.08008744
18970.0, 0.08008246
18980.0, 0.080077484
18990.0, 0.08007253
19000.0, 0.08006758
19010.0, 0.08006264
19020.0, 0.08005771
19030.0, 0.08005279
19040.0, 0.08004788
19050.0, 0.08004298
19060.0, 0.08003809
19070.0, 0.08003322
19080.0, 0.08002834
19090.0, 0.08002348
19100.0, 0.080018625
19110.0, 0.08001379
19120.0, 0.08000896
19130.0, 0.08000414
19140.0, 0.07999932
19150.0, 0.07999452
19160.0, 0.07998973
19170.0, 0.07998495
19180.0, 0.07998017
19190.0, 0.079975404
19200.0, 0.07997065
19210.0, 0.079965904
19220.0, 0.079961166
19230.0, 0.07995644
19240.0, 0.079951726
19250.0, 0.07994702
19260.0, 0.07994232
19270.0, 0.07993763
19280.0, 0.07993295
19290.0, 0.07992828
19300.0, 0.079923615
19310.0, 0.07991896
19320.0, 0.079914324
19330.0, 0.07990969
19340.0, 0.07990506
19350.0, 0.07990045
19360.0, 0.07989584
19370.0, 0.07989125
19380.0, 0.07988666
19390.0, 0.07988208
19400.0, 0.07987751
19410.0, 0.07987295
19420.0, 0.079868406
19430.0, 0.07986386
19440.0, 0.07985933
19450.0, 0.0798548
19460.0, 0.079850286
19470.0, 0.079845786
19480.0, 0.079841286
19490.0, 0.0798368
19500.0, 0.07983232
19510.0, 0.07982785
19520.0, 0.07982339
19530.0, 0.07981894
19540.0, 0.07981449
19550.0, 0.07981006
19560.0, 0.079805635
19570.0, 0.07980122
19580.0, 0.07979681
19590.0, 0.07979241
19600.0, 0.07978802
19610.0, 0.07978364
19620.0, 0.07977927
19630.0, 0.0797749
19640.0, 0.07977054
19650.0, 0.0797662
19660.0, 0.07976186
19670.0, 0.079757534
19680.0, 0.07975321
19690.0, 0.079748906
19700.0, 0.0797446
19710.0, 0.07974031
19720.0, 0.07973602
19730.0, 0.07973174
19740.0, 0.07972747
19750.0, 0.07972321
19760.0, 0.079718955
19770.0, 0.079714715
19780.0, 0.07971048
19790.0, 0.07970625
19800.0, 0.07970203
19810.0, 0.079697825
19820.0, 0.07969362
19830.0, 0.07968943
19840.0, 0.07968525
19850.0, 0.07968106
19860.0, 0.0796769
19870.0, 0.07967274
19880.0, 0.07966859
19890.0, 0.07966445
19900.0, 0.07966031
19910.0, 0.07965618
19920.0, 0.07965206
19930.0, 0.07964796
19940.0, 0.07964385
19950.0, 0.079639755
19960.0, 0.07963567
19970.0, 0.07963159
19980.0, 0.07962752
19990.0, 0.07962346
20000.0, 0.079619415
20010.0, 0.07961537
20020.0, 0.07961133
20030.0, 0.07960729
20040.0, 0.07960328
20050.0, 0.07959927
20060.0, 0.07959526
20070.0, 0.07959126
20080.0, 0.07958727
20090.0, 0.079583295
20100.0, 0.079579316
20110.0, 0.07957536
20120.0, 0.079571396
20130.0, 0.07956745
20140.0, 0.079563506
20150.0, 0.07955958
20160.0, 0.079555646
20170.0, 0.07955173
20180.0, 0.079547815
20190.0, 0.07954392
20200.0, 0.07954002
20210.0, 0.07953614
20220.0, 0.07953226
20230.0, 0.079528384
20240.0, 0.079524525
20250.0, 0.079520665
20260.0, 0.07951681
20270.0, 0.079512976
20280.0, 0.07950915
20290.0, 0.07950532
20300.0, 0.0795015
20310.0, 0.07949769
20320.0, 0.079493895
20330.0, 0.079490095
20340.0, 0.0794863
20350.0, 0.079482526
20360.0, 0.079478756
20370.0, 0.079474986
20380.0, 0.07947123
20390.0, 0.07946748
20400.0, 0.07946374
20410.0, 0.07946
20420.0, 0.079456285
20430.0, 0.07945256
20440.0, 0.07944886
20450.0, 0.079445146
20460.0, 0.07944145
20470.0, 0.079437755
20480.0, 0.079434074
20490.0, 0.0794304
20500.0, 0.07942673
20510.0, 0.07942307
20520.0, 0.07941941
20530.0, 0.079415776
20540.0, 0.07941213
20550.0, 0.0794085
20560.0, 0.079404876
20570.0, 0.07940126
20580.0, 0.07939765
20590.0, 0.07939404
20600.0, 0.07939045
20610.0, 0.07938686
20620.0, 0.07938328
20630.0, 0.0793797
20640.0, 0.07937614
20650.0, 0.07937258
20660.0, 0.07936902
20670.0, 0.079365484
20680.0, 0.079361945
20690.0, 0.07935841
20700.0, 0.07935488
20710.0, 0.079351366
20720.0, 0.07934786
20730.0, 0.079344355
20740.0, 0.07934086
20750.0, 0.079337366
20760.0, 0.07933389
20770.0, 0.07933041
20780.0, 0.07932694
20790.0, 0.07932348
20800.0, 0.07932003
20810.0, 0.07931658
20820.0, 0.07931314
20830.0, 0.07930971
20840.0, 0.079306275
20850.0, 0.079302855
20860.0, 0.07929944
20870.0, 0.07929603
20880.0, 0.07929264
20890.0, 0.07928924
20900.0, 0.07928586
20910.0, 0.07928247
20920.0, 0.0792791
20930.0, 0.079275735
20940.0, 0.07927238
20950.0, 0.07926903
20960.0, 0.07926568
20970.0, 0.07926234
20980.0, 0.079259
20990.0, 0.079255685
21000.0, 0.07925236
21010.0, 0.07924905
21020.0, 0.07924574
21030.0, 0.079242446
21040.0, 0.079239145
21050.0, 0.07923586
21060.0, 0.07923258
21070.0, 0.07922931
21080.0, 0.07922604
21090.0, 0.079222776
21100.0, 0.07921952
21110.0, 0.07921628
21120.0, 0.07921304
21130.0, 0.079209805
21140.0, 0.07920657
21150.0, 0.07920335
21160.0, 0.07920014
21170.0, 0.07919693
21180.0, 0.079193726
21190.0, 0.07919053
21200.0, 0.07918734
21210.0, 0.07918417
21220.0, 0.079180986
21230.0, 0.07917781
21240.0, 0.079174645
21250.0, 0.07917149
21260.0, 0.079168335
21270.0, 0.0791652
21280.0, 0.07916206
21290.0, 0.07915892
21300.0, 0.079155795
21310.0, 0.07915267
21320.0, 0.07914956
21330.0, 0.07914645
21340.0, 0.07914335
21350.0, 0.07914026
21360.0, 0.07913717
21370.0, 0.079134084
21380.0, 0.07913101
21390.0, 0.07912794
21400.0, 0.079124875
21410.0, 0.07912181
21420.0, 0.079118766
21430.0, 0.07911571
21440.0, 0.07911267
21450.0, 0.07910964
21460.0, 0.07910661
21470.0, 0.0791036
21480.0, 0.07910058
21490.0, 0.07909756
21500.0, 0.07909457
21510.0, 0.079091564
21520.0, 0.079088576
21530.0, 0.07908558
21540.0, 0.07908261
21550.0, 0.079079635
21560.0, 0.07907666
21570.0, 0.079073705
21580.0, 0.07907075
21590.0, 0.0790678
21600.0, 0.07906485
21610.0, 0.07906191
21620.0, 0.079058975
21630.0, 0.079056054
21640.0, 0.07905313
21650.0, 0.07905021
21660.0, 0.0790473
21670.0, 0.0790444
21680.0, 0.0790415
21690.0, 0.07903861
21700.0, 0.07903573
21710.0, 0.079032846
21720.0, 0.07902997
21730.0, 0.0790271
21740.0, 0.07902424
21750.0, 0.07902138
21760.0, 0.07901853
21770.0, 0.07901568
21780.0, 0.07901284
21790.0, 0.07901001
21800.0, 0.07900718
21810.0, 0.07900435
21820.0, 0.07900153
21830.0, 0.07899872
21840.0, 0.07899592
21850.0, 0.07899312
21860.0, 0.07899032
21870.0, 0.07898753
21880.0, 0.078984745
21890.0, 0.078981966
21900.0, 0.078979194
21910.0, 0.07897642
21920.0, 0.078973666
21930.0, 0.0789709
21940.0, 0.07896816
21950.0, 0.0789654
21960.0, 0.07896267
21970.0, 0.078959934
21980.0, 0.07895721
21990.0, 0.07895448
22000.0, 0.07895176
22010.0, 0.07894905
22020.0, 0.07894634
22030.0, 0.07894363
22040.0, 0.07894094
22050.0, 0.07893825
22060.0, 0.07893557
22070.0, 0.07893288
22080.0, 0.078930214
22090.0, 0.07892754
22100.0, 0.07892487
22110.0, 0.07892222
22120.0, 0.07891956
22130.0, 0.078916915
22140.0, 0.07891427
22150.0, 0.07891163
22160.0, 0.078909
22170.0, 0.07890637
22180.0, 0.07890374
22190.0, 0.078901134
22200.0, 0.07889852
22210.0, 0.07889591
22220.0, 0.07889331
22230.0, 0.07889072
22240.0, 0.07888812
22250.0, 0.07888554
22260.0, 0.078882955
22270.0, 0.078880385
22280.0, 0.07887781
22290.0, 0.07887525
22300.0, 0.07887269
22310.0, 0.07887013
22320.0, 0.07886758
22330.0, 0.07886504
22340.0, 0.07886249
22350.0, 0.07885996
22360.0, 0.07885743
22370.0, 0.0788549
22380.0, 0.078852385
22390.0, 0.078849874
22400.0, 0.07884736
22410.0, 0.07884485
22420.0, 0.07884236
22430.0, 0.07883986
22440.0, 0.07883737
22450.0, 0.078834884
22460.0, 0.07883241
22470.0, 0.07882993
22480.0, 0.07882746
22490.0, 0.078825
22500.0, 0.07882254
22510.0, 0.07882008
22520.0, 0.078817636
22530.0, 0.078815185
22540.0, 0.07881275
22550.0, 0.07881031
22560.0, 0.078807876
22570.0, 0.078805454
22580.0, 0.07880303
22590.0, 0.07880062
22600.0, 0.07879821
22610.0, 0.078795806
22620.0, 0.0787934
22630.0, 0.078791
22640.0, 0.07878861
22650.0, 0.07878622
22660.0, 0.07878384
22670.0, 0.07878146
22680.0, 0.078779094
22690.0, 0.07877672
22700.0, 0.07877436
22710.0, 0.07877199
22720.0, 0.07876965
22730.0, 0.0787673
22740.0, 0.078764945
22750.0, 0.078762606
22760.0, 0.078760274
22770.0, 0.07875794
22780.0, 0.07875562
22790.0, 0.07875329
22800.0, 0.078750975
22810.0, 0.078748666
22820.0, 0.078746356
22830.0, 0.078744054
22840.0, 0.07874176
22850.0, 0.078739464
22860.0, 0.07873718
22870.0, 0.07873489
22880.0, 0.07873261
22890.0, 0.07873033
22900.0, 0.07872806
22910.0, 0.07872579
22920.0, 0.078723535
22930.0, 0.07872128
22940.0, 0.07871903
22950.0, 0.07871678
22960.0, 0.078714535
22970.0, 0.07871229
22980.0, 0.07871006
22990.0, 0.07870782
23000.0, 0.0787056
23010.0, 0.07870337
23020.0, 0.07870115
23030.0, 0.07869895
23040.0, 0.07869674
23050.0, 0.07869454
23060.0, 0.07869234
23070.0, 0.078690134
23080.0, 0.07868795
23090.0, 0.07868576
23100.0, 0.078683585
23110.0, 0.0786814
23120.0, 0.078679234
23130.0, 0.07867706
23140.0, 0.0786749
23150.0, 0.07867274
23160.0, 0.078670576
23170.0, 0.07866843
23180.0, 0.07866628
23190.0, 0.07866413
23200.0, 0.078662
23210.0, 0.07865986
23220.0, 0.07865773
23230.0, 0.07865561
23240.0, 0.078653485
23250.0, 0.07865137
23260.0, 0.07864926
23270.0, 0.078647144
23280.0, 0.078645036
23290.0, 0.07864294
23300.0, 0.07864084
23310.0, 0.07863875
23320.0, 0.07863666
23330.0, 0.078634575
23340.0, 0.0786325
23350.0, 0.078630425
23360.0, 0.078628354
23370.0, 0.07862628
23380.0, 0.078624226
23390.0, 0.07862216
23400.0, 0.078620106
23410.0, 0.07861806
23420.0, 0.07861601
23430.0, 0.07861396
23440.0, 0.078611925
23450.0, 0.07860989
23460.0, 0.078607865
23470.0, 0.07860584
23480.0, 0.07860382
23490.0, 0.0786018
23500.0, 0.07859977
23510.0, 0.07859777
23520.0, 0.078595765
23530.0, 0.07859376
23540.0, 0.078591764
23550.0, 0.07858977
23560.0, 0.07858778
23570.0, 0.07858579
23580.0, 0.078583814
23590.0, 0.07858183
23600.0, 0.07857986
23610.0, 0.07857788
23620.0, 0.07857592
23630.0, 0.07857395
23640.0, 0.078572
23650.0, 0.07857004
23660.0, 0.07856809
23670.0, 0.07856615
23680.0, 0.078564204
23690.0, 0.07856226
23700.0, 0.07856033
23710.0, 0.07855839
23720.0, 0.07855646
23730.0, 0.07855454
23740.0, 0.07855262
23750.0, 0.07855071
23760.0, 0.0785488
23770.0, 0.07854688
23780.0, 0.07854498
23790.0, 0.078543074
23800.0, 0.07854118
23810.0, 0.07853928
23820.0, 0.0785374
23830.0, 0.078535505
23840.0, 0.07853363
23850.0, 0.07853175
23860.0, 0.07852988
23870.0, 0.07852801
23880.0, 0.07852613
23890.0, 0.07852427
23900.0, 0.078522414
23910.0, 0.078520566
23920.0, 0.07851871
23930.0, 0.07851686
23940.0, 0.078515016
23950.0, 0.07851317
23960.0, 0.07851134
23970.0, 0.0785095
23980.0, 0.07850767
23990.0, 0.078505844
24000.0, 0.07850402
24010.0, 0.07850221
24020.0, 0.07850038
24030.0, 0.07849858
24040.0, 0.07849676
24050.0, 0.07849496
24060.0, 0.07849316
24070.0, 0.07849137
24080.0, 0.07848957
24090.0, 0.078487776
24100.0, 0.07848599
24110.0, 0.07848421
24120.0, 0.07848243
24130.0, 0.078480646
24140.0, 0.07847888
24150.0, 0.078477114
24160.0, 0.07847535
24170.0, 0.07847358
24180.0, 0.07847183
24190.0, 0.07847007
24200.0, 0.078468315
24210.0, 0.07846657
24220.0, 0.07846483
24230.0, 0.078463085
24240.0, 0.07846135
24250.0, 0.07845961
24260.0, 0.07845788
24270.0, 0.078456156
24280.0, 0.078454435
24290.0, 0.078452714
24300.0, 0.078451
24310.0, 0.07844928
24320.0, 0.078447565
24330.0, 0.07844586
24340.0, 0.07844416
24350.0, 0.07844246
24360.0, 0.07844076
24370.0, 0.07843908
24380.0, 0.07843739
24390.0, 0.0784357
24400.0, 0.07843401
24410.0, 0.07843234
24420.0, 0.07843066
24430.0, 0.07842898
24440.0, 0.078427315
24450.0, 0.078425646
24460.0, 0.07842399
24470.0, 0.07842232
24480.0, 0.07842067
24490.0, 0.07841902
24500.0, 0.07841737
24510.0, 0.07841572
24520.0, 0.07841408
24530.0, 0.07841244
24540.0, 0.0784108
24550.0, 0.078409165
24560.0, 0.07840754
24570.0, 0.07840591
24580.0, 0.078404285
24590.0, 0.07840267
24600.0, 0.07840106
24610.0, 0.07839944
24620.0, 0.07839783
24630.0, 0.07839622
24640.0, 0.078394614
24650.0, 0.07839302
24660.0, 0.07839142
24670.0, 0.07838983
24680.0, 0.07838824
24690.0, 0.07838664
24700.0, 0.07838506
24710.0, 0.07838348
24720.0, 0.0783819
24730.0, 0.078380324
24740.0, 0.07837876
24750.0, 0.07837718
24760.0, 0.078375615
24770.0, 0.07837406
24780.0, 0.0783725
24790.0, 0.07837094
24800.0, 0.07836938
24810.0, 0.07836783
24820.0, 0.078366295
24830.0, 0.07836474
24840.0, 0.0783632
24850.0, 0.07836167
24860.0, 0.07836013
24870.0, 0.0783586
24880.0, 0.07835706
24890.0, 0.07835554
24900.0, 0.07835402
24910.0, 0.078352496
24920.0, 0.07835098
24930.0, 0.07834947
24940.0, 0.07834796
24950.0, 0.07834645
24960.0, 0.07834495
24970.0, 0.07834344
24980.0, 0.078341946
24990.0, 0.078340456
25000.0, 0.07833896
25010.0, 0.07833747
25020.0, 0.078335986
25030.0, 0.0783345
25040.0, 0.07833302
25050.0, 0.07833154
25060.0, 0.07833006
25070.0, 0.07832859
25080.0, 0.07832712
25090.0, 0.07832565
25100.0, 0.0783242
25110.0, 0.07832274
25120.0, 0.07832128
25130.0, 0.078319825
25140.0, 0.07831837
25150.0, 0.07831693
25160.0, 0.07831548
25170.0, 0.078314036
25180.0, 0.0783126
25190.0, 0.07831116
25200.0, 0.07830973
25210.0, 0.07830829
25220.0, 0.07830687
25230.0, 0.07830544
25240.0, 0.078304015
25250.0, 0.07830259
25260.0, 0.07830118
25270.0, 0.07829977
25280.0, 0.07829836
25290.0, 0.078296944
25300.0, 0.07829554
25310.0, 0.078294136
25320.0, 0.078292735
25330.0, 0.07829134
25340.0, 0.07828995
25350.0, 0.078288555
25360.0, 0.07828716
25370.0, 0.078285776
25380.0, 0.07828439
25390.0, 0.07828301
25400.0, 0.07828163
25410.0, 0.07828026
25420.0, 0.078278884
25430.0, 0.07827751
25440.0, 0.07827616
25450.0, 0.07827479
25460.0, 0.07827342
25470.0, 0.07827207
25480.0, 0.07827071
25490.0, 0.07826936
25500.0, 0.07826801
25510.0, 0.07826666
25520.0, 0.07826531
25530.0, 0.07826397
25540.0, 0.078262635
25550.0, 0.078261286
25560.0, 0.07825996
25570.0, 0.078258626
25580.0, 0.0782573
25590.0, 0.078255974
25600.0, 0.07825464
25610.0, 0.07825332
25620.0, 0.078252
25630.0, 0.07825069
25640.0, 0.07824937
25650.0, 0.07824806
25660.0, 0.07824676
25670.0, 0.078245446
25680.0, 0.07824415
25690.0, 0.07824285
25700.0, 0.07824155
25710.0, 0.07824025
25720.0, 0.078238964
25730.0, 0.078237675
25740.0, 0.078236386
25750.0, 0.078235105
25760.0, 0.078233816
25770.0, 0.078232534
25780.0, 0.07823126
25790.0, 0.07822999
25800.0, 0.07822871
25810.0, 0.078227445
25820.0, 0.07822618
25830.0, 0.07822491
25840.0, 0.07822365
25850.0, 0.078222394
25860.0, 0.078221135
25870.0, 0.07821988
25880.0, 0.07821863
25890.0, 0.07821738
25900.0, 0.07821613
25910.0, 0.078214884
25920.0, 0.07821365
25930.0, 0.0782124
25940.0, 0.078211166
25950.0, 0.07820994
25960.0, 0.0782087
25970.0, 0.07820747
25980.0, 0.07820624
25990.0, 0.07820503
26000.0, 0.078203805
26010.0, 0.07820258
26020.0, 0.07820136
26030.0, 0.078200154
26040.0, 0.07819894
26050.0, 0.078197725
26060.0, 0.07819652
26070.0, 0.07819531
26080.0, 0.078194104
26090.0, 0.07819291
26100.0, 0.078191705
26110.0, 0.07819051
26120.0, 0.07818932
26130.0, 0.07818813
26140.0, 0.078186944
26150.0, 0.07818575
26160.0, 0.078184575
26170.0, 0.07818339
26180.0, 0.07818222
26190.0, 0.078181036
26200.0, 0.07817986
26210.0, 0.07817869
26220.0, 0.07817752
26230.0, 0.07817636
26240.0, 0.078175195
26250.0, 0.07817403
26260.0, 0.07817287
26270.0, 0.07817171
26280.0, 0.07817055
26290.0, 0.0781694
26300.0, 0.07816825
26310.0, 0.078167096
26320.0, 0.07816595
26330.0, 0.07816481
26340.0, 0.07816366
26350.0, 0.07816253
26360.0, 0.07816139
26370.0, 0.07816025
26380.0, 0.07815912
26390.0, 0.07815799
26400.0, 0.07815686
26410.0, 0.07815573
26420.0, 0.07815461
26430.0, 0.07815349
26440.0, 0.078152366
26450.0, 0.078151256
26460.0, 0.07815014
26470.0, 0.07814903
26480.0, 0.07814792
26490.0, 0.07814681
26500.0, 0.078145705
26510.0, 0.0781446
26520.0, 0.07814349
26530.0, 0.0781424
26540.0, 0.0781413
26550.0, 0.07814021
26560.0, 0.07813911
26570.0, 0.07813802
26580.0, 0.078136936
26590.0, 0.07813584
26600.0, 0.07813476
26610.0, 0.07813368
26620.0, 0.0781326
26630.0, 0.07813153
26640.0, 0.078130454
26650.0, 0.07812938
26660.0, 0.07812831
26670.0, 0.078127235
26680.0, 0.07812617
26690.0, 0.0781251
26700.0, 0.07812405
26710.0, 0.07812298
26720.0, 0.07812192
26730.0, 0.07812087
26740.0, 0.078119814
26750.0, 0.07811876
26760.0, 0.07811771
26770.0, 0.07811666
26780.0, 0.07811562
26790.0, 0.07811457
26800.0, 0.07811353
26810.0, 0.07811249
26820.0, 0.078111455
26830.0, 0.07811042
26840.0, 0.07810938
26850.0, 0.078108355
26860.0, 0.07810732
26870.0, 0.0781063
26880.0, 0.07810528
26890.0, 0.07810424
26900.0, 0.07810323
26910.0, 0.07810221
26920.0, 0.078101195
26930.0, 0.07810018
26940.0, 0.07809917
26950.0, 0.078098156
26960.0, 0.07809714
26970.0, 0.07809614
26980.0, 0.07809513
26990.0, 0.078094125
27000.0, 0.07809313
27010.0, 0.078092135
27020.0, 0.07809114
27030.0, 0.07809014
27040.0, 0.07808915
27050.0, 0.07808816
27060.0, 0.078087166
27070.0, 0.078086175
27080.0, 0.0780852
27090.0, 0.078084216
27100.0, 0.07808323
27110.0, 0.078082256
27120.0, 0.07808127
27130.0, 0.0780803
27140.0, 0.07807933
27150.0, 0.07807835
27160.0, 0.07807739
27170.0, 0.07807642
27180.0, 0.07807546
27190.0, 0.07807449
27200.0, 0.07807353
27210.0, 0.07807257
27220.0, 0.07807162
27230.0, 0.07807066
27240.0, 0.0780697
27250.0, 0.078068756
27260.0, 0.078067794
27270.0, 0.07806685
27280.0, 0.07806591
27290.0, 0.07806496
27300.0, 0.078064024
27310.0, 0.07806308
27320.0, 0.07806214
27330.0, 0.0780612
27340.0, 0.07806027
27350.0, 0.07805934
27360.0, 0.07805841
27370.0, 0.078057475
27380.0, 0.07805655
27390.0, 0.07805562
27400.0, 0.0780547
27410.0, 0.07805378
27420.0, 0.078052856
27430.0, 0.07805194
27440.0, 0.078051016
27450.0, 0.07805011
27460.0, 0.0780492
27470.0, 0.07804828
27480.0, 0.07804737
27490.0, 0.07804646
27500.0, 0.078045554
27510.0, 0.07804466
27520.0, 0.07804375
27530.0, 0.07804285
27540.0, 0.078041956
27550.0, 0.078041054
27560.0, 0.07804017
27570.0, 0.07803927
27580.0, 0.07803839
27590.0, 0.07803749
27600.0, 0.0780366
27610.0, 0.07803572
27620.0, 0.078034826
27630.0, 0.07803395
27640.0, 0.078033075
27650.0, 0.07803219
27660.0, 0.07803132
27670.0, 0.078030445
27680.0, 0.078029566
27690.0, 0.078028694
27700.0, 0.07802782
27710.0, 0.07802695
27720.0, 0.078026086
27730.0, 0.07802522
27740.0, 0.078024365
27750.0, 0.0780235
27760.0, 0.078022644
27770.0, 0.07802178
27780.0, 0.07802092
27790.0, 0.078020066
27800.0, 0.07801922
27810.0, 0.07801837
27820.0, 0.07801752
27830.0, 0.07801667
27840.0, 0.07801582
27850.0, 0.07801498
27860.0, 0.078014135
27870.0, 0.0780133
27880.0, 0.07801246
27890.0, 0.07801162
27900.0, 0.07801078
27910.0, 0.07800995
27920.0, 0.07800911
27930.0, 0.07800829
27940.0, 0.07800746
27950.0, 0.078006625
27960.0, 0.0780058
27970.0, 0.07800498
27980.0, 0.07800415
27990.0, 0.07800333
28000.0, 0.07800251
28010.0, 0.07800169
28020.0, 0.07800088
28030.0, 0.07800007
28040.0, 0.07799926
28050.0, 0.077998444
28060.0, 0.07799763
28070.0, 0.07799682
28080.0, 0.07799602
28090.0, 0.07799521
28100.0, 0.07799441
28110.0, 0.0779936
28120.0, 0.077992804
28130.0, 0.077992015
28140.0, 0.07799121
28150.0, 0.07799042
28160.0, 0.07798962
28170.0, 0.07798883
28180.0, 0.077988036
28190.0, 0.07798725
28200.0, 0.077986464
28210.0, 0.07798568
28220.0, 0.0779849
28230.0, 0.07798411
28240.0, 0.07798333
28250.0, 0.07798255
28260.0, 0.07798178
28270.0, 0.077980995
28280.0, 0.07798022
28290.0, 0.07797945
28300.0, 0.07797868
28310.0, 0.07797791
28320.0, 0.077977136
28330.0, 0.07797637
28340.0, 0.07797561
28350.0, 0.07797484
28360.0, 0.07797408
28370.0, 0.07797332
28380.0, 0.07797256
28390.0, 0.0779718
28400.0, 0.07797105
28410.0, 0.07797029
28420.0, 0.07796954
28430.0, 0.07796878
28440.0, 0.07796803
28450.0, 0.077967286
28460.0, 0.07796654
28470.0, 0.077965796
28480.0, 0.07796504
28490.0, 0.077964306
28500.0, 0.07796356
28510.0, 0.07796283
28520.0, 0.077962086
28530.0, 0.07796135
28540.0, 0.07796061
28550.0, 0.07795987
28560.0, 0.07795915
28570.0, 0.07795841
28580.0, 0.07795768
28590.0, 0.07795695
28600.0, 0.07795623
28610.0, 0.07795551
28620.0, 0.07795478
28630.0, 0.07795406
28640.0, 0.07795334
28650.0, 0.077952616
28660.0, 0.0779519
28670.0, 0.077951185
28680.0, 0.07795046
28690.0, 0.077949755
28700.0, 0.07794904
28710.0, 0.07794833
28720.0, 0.07794762
28730.0, 0.07794691
28740.0, 0.07794621
28750.0, 0.0779455
28760.0, 0.0779448
28770.0, 0.0779441
28780.0, 0.0779434
28790.0, 0.0779427
28800.0, 0.077942
28810.0, 0.077941306
28820.0, 0.0779406
28830.0, 0.077939905
28840.0, 0.07793922
28850.0, 0.07793853
28860.0, 0.07793784
28870.0, 0.07793715
28880.0, 0.07793646
28890.0, 0.07793578
28900.0, 0.07793509
28910.0, 0.07793441
28920.0, 0.07793372
28930.0, 0.07793305
28940.0, 0.077932365
28950.0, 0.07793169
28960.0, 0.07793101
28970.0, 0.07793033
28980.0, 0.07792967
28990.0, 0.07792899
29000.0, 0.07792832
29010.0, 0.07792765
29020.0, 0.07792698
29030.0, 0.077926315
29040.0, 0.07792565
29050.0, 0.07792498
29060.0, 0.07792432
29070.0, 0.07792366
29080.0, 0.077923
29090.0, 0.077922344
29100.0, 0.07792168
29110.0, 0.077921025
29120.0, 0.07792037
29130.0, 0.07791972
29140.0, 0.077919066
29150.0, 0.07791842
29160.0, 0.07791776
29170.0, 0.077917114
29180.0, 0.07791647
29190.0, 0.077915825
29200.0, 0.07791518
29210.0, 0.077914536
29220.0, 0.077913895
29230.0, 0.077913254
29240.0, 0.077912614
29250.0, 0.07791197
29260.0, 0.07791134
29270.0, 0.07791071
29280.0, 0.07791007
29290.0, 0.07790943
29300.0, 0.0779088
29310.0, 0.07790817
29320.0, 0.07790755
29330.0, 0.077906914
29340.0, 0.07790629
29350.0, 0.077905655
29360.0, 0.07790504
29370.0, 0.07790441
29380.0, 0.07790379
29390.0, 0.077903174
29400.0, 0.077902555
29410.0, 0.07790194
29420.0, 0.07790132
29430.0, 0.0779007
29440.0, 0.07790009
29450.0, 0.07789947
29460.0, 0.07789886
29470.0, 0.07789825
29480.0, 0.077897646
29490.0, 0.077897035
29500.0, 0.07789643
29510.0, 0.07789582
29520.0, 0.07789522
29530.0, 0.07789461
29540.0, 0.07789401
29550.0, 0.07789341
29560.0, 0.07789281
29570.0, 0.077892214
29580.0, 0.07789161
29590.0, 0.07789102
29600.0, 0.077890426
29610.0, 0.07788983
29620.0, 0.07788924
29630.0, 0.077888645
29640.0, 0.07788806
29650.0, 0.07788747
29660.0, 0.07788688
29670.0, 0.07788629
29680.0, 0.07788571
29690.0, 0.07788512
29700.0, 0.07788454
29710.0, 0.07788395
29720.0, 0.07788337
29730.0, 0.0778828
29740.0, 0.07788222
29750.0, 0.07788164
29760.0, 0.07788107
29770.0, 0.07788049
29780.0, 0.07787991
29790.0, 0.07787934
29800.0, 0.07787877
29810.0, 0.07787819
29820.0, 0.077877626
29830.0, 0.07787706
29840.0, 0.07787649
29850.0, 0.07787593
29860.0, 0.07787536
29870.0, 0.077874795
29880.0, 0.077874236
29890.0, 0.07787368
29900.0, 0.07787311
29910.0, 0.07787255
29920.0, 0.07787199
29930.0, 0.07787144
29940.0, 0.077870876
29950.0, 0.077870324
29960.0, 0.07786977
29970.0, 0.07786922
29980.0, 0.07786867
29990.0, 0.07786812
30000.0, 0.077867575
