#    time,   elecNode0ground, elecNode0surface, elecNode1ground, elecNode1surface, elecNode2ground, elecNode2surface, elecNode3ground, elecNode3surface, elecNode4ground, elecNode4surface, elecNode5ground, elecNode5surface, elecNode6ground, elecNode6surface, elecNode7ground, elecNode7surface, 
0.0, 0.0, 0.0, 0.0, 0.0, 0.0, 0.0, 0.0, 0.0, 0.0, 0.0, 0.0, 0.0, 0.0, 0.0, 0.0, 0.0, 
10.004141, -140.42978, -147.13565, -140.42978, -140.42973, -140.42978, -181.84787, -140.42978, -142.91188, -140.42978, -140.42972, -140.42978, 18.540434, -140.42978, -255.23685, -140.42978, -199.86417, 
20.60349, -561.10016, -575.84436, -561.10016, -561.10016, -561.10016, -669.0377, -561.10016, -540.5208, -561.10016, -561.1001, -561.10016, -282.823, -561.10016, -796.0863, -561.10016, -683.0766, 
30.379232, -838.9751, -870.68695, -838.9751, -838.97473, -838.9751, -986.00323, -838.9751, -813.6171, -838.9751, -838.9745, -838.9751, -438.63657, -838.9751, -1182.3607, -838.9751, -1017.6214, 
31.736023, -924.7943, -963.255, -924.7943, -924.79407, -924.7943, -1077.5496, -924.7943, -897.7635, -924.7943, -924.794, -924.7943, -513.15, -924.7943, -1283.0941, -924.7943, -1111.2019, 
42.584393, -1218.686, -1291.7698, -1218.686, -1218.6855, -1218.686, -1413.7982, -1218.686, -1183.6915, -1218.686, -1218.6857, -1218.686, -672.901, -1218.686, -1693.7505, -1218.686, -1467.3306, 
54.993843, -1544.9528, -1631.7167, -1544.9528, -1544.9528, -1544.9528, -1790.2411, -1544.9528, -1491.7196, -1544.9528, -1544.9521, -1544.9528, -856.37823, -1544.9528, -2148.8064, -1544.9528, -1862.2043, 
62.179157, -1904.0035, -2001.8812, -1904.0035, -1904.0033, -1904.0035, -2175.5288, -1904.0035, -1834.0242, -1904.0035, -1904.0032, -1904.0035, -1173.7285, -1904.0035, -2580.349, -1904.0035, -2261.3562, 
74.03353, -2252.0215, -2357.1504, -2252.0215, -2252.0212, -2252.0215, -2565.326, -2252.0215, -2156.8162, -2252.0215, -2252.021, -2252.0215, -1423.9752, -2252.0215, -3042.7317, -2252.0215, -2668.775, 
83.55899, -2393.53, -2510.877, -2393.53, -2393.529, -2393.53, -2741.198, -2393.53, -2277.3694, -2393.53, -2393.5298, -2393.53, -1467.0555, -2393.53, -3274.7307, -2393.53, -2857.6917, 
89.25104, -2563.352, -2682.418, -2563.352, -2563.3523, -2563.352, -2930.0034, -2563.352, -2438.1267, -2563.352, -2563.3496, -2563.352, -1588.5648, -2563.352, -3496.2603, -2563.352, -3052.6313, 
102.321465, -2875.938, -3019.108, -2875.938, -2875.938, -2875.938, -3285.6863, -2875.938, -2735.9067, -2875.938, -2875.9365, -2875.938, -1781.1613, -2875.938, -3925.2798, -2875.938, -3421.9512, 
111.122, -3184.5273, -3341.8882, -3184.5273, -3184.5276, -3184.5273, -3637.057, -3184.5273, -3022.1401, -3184.5273, -3184.5256, -3184.5273, -2040.4261, -3184.5273, -4308.7734, -3184.5273, -3767.2222, 
122.55, -3380.4934, -3534.2048, -3380.4934, -3380.4934, -3380.4934, -3865.629, -3380.4934, -3198.4402, -3380.4934, -3380.4927, -3380.4934, -2128.293, -3380.4934, -4599.1406, -3380.4934, -4009.3083, 
136.41225, -3551.7183, -3713.49, -3551.7183, -3551.718, -3551.7183, -4076.4316, -3551.7183, -3340.687, -3551.7183, -3551.7158, -3551.7183, -2160.0232, -3551.7183, -4881.417, -3551.7183, -4232.713, 
142.59341, -3717.9956, -3874.7346, -3717.9956, -3717.9958, -3717.9956, -4259.4014, -3717.9956, -3497.6284, -3717.9956, -3717.9941, -3717.9956, -2280.5073, -3717.9956, -5095.981, -3717.9956, -4421.014, 
151.36903, -3798.93, -3966.4297, -3798.93, -3798.9292, -3798.93, -4362.3022, -3798.93, -3577.2976, -3798.93, -3798.9294, -3798.93, -2273.8223, -3798.93, -5243.84, -3798.93, -4533.099, 
169.59946, -4082.173, -4216.3306, -4082.173, -4082.1729, -4082.173, -4687.086, -4082.173, -3838.4578, -4082.173, -4082.1707, -4082.173, -2407.0745, -4082.173, -5661.0225, -4082.173, -4876.8477, 
179.2656, -4232.4536, -4378.0215, -4232.4536, -4232.453, -4232.4536, -4860.517, -4232.4536, -3985.685, -4232.4536, -4232.451, -4232.4536, -2477.495, -4232.4536, -5880.6636, -4232.4536, -5058.833, 
181.3832, -4363.538, -4519.4536, -4363.538, -4363.538, -4363.538, -4996.4893, -4363.538, -4116.0522, -4363.538, -4363.5366, -4363.538, -2608.5571, -4363.538, -6026.6963, -4363.538, -5196.6724, 
189.56155, -4680.507, -4865.224, -4680.507, -4680.5083, -4680.507, -5337.1646, -4680.507, -4417.149, -4680.507, -4680.504, -4680.507, -2905.69, -4680.507, -6399.443, -4680.507, -5542.201, 
201.10338, -4915.764, -5105.883, -4915.764, -4915.763, -4915.764, -5596.679, -4915.764, -4627.447, -4915.764, -4915.7607, -4915.764, -3071.3733, -4915.764, -6708.776, -4915.764, -5811.276, 
212.64473, -5079.698, -5254.0825, -5079.698, -5079.6978, -5079.698, -5782.167, -5079.698, -4753.64, -5079.698, -5079.695, -5079.698, -3153.5156, -5079.698, -6943.284, -5079.698, -6002.551, 
224.34773, -5169.5923, -5342.2295, -5169.5923, -5169.592, -5169.5923, -5896.4907, -5169.5923, -4828.586, -5169.5923, -5169.59, -5169.5923, -3152.5479, -5169.5923, -7103.0576, -5169.5923, -6122.385, 
241.98785, -5419.9385, -5567.717, -5419.9385, -5419.938, -5419.9385, -6180.741, -5419.9385, -5048.5005, -5419.9385, -5419.937, -5419.9385, -3286.8374, -5419.9385, -7457.831, -5419.9385, -6417.2964, 
260.51187, -5558.99, -5702.192, -5558.99, -5558.99, -5558.99, -6349.2812, -5558.99, -5307.6543, -5558.99, -5558.9883, -5558.99, -3283.3704, -5558.99, -7702.1807, -5558.99, -6595.3447, 
260.97244, -5644.1084, -5790.968, -5644.1084, -5644.107, -5644.1084, -6435.146, -5644.1084, -5389.233, -5644.1084, -5644.105, -5644.1084, -3377.8171, -5644.1084, -7790.2993, -5644.1084, -6683.5728, 
261.4565, -5687.11, -5836.5, -5687.11, -5687.109, -5687.11, -6480.5054, -5687.11, -5429.247, -5687.11, -5687.105, -5687.11, -3426.13, -5687.11, -7836.2046, -5687.11, -6727.745, 
271.9116, -6019.3384, -6182.3125, -6019.3384, -6019.338, -6019.3384, -6828.213, -6019.3384, -5723.5186, -6019.3384, -6019.335, -6019.3384, -3735.9004, -6019.3384, -8222.776, -6019.3384, -7081.409, 
279.66968, -6043.8916, -6213.142, -6043.8916, -6043.8906, -6043.8916, -6863.8394, -6043.8916, -5724.3433, -6043.8916, -6043.8896, -6043.8916, -3706.2202, -6043.8916, -8286.03, -6043.8916, -7122.2656, 
298.2867, -6423.4272, -6582.0957, -6423.4272, -6423.426, -6423.4272, -7268.678, -6423.4272, -6042.045, -6423.4272, -6423.4243, -6423.4272, -4020.676, -6423.4272, -8753.55, -6423.4272, -7535.091, 
309.19302, -6472.927, -6657.124, -6472.927, -6472.925, -6472.927, -7332.527, -6472.927, -6065.861, -6472.927, -6472.9253, -6472.927, -4001.0642, -6472.927, -8851.199, -6472.927, -7601.347, 
320.75186, -6652.6157, -6812.1636, -6652.6157, -6652.6157, -6652.6157, -7524.0386, -6652.6157, -6216.634, -6652.6157, -6652.6123, -6652.6157, -4135.742, -6652.6157, -9083.601, -6652.6157, -7797.6763, 
332.57407, -6716.2476, -6881.4287, -6716.2476, -6716.248, -6716.2476, -7599.358, -6716.2476, -6274.557, -6716.2476, -6716.2427, -6716.2476, -4132.1567, -6716.2476, -9197.784, -6716.2476, -7879.225, 
347.3159, -6925.836, -7070.82, -6925.836, -6925.835, -6925.836, -7827.5566, -6925.836, -6460.836, -6925.836, -6925.832, -6925.836, -4284.64, -6925.836, -9467.631, -6925.836, -8116.3433, 
363.04065, -7011.308, -7158.4185, -7011.308, -7011.307, -7011.308, -7929.8213, -7011.308, -6540.3936, -7011.308, -7011.306, -7011.308, -4281.5947, -7011.308, -9614.19, -7011.308, -8279.703, 
366.29727, -7184.6714, -7334.888, -7184.6714, -7184.6714, -7184.6714, -8105.369, -7184.6714, -6718.782, -7184.6714, -7184.6665, -7184.6714, -4465.844, -7184.6714, -9800.099, -7184.6714, -8456.613, 
369.61078, -7170.9346, -7329.58, -7170.9346, -7170.9346, -7170.9346, -8095.1875, -7170.9346, -6697.674, -7170.9346, -7170.93, -7170.9346, -4431.6724, -7170.9346, -9798.569, -7170.9346, -8445.905, 
384.21808, -7362.3433, -7505.805, -7362.3433, -7362.343, -7362.3433, -8297.496, -7362.3433, -6845.9814, -7362.3433, -7362.3413, -7362.3433, -4575.1523, -7362.3433, -10042.861, -7362.3433, -8650.112, 
399.2076, -7449.2656, -7662.8994, -7449.2656, -7449.265, -7449.2656, -8391.721, -7449.2656, -6914.2417, -7449.2656, -7449.2607, -7449.2656, -4573.54, -7449.2656, -10178.93, -7449.2656, -8752.382, 
407.16855, -7608.5464, -7793.942, -7608.5464, -7608.5474, -7608.5464, -8556.963, -7608.5464, -7065.5713, -7608.5464, -7608.544, -7608.5464, -4722.618, -7608.5464, -10362.924, -7608.5464, -8917.85, 
415.37927, -7644.4575, -7828.095, -7644.4575, -7644.458, -7644.4575, -8595.357, -7644.4575, -7096.837, -7644.4575, -7644.454, -7644.4575, -4722.491, -7644.4575, -10430.166, -7644.4575, -8959.419, 
422.80576, -7781.7485, -7960.92, -7781.7485, -7781.748, -7781.7485, -8738.287, -7781.7485, -7221.0493, -7781.7485, -7781.7446, -7781.7485, -4849.3296, -7781.7485, -10589.743, -7781.7485, -9100.38, 
430.5317, -7813.218, -7994.4927, -7813.218, -7813.218, -7813.218, -8774.98, -7813.218, -7248.81, -7813.218, -7813.219, -7813.218, -4849.244, -7813.218, -10643.637, -7813.218, -9166.666, 
443.5159, -7979.714, -8145.142, -7979.714, -7979.715, -7979.714, -8944.735, -7979.714, -7398.7754, -7979.714, -7979.708, -7979.714, -4982.1787, -7979.714, -10848.062, -7979.714, -9338.868, 
457.58667, -8034.483, -8220.221, -8034.483, -8034.4805, -8034.483, -9005.986, -8034.483, -7442.6484, -8034.483, -8034.48, -8034.483, -4975.855, -8034.483, -10946.617, -8034.483, -9402.274, 
468.32144, -8165.78, -8342.032, -8165.78, -8165.7783, -8165.78, -9139.469, -8165.78, -7565.158, -8165.78, -8165.7783, -8165.78, -5084.9863, -8165.78, -11105.45, -8165.78, -9542.224, 
479.4181, -8213.773, -8394.004, -8213.773, -8213.772, -8213.773, -9384.44, -8213.773, -7600.412, -8213.773, -8213.77, -8213.773, -5087.008, -8213.773, -11180.402, -8213.773, -9596.142, 
493.498, -8374.356, -8534.503, -8374.356, -8374.356, -8374.356, -9550.202, -8374.356, -7744.738, -8374.356, -8374.353, -8374.356, -5221.0337, -8374.356, -11374.294, -8374.356, -9768.061, 
508.62622, -8412.593, -8590.951, -8412.593, -8412.591, -8412.593, -9591.258, -8412.593, -7778.6147, -8412.593, -8412.592, -8412.593, -5204.3247, -8412.593, -11446.51, -8412.593, -9815.087, 
511.84964, -8512.6045, -8684.026, -8512.6045, -8512.604, -8512.6045, -9695.596, -8512.6045, -7871.8267, -8512.6045, -8512.602, -8512.6045, -5309.969, -8512.6045, -11555.384, -8512.6045, -9917.207, 
515.2542, -8508.866, -8680.012, -8508.866, -8508.866, -8508.866, -9691.302, -8508.866, -7864.7886, -8508.866, -8508.864, -8508.866, -5296.7354, -8508.866, -11559.044, -8508.866, -9913.945, 
528.36865, -8639.819, -8793.223, -8639.819, -8639.819, -8639.819, -9825.063, -8639.819, -7977.3267, -8639.819, -8639.814, -8639.819, -5399.4404, -8639.819, -11718.995, -8639.819, -10042.326, 
542.2951, -8680.101, -8835.435, -8680.101, -8680.099, -8680.101, -9866.661, -8680.101, -8004.9004, -8680.101, -8680.094, -8680.101, -5399.4663, -8680.101, -11785.921, -8680.101, -10086.346, 
545.13184, -8760.056, -8930.452, -8760.056, -8760.056, -8760.056, -9946.157, -8760.056, -8098.8574, -8760.056, -8760.056, -8760.056, -5480.4897, -8760.056, -11871.503, -8760.056, -10168.44, 
548.0416, -8751.571, -8915.488, -8751.571, -8751.568, -8751.571, -9936.291, -8751.571, -8085.9497, -8751.571, -8751.566, -8751.571, -5463.333, -8751.571, -11868.528, -8751.571, -10160.162, 
577.1393, -8836.584, -8968.937, -8836.584, -8836.585, -8836.584, -10014.828, -8836.584, -8133.745, -8836.584, -8836.583, -8836.584, -5472.0215, -8836.584, -12004.409, -8836.584, -10241.732, 
579.4382, -8915.788, -9047.279, -8915.788, -8915.79, -8915.788, -10126.256, -8915.788, -8208.629, -8915.788, -8915.785, -8915.788, -5555.0376, -8915.788, -12088.303, -8915.788, -10320.857, 
581.85986, -8909.692, -9042.095, -8909.692, -8909.692, -8909.692, -10120.0, -8909.692, -8198.635, -8909.692, -8909.689, -8909.692, -5542.273, -8909.692, -12086.609, -8909.692, -10316.003, 
606.07697, -8976.338, -9085.541, -8976.338, -8976.336, -8976.338, -10182.932, -8976.338, -8242.677, -8976.338, -8976.333, -8976.338, -5549.865, -8976.338, -12190.522, -8976.338, -10382.8, 
607.1968, -9038.538, -9147.574, -9038.538, -9038.538, -9038.538, -10244.339, -9038.538, -8308.847, -9038.538, -9038.535, -9038.538, -5618.1123, -9038.538, -12254.954, -9038.538, -10448.733, 
608.355, -9035.066, -9142.091, -9035.066, -9035.065, -9035.066, -10240.371, -9035.066, -8303.449, -9035.066, -9035.0625, -9035.066, -5613.2495, -9035.066, -12253.419, -9035.066, -10445.747, 
619.93677, -9075.9795, -9155.942, -9075.9795, -9075.9795, -9075.9795, -10273.774, -9075.9795, -8337.052, -9075.9795, -9075.976, -9075.9795, -5630.037, -9075.9795, -12310.728, -9075.9795, -10520.122, 
632.38696, -9206.624, -9318.854, -9206.624, -9206.623, -9206.624, -10397.955, -9206.624, -8446.186, -9206.624, -9206.618, -9206.624, -5742.8315, -9206.624, -12457.625, -9206.624, -10649.439, 
645.91327, -9223.796, -9301.219, -9223.796, -9223.796, -9223.796, -10410.653, -9223.796, -8460.048, -9223.796, -9223.792, -9223.796, -5732.9785, -9223.796, -12491.538, -9223.796, -10691.867, 
745.91327, -9424.904, -9397.9375, -9424.904, -9424.904, -9424.904, -10553.902, -9424.904, -8536.069, -9424.904, -9424.899, -9424.904, -5737.0825, -9424.904, -12803.325, -9424.904, -10910.92, 
750.14417, -9534.737, -9516.91, -9534.737, -9534.737, -9534.737, -10659.892, -9534.737, -8644.931, -9534.737, -9534.734, -9534.737, -5854.4307, -9534.737, -12918.894, -9534.737, -11019.668, 
754.51685, -9522.829, -9507.8, -9522.829, -9522.825, -9522.829, -10643.831, -9522.829, -8629.949, -9522.829, -9522.826, -9522.829, -5834.011, -9522.829, -12911.638, -9522.829, -11005.738, 
766.0475, -9639.703, -9644.015, -9639.703, -9639.701, -9639.703, -10756.637, -9639.703, -8774.664, -9639.703, -9639.699, -9639.703, -5938.865, -9639.703, -13038.612, -9639.703, -11118.324, 
777.7898, -9659.495, -9649.684, -9659.495, -9659.493, -9659.495, -10769.315, -9659.495, -8786.826, -9659.495, -9659.494, -9659.495, -5938.18, -9659.495, -13067.855, -9659.495, -11167.886, 
877.7898, -9804.031, -9730.101, -9804.031, -9804.032, -9804.031, -10834.874, -9804.031, -8966.875, -9804.031, -9804.03, -9804.031, -5940.54, -9804.031, -13261.91, -9804.031, -11293.737, 
977.7898, -9946.368, -9800.232, -9946.368, -9946.363, -9946.368, -10876.445, -9946.368, -8980.865, -9946.368, -9946.368, -9946.368, -5947.3345, -9946.368, -13459.983, -9946.368, -11410.01, 
1077.7898, -10077.264, -9945.122, -10077.264, -10077.264, -10077.264, -10894.463, -10077.264, -9035.234, -10077.264, -10077.254, -10077.264, -5951.555, -10077.264, -13631.294, -10077.264, -11498.582, 
