Energy (in eV), SEEE yield of material ka2k-NASCAP at isotropic incidence
   X,       Y
0.0, 0.0
10.0, 0.35732284
20.0, 0.68439835
30.0, 0.9859499
40.0, 1.2629287
50.0, 1.5157975
60.0, 1.7450384
70.0, 1.9512904
80.0, 2.1353803
90.0, 2.2983077
100.0, 2.441219
110.0, 2.56537
120.0, 2.6720898
130.0, 2.762744
140.0, 2.8387084
150.0, 2.9013386
160.0, 2.9519491
170.0, 2.991797
180.0, 3.0220687
190.0, 3.0438712
200.0, 3.0582266
210.0, 3.066072
220.0, 3.068257
230.0, 3.0655487
240.0, 3.0586329
250.0, 3.0481198
260.0, 3.0345504
270.0, 3.0183997
280.0, 3.0000868
290.0, 2.9799743
300.0, 2.9583807
310.0, 2.935581
320.0, 2.911812
330.0, 2.8872795
340.0, 2.8621602
350.0, 2.836605
360.0, 2.8107436
370.0, 2.7846868
380.0, 2.7585285
390.0, 2.7323492
400.0, 2.7062163
410.0, 2.6801875
420.0, 2.6543114
430.0, 2.6286278
440.0, 2.6031702
450.0, 2.5779674
460.0, 2.5530415
470.0, 2.5284119
480.0, 2.5040927
490.0, 2.4800963
500.0, 2.4564319
510.0, 2.433106
520.0, 2.410123
530.0, 2.3874867
540.0, 2.3651984
550.0, 2.3432584
560.0, 2.3216665
570.0, 2.30042
580.0, 2.2795172
590.0, 2.2589557
600.0, 2.238731
610.0, 2.2188396
620.0, 2.1992767
630.0, 2.1800387
640.0, 2.1611197
650.0, 2.1425147
660.0, 2.124219
670.0, 2.106227
680.0, 2.0885324
690.0, 2.0711315
700.0, 2.0540178
710.0, 2.0371857
720.0, 2.0206294
730.0, 2.0043445
740.0, 1.9883245
750.0, 1.972565
760.0, 1.95706
770.0, 1.9418046
780.0, 1.9267936
790.0, 1.9120219
800.0, 1.8974841
810.0, 1.8831756
820.0, 1.8690919
830.0, 1.8552281
840.0, 1.8415791
850.0, 1.8281407
860.0, 1.814909
870.0, 1.8018788
880.0, 1.7890463
890.0, 1.7764074
900.0, 1.7639577
910.0, 1.7516935
920.0, 1.7396107
930.0, 1.727706
940.0, 1.7159749
950.0, 1.7044147
960.0, 1.6930212
970.0, 1.6817912
980.0, 1.6707214
990.0, 1.6598083
1000.0, 1.649049
1010.0, 1.6384403
1020.0, 1.627979
1030.0, 1.6176623
1040.0, 1.6074873
1050.0, 1.5974509
1060.0, 1.5875506
1070.0, 1.5777838
1080.0, 1.5681479
1090.0, 1.5586399
1100.0, 1.5492575
1110.0, 1.5399984
1120.0, 1.5308602
1130.0, 1.5218403
1140.0, 1.5129368
1150.0, 1.5041475
1160.0, 1.4954703
1170.0, 1.4869026
1180.0, 1.4784427
1190.0, 1.4700882
1200.0, 1.4618374
1210.0, 1.4536892
1220.0, 1.4456403
1230.0, 1.4376898
1240.0, 1.4298356
1250.0, 1.422076
1260.0, 1.4144093
1270.0, 1.4068338
1280.0, 1.3993481
1290.0, 1.3919502
1300.0, 1.3846389
1310.0, 1.3774124
1320.0, 1.3702698
1330.0, 1.3632087
1340.0, 1.3562287
1350.0, 1.3493276
1360.0, 1.3425045
1370.0, 1.3357581
1380.0, 1.3290865
1390.0, 1.3224895
1400.0, 1.3159648
1410.0, 1.309512
1420.0, 1.3031294
1430.0, 1.2968161
1440.0, 1.2905706
1450.0, 1.2843922
1460.0, 1.2782798
1470.0, 1.2722322
1480.0, 1.2662481
1490.0, 1.2603271
1500.0, 1.2544676
1510.0, 1.2486693
1520.0, 1.2429303
1530.0, 1.2372503
1540.0, 1.2316284
1550.0, 1.2260636
1560.0, 1.220555
1570.0, 1.2151015
1580.0, 1.2097026
1590.0, 1.2043573
1600.0, 1.199065
1610.0, 1.1938245
1620.0, 1.1886355
1630.0, 1.183497
1640.0, 1.1784081
1650.0, 1.1733685
1660.0, 1.1683768
1670.0, 1.1634331
1680.0, 1.1585361
1690.0, 1.1536851
1700.0, 1.1488799
1710.0, 1.1441195
1720.0, 1.1394035
1730.0, 1.1347312
1740.0, 1.1301016
1750.0, 1.1255147
1760.0, 1.1209694
1770.0, 1.1164657
1780.0, 1.1120025
1790.0, 1.1075792
1800.0, 1.1031954
1810.0, 1.0988508
1820.0, 1.0945446
1830.0, 1.0902765
1840.0, 1.0860456
1850.0, 1.0818517
1860.0, 1.0776945
1870.0, 1.0735731
1880.0, 1.0694872
1890.0, 1.0654362
1900.0, 1.06142
1910.0, 1.0574375
1920.0, 1.0534892
1930.0, 1.0495735
1940.0, 1.0456911
1950.0, 1.0418409
1960.0, 1.0380226
1970.0, 1.0342358
1980.0, 1.0304803
1990.0, 1.0267555
2000.0, 1.0230612
2010.0, 1.0193968
2020.0, 1.0157617
2030.0, 1.0121562
2040.0, 1.0085794
2050.0, 1.0050313
2060.0, 1.0015113
2070.0, 0.99801916
2080.0, 0.9945546
2090.0, 0.9911171
2100.0, 0.98770636
2110.0, 0.9843222
2120.0, 0.9809642
2130.0, 0.9776321
2140.0, 0.97432566
2150.0, 0.97104436
2160.0, 0.9677881
2170.0, 0.9645565
2180.0, 0.96134955
2190.0, 0.95816636
2200.0, 0.95500714
2210.0, 0.9518714
2220.0, 0.9487592
2230.0, 0.9456697
2240.0, 0.9426032
2250.0, 0.93955904
2260.0, 0.93653715
2270.0, 0.93353736
2280.0, 0.93055916
2290.0, 0.9276027
2300.0, 0.92466724
2310.0, 0.9217529
2320.0, 0.9188594
2330.0, 0.9159866
2340.0, 0.9131339
2350.0, 0.91030145
2360.0, 0.90748876
2370.0, 0.904696
2380.0, 0.9019224
2390.0, 0.89916825
2400.0, 0.8964331
2410.0, 0.89371693
2420.0, 0.8910194
2430.0, 0.88834023
2440.0, 0.8856793
2450.0, 0.88303655
2460.0, 0.8804117
2470.0, 0.8778044
2480.0, 0.8752146
2490.0, 0.87264216
2500.0, 0.87008697
2510.0, 0.8675486
2520.0, 0.86502707
2530.0, 0.8625222
2540.0, 0.86003387
2550.0, 0.8575617
2560.0, 0.8551057
2570.0, 0.85266554
2580.0, 0.8502413
2590.0, 0.8478328
2600.0, 0.8454396
2610.0, 0.8430617
2620.0, 0.8406991
2630.0, 0.8383515
2640.0, 0.83601886
2650.0, 0.8337009
2660.0, 0.8313975
2670.0, 0.8291086
2680.0, 0.82683396
2690.0, 0.8245735
2700.0, 0.82232696
2710.0, 0.8200945
2720.0, 0.8178758
2730.0, 0.8156707
2740.0, 0.81347907
2750.0, 0.8113008
2760.0, 0.8091359
2770.0, 0.8069841
2780.0, 0.8048451
2790.0, 0.80271906
2800.0, 0.80060595
2810.0, 0.79850537
2820.0, 0.7964174
2830.0, 0.79434174
2840.0, 0.79227835
2850.0, 0.79022723
2860.0, 0.7881881
2870.0, 0.78616107
2880.0, 0.7841458
2890.0, 0.78214216
2900.0, 0.78015035
2910.0, 0.7781699
2920.0, 0.77620107
2930.0, 0.77424353
2940.0, 0.77229714
2950.0, 0.77036196
2960.0, 0.7684376
2970.0, 0.7665244
2980.0, 0.76462203
2990.0, 0.7627303
3000.0, 0.7608493
3010.0, 0.7589787
3020.0, 0.7571187
3030.0, 0.7552691
3040.0, 0.75342965
3050.0, 0.75160044
3060.0, 0.74978137
3070.0, 0.74797237
3080.0, 0.7461733
3090.0, 0.7443839
3100.0, 0.74260443
3110.0, 0.7408347
3120.0, 0.73907435
3130.0, 0.73732364
3140.0, 0.73558235
3150.0, 0.73385036
3160.0, 0.73212785
3170.0, 0.73041433
3180.0, 0.7287101
3190.0, 0.72701484
3200.0, 0.7253286
3210.0, 0.72365123
3220.0, 0.7219827
3230.0, 0.7203229
3240.0, 0.7186719
3250.0, 0.71702945
3260.0, 0.71539557
3270.0, 0.7137702
3280.0, 0.71215314
3290.0, 0.71054447
3300.0, 0.70894396
3310.0, 0.7073519
3320.0, 0.7057679
3330.0, 0.7041918
3340.0, 0.702624
3350.0, 0.70106393
3360.0, 0.6995118
3370.0, 0.69796765
3380.0, 0.6964311
3390.0, 0.69490236
3400.0, 0.69338113
3410.0, 0.6918676
3420.0, 0.69036156
3430.0, 0.68886304
3440.0, 0.6873719
3450.0, 0.6858882
3460.0, 0.6844117
3470.0, 0.68294245
3480.0, 0.68148035
3490.0, 0.68002546
3500.0, 0.6785776
3510.0, 0.67713684
3520.0, 0.6757029
3530.0, 0.6742761
3540.0, 0.6728561
3550.0, 0.6714428
3560.0, 0.6700363
3570.0, 0.66863656
3580.0, 0.6672435
3590.0, 0.6658571
3600.0, 0.66447717
3610.0, 0.66310376
3620.0, 0.66173685
3630.0, 0.66037637
3640.0, 0.65902233
3650.0, 0.65767455
3660.0, 0.656333
3670.0, 0.6549979
3680.0, 0.6536689
3690.0, 0.65234596
3700.0, 0.6510291
3710.0, 0.6497185
3720.0, 0.6484138
3730.0, 0.647115
3740.0, 0.6458222
3750.0, 0.6445354
3760.0, 0.64325434
3770.0, 0.6419791
3780.0, 0.6407096
3790.0, 0.6394458
3800.0, 0.6381879
3810.0, 0.63693535
3820.0, 0.6356886
3830.0, 0.63444734
3840.0, 0.6332117
3850.0, 0.6319815
3860.0, 0.6307566
3870.0, 0.6295373
3880.0, 0.6283234
3890.0, 0.6271147
3900.0, 0.6259114
3910.0, 0.6247133
3920.0, 0.62352055
3930.0, 0.6223329
3940.0, 0.62115043
3950.0, 0.6199731
3960.0, 0.6188009
3970.0, 0.61763376
3980.0, 0.6164717
3990.0, 0.6153144
4000.0, 0.6141622
4010.0, 0.61301506
4020.0, 0.6118726
4030.0, 0.6107351
4040.0, 0.6096024
4050.0, 0.60847455
4060.0, 0.60735136
4070.0, 0.60623294
4080.0, 0.6051193
4090.0, 0.6040102
4100.0, 0.60290587
4110.0, 0.60180604
4120.0, 0.60071087
4130.0, 0.5996203
4140.0, 0.5985341
4150.0, 0.5974525
4160.0, 0.5963753
4170.0, 0.5953026
4180.0, 0.59423435
4190.0, 0.5931703
4200.0, 0.5921108
4210.0, 0.59105545
4220.0, 0.59000444
4230.0, 0.5889578
4240.0, 0.58791524
4250.0, 0.586877
4260.0, 0.5858429
4270.0, 0.58481306
4280.0, 0.5837872
4290.0, 0.5827655
4300.0, 0.58174795
4310.0, 0.58073455
4320.0, 0.57972497
4330.0, 0.57871956
4340.0, 0.57771796
4350.0, 0.57672054
4360.0, 0.5757269
4370.0, 0.5747372
4380.0, 0.5737514
4390.0, 0.57276946
4400.0, 0.57179135
4410.0, 0.5708171
4420.0, 0.5698465
4430.0, 0.56887984
4440.0, 0.56791687
4450.0, 0.56695765
4460.0, 0.56600213
4470.0, 0.5650502
4480.0, 0.56410205
4490.0, 0.5631575
4500.0, 0.56221646
4510.0, 0.56127906
4520.0, 0.5603452
4530.0, 0.55941504
4540.0, 0.5584883
4550.0, 0.55756503
4560.0, 0.55664533
4570.0, 0.55572903
4580.0, 0.5548163
4590.0, 0.5539069
4600.0, 0.5530009
4610.0, 0.5520984
4620.0, 0.5511992
4630.0, 0.55030316
4640.0, 0.54941064
4650.0, 0.54852146
4660.0, 0.5476355
4670.0, 0.5467528
4680.0, 0.5458734
4690.0, 0.54499716
4700.0, 0.54412425
4710.0, 0.54325444
4720.0, 0.5423878
4730.0, 0.54152435
4740.0, 0.5406641
4750.0, 0.53980684
4760.0, 0.53895277
4770.0, 0.5381018
4780.0, 0.53725386
4790.0, 0.5364091
4800.0, 0.5355672
4810.0, 0.5347284
4820.0, 0.53389263
4830.0, 0.5330598
4840.0, 0.5322299
4850.0, 0.5314031
4860.0, 0.5305791
4870.0, 0.5297581
4880.0, 0.52893996
4890.0, 0.5281248
4900.0, 0.52731234
4910.0, 0.52650285
4920.0, 0.52569616
4930.0, 0.52489233
4940.0, 0.5240913
4950.0, 0.52329314
4960.0, 0.5224976
4970.0, 0.521705
4980.0, 0.5209149
4990.0, 0.5201278
5000.0, 0.5193433
5010.0, 0.51856154
5020.0, 0.5177824
5030.0, 0.51700604
5040.0, 0.51623225
5050.0, 0.5154612
5060.0, 0.5146927
5070.0, 0.51392686
5080.0, 0.5131637
5090.0, 0.512403
5100.0, 0.51164496
5110.0, 0.5108894
5120.0, 0.5101364
5130.0, 0.50938606
5140.0, 0.50863814
5150.0, 0.5078928
5160.0, 0.5071499
5170.0, 0.50640947
5180.0, 0.5056716
5190.0, 0.50493604
5200.0, 0.50420314
5210.0, 0.5034725
5220.0, 0.50274444
5230.0, 0.50201863
5240.0, 0.50129527
5250.0, 0.50057435
5260.0, 0.4998557
5270.0, 0.4991395
5280.0, 0.49842557
5290.0, 0.49771398
5300.0, 0.4970048
5310.0, 0.49629787
5320.0, 0.49559325
5330.0, 0.49489096
5340.0, 0.49419087
5350.0, 0.49349308
5360.0, 0.49279752
5370.0, 0.49210426
5380.0, 0.4914132
5390.0, 0.49072438
5400.0, 0.4900377
5410.0, 0.48935333
5420.0, 0.48867103
5430.0, 0.48799095
5440.0, 0.4873131
5450.0, 0.4866373
5460.0, 0.48596367
5470.0, 0.48529226
5480.0, 0.4846229
5490.0, 0.48395565
5500.0, 0.48329052
5510.0, 0.48262745
5520.0, 0.48196653
5530.0, 0.4813076
5540.0, 0.4806508
5550.0, 0.479996
5560.0, 0.47934324
5570.0, 0.47869253
5580.0, 0.47804385
5590.0, 0.4773972
5600.0, 0.47675258
5610.0, 0.47610986
5620.0, 0.47546914
5630.0, 0.47483042
5640.0, 0.4741937
5650.0, 0.47355887
5660.0, 0.47292602
5670.0, 0.47229505
5680.0, 0.47166613
5690.0, 0.47103903
5700.0, 0.47041383
5710.0, 0.46979055
5720.0, 0.4691692
5730.0, 0.46854964
5740.0, 0.46793208
5750.0, 0.46731624
5760.0, 0.46670237
5770.0, 0.46609026
5780.0, 0.46548003
5790.0, 0.46487162
5800.0, 0.46426505
5810.0, 0.4636603
5820.0, 0.46305734
5830.0, 0.46245614
5840.0, 0.46185675
5850.0, 0.46125922
5860.0, 0.46066338
5870.0, 0.4600692
5880.0, 0.45947692
5890.0, 0.45888636
5900.0, 0.45829752
5910.0, 0.45771042
5920.0, 0.45712498
5930.0, 0.4565413
5940.0, 0.45595935
5950.0, 0.45537916
5960.0, 0.45480052
5970.0, 0.4542236
5980.0, 0.4536484
5990.0, 0.45307484
6000.0, 0.45250297
6010.0, 0.4519327
6020.0, 0.4513641
6030.0, 0.4507971
6040.0, 0.45023185
6050.0, 0.44966814
6060.0, 0.44910604
6070.0, 0.44854552
6080.0, 0.44798663
6090.0, 0.4474294
6100.0, 0.4468737
6110.0, 0.44631955
6120.0, 0.44576707
6130.0, 0.445216
6140.0, 0.4446666
6150.0, 0.44411877
6160.0, 0.4435725
6170.0, 0.44302762
6180.0, 0.44248435
6190.0, 0.44194263
6200.0, 0.44140247
6210.0, 0.44086382
6220.0, 0.44032663
6230.0, 0.43979084
6240.0, 0.4392567
6250.0, 0.43872395
6260.0, 0.4381927
6270.0, 0.437663
6280.0, 0.43713465
6290.0, 0.43660787
6300.0, 0.43608245
6310.0, 0.43555853
6320.0, 0.4350361
6330.0, 0.43451497
6340.0, 0.43399543
6350.0, 0.43347713
6360.0, 0.43296033
6370.0, 0.43244502
6380.0, 0.43193102
6390.0, 0.43141845
6400.0, 0.43090722
6410.0, 0.4303975
6420.0, 0.42988902
6430.0, 0.42938203
6440.0, 0.42887634
6450.0, 0.42837206
6460.0, 0.42786908
6470.0, 0.4273675
6480.0, 0.42686722
6490.0, 0.42636836
6500.0, 0.42587078
6510.0, 0.42537454
6520.0, 0.42487967
6530.0, 0.42438596
6540.0, 0.42389375
6550.0, 0.4234028
6560.0, 0.4229131
6570.0, 0.4224247
6580.0, 0.4219376
6590.0, 0.4214518
6600.0, 0.42096734
6610.0, 0.4204841
6620.0, 0.42000213
6630.0, 0.4195214
6640.0, 0.41904196
6650.0, 0.41856375
6660.0, 0.41808686
6670.0, 0.4176111
6680.0, 0.41713664
6690.0, 0.4166634
6700.0, 0.4161915
6710.0, 0.4157207
6720.0, 0.41525114
6730.0, 0.4147828
6740.0, 0.41431573
6750.0, 0.4138497
6760.0, 0.41338506
6770.0, 0.41292155
6780.0, 0.41245925
6790.0, 0.41199806
6800.0, 0.41153806
6810.0, 0.41107932
6820.0, 0.41062167
6830.0, 0.41016522
6840.0, 0.40970993
6850.0, 0.4092558
6860.0, 0.40880278
6870.0, 0.408351
6880.0, 0.4079003
6890.0, 0.40745074
6900.0, 0.4070024
6910.0, 0.40655506
6920.0, 0.40610892
6930.0, 0.40566388
6940.0, 0.40521997
6950.0, 0.4047772
6960.0, 0.40433547
6970.0, 0.4038949
6980.0, 0.40345535
6990.0, 0.40301695
7000.0, 0.40257972
7010.0, 0.40214345
7020.0, 0.40170836
7030.0, 0.4012743
7040.0, 0.40084127
7050.0, 0.40040934
7060.0, 0.39997855
7070.0, 0.39954877
7080.0, 0.39912006
7090.0, 0.39869237
7100.0, 0.39826575
7110.0, 0.3978401
7120.0, 0.39741564
7130.0, 0.3969922
7140.0, 0.39656973
7150.0, 0.39614823
7160.0, 0.39572787
7170.0, 0.39530846
7180.0, 0.39489013
7190.0, 0.39447275
7200.0, 0.39405644
7210.0, 0.39364108
7220.0, 0.39322674
7230.0, 0.3928134
7240.0, 0.39240104
7250.0, 0.3919897
7260.0, 0.39157945
7270.0, 0.39117
7280.0, 0.39076164
7290.0, 0.3903543
7300.0, 0.38994774
7310.0, 0.38954234
7320.0, 0.38913777
7330.0, 0.38873428
7340.0, 0.3883317
7350.0, 0.38793
7360.0, 0.38752937
7370.0, 0.3871297
7380.0, 0.38673088
7390.0, 0.3863331
7400.0, 0.3859361
7410.0, 0.3855402
7420.0, 0.38514513
7430.0, 0.38475102
7440.0, 0.38435784
7450.0, 0.38396552
7460.0, 0.38357422
7470.0, 0.38318378
7480.0, 0.3827943
7490.0, 0.38240567
7500.0, 0.38201797
7510.0, 0.3816311
7520.0, 0.38124517
7530.0, 0.38086015
7540.0, 0.380476
7550.0, 0.38009286
7560.0, 0.37971047
7570.0, 0.37932897
7580.0, 0.37894836
7590.0, 0.37856862
7600.0, 0.3781899
7610.0, 0.37781176
7620.0, 0.37743476
7630.0, 0.37705848
7640.0, 0.37668306
7650.0, 0.37630853
7660.0, 0.37593484
7670.0, 0.375562
7680.0, 0.37519008
7690.0, 0.37481886
7700.0, 0.37444866
7710.0, 0.3740791
7720.0, 0.37371054
7730.0, 0.3733427
7740.0, 0.3729758
7750.0, 0.37260962
7760.0, 0.37224433
7770.0, 0.37187982
7780.0, 0.37151614
7790.0, 0.37115332
7800.0, 0.37079123
7810.0, 0.37043
7820.0, 0.37006953
7830.0, 0.36970997
7840.0, 0.3693511
7850.0, 0.3689931
7860.0, 0.36863583
7870.0, 0.3682794
7880.0, 0.3679238
7890.0, 0.36756894
7900.0, 0.36721483
7910.0, 0.36686152
7920.0, 0.36650902
7930.0, 0.36615732
7940.0, 0.36580634
7950.0, 0.3654561
7960.0, 0.36510667
7970.0, 0.364758
7980.0, 0.36441016
7990.0, 0.364063
8000.0, 0.3637166
8010.0, 0.36337098
8020.0, 0.3630261
8030.0, 0.36268198
8040.0, 0.3623386
8050.0, 0.361996
8060.0, 0.36165413
8070.0, 0.361313
8080.0, 0.3609725
8090.0, 0.3606329
8100.0, 0.36029398
8110.0, 0.3599558
8120.0, 0.35961822
8130.0, 0.3592815
8140.0, 0.35894543
8150.0, 0.35861015
8160.0, 0.35827556
8170.0, 0.35794166
8180.0, 0.3576085
8190.0, 0.35727602
8200.0, 0.35694432
8210.0, 0.35661328
8220.0, 0.35628286
8230.0, 0.3559533
8240.0, 0.35562438
8250.0, 0.3552961
8260.0, 0.35496855
8270.0, 0.3546417
8280.0, 0.35431558
8290.0, 0.35399002
8300.0, 0.35366526
8310.0, 0.35334113
8320.0, 0.35301772
8330.0, 0.352695
8340.0, 0.35237288
8350.0, 0.35205153
8360.0, 0.35173082
8370.0, 0.35141075
8380.0, 0.35109133
8390.0, 0.3507726
8400.0, 0.3504546
8410.0, 0.35013723
8420.0, 0.3498204
8430.0, 0.34950432
8440.0, 0.34918892
8450.0, 0.34887415
8460.0, 0.34856004
8470.0, 0.34824654
8480.0, 0.34793377
8490.0, 0.34762156
8500.0, 0.34731
8510.0, 0.34699908
8520.0, 0.34668878
8530.0, 0.34637922
8540.0, 0.34607023
8550.0, 0.34576178
8560.0, 0.34545407
8570.0, 0.34514704
8580.0, 0.34484047
8590.0, 0.34453464
8600.0, 0.3442294
8610.0, 0.34392485
8620.0, 0.34362084
8630.0, 0.34331742
8640.0, 0.3430147
8650.0, 0.34271252
8660.0, 0.34241098
8670.0, 0.34211004
8680.0, 0.3418097
8690.0, 0.34151003
8700.0, 0.34121093
8710.0, 0.34091237
8720.0, 0.34061444
8730.0, 0.3403171
8740.0, 0.34002036
8750.0, 0.33972427
8760.0, 0.3394287
8770.0, 0.33913374
8780.0, 0.3388394
8790.0, 0.3385456
8800.0, 0.3382524
8810.0, 0.3379598
8820.0, 0.33766776
8830.0, 0.33737633
8840.0, 0.33708543
8850.0, 0.33679506
8860.0, 0.33650538
8870.0, 0.33621624
8880.0, 0.33592764
8890.0, 0.33563957
8900.0, 0.33535212
8910.0, 0.33506525
8920.0, 0.3347789
8930.0, 0.33449322
8940.0, 0.33420792
8950.0, 0.3339233
8960.0, 0.3336392
8970.0, 0.33335567
8980.0, 0.33307266
8990.0, 0.3327902
9000.0, 0.33250833
9010.0, 0.332227
9020.0, 0.3319462
9030.0, 0.33166596
9040.0, 0.33138627
9050.0, 0.33110705
9060.0, 0.33082846
9070.0, 0.3305503
9080.0, 0.33027285
9090.0, 0.3299958
9100.0, 0.3297193
9110.0, 0.32944334
9120.0, 0.32916793
9130.0, 0.328893
9140.0, 0.32861865
9150.0, 0.3283448
9160.0, 0.32807148
9170.0, 0.32779872
9180.0, 0.32752636
9190.0, 0.32725465
9200.0, 0.32698342
9210.0, 0.3267127
9220.0, 0.32644242
9230.0, 0.32617277
9240.0, 0.32590356
9250.0, 0.32563484
9260.0, 0.32536668
9270.0, 0.325099
9280.0, 0.32483187
9290.0, 0.32456523
9300.0, 0.32429904
9310.0, 0.32403332
9320.0, 0.3237682
9330.0, 0.32350355
9340.0, 0.3232394
9350.0, 0.3229757
9360.0, 0.32271254
9370.0, 0.3224499
9380.0, 0.32218763
9390.0, 0.32192594
9400.0, 0.32166478
9410.0, 0.321404
9420.0, 0.32114375
9430.0, 0.320884
9440.0, 0.32062474
9450.0, 0.3203659
9460.0, 0.32010755
9470.0, 0.3198497
9480.0, 0.3195924
9490.0, 0.3193355
9500.0, 0.31907907
9510.0, 0.3188231
9520.0, 0.3185676
9530.0, 0.31831264
9540.0, 0.31805807
9550.0, 0.31780404
9560.0, 0.31755036
9570.0, 0.31729725
9580.0, 0.31704462
9590.0, 0.31679234
9600.0, 0.3165406
9610.0, 0.3162893
9620.0, 0.3160384
9630.0, 0.3157881
9640.0, 0.31553817
9650.0, 0.31528866
9660.0, 0.31503963
9670.0, 0.31479102
9680.0, 0.31454295
9690.0, 0.3142953
9700.0, 0.31404802
9710.0, 0.31380123
9720.0, 0.31355488
9730.0, 0.313309
9740.0, 0.31306356
9750.0, 0.31281856
9760.0, 0.31257397
9770.0, 0.31232983
9780.0, 0.31208614
9790.0, 0.3118429
9800.0, 0.31160003
9810.0, 0.31135765
9820.0, 0.3111157
9830.0, 0.31087416
9840.0, 0.3106331
9850.0, 0.31039238
9860.0, 0.31015217
9870.0, 0.30991238
9880.0, 0.30967295
9890.0, 0.309434
9900.0, 0.30919552
9910.0, 0.30895734
9920.0, 0.30871964
9930.0, 0.30848235
9940.0, 0.30824548
9950.0, 0.3080091
9960.0, 0.30777302
9970.0, 0.3075374
9980.0, 0.3073022
9990.0, 0.30706745
10000.0, 0.30683306
10010.0, 0.30659905
10020.0, 0.30636552
10030.0, 0.3061324
10040.0, 0.30589968
10050.0, 0.30566734
10060.0, 0.30543533
10070.0, 0.30520388
10080.0, 0.30497274
10090.0, 0.304742
10100.0, 0.3045117
10110.0, 0.30428177
10120.0, 0.30405223
10130.0, 0.3038231
10140.0, 0.30359435
10150.0, 0.30336607
10160.0, 0.3031381
10170.0, 0.3029105
10180.0, 0.30268338
10190.0, 0.30245662
10200.0, 0.30223027
10210.0, 0.30200425
10220.0, 0.30177864
10230.0, 0.30155343
10240.0, 0.30132863
10250.0, 0.30110416
10260.0, 0.30088007
10270.0, 0.30065635
10280.0, 0.3004331
10290.0, 0.3002102
10300.0, 0.29998767
10310.0, 0.2997655
10320.0, 0.29954374
10330.0, 0.2993223
10340.0, 0.2991013
10350.0, 0.2988806
10360.0, 0.29866037
10370.0, 0.29844046
10380.0, 0.2982209
10390.0, 0.29800177
10400.0, 0.29778293
10410.0, 0.2975645
10420.0, 0.29734644
10430.0, 0.29712874
10440.0, 0.29691145
10450.0, 0.29669446
10460.0, 0.29647785
10470.0, 0.2962616
10480.0, 0.29604572
10490.0, 0.29583022
10500.0, 0.29561505
10510.0, 0.29540023
10520.0, 0.29518583
10530.0, 0.29497173
10540.0, 0.294758
10550.0, 0.29454467
10560.0, 0.2943316
10570.0, 0.29411897
10580.0, 0.29390663
10590.0, 0.29369473
10600.0, 0.29348305
10610.0, 0.29327184
10620.0, 0.29306093
10630.0, 0.29285035
10640.0, 0.29264012
10650.0, 0.29243028
10660.0, 0.29222074
10670.0, 0.29201156
10680.0, 0.29180273
10690.0, 0.2915942
10700.0, 0.2913861
10710.0, 0.29117826
10720.0, 0.2909708
10730.0, 0.2907637
10740.0, 0.29055688
10750.0, 0.29035038
10760.0, 0.29014432
10770.0, 0.2899385
10780.0, 0.28973305
10790.0, 0.28952795
10800.0, 0.28932312
10810.0, 0.2891187
10820.0, 0.28891462
10830.0, 0.28871083
10840.0, 0.28850734
10850.0, 0.2883042
10860.0, 0.28810143
10870.0, 0.28789896
10880.0, 0.28769678
10890.0, 0.28749496
10900.0, 0.28729346
10910.0, 0.28709236
10920.0, 0.28689146
10930.0, 0.28669098
10940.0, 0.28649077
10950.0, 0.28629085
10960.0, 0.28609133
10970.0, 0.28589204
10980.0, 0.28569314
10990.0, 0.28549448
11000.0, 0.28529617
11010.0, 0.28509825
11020.0, 0.2849006
11030.0, 0.28470322
11040.0, 0.28450617
11050.0, 0.28430948
11060.0, 0.28411308
11070.0, 0.28391698
11080.0, 0.28372118
11090.0, 0.28352568
11100.0, 0.28333053
11110.0, 0.28313565
11120.0, 0.28294116
11130.0, 0.28274688
11140.0, 0.28255293
11150.0, 0.28235933
11160.0, 0.28216594
11170.0, 0.28197294
11180.0, 0.2817802
11190.0, 0.28158778
11200.0, 0.2813957
11210.0, 0.28120387
11220.0, 0.28101233
11230.0, 0.28082114
11240.0, 0.2806302
11250.0, 0.2804396
11260.0, 0.2802492
11270.0, 0.28005922
11280.0, 0.2798695
11290.0, 0.27968004
11300.0, 0.27949092
11310.0, 0.27930206
11320.0, 0.2791135
11330.0, 0.27892527
11340.0, 0.27873728
11350.0, 0.27854958
11360.0, 0.2783622
11370.0, 0.27817506
11380.0, 0.27798828
11390.0, 0.27780172
11400.0, 0.27761546
11410.0, 0.27742955
11420.0, 0.27724385
11430.0, 0.27705845
11440.0, 0.2768734
11450.0, 0.27668852
11460.0, 0.27650404
11470.0, 0.27631977
11480.0, 0.27613583
11490.0, 0.27595213
11500.0, 0.27576873
11510.0, 0.27558562
11520.0, 0.27540272
11530.0, 0.27522016
11540.0, 0.27503785
11550.0, 0.27485585
11560.0, 0.27467412
11570.0, 0.27449265
11580.0, 0.27431145
11590.0, 0.27413055
11600.0, 0.27394992
11610.0, 0.27376956
11620.0, 0.27358946
11630.0, 0.27340958
11640.0, 0.27323005
11650.0, 0.27305076
11660.0, 0.27287176
11670.0, 0.27269304
11680.0, 0.27251455
11690.0, 0.27233636
11700.0, 0.27215844
11710.0, 0.2719808
11720.0, 0.27180335
11730.0, 0.27162617
11740.0, 0.27144927
11750.0, 0.27127272
11760.0, 0.27109635
11770.0, 0.27092028
11780.0, 0.27074444
11790.0, 0.2705689
11800.0, 0.2703936
11810.0, 0.2702186
11820.0, 0.27004376
11830.0, 0.26986927
11840.0, 0.26969498
11850.0, 0.26952097
11860.0, 0.26934725
11870.0, 0.2691738
11880.0, 0.26900056
11890.0, 0.26882756
11900.0, 0.26865485
11910.0, 0.2684824
11920.0, 0.2683102
11930.0, 0.2681382
11940.0, 0.2679665
11950.0, 0.26779506
11960.0, 0.26762387
11970.0, 0.2674529
11980.0, 0.26728225
11990.0, 0.26711175
12000.0, 0.26694158
12010.0, 0.26677164
12020.0, 0.26660192
12030.0, 0.2664325
12040.0, 0.26626322
12050.0, 0.26609427
12060.0, 0.2659256
12070.0, 0.26575708
12080.0, 0.26558888
12090.0, 0.26542088
12100.0, 0.2652532
12110.0, 0.2650857
12120.0, 0.26491845
12130.0, 0.26475143
12140.0, 0.26458463
12150.0, 0.2644181
12160.0, 0.26425183
12170.0, 0.2640858
12180.0, 0.26391998
12190.0, 0.26375443
12200.0, 0.2635891
12210.0, 0.263424
12220.0, 0.2632592
12230.0, 0.26309454
12240.0, 0.26293015
12250.0, 0.262766
12260.0, 0.2626021
12270.0, 0.2624384
12280.0, 0.26227498
12290.0, 0.26211178
12300.0, 0.26194882
12310.0, 0.26178604
12320.0, 0.26162356
12330.0, 0.2614613
12340.0, 0.26129922
12350.0, 0.26113743
12360.0, 0.2609758
12370.0, 0.26081446
12380.0, 0.26065335
12390.0, 0.26049244
12400.0, 0.26033178
12410.0, 0.26017132
12420.0, 0.2600111
12430.0, 0.25985116
12440.0, 0.25969136
12450.0, 0.25953183
12460.0, 0.25937247
12470.0, 0.2592134
12480.0, 0.2590545
12490.0, 0.25889593
12500.0, 0.25873747
12510.0, 0.25857928
12520.0, 0.2584213
12530.0, 0.2582636
12540.0, 0.258106
12550.0, 0.25794867
12560.0, 0.2577916
12570.0, 0.2576347
12580.0, 0.25747806
12590.0, 0.25732166
12600.0, 0.25716543
12610.0, 0.25700945
12620.0, 0.25685367
12630.0, 0.25669813
12640.0, 0.25654277
12650.0, 0.25638762
12660.0, 0.25623268
12670.0, 0.25607798
12680.0, 0.25592348
12690.0, 0.25576922
12700.0, 0.25561514
12710.0, 0.25546134
12720.0, 0.25530764
12730.0, 0.25515425
12740.0, 0.25500107
12750.0, 0.25484803
12760.0, 0.2546952
12770.0, 0.25454268
12780.0, 0.2543903
12790.0, 0.25423813
12800.0, 0.25408617
12810.0, 0.25393444
12820.0, 0.2537829
12830.0, 0.25363156
12840.0, 0.25348046
12850.0, 0.25332955
12860.0, 0.25317878
12870.0, 0.25302833
12880.0, 0.252878
12890.0, 0.25272793
12900.0, 0.25257808
12910.0, 0.25242838
12920.0, 0.25227886
12930.0, 0.25212958
12940.0, 0.25198054
12950.0, 0.25183165
12960.0, 0.25168294
12970.0, 0.2515345
12980.0, 0.25138623
12990.0, 0.25123817
13000.0, 0.25109032
13010.0, 0.25094262
13020.0, 0.2507952
13030.0, 0.25064793
13040.0, 0.25050083
13050.0, 0.25035396
13060.0, 0.25020728
13070.0, 0.2500608
13080.0, 0.24991451
13090.0, 0.24976844
13100.0, 0.24962252
13110.0, 0.24947686
13120.0, 0.24933134
13130.0, 0.24918605
13140.0, 0.24904095
13150.0, 0.24889603
13160.0, 0.2487513
13170.0, 0.24860677
13180.0, 0.24846245
13190.0, 0.24831831
13200.0, 0.24817435
13210.0, 0.24803057
13220.0, 0.247887
13230.0, 0.24774365
13240.0, 0.24760045
13250.0, 0.24745746
13260.0, 0.24731466
13270.0, 0.24717203
13280.0, 0.24702959
13290.0, 0.24688736
13300.0, 0.24674529
13310.0, 0.24660343
13320.0, 0.24646176
13330.0, 0.24632026
13340.0, 0.24617894
13350.0, 0.24603786
13360.0, 0.24589692
13370.0, 0.24575613
13380.0, 0.24561557
13390.0, 0.24547517
13400.0, 0.245335
13410.0, 0.24519502
13420.0, 0.24505517
13430.0, 0.24491554
13440.0, 0.24477606
13450.0, 0.24463679
13460.0, 0.24449767
13470.0, 0.24435876
13480.0, 0.24422003
13490.0, 0.24408142
13500.0, 0.2439431
13510.0, 0.24380493
13520.0, 0.2436669
13530.0, 0.24352908
13540.0, 0.24339142
13550.0, 0.24325392
13560.0, 0.24311662
13570.0, 0.24297948
13580.0, 0.24284256
13590.0, 0.24270579
13600.0, 0.24256915
13610.0, 0.24243276
13620.0, 0.24229655
13630.0, 0.24216044
13640.0, 0.24202462
13650.0, 0.2418889
13660.0, 0.24175335
13670.0, 0.24161798
13680.0, 0.24148281
13690.0, 0.2413478
13700.0, 0.24121292
13710.0, 0.24107824
13720.0, 0.24094377
13730.0, 0.24080944
13740.0, 0.24067532
13750.0, 0.24054131
13760.0, 0.24040751
13770.0, 0.24027385
13780.0, 0.2401404
13790.0, 0.2400071
13800.0, 0.23987396
13810.0, 0.23974098
13820.0, 0.23960824
13830.0, 0.23947561
13840.0, 0.23934315
13850.0, 0.23921089
13860.0, 0.23907873
13870.0, 0.23894683
13880.0, 0.23881501
13890.0, 0.23868339
13900.0, 0.23855194
13910.0, 0.23842068
13920.0, 0.23828954
13930.0, 0.2381586
13940.0, 0.23802784
13950.0, 0.23789722
13960.0, 0.23776676
13970.0, 0.23763646
13980.0, 0.2375063
13990.0, 0.23737633
14000.0, 0.23724657
14010.0, 0.23711689
14020.0, 0.23698741
14030.0, 0.23685814
14040.0, 0.236729
14050.0, 0.23660003
14060.0, 0.23647118
14070.0, 0.23634249
14080.0, 0.23621397
14090.0, 0.23608564
14100.0, 0.23595743
14110.0, 0.23582943
14120.0, 0.23570155
14130.0, 0.23557384
14140.0, 0.23544629
14150.0, 0.23531891
14160.0, 0.23519172
14170.0, 0.2350646
14180.0, 0.23493771
14190.0, 0.23481093
14200.0, 0.23468433
14210.0, 0.2345579
14220.0, 0.23443156
14230.0, 0.23430544
14240.0, 0.23417948
14250.0, 0.23405366
14260.0, 0.233928
14270.0, 0.2338025
14280.0, 0.2336771
14290.0, 0.23355189
14300.0, 0.23342685
14310.0, 0.23330198
14320.0, 0.23317721
14330.0, 0.23305263
14340.0, 0.2329282
14350.0, 0.23280393
14360.0, 0.23267977
14370.0, 0.23255582
14380.0, 0.23243198
14390.0, 0.23230825
14400.0, 0.23218478
14410.0, 0.2320614
14420.0, 0.23193818
14430.0, 0.23181507
14440.0, 0.23169218
14450.0, 0.23156941
14460.0, 0.2314468
14470.0, 0.23132433
14480.0, 0.23120198
14490.0, 0.23107979
14500.0, 0.23095776
14510.0, 0.23083587
14520.0, 0.23071414
14530.0, 0.23059256
14540.0, 0.23047107
14550.0, 0.23034982
14560.0, 0.23022868
14570.0, 0.23010768
14580.0, 0.22998683
14590.0, 0.2298661
14600.0, 0.22974554
14610.0, 0.2296251
14620.0, 0.22950484
14630.0, 0.2293847
14640.0, 0.22926475
14650.0, 0.22914489
14660.0, 0.2290252
14670.0, 0.22890562
14680.0, 0.22878622
14690.0, 0.22866696
14700.0, 0.22854784
14710.0, 0.22842883
14720.0, 0.22831
14730.0, 0.2281913
14740.0, 0.22807278
14750.0, 0.22795434
14760.0, 0.22783607
14770.0, 0.22771794
14780.0, 0.22759996
14790.0, 0.22748211
14800.0, 0.22736438
14810.0, 0.22724679
14820.0, 0.22712937
14830.0, 0.22701207
14840.0, 0.22689494
14850.0, 0.22677787
14860.0, 0.22666104
14870.0, 0.2265443
14880.0, 0.22642767
14890.0, 0.22631125
14900.0, 0.2261949
14910.0, 0.22607869
14920.0, 0.22596265
14930.0, 0.22584677
14940.0, 0.225731
14950.0, 0.22561531
14960.0, 0.22549982
14970.0, 0.22538443
14980.0, 0.22526924
14990.0, 0.22515412
15000.0, 0.22503917
15010.0, 0.22492431
15020.0, 0.2248096
15030.0, 0.22469504
15040.0, 0.22458066
15050.0, 0.22446635
15060.0, 0.22435218
15070.0, 0.22423816
15080.0, 0.22412428
15090.0, 0.22401051
15100.0, 0.22389689
15110.0, 0.22378337
15120.0, 0.22367002
15130.0, 0.22355677
15140.0, 0.2234437
15150.0, 0.22333074
15160.0, 0.22321787
15170.0, 0.22310516
15180.0, 0.2229926
15190.0, 0.22288017
15200.0, 0.22276786
15210.0, 0.22265564
15220.0, 0.22254358
15230.0, 0.22243167
15240.0, 0.22231989
15250.0, 0.2222082
15260.0, 0.2220967
15270.0, 0.22198522
15280.0, 0.22187398
15290.0, 0.22176282
15300.0, 0.22165179
15310.0, 0.2215409
15320.0, 0.22143011
15330.0, 0.22131947
15340.0, 0.22120896
15350.0, 0.22109857
15360.0, 0.22098832
15370.0, 0.22087818
15380.0, 0.22076815
15390.0, 0.22065827
15400.0, 0.22054854
15410.0, 0.22043891
15420.0, 0.22032934
15430.0, 0.22021995
15440.0, 0.22011071
15450.0, 0.2200016
15460.0, 0.21989258
15470.0, 0.21978371
15480.0, 0.21967493
15490.0, 0.21956627
15500.0, 0.21945778
15510.0, 0.21934937
15520.0, 0.21924108
15530.0, 0.21913292
15540.0, 0.21902491
15550.0, 0.21891701
15560.0, 0.21880925
15570.0, 0.21870157
15580.0, 0.218594
15590.0, 0.2184866
15600.0, 0.21837932
15610.0, 0.21827215
15620.0, 0.21816508
15630.0, 0.21805814
15640.0, 0.21795133
15650.0, 0.21784467
15660.0, 0.21773809
15670.0, 0.21763162
15680.0, 0.21752529
15690.0, 0.21741909
15700.0, 0.21731299
15710.0, 0.21720701
15720.0, 0.21710113
15730.0, 0.2169954
15740.0, 0.21688978
15750.0, 0.2167843
15760.0, 0.21667889
15770.0, 0.21657363
15780.0, 0.2164685
15790.0, 0.21636343
15800.0, 0.21625851
15810.0, 0.21615374
15820.0, 0.21604906
15830.0, 0.21594448
15840.0, 0.21584
15850.0, 0.21573566
15860.0, 0.21563148
15870.0, 0.21552737
15880.0, 0.21542339
15890.0, 0.21531953
15900.0, 0.21521577
15910.0, 0.2151121
15920.0, 0.21500859
15930.0, 0.21490519
15940.0, 0.2148019
15950.0, 0.21469867
15960.0, 0.2145956
15970.0, 0.21449265
15980.0, 0.21438983
15990.0, 0.21428707
16000.0, 0.21418443
16010.0, 0.21408196
16020.0, 0.21397957
16030.0, 0.21387728
16040.0, 0.21377511
16050.0, 0.21367304
16060.0, 0.21357112
16070.0, 0.21346927
16080.0, 0.21336757
16090.0, 0.21326599
16100.0, 0.21316443
16110.0, 0.21306306
16120.0, 0.21296178
16130.0, 0.21286064
16140.0, 0.21275955
16150.0, 0.21265858
16160.0, 0.21255776
16170.0, 0.21245705
16180.0, 0.21235642
16190.0, 0.21225591
16200.0, 0.21215552
16210.0, 0.21205522
16220.0, 0.21195506
16230.0, 0.21185498
16240.0, 0.21175501
16250.0, 0.21165517
16260.0, 0.21155542
16270.0, 0.21145578
16280.0, 0.21135624
16290.0, 0.21125682
16300.0, 0.21115752
16310.0, 0.21105833
16320.0, 0.2109592
16330.0, 0.21086021
16340.0, 0.21076132
16350.0, 0.21066253
16360.0, 0.21056381
16370.0, 0.21046528
16380.0, 0.21036682
16390.0, 0.21026848
16400.0, 0.21017021
16410.0, 0.21007209
16420.0, 0.20997399
16430.0, 0.2098761
16440.0, 0.20977825
16450.0, 0.20968051
16460.0, 0.20958292
16470.0, 0.2094854
16480.0, 0.20938796
16490.0, 0.20929067
16500.0, 0.20919347
16510.0, 0.20909637
16520.0, 0.20899938
16530.0, 0.20890243
16540.0, 0.20880565
16550.0, 0.20870897
16560.0, 0.20861238
16570.0, 0.20851588
16580.0, 0.2084195
16590.0, 0.20832324
16600.0, 0.20822707
16610.0, 0.208131
16620.0, 0.208035
16630.0, 0.20793913
16640.0, 0.20784338
16650.0, 0.20774773
16660.0, 0.20765215
16670.0, 0.20755668
16680.0, 0.20746127
16690.0, 0.20736602
16700.0, 0.20727086
16710.0, 0.2071758
16720.0, 0.20708087
16730.0, 0.20698598
16740.0, 0.20689121
16750.0, 0.20679651
16760.0, 0.20670195
16770.0, 0.20660752
16780.0, 0.20651314
16790.0, 0.20641886
16800.0, 0.20632471
16810.0, 0.20623066
16820.0, 0.20613667
16830.0, 0.20604277
16840.0, 0.20594902
16850.0, 0.2058553
16860.0, 0.20576173
16870.0, 0.20566827
16880.0, 0.20557486
16890.0, 0.20548157
16900.0, 0.2053884
16910.0, 0.2052953
16920.0, 0.20520233
16930.0, 0.20510942
16940.0, 0.2050166
16950.0, 0.20492388
16960.0, 0.20483129
16970.0, 0.20473875
16980.0, 0.20464638
16990.0, 0.204554
17000.0, 0.20446181
17010.0, 0.20436966
17020.0, 0.20427762
17030.0, 0.20418568
17040.0, 0.20409384
17050.0, 0.20400208
17060.0, 0.20391043
17070.0, 0.20381886
17080.0, 0.2037274
17090.0, 0.203636
17100.0, 0.20354475
17110.0, 0.20345354
17120.0, 0.20336248
17130.0, 0.20327148
17140.0, 0.20318057
17150.0, 0.20308974
17160.0, 0.20299906
17170.0, 0.20290841
17180.0, 0.20281786
17190.0, 0.20272742
17200.0, 0.20263708
17210.0, 0.20254685
17220.0, 0.20245665
17230.0, 0.20236662
17240.0, 0.20227665
17250.0, 0.20218675
17260.0, 0.20209694
17270.0, 0.20200725
17280.0, 0.20191762
17290.0, 0.20182809
17300.0, 0.20173867
17310.0, 0.20164932
17320.0, 0.20156011
17330.0, 0.20147096
17340.0, 0.2013819
17350.0, 0.2012929
17360.0, 0.201204
17370.0, 0.20111519
17380.0, 0.20102653
17390.0, 0.20093791
17400.0, 0.20084935
17410.0, 0.20076092
17420.0, 0.20067258
17430.0, 0.20058432
17440.0, 0.20049615
17450.0, 0.20040809
17460.0, 0.20032007
17470.0, 0.20023218
17480.0, 0.20014438
17490.0, 0.20005664
17500.0, 0.19996901
17510.0, 0.19988146
17520.0, 0.199794
17530.0, 0.19970661
17540.0, 0.19961934
17550.0, 0.19953215
17560.0, 0.19944501
17570.0, 0.19935799
17580.0, 0.19927105
17590.0, 0.19918421
17600.0, 0.19909745
17610.0, 0.19901079
17620.0, 0.19892421
17630.0, 0.19883771
17640.0, 0.19875129
17650.0, 0.19866496
17660.0, 0.19857875
17670.0, 0.19849254
17680.0, 0.19840649
17690.0, 0.19832051
17700.0, 0.19823459
17710.0, 0.1981488
17720.0, 0.19806305
17730.0, 0.19797741
17740.0, 0.19789183
17750.0, 0.19780639
17760.0, 0.19772099
17770.0, 0.19763567
17780.0, 0.19755046
17790.0, 0.19746532
17800.0, 0.1973803
17810.0, 0.1972953
17820.0, 0.19721042
17830.0, 0.19712558
17840.0, 0.19704092
17850.0, 0.19695629
17860.0, 0.19687174
17870.0, 0.19678727
17880.0, 0.19670287
17890.0, 0.19661857
17900.0, 0.19653437
17910.0, 0.19645023
17920.0, 0.19636619
17930.0, 0.19628221
17940.0, 0.19619831
17950.0, 0.19611454
17960.0, 0.19603084
17970.0, 0.19594717
17980.0, 0.1958636
17990.0, 0.19578014
18000.0, 0.19569674
18010.0, 0.19561341
18020.0, 0.19553022
18030.0, 0.19544703
18040.0, 0.19536395
18050.0, 0.195281
18060.0, 0.19519812
18070.0, 0.19511528
18080.0, 0.19503249
18090.0, 0.19494987
18100.0, 0.19486724
18110.0, 0.19478475
18120.0, 0.19470234
18130.0, 0.19462001
18140.0, 0.19453773
18150.0, 0.19445558
18160.0, 0.19437346
18170.0, 0.19429144
18180.0, 0.19420952
18190.0, 0.1941276
18200.0, 0.19404583
18210.0, 0.19396414
18220.0, 0.19388251
18230.0, 0.19380097
18240.0, 0.19371949
18250.0, 0.19363812
18260.0, 0.19355679
18270.0, 0.19347556
18280.0, 0.19339438
18290.0, 0.19331329
18300.0, 0.1932323
18310.0, 0.19315138
18320.0, 0.19307053
18330.0, 0.19298978
18340.0, 0.19290908
18350.0, 0.19282848
18360.0, 0.19274795
18370.0, 0.19266748
18380.0, 0.1925871
18390.0, 0.1925068
18400.0, 0.19242658
18410.0, 0.19234642
18420.0, 0.19226636
18430.0, 0.19218637
18440.0, 0.19210644
18450.0, 0.1920266
18460.0, 0.19194683
18470.0, 0.19186714
18480.0, 0.19178754
18490.0, 0.19170798
18500.0, 0.1916285
18510.0, 0.19154914
18520.0, 0.19146982
18530.0, 0.19139057
18540.0, 0.19131143
18550.0, 0.19123234
18560.0, 0.19115332
18570.0, 0.19107439
18580.0, 0.19099553
18590.0, 0.19091676
18600.0, 0.19083804
18610.0, 0.19075936
18620.0, 0.19068083
18630.0, 0.19060232
18640.0, 0.19052395
18650.0, 0.19044562
18660.0, 0.19036734
18670.0, 0.19028914
18680.0, 0.19021103
18690.0, 0.19013296
18700.0, 0.190055
18710.0, 0.18997708
18720.0, 0.18989927
18730.0, 0.18982154
18740.0, 0.18974383
18750.0, 0.18966624
18760.0, 0.18958868
18770.0, 0.18951125
18780.0, 0.18943387
18790.0, 0.18935655
18800.0, 0.1892793
18810.0, 0.18920216
18820.0, 0.18912502
18830.0, 0.18904802
18840.0, 0.18897104
18850.0, 0.18889417
18860.0, 0.18881737
18870.0, 0.18874061
18880.0, 0.18866397
18890.0, 0.18858737
18900.0, 0.18851085
18910.0, 0.1884344
18920.0, 0.18835801
18930.0, 0.1882817
18940.0, 0.18820545
18950.0, 0.1881293
18960.0, 0.1880532
18970.0, 0.18797718
18980.0, 0.18790123
18990.0, 0.18782534
19000.0, 0.1877495
19010.0, 0.18767376
19020.0, 0.18759808
19030.0, 0.18752247
19040.0, 0.18744694
19050.0, 0.18737149
19060.0, 0.1872961
19070.0, 0.18722078
19080.0, 0.18714552
19090.0, 0.18707033
19100.0, 0.1869952
19110.0, 0.18692015
19120.0, 0.1868452
19130.0, 0.18677028
19140.0, 0.18669544
19150.0, 0.18662068
19160.0, 0.18654598
19170.0, 0.18647136
19180.0, 0.18639676
19190.0, 0.18632227
19200.0, 0.18624784
19210.0, 0.18617348
19220.0, 0.18609919
19230.0, 0.18602493
19240.0, 0.1859508
19250.0, 0.18587673
19260.0, 0.18580268
19270.0, 0.18572874
19280.0, 0.18565485
19290.0, 0.18558103
19300.0, 0.1855073
19310.0, 0.18543361
19320.0, 0.18536
19330.0, 0.18528646
19340.0, 0.18521294
19350.0, 0.18513954
19360.0, 0.1850662
19370.0, 0.18499291
19380.0, 0.18491973
19390.0, 0.18484657
19400.0, 0.18477346
19410.0, 0.18470046
19420.0, 0.1846275
19430.0, 0.18455462
19440.0, 0.18448181
19450.0, 0.18440904
19460.0, 0.18433638
19470.0, 0.18426378
19480.0, 0.18419123
19490.0, 0.18411869
19500.0, 0.1840463
19510.0, 0.18397392
19520.0, 0.18390162
19530.0, 0.1838294
19540.0, 0.18375726
19550.0, 0.18368517
19560.0, 0.18361315
19570.0, 0.18354116
19580.0, 0.18346927
19590.0, 0.18339744
19600.0, 0.18332568
19610.0, 0.18325394
19620.0, 0.18318231
19630.0, 0.18311071
19640.0, 0.18303922
19650.0, 0.18296775
19660.0, 0.18289636
19670.0, 0.18282503
19680.0, 0.1827538
19690.0, 0.18268262
19700.0, 0.18261145
19710.0, 0.1825404
19720.0, 0.18246938
19730.0, 0.18239845
19740.0, 0.1823276
19750.0, 0.18225677
19760.0, 0.18218601
19770.0, 0.18211533
19780.0, 0.18204471
19790.0, 0.18197413
19800.0, 0.18190366
19810.0, 0.18183322
19820.0, 0.18176283
19830.0, 0.18169253
19840.0, 0.18162228
19850.0, 0.18155207
19860.0, 0.18148194
19870.0, 0.18141189
19880.0, 0.1813419
19890.0, 0.18127197
19900.0, 0.1812021
19910.0, 0.18113227
19920.0, 0.18106249
19930.0, 0.18099283
19940.0, 0.18092318
19950.0, 0.1808536
19960.0, 0.18078412
19970.0, 0.18071467
19980.0, 0.1806453
19990.0, 0.18057598
20000.0, 0.18050672
20010.0, 0.18043752
20020.0, 0.18036835
20030.0, 0.1802993
20040.0, 0.18023026
20050.0, 0.18016133
20060.0, 0.18009244
20070.0, 0.1800236
20080.0, 0.17995481
20090.0, 0.17988609
20100.0, 0.17981745
20110.0, 0.17974885
20120.0, 0.1796803
20130.0, 0.17961183
20140.0, 0.1795434
20150.0, 0.17947505
20160.0, 0.17940678
20170.0, 0.17933851
20180.0, 0.17927034
20190.0, 0.17920226
20200.0, 0.17913418
20210.0, 0.17906621
20220.0, 0.17899826
20230.0, 0.17893036
20240.0, 0.17886254
20250.0, 0.1787948
20260.0, 0.1787271
20270.0, 0.17865947
20280.0, 0.17859186
20290.0, 0.17852433
20300.0, 0.17845689
20310.0, 0.17838946
20320.0, 0.17832212
20330.0, 0.17825483
20340.0, 0.17818758
20350.0, 0.1781204
20360.0, 0.17805329
20370.0, 0.17798625
20380.0, 0.17791924
20390.0, 0.17785229
20400.0, 0.17778541
20410.0, 0.17771861
20420.0, 0.17765182
20430.0, 0.17758511
20440.0, 0.17751843
20450.0, 0.17745183
20460.0, 0.17738532
20470.0, 0.17731883
20480.0, 0.1772524
20490.0, 0.17718603
20500.0, 0.17711972
20510.0, 0.17705347
20520.0, 0.1769873
20530.0, 0.17692114
20540.0, 0.17685504
20550.0, 0.17678905
20560.0, 0.17672308
20570.0, 0.17665717
20580.0, 0.1765913
20590.0, 0.1765255
20600.0, 0.17645974
20610.0, 0.17639405
20620.0, 0.17632845
20630.0, 0.17626286
20640.0, 0.17619732
20650.0, 0.17613189
20660.0, 0.17606646
20670.0, 0.1760011
20680.0, 0.1759358
20690.0, 0.17587054
20700.0, 0.17580537
20710.0, 0.17574026
20720.0, 0.17567517
20730.0, 0.17561017
20740.0, 0.17554519
20750.0, 0.17548028
20760.0, 0.17541544
20770.0, 0.17535064
20780.0, 0.17528589
20790.0, 0.17522122
20800.0, 0.17515658
20810.0, 0.175092
20820.0, 0.17502746
20830.0, 0.17496301
20840.0, 0.1748986
20850.0, 0.17483422
20860.0, 0.1747699
20870.0, 0.17470567
20880.0, 0.17464148
20890.0, 0.17457736
20900.0, 0.17451322
20910.0, 0.1744492
20920.0, 0.1743852
20930.0, 0.17432128
20940.0, 0.17425743
20950.0, 0.1741936
20960.0, 0.17412983
20970.0, 0.17406613
20980.0, 0.17400245
20990.0, 0.17393887
21000.0, 0.1738753
21010.0, 0.1738118
21020.0, 0.17374836
21030.0, 0.17368495
21040.0, 0.17362162
21050.0, 0.17355834
21060.0, 0.17349508
21070.0, 0.17343192
21080.0, 0.17336878
21090.0, 0.17330572
21100.0, 0.17324272
21110.0, 0.17317973
21120.0, 0.17311679
21130.0, 0.17305396
21140.0, 0.17299116
21150.0, 0.1729284
21160.0, 0.17286566
21170.0, 0.17280301
21180.0, 0.17274041
21190.0, 0.17267786
21200.0, 0.17261536
21210.0, 0.17255293
21220.0, 0.1724905
21230.0, 0.17242819
21240.0, 0.17236589
21250.0, 0.17230363
21260.0, 0.17224145
21270.0, 0.17217931
21280.0, 0.17211723
21290.0, 0.1720552
21300.0, 0.17199324
21310.0, 0.17193131
21320.0, 0.1718694
21330.0, 0.17180757
21340.0, 0.17174582
21350.0, 0.17168409
21360.0, 0.17162243
21370.0, 0.17156076
21380.0, 0.17149921
21390.0, 0.17143767
21400.0, 0.17137621
21410.0, 0.17131478
21420.0, 0.17125341
21430.0, 0.17119208
21440.0, 0.17113082
21450.0, 0.17106959
21460.0, 0.17100844
21470.0, 0.17094733
21480.0, 0.17088626
21490.0, 0.17082521
21500.0, 0.17076425
21510.0, 0.17070332
21520.0, 0.17064247
21530.0, 0.17058164
21540.0, 0.17052087
21550.0, 0.17046018
21560.0, 0.17039949
21570.0, 0.17033887
21580.0, 0.17027828
21590.0, 0.17021778
21600.0, 0.17015731
21610.0, 0.17009689
21620.0, 0.1700365
21630.0, 0.1699762
21640.0, 0.16991591
21650.0, 0.1698557
21660.0, 0.16979548
21670.0, 0.16973536
21680.0, 0.1696753
21690.0, 0.16961524
21700.0, 0.16955528
21710.0, 0.16949536
21720.0, 0.16943549
21730.0, 0.16937566
21740.0, 0.16931586
21750.0, 0.16925612
21760.0, 0.16919643
21770.0, 0.16913678
21780.0, 0.16907717
21790.0, 0.16901764
21800.0, 0.16895814
21810.0, 0.16889869
21820.0, 0.1688393
21830.0, 0.16877994
21840.0, 0.16872063
21850.0, 0.16866137
21860.0, 0.16860217
21870.0, 0.16854298
21880.0, 0.16848388
21890.0, 0.1684248
21900.0, 0.16836579
21910.0, 0.16830683
21920.0, 0.16824791
21930.0, 0.16818905
21940.0, 0.1681302
21950.0, 0.1680714
21960.0, 0.16801271
21970.0, 0.167954
21980.0, 0.16789535
21990.0, 0.16783676
22000.0, 0.16777821
22010.0, 0.16771972
22020.0, 0.16766126
22030.0, 0.16760288
22040.0, 0.16754451
22050.0, 0.16748618
22060.0, 0.16742793
22070.0, 0.16736971
22080.0, 0.1673115
22090.0, 0.16725339
22100.0, 0.1671953
22110.0, 0.16713728
22120.0, 0.16707928
22130.0, 0.16702135
22140.0, 0.16696346
22150.0, 0.1669056
22160.0, 0.1668478
22170.0, 0.16679005
22180.0, 0.16673233
22190.0, 0.16667467
22200.0, 0.16661707
22210.0, 0.16655949
22220.0, 0.16650194
22230.0, 0.16644448
22240.0, 0.16638704
22250.0, 0.16632965
22260.0, 0.1662723
22270.0, 0.16621499
22280.0, 0.16615771
22290.0, 0.1661005
22300.0, 0.16604339
22310.0, 0.16598627
22320.0, 0.16592917
22330.0, 0.16587214
22340.0, 0.16581517
22350.0, 0.16575822
22360.0, 0.16570133
22370.0, 0.16564447
22380.0, 0.16558765
22390.0, 0.16553092
22400.0, 0.1654742
22410.0, 0.16541755
22420.0, 0.1653609
22430.0, 0.1653043
22440.0, 0.1652478
22450.0, 0.1651913
22460.0, 0.16513485
22470.0, 0.16507843
22480.0, 0.16502208
22490.0, 0.16496576
22500.0, 0.16490948
22510.0, 0.16485327
22520.0, 0.16479707
22530.0, 0.16474092
22540.0, 0.16468483
22550.0, 0.16462879
22560.0, 0.16457279
22570.0, 0.16451684
22580.0, 0.16446088
22590.0, 0.16440502
22600.0, 0.16434917
22610.0, 0.16429341
22620.0, 0.16423763
22630.0, 0.16418198
22640.0, 0.1641263
22650.0, 0.16407068
22660.0, 0.1640151
22670.0, 0.16395961
22680.0, 0.1639041
22690.0, 0.16384862
22700.0, 0.16379324
22710.0, 0.1637379
22720.0, 0.16368258
22730.0, 0.16362733
22740.0, 0.16357207
22750.0, 0.1635169
22760.0, 0.16346174
22770.0, 0.16340666
22780.0, 0.1633516
22790.0, 0.16329657
22800.0, 0.16324162
22810.0, 0.16318668
22820.0, 0.1631318
22830.0, 0.16307695
22840.0, 0.16302215
22850.0, 0.16296737
22860.0, 0.16291265
22870.0, 0.162858
22880.0, 0.16280338
22890.0, 0.16274875
22900.0, 0.16269422
22910.0, 0.16263972
22920.0, 0.16258524
22930.0, 0.16253081
22940.0, 0.16247644
22950.0, 0.1624221
22960.0, 0.16236779
22970.0, 0.16231354
22980.0, 0.16225934
22990.0, 0.16220514
23000.0, 0.16215102
23010.0, 0.16209693
23020.0, 0.16204289
23030.0, 0.16198888
23040.0, 0.1619349
23050.0, 0.161881
23060.0, 0.1618271
23070.0, 0.16177326
23080.0, 0.16171947
23090.0, 0.16166571
23100.0, 0.16161196
23110.0, 0.16155829
23120.0, 0.16150466
23130.0, 0.1614511
23140.0, 0.16139753
23150.0, 0.161344
23160.0, 0.16129053
23170.0, 0.16123709
23180.0, 0.16118371
23190.0, 0.16113035
23200.0, 0.16107704
23210.0, 0.16102377
23220.0, 0.16097055
23230.0, 0.16091734
23240.0, 0.1608642
23250.0, 0.1608111
23260.0, 0.160758
23270.0, 0.16070499
23280.0, 0.160652
23290.0, 0.16059907
23300.0, 0.16054612
23310.0, 0.1604933
23320.0, 0.16044044
23330.0, 0.16038768
23340.0, 0.16033493
23350.0, 0.1602822
23360.0, 0.16022953
23370.0, 0.1601769
23380.0, 0.16012435
23390.0, 0.16007176
23400.0, 0.16001928
23410.0, 0.15996678
23420.0, 0.15991434
23430.0, 0.15986198
23440.0, 0.15980963
23450.0, 0.1597573
23460.0, 0.15970503
23470.0, 0.15965278
23480.0, 0.15960059
23490.0, 0.15954846
23500.0, 0.15949632
23510.0, 0.15944424
23520.0, 0.15939221
23530.0, 0.15934022
23540.0, 0.15928827
23550.0, 0.15923636
23560.0, 0.15918444
23570.0, 0.1591326
23580.0, 0.15908082
23590.0, 0.15902902
23600.0, 0.15897731
23610.0, 0.15892562
23620.0, 0.15887396
23630.0, 0.15882236
23640.0, 0.1587708
23650.0, 0.15871926
23660.0, 0.15866776
23670.0, 0.15861629
23680.0, 0.15856488
23690.0, 0.1585135
23700.0, 0.15846214
23710.0, 0.15841088
23720.0, 0.15835957
23730.0, 0.15830836
23740.0, 0.15825716
23750.0, 0.15820603
23760.0, 0.1581549
23770.0, 0.15810381
23780.0, 0.15805279
23790.0, 0.15800177
23800.0, 0.15795083
23810.0, 0.15789989
23820.0, 0.15784901
23830.0, 0.15779816
23840.0, 0.15774734
23850.0, 0.15769657
23860.0, 0.1576458
23870.0, 0.15759514
23880.0, 0.15754446
23890.0, 0.15749384
23900.0, 0.15744327
23910.0, 0.15739271
23920.0, 0.1573422
23930.0, 0.15729171
23940.0, 0.15724127
23950.0, 0.15719087
23960.0, 0.15714052
23970.0, 0.1570902
23980.0, 0.1570399
23990.0, 0.15698963
24000.0, 0.15693942
24010.0, 0.15688924
24020.0, 0.15683913
24030.0, 0.15678898
24040.0, 0.15673894
24050.0, 0.1566889
24060.0, 0.1566389
24070.0, 0.15658896
24080.0, 0.15653904
24090.0, 0.15648913
24100.0, 0.15643927
24110.0, 0.15638949
24120.0, 0.15633969
24130.0, 0.15628996
24140.0, 0.15624025
24150.0, 0.1561906
24160.0, 0.15614095
24170.0, 0.15609136
24180.0, 0.15604183
24190.0, 0.15599228
24200.0, 0.15594278
24210.0, 0.15589336
24220.0, 0.15584394
24230.0, 0.15579455
24240.0, 0.15574522
24250.0, 0.1556959
24260.0, 0.15564665
24270.0, 0.1555974
24280.0, 0.1555482
24290.0, 0.15549904
24300.0, 0.15544991
24310.0, 0.15540081
24320.0, 0.15535177
24330.0, 0.15530273
24340.0, 0.15525375
24350.0, 0.1552048
24360.0, 0.1551559
24370.0, 0.15510702
24380.0, 0.15505819
24390.0, 0.15500937
24400.0, 0.1549606
24410.0, 0.15491186
24420.0, 0.15486315
24430.0, 0.15481448
24440.0, 0.15476586
24450.0, 0.15471724
24460.0, 0.15466872
24470.0, 0.15462016
24480.0, 0.15457165
24490.0, 0.15452322
24500.0, 0.1544748
24510.0, 0.15442643
24520.0, 0.15437806
24530.0, 0.15432973
24540.0, 0.15428147
24550.0, 0.1542332
24560.0, 0.154185
24570.0, 0.15413682
24580.0, 0.15408866
24590.0, 0.15404056
24600.0, 0.15399249
24610.0, 0.15394442
24620.0, 0.15389644
24630.0, 0.15384847
24640.0, 0.15380055
24650.0, 0.15375262
24660.0, 0.15370478
24670.0, 0.15365691
24680.0, 0.15360911
24690.0, 0.15356134
24700.0, 0.15351363
24710.0, 0.15346593
24720.0, 0.15341826
24730.0, 0.15337065
24740.0, 0.15332302
24750.0, 0.15327549
24760.0, 0.15322794
24770.0, 0.15318045
24780.0, 0.15313299
24790.0, 0.15308556
24800.0, 0.15303817
24810.0, 0.15299082
24820.0, 0.15294348
24830.0, 0.1528962
24840.0, 0.15284894
24850.0, 0.1528017
24860.0, 0.15275455
24870.0, 0.15270735
24880.0, 0.15266024
24890.0, 0.15261313
24900.0, 0.15256609
24910.0, 0.15251906
24920.0, 0.15247205
24930.0, 0.15242511
24940.0, 0.15237817
24950.0, 0.15233131
24960.0, 0.15228443
24970.0, 0.15223762
24980.0, 0.1521908
24990.0, 0.15214403
25000.0, 0.15209734
25010.0, 0.15205063
25020.0, 0.15200397
25030.0, 0.15195733
25040.0, 0.15191075
25050.0, 0.1518642
25060.0, 0.15181768
25070.0, 0.15177117
25080.0, 0.15172471
25090.0, 0.15167828
25100.0, 0.15163185
25110.0, 0.15158552
25120.0, 0.15153916
25130.0, 0.15149288
25140.0, 0.1514466
25150.0, 0.15140039
25160.0, 0.15135416
25170.0, 0.151308
25180.0, 0.15126187
25190.0, 0.15121575
25200.0, 0.15116969
25210.0, 0.15112363
25220.0, 0.15107764
25230.0, 0.15103164
25240.0, 0.1509857
25250.0, 0.15093979
25260.0, 0.15089391
25270.0, 0.15084806
25280.0, 0.15080225
25290.0, 0.15075646
25300.0, 0.1507107
25310.0, 0.15066499
25320.0, 0.1506193
25330.0, 0.15057364
25340.0, 0.15052801
25350.0, 0.15048243
25360.0, 0.15043686
25370.0, 0.15039133
25380.0, 0.15034586
25390.0, 0.15030035
25400.0, 0.15025492
25410.0, 0.15020953
25420.0, 0.15016416
25430.0, 0.1501188
25440.0, 0.1500735
25450.0, 0.15002823
25460.0, 0.14998297
25470.0, 0.14993776
25480.0, 0.14989257
25490.0, 0.14984742
25500.0, 0.1498023
25510.0, 0.1497572
25520.0, 0.14971215
25530.0, 0.14966713
25540.0, 0.14962213
25550.0, 0.14957717
25560.0, 0.14953223
25570.0, 0.14948733
25580.0, 0.14944245
25590.0, 0.14939761
25600.0, 0.14935279
25610.0, 0.149308
25620.0, 0.14926328
25630.0, 0.14921854
25640.0, 0.14917389
25650.0, 0.14912921
25660.0, 0.14908458
25670.0, 0.14903998
25680.0, 0.1489954
25690.0, 0.14895089
25700.0, 0.14890637
25710.0, 0.14886191
25720.0, 0.14881746
25730.0, 0.14877304
25740.0, 0.14872865
25750.0, 0.14868431
25760.0, 0.14863998
25770.0, 0.1485957
25780.0, 0.14855143
25790.0, 0.14850722
25800.0, 0.14846301
25810.0, 0.14841883
25820.0, 0.14837469
25830.0, 0.14833061
25840.0, 0.14828654
25850.0, 0.14824247
25860.0, 0.14819846
25870.0, 0.14815444
25880.0, 0.14811051
25890.0, 0.14806658
25900.0, 0.14802268
25910.0, 0.14797881
25920.0, 0.14793494
25930.0, 0.14789115
25940.0, 0.14784737
25950.0, 0.14780363
25960.0, 0.1477599
25970.0, 0.14771621
25980.0, 0.14767255
25990.0, 0.14762893
26000.0, 0.14758533
26010.0, 0.14754175
26020.0, 0.1474982
26030.0, 0.14745468
26040.0, 0.1474112
26050.0, 0.14736778
26060.0, 0.14732434
26070.0, 0.14728093
26080.0, 0.14723758
26090.0, 0.14719424
26100.0, 0.14715093
26110.0, 0.14710765
26120.0, 0.14706439
26130.0, 0.14702117
26140.0, 0.14697799
26150.0, 0.14693484
26160.0, 0.14689171
26170.0, 0.14684859
26180.0, 0.14680552
26190.0, 0.14676248
26200.0, 0.14671946
26210.0, 0.1466765
26220.0, 0.1466335
26230.0, 0.14659059
26240.0, 0.14654768
26250.0, 0.14650482
26260.0, 0.14646198
26270.0, 0.14641915
26280.0, 0.14637636
26290.0, 0.1463336
26300.0, 0.1462909
26310.0, 0.14624819
26320.0, 0.14620551
26330.0, 0.14616287
26340.0, 0.14612027
26350.0, 0.14607769
26360.0, 0.14603512
26370.0, 0.1459926
26380.0, 0.14595008
26390.0, 0.14590764
26400.0, 0.14586519
26410.0, 0.14582278
26420.0, 0.14578038
26430.0, 0.14573802
26440.0, 0.1456957
26450.0, 0.1456534
26460.0, 0.14561112
26470.0, 0.14556889
26480.0, 0.14552666
26490.0, 0.14548448
26500.0, 0.14544232
26510.0, 0.14540018
26520.0, 0.14535807
26530.0, 0.14531602
26540.0, 0.14527395
26550.0, 0.14523195
26560.0, 0.14518996
26570.0, 0.145148
26580.0, 0.14510605
26590.0, 0.14506413
26600.0, 0.14502224
26610.0, 0.14498042
26620.0, 0.14493857
26630.0, 0.14489678
26640.0, 0.14485501
26650.0, 0.14481325
26660.0, 0.14477156
26670.0, 0.14472988
26680.0, 0.1446882
26690.0, 0.14464657
26700.0, 0.14460497
26710.0, 0.14456339
26720.0, 0.14452183
26730.0, 0.14448033
26740.0, 0.14443882
26750.0, 0.14439736
26760.0, 0.14435592
26770.0, 0.1443145
26780.0, 0.14427312
26790.0, 0.14423175
26800.0, 0.14419045
26810.0, 0.14414912
26820.0, 0.14410786
26830.0, 0.1440666
26840.0, 0.14402537
26850.0, 0.14398418
26860.0, 0.14394303
26870.0, 0.1439019
26880.0, 0.14386077
26890.0, 0.14381967
26900.0, 0.14377862
26910.0, 0.14373757
26920.0, 0.14369658
26930.0, 0.1436556
26940.0, 0.14361463
26950.0, 0.14357373
26960.0, 0.14353281
26970.0, 0.14349197
26980.0, 0.1434511
26990.0, 0.14341028
27000.0, 0.14336948
27010.0, 0.14332873
27020.0, 0.14328799
27030.0, 0.14324729
27040.0, 0.1432066
27050.0, 0.14316595
27060.0, 0.14312531
27070.0, 0.1430847
27080.0, 0.14304413
27090.0, 0.14300355
27100.0, 0.14296305
27110.0, 0.14292254
27120.0, 0.14288206
27130.0, 0.14284162
27140.0, 0.14280118
27150.0, 0.14276081
27160.0, 0.14272043
27170.0, 0.1426801
27180.0, 0.14263977
27190.0, 0.14259948
27200.0, 0.1425592
27210.0, 0.142519
27220.0, 0.14247878
27230.0, 0.14243859
27240.0, 0.14239843
27250.0, 0.14235829
27260.0, 0.14231817
27270.0, 0.14227809
27280.0, 0.14223807
27290.0, 0.14219801
27300.0, 0.14215802
27310.0, 0.14211804
27320.0, 0.14207809
27330.0, 0.14203815
27340.0, 0.14199825
27350.0, 0.14195839
27360.0, 0.14191853
27370.0, 0.14187871
27380.0, 0.14183891
27390.0, 0.14179914
27400.0, 0.14175938
27410.0, 0.14171967
27420.0, 0.14167996
27430.0, 0.14164029
27440.0, 0.14160065
27450.0, 0.14156103
27460.0, 0.14152145
27470.0, 0.14148188
27480.0, 0.14144236
27490.0, 0.14140281
27500.0, 0.14136332
27510.0, 0.14132385
27520.0, 0.1412844
27530.0, 0.14124501
27540.0, 0.14120561
27550.0, 0.14116625
27560.0, 0.14112692
27570.0, 0.14108759
27580.0, 0.14104831
27590.0, 0.14100905
27600.0, 0.1409698
27610.0, 0.14093058
27620.0, 0.14089139
27630.0, 0.14085224
27640.0, 0.1408131
27650.0, 0.14077398
27660.0, 0.14073488
27670.0, 0.14069584
27680.0, 0.1406568
27690.0, 0.14061776
27700.0, 0.14057879
27710.0, 0.1405398
27720.0, 0.14050087
27730.0, 0.14046197
27740.0, 0.14042307
27750.0, 0.1403842
27760.0, 0.14034535
27770.0, 0.14030655
27780.0, 0.14026774
27790.0, 0.14022899
27800.0, 0.14019026
27810.0, 0.14015155
27820.0, 0.14011283
27830.0, 0.14007416
27840.0, 0.14003551
27850.0, 0.1399969
27860.0, 0.13995829
27870.0, 0.13991973
27880.0, 0.1398812
27890.0, 0.13984266
27900.0, 0.13980417
27910.0, 0.1397657
27920.0, 0.13972723
27930.0, 0.1396888
27940.0, 0.13965042
27950.0, 0.13961203
27960.0, 0.13957368
27970.0, 0.13953535
27980.0, 0.13949706
27990.0, 0.13945879
28000.0, 0.13942052
28010.0, 0.1393823
28020.0, 0.13934407
28030.0, 0.1393059
28040.0, 0.13926773
28050.0, 0.13922961
28060.0, 0.1391915
28070.0, 0.1391534
28080.0, 0.13911533
28090.0, 0.13907729
28100.0, 0.1390393
28110.0, 0.1390013
28120.0, 0.13896334
28130.0, 0.13892537
28140.0, 0.13888748
28150.0, 0.13884957
28160.0, 0.13881168
28170.0, 0.13877386
28180.0, 0.13873601
28190.0, 0.13869822
28200.0, 0.13866045
28210.0, 0.1386227
28220.0, 0.13858497
28230.0, 0.13854726
28240.0, 0.13850956
28250.0, 0.13847192
28260.0, 0.13843426
28270.0, 0.13839665
28280.0, 0.13835905
28290.0, 0.13832149
28300.0, 0.13828397
28310.0, 0.13824645
28320.0, 0.13820896
28330.0, 0.13817148
28340.0, 0.13813402
28350.0, 0.1380966
28360.0, 0.1380592
28370.0, 0.1380218
28380.0, 0.13798445
28390.0, 0.13794713
28400.0, 0.13790981
28410.0, 0.13787255
28420.0, 0.1378353
28430.0, 0.13779804
28440.0, 0.13776082
28450.0, 0.13772362
28460.0, 0.13768646
28470.0, 0.13764928
28480.0, 0.13761218
28490.0, 0.13757508
28500.0, 0.13753799
28510.0, 0.13750093
28520.0, 0.13746391
28530.0, 0.1374269
28540.0, 0.13738991
28550.0, 0.13735293
28560.0, 0.13731602
28570.0, 0.1372791
28580.0, 0.13724218
28590.0, 0.13720533
28600.0, 0.13716845
28610.0, 0.13713165
28620.0, 0.13709484
28630.0, 0.13705806
28640.0, 0.1370213
28650.0, 0.13698456
28660.0, 0.13694784
28670.0, 0.13691115
28680.0, 0.13687448
28690.0, 0.13683784
28700.0, 0.13680123
28710.0, 0.13676462
28720.0, 0.13672805
28730.0, 0.13669148
28740.0, 0.13665497
28750.0, 0.13661845
28760.0, 0.13658196
28770.0, 0.13654548
28780.0, 0.13650903
28790.0, 0.13647261
28800.0, 0.13643622
28810.0, 0.13639984
28820.0, 0.13636349
28830.0, 0.13632716
28840.0, 0.13629083
28850.0, 0.13625456
28860.0, 0.13621828
28870.0, 0.13618204
28880.0, 0.13614582
28890.0, 0.13610962
28900.0, 0.13607346
28910.0, 0.13603729
28920.0, 0.13600115
28930.0, 0.13596503
28940.0, 0.13592896
28950.0, 0.1358929
28960.0, 0.13585684
28970.0, 0.13582082
28980.0, 0.1357848
28990.0, 0.13574883
29000.0, 0.13571288
29010.0, 0.13567694
29020.0, 0.13564102
29030.0, 0.13560514
29040.0, 0.13556924
29050.0, 0.13553345
29060.0, 0.13549758
29070.0, 0.13546178
29080.0, 0.135426
29090.0, 0.13539022
29100.0, 0.1353545
29110.0, 0.13531879
29120.0, 0.13528308
29130.0, 0.13524742
29140.0, 0.1352118
29150.0, 0.13517614
29160.0, 0.13514052
29170.0, 0.13510494
29180.0, 0.13506937
29190.0, 0.13503383
29200.0, 0.13499829
29210.0, 0.1349628
29220.0, 0.1349273
29230.0, 0.13489185
29240.0, 0.13485643
29250.0, 0.13482101
29260.0, 0.13478562
29270.0, 0.13475025
29280.0, 0.13471487
29290.0, 0.13467953
29300.0, 0.13464424
29310.0, 0.13460895
29320.0, 0.13457368
29330.0, 0.13453844
29340.0, 0.13450323
29350.0, 0.134468
29360.0, 0.13443284
29370.0, 0.13439767
29380.0, 0.13436252
29390.0, 0.13432741
29400.0, 0.13429229
29410.0, 0.13425723
29420.0, 0.13422216
29430.0, 0.13418713
29440.0, 0.13415213
29450.0, 0.13411714
29460.0, 0.13408217
29470.0, 0.13404723
29480.0, 0.1340123
29490.0, 0.13397737
29500.0, 0.13394247
29510.0, 0.1339076
29520.0, 0.13387278
29530.0, 0.13383794
29540.0, 0.13380313
29550.0, 0.13376836
29560.0, 0.1337336
29570.0, 0.13369884
29580.0, 0.13366413
29590.0, 0.13362941
29600.0, 0.13359472
29610.0, 0.13356006
29620.0, 0.13352543
29630.0, 0.13349083
29640.0, 0.13345623
29650.0, 0.13342166
29660.0, 0.13338709
29670.0, 0.13335258
29680.0, 0.13331804
29690.0, 0.13328353
29700.0, 0.13324907
29710.0, 0.13321461
29720.0, 0.13318017
29730.0, 0.13314576
29740.0, 0.13311137
29750.0, 0.133077
29760.0, 0.13304265
29770.0, 0.13300832
29780.0, 0.13297401
29790.0, 0.13293973
29800.0, 0.13290544
29810.0, 0.13287121
29820.0, 0.13283694
29830.0, 0.13280278
29840.0, 0.13276856
29850.0, 0.1327344
29860.0, 0.13270025
29870.0, 0.13266611
29880.0, 0.13263202
29890.0, 0.13259794
29900.0, 0.13256384
29910.0, 0.13252978
29920.0, 0.13249576
29930.0, 0.13246174
29940.0, 0.13242778
29950.0, 0.13239382
29960.0, 0.13235988
29970.0, 0.13232593
29980.0, 0.13229203
29990.0, 0.13225815
30000.0, 0.13222429
