Energy (in eV), SEEE yield of material sc2k-NASCAP at isotropic incidence
   X,       Y
0.0, 0.0
10.0, 0.121718235
20.0, 0.24258956
30.0, 0.3628364
40.0, 0.48250794
50.0, 0.601591
60.0, 0.72007227
70.0, 0.8379606
80.0, 0.9552398
90.0, 1.0718417
100.0, 1.1877646
110.0, 1.3030183
120.0, 1.417539
130.0, 1.5313052
140.0, 1.644315
150.0, 1.756526
160.0, 1.8679197
170.0, 1.978484
180.0, 2.088186
190.0, 2.1970117
200.0, 2.3049417
210.0, 2.4119406
220.0, 2.5180147
230.0, 2.6231358
240.0, 2.727286
250.0, 2.8304422
260.0, 2.9326012
270.0, 3.0337358
280.0, 3.1338432
290.0, 3.2329023
300.0, 3.330902
310.0, 3.4278307
320.0, 3.5236762
330.0, 3.6184285
340.0, 3.7120736
350.0, 3.8046136
360.0, 3.8960254
370.0, 3.986306
380.0, 4.0754576
390.0, 4.1634555
400.0, 4.2503085
410.0, 4.336005
420.0, 4.4205427
430.0, 4.503908
440.0, 4.58611
450.0, 4.6671367
460.0, 4.7469897
470.0, 4.825664
480.0, 4.9031596
490.0, 4.9794774
500.0, 5.0546126
510.0, 5.128567
520.0, 5.201342
530.0, 5.272939
540.0, 5.343357
550.0, 5.4125996
560.0, 5.4806685
570.0, 5.5475674
580.0, 5.613298
590.0, 5.6778646
600.0, 5.7412715
610.0, 5.803522
620.0, 5.8646226
630.0, 5.9245777
640.0, 5.9833922
650.0, 6.041074
660.0, 6.0976253
670.0, 6.1530557
680.0, 6.207371
690.0, 6.2605786
700.0, 6.3126864
710.0, 6.363701
720.0, 6.4136305
730.0, 6.462483
740.0, 6.5102677
750.0, 6.556993
760.0, 6.602666
770.0, 6.6472993
780.0, 6.690899
790.0, 6.733475
800.0, 6.775038
810.0, 6.8155985
820.0, 6.855164
830.0, 6.8937473
840.0, 6.9313564
850.0, 6.9680033
860.0, 7.003697
870.0, 7.0384493
880.0, 7.072271
890.0, 7.1051717
900.0, 7.1371636
910.0, 7.168257
920.0, 7.198463
930.0, 7.227793
940.0, 7.256259
950.0, 7.2838707
960.0, 7.31064
970.0, 7.336578
980.0, 7.3616962
990.0, 7.386006
1000.0, 7.4095197
1010.0, 7.4322467
1020.0, 7.4541993
1030.0, 7.475391
1040.0, 7.495829
1050.0, 7.5155287
1060.0, 7.5344973
1070.0, 7.55275
1080.0, 7.5702953
1090.0, 7.587147
1100.0, 7.603314
1110.0, 7.6188083
1120.0, 7.6336427
1130.0, 7.6478257
1140.0, 7.6613693
1150.0, 7.674283
1160.0, 7.6865807
1170.0, 7.6982703
1180.0, 7.7093644
1190.0, 7.7198715
1200.0, 7.7298055
1210.0, 7.739174
1220.0, 7.747989
1230.0, 7.7562604
1240.0, 7.7639976
1250.0, 7.771211
1260.0, 7.7779117
1270.0, 7.784109
1280.0, 7.7898116
1290.0, 7.795031
1300.0, 7.799777
1310.0, 7.804058
1320.0, 7.8078823
1330.0, 7.8112607
1340.0, 7.8142033
1350.0, 7.816718
1360.0, 7.8188133
1370.0, 7.8205
1380.0, 7.821785
1390.0, 7.822677
1400.0, 7.823186
1410.0, 7.8233185
1420.0, 7.823085
1430.0, 7.8224926
1440.0, 7.8215475
1450.0, 7.820262
1460.0, 7.8186398
1470.0, 7.8166895
1480.0, 7.8144226
1490.0, 7.811841
1500.0, 7.8089547
1510.0, 7.805773
1520.0, 7.802298
1530.0, 7.7985425
1540.0, 7.794509
1550.0, 7.790206
1560.0, 7.7856402
1570.0, 7.7808194
1580.0, 7.7757473
1590.0, 7.7704325
1600.0, 7.76488
1610.0, 7.7590976
1620.0, 7.7530904
1630.0, 7.7468634
1640.0, 7.740423
1650.0, 7.7337766
1660.0, 7.726928
1670.0, 7.719883
1680.0, 7.7126474
1690.0, 7.7052255
1700.0, 7.697624
1710.0, 7.689847
1720.0, 7.6818995
1730.0, 7.6737876
1740.0, 7.665514
1750.0, 7.657087
1760.0, 7.648507
1770.0, 7.63978
1780.0, 7.6309133
1790.0, 7.6219087
1800.0, 7.612768
1810.0, 7.603501
1820.0, 7.594106
1830.0, 7.584592
1840.0, 7.574961
1850.0, 7.5652165
1860.0, 7.5553613
1870.0, 7.545401
1880.0, 7.535338
1890.0, 7.525177
1900.0, 7.51492
1910.0, 7.5045705
1920.0, 7.494134
1930.0, 7.483612
1940.0, 7.4730062
1950.0, 7.4623213
1960.0, 7.451561
1970.0, 7.4407268
1980.0, 7.429823
1990.0, 7.4188504
2000.0, 7.407815
2010.0, 7.396716
2020.0, 7.385556
2030.0, 7.3743415
2040.0, 7.3630724
2050.0, 7.35175
2060.0, 7.3403788
2070.0, 7.32896
2080.0, 7.317496
2090.0, 7.3059893
2100.0, 7.2944407
2110.0, 7.282854
2120.0, 7.2712317
2130.0, 7.259574
2140.0, 7.247883
2150.0, 7.236164
2160.0, 7.224413
2170.0, 7.212637
2180.0, 7.2008343
2190.0, 7.1890087
2200.0, 7.1771626
2210.0, 7.1652937
2220.0, 7.153407
2230.0, 7.141504
2240.0, 7.129584
2250.0, 7.1176505
2260.0, 7.1057034
2270.0, 7.093745
2280.0, 7.081778
2290.0, 7.069802
2300.0, 7.0578165
2310.0, 7.0458274
2320.0, 7.0338326
2330.0, 7.021833
2340.0, 7.0098314
2350.0, 6.997829
2360.0, 6.9858246
2370.0, 6.9738216
2380.0, 6.96182
2390.0, 6.9498215
2400.0, 6.937826
2410.0, 6.925835
2420.0, 6.913851
2430.0, 6.9018717
2440.0, 6.8898993
2450.0, 6.8779364
2460.0, 6.8659816
2470.0, 6.854036
2480.0, 6.8421016
2490.0, 6.830178
2500.0, 6.8182654
2510.0, 6.8063664
2520.0, 6.794481
2530.0, 6.782609
2540.0, 6.77075
2550.0, 6.758908
2560.0, 6.7470818
2570.0, 6.7352705
2580.0, 6.723476
2590.0, 6.7116995
2600.0, 6.699942
2610.0, 6.6882024
2620.0, 6.676481
2630.0, 6.6647787
2640.0, 6.6530967
2650.0, 6.641435
2660.0, 6.6297946
2670.0, 6.6181746
2680.0, 6.6065764
2690.0, 6.5950007
2700.0, 6.583446
2710.0, 6.5719156
2720.0, 6.5604067
2730.0, 6.548922
2740.0, 6.537461
2750.0, 6.5260243
2760.0, 6.5146112
2770.0, 6.5032225
2780.0, 6.4918585
2790.0, 6.4805207
2800.0, 6.4692082
2810.0, 6.4579196
2820.0, 6.4466577
2830.0, 6.4354224
2840.0, 6.424214
2850.0, 6.4130306
2860.0, 6.4018745
2870.0, 6.3907456
2880.0, 6.3796434
2890.0, 6.368568
2900.0, 6.3575206
2910.0, 6.3465004
2920.0, 6.3355083
2930.0, 6.324543
2940.0, 6.3136067
2950.0, 6.302698
2960.0, 6.29182
2970.0, 6.2809677
2980.0, 6.2701435
2990.0, 6.2593484
3000.0, 6.2485833
3010.0, 6.237846
3020.0, 6.2271376
3030.0, 6.216458
3040.0, 6.2058067
3050.0, 6.1951866
3060.0, 6.184594
3070.0, 6.1740303
3080.0, 6.1634965
3090.0, 6.152992
3100.0, 6.1425166
3110.0, 6.13207
3120.0, 6.1216545
3130.0, 6.111267
3140.0, 6.10091
3150.0, 6.090582
3160.0, 6.080283
3170.0, 6.0700135
3180.0, 6.059775
3190.0, 6.049565
3200.0, 6.039384
3210.0, 6.029233
3220.0, 6.0191116
3230.0, 6.009021
3240.0, 5.9989586
3250.0, 5.9889264
3260.0, 5.978923
3270.0, 5.9689484
3280.0, 5.959005
3290.0, 5.9490905
3300.0, 5.9392047
3310.0, 5.92935
3320.0, 5.919523
3330.0, 5.9097257
3340.0, 5.8999596
3350.0, 5.89022
3360.0, 5.880512
3370.0, 5.8708305
3380.0, 5.861181
3390.0, 5.8515587
3400.0, 5.841967
3410.0, 5.832404
3420.0, 5.822869
3430.0, 5.8133636
3440.0, 5.8038864
3450.0, 5.7944384
3460.0, 5.7850194
3470.0, 5.7756305
3480.0, 5.7662683
3490.0, 5.756936
3500.0, 5.747631
3510.0, 5.7383556
3520.0, 5.729108
3530.0, 5.719889
3540.0, 5.7106977
3550.0, 5.701536
3560.0, 5.692401
3570.0, 5.683295
3580.0, 5.6742167
3590.0, 5.665167
3600.0, 5.656144
3610.0, 5.6471486
3620.0, 5.638182
3630.0, 5.629243
3640.0, 5.6203313
3650.0, 5.6114473
3660.0, 5.60259
3670.0, 5.5937614
3680.0, 5.5849595
3690.0, 5.5761847
3700.0, 5.567437
3710.0, 5.5587163
3720.0, 5.5500226
3730.0, 5.541356
3740.0, 5.5327163
3750.0, 5.524103
3760.0, 5.5155163
3770.0, 5.5069566
3780.0, 5.498423
3790.0, 5.489916
3800.0, 5.4814353
3810.0, 5.4729805
3820.0, 5.4645524
3830.0, 5.456149
3840.0, 5.447774
3850.0, 5.4394236
3860.0, 5.431099
3870.0, 5.422799
3880.0, 5.414527
3890.0, 5.406279
3900.0, 5.398057
3910.0, 5.3898597
3920.0, 5.381688
3930.0, 5.373543
3940.0, 5.365421
3950.0, 5.357324
3960.0, 5.3492537
3970.0, 5.341207
3980.0, 5.333185
3990.0, 5.3251886
4000.0, 5.317216
4010.0, 5.3092685
4020.0, 5.301345
4030.0, 5.2934465
4040.0, 5.285571
4050.0, 5.277721
4060.0, 5.269894
4070.0, 5.262092
4080.0, 5.254313
4090.0, 5.2465577
4100.0, 5.2388268
4110.0, 5.23112
4120.0, 5.223437
4130.0, 5.215776
4140.0, 5.208139
4150.0, 5.200525
4160.0, 5.1929336
4170.0, 5.1853676
4180.0, 5.1778226
4190.0, 5.1703014
4200.0, 5.162803
4210.0, 5.1553273
4220.0, 5.1478744
4230.0, 5.1404443
4240.0, 5.133036
4250.0, 5.125651
4260.0, 5.1182866
4270.0, 5.1109467
4280.0, 5.103627
4290.0, 5.0963316
4300.0, 5.089057
4310.0, 5.0818048
4320.0, 5.0745735
4330.0, 5.0673647
4340.0, 5.060177
4350.0, 5.0530114
4360.0, 5.045867
4370.0, 5.0387444
4380.0, 5.031643
4390.0, 5.024563
4400.0, 5.017504
4410.0, 5.0104666
4420.0, 5.0034494
4430.0, 4.996454
4440.0, 4.989478
4450.0, 4.9825234
4460.0, 4.97559
4470.0, 4.9686775
4480.0, 4.961785
4490.0, 4.954913
4500.0, 4.9480605
4510.0, 4.94123
4520.0, 4.934419
4530.0, 4.9276276
4540.0, 4.920857
4550.0, 4.914106
4560.0, 4.9073753
4570.0, 4.9006634
4580.0, 4.893972
4590.0, 4.8873
4600.0, 4.880648
4610.0, 4.8740153
4620.0, 4.8674016
4630.0, 4.8608074
4640.0, 4.8542333
4650.0, 4.8476777
4660.0, 4.841141
4670.0, 4.834624
4680.0, 4.8281255
4690.0, 4.821646
4700.0, 4.8151855
4710.0, 4.808743
4720.0, 4.8023205
4730.0, 4.795916
4740.0, 4.78953
4750.0, 4.783163
4760.0, 4.776812
4770.0, 4.7704816
4780.0, 4.764169
4790.0, 4.757875
4800.0, 4.7515984
4810.0, 4.7453403
4820.0, 4.739099
4830.0, 4.7328773
4840.0, 4.726672
4850.0, 4.7204857
4860.0, 4.714317
4870.0, 4.708164
4880.0, 4.70203
4890.0, 4.6959133
4900.0, 4.689814
4910.0, 4.6837316
4920.0, 4.677667
4930.0, 4.6716194
4940.0, 4.6655884
4950.0, 4.6595755
4960.0, 4.653579
4970.0, 4.6475997
4980.0, 4.6416364
4990.0, 4.6356907
5000.0, 4.6297607
5010.0, 4.6238494
5020.0, 4.617953
5030.0, 4.6120734
5040.0, 4.6062107
5050.0, 4.6003637
5060.0, 4.594534
5070.0, 4.5887194
5080.0, 4.5829215
5090.0, 4.5771403
5100.0, 4.5713744
5110.0, 4.565624
5120.0, 4.5598907
5130.0, 4.554174
5140.0, 4.5484715
5150.0, 4.542785
5160.0, 4.5371146
5170.0, 4.5314593
5180.0, 4.5258203
5190.0, 4.5201964
5200.0, 4.5145884
5210.0, 4.5089946
5220.0, 4.5034175
5230.0, 4.497855
5240.0, 4.4923077
5250.0, 4.4867754
5260.0, 4.4812593
5270.0, 4.4757566
5280.0, 4.4702697
5290.0, 4.4647975
5300.0, 4.4593406
5310.0, 4.4538984
5320.0, 4.44847
5330.0, 4.443058
5340.0, 4.437659
5350.0, 4.4322753
5360.0, 4.4269056
5370.0, 4.4215517
5380.0, 4.4162107
5390.0, 4.410885
5400.0, 4.405573
5410.0, 4.400275
5420.0, 4.3949924
5430.0, 4.3897233
5440.0, 4.3844676
5450.0, 4.379226
5460.0, 4.373999
5470.0, 4.368786
5480.0, 4.3635864
5490.0, 4.358401
5500.0, 4.3532286
5510.0, 4.3480706
5520.0, 4.342926
5530.0, 4.337795
5540.0, 4.3326774
5550.0, 4.327574
5560.0, 4.3224826
5570.0, 4.3174057
5580.0, 4.3123426
5590.0, 4.3072915
5600.0, 4.302254
5610.0, 4.2972302
5620.0, 4.2922196
5630.0, 4.2872205
5640.0, 4.2822356
5650.0, 4.277265
5660.0, 4.272305
5670.0, 4.2673593
5680.0, 4.2624254
5690.0, 4.2575054
5700.0, 4.2525973
5710.0, 4.247702
5720.0, 4.24282
5730.0, 4.23795
5740.0, 4.2330933
5750.0, 4.228247
5760.0, 4.2234154
5770.0, 4.2185955
5780.0, 4.2137876
5790.0, 4.2089925
5800.0, 4.2042093
5810.0, 4.199438
5820.0, 4.1946797
5830.0, 4.189934
5840.0, 4.1851983
5850.0, 4.1804757
5860.0, 4.175765
5870.0, 4.171067
5880.0, 4.16638
5890.0, 4.161706
5900.0, 4.1570425
5910.0, 4.1523914
5920.0, 4.147752
5930.0, 4.1431236
5940.0, 4.138508
5950.0, 4.133903
5960.0, 4.12931
5970.0, 4.1247287
5980.0, 4.1201587
5990.0, 4.1155996
6000.0, 4.111052
6010.0, 4.106517
6020.0, 4.1019917
6030.0, 4.0974784
6040.0, 4.092976
6050.0, 4.0884852
6060.0, 4.0840054
6070.0, 4.079536
6080.0, 4.075078
6090.0, 4.0706315
6100.0, 4.066196
6110.0, 4.061771
6120.0, 4.0573573
6130.0, 4.0529537
6140.0, 4.048562
6150.0, 4.0441794
6160.0, 4.0398088
6170.0, 4.035449
6180.0, 4.031099
6190.0, 4.0267606
6200.0, 4.022432
6210.0, 4.0181146
6220.0, 4.0138063
6230.0, 4.0095105
6240.0, 4.0052238
6250.0, 4.0009475
6260.0, 3.9966822
6270.0, 3.9924264
6280.0, 3.9881816
6290.0, 3.9839466
6300.0, 3.9797218
6310.0, 3.975507
6320.0, 3.9713025
6330.0, 3.9671085
6340.0, 3.9629242
6350.0, 3.9587493
6360.0, 3.954586
6370.0, 3.950431
6380.0, 3.946287
6390.0, 3.9421525
6400.0, 3.9380271
6410.0, 3.9339125
6420.0, 3.9298067
6430.0, 3.9257119
6440.0, 3.9216259
6450.0, 3.9175503
6460.0, 3.9134834
6470.0, 3.9094267
6480.0, 3.9053795
6490.0, 3.9013414
6500.0, 3.8973136
6510.0, 3.8932946
6520.0, 3.8892853
6530.0, 3.885285
6540.0, 3.8812947
6550.0, 3.877313
6560.0, 3.873341
6570.0, 3.8693786
6580.0, 3.8654249
6590.0, 3.8614805
6600.0, 3.857545
6610.0, 3.8536193
6620.0, 3.8497024
6630.0, 3.8457944
6640.0, 3.8418956
6650.0, 3.838006
6660.0, 3.8341253
6670.0, 3.8302531
6680.0, 3.8263905
6690.0, 3.8225355
6700.0, 3.8186913
6710.0, 3.8148544
6720.0, 3.8110273
6730.0, 3.807208
6740.0, 3.803398
6750.0, 3.7995963
6760.0, 3.7958033
6770.0, 3.7920194
6780.0, 3.7882433
6790.0, 3.7844765
6800.0, 3.7807188
6810.0, 3.7769685
6820.0, 3.7732272
6830.0, 3.769494
6840.0, 3.7657697
6850.0, 3.7620537
6860.0, 3.7583456
6870.0, 3.7546465
6880.0, 3.7509553
6890.0, 3.7472732
6900.0, 3.7435985
6910.0, 3.739932
6920.0, 3.736274
6930.0, 3.7326243
6940.0, 3.7289824
6950.0, 3.7253485
6960.0, 3.721723
6970.0, 3.7181058
6980.0, 3.7144966
6990.0, 3.7108953
7000.0, 3.707302
7010.0, 3.703716
7020.0, 3.7001388
7030.0, 3.6965692
7040.0, 3.6930082
7050.0, 3.6894536
7060.0, 3.6859078
7070.0, 3.6823697
7080.0, 3.6788392
7090.0, 3.6753163
7100.0, 3.6718013
7110.0, 3.6682942
7120.0, 3.664795
7130.0, 3.6613026
7140.0, 3.6578183
7150.0, 3.6543415
7160.0, 3.6508727
7170.0, 3.647411
7180.0, 3.6439574
7190.0, 3.6405108
7200.0, 3.6370718
7210.0, 3.6336396
7220.0, 3.6302154
7230.0, 3.6267986
7240.0, 3.6233895
7250.0, 3.619987
7260.0, 3.616593
7270.0, 3.6132052
7280.0, 3.6098247
7290.0, 3.6064522
7300.0, 3.603086
7310.0, 3.5997283
7320.0, 3.5963767
7330.0, 3.5930328
7340.0, 3.5896955
7350.0, 3.586366
7360.0, 3.5830429
7370.0, 3.579727
7380.0, 3.5764189
7390.0, 3.573117
7400.0, 3.5698225
7410.0, 3.5665348
7420.0, 3.5632534
7430.0, 3.5599806
7440.0, 3.556713
7450.0, 3.5534534
7460.0, 3.5502
7470.0, 3.5469537
7480.0, 3.5437143
7490.0, 3.540482
7500.0, 3.5372558
7510.0, 3.534037
7520.0, 3.530824
7530.0, 3.527619
7540.0, 3.5244198
7550.0, 3.521228
7560.0, 3.5180416
7570.0, 3.5148625
7580.0, 3.5116906
7590.0, 3.5085242
7600.0, 3.5053654
7610.0, 3.5022128
7620.0, 3.4990666
7630.0, 3.4959266
7640.0, 3.4927936
7650.0, 3.4896667
7660.0, 3.4865468
7670.0, 3.4834332
7680.0, 3.4803255
7690.0, 3.4772246
7700.0, 3.47413
7710.0, 3.4710412
7720.0, 3.4679594
7730.0, 3.4648833
7740.0, 3.4618134
7750.0, 3.4587502
7760.0, 3.4556935
7770.0, 3.4526434
7780.0, 3.4495983
7790.0, 3.4465604
7800.0, 3.4435275
7810.0, 3.4405017
7820.0, 3.4374824
7830.0, 3.4344683
7840.0, 3.4314604
7850.0, 3.4284592
7860.0, 3.425463
7870.0, 3.4224741
7880.0, 3.41949
7890.0, 3.4165127
7900.0, 3.4135413
7910.0, 3.4105752
7920.0, 3.407616
7930.0, 3.4046621
7940.0, 3.401714
7950.0, 3.3987725
7960.0, 3.3958364
7970.0, 3.3929064
7980.0, 3.3899815
7990.0, 3.3870633
8000.0, 3.3841498
8010.0, 3.3812432
8020.0, 3.378342
8030.0, 3.3754466
8040.0, 3.3725574
8050.0, 3.3696728
8060.0, 3.3667946
8070.0, 3.3639219
8080.0, 3.361055
8090.0, 3.358193
8100.0, 3.3553371
8110.0, 3.3524876
8120.0, 3.3496432
8130.0, 3.3468041
8140.0, 3.3439708
8150.0, 3.341143
8160.0, 3.3383207
8170.0, 3.3355036
8180.0, 3.3326917
8190.0, 3.3298864
8200.0, 3.3270855
8210.0, 3.324291
8220.0, 3.3215013
8230.0, 3.3187177
8240.0, 3.3159382
8250.0, 3.313165
8260.0, 3.310397
8270.0, 3.307634
8280.0, 3.304877
8290.0, 3.3021247
8300.0, 3.299378
8310.0, 3.2966368
8320.0, 3.2939005
8330.0, 3.2911696
8340.0, 3.288444
8350.0, 3.2857232
8360.0, 3.283008
8370.0, 3.280298
8380.0, 3.2775931
8390.0, 3.2748935
8400.0, 3.272199
8410.0, 3.269509
8420.0, 3.266825
8430.0, 3.2641459
8440.0, 3.2614715
8450.0, 3.2588024
8460.0, 3.2561383
8470.0, 3.2534792
8480.0, 3.2508256
8490.0, 3.2481766
8500.0, 3.2455328
8510.0, 3.242893
8520.0, 3.2402594
8530.0, 3.2376304
8540.0, 3.2350059
8550.0, 3.2323866
8560.0, 3.2297726
8570.0, 3.2271636
8580.0, 3.2245586
8590.0, 3.2219586
8600.0, 3.2193637
8610.0, 3.216774
8620.0, 3.214189
8630.0, 3.2116086
8640.0, 3.2090333
8650.0, 3.206463
8660.0, 3.2038965
8670.0, 3.2013352
8680.0, 3.1987789
8690.0, 3.1962273
8700.0, 3.19368
8710.0, 3.1911376
8720.0, 3.1886
8730.0, 3.186067
8740.0, 3.183539
8750.0, 3.1810155
8760.0, 3.1784961
8770.0, 3.175982
8780.0, 3.1734722
8790.0, 3.1709664
8800.0, 3.168466
8810.0, 3.16597
8820.0, 3.1634786
8830.0, 3.1609914
8840.0, 3.1585097
8850.0, 3.1560311
8860.0, 3.1535578
8870.0, 3.1510894
8880.0, 3.148625
8890.0, 3.146165
8900.0, 3.1437092
8910.0, 3.1412585
8920.0, 3.1388123
8930.0, 3.1363695
8940.0, 3.133932
8950.0, 3.1314986
8960.0, 3.1290703
8970.0, 3.1266448
8980.0, 3.1242244
8990.0, 3.1218092
9000.0, 3.1193972
9010.0, 3.11699
9020.0, 3.114587
9030.0, 3.1121886
9040.0, 3.1097944
9050.0, 3.107404
9060.0, 3.105018
9070.0, 3.1026368
9080.0, 3.1002593
9090.0, 3.097886
9100.0, 3.095517
9110.0, 3.0931528
9120.0, 3.0907924
9130.0, 3.0884361
9140.0, 3.0860834
9150.0, 3.0837355
9160.0, 3.081392
9170.0, 3.079052
9180.0, 3.0767164
9190.0, 3.0743856
9200.0, 3.072058
9210.0, 3.069735
9220.0, 3.0674155
9230.0, 3.0651007
9240.0, 3.0627897
9250.0, 3.0604825
9260.0, 3.0581791
9270.0, 3.0558805
9280.0, 3.0535862
9290.0, 3.0512948
9300.0, 3.0490081
9310.0, 3.046725
9320.0, 3.044446
9330.0, 3.042171
9340.0, 3.0398998
9350.0, 3.0376322
9360.0, 3.0353699
9370.0, 3.0331106
9380.0, 3.030855
9390.0, 3.0286036
9400.0, 3.026356
9410.0, 3.0241122
9420.0, 3.0218725
9430.0, 3.0196366
9440.0, 3.0174038
9450.0, 3.0151763
9460.0, 3.0129516
9470.0, 3.0107307
9480.0, 3.0085144
9490.0, 3.0063012
9500.0, 3.0040922
9510.0, 3.0018861
9520.0, 2.9996843
9530.0, 2.9974868
9540.0, 2.9952922
9550.0, 2.9931023
9560.0, 2.990915
9570.0, 2.9887323
9580.0, 2.986553
9590.0, 2.984377
9600.0, 2.982205
9610.0, 2.980037
9620.0, 2.9778728
9630.0, 2.9757113
9640.0, 2.9735537
9650.0, 2.9714005
9660.0, 2.96925
9670.0, 2.9671044
9680.0, 2.9649608
9690.0, 2.962822
9700.0, 2.9606867
9710.0, 2.9585543
9720.0, 2.956426
9730.0, 2.954301
9740.0, 2.9521797
9750.0, 2.9500618
9760.0, 2.9479477
9770.0, 2.9458363
9780.0, 2.9437296
9790.0, 2.941626
9800.0, 2.9395258
9810.0, 2.9374287
9820.0, 2.9353354
9830.0, 2.9332457
9840.0, 2.9311597
9850.0, 2.9290764
9860.0, 2.9269972
9870.0, 2.9249213
9880.0, 2.9228487
9890.0, 2.9207797
9900.0, 2.9187143
9910.0, 2.9166515
9920.0, 2.9145927
9930.0, 2.9125373
9940.0, 2.9104853
9950.0, 2.9084363
9960.0, 2.9063911
9970.0, 2.9043486
9980.0, 2.9023101
9990.0, 2.9002752
10000.0, 2.8982427
10010.0, 2.896214
10020.0, 2.8941884
10030.0, 2.8921661
10040.0, 2.890147
10050.0, 2.8881316
10060.0, 2.8861194
10070.0, 2.8841105
10080.0, 2.8821046
10090.0, 2.8801017
10100.0, 2.8781025
10110.0, 2.876107
10120.0, 2.8741138
10130.0, 2.872124
10140.0, 2.8701375
10150.0, 2.868155
10160.0, 2.8661745
10170.0, 2.864198
10180.0, 2.8622239
10190.0, 2.8602538
10200.0, 2.8582864
10210.0, 2.8563225
10220.0, 2.8543608
10230.0, 2.8524032
10240.0, 2.8504486
10250.0, 2.848497
10260.0, 2.8465488
10270.0, 2.844603
10280.0, 2.842661
10290.0, 2.8407216
10300.0, 2.8387854
10310.0, 2.8368523
10320.0, 2.8349226
10330.0, 2.8329957
10340.0, 2.8310719
10350.0, 2.8291512
10360.0, 2.827233
10370.0, 2.825318
10380.0, 2.8234065
10390.0, 2.821498
10400.0, 2.8195925
10410.0, 2.8176894
10420.0, 2.81579
10430.0, 2.813893
10440.0, 2.8119996
10450.0, 2.8101084
10460.0, 2.808221
10470.0, 2.8063362
10480.0, 2.8044543
10490.0, 2.8025749
10500.0, 2.8006992
10510.0, 2.798826
10520.0, 2.7969565
10530.0, 2.795089
10540.0, 2.7932243
10550.0, 2.7913628
10560.0, 2.7895043
10570.0, 2.7876492
10580.0, 2.785796
10590.0, 2.783946
10600.0, 2.7820985
10610.0, 2.780255
10620.0, 2.778414
10630.0, 2.7765746
10640.0, 2.774739
10650.0, 2.7729063
10660.0, 2.771077
10670.0, 2.7692494
10680.0, 2.7674248
10690.0, 2.7656035
10700.0, 2.7637846
10710.0, 2.7619689
10720.0, 2.7601554
10730.0, 2.7583454
10740.0, 2.756538
10750.0, 2.754733
10760.0, 2.7529309
10770.0, 2.7511313
10780.0, 2.749335
10790.0, 2.7475412
10800.0, 2.74575
10810.0, 2.743961
10820.0, 2.7421758
10830.0, 2.7403932
10840.0, 2.7386127
10850.0, 2.7368352
10860.0, 2.7350602
10870.0, 2.733288
10880.0, 2.7315185
10890.0, 2.7297518
10900.0, 2.7279878
10910.0, 2.7262259
10920.0, 2.7244673
10930.0, 2.7227108
10940.0, 2.7209573
10950.0, 2.7192068
10960.0, 2.7174582
10970.0, 2.7157128
10980.0, 2.71397
10990.0, 2.712229
11000.0, 2.7104914
11010.0, 2.7087564
11020.0, 2.7070236
11030.0, 2.7052934
11040.0, 2.7035663
11050.0, 2.7018416
11060.0, 2.7001193
11070.0, 2.6983995
11080.0, 2.6966822
11090.0, 2.6949677
11100.0, 2.6932557
11110.0, 2.6915462
11120.0, 2.6898391
11130.0, 2.6881342
11140.0, 2.6864326
11150.0, 2.6847334
11160.0, 2.6830366
11170.0, 2.6813416
11180.0, 2.6796496
11190.0, 2.6779606
11200.0, 2.6762738
11210.0, 2.6745887
11220.0, 2.6729069
11230.0, 2.671228
11240.0, 2.6695511
11250.0, 2.6678765
11260.0, 2.6662037
11270.0, 2.6645346
11280.0, 2.662867
11290.0, 2.661203
11300.0, 2.6595404
11310.0, 2.65788
11320.0, 2.6562228
11330.0, 2.6545675
11340.0, 2.652915
11350.0, 2.6512647
11360.0, 2.649617
11370.0, 2.6479712
11380.0, 2.6463284
11390.0, 2.6446881
11400.0, 2.6430492
11410.0, 2.6414135
11420.0, 2.6397798
11430.0, 2.6381488
11440.0, 2.63652
11450.0, 2.6348934
11460.0, 2.633269
11470.0, 2.631647
11480.0, 2.630028
11490.0, 2.6284108
11500.0, 2.626796
11510.0, 2.6251833
11520.0, 2.6235733
11530.0, 2.6219652
11540.0, 2.62036
11550.0, 2.6187565
11560.0, 2.6171553
11570.0, 2.615557
11580.0, 2.6139605
11590.0, 2.6123662
11600.0, 2.6107743
11610.0, 2.6091847
11620.0, 2.6075974
11630.0, 2.6060126
11640.0, 2.6044297
11650.0, 2.6028495
11660.0, 2.601271
11670.0, 2.5996947
11680.0, 2.598121
11690.0, 2.5965495
11700.0, 2.59498
11710.0, 2.5934126
11720.0, 2.5918477
11730.0, 2.590285
11740.0, 2.5887246
11750.0, 2.5871663
11760.0, 2.58561
11770.0, 2.584056
11780.0, 2.5825045
11790.0, 2.5809548
11800.0, 2.579407
11810.0, 2.577862
11820.0, 2.5763187
11830.0, 2.574778
11840.0, 2.5732393
11850.0, 2.5717025
11860.0, 2.5701683
11870.0, 2.5686357
11880.0, 2.5671058
11890.0, 2.5655775
11900.0, 2.5640516
11910.0, 2.562528
11920.0, 2.5610065
11930.0, 2.5594869
11940.0, 2.5579693
11950.0, 2.5564537
11960.0, 2.5549405
11970.0, 2.5534294
11980.0, 2.5519207
11990.0, 2.5504136
12000.0, 2.5489082
12010.0, 2.5474057
12020.0, 2.545905
12030.0, 2.5444062
12040.0, 2.5429096
12050.0, 2.5414155
12060.0, 2.5399227
12070.0, 2.5384324
12080.0, 2.5369437
12090.0, 2.5354576
12100.0, 2.5339732
12110.0, 2.532491
12120.0, 2.531011
12130.0, 2.5295327
12140.0, 2.5280564
12150.0, 2.5265822
12160.0, 2.5251098
12170.0, 2.52364
12180.0, 2.5221715
12190.0, 2.5207057
12200.0, 2.5192413
12210.0, 2.5177786
12220.0, 2.5163193
12230.0, 2.514861
12240.0, 2.5134046
12250.0, 2.5119507
12260.0, 2.5104978
12270.0, 2.509048
12280.0, 2.5075996
12290.0, 2.506153
12300.0, 2.5047085
12310.0, 2.503266
12320.0, 2.5018263
12330.0, 2.5003874
12340.0, 2.4989502
12350.0, 2.497516
12360.0, 2.4960825
12370.0, 2.4946523
12380.0, 2.4932232
12390.0, 2.4917958
12400.0, 2.490371
12410.0, 2.4889479
12420.0, 2.4875267
12430.0, 2.4861069
12440.0, 2.4846897
12450.0, 2.483274
12460.0, 2.4818604
12470.0, 2.4804482
12480.0, 2.4790387
12490.0, 2.4776304
12500.0, 2.4762242
12510.0, 2.47482
12520.0, 2.4734173
12530.0, 2.4720168
12540.0, 2.4706182
12550.0, 2.469221
12560.0, 2.4678264
12570.0, 2.4664328
12580.0, 2.4650416
12590.0, 2.4636521
12600.0, 2.4622645
12610.0, 2.4608786
12620.0, 2.4594946
12630.0, 2.4581125
12640.0, 2.456732
12650.0, 2.4553537
12660.0, 2.4539769
12670.0, 2.4526017
12680.0, 2.4512289
12690.0, 2.4498575
12700.0, 2.4484875
12710.0, 2.44712
12720.0, 2.4457538
12730.0, 2.44439
12740.0, 2.4430275
12750.0, 2.441667
12760.0, 2.4403083
12770.0, 2.438951
12780.0, 2.4375958
12790.0, 2.436242
12800.0, 2.4348903
12810.0, 2.4335406
12820.0, 2.4321923
12830.0, 2.4308457
12840.0, 2.429501
12850.0, 2.428158
12860.0, 2.4268172
12870.0, 2.4254773
12880.0, 2.4241393
12890.0, 2.4228032
12900.0, 2.4214692
12910.0, 2.420137
12920.0, 2.4188058
12930.0, 2.4174764
12940.0, 2.416149
12950.0, 2.4148235
12960.0, 2.4134996
12970.0, 2.4121766
12980.0, 2.4108565
12990.0, 2.4095376
13000.0, 2.4082203
13010.0, 2.406905
13020.0, 2.4055908
13030.0, 2.4042783
13040.0, 2.402968
13050.0, 2.4016595
13060.0, 2.400352
13070.0, 2.3990462
13080.0, 2.3977427
13090.0, 2.3964405
13100.0, 2.39514
13110.0, 2.3938408
13120.0, 2.3925438
13130.0, 2.391248
13140.0, 2.389954
13150.0, 2.3886619
13160.0, 2.3873713
13170.0, 2.3860822
13180.0, 2.3847947
13190.0, 2.3835092
13200.0, 2.382225
13210.0, 2.3809426
13220.0, 2.3796618
13230.0, 2.3783824
13240.0, 2.377105
13250.0, 2.3758285
13260.0, 2.3745542
13270.0, 2.3732812
13280.0, 2.37201
13290.0, 2.3707407
13300.0, 2.3694725
13310.0, 2.368206
13320.0, 2.3669412
13330.0, 2.3656778
13340.0, 2.3644164
13350.0, 2.363156
13360.0, 2.3618975
13370.0, 2.3606405
13380.0, 2.3593855
13390.0, 2.3581316
13400.0, 2.3568795
13410.0, 2.3556287
13420.0, 2.3543794
13430.0, 2.353131
13440.0, 2.3518858
13450.0, 2.3506413
13460.0, 2.3493984
13470.0, 2.348157
13480.0, 2.346917
13490.0, 2.3456786
13500.0, 2.3444414
13510.0, 2.3432064
13520.0, 2.3419726
13530.0, 2.3407404
13540.0, 2.33951
13550.0, 2.3382807
13560.0, 2.3370528
13570.0, 2.3358264
13580.0, 2.334602
13590.0, 2.3333793
13600.0, 2.3321574
13610.0, 2.3309371
13620.0, 2.3297186
13630.0, 2.3285015
13640.0, 2.327286
13650.0, 2.3260717
13660.0, 2.3248591
13670.0, 2.3236477
13680.0, 2.3224385
13690.0, 2.3212302
13700.0, 2.320023
13710.0, 2.3188179
13720.0, 2.3176138
13730.0, 2.316412
13740.0, 2.3152108
13750.0, 2.314011
13760.0, 2.3128135
13770.0, 2.311617
13780.0, 2.310422
13790.0, 2.3092282
13800.0, 2.3080363
13810.0, 2.3068454
13820.0, 2.305656
13830.0, 2.3044684
13840.0, 2.3032818
13850.0, 2.3020968
13860.0, 2.3009133
13870.0, 2.2997313
13880.0, 2.2985506
13890.0, 2.2973716
13900.0, 2.2961936
13910.0, 2.2950172
13920.0, 2.2938418
13930.0, 2.2926686
13940.0, 2.2914965
13950.0, 2.2903256
13960.0, 2.2891564
13970.0, 2.287988
13980.0, 2.2868216
13990.0, 2.2856567
14000.0, 2.284493
14010.0, 2.28333
14020.0, 2.282169
14030.0, 2.28101
14040.0, 2.2798514
14050.0, 2.2786946
14060.0, 2.277539
14070.0, 2.276385
14080.0, 2.2752323
14090.0, 2.274081
14100.0, 2.2729306
14110.0, 2.2717824
14120.0, 2.2706351
14130.0, 2.2694893
14140.0, 2.2683446
14150.0, 2.2672012
14160.0, 2.2660594
14170.0, 2.2649195
14180.0, 2.26378
14190.0, 2.2626421
14200.0, 2.2615056
14210.0, 2.2603705
14220.0, 2.259237
14230.0, 2.2581046
14240.0, 2.2569733
14250.0, 2.2558436
14260.0, 2.254715
14270.0, 2.2535882
14280.0, 2.2524621
14290.0, 2.251338
14300.0, 2.2502146
14310.0, 2.2490926
14320.0, 2.2479722
14330.0, 2.2468529
14340.0, 2.2457352
14350.0, 2.2446184
14360.0, 2.2435033
14370.0, 2.2423892
14380.0, 2.2412765
14390.0, 2.2401652
14400.0, 2.239055
14410.0, 2.2379467
14420.0, 2.2368388
14430.0, 2.2357326
14440.0, 2.2346277
14450.0, 2.233524
14460.0, 2.2324216
14470.0, 2.2313204
14480.0, 2.2302206
14490.0, 2.2291222
14500.0, 2.2280247
14510.0, 2.226929
14520.0, 2.2258341
14530.0, 2.2247407
14540.0, 2.2236483
14550.0, 2.222557
14560.0, 2.2214675
14570.0, 2.2203794
14580.0, 2.2192922
14590.0, 2.2182062
14600.0, 2.2171211
14610.0, 2.216038
14620.0, 2.214956
14630.0, 2.2138748
14640.0, 2.2127948
14650.0, 2.2117162
14660.0, 2.2106395
14670.0, 2.2095633
14680.0, 2.2084887
14690.0, 2.2074149
14700.0, 2.2063425
14710.0, 2.2052715
14720.0, 2.2042017
14730.0, 2.2031329
14740.0, 2.2020655
14750.0, 2.2009993
14760.0, 2.1999345
14770.0, 2.1988702
14780.0, 2.1978078
14790.0, 2.196746
14800.0, 2.195686
14810.0, 2.1946273
14820.0, 2.1935694
14830.0, 2.1925128
14840.0, 2.1914573
14850.0, 2.1904032
14860.0, 2.1893506
14870.0, 2.1882982
14880.0, 2.1872475
14890.0, 2.186198
14900.0, 2.1851501
14910.0, 2.184103
14920.0, 2.1830566
14930.0, 2.182012
14940.0, 2.1809688
14950.0, 2.1799262
14960.0, 2.178885
14970.0, 2.177845
14980.0, 2.1768064
14990.0, 2.1757686
15000.0, 2.174732
15010.0, 2.1736963
15020.0, 2.172662
15030.0, 2.1716292
15040.0, 2.1705973
15050.0, 2.1695664
15060.0, 2.1685367
15070.0, 2.1675084
15080.0, 2.1664813
15090.0, 2.1654546
15100.0, 2.16443
15110.0, 2.163406
15120.0, 2.1623833
15130.0, 2.1613617
15140.0, 2.1603408
15150.0, 2.159322
15160.0, 2.1583035
15170.0, 2.1572864
15180.0, 2.1562705
15190.0, 2.1552556
15200.0, 2.1542418
15210.0, 2.1532292
15220.0, 2.1522179
15230.0, 2.1512074
15240.0, 2.1501982
15250.0, 2.1491902
15260.0, 2.1481829
15270.0, 2.1471767
15280.0, 2.146172
15290.0, 2.1451685
15300.0, 2.144166
15310.0, 2.1431644
15320.0, 2.142164
15330.0, 2.1411648
15340.0, 2.1401665
15350.0, 2.1391697
15360.0, 2.1381736
15370.0, 2.1371787
15380.0, 2.1361845
15390.0, 2.135192
15400.0, 2.1342003
15410.0, 2.1332097
15420.0, 2.13222
15430.0, 2.1312318
15440.0, 2.1302447
15450.0, 2.1292584
15460.0, 2.128273
15470.0, 2.1272888
15480.0, 2.1263058
15490.0, 2.125324
15500.0, 2.1243427
15510.0, 2.123363
15520.0, 2.122384
15530.0, 2.1214066
15540.0, 2.12043
15550.0, 2.1194541
15560.0, 2.1184797
15570.0, 2.117506
15580.0, 2.1165335
15590.0, 2.1155622
15600.0, 2.1145916
15610.0, 2.1136227
15620.0, 2.1126542
15630.0, 2.1116874
15640.0, 2.1107209
15650.0, 2.1097558
15660.0, 2.1087916
15670.0, 2.1078286
15680.0, 2.1068666
15690.0, 2.1059055
15700.0, 2.1049457
15710.0, 2.1039865
15720.0, 2.1030288
15730.0, 2.102072
15740.0, 2.101116
15750.0, 2.100161
15760.0, 2.0992072
15770.0, 2.0982544
15780.0, 2.0973027
15790.0, 2.0963519
15800.0, 2.0954022
15810.0, 2.0944533
15820.0, 2.0935054
15830.0, 2.0925589
15840.0, 2.091613
15850.0, 2.0906682
15860.0, 2.0897243
15870.0, 2.0887818
15880.0, 2.0878406
15890.0, 2.0868995
15900.0, 2.08596
15910.0, 2.0850213
15920.0, 2.0840833
15930.0, 2.0831468
15940.0, 2.082211
15950.0, 2.0812762
15960.0, 2.0803423
15970.0, 2.0794096
15980.0, 2.078478
15990.0, 2.0775473
16000.0, 2.076617
16010.0, 2.0756884
16020.0, 2.0747604
16030.0, 2.0738337
16040.0, 2.0729074
16050.0, 2.0719826
16060.0, 2.0710588
16070.0, 2.0701356
16080.0, 2.0692139
16090.0, 2.0682924
16100.0, 2.0673723
16110.0, 2.0664532
16120.0, 2.065535
16130.0, 2.0646179
16140.0, 2.0637019
16150.0, 2.062786
16160.0, 2.0618718
16170.0, 2.0609586
16180.0, 2.0600457
16190.0, 2.0591345
16200.0, 2.058224
16210.0, 2.0573142
16220.0, 2.0564058
16230.0, 2.0554981
16240.0, 2.0545912
16250.0, 2.0536852
16260.0, 2.0527804
16270.0, 2.0518765
16280.0, 2.0509734
16290.0, 2.0500715
16300.0, 2.0491703
16310.0, 2.04827
16320.0, 2.0473707
16330.0, 2.0464723
16340.0, 2.045575
16350.0, 2.0446782
16360.0, 2.043783
16370.0, 2.042888
16380.0, 2.0419946
16390.0, 2.0411017
16400.0, 2.0402095
16410.0, 2.0393186
16420.0, 2.0384288
16430.0, 2.0375395
16440.0, 2.0366514
16450.0, 2.0357637
16460.0, 2.0348775
16470.0, 2.0339918
16480.0, 2.0331073
16490.0, 2.0322232
16500.0, 2.0313408
16510.0, 2.030459
16520.0, 2.029578
16530.0, 2.0286977
16540.0, 2.0278184
16550.0, 2.0269403
16560.0, 2.026063
16570.0, 2.0251863
16580.0, 2.0243108
16590.0, 2.023436
16600.0, 2.022562
16610.0, 2.0216894
16620.0, 2.020817
16630.0, 2.019946
16640.0, 2.0190756
16650.0, 2.0182061
16660.0, 2.0173378
16670.0, 2.01647
16680.0, 2.0156033
16690.0, 2.0147371
16700.0, 2.0138721
16710.0, 2.0130084
16720.0, 2.0121448
16730.0, 2.0112824
16740.0, 2.010421
16750.0, 2.0095603
16760.0, 2.0087006
16770.0, 2.0078416
16780.0, 2.0069835
16790.0, 2.0061262
16800.0, 2.0052702
16810.0, 2.0044143
16820.0, 2.0035598
16830.0, 2.0027063
16840.0, 2.001853
16850.0, 2.0010011
16860.0, 2.0001497
16870.0, 1.9992995
16880.0, 1.9984502
16890.0, 1.9976016
16900.0, 1.9967537
16910.0, 1.9959067
16920.0, 1.9950604
16930.0, 1.9942154
16940.0, 1.9933707
16950.0, 1.9925274
16960.0, 1.9916848
16970.0, 1.9908426
16980.0, 1.9900016
16990.0, 1.9891615
17000.0, 1.9883219
17010.0, 1.9874836
17020.0, 1.9866456
17030.0, 1.9858087
17040.0, 1.9849725
17050.0, 1.9841377
17060.0, 1.9833032
17070.0, 1.9824696
17080.0, 1.9816366
17090.0, 1.9808047
17100.0, 1.9799737
17110.0, 1.9791435
17120.0, 1.9783137
17130.0, 1.9774854
17140.0, 1.9766575
17150.0, 1.9758304
17160.0, 1.9750043
17170.0, 1.9741787
17180.0, 1.9733542
17190.0, 1.9725302
17200.0, 1.9717076
17210.0, 1.9708854
17220.0, 1.9700642
17230.0, 1.9692436
17240.0, 1.968424
17250.0, 1.9676049
17260.0, 1.9667866
17270.0, 1.9659694
17280.0, 1.9651527
17290.0, 1.9643372
17300.0, 1.9635221
17310.0, 1.9627081
17320.0, 1.9618946
17330.0, 1.9610822
17340.0, 1.9602705
17350.0, 1.9594594
17360.0, 1.958649
17370.0, 1.9578398
17380.0, 1.9570315
17390.0, 1.9562236
17400.0, 1.9554164
17410.0, 1.9546102
17420.0, 1.9538049
17430.0, 1.9530001
17440.0, 1.9521962
17450.0, 1.951393
17460.0, 1.9505907
17470.0, 1.9497893
17480.0, 1.9489886
17490.0, 1.9481884
17500.0, 1.9473891
17510.0, 1.9465904
17520.0, 1.9457928
17530.0, 1.9449958
17540.0, 1.9441998
17550.0, 1.9434046
17560.0, 1.94261
17570.0, 1.9418161
17580.0, 1.9410231
17590.0, 1.9402305
17600.0, 1.9394389
17610.0, 1.9386481
17620.0, 1.9378579
17630.0, 1.9370689
17640.0, 1.9362805
17650.0, 1.9354924
17660.0, 1.9347055
17670.0, 1.9339191
17680.0, 1.9331337
17690.0, 1.9323487
17700.0, 1.9315649
17710.0, 1.9307816
17720.0, 1.929999
17730.0, 1.9292173
17740.0, 1.9284364
17750.0, 1.927656
17760.0, 1.9268764
17770.0, 1.9260974
17780.0, 1.9253197
17790.0, 1.9245423
17800.0, 1.9237657
17810.0, 1.9229898
17820.0, 1.9222146
17830.0, 1.9214406
17840.0, 1.9206669
17850.0, 1.9198937
17860.0, 1.9191217
17870.0, 1.9183501
17880.0, 1.9175798
17890.0, 1.9168096
17900.0, 1.9160403
17910.0, 1.9152718
17920.0, 1.914504
17930.0, 1.9137369
17940.0, 1.9129705
17950.0, 1.9122049
17960.0, 1.9114403
17970.0, 1.910676
17980.0, 1.9099123
17990.0, 1.9091499
18000.0, 1.9083878
18010.0, 1.9076263
18020.0, 1.9068657
18030.0, 1.9061059
18040.0, 1.9053466
18050.0, 1.9045883
18060.0, 1.9038305
18070.0, 1.9030735
18080.0, 1.9023172
18090.0, 1.9015616
18100.0, 1.9008067
18110.0, 1.9000525
18120.0, 1.8992989
18130.0, 1.8985462
18140.0, 1.8977941
18150.0, 1.8970429
18160.0, 1.8962919
18170.0, 1.895542
18180.0, 1.8947927
18190.0, 1.8940442
18200.0, 1.8932962
18210.0, 1.8925492
18220.0, 1.8918025
18230.0, 1.8910568
18240.0, 1.8903117
18250.0, 1.8895671
18260.0, 1.8888233
18270.0, 1.8880805
18280.0, 1.8873379
18290.0, 1.8865962
18300.0, 1.8858553
18310.0, 1.8851149
18320.0, 1.8843756
18330.0, 1.8836366
18340.0, 1.8828981
18350.0, 1.8821608
18360.0, 1.8814238
18370.0, 1.8806877
18380.0, 1.8799521
18390.0, 1.8792173
18400.0, 1.8784832
18410.0, 1.8777496
18420.0, 1.8770169
18430.0, 1.8762847
18440.0, 1.875553
18450.0, 1.8748223
18460.0, 1.8740922
18470.0, 1.8733629
18480.0, 1.8726339
18490.0, 1.8719058
18500.0, 1.8711783
18510.0, 1.8704517
18520.0, 1.8697253
18530.0, 1.869
18540.0, 1.8682753
18550.0, 1.8675511
18560.0, 1.8668277
18570.0, 1.8661048
18580.0, 1.8653827
18590.0, 1.8646611
18600.0, 1.8639402
18610.0, 1.8632202
18620.0, 1.8625005
18630.0, 1.8617818
18640.0, 1.8610636
18650.0, 1.8603458
18660.0, 1.8596289
18670.0, 1.8589128
18680.0, 1.8581971
18690.0, 1.8574821
18700.0, 1.8567677
18710.0, 1.8560543
18720.0, 1.8553412
18730.0, 1.8546288
18740.0, 1.853917
18750.0, 1.853206
18760.0, 1.8524956
18770.0, 1.8517857
18780.0, 1.8510765
18790.0, 1.850368
18800.0, 1.8496602
18810.0, 1.848953
18820.0, 1.8482463
18830.0, 1.8475403
18840.0, 1.8468348
18850.0, 1.8461304
18860.0, 1.8454263
18870.0, 1.8447227
18880.0, 1.8440199
18890.0, 1.8433179
18900.0, 1.8426163
18910.0, 1.8419155
18920.0, 1.8412151
18930.0, 1.8405151
18940.0, 1.8398162
18950.0, 1.8391179
18960.0, 1.8384202
18970.0, 1.8377231
18980.0, 1.8370265
18990.0, 1.8363304
19000.0, 1.8356353
19010.0, 1.8349407
19020.0, 1.8342464
19030.0, 1.833553
19040.0, 1.8328602
19050.0, 1.8321681
19060.0, 1.8314763
19070.0, 1.8307855
19080.0, 1.830095
19090.0, 1.8294055
19100.0, 1.8287165
19110.0, 1.8280276
19120.0, 1.8273399
19130.0, 1.8266526
19140.0, 1.8259662
19150.0, 1.82528
19160.0, 1.8245946
19170.0, 1.8239095
19180.0, 1.8232254
19190.0, 1.8225417
19200.0, 1.8218584
19210.0, 1.8211763
19220.0, 1.8204942
19230.0, 1.8198128
19240.0, 1.8191326
19250.0, 1.8184525
19260.0, 1.8177731
19270.0, 1.817094
19280.0, 1.8164155
19290.0, 1.8157384
19300.0, 1.8150611
19310.0, 1.8143845
19320.0, 1.8137087
19330.0, 1.8130333
19340.0, 1.812359
19350.0, 1.8116847
19360.0, 1.811011
19370.0, 1.8103385
19380.0, 1.809666
19390.0, 1.8089943
19400.0, 1.8083231
19410.0, 1.8076526
19420.0, 1.8069829
19430.0, 1.8063133
19440.0, 1.8056449
19450.0, 1.8049763
19460.0, 1.8043089
19470.0, 1.8036419
19480.0, 1.8029753
19490.0, 1.8023094
19500.0, 1.8016438
19510.0, 1.8009791
19520.0, 1.8003151
19530.0, 1.7996515
19540.0, 1.7989885
19550.0, 1.7983261
19560.0, 1.7976643
19570.0, 1.7970029
19580.0, 1.7963423
19590.0, 1.7956821
19600.0, 1.7950227
19610.0, 1.7943634
19620.0, 1.7937052
19630.0, 1.7930475
19640.0, 1.7923902
19650.0, 1.7917336
19660.0, 1.7910773
19670.0, 1.7904216
19680.0, 1.7897667
19690.0, 1.7891124
19700.0, 1.7884583
19710.0, 1.7878052
19720.0, 1.7871523
19730.0, 1.7865003
19740.0, 1.7858485
19750.0, 1.7851975
19760.0, 1.7845469
19770.0, 1.783897
19780.0, 1.7832476
19790.0, 1.7825987
19800.0, 1.7819507
19810.0, 1.7813028
19820.0, 1.7806555
19830.0, 1.7800093
19840.0, 1.7793628
19850.0, 1.7787174
19860.0, 1.7780725
19870.0, 1.777428
19880.0, 1.7767844
19890.0, 1.7761412
19900.0, 1.775498
19910.0, 1.7748561
19920.0, 1.7742144
19930.0, 1.7735732
19940.0, 1.7729326
19950.0, 1.7722927
19960.0, 1.7716533
19970.0, 1.7710143
19980.0, 1.7703762
19990.0, 1.769738
20000.0, 1.7691007
20010.0, 1.768464
20020.0, 1.7678279
20030.0, 1.767192
20040.0, 1.766557
20050.0, 1.7659224
20060.0, 1.7652886
20070.0, 1.764655
20080.0, 1.7640218
20090.0, 1.7633893
20100.0, 1.7627572
20110.0, 1.7621262
20120.0, 1.761495
20130.0, 1.7608646
20140.0, 1.7602351
20150.0, 1.7596058
20160.0, 1.7589772
20170.0, 1.7583492
20180.0, 1.7577211
20190.0, 1.757094
20200.0, 1.7564672
20210.0, 1.7558413
20220.0, 1.7552159
20230.0, 1.7545907
20240.0, 1.7539662
20250.0, 1.7533422
20260.0, 1.7527187
20270.0, 1.7520959
20280.0, 1.7514735
20290.0, 1.7508515
20300.0, 1.7502301
20310.0, 1.7496096
20320.0, 1.7489891
20330.0, 1.7483692
20340.0, 1.74775
20350.0, 1.7471312
20360.0, 1.7465127
20370.0, 1.7458954
20380.0, 1.745278
20390.0, 1.7446611
20400.0, 1.744045
20410.0, 1.7434293
20420.0, 1.7428143
20430.0, 1.7421993
20440.0, 1.741585
20450.0, 1.7409718
20460.0, 1.7403585
20470.0, 1.739746
20480.0, 1.7391337
20490.0, 1.7385218
20500.0, 1.7379112
20510.0, 1.7373005
20520.0, 1.7366903
20530.0, 1.7360806
20540.0, 1.7354714
20550.0, 1.734863
20560.0, 1.7342552
20570.0, 1.7336476
20580.0, 1.7330403
20590.0, 1.7324337
20600.0, 1.7318279
20610.0, 1.731222
20620.0, 1.7306169
20630.0, 1.7300127
20640.0, 1.7294085
20650.0, 1.7288048
20660.0, 1.728202
20670.0, 1.7275991
20680.0, 1.7269971
20690.0, 1.7263956
20700.0, 1.7257944
20710.0, 1.7251937
20720.0, 1.7245938
20730.0, 1.723994
20740.0, 1.7233951
20750.0, 1.7227967
20760.0, 1.7221982
20770.0, 1.7216002
20780.0, 1.7210035
20790.0, 1.7204067
20800.0, 1.7198106
20810.0, 1.7192147
20820.0, 1.7186195
20830.0, 1.718025
20840.0, 1.7174305
20850.0, 1.7168367
20860.0, 1.7162436
20870.0, 1.7156506
20880.0, 1.7150588
20890.0, 1.7144668
20900.0, 1.7138753
20910.0, 1.7132845
20920.0, 1.712694
20930.0, 1.7121043
20940.0, 1.711515
20950.0, 1.7109258
20960.0, 1.7103373
20970.0, 1.7097493
20980.0, 1.7091616
20990.0, 1.7085748
21000.0, 1.707988
21010.0, 1.7074022
21020.0, 1.7068166
21030.0, 1.7062312
21040.0, 1.7056469
21050.0, 1.7050625
21060.0, 1.7044789
21070.0, 1.7038957
21080.0, 1.7033128
21090.0, 1.7027305
21100.0, 1.7021487
21110.0, 1.7015674
21120.0, 1.7009865
21130.0, 1.700406
21140.0, 1.6998262
21150.0, 1.6992464
21160.0, 1.6986674
21170.0, 1.698089
21180.0, 1.6975107
21190.0, 1.6969332
21200.0, 1.6963558
21210.0, 1.6957793
21220.0, 1.695203
21230.0, 1.6946272
21240.0, 1.694052
21250.0, 1.6934769
21260.0, 1.6929026
21270.0, 1.6923287
21280.0, 1.6917549
21290.0, 1.691182
21300.0, 1.6906096
21310.0, 1.6900374
21320.0, 1.6894659
21330.0, 1.6888943
21340.0, 1.6883239
21350.0, 1.6877536
21360.0, 1.6871836
21370.0, 1.6866148
21380.0, 1.6860455
21390.0, 1.6854769
21400.0, 1.684909
21410.0, 1.6843413
21420.0, 1.6837744
21430.0, 1.6832075
21440.0, 1.6826411
21450.0, 1.6820755
21460.0, 1.6815103
21470.0, 1.6809456
21480.0, 1.680381
21490.0, 1.6798171
21500.0, 1.6792536
21510.0, 1.6786902
21520.0, 1.6781275
21530.0, 1.6775655
21540.0, 1.6770036
21550.0, 1.6764425
21560.0, 1.6758815
21570.0, 1.6753212
21580.0, 1.674761
21590.0, 1.6742017
21600.0, 1.6736425
21610.0, 1.6730838
21620.0, 1.6725256
21630.0, 1.671968
21640.0, 1.6714106
21650.0, 1.6708537
21660.0, 1.6702973
21670.0, 1.6697412
21680.0, 1.6691856
21690.0, 1.6686304
21700.0, 1.6680758
21710.0, 1.6675214
21720.0, 1.6669677
21730.0, 1.6664144
21740.0, 1.665861
21750.0, 1.6653086
21760.0, 1.6647567
21770.0, 1.6642047
21780.0, 1.6636535
21790.0, 1.6631027
21800.0, 1.6625524
21810.0, 1.6620026
21820.0, 1.661453
21830.0, 1.6609036
21840.0, 1.660355
21850.0, 1.6598067
21860.0, 1.659259
21870.0, 1.6587118
21880.0, 1.6581644
21890.0, 1.6576183
21900.0, 1.6570721
21910.0, 1.6565263
21920.0, 1.6559811
21930.0, 1.6554359
21940.0, 1.6548918
21950.0, 1.6543479
21960.0, 1.6538042
21970.0, 1.6532611
21980.0, 1.6527183
21990.0, 1.652176
22000.0, 1.6516343
22010.0, 1.6510926
22020.0, 1.6505514
22030.0, 1.6500108
22040.0, 1.6494708
22050.0, 1.6489311
22060.0, 1.6483914
22070.0, 1.6478527
22080.0, 1.647314
22090.0, 1.6467761
22100.0, 1.6462383
22110.0, 1.6457005
22120.0, 1.6451638
22130.0, 1.6446273
22140.0, 1.6440914
22150.0, 1.6435555
22160.0, 1.6430203
22170.0, 1.6424859
22180.0, 1.6419512
22190.0, 1.6414173
22200.0, 1.6408836
22210.0, 1.6403502
22220.0, 1.6398177
22230.0, 1.6392851
22240.0, 1.6387532
22250.0, 1.6382219
22260.0, 1.6376903
22270.0, 1.6371598
22280.0, 1.6366291
22290.0, 1.6360992
22300.0, 1.6355702
22310.0, 1.6350408
22320.0, 1.6345124
22330.0, 1.6339837
22340.0, 1.6334556
22350.0, 1.6329284
22360.0, 1.6324012
22370.0, 1.6318747
22380.0, 1.631348
22390.0, 1.6308222
22400.0, 1.6302967
22410.0, 1.6297718
22420.0, 1.6292467
22430.0, 1.6287227
22440.0, 1.6281985
22450.0, 1.6276754
22460.0, 1.6271522
22470.0, 1.6266294
22480.0, 1.6261072
22490.0, 1.6255852
22500.0, 1.6250637
22510.0, 1.6245421
22520.0, 1.6240216
22530.0, 1.6235015
22540.0, 1.6229812
22550.0, 1.622462
22560.0, 1.6219426
22570.0, 1.6214237
22580.0, 1.6209056
22590.0, 1.6203874
22600.0, 1.6198701
22610.0, 1.6193527
22620.0, 1.6188358
22630.0, 1.6183197
22640.0, 1.6178033
22650.0, 1.6172876
22660.0, 1.6167724
22670.0, 1.6162575
22680.0, 1.6157432
22690.0, 1.6152289
22700.0, 1.6147151
22710.0, 1.6142018
22720.0, 1.613689
22730.0, 1.6131763
22740.0, 1.6126642
22750.0, 1.6121522
22760.0, 1.6116409
22770.0, 1.6111298
22780.0, 1.6106194
22790.0, 1.610109
22800.0, 1.609599
22810.0, 1.6090896
22820.0, 1.6085804
22830.0, 1.6080717
22840.0, 1.6075635
22850.0, 1.6070553
22860.0, 1.6065477
22870.0, 1.6060405
22880.0, 1.6055337
22890.0, 1.6050272
22900.0, 1.604521
22910.0, 1.6040155
22920.0, 1.60351
22930.0, 1.6030049
22940.0, 1.6025004
22950.0, 1.6019962
22960.0, 1.6014924
22970.0, 1.6009889
22980.0, 1.6004859
22990.0, 1.5999831
23000.0, 1.5994807
23010.0, 1.5989786
23020.0, 1.5984772
23030.0, 1.5979757
23040.0, 1.5974749
23050.0, 1.5969746
23060.0, 1.5964743
23070.0, 1.5959744
23080.0, 1.5954752
23090.0, 1.5949762
23100.0, 1.5944775
23110.0, 1.5939791
23120.0, 1.5934814
23130.0, 1.5929837
23140.0, 1.5924865
23150.0, 1.5919898
23160.0, 1.5914932
23170.0, 1.5909972
23180.0, 1.5905018
23190.0, 1.5900061
23200.0, 1.5895109
23210.0, 1.5890163
23220.0, 1.5885222
23230.0, 1.5880283
23240.0, 1.5875349
23250.0, 1.5870417
23260.0, 1.5865489
23270.0, 1.5860564
23280.0, 1.5855645
23290.0, 1.5850725
23300.0, 1.5845813
23310.0, 1.5840904
23320.0, 1.5835997
23330.0, 1.5831094
23340.0, 1.5826193
23350.0, 1.58213
23360.0, 1.5816405
23370.0, 1.5811516
23380.0, 1.5806631
23390.0, 1.5801749
23400.0, 1.5796872
23410.0, 1.5791999
23420.0, 1.5787126
23430.0, 1.5782261
23440.0, 1.5777392
23450.0, 1.5772536
23460.0, 1.5767679
23470.0, 1.5762826
23480.0, 1.5757978
23490.0, 1.5753131
23500.0, 1.5748287
23510.0, 1.574345
23520.0, 1.5738612
23530.0, 1.5733781
23540.0, 1.5728953
23550.0, 1.5724127
23560.0, 1.5719308
23570.0, 1.5714487
23580.0, 1.5709674
23590.0, 1.5704862
23600.0, 1.5700055
23610.0, 1.5695251
23620.0, 1.5690447
23630.0, 1.5685652
23640.0, 1.5680858
23650.0, 1.5676068
23660.0, 1.5671282
23670.0, 1.5666497
23680.0, 1.5661719
23690.0, 1.5656941
23700.0, 1.5652167
23710.0, 1.5647402
23720.0, 1.5642633
23730.0, 1.5637871
23740.0, 1.563311
23750.0, 1.5628355
23760.0, 1.5623603
23770.0, 1.5618852
23780.0, 1.5614108
23790.0, 1.5609365
23800.0, 1.5604627
23810.0, 1.5599892
23820.0, 1.559516
23830.0, 1.5590429
23840.0, 1.5585706
23850.0, 1.5580984
23860.0, 1.5576265
23870.0, 1.5571549
23880.0, 1.5566838
23890.0, 1.5562128
23900.0, 1.5557424
23910.0, 1.5552722
23920.0, 1.5548023
23930.0, 1.5543327
23940.0, 1.5538636
23950.0, 1.5533948
23960.0, 1.5529264
23970.0, 1.552458
23980.0, 1.5519905
23990.0, 1.5515226
24000.0, 1.5510556
24010.0, 1.5505885
24020.0, 1.5501224
24030.0, 1.5496562
24040.0, 1.5491904
24050.0, 1.5487249
24060.0, 1.5482596
24070.0, 1.5477948
24080.0, 1.5473304
24090.0, 1.546866
24100.0, 1.5464022
24110.0, 1.5459386
24120.0, 1.5454754
24130.0, 1.5450126
24140.0, 1.5445501
24150.0, 1.5440879
24160.0, 1.5436261
24170.0, 1.5431643
24180.0, 1.542703
24190.0, 1.5422423
24200.0, 1.5417813
24210.0, 1.5413215
24220.0, 1.5408616
24230.0, 1.5404018
24240.0, 1.5399424
24250.0, 1.5394834
24260.0, 1.5390248
24270.0, 1.5385662
24280.0, 1.5381086
24290.0, 1.5376508
24300.0, 1.5371934
24310.0, 1.5367364
24320.0, 1.5362796
24330.0, 1.5358232
24340.0, 1.5353673
24350.0, 1.5349114
24360.0, 1.534456
24370.0, 1.5340009
24380.0, 1.5335462
24390.0, 1.5330918
24400.0, 1.5326375
24410.0, 1.5321835
24420.0, 1.5317297
24430.0, 1.5312767
24440.0, 1.5308238
24450.0, 1.5303712
24460.0, 1.5299191
24470.0, 1.5294671
24480.0, 1.5290155
24490.0, 1.5285642
24500.0, 1.528113
24510.0, 1.5276625
24520.0, 1.5272119
24530.0, 1.5267619
24540.0, 1.5263122
24550.0, 1.5258627
24560.0, 1.5254136
24570.0, 1.5249647
24580.0, 1.5245163
24590.0, 1.5240682
24600.0, 1.5236201
24610.0, 1.5231729
24620.0, 1.5227253
24630.0, 1.5222785
24640.0, 1.5218319
24650.0, 1.5213853
24660.0, 1.5209396
24670.0, 1.5204937
24680.0, 1.5200484
24690.0, 1.5196034
24700.0, 1.5191584
24710.0, 1.5187143
24720.0, 1.5182698
24730.0, 1.5178258
24740.0, 1.5173826
24750.0, 1.5169392
24760.0, 1.5164963
24770.0, 1.5160536
24780.0, 1.5156112
24790.0, 1.5151693
24800.0, 1.5147276
24810.0, 1.5142863
24820.0, 1.5138451
24830.0, 1.513404
24840.0, 1.5129637
24850.0, 1.5125233
24860.0, 1.5120834
24870.0, 1.511644
24880.0, 1.5112045
24890.0, 1.5107658
24900.0, 1.5103269
24910.0, 1.5098884
24920.0, 1.5094506
24930.0, 1.5090123
24940.0, 1.5085752
24950.0, 1.5081377
24960.0, 1.5077007
24970.0, 1.5072645
24980.0, 1.5068282
24990.0, 1.5063922
25000.0, 1.5059562
25010.0, 1.5055208
25020.0, 1.505086
25030.0, 1.5046508
25040.0, 1.5042164
25050.0, 1.5037824
25060.0, 1.5033482
25070.0, 1.5029149
25080.0, 1.5024813
25090.0, 1.5020483
25100.0, 1.5016155
25110.0, 1.501183
25120.0, 1.500751
25130.0, 1.5003191
25140.0, 1.4998873
25150.0, 1.4994562
25160.0, 1.4990252
25170.0, 1.4985948
25180.0, 1.498164
25190.0, 1.4977341
25200.0, 1.4973042
25210.0, 1.4968746
25220.0, 1.4964455
25230.0, 1.4960166
25240.0, 1.4955878
25250.0, 1.4951594
25260.0, 1.4947314
25270.0, 1.4943036
25280.0, 1.4938761
25290.0, 1.493449
25300.0, 1.4930221
25310.0, 1.4925953
25320.0, 1.4921691
25330.0, 1.4917431
25340.0, 1.4913172
25350.0, 1.4908918
25360.0, 1.4904665
25370.0, 1.4900417
25380.0, 1.489617
25390.0, 1.4891927
25400.0, 1.4887686
25410.0, 1.4883449
25420.0, 1.4879215
25430.0, 1.4874982
25440.0, 1.4870753
25450.0, 1.4866525
25460.0, 1.4862304
25470.0, 1.4858083
25480.0, 1.4853867
25490.0, 1.4849651
25500.0, 1.4845437
25510.0, 1.484123
25520.0, 1.4837023
25530.0, 1.4832817
25540.0, 1.4828616
25550.0, 1.4824419
25560.0, 1.4820225
25570.0, 1.4816033
25580.0, 1.4811842
25590.0, 1.4807655
25600.0, 1.480347
25610.0, 1.4799291
25620.0, 1.4795113
25630.0, 1.4790936
25640.0, 1.4786764
25650.0, 1.4782593
25660.0, 1.4778428
25670.0, 1.4774259
25680.0, 1.4770098
25690.0, 1.4765942
25700.0, 1.4761785
25710.0, 1.4757632
25720.0, 1.4753481
25730.0, 1.4749329
25740.0, 1.4745188
25750.0, 1.4741046
25760.0, 1.4736904
25770.0, 1.4732767
25780.0, 1.4728634
25790.0, 1.4724501
25800.0, 1.4720373
25810.0, 1.4716246
25820.0, 1.4712125
25830.0, 1.4708004
25840.0, 1.4703887
25850.0, 1.4699773
25860.0, 1.4695659
25870.0, 1.4691548
25880.0, 1.468744
25890.0, 1.468334
25900.0, 1.4679235
25910.0, 1.4675138
25920.0, 1.4671042
25930.0, 1.4666947
25940.0, 1.4662856
25950.0, 1.465877
25960.0, 1.4654683
25970.0, 1.4650604
25980.0, 1.4646521
25990.0, 1.4642444
26000.0, 1.463837
26010.0, 1.4634297
26020.0, 1.4630228
26030.0, 1.4626161
26040.0, 1.4622097
26050.0, 1.4618037
26060.0, 1.4613978
26070.0, 1.4609923
26080.0, 1.4605868
26090.0, 1.4601817
26100.0, 1.4597771
26110.0, 1.4593725
26120.0, 1.4589682
26130.0, 1.4585644
26140.0, 1.4581606
26150.0, 1.4577571
26160.0, 1.4573537
26170.0, 1.4569508
26180.0, 1.456548
26190.0, 1.4561458
26200.0, 1.4557436
26210.0, 1.4553416
26220.0, 1.4549401
26230.0, 1.4545387
26240.0, 1.4541376
26250.0, 1.4537369
26260.0, 1.4533362
26270.0, 1.4529358
26280.0, 1.4525357
26290.0, 1.4521359
26300.0, 1.4517365
26310.0, 1.4513372
26320.0, 1.450938
26330.0, 1.4505394
26340.0, 1.450141
26350.0, 1.4497426
26360.0, 1.4493445
26370.0, 1.448947
26380.0, 1.4485494
26390.0, 1.4481522
26400.0, 1.4477552
26410.0, 1.4473584
26420.0, 1.4469621
26430.0, 1.4465661
26440.0, 1.44617
26450.0, 1.4457741
26460.0, 1.4453789
26470.0, 1.4449837
26480.0, 1.4445888
26490.0, 1.4441942
26500.0, 1.4437997
26510.0, 1.4434055
26520.0, 1.4430119
26530.0, 1.442618
26540.0, 1.4422245
26550.0, 1.4418316
26560.0, 1.4414388
26570.0, 1.4410461
26580.0, 1.4406537
26590.0, 1.4402616
26600.0, 1.4398696
26610.0, 1.4394782
26620.0, 1.4390867
26630.0, 1.4386958
26640.0, 1.4383048
26650.0, 1.4379141
26660.0, 1.4375238
26670.0, 1.4371336
26680.0, 1.4367437
26690.0, 1.4363544
26700.0, 1.4359648
26710.0, 1.4355757
26720.0, 1.4351869
26730.0, 1.4347982
26740.0, 1.4344097
26750.0, 1.4340217
26760.0, 1.4336337
26770.0, 1.4332463
26780.0, 1.432859
26790.0, 1.4324718
26800.0, 1.4320849
26810.0, 1.4316982
26820.0, 1.431312
26830.0, 1.430926
26840.0, 1.4305398
26850.0, 1.4301542
26860.0, 1.4297687
26870.0, 1.4293835
26880.0, 1.4289988
26890.0, 1.4286139
26900.0, 1.4282297
26910.0, 1.4278454
26920.0, 1.4274615
26930.0, 1.4270778
26940.0, 1.4266943
26950.0, 1.4263111
26960.0, 1.4259282
26970.0, 1.4255456
26980.0, 1.4251631
26990.0, 1.4247807
27000.0, 1.4243989
27010.0, 1.4240172
27020.0, 1.4236356
27030.0, 1.4232544
27040.0, 1.4228731
27050.0, 1.4224926
27060.0, 1.4221119
27070.0, 1.4217315
27080.0, 1.4213517
27090.0, 1.4209718
27100.0, 1.4205923
27110.0, 1.4202127
27120.0, 1.4198337
27130.0, 1.419455
27140.0, 1.4190762
27150.0, 1.418698
27160.0, 1.4183195
27170.0, 1.4179418
27180.0, 1.4175643
27190.0, 1.4171867
27200.0, 1.4168098
27210.0, 1.4164327
27220.0, 1.4160559
27230.0, 1.4156795
27240.0, 1.415303
27250.0, 1.414927
27260.0, 1.4145515
27270.0, 1.4141757
27280.0, 1.4138005
27290.0, 1.4134254
27300.0, 1.4130507
27310.0, 1.4126761
27320.0, 1.4123017
27330.0, 1.4119276
27340.0, 1.4115536
27350.0, 1.41118
27360.0, 1.4108067
27370.0, 1.4104333
27380.0, 1.4100605
27390.0, 1.4096876
27400.0, 1.409315
27410.0, 1.408943
27420.0, 1.4085706
27430.0, 1.4081992
27440.0, 1.4078275
27450.0, 1.4074562
27460.0, 1.4070853
27470.0, 1.4067142
27480.0, 1.4063436
27490.0, 1.4059732
27500.0, 1.4056029
27510.0, 1.4052331
27520.0, 1.4048632
27530.0, 1.4044937
27540.0, 1.4041244
27550.0, 1.4037554
27560.0, 1.4033868
27570.0, 1.4030181
27580.0, 1.4026499
27590.0, 1.4022816
27600.0, 1.4019138
27610.0, 1.4015461
27620.0, 1.4011786
27630.0, 1.4008114
27640.0, 1.4004445
27650.0, 1.4000778
27660.0, 1.3997114
27670.0, 1.399345
27680.0, 1.3989788
27690.0, 1.398613
27700.0, 1.3982474
27710.0, 1.3978821
27720.0, 1.3975168
27730.0, 1.397152
27740.0, 1.396787
27750.0, 1.3964227
27760.0, 1.3960586
27770.0, 1.3956943
27780.0, 1.3953305
27790.0, 1.3949667
27800.0, 1.3946037
27810.0, 1.3942405
27820.0, 1.3938774
27830.0, 1.3935148
27840.0, 1.3931522
27850.0, 1.3927902
27860.0, 1.3924282
27870.0, 1.3920664
27880.0, 1.3917047
27890.0, 1.3913432
27900.0, 1.3909824
27910.0, 1.3906213
27920.0, 1.3902606
27930.0, 1.3899001
27940.0, 1.3895397
27950.0, 1.3891798
27960.0, 1.38882
27970.0, 1.3884603
27980.0, 1.388101
27990.0, 1.387742
28000.0, 1.3873829
28010.0, 1.3870242
28020.0, 1.3866657
28030.0, 1.3863074
28040.0, 1.3859494
28050.0, 1.3855915
28060.0, 1.385234
28070.0, 1.3848764
28080.0, 1.3845195
28090.0, 1.3841623
28100.0, 1.3838056
28110.0, 1.3834491
28120.0, 1.3830925
28130.0, 1.3827367
28140.0, 1.3823808
28150.0, 1.382025
28160.0, 1.3816696
28170.0, 1.3813143
28180.0, 1.3809594
28190.0, 1.3806046
28200.0, 1.3802499
28210.0, 1.3798957
28220.0, 1.3795414
28230.0, 1.3791876
28240.0, 1.3788338
28250.0, 1.3784801
28260.0, 1.3781271
28270.0, 1.3777738
28280.0, 1.377421
28290.0, 1.3770684
28300.0, 1.3767158
28310.0, 1.3763636
28320.0, 1.3760116
28330.0, 1.3756597
28340.0, 1.3753083
28350.0, 1.3749567
28360.0, 1.3746055
28370.0, 1.3742546
28380.0, 1.3739039
28390.0, 1.3735535
28400.0, 1.373203
28410.0, 1.3728532
28420.0, 1.3725029
28430.0, 1.3721533
28440.0, 1.3718041
28450.0, 1.3714545
28460.0, 1.3711057
28470.0, 1.3707567
28480.0, 1.370408
28490.0, 1.3700597
28500.0, 1.3697114
28510.0, 1.3693632
28520.0, 1.3690156
28530.0, 1.3686681
28540.0, 1.3683208
28550.0, 1.3679734
28560.0, 1.3676265
28570.0, 1.3672796
28580.0, 1.366933
28590.0, 1.3665869
28600.0, 1.3662407
28610.0, 1.3658948
28620.0, 1.3655491
28630.0, 1.3652034
28640.0, 1.3648583
28650.0, 1.364513
28660.0, 1.3641682
28670.0, 1.3638234
28680.0, 1.363479
28690.0, 1.3631349
28700.0, 1.3627905
28710.0, 1.3624469
28720.0, 1.3621031
28730.0, 1.3617597
28740.0, 1.3614165
28750.0, 1.3610731
28760.0, 1.3607305
28770.0, 1.3603878
28780.0, 1.3600453
28790.0, 1.3597031
28800.0, 1.359361
28810.0, 1.3590193
28820.0, 1.3586779
28830.0, 1.3583362
28840.0, 1.357995
28850.0, 1.3576541
28860.0, 1.357313
28870.0, 1.3569726
28880.0, 1.3566321
28890.0, 1.356292
28900.0, 1.3559518
28910.0, 1.3556122
28920.0, 1.3552725
28930.0, 1.3549331
28940.0, 1.354594
28950.0, 1.3542548
28960.0, 1.3539163
28970.0, 1.3535775
28980.0, 1.3532392
28990.0, 1.352901
29000.0, 1.3525629
29010.0, 1.3522252
29020.0, 1.3518873
29030.0, 1.3515501
29040.0, 1.351213
29050.0, 1.350876
29060.0, 1.3505391
29070.0, 1.3502026
29080.0, 1.3498663
29090.0, 1.34953
29100.0, 1.3491938
29110.0, 1.348858
29120.0, 1.3485224
29130.0, 1.348187
29140.0, 1.3478518
29150.0, 1.3475167
29160.0, 1.3471817
29170.0, 1.3468472
29180.0, 1.3465128
29190.0, 1.3461785
29200.0, 1.3458444
29210.0, 1.3455108
29220.0, 1.3451769
29230.0, 1.3448436
29240.0, 1.3445103
29250.0, 1.3441771
29260.0, 1.3438445
29270.0, 1.3435117
29280.0, 1.343179
29290.0, 1.3428469
29300.0, 1.3425149
29310.0, 1.342183
29320.0, 1.3418512
29330.0, 1.3415196
29340.0, 1.3411885
29350.0, 1.3408571
29360.0, 1.3405265
29370.0, 1.3401955
29380.0, 1.3398649
29390.0, 1.3395348
29400.0, 1.3392043
29410.0, 1.3388746
29420.0, 1.338545
29430.0, 1.3382152
29440.0, 1.3378859
29450.0, 1.3375564
29460.0, 1.3372275
29470.0, 1.3368989
29480.0, 1.3365701
29490.0, 1.3362417
29500.0, 1.3359134
29510.0, 1.3355852
29520.0, 1.3352576
29530.0, 1.3349297
29540.0, 1.3346025
29550.0, 1.3342752
29560.0, 1.3339479
29570.0, 1.333621
29580.0, 1.3332942
29590.0, 1.3329679
29600.0, 1.3326414
29610.0, 1.3323152
29620.0, 1.3319893
29630.0, 1.3316634
29640.0, 1.3313379
29650.0, 1.3310127
29660.0, 1.3306873
29670.0, 1.3303624
29680.0, 1.3300374
29690.0, 1.3297126
29700.0, 1.3293884
29710.0, 1.3290639
29720.0, 1.32874
29730.0, 1.3284161
29740.0, 1.3280922
29750.0, 1.3277689
29760.0, 1.3274454
29770.0, 1.3271224
29780.0, 1.3267992
29790.0, 1.3264763
29800.0, 1.3261539
29810.0, 1.3258315
29820.0, 1.3255092
29830.0, 1.3251872
29840.0, 1.3248653
29850.0, 1.3245437
29860.0, 1.3242222
29870.0, 1.3239007
29880.0, 1.3235795
29890.0, 1.3232588
29900.0, 1.322938
29910.0, 1.3226173
29920.0, 1.3222971
29930.0, 1.3219768
29940.0, 1.3216566
29950.0, 1.3213371
29960.0, 1.3210175
29970.0, 1.3206979
29980.0, 1.3203785
29990.0, 1.3200592
30000.0, 1.3197405
