Energy (in eV), SEEE yield of material osr2k-NASCAP at incidence 0.0 degree
   X,       Y
0.0, 0.0
10.0, 0.14781672
20.0, 0.2920218
30.0, 0.43289283
40.0, 0.5704725
50.0, 0.7047425
60.0, 0.83566296
70.0, 0.96318394
80.0, 1.0872545
90.0, 1.2078255
100.0, 1.3248512
110.0, 1.4382919
120.0, 1.5481133
130.0, 1.6542886
140.0, 1.7567967
150.0, 1.8556248
160.0, 1.9507662
170.0, 2.0422218
180.0, 2.129999
190.0, 2.2141123
200.0, 2.2945817
210.0, 2.3714347
220.0, 2.4447048
230.0, 2.5144296
240.0, 2.580654
250.0, 2.643426
260.0, 2.7028012
270.0, 2.7588363
280.0, 2.8115947
290.0, 2.8611417
300.0, 2.907548
310.0, 2.9508848
320.0, 2.9912283
330.0, 3.0286562
340.0, 3.063248
350.0, 3.0950868
360.0, 3.1242535
370.0, 3.1508348
380.0, 3.1749146
390.0, 3.196579
400.0, 3.215915
410.0, 3.2330084
420.0, 3.2479455
430.0, 3.2608132
440.0, 3.2716963
450.0, 3.28068
460.0, 3.2878478
470.0, 3.2932827
480.0, 3.297067
490.0, 3.2992792
500.0, 3.2999997
510.0, 3.299305
520.0, 3.29727
530.0, 3.2939687
540.0, 3.2894723
550.0, 3.2838511
560.0, 3.2771723
570.0, 3.269501
580.0, 3.2609022
590.0, 3.251435
600.0, 3.2411597
610.0, 3.2301328
620.0, 3.21841
630.0, 3.2060423
640.0, 3.1930811
650.0, 3.1795743
660.0, 3.1655676
670.0, 3.151106
680.0, 3.13623
690.0, 3.1209815
700.0, 3.105396
710.0, 3.089511
720.0, 3.0733595
730.0, 3.0569746
740.0, 3.0403864
750.0, 3.0236232
760.0, 3.0067122
770.0, 2.9896789
780.0, 2.9725466
790.0, 2.9553373
800.0, 2.9380732
810.0, 2.9207726
820.0, 2.9034534
830.0, 2.886133
840.0, 2.8688264
850.0, 2.851548
860.0, 2.8343122
870.0, 2.8171296
880.0, 2.8000128
890.0, 2.7829714
900.0, 2.7660153
910.0, 2.749152
920.0, 2.7323904
930.0, 2.7157376
940.0, 2.699199
950.0, 2.682781
960.0, 2.6664884
970.0, 2.6503253
980.0, 2.6342964
990.0, 2.6184042
1000.0, 2.6026528
1010.0, 2.5870438
1020.0, 2.5715795
1030.0, 2.5562618
1040.0, 2.541092
1050.0, 2.526071
1060.0, 2.5112
1070.0, 2.496479
1080.0, 2.4819088
1090.0, 2.467489
1100.0, 2.45322
1110.0, 2.4391005
1120.0, 2.4251308
1130.0, 2.41131
1140.0, 2.397637
1150.0, 2.384111
1160.0, 2.370731
1170.0, 2.3574963
1180.0, 2.3444045
1190.0, 2.331455
1200.0, 2.3186467
1210.0, 2.3059776
1220.0, 2.2934463
1230.0, 2.2810514
1240.0, 2.2687917
1250.0, 2.2566648
1260.0, 2.2446694
1270.0, 2.2328038
1280.0, 2.2210665
1290.0, 2.2094555
1300.0, 2.1979697
1310.0, 2.186607
1320.0, 2.1753652
1330.0, 2.1642435
1340.0, 2.15324
1350.0, 2.1423528
1360.0, 2.1315806
1370.0, 2.1209214
1380.0, 2.1103737
1390.0, 2.099936
1400.0, 2.0896065
1410.0, 2.0793839
1420.0, 2.0692663
1430.0, 2.0592525
1440.0, 2.0493405
1450.0, 2.0395296
1460.0, 2.0298178
1470.0, 2.0202034
1480.0, 2.0106857
1490.0, 2.0012627
1500.0, 1.9919331
1510.0, 1.9826956
1520.0, 1.9735491
1530.0, 1.964492
1540.0, 1.9555231
1550.0, 1.9466408
1560.0, 1.9378446
1570.0, 1.9291325
1580.0, 1.9205039
1590.0, 1.9119573
1600.0, 1.9034915
1610.0, 1.8951055
1620.0, 1.8867979
1630.0, 1.8785677
1640.0, 1.8704143
1650.0, 1.862336
1660.0, 1.8543322
1670.0, 1.8464013
1680.0, 1.8385429
1690.0, 1.8307557
1700.0, 1.8230386
1710.0, 1.815391
1720.0, 1.8078117
1730.0, 1.8003001
1740.0, 1.7928547
1750.0, 1.7854751
1760.0, 1.7781605
1770.0, 1.7709098
1780.0, 1.7637217
1790.0, 1.7565963
1800.0, 1.7495322
1810.0, 1.7425287
1820.0, 1.7355851
1830.0, 1.7287002
1840.0, 1.7218741
1850.0, 1.7151052
1860.0, 1.7083935
1870.0, 1.7017375
1880.0, 1.695137
1890.0, 1.688591
1900.0, 1.6820992
1910.0, 1.6756607
1920.0, 1.6692748
1930.0, 1.662941
1940.0, 1.6566584
1950.0, 1.6504266
1960.0, 1.644245
1970.0, 1.6381127
1980.0, 1.632029
1990.0, 1.6259941
2000.0, 1.6200069
2010.0, 1.6140666
2020.0, 1.6081729
2030.0, 1.6023251
2040.0, 1.5965232
2050.0, 1.5907658
2060.0, 1.585053
2070.0, 1.579384
2080.0, 1.5737582
2090.0, 1.5681756
2100.0, 1.5626352
2110.0, 1.5571365
2120.0, 1.5516793
2130.0, 1.5462632
2140.0, 1.5408874
2150.0, 1.5355514
2160.0, 1.5302552
2170.0, 1.5249982
2180.0, 1.5197797
2190.0, 1.5145993
2200.0, 1.5094568
2210.0, 1.5043516
2220.0, 1.4992838
2230.0, 1.4942521
2240.0, 1.4892566
2250.0, 1.4842969
2260.0, 1.4793726
2270.0, 1.4744833
2280.0, 1.4696285
2290.0, 1.4648081
2300.0, 1.4600215
2310.0, 1.4552681
2320.0, 1.4505482
2330.0, 1.4458611
2340.0, 1.4412062
2350.0, 1.4365836
2360.0, 1.4319927
2370.0, 1.4274333
2380.0, 1.4229047
2390.0, 1.4184071
2400.0, 1.4139401
2410.0, 1.4095031
2420.0, 1.4050959
2430.0, 1.4007183
2440.0, 1.3963699
2450.0, 1.3920504
2460.0, 1.3877597
2470.0, 1.3834972
2480.0, 1.3792628
2490.0, 1.375056
2500.0, 1.370877
2510.0, 1.3667252
2520.0, 1.3626002
2530.0, 1.3585019
2540.0, 1.3544302
2550.0, 1.3503845
2560.0, 1.3463649
2570.0, 1.3423707
2580.0, 1.338402
2590.0, 1.3344585
2600.0, 1.33054
2610.0, 1.3266461
2620.0, 1.3227766
2630.0, 1.3189312
2640.0, 1.31511
2650.0, 1.3113123
2660.0, 1.3075384
2670.0, 1.3037876
2680.0, 1.30006
2690.0, 1.2963552
2700.0, 1.292673
2710.0, 1.2890134
2720.0, 1.285376
2730.0, 1.2817605
2740.0, 1.2781669
2750.0, 1.2745948
2760.0, 1.2710444
2770.0, 1.267515
2780.0, 1.2640066
2790.0, 1.2605191
2800.0, 1.2570523
2810.0, 1.253606
2820.0, 1.2501798
2830.0, 1.246774
2840.0, 1.2433878
2850.0, 1.2400215
2860.0, 1.2366747
2870.0, 1.2333473
2880.0, 1.2300391
2890.0, 1.22675
2900.0, 1.2234796
2910.0, 1.2202282
2920.0, 1.2169952
2930.0, 1.2137805
2940.0, 1.2105843
2950.0, 1.2074059
2960.0, 1.2042457
2970.0, 1.201103
2980.0, 1.197978
2990.0, 1.1948705
3000.0, 1.1917803
