Energy (in eV), SEEE yield of material gr2k-NASCAP at incidence 90.0 degree
   X,       Y
0.0, 0.0
10.0, 0.0
20.0, 0.0
30.0, 0.0
40.0, 0.0
50.0, 0.0
60.0, 0.0
70.0, 0.0
80.0, 0.0
90.0, 0.42683157
100.0, 0.40183294
110.0, 0.3755734
120.0, 0.43265525
130.0, 0.47085607
140.0, 0.50937384
150.0, 0.5435349
160.0, 0.5801758
170.0, 0.6167273
180.0, 0.6529606
190.0, 0.6890949
200.0, 0.7252482
210.0, 0.76131034
220.0, 0.7972224
230.0, 0.8328417
240.0, 0.8680304
250.0, 0.90251446
260.0, 0.9359134
270.0, 0.96764344
280.0, 0.99688804
290.0, 1.0224864
300.0, 1.0428662
310.0, 1.0559599
320.0, 1.0591724
330.0, 1.0494561
340.0, 1.0235626
350.0, 0.9785723
360.0, 0.9127471
370.0, 0.8266137
380.0, 0.7239309
390.0, 0.61191136
400.0, 0.5000635
410.0, 0.39764366
420.0, 0.3108386
430.0, 0.24143732
440.0, 0.18774846
450.0, 0.14665617
460.0, 0.11516163
470.0, 0.09090083
480.0, 0.07210921
490.0, 0.0574761
500.0, 0.04602292
510.0, 0.037014544
520.0, 0.029895626
530.0, 0.024244316
540.0, 0.019738434
550.0, 0.01613075
560.0, 0.01323049
570.0, 0.010889825
580.0, 0.008993659
590.0, 0.0074519916
600.0, 0.00619413
610.0, 0.005164353
620.0, 0.0043185265
630.0, 0.0036215815
640.0, 0.0030455422
650.0, 0.0025680147
660.0, 0.0021710047
670.0, 0.0018400146
680.0, 0.0015633139
690.0, 0.0013313867
700.0, 0.0011364907
710.0, 9.723051E-4
720.0, 8.336554E-4
730.0, 7.1629626E-4
740.0, 6.1673025E-4
750.0, 5.320719E-4
760.0, 4.599332E-4
770.0, 3.9833307E-4
780.0, 3.4562394E-4
790.0, 3.0043194E-4
800.0, 2.6160997E-4
810.0, 2.2819651E-4
820.0, 1.9938474E-4
830.0, 1.7449594E-4
840.0, 1.5295802E-4
850.0, 1.342876E-4
860.0, 1.18075885E-4
870.0, 1.0397583E-4
880.0, 9.1692724E-5
890.0, 8.097561E-5
900.0, 7.1610506E-5
910.0, 6.341453E-5
920.0, 5.6231293E-5
930.0, 4.9926577E-5
940.0, 4.438517E-5
950.0, 3.9507962E-5
960.0, 3.5209574E-5
970.0, 3.1416297E-5
980.0, 2.8064502E-5
990.0, 2.5099036E-5
1000.0, 2.247213E-5
1010.0, 2.0142304E-5
1020.0, 1.8073508E-5
1030.0, 1.623435E-5
1040.0, 1.4597474E-5
1050.0, 1.3138994E-5
1060.0, 1.1838045E-5
1070.0, 1.0676341E-5
1080.0, 9.637907E-6
1090.0, 8.7086855E-6
1100.0, 7.876342E-6
1110.0, 7.1300306E-6
1120.0, 6.4602E-6
1130.0, 5.858432E-6
1140.0, 5.3172976E-6
1150.0, 4.830233E-6
1160.0, 4.391435E-6
1170.0, 3.995765E-6
1180.0, 3.6386677E-6
1190.0, 3.3160989E-6
1200.0, 3.0244776E-6
1210.0, 2.76061E-6
1220.0, 2.5216568E-6
1230.0, 2.3050902E-6
1240.0, 2.1086555E-6
1250.0, 1.9303413E-6
1260.0, 1.7683503E-6
1270.0, 1.621076E-6
1280.0, 1.4870811E-6
1290.0, 1.3650782E-6
1300.0, 1.2539134E-6
1310.0, 1.152551E-6
1320.0, 1.0600609E-6
1330.0, 9.756096E-7
1340.0, 8.984446E-7
1350.0, 8.278901E-7
1360.0, 7.6333686E-7
1370.0, 7.042356E-7
1380.0, 6.500912E-7
1390.0, 6.004564E-7
1400.0, 5.549271E-7
1410.0, 5.1313793E-7
1420.0, 4.7475834E-7
1430.0, 4.3948899E-7
1440.0, 4.070583E-7
1450.0, 3.7722123E-7
1460.0, 3.4975403E-7
1470.0, 3.2445425E-7
1480.0, 3.0113782E-7
1490.0, 2.796374E-7
1500.0, 2.5980074E-7
1510.0, 2.4148926E-7
1520.0, 2.2457675E-7
1530.0, 2.0894818E-7
1540.0, 1.9449857E-7
1550.0, 1.8113221E-7
1560.0, 1.6876169E-7
1570.0, 1.5730694E-7
1580.0, 1.4669529E-7
1590.0, 1.3685975E-7
1600.0, 1.2773924E-7
1610.0, 1.1927779E-7
1620.0, 1.1142408E-7
1630.0, 1.0413113E-7
1640.0, 9.735583E-8
1650.0, 9.105859E-8
1660.0, 8.52031E-8
1670.0, 7.975597E-8
1680.0, 7.468653E-8
1690.0, 6.9966525E-8
1700.0, 6.557012E-8
1710.0, 6.147336E-8
1720.0, 5.765424E-8
1730.0, 5.4092496E-8
1740.0, 5.0769447E-8
1750.0, 4.7667864E-8
1760.0, 4.4771838E-8
1770.0, 4.206669E-8
1780.0, 3.953887E-8
1790.0, 3.7175855E-8
1800.0, 3.4966067E-8
1810.0, 3.28988E-8
1820.0, 3.0964127E-8
1830.0, 2.9152925E-8
1840.0, 2.7456686E-8
1850.0, 2.586754E-8
1860.0, 2.4378211E-8
1870.0, 2.2981935E-8
1880.0, 2.1672447E-8
1890.0, 2.0443931E-8
1900.0, 1.9290997E-8
1910.0, 1.8208631E-8
1920.0, 1.7192175E-8
1930.0, 1.6237307E-8
1940.0, 1.5339989E-8
1950.0, 1.4496508E-8
1960.0, 1.370337E-8
1970.0, 1.2957335E-8
1980.0, 1.2255389E-8
1990.0, 1.15947225E-8
2000.0, 1.097272E-8
2010.0, 1.038694E-8
2020.0, 9.83511E-9
2030.0, 9.315108E-9
2040.0, 8.824955E-9
2050.0, 8.362804E-9
2060.0, 7.9269284E-9
2070.0, 7.5157205E-9
2080.0, 7.1276727E-9
2090.0, 6.7613795E-9
2100.0, 6.4155246E-9
2110.0, 6.088881E-9
2120.0, 5.7802954E-9
2130.0, 5.4886855E-9
2140.0, 5.213057E-9
2150.0, 4.95246E-9
2160.0, 4.7060094E-9
2170.0, 4.472877E-9
2180.0, 4.252288E-9
2190.0, 4.043513E-9
2200.0, 3.8458703E-9
2210.0, 3.6587198E-9
2220.0, 3.4814602E-9
2230.0, 3.3135281E-9
2240.0, 3.1543945E-9
2250.0, 3.0035612E-9
2260.0, 2.8605625E-9
2270.0, 2.7249583E-9
2280.0, 2.5963367E-9
2290.0, 2.4743096E-9
2300.0, 2.3585123E-9
2310.0, 2.248602E-9
2320.0, 2.1442554E-9
2330.0, 2.0451694E-9
2340.0, 1.951057E-9
2350.0, 1.8616497E-9
2360.0, 1.7766932E-9
2370.0, 1.6959486E-9
2380.0, 1.6191889E-9
2390.0, 1.5462049E-9
2400.0, 1.4767957E-9
2410.0, 1.4107714E-9
2420.0, 1.3479541E-9
2430.0, 1.2881757E-9
2440.0, 1.2312777E-9
2450.0, 1.1771104E-9
2460.0, 1.1255323E-9
2470.0, 1.07641E-9
2480.0, 1.029617E-9
2490.0, 9.850344E-10
2500.0, 9.425495E-10
2510.0, 9.020556E-10
2520.0, 8.634523E-10
2530.0, 8.2664414E-10
2540.0, 7.91541E-10
2550.0, 7.580579E-10
2560.0, 7.2611384E-10
2570.0, 6.956327E-10
2580.0, 6.665421E-10
2590.0, 6.387737E-10
2600.0, 6.122624E-10
2610.0, 5.8694694E-10
2620.0, 5.6276905E-10
2630.0, 5.3967314E-10
2640.0, 5.1760785E-10
2650.0, 4.965231E-10
2660.0, 4.763719E-10
2670.0, 4.571095E-10
2680.0, 4.3869366E-10
2690.0, 4.210843E-10
2700.0, 4.0424322E-10
2710.0, 3.8813425E-10
2720.0, 3.7272307E-10
2730.0, 3.5797695E-10
2740.0, 3.4386505E-10
2750.0, 3.3035785E-10
2760.0, 3.1742733E-10
2770.0, 3.0504704E-10
2780.0, 2.931916E-10
2790.0, 2.8183705E-10
2800.0, 2.709605E-10
2810.0, 2.6054023E-10
2820.0, 2.5055563E-10
2830.0, 2.4098698E-10
2840.0, 2.318156E-10
2850.0, 2.2302368E-10
2860.0, 2.1459423E-10
2870.0, 2.0651117E-10
2880.0, 1.9875894E-10
2890.0, 1.9132328E-10
2900.0, 1.8419005E-10
2910.0, 1.7734592E-10
2920.0, 1.7077834E-10
2930.0, 1.6447514E-10
2940.0, 1.5842493E-10
2950.0, 1.5261667E-10
2960.0, 1.4703995E-10
2970.0, 1.4168479E-10
2980.0, 1.365417E-10
2990.0, 1.3160159E-10
3000.0, 1.2685583E-10
