Energy (in eV), SEEP yield of material np2k-NASCAP at incidence 0.0 degree
   X,       Y
0.0, 0.0
200.0, 0.20464323
400.0, 0.28899705
600.0, 0.35344422
800.0, 0.40754247
1000.0, 0.455
1200.0, 0.4977216
1400.0, 0.5368403
1600.0, 0.57309586
1800.0, 0.6070026
2000.0, 0.6389358
2200.0, 0.6691789
2400.0, 0.697953
2600.0, 0.7254336
2800.0, 0.75176376
3000.0, 0.7770611
3200.0, 0.80142426
3400.0, 0.8249371
3600.0, 0.847671
3800.0, 0.86968803
4000.0, 0.8910416
4200.0, 0.9117797
4400.0, 0.9319437
4600.0, 0.95157087
4800.0, 0.9706946
5000.0, 0.9893444
5200.0, 1.0075475
5400.0, 1.0253284
5600.0, 1.0427091
5800.0, 1.0597099
6000.0, 1.0763495
6200.0, 1.0926448
6400.0, 1.1086117
6600.0, 1.1242646
6800.0, 1.1396171
7000.0, 1.1546816
7200.0, 1.1694697
7400.0, 1.1839925
7600.0, 1.1982598
7800.0, 1.2122813
8000.0, 1.2260658
8200.0, 1.239622
8400.0, 1.2529573
8600.0, 1.2660794
8800.0, 1.2789952
9000.0, 1.2917116
9200.0, 1.3042344
9400.0, 1.3165698
9600.0, 1.3287233
9800.0, 1.3407005
10000.0, 1.3525063
10200.0, 1.3641455
10400.0, 1.3756227
10600.0, 1.3869425
10800.0, 1.3981092
11000.0, 1.4091264
11200.0, 1.419998
11400.0, 1.430728
11600.0, 1.4413197
11800.0, 1.4517767
12000.0, 1.4621017
12200.0, 1.4722985
12400.0, 1.4823693
12600.0, 1.4923176
12800.0, 1.5021461
13000.0, 1.5118572
13200.0, 1.5214537
13400.0, 1.5309377
13600.0, 1.5403122
13800.0, 1.5495791
14000.0, 1.5587406
14200.0, 1.5677989
14400.0, 1.5767559
14600.0, 1.585614
14800.0, 1.594375
15000.0, 1.6030406
15200.0, 1.6116124
15400.0, 1.6200929
15600.0, 1.628483
15800.0, 1.6367849
16000.0, 1.645
16200.0, 1.6531298
16400.0, 1.6611763
16600.0, 1.6691402
16800.0, 1.6770234
17000.0, 1.684827
17200.0, 1.6925528
17400.0, 1.7002015
17600.0, 1.707775
17800.0, 1.7152741
18000.0, 1.7227001
18200.0, 1.7300544
18400.0, 1.7373377
18600.0, 1.7445517
18800.0, 1.7516968
19000.0, 1.7587748
19200.0, 1.7657862
19400.0, 1.772732
19600.0, 1.7796135
19800.0, 1.7864314
20000.0, 1.7931869
20200.0, 1.7998806
20400.0, 1.8065138
20600.0, 1.813087
20800.0, 1.8196009
21000.0, 1.826057
21200.0, 1.8324556
21400.0, 1.8387973
21600.0, 1.8450836
21800.0, 1.8513147
22000.0, 1.8574917
22200.0, 1.8636148
22400.0, 1.8696853
22600.0, 1.8757035
22800.0, 1.8816705
23000.0, 1.8875867
23200.0, 1.8934523
23400.0, 1.8992686
23600.0, 1.9050362
23800.0, 1.9107556
24000.0, 1.916427
24200.0, 1.9220515
24400.0, 1.9276298
24600.0, 1.9331619
24800.0, 1.9386489
25000.0, 1.944091
25200.0, 1.9494888
25400.0, 1.9548432
25600.0, 1.960154
25800.0, 1.9654222
26000.0, 1.9706482
26200.0, 1.9758326
26400.0, 1.9809759
26600.0, 1.9860783
26800.0, 1.9911406
27000.0, 1.9961628
27200.0, 2.0011458
27400.0, 2.0060897
27600.0, 2.0109951
27800.0, 2.015863
28000.0, 2.0206926
28200.0, 2.0254853
28400.0, 2.030241
28600.0, 2.0349605
28800.0, 2.0396438
29000.0, 2.0442915
29200.0, 2.048904
29400.0, 2.0534816
29600.0, 2.0580244
29800.0, 2.0625336
30000.0, 2.0670085
30200.0, 2.0714502
30400.0, 2.0758586
30600.0, 2.080234
30800.0, 2.0845776
31000.0, 2.0888886
31200.0, 2.0931678
31400.0, 2.097416
31600.0, 2.1016326
31800.0, 2.1058185
32000.0, 2.1099737
32200.0, 2.114099
32400.0, 2.118194
32600.0, 2.1222599
32800.0, 2.126296
33000.0, 2.1303031
33200.0, 2.1342816
33400.0, 2.138231
33600.0, 2.1421528
33800.0, 2.1460464
34000.0, 2.149912
34200.0, 2.1537507
34400.0, 2.1575618
34600.0, 2.1613462
34800.0, 2.1651037
35000.0, 2.168835
35200.0, 2.17254
35400.0, 2.1762187
35600.0, 2.1798723
35800.0, 2.1834998
36000.0, 2.1871026
36200.0, 2.1906796
36400.0, 2.1942325
36600.0, 2.1977606
36800.0, 2.2012641
37000.0, 2.2047439
37200.0, 2.2081995
37400.0, 2.2116313
37600.0, 2.2150395
37800.0, 2.2184248
38000.0, 2.2217863
38200.0, 2.2251256
38400.0, 2.228442
38600.0, 2.2317357
38800.0, 2.235007
39000.0, 2.2382562
39200.0, 2.2414837
39400.0, 2.2446892
39600.0, 2.247873
39800.0, 2.2510355
40000.0, 2.254177
40200.0, 2.2572975
40400.0, 2.260397
40600.0, 2.2634754
40800.0, 2.2665339
41000.0, 2.2695718
41200.0, 2.2725892
41400.0, 2.2755868
41600.0, 2.2785647
41800.0, 2.2815228
42000.0, 2.2844613
42200.0, 2.2873805
42400.0, 2.29028
42600.0, 2.293161
42800.0, 2.296023
43000.0, 2.298866
43200.0, 2.3016903
43400.0, 2.3044965
43600.0, 2.307284
43800.0, 2.3100536
44000.0, 2.3128052
44200.0, 2.3155386
44400.0, 2.3182545
44600.0, 2.3209524
44800.0, 2.3236332
45000.0, 2.3262966
45200.0, 2.3289425
45400.0, 2.3315713
45600.0, 2.3341835
45800.0, 2.3367786
46000.0, 2.3393571
46200.0, 2.341919
46400.0, 2.3444643
46600.0, 2.3469932
46800.0, 2.3495064
47000.0, 2.3520029
47200.0, 2.354484
47400.0, 2.3569486
47600.0, 2.3593981
47800.0, 2.3618312
48000.0, 2.3642497
48200.0, 2.366652
48400.0, 2.3690398
48600.0, 2.3714118
48800.0, 2.373769
49000.0, 2.3761113
49200.0, 2.3784387
49400.0, 2.3807514
49600.0, 2.3830492
49800.0, 2.3853328
50000.0, 2.3876019
50200.0, 2.3898568
50400.0, 2.3920975
50600.0, 2.3943238
50800.0, 2.3965364
51000.0, 2.398735
51200.0, 2.4009197
51400.0, 2.4030907
51600.0, 2.4052482
51800.0, 2.4073918
52000.0, 2.4095223
52200.0, 2.4116395
52400.0, 2.4137435
52600.0, 2.415834
52800.0, 2.4179118
53000.0, 2.4199765
53200.0, 2.4220283
53400.0, 2.4240673
53600.0, 2.4260936
53800.0, 2.4281075
54000.0, 2.4301088
54200.0, 2.4320972
54400.0, 2.434074
54600.0, 2.4360378
54800.0, 2.4379897
55000.0, 2.4399292
55200.0, 2.4418573
55400.0, 2.4437728
55600.0, 2.445677
55800.0, 2.447569
56000.0, 2.4494493
56200.0, 2.4513183
56400.0, 2.4531755
56600.0, 2.4550211
56800.0, 2.4568555
57000.0, 2.4586782
57200.0, 2.4604902
57400.0, 2.4622908
57600.0, 2.46408
57800.0, 2.4658587
58000.0, 2.467626
58200.0, 2.4693825
58400.0, 2.4711285
58600.0, 2.4728632
58800.0, 2.4745874
59000.0, 2.4763014
59200.0, 2.4780045
59400.0, 2.479697
59600.0, 2.4813793
59800.0, 2.483051
60000.0, 2.4847126
60200.0, 2.4863641
60400.0, 2.4880054
60600.0, 2.4896362
60800.0, 2.4912574
61000.0, 2.4928687
61200.0, 2.49447
61400.0, 2.4960616
61600.0, 2.497643
61800.0, 2.499215
62000.0, 2.5007775
62200.0, 2.5023298
62400.0, 2.5038733
62600.0, 2.5054066
62800.0, 2.506931
63000.0, 2.508446
63200.0, 2.509952
63400.0, 2.5114481
63600.0, 2.5129354
63800.0, 2.5144136
64000.0, 2.5158825
64200.0, 2.517342
64400.0, 2.5187936
64600.0, 2.5202358
64800.0, 2.521669
65000.0, 2.5230935
65200.0, 2.5245092
65400.0, 2.525916
65600.0, 2.5273147
65800.0, 2.5287044
66000.0, 2.5300863
66200.0, 2.5314586
66400.0, 2.5328233
66600.0, 2.5341792
66800.0, 2.5355272
67000.0, 2.5368662
67200.0, 2.5381975
67400.0, 2.5395205
67600.0, 2.5408356
67800.0, 2.5421422
68000.0, 2.5434408
68200.0, 2.5447316
68400.0, 2.5460145
68600.0, 2.5472896
68800.0, 2.5485563
69000.0, 2.549816
69200.0, 2.5510674
69400.0, 2.5523114
69600.0, 2.5535471
69800.0, 2.5547755
70000.0, 2.5559964
70200.0, 2.5572097
70400.0, 2.5584157
70600.0, 2.559614
70800.0, 2.5608053
71000.0, 2.5619888
71200.0, 2.5631654
71400.0, 2.5643342
71600.0, 2.5654962
71800.0, 2.566651
72000.0, 2.5677984
72200.0, 2.5689387
72400.0, 2.5700722
72600.0, 2.5711987
72800.0, 2.5723176
73000.0, 2.5734298
73200.0, 2.5745356
73400.0, 2.5756342
73600.0, 2.576726
73800.0, 2.5778105
74000.0, 2.578889
74200.0, 2.5799603
74400.0, 2.5810254
74600.0, 2.582083
74800.0, 2.5831347
75000.0, 2.5841796
75200.0, 2.585218
75400.0, 2.5862498
75600.0, 2.5872753
75800.0, 2.5882943
76000.0, 2.589307
76200.0, 2.5903134
76400.0, 2.5913134
76600.0, 2.5923073
76800.0, 2.5932949
77000.0, 2.594276
77200.0, 2.5952508
77400.0, 2.59622
77600.0, 2.597183
77800.0, 2.5981395
78000.0, 2.5990903
78200.0, 2.600035
78400.0, 2.6009736
78600.0, 2.6019063
78800.0, 2.602833
79000.0, 2.6037545
79200.0, 2.604669
79400.0, 2.6055787
79600.0, 2.6064823
79800.0, 2.6073797
80000.0, 2.6082716
80200.0, 2.609158
80400.0, 2.6100388
80600.0, 2.6109138
80800.0, 2.6117833
81000.0, 2.6126473
81200.0, 2.6135056
81400.0, 2.6143584
81600.0, 2.6152055
81800.0, 2.6160476
82000.0, 2.616884
82200.0, 2.6177154
82400.0, 2.6185408
82600.0, 2.6193612
82800.0, 2.6201763
83000.0, 2.6209862
83200.0, 2.6217906
83400.0, 2.6225903
83600.0, 2.623384
83800.0, 2.6241732
84000.0, 2.6249568
84200.0, 2.6257355
84400.0, 2.626509
84600.0, 2.6272776
84800.0, 2.6280413
85000.0, 2.6287997
85200.0, 2.629553
85400.0, 2.6303017
85600.0, 2.631045
85800.0, 2.631784
86000.0, 2.6325176
86200.0, 2.6332467
86400.0, 2.633971
86600.0, 2.6346905
86800.0, 2.6354046
87000.0, 2.6361148
87200.0, 2.6368198
87400.0, 2.63752
87600.0, 2.6382158
87800.0, 2.638907
88000.0, 2.6395936
88200.0, 2.6402752
88400.0, 2.6409523
88600.0, 2.6416252
88800.0, 2.642293
89000.0, 2.6429567
89200.0, 2.643616
89400.0, 2.6442704
89600.0, 2.6449208
89800.0, 2.6455667
90000.0, 2.6462078
90200.0, 2.6468449
90400.0, 2.6474774
90600.0, 2.648106
90800.0, 2.64873
91000.0, 2.6493495
91200.0, 2.6499653
91400.0, 2.650576
91600.0, 2.6511831
91800.0, 2.651786
92000.0, 2.6523843
92200.0, 2.6529787
92400.0, 2.653569
92600.0, 2.6541553
92800.0, 2.6547372
93000.0, 2.6553152
93200.0, 2.6558893
93400.0, 2.6564593
93600.0, 2.657025
93800.0, 2.6575866
94000.0, 2.6581442
94200.0, 2.6586986
94400.0, 2.6592486
94600.0, 2.6597946
94800.0, 2.660337
95000.0, 2.660875
95200.0, 2.6614094
95400.0, 2.6619399
95600.0, 2.6624668
95800.0, 2.6629894
96000.0, 2.663509
96200.0, 2.664024
96400.0, 2.664536
96600.0, 2.6650438
96800.0, 2.665548
97000.0, 2.6660488
97200.0, 2.6665454
97400.0, 2.6670387
97600.0, 2.6675282
97800.0, 2.6680143
98000.0, 2.6684964
98200.0, 2.668975
98400.0, 2.66945
98600.0, 2.6699219
98800.0, 2.6703901
99000.0, 2.6708546
99200.0, 2.671316
99400.0, 2.6717732
99600.0, 2.6722274
99800.0, 2.672678
100000.0, 2.6731253
