Energy (in eV), SEEP yield of material gr2k-NASCAP at incidence 0.0 degree
   X,       Y
0.0, 0.0
200.0, 0.19873641
400.0, 0.2870898
600.0, 0.3526961
800.0, 0.40721306
1000.0, 0.45484316
1200.0, 0.49764243
1400.0, 0.53679854
1600.0, 0.5730729
1800.0, 0.6069897
2000.0, 0.6389283
2200.0, 0.6691745
2400.0, 0.69795036
2600.0, 0.7254319
2800.0, 0.7517627
3000.0, 0.7770604
3200.0, 0.8014239
3400.0, 0.82493687
3600.0, 0.84767073
3800.0, 0.8696879
4000.0, 0.8910415
4200.0, 0.91177964
4400.0, 0.9319436
4600.0, 0.95157087
4800.0, 0.9706947
5000.0, 0.9893445
5200.0, 1.0075475
5400.0, 1.0253285
5600.0, 1.0427091
5800.0, 1.0597099
6000.0, 1.0763495
6200.0, 1.0926448
6400.0, 1.1086116
6600.0, 1.1242646
6800.0, 1.1396171
7000.0, 1.1546816
7200.0, 1.1694697
7400.0, 1.1839924
7600.0, 1.1982598
7800.0, 1.2122813
8000.0, 1.2260658
8200.0, 1.2396219
8400.0, 1.2529572
8600.0, 1.2660794
8800.0, 1.2789952
9000.0, 1.2917116
9200.0, 1.3042343
9400.0, 1.3165697
9600.0, 1.3287233
9800.0, 1.3407005
10000.0, 1.3525064
10200.0, 1.3641455
10400.0, 1.3756229
10600.0, 1.3869425
10800.0, 1.3981092
11000.0, 1.4091263
11200.0, 1.419998
11400.0, 1.430728
11600.0, 1.4413197
11800.0, 1.4517766
12000.0, 1.4621016
12200.0, 1.4722984
12400.0, 1.4823692
12600.0, 1.4923177
12800.0, 1.5021461
13000.0, 1.5118573
13200.0, 1.5214537
13400.0, 1.5309378
13600.0, 1.5403123
13800.0, 1.5495791
14000.0, 1.5587406
14200.0, 1.567799
14400.0, 1.5767559
14600.0, 1.585614
14800.0, 1.594375
15000.0, 1.6030406
15200.0, 1.6116124
15400.0, 1.6200927
15600.0, 1.6284829
15800.0, 1.636785
16000.0, 1.645
16200.0, 1.6531298
16400.0, 1.6611762
16600.0, 1.6691402
16800.0, 1.6770233
17000.0, 1.6848271
17200.0, 1.6925528
17400.0, 1.7002015
17600.0, 1.7077751
17800.0, 1.7152742
18000.0, 1.7227001
18200.0, 1.7300545
18400.0, 1.7373378
18600.0, 1.7445515
18800.0, 1.7516968
19000.0, 1.7587746
19200.0, 1.7657863
19400.0, 1.772732
19600.0, 1.7796135
19800.0, 1.7864314
20000.0, 1.7931869
20200.0, 1.7998806
20400.0, 1.8065138
20600.0, 1.8130869
20800.0, 1.8196006
21000.0, 1.826057
21200.0, 1.8324555
21400.0, 1.8387973
21600.0, 1.8450836
21800.0, 1.8513148
22000.0, 1.8574916
22200.0, 1.8636148
22400.0, 1.8696852
22600.0, 1.8757035
22800.0, 1.8816704
23000.0, 1.8875866
23200.0, 1.8934523
23400.0, 1.8992686
23600.0, 1.9050361
23800.0, 1.9107556
24000.0, 1.916427
24200.0, 1.9220515
24400.0, 1.9276297
24600.0, 1.9331619
24800.0, 1.938649
25000.0, 1.9440908
25200.0, 1.9494888
25400.0, 1.954843
25600.0, 1.9601539
25800.0, 1.9654222
26000.0, 1.9706483
26200.0, 1.9758327
26400.0, 1.9809759
26600.0, 1.9860783
26800.0, 1.9911405
27000.0, 1.9961628
27200.0, 2.0011458
27400.0, 2.0060897
27600.0, 2.0109954
27800.0, 2.0158627
28000.0, 2.0206926
28200.0, 2.025485
28400.0, 2.030241
28600.0, 2.0349605
28800.0, 2.0396438
29000.0, 2.0442915
29200.0, 2.048904
29400.0, 2.0534816
29600.0, 2.0580244
29800.0, 2.0625336
30000.0, 2.0670083
30200.0, 2.07145
30400.0, 2.0758586
30600.0, 2.080234
30800.0, 2.0845776
31000.0, 2.0888884
31200.0, 2.093168
31400.0, 2.097416
31600.0, 2.1016324
31800.0, 2.1058185
32000.0, 2.1099737
32200.0, 2.114099
32400.0, 2.118194
32600.0, 2.1222596
32800.0, 2.126296
33000.0, 2.1303034
33200.0, 2.1342814
33400.0, 2.1382313
33600.0, 2.1421528
33800.0, 2.1460464
34000.0, 2.149912
34200.0, 2.1537507
34400.0, 2.157562
34600.0, 2.1613464
34800.0, 2.165104
35000.0, 2.168835
35200.0, 2.17254
35400.0, 2.176219
35600.0, 2.1798723
35800.0, 2.1834998
36000.0, 2.1871026
36200.0, 2.1906798
36400.0, 2.1942325
36600.0, 2.1977606
36800.0, 2.2012644
37000.0, 2.2047439
37200.0, 2.2081993
37400.0, 2.211631
37600.0, 2.2150397
37800.0, 2.2184246
38000.0, 2.2217863
38200.0, 2.2251253
38400.0, 2.2284417
38600.0, 2.2317357
38800.0, 2.235007
39000.0, 2.2382562
39200.0, 2.2414837
39400.0, 2.2446892
39600.0, 2.247873
39800.0, 2.2510357
40000.0, 2.254177
40200.0, 2.2572973
40400.0, 2.2603967
40600.0, 2.2634757
40800.0, 2.2665339
41000.0, 2.2695718
41200.0, 2.2725892
41400.0, 2.2755868
41600.0, 2.2785645
41800.0, 2.2815228
42000.0, 2.2844613
42200.0, 2.2873802
42400.0, 2.2902803
42600.0, 2.2931612
42800.0, 2.2960231
43000.0, 2.298866
43200.0, 2.3016906
43400.0, 2.3044965
43600.0, 2.3072844
43800.0, 2.3100538
44000.0, 2.3128052
44200.0, 2.3155386
44400.0, 2.3182545
44600.0, 2.3209524
44800.0, 2.3236334
45000.0, 2.3262966
45200.0, 2.3289425
45400.0, 2.3315716
45600.0, 2.3341835
45800.0, 2.3367784
46000.0, 2.3393571
46200.0, 2.341919
46400.0, 2.3444643
46600.0, 2.3469934
46800.0, 2.3495064
47000.0, 2.3520029
47200.0, 2.3544838
47400.0, 2.3569486
47600.0, 2.3593981
47800.0, 2.3618312
48000.0, 2.3642495
48200.0, 2.3666523
48400.0, 2.3690395
48600.0, 2.371412
48800.0, 2.373769
49000.0, 2.3761113
49200.0, 2.3784387
49400.0, 2.3807514
49600.0, 2.3830495
49800.0, 2.3853328
50000.0, 2.3876019
50200.0, 2.3898568
50400.0, 2.3920975
50600.0, 2.3943238
50800.0, 2.396536
51000.0, 2.398735
51200.0, 2.4009197
51400.0, 2.4030907
51600.0, 2.4052482
51800.0, 2.4073918
52000.0, 2.4095223
52200.0, 2.4116395
52400.0, 2.4137435
52600.0, 2.415834
52800.0, 2.4179118
53000.0, 2.4199765
53200.0, 2.422028
53400.0, 2.4240673
53600.0, 2.4260938
53800.0, 2.4281075
54000.0, 2.4301085
54200.0, 2.4320974
54400.0, 2.4340737
54600.0, 2.4360378
54800.0, 2.4379897
55000.0, 2.4399295
55200.0, 2.4418573
55400.0, 2.4437728
55600.0, 2.4456768
55800.0, 2.4475691
56000.0, 2.4494495
56200.0, 2.4513183
56400.0, 2.4531753
56600.0, 2.4550211
56800.0, 2.4568555
57000.0, 2.4586782
57200.0, 2.4604902
57400.0, 2.4622908
57600.0, 2.46408
57800.0, 2.4658587
58000.0, 2.4676263
58200.0, 2.4693825
58400.0, 2.471128
58600.0, 2.4728632
58800.0, 2.4745874
59000.0, 2.4763012
59200.0, 2.4780042
59400.0, 2.4796968
59600.0, 2.481379
59800.0, 2.4830508
60000.0, 2.4847126
60200.0, 2.486364
60400.0, 2.4880054
60600.0, 2.4896362
60800.0, 2.4912574
61000.0, 2.4928687
61200.0, 2.4944701
61400.0, 2.496061
61600.0, 2.497643
61800.0, 2.499215
62000.0, 2.5007772
62200.0, 2.5023298
62400.0, 2.503873
62600.0, 2.5054069
62800.0, 2.506931
63000.0, 2.508446
63200.0, 2.5099518
63400.0, 2.5114481
63600.0, 2.5129354
63800.0, 2.5144134
64000.0, 2.5158823
64200.0, 2.5173423
64400.0, 2.5187933
64600.0, 2.5202358
64800.0, 2.521669
65000.0, 2.5230935
65200.0, 2.5245094
65400.0, 2.5259163
65600.0, 2.5273147
65800.0, 2.5287044
66000.0, 2.530086
66200.0, 2.5314589
66400.0, 2.5328233
66600.0, 2.5341792
66800.0, 2.535527
67000.0, 2.5368662
67200.0, 2.5381978
67400.0, 2.5395205
67600.0, 2.5408356
67800.0, 2.5421424
68000.0, 2.543441
68200.0, 2.5447316
68400.0, 2.5460145
68600.0, 2.5472896
68800.0, 2.5485563
69000.0, 2.5498154
69200.0, 2.551067
69400.0, 2.5523112
69600.0, 2.553547
69800.0, 2.5547757
70000.0, 2.5559967
70200.0, 2.55721
70400.0, 2.558416
70600.0, 2.5596142
70800.0, 2.5608053
71000.0, 2.5619888
71200.0, 2.5631654
71400.0, 2.5643344
71600.0, 2.5654962
71800.0, 2.5666506
72000.0, 2.5677984
72200.0, 2.5689387
72400.0, 2.5700722
72600.0, 2.5711985
72800.0, 2.5723178
73000.0, 2.57343
73200.0, 2.5745356
73400.0, 2.575634
73600.0, 2.5767257
73800.0, 2.5778108
74000.0, 2.578889
74200.0, 2.57996
74400.0, 2.5810251
74600.0, 2.582083
74800.0, 2.5831347
75000.0, 2.5841796
75200.0, 2.585218
75400.0, 2.5862498
75600.0, 2.5872753
75800.0, 2.5882947
76000.0, 2.5893073
76200.0, 2.5903137
76400.0, 2.5913134
76600.0, 2.5923073
76800.0, 2.5932946
77000.0, 2.594276
77200.0, 2.595251
77400.0, 2.59622
77600.0, 2.597183
77800.0, 2.5981393
78000.0, 2.59909
78200.0, 2.600035
78400.0, 2.6009734
78600.0, 2.601906
78800.0, 2.602833
79000.0, 2.603754
79200.0, 2.604669
79400.0, 2.6055787
79600.0, 2.606482
79800.0, 2.6073797
80000.0, 2.6082718
80200.0, 2.6091583
80400.0, 2.6100388
80600.0, 2.6109138
80800.0, 2.6117833
81000.0, 2.6126475
81200.0, 2.6135056
81400.0, 2.6143587
81600.0, 2.6152055
81800.0, 2.6160476
82000.0, 2.616884
82200.0, 2.6177154
82400.0, 2.6185405
82600.0, 2.6193612
82800.0, 2.6201763
83000.0, 2.6209862
83200.0, 2.6217906
83400.0, 2.62259
83600.0, 2.623384
83800.0, 2.624173
84000.0, 2.6249568
84200.0, 2.6257353
84400.0, 2.626509
84600.0, 2.6272774
84800.0, 2.6280413
85000.0, 2.6287997
85200.0, 2.629553
85400.0, 2.6303015
85600.0, 2.6310453
85800.0, 2.631784
86000.0, 2.632518
86200.0, 2.6332467
86400.0, 2.6339712
86600.0, 2.6346903
86800.0, 2.6354048
87000.0, 2.6361148
87200.0, 2.6368196
87400.0, 2.63752
87600.0, 2.638216
87800.0, 2.6389067
88000.0, 2.6395936
88200.0, 2.6402752
88400.0, 2.640952
88600.0, 2.6416252
88800.0, 2.6422932
89000.0, 2.6429567
89200.0, 2.6436157
89400.0, 2.6442704
89600.0, 2.6449208
89800.0, 2.6455667
90000.0, 2.6462078
90200.0, 2.646845
90400.0, 2.6474776
90600.0, 2.648106
90800.0, 2.6487298
91000.0, 2.6493495
91200.0, 2.649965
91400.0, 2.650576
91600.0, 2.6511834
91800.0, 2.6517859
92000.0, 2.6523845
92200.0, 2.6529787
92400.0, 2.653569
92600.0, 2.6541553
92800.0, 2.654737
93000.0, 2.6553152
93200.0, 2.655889
93400.0, 2.656459
93600.0, 2.6570249
93800.0, 2.6575866
94000.0, 2.6581447
94200.0, 2.6586988
94400.0, 2.6592486
94600.0, 2.6597946
94800.0, 2.660337
95000.0, 2.6608748
95200.0, 2.6614094
95400.0, 2.66194
95600.0, 2.662467
95800.0, 2.6629894
96000.0, 2.663509
96200.0, 2.664024
96400.0, 2.6645358
96600.0, 2.6650438
96800.0, 2.6655478
97000.0, 2.6660485
97200.0, 2.6665454
97400.0, 2.667039
97600.0, 2.6675282
97800.0, 2.668014
98000.0, 2.6684966
98200.0, 2.6689754
98400.0, 2.66945
98600.0, 2.6699216
98800.0, 2.6703901
99000.0, 2.6708546
99200.0, 2.671316
99400.0, 2.671773
99600.0, 2.6722274
99800.0, 2.6726778
100000.0, 2.673125
