Energy (in eV), SEEP yield of material sc2k-NASCAP at incidence 0.0 degree
   X,       Y
0.0, 0.0
200.0, 0.10949932
400.0, 0.15472102
600.0, 0.18932945
800.0, 0.21842933
1000.0, 0.24399999
1200.0, 0.2670574
1400.0, 0.28820562
1600.0, 0.3078387
1800.0, 0.32623053
2000.0, 0.34358072
2200.0, 0.3600401
2400.0, 0.37572607
2600.0, 0.3907318
2800.0, 0.40513325
3000.0, 0.41899273
3200.0, 0.43236274
3400.0, 0.44528744
3600.0, 0.45780465
3800.0, 0.46994722
4000.0, 0.48174357
4200.0, 0.49321872
4400.0, 0.5043947
4600.0, 0.5152912
4800.0, 0.5259257
5000.0, 0.5363138
5200.0, 0.54646975
5400.0, 0.55640656
5600.0, 0.56613564
5800.0, 0.57566786
6000.0, 0.58501285
6200.0, 0.5941797
6400.0, 0.60317636
6600.0, 0.6120108
6800.0, 0.6206897
7000.0, 0.6292199
7200.0, 0.6376074
7400.0, 0.6458578
7600.0, 0.65397656
7800.0, 0.6619684
8000.0, 0.6698381
8200.0, 0.67759
8400.0, 0.6852281
8600.0, 0.6927565
8800.0, 0.7001785
9000.0, 0.70749795
9200.0, 0.71471775
9400.0, 0.7218411
9600.0, 0.728871
9800.0, 0.7358099
10000.0, 0.7426609
10200.0, 0.74942625
10400.0, 0.7561083
10600.0, 0.7627093
10800.0, 0.76923174
11000.0, 0.7756774
11200.0, 0.78204817
11400.0, 0.7883462
11600.0, 0.794573
11800.0, 0.80073076
12000.0, 0.8068208
12200.0, 0.81284475
12400.0, 0.81880414
12600.0, 0.82470053
12800.0, 0.8305353
13000.0, 0.83630985
13200.0, 0.84202546
13400.0, 0.8476833
13600.0, 0.8532847
13800.0, 0.85883087
14000.0, 0.8643228
14200.0, 0.86976177
14400.0, 0.8751486
14600.0, 0.8804846
14800.0, 0.88577056
15000.0, 0.89100754
15200.0, 0.89619637
15400.0, 0.9013379
15600.0, 0.90643305
15800.0, 0.9114828
16000.0, 0.91648763
16200.0, 0.9214488
16400.0, 0.9263669
16600.0, 0.9312424
16800.0, 0.9360763
17000.0, 0.94086933
17200.0, 0.94562197
17400.0, 0.95033497
17600.0, 0.9550091
17800.0, 0.95964473
18000.0, 0.9642428
18200.0, 0.9688035
18400.0, 0.97332776
18600.0, 0.9778159
18800.0, 0.98226875
19000.0, 0.9866867
19200.0, 0.99107015
19400.0, 0.9954197
19600.0, 0.99973583
19800.0, 1.0040191
20000.0, 1.0082699
20200.0, 1.0124887
20400.0, 1.016676
20600.0, 1.0208322
20800.0, 1.0249575
21000.0, 1.029053
21200.0, 1.0331185
21400.0, 1.0371544
21600.0, 1.0411613
21800.0, 1.0451396
22000.0, 1.0490897
22200.0, 1.0530117
22400.0, 1.0569062
22600.0, 1.0607735
22800.0, 1.0646139
23000.0, 1.0684279
23200.0, 1.0722154
23400.0, 1.0759773
23600.0, 1.0797135
23800.0, 1.0834246
24000.0, 1.0871105
24200.0, 1.0907719
24400.0, 1.0944089
24600.0, 1.0980217
24800.0, 1.1016109
25000.0, 1.1051763
25200.0, 1.1087188
25400.0, 1.1122382
25600.0, 1.1157346
25800.0, 1.1192088
26000.0, 1.1226606
26200.0, 1.1260905
26400.0, 1.1294987
26600.0, 1.1328853
26800.0, 1.1362509
27000.0, 1.1395952
27200.0, 1.1429186
27400.0, 1.1462215
27600.0, 1.149504
27800.0, 1.1527663
28000.0, 1.1560087
28200.0, 1.1592313
28400.0, 1.1624343
28600.0, 1.1656181
28800.0, 1.1687826
29000.0, 1.1719283
29200.0, 1.1750551
29400.0, 1.1781633
29600.0, 1.1812531
29800.0, 1.1843249
30000.0, 1.1873783
30200.0, 1.190414
30400.0, 1.1934319
30600.0, 1.1964321
30800.0, 1.1994152
31000.0, 1.2023811
31200.0, 1.2053298
31400.0, 1.2082618
31600.0, 1.2111769
31800.0, 1.2140757
32000.0, 1.2169577
32200.0, 1.2198237
32400.0, 1.2226735
32600.0, 1.2255073
32800.0, 1.2283252
33000.0, 1.2311274
33200.0, 1.2339143
33400.0, 1.2366855
33600.0, 1.2394415
33800.0, 1.2421825
34000.0, 1.2449082
34200.0, 1.2476192
34400.0, 1.2503154
34600.0, 1.252997
34800.0, 1.255664
35000.0, 1.2583166
35200.0, 1.260955
35400.0, 1.2635794
35600.0, 1.2661896
35800.0, 1.2687858
36000.0, 1.2713684
36200.0, 1.2739371
36400.0, 1.2764926
36600.0, 1.2790344
36800.0, 1.2815629
37000.0, 1.284078
37200.0, 1.2865801
37400.0, 1.289069
37600.0, 1.2915453
37800.0, 1.2940085
38000.0, 1.2964591
38200.0, 1.2988969
38400.0, 1.3013225
38600.0, 1.3037354
38800.0, 1.306136
39000.0, 1.3085245
39200.0, 1.3109007
39400.0, 1.313265
39600.0, 1.315617
39800.0, 1.3179574
40000.0, 1.3202862
40200.0, 1.3226029
40400.0, 1.3249083
40600.0, 1.3272021
40800.0, 1.3294845
41000.0, 1.3317553
41200.0, 1.3340149
41400.0, 1.3362635
41600.0, 1.338501
41800.0, 1.3407273
42000.0, 1.342943
42200.0, 1.3451475
42400.0, 1.3473413
42600.0, 1.3495243
42800.0, 1.3516968
43000.0, 1.3538588
43200.0, 1.3560103
43400.0, 1.3581512
43600.0, 1.3602821
43800.0, 1.3624024
44000.0, 1.3645127
44200.0, 1.3666127
44400.0, 1.368703
44600.0, 1.370783
44800.0, 1.3728532
45000.0, 1.3749133
45200.0, 1.3769641
45400.0, 1.379005
45600.0, 1.381036
45800.0, 1.3830576
46000.0, 1.3850697
46200.0, 1.3870723
46400.0, 1.3890654
46600.0, 1.3910495
46800.0, 1.3930243
47000.0, 1.3949896
47200.0, 1.396946
47400.0, 1.398893
47600.0, 1.4008312
47800.0, 1.4027604
48000.0, 1.4046807
48200.0, 1.4065921
48400.0, 1.4084947
48600.0, 1.4103888
48800.0, 1.412274
49000.0, 1.4141505
49200.0, 1.4160185
49400.0, 1.4178782
49600.0, 1.4197292
49800.0, 1.4215717
50000.0, 1.4234059
50200.0, 1.4252318
50400.0, 1.4270496
50600.0, 1.428859
50800.0, 1.4306605
51000.0, 1.4324536
51200.0, 1.4342387
51400.0, 1.436016
51600.0, 1.4377853
51800.0, 1.4395463
52000.0, 1.4412999
52200.0, 1.4430455
52400.0, 1.4447833
52600.0, 1.4465134
52800.0, 1.4482361
53000.0, 1.4499508
53200.0, 1.4516582
53400.0, 1.4533578
53600.0, 1.4550501
53800.0, 1.4567349
54000.0, 1.4584124
54200.0, 1.4600825
54400.0, 1.4617453
54600.0, 1.4634005
54800.0, 1.4650488
55000.0, 1.46669
55200.0, 1.468324
55400.0, 1.4699503
55600.0, 1.4715703
55800.0, 1.473183
56000.0, 1.4747887
56200.0, 1.4763873
56400.0, 1.4779793
56600.0, 1.4795643
56800.0, 1.4811424
57000.0, 1.4827137
57200.0, 1.4842784
57400.0, 1.4858365
57600.0, 1.4873874
57800.0, 1.4889323
58000.0, 1.4904702
58200.0, 1.4920015
58400.0, 1.4935266
58600.0, 1.4950451
58800.0, 1.496557
59000.0, 1.4980626
59200.0, 1.4995618
59400.0, 1.5010546
59600.0, 1.5025411
59800.0, 1.5040213
60000.0, 1.5054954
60200.0, 1.506963
60400.0, 1.5084249
60600.0, 1.5098803
60800.0, 1.5113297
61000.0, 1.5127729
61200.0, 1.5142101
61400.0, 1.5156413
61600.0, 1.5170666
61800.0, 1.5184859
62000.0, 1.5198992
62200.0, 1.5213066
62400.0, 1.5227084
62600.0, 1.524104
62800.0, 1.5254941
63000.0, 1.5268784
63200.0, 1.528257
63400.0, 1.5296298
63600.0, 1.5309968
63800.0, 1.5323585
64000.0, 1.5337142
64200.0, 1.5350645
64400.0, 1.5364093
64600.0, 1.5377486
64800.0, 1.539082
65000.0, 1.5404104
65200.0, 1.5417333
65400.0, 1.5430508
65600.0, 1.5443627
65800.0, 1.5456693
66000.0, 1.5469707
66200.0, 1.5482666
66400.0, 1.5495573
66600.0, 1.5508428
66800.0, 1.5521231
67000.0, 1.553398
67200.0, 1.5546677
67400.0, 1.5559326
67600.0, 1.5571921
67800.0, 1.5584466
68000.0, 1.5596962
68200.0, 1.5609405
68400.0, 1.5621798
68600.0, 1.5634143
68800.0, 1.5646435
69000.0, 1.565868
69200.0, 1.5670875
69400.0, 1.5683022
69600.0, 1.5695118
69800.0, 1.5707166
70000.0, 1.5719168
70200.0, 1.573112
70400.0, 1.5743027
70600.0, 1.5754882
70800.0, 1.5766693
71000.0, 1.5778455
71200.0, 1.5790172
71400.0, 1.580184
71600.0, 1.5813463
71800.0, 1.5825038
72000.0, 1.583657
72200.0, 1.5848054
72400.0, 1.5859493
72600.0, 1.5870887
72800.0, 1.5882235
73000.0, 1.5893539
73200.0, 1.5904799
73400.0, 1.5916013
73600.0, 1.5927181
73800.0, 1.5938307
74000.0, 1.594939
74200.0, 1.5960428
74400.0, 1.5971423
74600.0, 1.5982375
74800.0, 1.5993283
75000.0, 1.600415
75200.0, 1.6014973
75400.0, 1.6025753
75600.0, 1.603649
75800.0, 1.6047187
76000.0, 1.6057839
76200.0, 1.6068455
76400.0, 1.6079025
76600.0, 1.6089556
76800.0, 1.6100044
77000.0, 1.6110492
77200.0, 1.6120898
77400.0, 1.6131264
77600.0, 1.6141591
77800.0, 1.6151875
78000.0, 1.6162122
78200.0, 1.6172328
78400.0, 1.6182494
78600.0, 1.619262
78800.0, 1.620271
79000.0, 1.6212757
79200.0, 1.6222765
79400.0, 1.6232737
79600.0, 1.6242669
79800.0, 1.6252564
80000.0, 1.6262416
80200.0, 1.6272234
80400.0, 1.6282016
80600.0, 1.6291757
80800.0, 1.6301459
81000.0, 1.6311126
81200.0, 1.6320754
81400.0, 1.6330346
81600.0, 1.6339902
81800.0, 1.634942
82000.0, 1.6358899
82200.0, 1.6368346
82400.0, 1.6377755
82600.0, 1.6387129
82800.0, 1.6396464
83000.0, 1.6405764
83200.0, 1.6415031
83400.0, 1.6424261
83600.0, 1.6433455
83800.0, 1.6442615
84000.0, 1.6451738
84200.0, 1.6460826
84400.0, 1.646988
84600.0, 1.6478901
84800.0, 1.6487887
85000.0, 1.649684
85200.0, 1.6505755
85400.0, 1.6514637
85600.0, 1.6523488
85800.0, 1.6532302
86000.0, 1.6541083
86200.0, 1.654983
86400.0, 1.6558547
86600.0, 1.6567227
86800.0, 1.6575878
87000.0, 1.6584489
87200.0, 1.6593075
87400.0, 1.6601626
87600.0, 1.6610141
87800.0, 1.6618627
88000.0, 1.6627082
88200.0, 1.6635503
88400.0, 1.6643891
88600.0, 1.665225
88800.0, 1.6660573
89000.0, 1.6668868
89200.0, 1.6677129
89400.0, 1.6685362
89600.0, 1.6693563
89800.0, 1.670173
90000.0, 1.670987
90200.0, 1.6717979
90400.0, 1.6726053
90600.0, 1.6734102
90800.0, 1.6742116
91000.0, 1.6750102
91200.0, 1.6758058
91400.0, 1.6765984
91600.0, 1.677388
91800.0, 1.6781744
92000.0, 1.678958
92200.0, 1.6797386
92400.0, 1.6805162
92600.0, 1.6812912
92800.0, 1.6820631
93000.0, 1.6828319
93200.0, 1.6835979
93400.0, 1.6843612
93600.0, 1.6851214
93800.0, 1.6858789
94000.0, 1.6866335
94200.0, 1.6873852
94400.0, 1.6881342
94600.0, 1.6888802
94800.0, 1.6896236
95000.0, 1.6903642
95200.0, 1.6911019
95400.0, 1.6918368
95600.0, 1.6925688
95800.0, 1.6932983
96000.0, 1.6940249
96200.0, 1.694749
96400.0, 1.6954702
96600.0, 1.6961887
96800.0, 1.6969047
97000.0, 1.6976179
97200.0, 1.6983281
97400.0, 1.6990359
97600.0, 1.6997412
97800.0, 1.7004437
98000.0, 1.7011436
98200.0, 1.7018409
98400.0, 1.7025356
98600.0, 1.7032278
98800.0, 1.703917
99000.0, 1.7046041
99200.0, 1.7052883
99400.0, 1.7059699
99600.0, 1.7066491
99800.0, 1.7073258
100000.0, 1.708
