Energy (in eV), SEEP yield of material osr2k-NASCAP at isotropic incidence
   X,       Y
0.0, 0.0
200.0, 0.38138595
400.0, 0.5501729
600.0, 0.6791463
800.0, 0.78742164
1000.0, 0.8824151
1200.0, 0.9679364
1400.0, 1.0462515
1600.0, 1.1188401
1800.0, 1.1867307
2000.0, 1.2506738
2200.0, 1.3112365
2400.0, 1.3688607
2600.0, 1.4238977
2800.0, 1.4766335
3000.0, 1.5273032
3200.0, 1.5761046
3400.0, 1.6232048
3600.0, 1.668747
3800.0, 1.7128549
4000.0, 1.7556356
4200.0, 1.7971854
4400.0, 1.8375862
4600.0, 1.8769131
4800.0, 1.915233
5000.0, 1.952605
5200.0, 1.9890828
5400.0, 2.0247161
5600.0, 2.0595486
5800.0, 2.0936213
6000.0, 2.126971
6200.0, 2.1596322
6400.0, 2.191636
6600.0, 2.2230115
6800.0, 2.2537858
7000.0, 2.2839842
7200.0, 2.3136294
7400.0, 2.3427432
7600.0, 2.3713465
7800.0, 2.3994575
8000.0, 2.4270945
8200.0, 2.4542742
8400.0, 2.481012
8600.0, 2.5073233
8800.0, 2.5332215
9000.0, 2.5587208
9200.0, 2.5838323
9400.0, 2.6085694
9600.0, 2.6329422
9800.0, 2.6569617
10000.0, 2.6806386
10200.0, 2.7039816
10400.0, 2.727001
10600.0, 2.7497048
10800.0, 2.772102
11000.0, 2.7942002
11200.0, 2.8160074
11400.0, 2.8375306
11600.0, 2.858777
11800.0, 2.8797543
12000.0, 2.9004662
12200.0, 2.9209223
12400.0, 2.941126
12600.0, 2.9610848
12800.0, 2.980803
13000.0, 3.000287
13200.0, 3.0195408
13400.0, 3.0385702
13600.0, 3.0573797
13800.0, 3.075974
14000.0, 3.0943565
14200.0, 3.1125336
14400.0, 3.1305075
14600.0, 3.1482828
14800.0, 3.165864
15000.0, 3.1832545
15200.0, 3.2004566
15400.0, 3.217476
15600.0, 3.234315
15800.0, 3.2509773
16000.0, 3.2674649
16200.0, 3.2837822
16400.0, 3.2999325
16600.0, 3.315917
16800.0, 3.3317409
17000.0, 3.3474052
17200.0, 3.3629127
17400.0, 3.378267
17600.0, 3.39347
17800.0, 3.4085243
18000.0, 3.4234324
18200.0, 3.4381964
18400.0, 3.4528177
18600.0, 3.467301
18800.0, 3.4816463
19000.0, 3.4958565
19200.0, 3.5099342
19400.0, 3.5238805
19600.0, 3.5376968
19800.0, 3.5513868
20000.0, 3.5649512
20200.0, 3.5783923
20400.0, 3.5917118
20600.0, 3.604911
20800.0, 3.6179914
21000.0, 3.6309564
21200.0, 3.6438067
21400.0, 3.6565423
21600.0, 3.6691666
21800.0, 3.6816812
22000.0, 3.6940868
22200.0, 3.7063844
22400.0, 3.7185764
22600.0, 3.7306643
22800.0, 3.742649
23000.0, 3.7545323
23200.0, 3.7663138
23400.0, 3.7779973
23600.0, 3.789582
23800.0, 3.801071
24000.0, 3.8124635
24200.0, 3.8237627
24400.0, 3.834969
24600.0, 3.8460815
24800.0, 3.8571055
25000.0, 3.868038
25200.0, 3.8788822
25400.0, 3.8896396
25600.0, 3.9003096
25800.0, 3.910894
26000.0, 3.9213943
26200.0, 3.9318113
26400.0, 3.9421453
26600.0, 3.9523976
26800.0, 3.9625697
27000.0, 3.9726613
27200.0, 3.9826744
27400.0, 3.9926095
27600.0, 4.0024667
27800.0, 4.012248
28000.0, 4.021954
28200.0, 4.031586
28400.0, 4.041144
28600.0, 4.050628
28800.0, 4.0600405
29000.0, 4.069381
29200.0, 4.078652
29400.0, 4.087852
29600.0, 4.096983
29800.0, 4.106046
30000.0, 4.1150403
30200.0, 4.1239686
30400.0, 4.13283
30600.0, 4.141625
30800.0, 4.1503563
31000.0, 4.159022
31200.0, 4.1676245
31400.0, 4.1761646
31600.0, 4.1846414
31800.0, 4.193056
32000.0, 4.20141
32200.0, 4.2097034
32400.0, 4.2179365
32600.0, 4.22611
32800.0, 4.2342257
33000.0, 4.242283
33200.0, 4.2502813
33400.0, 4.2582226
33600.0, 4.2661085
33800.0, 4.273937
34000.0, 4.2817106
34200.0, 4.2894287
34400.0, 4.2970924
34600.0, 4.3047028
34800.0, 4.3122597
35000.0, 4.3197627
35200.0, 4.3272133
35400.0, 4.334612
35600.0, 4.3419585
35800.0, 4.349255
36000.0, 4.3565
36200.0, 4.363695
36400.0, 4.370841
36600.0, 4.377937
36800.0, 4.3849835
37000.0, 4.3919826
37200.0, 4.398933
37400.0, 4.4058366
37600.0, 4.4126925
37800.0, 4.4195013
38000.0, 4.426264
38200.0, 4.4329805
38400.0, 4.4396524
38600.0, 4.446278
38800.0, 4.45286
39000.0, 4.459397
39200.0, 4.46589
39400.0, 4.472338
39600.0, 4.4787445
39800.0, 4.485107
40000.0, 4.4914274
40200.0, 4.497706
40400.0, 4.503942
40600.0, 4.510137
40800.0, 4.5162907
41000.0, 4.5224032
41200.0, 4.5284753
41400.0, 4.5345073
41600.0, 4.540499
41800.0, 4.5464525
42000.0, 4.5523663
42200.0, 4.5582404
42400.0, 4.564077
42600.0, 4.569875
42800.0, 4.5756345
43000.0, 4.581356
43200.0, 4.5870404
43400.0, 4.592688
43600.0, 4.5982995
43800.0, 4.6038733
44000.0, 4.6094117
44200.0, 4.6149135
44400.0, 4.620381
44600.0, 4.625811
44800.0, 4.6312084
45000.0, 4.636569
45200.0, 4.641896
45400.0, 4.647188
45600.0, 4.6524463
45800.0, 4.6576705
46000.0, 4.662863
46200.0, 4.66802
46400.0, 4.6731443
46600.0, 4.678236
46800.0, 4.6832957
47000.0, 4.6883225
47200.0, 4.6933184
47400.0, 4.6982813
47600.0, 4.7032137
47800.0, 4.7081127
48000.0, 4.7129827
48200.0, 4.7178206
48400.0, 4.7226286
48600.0, 4.7274055
48800.0, 4.732153
49000.0, 4.73687
49200.0, 4.7415566
49400.0, 4.7462144
49600.0, 4.750843
49800.0, 4.7554426
50000.0, 4.7600117
50200.0, 4.7645535
50400.0, 4.7690663
50600.0, 4.7735515
50800.0, 4.778008
51000.0, 4.782437
51200.0, 4.786837
51400.0, 4.7912116
51600.0, 4.795557
51800.0, 4.7998753
52000.0, 4.8041677
52200.0, 4.8084335
52400.0, 4.8126717
52600.0, 4.8168845
52800.0, 4.8210697
53000.0, 4.82523
53200.0, 4.829364
53400.0, 4.8334723
53600.0, 4.837556
53800.0, 4.8416133
54000.0, 4.8456454
54200.0, 4.849653
54400.0, 4.8536353
54600.0, 4.857594
54800.0, 4.8615274
55000.0, 4.865436
55200.0, 4.869322
55400.0, 4.873182
55600.0, 4.8770194
55800.0, 4.8808336
56000.0, 4.8846226
56200.0, 4.8883905
56400.0, 4.892133
56600.0, 4.8958535
56800.0, 4.899551
57000.0, 4.9032254
57200.0, 4.906878
57400.0, 4.910508
57600.0, 4.9141145
57800.0, 4.9177003
58000.0, 4.921263
58200.0, 4.924804
58400.0, 4.9283237
58600.0, 4.931822
58800.0, 4.935298
59000.0, 4.9387536
59200.0, 4.942188
59400.0, 4.945601
59600.0, 4.9489927
59800.0, 4.952364
60000.0, 4.9557147
60200.0, 4.9590445
60400.0, 4.9623547
60600.0, 4.965644
60800.0, 4.968913
61000.0, 4.9721627
61200.0, 4.9753923
61400.0, 4.9786024
61600.0, 4.981792
61800.0, 4.984963
62000.0, 4.9881144
62200.0, 4.9912457
62400.0, 4.994359
62600.0, 4.9974527
62800.0, 5.0005283
63000.0, 5.003584
63200.0, 5.006622
63400.0, 5.00964
63600.0, 5.0126405
63800.0, 5.015623
64000.0, 5.018586
64200.0, 5.021532
64400.0, 5.0244603
64600.0, 5.0273705
64800.0, 5.030263
65000.0, 5.0331373
65200.0, 5.035994
65400.0, 5.0388336
65600.0, 5.041656
65800.0, 5.044461
66000.0, 5.047249
66200.0, 5.0500197
66400.0, 5.052773
66600.0, 5.0555096
66800.0, 5.0582304
67000.0, 5.060934
67200.0, 5.06362
67400.0, 5.0662913
67600.0, 5.068947
67800.0, 5.0715847
68000.0, 5.074206
68200.0, 5.076812
68400.0, 5.0794015
68600.0, 5.081976
68800.0, 5.0845337
69000.0, 5.0870767
69200.0, 5.0896034
69400.0, 5.0921154
69600.0, 5.094611
69800.0, 5.097091
70000.0, 5.0995574
70200.0, 5.102008
70400.0, 5.104443
70600.0, 5.106863
70800.0, 5.1092687
71000.0, 5.11166
71200.0, 5.1140356
71400.0, 5.1163974
71600.0, 5.1187444
71800.0, 5.121077
72000.0, 5.1233945
72200.0, 5.1256986
72400.0, 5.127988
72600.0, 5.1302633
72800.0, 5.132525
73000.0, 5.134772
73200.0, 5.137006
73400.0, 5.139225
73600.0, 5.141431
73800.0, 5.143624
74000.0, 5.1458025
74200.0, 5.147968
74400.0, 5.1501193
74600.0, 5.1522574
74800.0, 5.1543837
75000.0, 5.156495
75200.0, 5.158595
75400.0, 5.1606803
75600.0, 5.162753
75800.0, 5.164813
76000.0, 5.16686
76200.0, 5.1688943
76400.0, 5.170916
76600.0, 5.1729255
76800.0, 5.1749215
77000.0, 5.1769056
77200.0, 5.1788774
77400.0, 5.180836
77600.0, 5.1827836
77800.0, 5.184718
78000.0, 5.1866407
78200.0, 5.188551
78400.0, 5.190449
78600.0, 5.192336
78800.0, 5.19421
79000.0, 5.1960735
79200.0, 5.197924
79400.0, 5.1997647
79600.0, 5.201592
79800.0, 5.203408
80000.0, 5.205212
80200.0, 5.207006
80400.0, 5.208788
80600.0, 5.210558
80800.0, 5.2123175
81000.0, 5.214066
81200.0, 5.2158036
81400.0, 5.217529
81600.0, 5.2192435
81800.0, 5.2209477
82000.0, 5.22264
82200.0, 5.224323
82400.0, 5.225994
82600.0, 5.227654
82800.0, 5.229305
83000.0, 5.2309437
83200.0, 5.2325726
83400.0, 5.2341914
83600.0, 5.2357993
83800.0, 5.2373967
84000.0, 5.2389836
84200.0, 5.240561
84400.0, 5.2421265
84600.0, 5.2436833
84800.0, 5.2452307
85000.0, 5.2467666
85200.0, 5.2482924
85400.0, 5.2498083
85600.0, 5.2513156
85800.0, 5.252812
86000.0, 5.254298
86200.0, 5.2557755
86400.0, 5.257242
86600.0, 5.258701
86800.0, 5.260148
87000.0, 5.2615857
87200.0, 5.263015
87400.0, 5.2644343
87600.0, 5.2658453
87800.0, 5.267245
88000.0, 5.268638
88200.0, 5.2700195
88400.0, 5.271391
88600.0, 5.272756
88800.0, 5.2741103
89000.0, 5.275456
89200.0, 5.2767925
89400.0, 5.278119
89600.0, 5.279438
89800.0, 5.280748
90000.0, 5.282048
90200.0, 5.283341
90400.0, 5.2846236
90600.0, 5.285899
90800.0, 5.2871637
91000.0, 5.288421
91200.0, 5.28967
91400.0, 5.2909102
91600.0, 5.2921424
91800.0, 5.293365
92000.0, 5.29458
92200.0, 5.295786
92400.0, 5.296984
92600.0, 5.298174
92800.0, 5.299355
93000.0, 5.3005285
93200.0, 5.301694
93400.0, 5.302851
93600.0, 5.303999
93800.0, 5.3051405
94000.0, 5.306273
94200.0, 5.307399
94400.0, 5.308516
94600.0, 5.309624
94800.0, 5.3107266
95000.0, 5.311819
95200.0, 5.312906
95400.0, 5.3139834
95600.0, 5.3150535
95800.0, 5.3161163
96000.0, 5.3171706
96200.0, 5.3182187
96400.0, 5.319258
96600.0, 5.320291
96800.0, 5.3213153
97000.0, 5.322334
97200.0, 5.3233433
97400.0, 5.324346
97600.0, 5.325341
97800.0, 5.32633
98000.0, 5.3273115
98200.0, 5.328285
98400.0, 5.3292503
98600.0, 5.3302107
98800.0, 5.3311625
99000.0, 5.332108
99200.0, 5.333047
99400.0, 5.3339777
99600.0, 5.3349023
99800.0, 5.3358183
100000.0, 5.3367295
