Energy (in eV), backscattering yield of material te2k-NASCAP at incidence 80.0 degree
   X,       Y
0.0, 0.88659793
10.0, 0.7452677
20.0, 0.6264666
30.0, 0.52660316
40.0, 0.44265875
50.0, 0.3720957
60.0, 0.46327424
70.0, 0.50745755
80.0, 0.536106
90.0, 0.5568089
100.0, 0.5727462
110.0, 0.5855513
120.0, 0.59616375
130.0, 0.60516775
140.0, 0.6129479
150.0, 0.61976933
160.0, 0.62582165
170.0, 0.631245
180.0, 0.6361453
190.0, 0.6406045
200.0, 0.6446875
210.0, 0.64844596
220.0, 0.65192217
230.0, 0.6551508
240.0, 0.6581606
250.0, 0.66097605
260.0, 0.66361755
270.0, 0.6661027
280.0, 0.6684467
290.0, 0.67066264
300.0, 0.67276186
310.0, 0.67475444
320.0, 0.6766492
330.0, 0.678454
340.0, 0.68017566
350.0, 0.6818204
360.0, 0.6833939
370.0, 0.684901
380.0, 0.6863463
390.0, 0.6877338
400.0, 0.6890673
410.0, 0.6903501
420.0, 0.6915853
430.0, 0.6927757
440.0, 0.6939239
450.0, 0.69503224
460.0, 0.6961029
470.0, 0.69713795
480.0, 0.69813925
490.0, 0.6991085
500.0, 0.70004725
510.0, 0.70095706
520.0, 0.70183927
530.0, 0.70269525
540.0, 0.70352614
550.0, 0.7043331
560.0, 0.7051172
570.0, 0.7058794
580.0, 0.70662063
590.0, 0.7073418
600.0, 0.7080437
610.0, 0.7087271
620.0, 0.70939285
630.0, 0.71004146
640.0, 0.7106737
650.0, 0.7112901
660.0, 0.71189135
670.0, 0.7124779
680.0, 0.7130504
690.0, 0.7136093
700.0, 0.714155
710.0, 0.714688
720.0, 0.71520877
730.0, 0.7157176
740.0, 0.7162151
750.0, 0.7167014
760.0, 0.717177
770.0, 0.7176421
780.0, 0.7180972
790.0, 0.7185426
800.0, 0.7189784
810.0, 0.7194051
820.0, 0.7198228
830.0, 0.7202319
840.0, 0.7206326
850.0, 0.7210251
860.0, 0.7214097
870.0, 0.7217865
880.0, 0.7221558
890.0, 0.72251785
900.0, 0.72287273
910.0, 0.72322077
920.0, 0.723562
930.0, 0.7238967
940.0, 0.724225
950.0, 0.724547
960.0, 0.724863
970.0, 0.72517306
980.0, 0.72547734
990.0, 0.725776
1000.0, 0.7260691
1010.0, 0.72593874
1020.0, 0.72580856
1030.0, 0.7256785
1040.0, 0.72554857
1050.0, 0.7254188
1060.0, 0.72528917
1070.0, 0.7251597
1080.0, 0.72503036
1090.0, 0.7249012
1100.0, 0.72477216
1110.0, 0.7246433
1120.0, 0.72451454
1130.0, 0.724386
1140.0, 0.7242575
1150.0, 0.72412926
1160.0, 0.72400117
1170.0, 0.72387314
1180.0, 0.72374535
1190.0, 0.7236176
1200.0, 0.7234901
1210.0, 0.7233627
1220.0, 0.7232354
1230.0, 0.72310835
1240.0, 0.7229814
1250.0, 0.7228546
1260.0, 0.72272795
1270.0, 0.7226014
1280.0, 0.72247505
1290.0, 0.72234887
1300.0, 0.7222228
1310.0, 0.72209686
1320.0, 0.7219711
1330.0, 0.7218455
1340.0, 0.72172004
1350.0, 0.7215947
1360.0, 0.7214695
1370.0, 0.7213445
1380.0, 0.7212196
1390.0, 0.72109485
1400.0, 0.7209703
1410.0, 0.7208458
1420.0, 0.72072154
1430.0, 0.7205974
1440.0, 0.72047335
1450.0, 0.7203495
1460.0, 0.7202258
1470.0, 0.7201022
1480.0, 0.7199788
1490.0, 0.71985555
1500.0, 0.7197324
1510.0, 0.71960944
1520.0, 0.7194866
1530.0, 0.71936387
1540.0, 0.7192413
1550.0, 0.71911895
1560.0, 0.7189967
1570.0, 0.7188746
1580.0, 0.7187526
1590.0, 0.7186308
1600.0, 0.71850914
1610.0, 0.7183876
1620.0, 0.71826625
1630.0, 0.71814495
1640.0, 0.7180239
1650.0, 0.71790296
1660.0, 0.71778214
1670.0, 0.7176615
1680.0, 0.717541
1690.0, 0.7174206
1700.0, 0.71730036
1710.0, 0.7171803
1720.0, 0.7170604
1730.0, 0.7169406
1740.0, 0.71682096
1750.0, 0.71670145
1760.0, 0.71658206
1770.0, 0.71646285
1780.0, 0.71634376
1790.0, 0.71622485
1800.0, 0.7161061
1810.0, 0.71598744
1820.0, 0.71586895
1830.0, 0.71575063
1840.0, 0.7156324
1850.0, 0.71551436
1860.0, 0.7153964
1870.0, 0.7152786
1880.0, 0.715161
1890.0, 0.71504354
1900.0, 0.7149262
1910.0, 0.71480894
1920.0, 0.71469194
1930.0, 0.714575
1940.0, 0.7144582
1950.0, 0.7143416
1960.0, 0.7142251
1970.0, 0.71410877
1980.0, 0.71399254
1990.0, 0.7138765
2000.0, 0.71376055
2010.0, 0.7136448
2020.0, 0.71352917
2030.0, 0.71341366
2040.0, 0.7132983
2050.0, 0.7131831
2060.0, 0.713068
2070.0, 0.7129531
2080.0, 0.7128383
2090.0, 0.7127237
2100.0, 0.7126092
2110.0, 0.7124948
2120.0, 0.7123806
2130.0, 0.7122665
2140.0, 0.7121526
2150.0, 0.71203876
2160.0, 0.71192515
2170.0, 0.7118116
2180.0, 0.71169823
2190.0, 0.711585
2200.0, 0.7114719
2210.0, 0.71135896
2220.0, 0.71124613
2230.0, 0.7111335
2240.0, 0.71102095
2250.0, 0.7109086
2260.0, 0.7107963
2270.0, 0.7106842
2280.0, 0.71057224
2290.0, 0.7104604
2300.0, 0.7103487
2310.0, 0.7102372
2320.0, 0.71012574
2330.0, 0.7100145
2340.0, 0.70990336
2350.0, 0.7097924
2360.0, 0.7096815
2370.0, 0.7095708
2380.0, 0.70946026
2390.0, 0.7093498
2400.0, 0.7092395
2410.0, 0.70912933
2420.0, 0.70901936
2430.0, 0.70890945
2440.0, 0.7087997
2450.0, 0.7086901
2460.0, 0.7085807
2470.0, 0.70847136
2480.0, 0.70836216
2490.0, 0.7082531
2500.0, 0.7081442
2510.0, 0.7080354
2520.0, 0.7079268
2530.0, 0.70781827
2540.0, 0.7077099
2550.0, 0.7076017
2560.0, 0.7074936
2570.0, 0.7073857
2580.0, 0.7072779
2590.0, 0.7071702
2600.0, 0.70706266
2610.0, 0.7069553
2620.0, 0.706848
2630.0, 0.7067409
2640.0, 0.7066339
2650.0, 0.70652705
2660.0, 0.70642036
2670.0, 0.7063138
2680.0, 0.70620733
2690.0, 0.70610106
2700.0, 0.7059949
2710.0, 0.70588887
2720.0, 0.70578295
2730.0, 0.7056772
2740.0, 0.7055716
2750.0, 0.7054661
2760.0, 0.7053608
2770.0, 0.70525557
2780.0, 0.7051505
2790.0, 0.7050455
2800.0, 0.70494074
2810.0, 0.7048361
2820.0, 0.7047315
2830.0, 0.7046271
2840.0, 0.70452285
2850.0, 0.7044187
2860.0, 0.70431477
2870.0, 0.7042109
2880.0, 0.70410717
2890.0, 0.7040036
2900.0, 0.7039001
2910.0, 0.7037968
2920.0, 0.70369357
2930.0, 0.7035906
2940.0, 0.70348763
2950.0, 0.7033849
2960.0, 0.7032822
2970.0, 0.70317966
2980.0, 0.7030773
2990.0, 0.70297503
3000.0, 0.70287293
3010.0, 0.70277095
3020.0, 0.7026691
3030.0, 0.7025674
3040.0, 0.70246583
3050.0, 0.7023644
3060.0, 0.70226306
3070.0, 0.70216185
3080.0, 0.7020608
3090.0, 0.7019599
3100.0, 0.7018591
3110.0, 0.70175844
3120.0, 0.70165795
3130.0, 0.7015576
3140.0, 0.7014573
3150.0, 0.7013572
3160.0, 0.7012572
3170.0, 0.70115733
3180.0, 0.7010576
3190.0, 0.700958
3200.0, 0.7008586
3210.0, 0.70075923
3220.0, 0.70066005
3230.0, 0.700561
3240.0, 0.70046204
3250.0, 0.7003633
3260.0, 0.7002646
3270.0, 0.70016605
3280.0, 0.70006764
3290.0, 0.69996935
3300.0, 0.6998712
3310.0, 0.6997732
3320.0, 0.6996753
3330.0, 0.69957757
3340.0, 0.69947994
3350.0, 0.6993824
3360.0, 0.6992851
3370.0, 0.6991878
3380.0, 0.6990907
3390.0, 0.69899374
3400.0, 0.6988969
3410.0, 0.6988002
3420.0, 0.6987036
3430.0, 0.69860715
3440.0, 0.6985108
3450.0, 0.6984146
3460.0, 0.69831854
3470.0, 0.69822264
3480.0, 0.69812685
3490.0, 0.6980311
3500.0, 0.6979356
3510.0, 0.69784015
3520.0, 0.69774485
3530.0, 0.6976497
3540.0, 0.69755465
3550.0, 0.69745976
3560.0, 0.697365
3570.0, 0.69727033
3580.0, 0.6971758
3590.0, 0.6970814
3600.0, 0.69698715
3610.0, 0.69689304
3620.0, 0.696799
3630.0, 0.6967051
3640.0, 0.69661134
3650.0, 0.6965177
3660.0, 0.69642425
3670.0, 0.69633085
3680.0, 0.6962376
3690.0, 0.69614446
3700.0, 0.6960515
3710.0, 0.6959586
3720.0, 0.69586587
3730.0, 0.69577324
3740.0, 0.6956808
3750.0, 0.6955884
3760.0, 0.6954962
3770.0, 0.6954041
3780.0, 0.6953121
3790.0, 0.69522023
3800.0, 0.6951285
3810.0, 0.6950369
3820.0, 0.69494545
3830.0, 0.6948541
3840.0, 0.6947628
3850.0, 0.69467175
3860.0, 0.6945808
3870.0, 0.69448996
3880.0, 0.6943992
3890.0, 0.6943086
3900.0, 0.6942181
3910.0, 0.6941278
3920.0, 0.69403756
3930.0, 0.69394743
3940.0, 0.69385743
3950.0, 0.6937676
3960.0, 0.6936779
3970.0, 0.69358826
3980.0, 0.6934988
3990.0, 0.69340944
4000.0, 0.6933202
4010.0, 0.6932311
4020.0, 0.6931421
4030.0, 0.69305325
4040.0, 0.6929645
4050.0, 0.6928759
4060.0, 0.6927874
4070.0, 0.692699
4080.0, 0.6926108
4090.0, 0.69252264
4100.0, 0.69243467
4110.0, 0.6923468
4120.0, 0.692259
4130.0, 0.6921714
4140.0, 0.6920839
4150.0, 0.6919965
4160.0, 0.69190925
4170.0, 0.6918221
4180.0, 0.6917351
4190.0, 0.6916482
4200.0, 0.6915614
4210.0, 0.69147474
4220.0, 0.6913882
4230.0, 0.69130176
4240.0, 0.6912155
4250.0, 0.6911293
4260.0, 0.69104326
4270.0, 0.69095737
4280.0, 0.69087154
4290.0, 0.6907859
4300.0, 0.6907003
4310.0, 0.6906149
4320.0, 0.6905295
4330.0, 0.69044435
4340.0, 0.69035923
4350.0, 0.6902743
4360.0, 0.6901894
4370.0, 0.6901047
4380.0, 0.6900201
4390.0, 0.6899356
4400.0, 0.6898513
4410.0, 0.689767
4420.0, 0.6896829
4430.0, 0.6895989
4440.0, 0.689515
4450.0, 0.68943125
4460.0, 0.68934757
4470.0, 0.68926406
4480.0, 0.6891807
4490.0, 0.68909734
4500.0, 0.6890142
4510.0, 0.6889311
4520.0, 0.6888482
4530.0, 0.6887654
4540.0, 0.6886827
4550.0, 0.6886001
4560.0, 0.68851763
4570.0, 0.6884353
4580.0, 0.68835306
4590.0, 0.6882709
4600.0, 0.68818897
4610.0, 0.6881071
4620.0, 0.68802536
4630.0, 0.6879437
4640.0, 0.68786216
4650.0, 0.68778074
4660.0, 0.6876995
4670.0, 0.6876183
4680.0, 0.68753725
4690.0, 0.6874563
4700.0, 0.6873755
4710.0, 0.6872948
4720.0, 0.6872142
4730.0, 0.6871337
4740.0, 0.6870534
4750.0, 0.6869731
4760.0, 0.686893
4770.0, 0.686813
4780.0, 0.68673307
4790.0, 0.6866533
4800.0, 0.6865736
4810.0, 0.6864941
4820.0, 0.68641466
4830.0, 0.6863353
4840.0, 0.6862561
4850.0, 0.6861771
4860.0, 0.6860981
4870.0, 0.68601924
4880.0, 0.68594044
4890.0, 0.6858618
4900.0, 0.6857833
4910.0, 0.68570495
4920.0, 0.6856266
4930.0, 0.6855485
4940.0, 0.6854704
4950.0, 0.68539244
4960.0, 0.6853146
4970.0, 0.68523693
4980.0, 0.6851593
4990.0, 0.6850818
5000.0, 0.6850044
5010.0, 0.68492717
5020.0, 0.68485004
5030.0, 0.68477297
5040.0, 0.684696
5050.0, 0.68461925
5060.0, 0.68454254
5070.0, 0.68446594
5080.0, 0.6843895
5090.0, 0.6843131
5100.0, 0.6842368
5110.0, 0.6841607
5120.0, 0.68408465
5130.0, 0.6840088
5140.0, 0.68393296
5150.0, 0.68385726
5160.0, 0.6837817
5170.0, 0.6837062
5180.0, 0.6836308
5190.0, 0.6835556
5200.0, 0.68348044
5210.0, 0.68340546
5220.0, 0.68333054
5230.0, 0.68325573
5240.0, 0.68318105
5250.0, 0.6831064
5260.0, 0.683032
5270.0, 0.6829576
5280.0, 0.6828833
5290.0, 0.68280923
5300.0, 0.6827352
5310.0, 0.68266124
5320.0, 0.68258744
5330.0, 0.6825137
5340.0, 0.68244016
5350.0, 0.68236667
5360.0, 0.6822933
5370.0, 0.68222004
5380.0, 0.68214685
5390.0, 0.68207383
5400.0, 0.6820009
5410.0, 0.68192804
5420.0, 0.6818553
5430.0, 0.6817827
5440.0, 0.6817102
5450.0, 0.68163776
5460.0, 0.6815655
5470.0, 0.68149334
5480.0, 0.6814212
5490.0, 0.6813493
5500.0, 0.68127745
5510.0, 0.6812057
5520.0, 0.68113405
5530.0, 0.6810625
5540.0, 0.68099105
5550.0, 0.68091977
5560.0, 0.68084854
5570.0, 0.68077743
5580.0, 0.68070644
5590.0, 0.6806355
5600.0, 0.68056476
5610.0, 0.68049407
5620.0, 0.6804235
5630.0, 0.68035305
5640.0, 0.68028265
5650.0, 0.68021244
5660.0, 0.6801423
5670.0, 0.6800722
5680.0, 0.6800023
5690.0, 0.6799324
5700.0, 0.67986274
5710.0, 0.67979306
5720.0, 0.67972356
5730.0, 0.6796542
5740.0, 0.67958486
5750.0, 0.67951566
5760.0, 0.6794466
5770.0, 0.67937756
5780.0, 0.67930865
5790.0, 0.67923987
5800.0, 0.6791712
5810.0, 0.67910266
5820.0, 0.6790342
5830.0, 0.6789658
5840.0, 0.67889756
5850.0, 0.6788294
5860.0, 0.6787613
5870.0, 0.6786934
5880.0, 0.6786255
5890.0, 0.6785578
5900.0, 0.67849016
5910.0, 0.67842263
5920.0, 0.67835516
5930.0, 0.67828786
5940.0, 0.6782206
5950.0, 0.6781535
5960.0, 0.67808646
5970.0, 0.6780195
5980.0, 0.6779527
5990.0, 0.677886
6000.0, 0.6778194
6010.0, 0.67775285
6020.0, 0.67768645
6030.0, 0.6776202
6040.0, 0.67755395
6050.0, 0.67748785
6060.0, 0.67742187
6070.0, 0.67735595
6080.0, 0.67729014
6090.0, 0.67722446
6100.0, 0.67715883
6110.0, 0.6770933
6120.0, 0.67702794
6130.0, 0.6769627
6140.0, 0.67689747
6150.0, 0.6768324
6160.0, 0.67676735
6170.0, 0.67670244
6180.0, 0.67663765
6190.0, 0.676573
6200.0, 0.67650837
6210.0, 0.6764439
6220.0, 0.6763795
6230.0, 0.6763152
6240.0, 0.676251
6250.0, 0.6761869
6260.0, 0.6761229
6270.0, 0.676059
6280.0, 0.6759952
6290.0, 0.6759315
6300.0, 0.6758679
6310.0, 0.6758044
6320.0, 0.67574096
6330.0, 0.67567766
6340.0, 0.6756145
6350.0, 0.67555135
6360.0, 0.67548835
6370.0, 0.6754254
6380.0, 0.6753626
6390.0, 0.6752999
6400.0, 0.6752373
6410.0, 0.6751748
6420.0, 0.6751123
6430.0, 0.67505
6440.0, 0.67498773
6450.0, 0.6749256
6460.0, 0.6748636
6470.0, 0.67480165
6480.0, 0.6747398
6490.0, 0.6746781
6500.0, 0.6746164
6510.0, 0.6745549
6520.0, 0.6744934
6530.0, 0.67443204
6540.0, 0.67437077
6550.0, 0.6743096
6560.0, 0.6742485
6570.0, 0.67418754
6580.0, 0.6741267
6590.0, 0.6740659
6600.0, 0.6740052
6610.0, 0.6739446
6620.0, 0.6738841
6630.0, 0.6738237
6640.0, 0.6737634
6650.0, 0.67370313
6660.0, 0.67364305
6670.0, 0.67358303
6680.0, 0.67352307
6690.0, 0.6734632
6700.0, 0.6734035
6710.0, 0.67334384
6720.0, 0.6732843
6730.0, 0.67322487
6740.0, 0.67316544
6750.0, 0.6731062
6760.0, 0.673047
6770.0, 0.67298794
6780.0, 0.6729289
6790.0, 0.67287004
6800.0, 0.6728112
6810.0, 0.6727525
6820.0, 0.6726939
6830.0, 0.6726354
6840.0, 0.67257696
6850.0, 0.6725186
6860.0, 0.6724604
6870.0, 0.6724022
6880.0, 0.67234415
6890.0, 0.67228615
6900.0, 0.6722283
6910.0, 0.6721705
6920.0, 0.6721128
6930.0, 0.6720552
6940.0, 0.67199767
6950.0, 0.67194027
6960.0, 0.6718829
6970.0, 0.6718257
6980.0, 0.67176855
6990.0, 0.6717115
7000.0, 0.6716545
7010.0, 0.67159766
7020.0, 0.67154086
7030.0, 0.6714842
7040.0, 0.67142755
7050.0, 0.67137104
7060.0, 0.67131466
7070.0, 0.67125833
7080.0, 0.67120206
7090.0, 0.6711459
7100.0, 0.6710898
7110.0, 0.67103386
7120.0, 0.670978
7130.0, 0.6709222
7140.0, 0.6708665
7150.0, 0.6708109
7160.0, 0.6707554
7170.0, 0.67069995
7180.0, 0.6706446
7190.0, 0.6705893
7200.0, 0.67053413
7210.0, 0.67047906
7220.0, 0.6704241
7230.0, 0.6703692
7240.0, 0.6703144
7250.0, 0.67025965
7260.0, 0.670205
7270.0, 0.67015046
7280.0, 0.670096
7290.0, 0.6700416
7300.0, 0.6699873
7310.0, 0.66993314
7320.0, 0.669879
7330.0, 0.669825
7340.0, 0.6697711
7350.0, 0.6697172
7360.0, 0.6696634
7370.0, 0.6696098
7380.0, 0.6695562
7390.0, 0.6695027
7400.0, 0.66944927
7410.0, 0.6693959
7420.0, 0.6693427
7430.0, 0.6692895
7440.0, 0.6692365
7450.0, 0.6691835
7460.0, 0.6691306
7470.0, 0.6690778
7480.0, 0.66902506
7490.0, 0.66897243
7500.0, 0.66891986
7510.0, 0.6688674
7520.0, 0.668815
7530.0, 0.6687627
7540.0, 0.6687105
7550.0, 0.6686584
7560.0, 0.66860634
7570.0, 0.66855437
7580.0, 0.6685025
7590.0, 0.6684507
7600.0, 0.668399
7610.0, 0.66834736
7620.0, 0.6682958
7630.0, 0.66824436
7640.0, 0.668193
7650.0, 0.6681417
7660.0, 0.6680905
7670.0, 0.6680394
7680.0, 0.66798836
7690.0, 0.6679374
7700.0, 0.66788656
7710.0, 0.6678358
7720.0, 0.66778505
7730.0, 0.66773444
7740.0, 0.6676839
7750.0, 0.6676335
7760.0, 0.6675831
7770.0, 0.6675328
7780.0, 0.6674826
7790.0, 0.6674325
7800.0, 0.6673824
7810.0, 0.6673325
7820.0, 0.6672826
7830.0, 0.6672328
7840.0, 0.6671831
7850.0, 0.66713345
7860.0, 0.6670839
7870.0, 0.66703445
7880.0, 0.66698503
7890.0, 0.66693574
7900.0, 0.6668865
7910.0, 0.6668374
7920.0, 0.66678834
7930.0, 0.66673934
7940.0, 0.66669047
7950.0, 0.66664165
7960.0, 0.6665929
7970.0, 0.66654426
7980.0, 0.6664957
7990.0, 0.66644716
8000.0, 0.66639876
8010.0, 0.6663504
8020.0, 0.66630214
8030.0, 0.666254
8040.0, 0.6662059
8050.0, 0.66615784
8060.0, 0.6661099
8070.0, 0.66606206
8080.0, 0.66601425
8090.0, 0.6659666
8100.0, 0.66591895
8110.0, 0.66587144
8120.0, 0.66582394
8130.0, 0.66577655
8140.0, 0.6657293
8150.0, 0.665682
8160.0, 0.6656349
8170.0, 0.66558784
8180.0, 0.6655408
8190.0, 0.6654939
8200.0, 0.66544706
8210.0, 0.6654003
8220.0, 0.66535366
8230.0, 0.66530704
8240.0, 0.6652605
8250.0, 0.66521406
8260.0, 0.6651677
8270.0, 0.6651214
8280.0, 0.6650752
8290.0, 0.66502905
8300.0, 0.664983
8310.0, 0.664937
8320.0, 0.66489106
8330.0, 0.6648453
8340.0, 0.6647995
8350.0, 0.66475385
8360.0, 0.6647082
8370.0, 0.6646627
8380.0, 0.66461724
8390.0, 0.6645719
8400.0, 0.6645266
8410.0, 0.66448134
8420.0, 0.6644362
8430.0, 0.66439116
8440.0, 0.66434616
8450.0, 0.6643012
8460.0, 0.6642564
8470.0, 0.66421163
8480.0, 0.6641669
8490.0, 0.6641223
8500.0, 0.66407776
8510.0, 0.6640333
8520.0, 0.6639889
8530.0, 0.6639446
8540.0, 0.6639003
8550.0, 0.66385615
8560.0, 0.66381204
8570.0, 0.66376805
8580.0, 0.6637241
8590.0, 0.6636802
8600.0, 0.66363645
8610.0, 0.6635927
8620.0, 0.66354907
8630.0, 0.6635055
8640.0, 0.663462
8650.0, 0.66341853
8660.0, 0.6633752
8670.0, 0.66333187
8680.0, 0.66328865
8690.0, 0.66324556
8700.0, 0.66320246
8710.0, 0.6631595
8720.0, 0.6631166
8730.0, 0.6630737
8740.0, 0.6630309
8750.0, 0.66298825
8760.0, 0.66294557
8770.0, 0.662903
8780.0, 0.6628606
8790.0, 0.66281813
8800.0, 0.6627758
8810.0, 0.6627335
8820.0, 0.6626913
8830.0, 0.66264915
8840.0, 0.66260713
8850.0, 0.6625651
8860.0, 0.6625232
8870.0, 0.66248137
8880.0, 0.6624396
8890.0, 0.6623979
8900.0, 0.66235626
8910.0, 0.6623147
8920.0, 0.6622732
8930.0, 0.6622318
8940.0, 0.66219044
8950.0, 0.6621492
8960.0, 0.662108
8970.0, 0.6620668
8980.0, 0.66202575
8990.0, 0.6619848
9000.0, 0.66194385
9010.0, 0.661903
9020.0, 0.6618622
9030.0, 0.6618215
9040.0, 0.66178083
9050.0, 0.66174024
9060.0, 0.6616998
9070.0, 0.6616593
9080.0, 0.66161895
9090.0, 0.66157866
9100.0, 0.6615384
9110.0, 0.66149825
9120.0, 0.66145813
9130.0, 0.6614181
9140.0, 0.66137815
9150.0, 0.66133827
9160.0, 0.66129845
9170.0, 0.6612587
9180.0, 0.661219
9190.0, 0.66117936
9200.0, 0.66113985
9210.0, 0.6611003
9220.0, 0.6610609
9230.0, 0.6610216
9240.0, 0.6609823
9250.0, 0.6609431
9260.0, 0.66090393
9270.0, 0.6608649
9280.0, 0.66082585
9290.0, 0.6607869
9300.0, 0.660748
9310.0, 0.6607092
9320.0, 0.66067046
9330.0, 0.6606318
9340.0, 0.6605932
9350.0, 0.66055465
9360.0, 0.66051614
9370.0, 0.66047776
9380.0, 0.66043943
9390.0, 0.66040117
9400.0, 0.6603629
9410.0, 0.66032475
9420.0, 0.6602867
9430.0, 0.6602487
9440.0, 0.6602107
9450.0, 0.6601728
9460.0, 0.66013503
9470.0, 0.66009724
9480.0, 0.6600596
9490.0, 0.66002196
9500.0, 0.6599844
9510.0, 0.6599469
9520.0, 0.6599095
9530.0, 0.6598721
9540.0, 0.6598348
9550.0, 0.65979755
9560.0, 0.6597604
9570.0, 0.6597233
9580.0, 0.65968627
9590.0, 0.65964925
9600.0, 0.65961236
9610.0, 0.6595755
9620.0, 0.65953875
9630.0, 0.659502
9640.0, 0.6594653
9650.0, 0.6594288
9660.0, 0.65939224
9670.0, 0.65935576
9680.0, 0.65931934
9690.0, 0.659283
9700.0, 0.65924674
9710.0, 0.6592105
9720.0, 0.6591743
9730.0, 0.65913826
9740.0, 0.65910226
9750.0, 0.65906626
9760.0, 0.6590304
9770.0, 0.6589945
9780.0, 0.65895873
9790.0, 0.65892303
9800.0, 0.6588874
9810.0, 0.6588518
9820.0, 0.6588163
9830.0, 0.6587808
9840.0, 0.6587454
9850.0, 0.65871006
9860.0, 0.6586748
9870.0, 0.65863955
9880.0, 0.6586044
9890.0, 0.6585693
9900.0, 0.6585342
9910.0, 0.65849924
9920.0, 0.6584644
9930.0, 0.6584295
9940.0, 0.6583947
9950.0, 0.65836
9960.0, 0.6583253
9970.0, 0.6582907
9980.0, 0.6582562
9990.0, 0.65822166
10000.0, 0.6581872
10010.0, 0.6581529
10020.0, 0.65811855
10030.0, 0.6580843
10040.0, 0.6580501
10050.0, 0.65801597
10060.0, 0.65798193
10070.0, 0.6579479
10080.0, 0.657914
10090.0, 0.65788007
10100.0, 0.6578462
10110.0, 0.6578125
10120.0, 0.65777874
10130.0, 0.6577451
10140.0, 0.6577115
10150.0, 0.65767795
10160.0, 0.6576445
10170.0, 0.6576111
10180.0, 0.6575777
10190.0, 0.65754443
10200.0, 0.6575112
10210.0, 0.657478
10220.0, 0.6574449
10230.0, 0.6574118
10240.0, 0.6573788
10250.0, 0.65734583
10260.0, 0.6573129
10270.0, 0.65728015
10280.0, 0.65724736
10290.0, 0.65721464
10300.0, 0.657182
10310.0, 0.6571494
10320.0, 0.65711683
10330.0, 0.65708435
10340.0, 0.6570519
10350.0, 0.6570195
10360.0, 0.6569872
10370.0, 0.65695494
10380.0, 0.65692276
10390.0, 0.6568906
10400.0, 0.6568585
10410.0, 0.6568265
10420.0, 0.6567945
10430.0, 0.6567626
10440.0, 0.6567307
10450.0, 0.6566989
10460.0, 0.6566672
10470.0, 0.65663546
10480.0, 0.6566038
10490.0, 0.6565722
10500.0, 0.6565407
10510.0, 0.6565092
10520.0, 0.6564778
10530.0, 0.65644646
10540.0, 0.65641516
10550.0, 0.65638393
10560.0, 0.6563527
10570.0, 0.6563216
10580.0, 0.65629053
10590.0, 0.6562595
10600.0, 0.6562285
10610.0, 0.6561976
10620.0, 0.65616673
10630.0, 0.6561359
10640.0, 0.65610516
10650.0, 0.65607446
10660.0, 0.6560438
10670.0, 0.65601325
10680.0, 0.6559827
10690.0, 0.6559522
10700.0, 0.65592176
10710.0, 0.6558914
10720.0, 0.6558611
10730.0, 0.65583086
10740.0, 0.65580064
10750.0, 0.6557705
10760.0, 0.6557404
10770.0, 0.6557103
10780.0, 0.6556803
10790.0, 0.6556504
10800.0, 0.65562046
10810.0, 0.65559065
10820.0, 0.65556085
10830.0, 0.6555311
10840.0, 0.6555015
10850.0, 0.65547186
10860.0, 0.65544224
10870.0, 0.65541273
10880.0, 0.6553833
10890.0, 0.65535384
10900.0, 0.6553245
10910.0, 0.6552952
10920.0, 0.6552659
10930.0, 0.6552367
10940.0, 0.6552076
10950.0, 0.6551785
10960.0, 0.65514946
10970.0, 0.65512043
10980.0, 0.65509146
10990.0, 0.6550626
11000.0, 0.65503377
11010.0, 0.655005
11020.0, 0.65497625
11030.0, 0.6549475
11040.0, 0.6549189
11050.0, 0.65489036
11060.0, 0.6548618
11070.0, 0.6548333
11080.0, 0.6548049
11090.0, 0.6547765
11100.0, 0.6547482
11110.0, 0.6547199
11120.0, 0.6546917
11130.0, 0.6546635
11140.0, 0.65463537
11150.0, 0.6546073
11160.0, 0.6545793
11170.0, 0.6545513
11180.0, 0.6545234
11190.0, 0.6544955
11200.0, 0.6544677
11210.0, 0.6544399
11220.0, 0.65441215
11230.0, 0.6543845
11240.0, 0.6543569
11250.0, 0.6543293
11260.0, 0.65430176
11270.0, 0.6542743
11280.0, 0.65424687
11290.0, 0.6542195
11300.0, 0.65419215
11310.0, 0.6541649
11320.0, 0.6541377
11330.0, 0.6541105
11340.0, 0.6540834
11350.0, 0.65405625
11360.0, 0.65402925
11370.0, 0.65400225
11380.0, 0.6539753
11390.0, 0.6539484
11400.0, 0.6539216
11410.0, 0.6538948
11420.0, 0.6538681
11430.0, 0.6538414
11440.0, 0.65381473
11450.0, 0.65378815
11460.0, 0.65376157
11470.0, 0.65373504
11480.0, 0.65370864
11490.0, 0.65368223
11500.0, 0.6536558
11510.0, 0.65362954
11520.0, 0.65360326
11530.0, 0.653577
11540.0, 0.65355086
11550.0, 0.65352476
11560.0, 0.6534987
11570.0, 0.65347266
11580.0, 0.6534467
11590.0, 0.65342075
11600.0, 0.6533949
11610.0, 0.653369
11620.0, 0.65334326
11630.0, 0.6533175
11640.0, 0.65329176
11650.0, 0.65326613
11660.0, 0.65324056
11670.0, 0.653215
11680.0, 0.6531895
11690.0, 0.65316397
11700.0, 0.6531386
11710.0, 0.6531132
11720.0, 0.65308785
11730.0, 0.6530626
11740.0, 0.65303737
11750.0, 0.65301216
11760.0, 0.652987
11770.0, 0.6529619
11780.0, 0.6529369
11790.0, 0.65291184
11800.0, 0.65288687
11810.0, 0.65286195
11820.0, 0.6528371
11830.0, 0.65281224
11840.0, 0.6527875
11850.0, 0.6527628
11860.0, 0.65273803
11870.0, 0.6527134
11880.0, 0.6526888
11890.0, 0.65266424
11900.0, 0.65263975
11910.0, 0.65261525
11920.0, 0.6525909
11930.0, 0.6525665
11940.0, 0.6525421
11950.0, 0.65251786
11960.0, 0.6524936
11970.0, 0.6524694
11980.0, 0.65244526
11990.0, 0.6524211
12000.0, 0.65239704
12010.0, 0.652373
12020.0, 0.65234905
12030.0, 0.6523251
12040.0, 0.6523012
12050.0, 0.65227735
12060.0, 0.65225357
12070.0, 0.6522298
12080.0, 0.65220606
12090.0, 0.6521824
12100.0, 0.65215874
12110.0, 0.65213513
12120.0, 0.6521116
12130.0, 0.6520881
12140.0, 0.6520646
12150.0, 0.6520412
12160.0, 0.65201783
12170.0, 0.6519945
12180.0, 0.6519712
12190.0, 0.651948
12200.0, 0.6519247
12210.0, 0.6519016
12220.0, 0.6518785
12230.0, 0.6518554
12240.0, 0.65183234
12250.0, 0.65180933
12260.0, 0.6517864
12270.0, 0.6517635
12280.0, 0.6517406
12290.0, 0.6517178
12300.0, 0.651695
12310.0, 0.65167224
12320.0, 0.6516496
12330.0, 0.6516269
12340.0, 0.6516043
12350.0, 0.6515817
12360.0, 0.6515592
12370.0, 0.65153664
12380.0, 0.65151423
12390.0, 0.6514918
12400.0, 0.6514694
12410.0, 0.6514471
12420.0, 0.6514248
12430.0, 0.6514026
12440.0, 0.65138036
12450.0, 0.6513582
12460.0, 0.6513361
12470.0, 0.65131396
12480.0, 0.65129197
12490.0, 0.6512699
12500.0, 0.651248
12510.0, 0.65122604
12520.0, 0.65120417
12530.0, 0.65118235
12540.0, 0.65116054
12550.0, 0.6511388
12560.0, 0.651117
12570.0, 0.65109533
12580.0, 0.6510737
12590.0, 0.6510521
12600.0, 0.65103054
12610.0, 0.651009
12620.0, 0.65098757
12630.0, 0.6509661
12640.0, 0.6509447
12650.0, 0.6509233
12660.0, 0.65090203
12670.0, 0.6508807
12680.0, 0.6508595
12690.0, 0.65083826
12700.0, 0.6508171
12710.0, 0.650796
12720.0, 0.6507749
12730.0, 0.6507538
12740.0, 0.6507328
12750.0, 0.65071183
12760.0, 0.6506909
12770.0, 0.65067
12780.0, 0.65064913
12790.0, 0.6506283
12800.0, 0.6506075
12810.0, 0.6505868
12820.0, 0.6505661
12830.0, 0.6505454
12840.0, 0.6505248
12850.0, 0.6505042
12860.0, 0.65048367
12870.0, 0.65046316
12880.0, 0.65044266
12890.0, 0.6504222
12900.0, 0.65040183
12910.0, 0.65038145
12920.0, 0.6503611
12930.0, 0.65034086
12940.0, 0.6503206
12950.0, 0.6503004
12960.0, 0.65028024
12970.0, 0.6502601
12980.0, 0.65023994
12990.0, 0.6502199
13000.0, 0.6501999
13010.0, 0.65017986
13020.0, 0.65015996
13030.0, 0.65014005
13040.0, 0.65012014
13050.0, 0.6501003
13060.0, 0.6500805
13070.0, 0.6500607
13080.0, 0.650041
13090.0, 0.6500213
13100.0, 0.65000165
13110.0, 0.64998204
13120.0, 0.6499624
13130.0, 0.6499429
13140.0, 0.6499234
13150.0, 0.6499039
13160.0, 0.64988446
13170.0, 0.64986503
13180.0, 0.64984566
13190.0, 0.64982635
13200.0, 0.64980704
13210.0, 0.6497878
13220.0, 0.6497686
13230.0, 0.6497494
13240.0, 0.6497302
13250.0, 0.64971113
13260.0, 0.649692
13270.0, 0.649673
13280.0, 0.649654
13290.0, 0.64963496
13300.0, 0.64961606
13310.0, 0.64959717
13320.0, 0.6495783
13330.0, 0.64955944
13340.0, 0.64954066
13350.0, 0.6495219
13360.0, 0.6495031
13370.0, 0.64948446
13380.0, 0.6494658
13390.0, 0.64944714
13400.0, 0.64942855
13410.0, 0.64941
13420.0, 0.6493915
13430.0, 0.649373
13440.0, 0.6493545
13450.0, 0.6493361
13460.0, 0.64931774
13470.0, 0.6492994
13480.0, 0.6492811
13490.0, 0.6492628
13500.0, 0.64924455
13510.0, 0.6492263
13520.0, 0.6492081
13530.0, 0.64919
13540.0, 0.6491719
13550.0, 0.6491538
13560.0, 0.64913577
13570.0, 0.64911777
13580.0, 0.64909977
13590.0, 0.6490818
13600.0, 0.64906394
13610.0, 0.64904606
13620.0, 0.6490282
13630.0, 0.6490104
13640.0, 0.6489926
13650.0, 0.6489749
13660.0, 0.64895713
13670.0, 0.6489395
13680.0, 0.64892185
13690.0, 0.6489042
13700.0, 0.6488866
13710.0, 0.6488691
13720.0, 0.6488516
13730.0, 0.6488341
13740.0, 0.64881665
13750.0, 0.64879924
13760.0, 0.6487819
13770.0, 0.6487645
13780.0, 0.6487472
13790.0, 0.6487299
13800.0, 0.64871264
13810.0, 0.6486954
13820.0, 0.64867824
13830.0, 0.6486611
13840.0, 0.648644
13850.0, 0.64862686
13860.0, 0.6486098
13870.0, 0.64859277
13880.0, 0.6485758
13890.0, 0.64855886
13900.0, 0.64854187
13910.0, 0.648525
13920.0, 0.64850813
13930.0, 0.64849126
13940.0, 0.6484745
13950.0, 0.6484577
13960.0, 0.64844096
13970.0, 0.64842427
13980.0, 0.6484076
13990.0, 0.64839095
14000.0, 0.6483743
14010.0, 0.64835775
14020.0, 0.6483412
14030.0, 0.64832467
14040.0, 0.64830816
14050.0, 0.6482917
14060.0, 0.64827526
14070.0, 0.64825886
14080.0, 0.6482425
14090.0, 0.64822614
14100.0, 0.64820987
14110.0, 0.6481936
14120.0, 0.6481773
14130.0, 0.6481611
14140.0, 0.6481449
14150.0, 0.64812875
14160.0, 0.64811265
14170.0, 0.64809656
14180.0, 0.64808047
14190.0, 0.64806443
14200.0, 0.64804846
14210.0, 0.6480325
14220.0, 0.6480165
14230.0, 0.6480006
14240.0, 0.64798474
14250.0, 0.6479689
14260.0, 0.64795303
14270.0, 0.64793724
14280.0, 0.6479215
14290.0, 0.64790577
14300.0, 0.64789003
14310.0, 0.64787436
14320.0, 0.64785874
14330.0, 0.6478431
14340.0, 0.6478275
14350.0, 0.64781195
14360.0, 0.64779645
14370.0, 0.64778095
14380.0, 0.64776546
14390.0, 0.64775
14400.0, 0.64773464
14410.0, 0.6477192
14420.0, 0.6477039
14430.0, 0.64768857
14440.0, 0.64767325
14450.0, 0.647658
14460.0, 0.64764273
14470.0, 0.64762753
14480.0, 0.64761233
14490.0, 0.6475972
14500.0, 0.6475821
14510.0, 0.647567
14520.0, 0.64755195
14530.0, 0.6475369
14540.0, 0.64752185
14550.0, 0.6475069
14560.0, 0.64749193
14570.0, 0.64747703
14580.0, 0.6474621
14590.0, 0.6474472
14600.0, 0.6474324
14610.0, 0.6474176
14620.0, 0.6474028
14630.0, 0.64738804
14640.0, 0.6473733
14650.0, 0.64735866
14660.0, 0.64734393
14670.0, 0.64732933
14680.0, 0.64731467
14690.0, 0.6473001
14700.0, 0.6472855
14710.0, 0.647271
14720.0, 0.6472565
14730.0, 0.647242
14740.0, 0.6472276
14750.0, 0.6472131
14760.0, 0.64719874
14770.0, 0.6471844
14780.0, 0.64717
14790.0, 0.6471557
14800.0, 0.6471414
14810.0, 0.64712715
14820.0, 0.6471129
14830.0, 0.6470987
14840.0, 0.64708453
14850.0, 0.64707035
14860.0, 0.6470562
14870.0, 0.64704216
14880.0, 0.6470281
14890.0, 0.647014
14900.0, 0.647
14910.0, 0.646986
14920.0, 0.64697206
14930.0, 0.6469581
14940.0, 0.64694417
14950.0, 0.6469303
14960.0, 0.64691645
14970.0, 0.6469026
14980.0, 0.6468888
14990.0, 0.646875
15000.0, 0.64686126
15010.0, 0.6468475
15020.0, 0.64683384
15030.0, 0.6468201
15040.0, 0.6468065
15050.0, 0.6467928
15060.0, 0.64677924
15070.0, 0.64676565
15080.0, 0.6467521
15090.0, 0.6467386
15100.0, 0.6467251
15110.0, 0.64671165
15120.0, 0.6466982
15130.0, 0.64668477
15140.0, 0.64667135
15150.0, 0.646658
15160.0, 0.64664465
15170.0, 0.6466313
15180.0, 0.646618
15190.0, 0.6466048
15200.0, 0.64659154
15210.0, 0.6465783
15220.0, 0.6465651
15230.0, 0.6465519
15240.0, 0.6465388
15250.0, 0.6465257
15260.0, 0.64651257
15270.0, 0.6464995
15280.0, 0.64648646
15290.0, 0.64647347
15300.0, 0.6464605
15310.0, 0.6464475
15320.0, 0.64643455
15330.0, 0.6464216
15340.0, 0.64640874
15350.0, 0.64639586
15360.0, 0.646383
15370.0, 0.6463702
15380.0, 0.64635736
15390.0, 0.6463446
15400.0, 0.64633185
15410.0, 0.64631915
15420.0, 0.64630646
15430.0, 0.64629376
15440.0, 0.6462811
15450.0, 0.6462685
15460.0, 0.64625585
15470.0, 0.6462433
15480.0, 0.64623076
15490.0, 0.6462182
15500.0, 0.6462057
15510.0, 0.6461932
15520.0, 0.64618075
15530.0, 0.6461683
15540.0, 0.6461559
15550.0, 0.6461435
15560.0, 0.64613116
15570.0, 0.6461188
15580.0, 0.6461065
15590.0, 0.6460942
15600.0, 0.6460819
15610.0, 0.64606965
15620.0, 0.6460574
15630.0, 0.64604527
15640.0, 0.64603305
15650.0, 0.6460209
15660.0, 0.6460088
15670.0, 0.6459967
15680.0, 0.6459846
15690.0, 0.6459725
15700.0, 0.64596045
15710.0, 0.64594847
15720.0, 0.6459365
15730.0, 0.6459245
15740.0, 0.6459125
15750.0, 0.6459006
15760.0, 0.64588875
15770.0, 0.6458768
15780.0, 0.64586496
15790.0, 0.64585316
15800.0, 0.64584136
15810.0, 0.64582956
15820.0, 0.64581776
15830.0, 0.645806
15840.0, 0.64579433
15850.0, 0.6457826
15860.0, 0.6457709
15870.0, 0.6457593
15880.0, 0.64574766
15890.0, 0.64573604
15900.0, 0.6457245
15910.0, 0.6457129
15920.0, 0.64570135
15930.0, 0.64568985
15940.0, 0.64567834
15950.0, 0.64566684
15960.0, 0.6456554
15970.0, 0.64564395
15980.0, 0.64563257
15990.0, 0.6456212
16000.0, 0.6456098
16010.0, 0.6455985
16020.0, 0.64558715
16030.0, 0.6455758
16040.0, 0.64556456
16050.0, 0.6455533
16060.0, 0.645542
16070.0, 0.6455308
16080.0, 0.6455196
16090.0, 0.64550847
16100.0, 0.6454973
16110.0, 0.6454862
16120.0, 0.6454751
16130.0, 0.64546394
16140.0, 0.6454529
16150.0, 0.64544183
16160.0, 0.64543086
16170.0, 0.64541984
16180.0, 0.64540887
16190.0, 0.6453979
16200.0, 0.64538693
16210.0, 0.645376
16220.0, 0.6453651
16230.0, 0.6453543
16240.0, 0.64534336
16250.0, 0.6453326
16260.0, 0.6453217
16270.0, 0.64531094
16280.0, 0.64530015
16290.0, 0.6452894
16300.0, 0.6452787
16310.0, 0.64526796
16320.0, 0.6452573
16330.0, 0.6452466
16340.0, 0.64523596
16350.0, 0.64522535
16360.0, 0.64521474
16370.0, 0.6452041
16380.0, 0.6451936
16390.0, 0.645183
16400.0, 0.6451725
16410.0, 0.645162
16420.0, 0.6451515
16430.0, 0.645141
16440.0, 0.6451306
16450.0, 0.64512014
16460.0, 0.6451098
16470.0, 0.64509934
16480.0, 0.645089
16490.0, 0.64507866
16500.0, 0.64506835
16510.0, 0.64505804
16520.0, 0.6450477
16530.0, 0.6450375
16540.0, 0.6450272
16550.0, 0.64501697
16560.0, 0.6450068
16570.0, 0.6449966
16580.0, 0.6449864
16590.0, 0.64497626
16600.0, 0.6449661
16610.0, 0.644956
16620.0, 0.6449459
16630.0, 0.64493585
16640.0, 0.64492583
16650.0, 0.64491576
16660.0, 0.64490575
16670.0, 0.6448958
16680.0, 0.6448858
16690.0, 0.6448758
16700.0, 0.6448659
16710.0, 0.644856
16720.0, 0.6448461
16730.0, 0.6448362
16740.0, 0.64482635
16750.0, 0.6448165
16760.0, 0.6448067
16770.0, 0.64479685
16780.0, 0.6447871
16790.0, 0.6447773
16800.0, 0.6447676
16810.0, 0.64475787
16820.0, 0.64474815
16830.0, 0.64473844
16840.0, 0.6447288
16850.0, 0.6447191
16860.0, 0.64470947
16870.0, 0.6446999
16880.0, 0.6446903
16890.0, 0.6446807
16900.0, 0.64467114
16910.0, 0.6446616
16920.0, 0.64465207
16930.0, 0.64464253
16940.0, 0.64463305
16950.0, 0.6446236
16960.0, 0.64461416
16970.0, 0.6446047
16980.0, 0.64459527
16990.0, 0.6445859
17000.0, 0.6445765
17010.0, 0.64456713
17020.0, 0.64455783
17030.0, 0.6445485
17040.0, 0.6445392
17050.0, 0.6445299
17060.0, 0.64452064
17070.0, 0.64451134
17080.0, 0.6445021
17090.0, 0.6444929
17100.0, 0.6444837
17110.0, 0.6444745
17120.0, 0.6444654
17130.0, 0.6444562
17140.0, 0.6444471
17150.0, 0.64443797
17160.0, 0.6444289
17170.0, 0.64441985
17180.0, 0.6444107
17190.0, 0.6444017
17200.0, 0.6443927
17210.0, 0.64438367
17220.0, 0.6443747
17230.0, 0.6443657
17240.0, 0.6443568
17250.0, 0.64434785
17260.0, 0.6443389
17270.0, 0.64433
17280.0, 0.64432114
17290.0, 0.64431226
17300.0, 0.64430344
17310.0, 0.64429456
17320.0, 0.6442858
17330.0, 0.644277
17340.0, 0.64426816
17350.0, 0.6442594
17360.0, 0.6442507
17370.0, 0.6442419
17380.0, 0.6442332
17390.0, 0.6442245
17400.0, 0.6442159
17410.0, 0.6442072
17420.0, 0.64419854
17430.0, 0.6441899
17440.0, 0.6441813
17450.0, 0.64417267
17460.0, 0.6441641
17470.0, 0.64415556
17480.0, 0.64414704
17490.0, 0.64413846
17500.0, 0.64413
17510.0, 0.64412147
17520.0, 0.644113
17530.0, 0.64410454
17540.0, 0.6440961
17550.0, 0.6440876
17560.0, 0.6440792
17570.0, 0.6440708
17580.0, 0.64406246
17590.0, 0.64405406
17600.0, 0.6440457
17610.0, 0.64403737
17620.0, 0.6440291
17630.0, 0.6440208
17640.0, 0.6440125
17650.0, 0.6440042
17660.0, 0.64399594
17670.0, 0.6439877
17680.0, 0.6439795
17690.0, 0.6439713
17700.0, 0.6439631
17710.0, 0.64395493
17720.0, 0.64394677
17730.0, 0.6439386
17740.0, 0.6439305
17750.0, 0.6439224
17760.0, 0.6439143
17770.0, 0.64390624
17780.0, 0.6438981
17790.0, 0.6438901
17800.0, 0.64388204
17810.0, 0.64387405
17820.0, 0.64386606
17830.0, 0.6438581
17840.0, 0.6438501
17850.0, 0.64384216
17860.0, 0.6438342
17870.0, 0.64382625
17880.0, 0.6438184
17890.0, 0.64381045
17900.0, 0.6438026
17910.0, 0.6437947
17920.0, 0.64378685
17930.0, 0.64377904
17940.0, 0.64377123
17950.0, 0.6437634
17960.0, 0.6437556
17970.0, 0.64374787
17980.0, 0.6437401
17990.0, 0.64373237
18000.0, 0.6437246
18010.0, 0.64371693
18020.0, 0.64370924
18030.0, 0.64370155
18040.0, 0.64369386
18050.0, 0.64368623
18060.0, 0.6436786
18070.0, 0.643671
18080.0, 0.64366335
18090.0, 0.6436558
18100.0, 0.6436482
18110.0, 0.64364064
18120.0, 0.64363307
18130.0, 0.64362556
18140.0, 0.643618
18150.0, 0.64361054
18160.0, 0.643603
18170.0, 0.6435955
18180.0, 0.64358807
18190.0, 0.6435806
18200.0, 0.6435732
18210.0, 0.6435658
18220.0, 0.6435584
18230.0, 0.643551
18240.0, 0.6435436
18250.0, 0.64353627
18260.0, 0.64352894
18270.0, 0.6435216
18280.0, 0.6435143
18290.0, 0.64350694
18300.0, 0.6434997
18310.0, 0.6434924
18320.0, 0.6434851
18330.0, 0.6434779
18340.0, 0.64347064
18350.0, 0.64346343
18360.0, 0.6434562
18370.0, 0.64344907
18380.0, 0.64344186
18390.0, 0.6434347
18400.0, 0.64342755
18410.0, 0.6434204
18420.0, 0.6434133
18430.0, 0.6434062
18440.0, 0.6433991
18450.0, 0.643392
18460.0, 0.64338493
18470.0, 0.6433779
18480.0, 0.64337087
18490.0, 0.64336383
18500.0, 0.6433568
18510.0, 0.6433498
18520.0, 0.64334285
18530.0, 0.6433359
18540.0, 0.6433289
18550.0, 0.643322
18560.0, 0.6433151
18570.0, 0.64330816
18580.0, 0.64330125
18590.0, 0.64329433
18600.0, 0.6432875
18610.0, 0.6432806
18620.0, 0.6432738
18630.0, 0.6432669
18640.0, 0.6432601
18650.0, 0.64325327
18660.0, 0.6432465
18670.0, 0.64323974
18680.0, 0.64323294
18690.0, 0.6432262
18700.0, 0.6432195
18710.0, 0.64321274
18720.0, 0.643206
18730.0, 0.6431993
18740.0, 0.6431926
18750.0, 0.6431859
18760.0, 0.64317924
18770.0, 0.6431726
18780.0, 0.64316595
18790.0, 0.64315933
18800.0, 0.6431527
18810.0, 0.64314616
18820.0, 0.64313954
18830.0, 0.643133
18840.0, 0.6431264
18850.0, 0.6431199
18860.0, 0.6431133
18870.0, 0.6431068
18880.0, 0.6431003
18890.0, 0.6430938
18900.0, 0.6430873
18910.0, 0.64308083
18920.0, 0.6430744
18930.0, 0.64306796
18940.0, 0.6430615
18950.0, 0.6430551
18960.0, 0.6430487
18970.0, 0.64304227
18980.0, 0.6430359
18990.0, 0.6430295
19000.0, 0.64302313
19010.0, 0.6430168
19020.0, 0.6430105
19030.0, 0.6430042
19040.0, 0.64299786
19050.0, 0.64299154
19060.0, 0.6429853
19070.0, 0.64297897
19080.0, 0.6429727
19090.0, 0.6429665
19100.0, 0.64296025
19110.0, 0.64295405
19120.0, 0.6429478
19130.0, 0.6429416
19140.0, 0.64293545
19150.0, 0.64292926
19160.0, 0.64292306
19170.0, 0.6429169
19180.0, 0.6429108
19190.0, 0.64290464
19200.0, 0.64289856
19210.0, 0.6428924
19220.0, 0.64288634
19230.0, 0.64288026
19240.0, 0.6428742
19250.0, 0.64286816
19260.0, 0.6428621
19270.0, 0.64285606
19280.0, 0.64285004
19290.0, 0.642844
19300.0, 0.64283806
19310.0, 0.64283204
19320.0, 0.6428261
19330.0, 0.6428201
19340.0, 0.64281416
19350.0, 0.64280826
19360.0, 0.6428023
19370.0, 0.6427964
19380.0, 0.6427905
19390.0, 0.6427846
19400.0, 0.6427787
19410.0, 0.64277285
19420.0, 0.642767
19430.0, 0.6427611
19440.0, 0.6427553
19450.0, 0.6427495
19460.0, 0.64274365
19470.0, 0.64273787
19480.0, 0.6427321
19490.0, 0.6427263
19500.0, 0.6427205
19510.0, 0.6427148
19520.0, 0.642709
19530.0, 0.6427033
19540.0, 0.6426976
19550.0, 0.64269185
19560.0, 0.6426862
19570.0, 0.64268047
19580.0, 0.6426748
19590.0, 0.64266914
19600.0, 0.6426635
19610.0, 0.6426578
19620.0, 0.6426522
19630.0, 0.64264655
19640.0, 0.64264095
19650.0, 0.64263535
19660.0, 0.6426298
19670.0, 0.6426242
19680.0, 0.64261866
19690.0, 0.64261305
19700.0, 0.6426075
19710.0, 0.642602
19720.0, 0.6425965
19730.0, 0.64259094
19740.0, 0.64258546
19750.0, 0.64258
19760.0, 0.6425745
19770.0, 0.642569
19780.0, 0.6425636
19790.0, 0.6425581
19800.0, 0.6425527
19810.0, 0.64254725
19820.0, 0.6425418
19830.0, 0.6425364
19840.0, 0.64253104
19850.0, 0.6425256
19860.0, 0.64252025
19870.0, 0.6425149
19880.0, 0.6425095
19890.0, 0.6425042
19900.0, 0.64249885
19910.0, 0.64249355
19920.0, 0.64248824
19930.0, 0.64248294
19940.0, 0.64247763
19950.0, 0.6424724
19960.0, 0.6424671
19970.0, 0.64246184
19980.0, 0.6424566
19990.0, 0.64245135
20000.0, 0.6424461
20010.0, 0.6424409
20020.0, 0.64243567
20030.0, 0.6424305
20040.0, 0.6424253
20050.0, 0.6424201
20060.0, 0.642415
20070.0, 0.6424098
20080.0, 0.6424047
20090.0, 0.6423995
20100.0, 0.64239436
20110.0, 0.6423893
20120.0, 0.6423842
20130.0, 0.64237905
20140.0, 0.642374
20150.0, 0.6423689
20160.0, 0.64236385
20170.0, 0.6423588
20180.0, 0.6423537
20190.0, 0.6423487
20200.0, 0.64234364
20210.0, 0.64233863
20220.0, 0.6423336
20230.0, 0.6423286
20240.0, 0.6423237
20250.0, 0.64231867
20260.0, 0.6423137
20270.0, 0.6423088
20280.0, 0.6423038
20290.0, 0.6422989
20300.0, 0.64229393
20310.0, 0.642289
20320.0, 0.6422841
20330.0, 0.6422792
20340.0, 0.6422743
20350.0, 0.64226943
20360.0, 0.64226454
20370.0, 0.64225966
20380.0, 0.6422548
20390.0, 0.64225
20400.0, 0.6422452
20410.0, 0.64224035
20420.0, 0.6422355
20430.0, 0.6422307
20440.0, 0.6422259
20450.0, 0.64222115
20460.0, 0.6422163
20470.0, 0.64221156
20480.0, 0.64220685
20490.0, 0.6422021
20500.0, 0.6421973
20510.0, 0.6421926
20520.0, 0.6421879
20530.0, 0.6421832
20540.0, 0.6421785
20550.0, 0.64217377
20560.0, 0.64216906
20570.0, 0.6421644
20580.0, 0.64215976
20590.0, 0.6421551
20600.0, 0.64215046
20610.0, 0.6421458
20620.0, 0.64214116
20630.0, 0.6421366
20640.0, 0.6421319
20650.0, 0.64212734
20660.0, 0.64212275
20670.0, 0.64211816
20680.0, 0.64211357
20690.0, 0.64210904
20700.0, 0.64210445
20710.0, 0.6420999
20720.0, 0.6420954
20730.0, 0.64209086
20740.0, 0.6420863
20750.0, 0.6420818
20760.0, 0.6420773
20770.0, 0.6420728
20780.0, 0.6420683
20790.0, 0.64206386
20800.0, 0.6420594
20810.0, 0.6420549
20820.0, 0.64205045
20830.0, 0.64204603
20840.0, 0.6420416
20850.0, 0.64203715
20860.0, 0.64203274
20870.0, 0.64202833
20880.0, 0.6420239
20890.0, 0.64201957
20900.0, 0.64201516
20910.0, 0.6420108
20920.0, 0.64200646
20930.0, 0.6420021
20940.0, 0.64199775
20950.0, 0.6419934
20960.0, 0.64198905
20970.0, 0.64198476
20980.0, 0.6419804
20990.0, 0.6419761
21000.0, 0.6419718
21010.0, 0.64196754
21020.0, 0.64196324
21030.0, 0.641959
21040.0, 0.6419547
21050.0, 0.6419505
21060.0, 0.64194626
21070.0, 0.641942
21080.0, 0.64193773
21090.0, 0.64193356
21100.0, 0.6419293
21110.0, 0.6419251
21120.0, 0.6419209
21130.0, 0.64191675
21140.0, 0.6419126
21150.0, 0.6419084
21160.0, 0.64190423
21170.0, 0.64190006
21180.0, 0.64189595
21190.0, 0.6418918
21200.0, 0.64188766
21210.0, 0.64188355
21220.0, 0.64187944
21230.0, 0.6418753
21240.0, 0.6418712
21250.0, 0.6418671
21260.0, 0.64186305
21270.0, 0.641859
21280.0, 0.64185494
21290.0, 0.6418508
21300.0, 0.6418468
21310.0, 0.6418428
21320.0, 0.6418387
21330.0, 0.6418347
21340.0, 0.6418307
21350.0, 0.6418267
21360.0, 0.6418227
21370.0, 0.6418187
21380.0, 0.6418147
21390.0, 0.6418107
21400.0, 0.6418067
21410.0, 0.6418028
21420.0, 0.6417988
21430.0, 0.64179486
21440.0, 0.6417909
21450.0, 0.641787
21460.0, 0.64178306
21470.0, 0.6417792
21480.0, 0.64177525
21490.0, 0.6417714
21500.0, 0.64176744
21510.0, 0.64176357
21520.0, 0.6417597
21530.0, 0.6417558
21540.0, 0.64175195
21550.0, 0.64174813
21560.0, 0.64174426
21570.0, 0.64174044
21580.0, 0.64173657
21590.0, 0.64173275
21600.0, 0.64172894
21610.0, 0.6417251
21620.0, 0.6417213
21630.0, 0.64171755
21640.0, 0.64171374
21650.0, 0.64171
21660.0, 0.64170617
21670.0, 0.6417024
21680.0, 0.64169866
21690.0, 0.6416949
21700.0, 0.6416912
21710.0, 0.64168745
21720.0, 0.6416837
21730.0, 0.64168
21740.0, 0.6416763
21750.0, 0.6416726
21760.0, 0.6416689
21770.0, 0.64166516
21780.0, 0.6416615
21790.0, 0.6416578
21800.0, 0.64165413
21810.0, 0.6416505
21820.0, 0.64164686
21830.0, 0.64164317
21840.0, 0.6416396
21850.0, 0.64163595
21860.0, 0.6416323
21870.0, 0.6416287
21880.0, 0.64162505
21890.0, 0.6416215
21900.0, 0.64161783
21910.0, 0.64161426
21920.0, 0.6416107
21930.0, 0.6416071
21940.0, 0.6416035
21950.0, 0.64159995
21960.0, 0.64159644
21970.0, 0.64159286
21980.0, 0.64158934
21990.0, 0.6415858
22000.0, 0.64158225
22010.0, 0.64157873
22020.0, 0.6415752
22030.0, 0.64157176
22040.0, 0.64156824
22050.0, 0.6415647
22060.0, 0.64156127
22070.0, 0.64155775
22080.0, 0.6415543
22090.0, 0.64155084
22100.0, 0.6415474
22110.0, 0.6415439
22120.0, 0.64154047
22130.0, 0.641537
22140.0, 0.6415336
22150.0, 0.64153016
22160.0, 0.64152676
22170.0, 0.64152336
22180.0, 0.64151996
22190.0, 0.64151657
22200.0, 0.64151317
22210.0, 0.6415098
22220.0, 0.6415064
22230.0, 0.64150304
22240.0, 0.6414997
22250.0, 0.6414963
22260.0, 0.64149296
22270.0, 0.6414896
22280.0, 0.6414863
22290.0, 0.64148295
22300.0, 0.6414796
22310.0, 0.6414763
22320.0, 0.641473
22330.0, 0.6414697
22340.0, 0.6414664
22350.0, 0.6414631
22360.0, 0.6414598
22370.0, 0.64145654
22380.0, 0.64145327
22390.0, 0.64145
22400.0, 0.6414467
22410.0, 0.6414435
22420.0, 0.6414402
22430.0, 0.641437
22440.0, 0.6414338
22450.0, 0.64143056
22460.0, 0.64142734
22470.0, 0.6414241
22480.0, 0.6414209
22490.0, 0.6414177
22500.0, 0.64141446
22510.0, 0.6414113
22520.0, 0.64140815
22530.0, 0.6414049
22540.0, 0.64140177
22550.0, 0.6413986
22560.0, 0.64139545
22570.0, 0.6413923
22580.0, 0.64138913
22590.0, 0.64138603
22600.0, 0.6413829
22610.0, 0.6413798
22620.0, 0.6413766
22630.0, 0.6413735
22640.0, 0.6413704
22650.0, 0.6413673
22660.0, 0.6413642
22670.0, 0.6413611
22680.0, 0.641358
22690.0, 0.6413549
22700.0, 0.6413519
22710.0, 0.6413488
22720.0, 0.64134574
22730.0, 0.6413427
22740.0, 0.64133966
22750.0, 0.6413366
22760.0, 0.6413336
22770.0, 0.64133054
22780.0, 0.6413275
22790.0, 0.6413245
22800.0, 0.6413215
22810.0, 0.6413185
22820.0, 0.64131546
22830.0, 0.6413125
22840.0, 0.6413095
22850.0, 0.6413065
22860.0, 0.64130354
22870.0, 0.64130056
22880.0, 0.6412976
22890.0, 0.64129466
22900.0, 0.6412917
22910.0, 0.64128876
22920.0, 0.64128584
22930.0, 0.64128286
22940.0, 0.64127994
22950.0, 0.641277
22960.0, 0.6412741
22970.0, 0.6412712
22980.0, 0.6412683
22990.0, 0.6412654
23000.0, 0.6412625
23010.0, 0.6412596
23020.0, 0.64125675
23030.0, 0.6412538
23040.0, 0.64125097
23050.0, 0.6412481
23060.0, 0.64124525
23070.0, 0.6412424
23080.0, 0.6412395
23090.0, 0.64123666
23100.0, 0.64123386
23110.0, 0.641231
23120.0, 0.6412282
23130.0, 0.6412254
23140.0, 0.64122254
23150.0, 0.64121974
23160.0, 0.64121693
23170.0, 0.64121413
23180.0, 0.64121133
23190.0, 0.6412086
23200.0, 0.6412058
23210.0, 0.641203
23220.0, 0.64120024
23230.0, 0.64119744
23240.0, 0.6411947
23250.0, 0.64119196
23260.0, 0.6411892
23270.0, 0.6411865
23280.0, 0.64118373
23290.0, 0.641181
23300.0, 0.64117825
23310.0, 0.6411755
23320.0, 0.6411728
23330.0, 0.6411701
23340.0, 0.6411674
23350.0, 0.64116466
23360.0, 0.641162
23370.0, 0.6411593
23380.0, 0.6411566
23390.0, 0.64115393
23400.0, 0.64115125
23410.0, 0.6411486
23420.0, 0.64114594
23430.0, 0.64114326
23440.0, 0.64114064
23450.0, 0.64113796
23460.0, 0.64113533
23470.0, 0.6411327
23480.0, 0.6411301
23490.0, 0.6411274
23500.0, 0.6411248
23510.0, 0.64112216
23520.0, 0.6411196
23530.0, 0.641117
23540.0, 0.64111435
23550.0, 0.6411118
23560.0, 0.64110917
23570.0, 0.6411066
23580.0, 0.64110404
23590.0, 0.6411014
23600.0, 0.64109886
23610.0, 0.6410963
23620.0, 0.64109373
23630.0, 0.64109117
23640.0, 0.64108866
23650.0, 0.6410861
23660.0, 0.64108354
23670.0, 0.64108104
23680.0, 0.6410785
23690.0, 0.64107597
23700.0, 0.64107347
23710.0, 0.6410709
23720.0, 0.6410684
23730.0, 0.6410659
23740.0, 0.6410634
23750.0, 0.6410609
23760.0, 0.64105844
23770.0, 0.64105594
23780.0, 0.64105344
23790.0, 0.641051
23800.0, 0.6410485
23810.0, 0.64104605
23820.0, 0.6410436
23830.0, 0.64104116
23840.0, 0.64103866
23850.0, 0.6410362
23860.0, 0.64103377
23870.0, 0.6410313
23880.0, 0.64102894
23890.0, 0.6410265
23900.0, 0.64102405
23910.0, 0.64102167
23920.0, 0.6410192
23930.0, 0.64101684
23940.0, 0.64101446
23950.0, 0.641012
23960.0, 0.6410096
23970.0, 0.64100724
23980.0, 0.64100486
23990.0, 0.6410025
24000.0, 0.6410001
24010.0, 0.64099777
24020.0, 0.6409954
24030.0, 0.640993
24040.0, 0.6409907
24050.0, 0.6409883
24060.0, 0.64098597
24070.0, 0.64098364
24080.0, 0.64098126
24090.0, 0.64097893
24100.0, 0.6409766
24110.0, 0.6409743
24120.0, 0.64097196
24130.0, 0.64096963
24140.0, 0.64096737
24150.0, 0.64096504
24160.0, 0.6409627
24170.0, 0.64096045
24180.0, 0.64095813
24190.0, 0.64095587
24200.0, 0.6409536
24210.0, 0.6409513
24220.0, 0.640949
24230.0, 0.64094675
24240.0, 0.6409445
24250.0, 0.6409422
24260.0, 0.64093995
24270.0, 0.64093775
24280.0, 0.6409355
24290.0, 0.6409332
24300.0, 0.640931
24310.0, 0.64092875
24320.0, 0.64092654
24330.0, 0.64092433
24340.0, 0.6409221
24350.0, 0.64091986
24360.0, 0.64091766
24370.0, 0.64091545
24380.0, 0.64091325
24390.0, 0.64091104
24400.0, 0.6409089
24410.0, 0.6409067
24420.0, 0.6409045
24430.0, 0.64090234
24440.0, 0.64090014
24450.0, 0.640898
24460.0, 0.6408958
24470.0, 0.64089364
24480.0, 0.6408915
24490.0, 0.64088935
24500.0, 0.6408872
24510.0, 0.640885
24520.0, 0.6408829
24530.0, 0.64088076
24540.0, 0.6408786
24550.0, 0.6408765
24560.0, 0.6408744
24570.0, 0.64087224
24580.0, 0.64087015
24590.0, 0.640868
24600.0, 0.6408659
24610.0, 0.6408638
24620.0, 0.6408617
24630.0, 0.6408596
24640.0, 0.6408575
24650.0, 0.64085543
24660.0, 0.64085335
24670.0, 0.64085126
24680.0, 0.6408492
24690.0, 0.6408471
24700.0, 0.64084506
24710.0, 0.640843
24720.0, 0.64084095
24730.0, 0.64083886
24740.0, 0.64083683
24750.0, 0.64083475
24760.0, 0.6408327
24770.0, 0.6408307
24780.0, 0.64082867
24790.0, 0.64082664
24800.0, 0.6408246
24810.0, 0.6408226
24820.0, 0.64082056
24830.0, 0.64081854
24840.0, 0.6408165
24850.0, 0.64081454
24860.0, 0.6408125
24870.0, 0.64081055
24880.0, 0.6408085
24890.0, 0.64080656
24900.0, 0.6408045
24910.0, 0.64080256
24920.0, 0.6408006
24930.0, 0.6407986
24940.0, 0.64079666
24950.0, 0.6407947
24960.0, 0.6407927
24970.0, 0.64079076
24980.0, 0.6407888
24990.0, 0.6407868
25000.0, 0.6407849
25010.0, 0.64078295
25020.0, 0.64078104
25030.0, 0.6407791
25040.0, 0.6407772
25050.0, 0.6407752
25060.0, 0.6407733
25070.0, 0.6407714
25080.0, 0.6407695
25090.0, 0.6407676
25100.0, 0.64076567
25110.0, 0.64076376
25120.0, 0.64076185
25130.0, 0.64075994
25140.0, 0.64075804
25150.0, 0.64075613
25160.0, 0.6407543
25170.0, 0.6407524
25180.0, 0.6407505
25190.0, 0.6407486
25200.0, 0.6407468
25210.0, 0.64074486
25220.0, 0.640743
25230.0, 0.64074117
25240.0, 0.6407393
25250.0, 0.6407375
25260.0, 0.6407356
25270.0, 0.6407338
25280.0, 0.64073193
25290.0, 0.6407301
25300.0, 0.64072824
25310.0, 0.6407264
25320.0, 0.6407246
25330.0, 0.64072275
25340.0, 0.64072096
25350.0, 0.6407191
25360.0, 0.6407173
25370.0, 0.6407155
25380.0, 0.6407137
25390.0, 0.6407119
25400.0, 0.6407101
25410.0, 0.6407083
25420.0, 0.64070654
25430.0, 0.6407047
25440.0, 0.64070296
25450.0, 0.6407012
25460.0, 0.6406994
25470.0, 0.6406976
25480.0, 0.6406958
25490.0, 0.6406941
25500.0, 0.6406923
25510.0, 0.64069057
25520.0, 0.6406888
25530.0, 0.64068705
25540.0, 0.64068526
25550.0, 0.64068353
25560.0, 0.6406818
25570.0, 0.6406801
25580.0, 0.64067835
25590.0, 0.64067656
25600.0, 0.6406748
25610.0, 0.64067316
25620.0, 0.64067143
25630.0, 0.6406697
25640.0, 0.640668
25650.0, 0.64066625
25660.0, 0.6406646
25670.0, 0.64066285
25680.0, 0.6406611
25690.0, 0.64065945
25700.0, 0.6406578
25710.0, 0.64065605
25720.0, 0.6406544
25730.0, 0.6406527
25740.0, 0.64065105
25750.0, 0.6406493
25760.0, 0.64064765
25770.0, 0.640646
25780.0, 0.6406443
25790.0, 0.64064264
25800.0, 0.640641
25810.0, 0.6406393
25820.0, 0.6406377
25830.0, 0.640636
25840.0, 0.64063436
25850.0, 0.64063275
25860.0, 0.6406311
25870.0, 0.6406295
25880.0, 0.6406278
25890.0, 0.6406262
25900.0, 0.6406246
25910.0, 0.640623
25920.0, 0.6406213
25930.0, 0.6406197
25940.0, 0.6406181
25950.0, 0.6406165
25960.0, 0.64061487
25970.0, 0.64061326
25980.0, 0.64061165
25990.0, 0.64061004
26000.0, 0.64060843
26010.0, 0.6406069
26020.0, 0.6406053
26030.0, 0.64060366
26040.0, 0.6406021
26050.0, 0.6406005
26060.0, 0.64059895
26070.0, 0.64059734
26080.0, 0.6405958
26090.0, 0.64059424
26100.0, 0.6405927
26110.0, 0.6405911
26120.0, 0.64058954
26130.0, 0.640588
26140.0, 0.64058644
26150.0, 0.6405849
26160.0, 0.64058334
26170.0, 0.6405818
26180.0, 0.64058024
26190.0, 0.64057875
26200.0, 0.6405772
26210.0, 0.64057565
26220.0, 0.6405741
26230.0, 0.6405726
26240.0, 0.64057106
26250.0, 0.64056957
26260.0, 0.640568
26270.0, 0.6405665
26280.0, 0.64056504
26290.0, 0.6405635
26300.0, 0.640562
26310.0, 0.6405605
26320.0, 0.640559
26330.0, 0.6405575
26340.0, 0.64055604
26350.0, 0.64055455
26360.0, 0.64055306
26370.0, 0.64055157
26380.0, 0.6405501
26390.0, 0.6405486
26400.0, 0.64054716
26410.0, 0.64054567
26420.0, 0.6405442
26430.0, 0.64054275
26440.0, 0.64054126
26450.0, 0.6405398
26460.0, 0.64053833
26470.0, 0.6405369
26480.0, 0.6405354
26490.0, 0.640534
26500.0, 0.64053255
26510.0, 0.6405311
26520.0, 0.64052963
26530.0, 0.6405282
26540.0, 0.6405268
26550.0, 0.64052534
26560.0, 0.6405239
26570.0, 0.6405225
26580.0, 0.6405211
26590.0, 0.6405197
26600.0, 0.64051825
26610.0, 0.6405168
26620.0, 0.64051545
26630.0, 0.640514
26640.0, 0.6405126
26650.0, 0.6405112
26660.0, 0.6405098
26670.0, 0.6405084
26680.0, 0.64050704
26690.0, 0.6405056
26700.0, 0.64050424
26710.0, 0.64050287
26720.0, 0.64050144
26730.0, 0.64050007
26740.0, 0.6404987
26750.0, 0.6404973
26760.0, 0.64049596
26770.0, 0.6404946
26780.0, 0.6404932
26790.0, 0.64049184
26800.0, 0.6404905
26810.0, 0.64048916
26820.0, 0.6404878
26830.0, 0.6404864
26840.0, 0.64048505
26850.0, 0.64048374
26860.0, 0.64048237
26870.0, 0.64048105
26880.0, 0.6404797
26890.0, 0.6404784
26900.0, 0.640477
26910.0, 0.6404757
26920.0, 0.6404744
26930.0, 0.640473
26940.0, 0.6404717
26950.0, 0.6404704
26960.0, 0.6404691
26970.0, 0.64046776
26980.0, 0.64046645
26990.0, 0.64046514
27000.0, 0.6404638
27010.0, 0.6404625
27020.0, 0.6404612
27030.0, 0.6404599
27040.0, 0.6404586
27050.0, 0.64045733
27060.0, 0.640456
27070.0, 0.6404547
27080.0, 0.64045346
27090.0, 0.64045215
27100.0, 0.6404509
27110.0, 0.6404496
27120.0, 0.64044833
27130.0, 0.640447
27140.0, 0.64044577
27150.0, 0.6404445
27160.0, 0.6404432
27170.0, 0.64044195
27180.0, 0.6404407
27190.0, 0.64043945
27200.0, 0.6404382
27210.0, 0.64043695
27220.0, 0.6404357
27230.0, 0.64043444
27240.0, 0.6404332
27250.0, 0.64043194
27260.0, 0.6404307
27270.0, 0.64042944
27280.0, 0.64042825
27290.0, 0.640427
27300.0, 0.64042574
27310.0, 0.64042455
27320.0, 0.6404233
27330.0, 0.64042205
27340.0, 0.64042085
27350.0, 0.6404196
27360.0, 0.6404184
27370.0, 0.64041716
27380.0, 0.64041597
27390.0, 0.6404148
27400.0, 0.6404135
27410.0, 0.64041233
27420.0, 0.64041114
27430.0, 0.64040995
27440.0, 0.64040875
27450.0, 0.64040756
27460.0, 0.64040637
27470.0, 0.6404052
27480.0, 0.640404
27490.0, 0.6404028
27500.0, 0.6404016
27510.0, 0.6404004
27520.0, 0.6403992
27530.0, 0.6403981
27540.0, 0.6403969
27550.0, 0.6403957
27560.0, 0.64039457
27570.0, 0.6403934
27580.0, 0.64039224
27590.0, 0.64039105
27600.0, 0.64038986
27610.0, 0.6403887
27620.0, 0.6403876
27630.0, 0.6403864
27640.0, 0.64038527
27650.0, 0.64038414
27660.0, 0.64038295
27670.0, 0.6403818
27680.0, 0.6403807
27690.0, 0.64037955
27700.0, 0.6403784
27710.0, 0.6403773
27720.0, 0.64037615
27730.0, 0.640375
27740.0, 0.6403739
27750.0, 0.64037275
27760.0, 0.6403716
27770.0, 0.6403705
27780.0, 0.64036936
27790.0, 0.6403682
27800.0, 0.64036715
27810.0, 0.640366
27820.0, 0.64036494
27830.0, 0.6403638
27840.0, 0.6403627
27850.0, 0.6403616
27860.0, 0.6403605
27870.0, 0.6403594
27880.0, 0.64035827
27890.0, 0.6403572
27900.0, 0.6403561
27910.0, 0.640355
27920.0, 0.6403539
27930.0, 0.64035285
27940.0, 0.6403518
27950.0, 0.64035064
27960.0, 0.64034957
27970.0, 0.6403485
27980.0, 0.6403474
27990.0, 0.64034635
28000.0, 0.6403453
28010.0, 0.6403442
28020.0, 0.6403431
28030.0, 0.64034206
28040.0, 0.64034104
28050.0, 0.64034
28060.0, 0.6403389
28070.0, 0.6403378
28080.0, 0.6403368
28090.0, 0.64033574
28100.0, 0.64033467
28110.0, 0.64033365
28120.0, 0.6403326
28130.0, 0.64033157
28140.0, 0.6403305
28150.0, 0.6403295
28160.0, 0.6403284
28170.0, 0.6403274
28180.0, 0.6403263
28190.0, 0.6403253
28200.0, 0.6403243
28210.0, 0.6403233
28220.0, 0.6403222
28230.0, 0.6403212
28240.0, 0.6403202
28250.0, 0.64031917
28260.0, 0.64031816
28270.0, 0.64031714
28280.0, 0.6403161
28290.0, 0.6403151
28300.0, 0.6403141
28310.0, 0.6403131
28320.0, 0.6403121
28330.0, 0.64031106
28340.0, 0.64031005
28350.0, 0.6403091
28360.0, 0.6403081
28370.0, 0.64030707
28380.0, 0.64030606
28390.0, 0.6403051
28400.0, 0.6403041
28410.0, 0.64030313
28420.0, 0.6403021
28430.0, 0.64030117
28440.0, 0.64030015
28450.0, 0.6402992
28460.0, 0.6402982
28470.0, 0.64029723
28480.0, 0.6402962
28490.0, 0.64029527
28500.0, 0.6402943
28510.0, 0.64029336
28520.0, 0.64029235
28530.0, 0.6402914
28540.0, 0.64029044
28550.0, 0.6402895
28560.0, 0.64028853
28570.0, 0.6402876
28580.0, 0.6402866
28590.0, 0.6402857
28600.0, 0.6402847
28610.0, 0.64028376
28620.0, 0.6402828
28630.0, 0.64028186
28640.0, 0.6402809
28650.0, 0.64027995
28660.0, 0.64027905
28670.0, 0.6402781
28680.0, 0.64027715
28690.0, 0.64027625
28700.0, 0.6402753
28710.0, 0.64027435
28720.0, 0.64027345
28730.0, 0.6402725
28740.0, 0.6402716
28750.0, 0.64027065
28760.0, 0.64026976
28770.0, 0.6402688
28780.0, 0.6402679
28790.0, 0.64026695
28800.0, 0.64026606
28810.0, 0.64026517
28820.0, 0.6402642
28830.0, 0.6402633
28840.0, 0.6402624
28850.0, 0.64026153
28860.0, 0.64026064
28870.0, 0.64025974
28880.0, 0.64025885
28890.0, 0.6402579
28900.0, 0.640257
28910.0, 0.6402561
28920.0, 0.6402552
28930.0, 0.6402544
28940.0, 0.6402534
28950.0, 0.6402526
28960.0, 0.6402517
28970.0, 0.6402508
28980.0, 0.6402499
28990.0, 0.640249
29000.0, 0.6402482
29010.0, 0.6402473
29020.0, 0.6402464
29030.0, 0.64024556
29040.0, 0.64024466
29050.0, 0.64024377
29060.0, 0.64024293
29070.0, 0.64024204
29080.0, 0.6402412
29090.0, 0.6402403
29100.0, 0.6402395
29110.0, 0.64023864
29120.0, 0.64023775
29130.0, 0.6402369
29140.0, 0.640236
29150.0, 0.6402352
29160.0, 0.64023435
29170.0, 0.64023346
29180.0, 0.6402326
29190.0, 0.6402318
29200.0, 0.64023095
29210.0, 0.6402301
29220.0, 0.6402293
29230.0, 0.64022845
29240.0, 0.6402276
29250.0, 0.6402268
29260.0, 0.64022595
29270.0, 0.6402251
29280.0, 0.6402243
29290.0, 0.64022344
29300.0, 0.6402226
29310.0, 0.6402218
29320.0, 0.64022094
29330.0, 0.6402201
29340.0, 0.64021933
29350.0, 0.6402185
29360.0, 0.64021766
29370.0, 0.6402168
29380.0, 0.64021605
29390.0, 0.6402152
29400.0, 0.64021444
29410.0, 0.6402136
29420.0, 0.6402128
29430.0, 0.640212
29440.0, 0.64021116
29450.0, 0.6402104
29460.0, 0.64020956
29470.0, 0.6402088
29480.0, 0.640208
29490.0, 0.6402072
29500.0, 0.6402064
29510.0, 0.6402056
29520.0, 0.6402048
29530.0, 0.640204
29540.0, 0.64020324
29550.0, 0.64020246
29560.0, 0.6402016
29570.0, 0.64020085
29580.0, 0.6402001
29590.0, 0.6401993
29600.0, 0.6401985
29610.0, 0.64019775
29620.0, 0.640197
29630.0, 0.6401962
29640.0, 0.6401954
29650.0, 0.64019465
29660.0, 0.6401939
29670.0, 0.6401931
29680.0, 0.64019233
29690.0, 0.64019156
29700.0, 0.64019084
29710.0, 0.64019006
29720.0, 0.6401893
29730.0, 0.6401885
29740.0, 0.6401878
29750.0, 0.640187
29760.0, 0.64018625
29770.0, 0.64018553
29780.0, 0.64018476
29790.0, 0.640184
29800.0, 0.64018327
29810.0, 0.6401825
29820.0, 0.6401818
29830.0, 0.640181
29840.0, 0.6401803
29850.0, 0.6401795
29860.0, 0.6401788
29870.0, 0.6401781
29880.0, 0.6401773
29890.0, 0.6401766
29900.0, 0.6401759
29910.0, 0.6401751
29920.0, 0.6401744
29930.0, 0.6401737
29940.0, 0.64017296
29950.0, 0.6401722
29960.0, 0.64017147
29970.0, 0.64017075
29980.0, 0.64017004
29990.0, 0.6401693
30000.0, 0.6401686
