Energy (in eV), backscattering yield of material bk2k-NASCAP at incidence 10.0 degree
   X,       Y
0.0, 0.0
10.0, 0.0
20.0, 0.0
30.0, 0.0
40.0, 0.0
50.0, 0.0
60.0, 0.010061216
70.0, 0.018372577
80.0, 0.025501672
90.0, 0.03174416
100.0, 0.037293598
110.0, 0.04228535
120.0, 0.046818234
130.0, 0.050966717
140.0, 0.05478842
150.0, 0.058328807
160.0, 0.061624434
170.0, 0.06470513
180.0, 0.067595564
190.0, 0.07031636
200.0, 0.07288497
210.0, 0.075316235
220.0, 0.07762297
230.0, 0.079816215
240.0, 0.08190564
250.0, 0.0838997
260.0, 0.08580585
270.0, 0.08763072
280.0, 0.08938022
290.0, 0.0910596
300.0, 0.09267362
310.0, 0.09422654
320.0, 0.09572221
330.0, 0.09716416
340.0, 0.0985556
350.0, 0.099899404
360.0, 0.10119828
370.0, 0.10245466
380.0, 0.10367081
390.0, 0.104848795
400.0, 0.10599057
410.0, 0.10709788
420.0, 0.10817241
430.0, 0.109215684
440.0, 0.110229105
450.0, 0.11121407
460.0, 0.11217176
470.0, 0.11310339
480.0, 0.11401004
490.0, 0.11489275
500.0, 0.11575246
510.0, 0.11659009
520.0, 0.1174065
530.0, 0.11820249
540.0, 0.11897881
550.0, 0.11973621
560.0, 0.120475374
570.0, 0.121196896
580.0, 0.12190145
590.0, 0.12258959
600.0, 0.12326186
610.0, 0.12391879
620.0, 0.124560885
630.0, 0.12518863
640.0, 0.12580246
650.0, 0.12640284
660.0, 0.12699014
670.0, 0.12756477
680.0, 0.12812713
690.0, 0.12867756
700.0, 0.1292164
710.0, 0.129744
720.0, 0.13026066
730.0, 0.13076667
740.0, 0.13126239
750.0, 0.13174804
760.0, 0.13222387
770.0, 0.13269019
780.0, 0.13314725
790.0, 0.13359527
800.0, 0.13403447
810.0, 0.1344651
820.0, 0.13488734
830.0, 0.13530143
840.0, 0.13570754
850.0, 0.13610588
860.0, 0.13649665
870.0, 0.13687998
880.0, 0.13725609
890.0, 0.13762513
900.0, 0.13798729
910.0, 0.13834265
920.0, 0.13869146
930.0, 0.13903378
940.0, 0.13936979
950.0, 0.13969964
960.0, 0.14002347
970.0, 0.14034137
980.0, 0.1406535
990.0, 0.14095993
1000.0, 0.14126085
1010.0, 0.1410948
1020.0, 0.14092912
1030.0, 0.14076373
1040.0, 0.14059867
1050.0, 0.14043395
1060.0, 0.14026955
1070.0, 0.14010549
1080.0, 0.13994172
1090.0, 0.1397783
1100.0, 0.13961521
1110.0, 0.13945241
1120.0, 0.13928996
1130.0, 0.13912784
1140.0, 0.13896602
1150.0, 0.13880453
1160.0, 0.13864335
1170.0, 0.13848248
1180.0, 0.13832197
1190.0, 0.13816175
1200.0, 0.13800183
1210.0, 0.13784225
1220.0, 0.13768299
1230.0, 0.13752402
1240.0, 0.1373654
1250.0, 0.13720708
1260.0, 0.13704906
1270.0, 0.13689137
1280.0, 0.13673398
1290.0, 0.1365769
1300.0, 0.13642015
1310.0, 0.1362637
1320.0, 0.13610755
1330.0, 0.13595171
1340.0, 0.13579619
1350.0, 0.13564098
1360.0, 0.13548608
1370.0, 0.13533147
1380.0, 0.13517718
1390.0, 0.13502318
1400.0, 0.1348695
1410.0, 0.13471611
1420.0, 0.13456304
1430.0, 0.13441026
1440.0, 0.1342578
1450.0, 0.13410562
1460.0, 0.13395377
1470.0, 0.13380219
1480.0, 0.13365093
1490.0, 0.13349995
1500.0, 0.13334928
1510.0, 0.13319892
1520.0, 0.13304885
1530.0, 0.13289908
1540.0, 0.13274959
1550.0, 0.13260041
1560.0, 0.13245152
1570.0, 0.13230292
1580.0, 0.13215463
1590.0, 0.13200663
1600.0, 0.13185893
1610.0, 0.1317115
1620.0, 0.13156438
1630.0, 0.13141754
1640.0, 0.131271
1650.0, 0.13112475
1660.0, 0.13097878
1670.0, 0.1308331
1680.0, 0.13068773
1690.0, 0.13054262
1700.0, 0.13039781
1710.0, 0.13025329
1720.0, 0.13010906
1730.0, 0.1299651
1740.0, 0.12982143
1750.0, 0.12967806
1760.0, 0.12953494
1770.0, 0.12939213
1780.0, 0.1292496
1790.0, 0.12910736
1800.0, 0.1289654
1810.0, 0.1288237
1820.0, 0.1286823
1830.0, 0.12854117
1840.0, 0.12840033
1850.0, 0.12825976
1860.0, 0.12811948
1870.0, 0.12797946
1880.0, 0.12783973
1890.0, 0.12770028
1900.0, 0.12756109
1910.0, 0.1274222
1920.0, 0.12728356
1930.0, 0.1271452
1940.0, 0.12700713
1950.0, 0.12686932
1960.0, 0.1267318
1970.0, 0.12659453
1980.0, 0.12645754
1990.0, 0.12632082
2000.0, 0.12618437
2010.0, 0.12604819
2020.0, 0.1259123
2030.0, 0.12577665
2040.0, 0.12564129
2050.0, 0.12550618
2060.0, 0.12537135
2070.0, 0.1252368
2080.0, 0.12510249
2090.0, 0.12496846
2100.0, 0.124834694
2110.0, 0.12470119
2120.0, 0.12456795
2130.0, 0.12443498
2140.0, 0.12430227
2150.0, 0.12416982
2160.0, 0.12403763
2170.0, 0.12390572
2180.0, 0.12377405
2190.0, 0.12364265
2200.0, 0.123511516
2210.0, 0.12338063
2220.0, 0.123250015
2230.0, 0.12311965
2240.0, 0.12298954
2250.0, 0.1228597
2260.0, 0.12273011
2270.0, 0.12260079
2280.0, 0.122471705
2290.0, 0.122342885
2300.0, 0.122214325
2310.0, 0.12208601
2320.0, 0.12195796
2330.0, 0.12183016
2340.0, 0.12170261
2350.0, 0.12157532
2360.0, 0.12144827
2370.0, 0.12132148
2380.0, 0.121194944
2390.0, 0.12106866
2400.0, 0.120942615
2410.0, 0.12081683
2420.0, 0.120691285
2430.0, 0.120565996
2440.0, 0.12044095
2450.0, 0.12031616
2460.0, 0.12019161
2470.0, 0.120067306
2480.0, 0.11994325
2490.0, 0.11981945
2500.0, 0.11969589
2510.0, 0.119572565
2520.0, 0.11944949
2530.0, 0.119326666
2540.0, 0.119204074
2550.0, 0.119081736
2560.0, 0.118959635
2570.0, 0.118837774
2580.0, 0.11871616
2590.0, 0.11859478
2600.0, 0.11847365
2610.0, 0.118352756
2620.0, 0.1182321
2630.0, 0.11811168
2640.0, 0.11799151
2650.0, 0.11787157
2660.0, 0.11775187
2670.0, 0.1176324
2680.0, 0.11751317
2690.0, 0.11739419
2700.0, 0.117275424
2710.0, 0.11715691
2720.0, 0.11703862
2730.0, 0.116920575
2740.0, 0.11680276
2750.0, 0.116685174
2760.0, 0.11656783
2770.0, 0.116450705
2780.0, 0.11633383
2790.0, 0.116217166
2800.0, 0.11610075
2810.0, 0.11598456
2820.0, 0.11586859
2830.0, 0.11575287
2840.0, 0.11563736
2850.0, 0.11552209
2860.0, 0.11540705
2870.0, 0.115292236
2880.0, 0.11517765
2890.0, 0.11506329
2900.0, 0.11494915
2910.0, 0.11483525
2920.0, 0.11472156
2930.0, 0.1146081
2940.0, 0.11449487
2950.0, 0.114381865
2960.0, 0.114269085
2970.0, 0.11415653
2980.0, 0.11404419
2990.0, 0.11393207
3000.0, 0.11382019
3010.0, 0.11370851
3020.0, 0.113597065
3030.0, 0.11348584
3040.0, 0.11337483
3050.0, 0.11326405
3060.0, 0.11315349
3070.0, 0.11304314
3080.0, 0.112933
3090.0, 0.11282309
3100.0, 0.112713404
3110.0, 0.11260393
3120.0, 0.11249468
3130.0, 0.11238563
3140.0, 0.11227681
3150.0, 0.1121682
3160.0, 0.1120598
3170.0, 0.11195163
3180.0, 0.11184366
3190.0, 0.11173591
3200.0, 0.11162838
3210.0, 0.11152105
3220.0, 0.11141394
3230.0, 0.11130705
3240.0, 0.11120036
3250.0, 0.111093886
3260.0, 0.110987626
3270.0, 0.110881574
3280.0, 0.11077573
3290.0, 0.110670105
3300.0, 0.11056468
3310.0, 0.11045946
3320.0, 0.11035446
3330.0, 0.11024967
3340.0, 0.11014508
3350.0, 0.110040694
3360.0, 0.10993652
3370.0, 0.10983255
3380.0, 0.10972879
3390.0, 0.10962524
3400.0, 0.10952189
3410.0, 0.10941874
3420.0, 0.109315805
3430.0, 0.10921307
3440.0, 0.109110534
3450.0, 0.10900821
3460.0, 0.10890608
3470.0, 0.10880416
3480.0, 0.108702436
3490.0, 0.108600914
3500.0, 0.1084996
3510.0, 0.10839848
3520.0, 0.108297564
3530.0, 0.10819685
3540.0, 0.10809633
3550.0, 0.10799602
3560.0, 0.107895896
3570.0, 0.107795976
3580.0, 0.10769625
3590.0, 0.10759673
3600.0, 0.10749741
3610.0, 0.10739828
3620.0, 0.10729935
3630.0, 0.107200615
3640.0, 0.107102074
3650.0, 0.10700372
3660.0, 0.10690557
3670.0, 0.10680762
3680.0, 0.10670986
3690.0, 0.10661229
3700.0, 0.106514916
3710.0, 0.10641774
3720.0, 0.10632075
3730.0, 0.10622396
3740.0, 0.10612736
3750.0, 0.10603094
3760.0, 0.105934724
3770.0, 0.1058387
3780.0, 0.10574286
3790.0, 0.10564721
3800.0, 0.10555175
3810.0, 0.10545649
3820.0, 0.10536141
3830.0, 0.10526651
3840.0, 0.10517181
3850.0, 0.1050773
3860.0, 0.104982965
3870.0, 0.10488883
3880.0, 0.104794875
3890.0, 0.1047011
3900.0, 0.10460752
3910.0, 0.10451413
3920.0, 0.10442092
3930.0, 0.104327895
3940.0, 0.10423505
3950.0, 0.1041424
3960.0, 0.10404993
3970.0, 0.10395763
3980.0, 0.10386553
3990.0, 0.1037736
4000.0, 0.10368187
4010.0, 0.10359031
4020.0, 0.103498936
4030.0, 0.10340773
4040.0, 0.103316724
4050.0, 0.10322589
4060.0, 0.103135236
4070.0, 0.10304476
4080.0, 0.10295446
4090.0, 0.102864355
4100.0, 0.10277441
4110.0, 0.102684654
4120.0, 0.102595076
4130.0, 0.10250568
4140.0, 0.10241645
4150.0, 0.10232741
4160.0, 0.102238536
4170.0, 0.10214984
4180.0, 0.102061324
4190.0, 0.101972975
4200.0, 0.10188481
4210.0, 0.10179682
4220.0, 0.101709
4230.0, 0.10162135
4240.0, 0.10153388
4250.0, 0.10144659
4260.0, 0.10135947
4270.0, 0.10127252
4280.0, 0.10118575
4290.0, 0.10109913
4300.0, 0.10101271
4310.0, 0.100926444
4320.0, 0.10084035
4330.0, 0.10075443
4340.0, 0.10066868
4350.0, 0.10058311
4360.0, 0.1004977
4370.0, 0.100412466
4380.0, 0.100327395
4390.0, 0.10024249
4400.0, 0.10015775
4410.0, 0.10007319
4420.0, 0.09998879
4430.0, 0.09990457
4440.0, 0.0998205
4450.0, 0.099736616
4460.0, 0.09965288
4470.0, 0.09956932
4480.0, 0.09948592
4490.0, 0.099402696
4500.0, 0.09931963
4510.0, 0.09923673
4520.0, 0.09915399
4530.0, 0.09907142
4540.0, 0.09898901
4550.0, 0.09890676
4560.0, 0.09882469
4570.0, 0.09874277
4580.0, 0.09866101
4590.0, 0.09857942
4600.0, 0.098497994
4610.0, 0.09841672
4620.0, 0.09833561
4630.0, 0.098254666
4640.0, 0.09817388
4650.0, 0.09809326
4660.0, 0.09801278
4670.0, 0.09793248
4680.0, 0.097852334
4690.0, 0.097772345
4700.0, 0.09769252
4710.0, 0.09761284
4720.0, 0.09753334
4730.0, 0.09745398
4740.0, 0.09737479
4750.0, 0.097295746
4760.0, 0.09721687
4770.0, 0.09713814
4780.0, 0.09705956
4790.0, 0.09698115
4800.0, 0.0969029
4810.0, 0.096824795
4820.0, 0.09674684
4830.0, 0.096669056
4840.0, 0.09659141
4850.0, 0.096513934
4860.0, 0.0964366
4870.0, 0.096359424
4880.0, 0.09628241
4890.0, 0.09620553
4900.0, 0.096128814
4910.0, 0.096052244
4920.0, 0.09597584
4930.0, 0.095899574
4940.0, 0.09582347
4950.0, 0.0957475
4960.0, 0.0956717
4970.0, 0.09559604
4980.0, 0.09552053
4990.0, 0.09544517
5000.0, 0.095369965
5010.0, 0.0952949
5020.0, 0.09522
5030.0, 0.09514524
5040.0, 0.09507063
5050.0, 0.09499616
5060.0, 0.09492185
5070.0, 0.09484767
5080.0, 0.09477366
5090.0, 0.09469978
5100.0, 0.094626054
5110.0, 0.09455247
5120.0, 0.09447903
5130.0, 0.09440575
5140.0, 0.094332606
5150.0, 0.094259605
5160.0, 0.09418675
5170.0, 0.09411404
5180.0, 0.09404148
5190.0, 0.093969055
5200.0, 0.093896784
5210.0, 0.09382465
5220.0, 0.09375266
5230.0, 0.093680814
5240.0, 0.09360911
5250.0, 0.09353755
5260.0, 0.093466125
5270.0, 0.09339485
5280.0, 0.093323715
5290.0, 0.093252726
5300.0, 0.09318187
5310.0, 0.09311116
5320.0, 0.093040586
5330.0, 0.092970155
5340.0, 0.09289987
5350.0, 0.09282971
5360.0, 0.0927597
5370.0, 0.09268983
5380.0, 0.09262009
5390.0, 0.092550494
5400.0, 0.092481025
5410.0, 0.09241171
5420.0, 0.092342526
5430.0, 0.09227349
5440.0, 0.09220457
5450.0, 0.0921358
5460.0, 0.09206717
5470.0, 0.09199867
5480.0, 0.09193031
5490.0, 0.09186208
5500.0, 0.09179399
5510.0, 0.091726035
5520.0, 0.09165821
5530.0, 0.09159052
5540.0, 0.09152297
5550.0, 0.09145556
5560.0, 0.09138827
5570.0, 0.091321126
5580.0, 0.09125411
5590.0, 0.091187224
5600.0, 0.091120474
5610.0, 0.09105386
5620.0, 0.09098738
5630.0, 0.09092102
5640.0, 0.0908548
5650.0, 0.0907887
5660.0, 0.09072275
5670.0, 0.09065692
5680.0, 0.09059122
5690.0, 0.09052566
5700.0, 0.090460226
5710.0, 0.090394914
5720.0, 0.090329744
5730.0, 0.09026469
5740.0, 0.090199776
5750.0, 0.090134986
5760.0, 0.09007033
5770.0, 0.0900058
5780.0, 0.0899414
5790.0, 0.08987711
5800.0, 0.08981297
5810.0, 0.08974895
5820.0, 0.08968506
5830.0, 0.08962129
5840.0, 0.089557655
5850.0, 0.08949414
5860.0, 0.08943076
5870.0, 0.0893675
5880.0, 0.089304365
5890.0, 0.089241356
5900.0, 0.089178465
5910.0, 0.08911571
5920.0, 0.08905307
5930.0, 0.08899057
5940.0, 0.08892818
5950.0, 0.08886591
5960.0, 0.08880378
5970.0, 0.088741764
5980.0, 0.08867987
5990.0, 0.08861811
6000.0, 0.08855646
6010.0, 0.08849494
6020.0, 0.08843354
6030.0, 0.08837226
6040.0, 0.0883111
6050.0, 0.08825007
6060.0, 0.088189155
6070.0, 0.08812836
6080.0, 0.08806769
6090.0, 0.08800714
6100.0, 0.087946706
6110.0, 0.08788639
6120.0, 0.0878262
6130.0, 0.08776613
6140.0, 0.08770618
6150.0, 0.08764634
6160.0, 0.087586634
6170.0, 0.08752704
6180.0, 0.08746756
6190.0, 0.0874082
6200.0, 0.08734896
6210.0, 0.08728983
6220.0, 0.08723083
6230.0, 0.08717194
6240.0, 0.087113164
6250.0, 0.08705452
6260.0, 0.08699598
6270.0, 0.086937554
6280.0, 0.086879246
6290.0, 0.08682106
6300.0, 0.08676299
6310.0, 0.08670503
6320.0, 0.08664718
6330.0, 0.086589456
6340.0, 0.08653185
6350.0, 0.086474344
6360.0, 0.08641696
6370.0, 0.086359695
6380.0, 0.086302534
6390.0, 0.08624549
6400.0, 0.08618856
6410.0, 0.086131744
6420.0, 0.086075045
6430.0, 0.08601844
6440.0, 0.08596197
6450.0, 0.085905604
6460.0, 0.08584935
6470.0, 0.085793205
6480.0, 0.085737176
6490.0, 0.08568126
6500.0, 0.08562545
6510.0, 0.085569754
6520.0, 0.085514165
6530.0, 0.085458696
6540.0, 0.08540332
6550.0, 0.08534807
6560.0, 0.08529292
6570.0, 0.08523789
6580.0, 0.08518296
6590.0, 0.08512814
6600.0, 0.085073434
6610.0, 0.085018836
6620.0, 0.08496435
6630.0, 0.08490997
6640.0, 0.08485569
6650.0, 0.08480152
6660.0, 0.08474746
6670.0, 0.084693514
6680.0, 0.08463966
6690.0, 0.08458593
6700.0, 0.0845323
6710.0, 0.08447877
6720.0, 0.08442536
6730.0, 0.08437204
6740.0, 0.08431884
6750.0, 0.08426574
6760.0, 0.08421274
6770.0, 0.08415986
6780.0, 0.08410707
6790.0, 0.084054396
6800.0, 0.084001824
6810.0, 0.08394935
6820.0, 0.08389699
6830.0, 0.08384473
6840.0, 0.08379257
6850.0, 0.08374052
6860.0, 0.08368857
6870.0, 0.08363672
6880.0, 0.08358498
6890.0, 0.08353334
6900.0, 0.0834818
6910.0, 0.083430365
6920.0, 0.08337903
6930.0, 0.08332781
6940.0, 0.083276674
6950.0, 0.08322565
6960.0, 0.08317472
6970.0, 0.08312389
6980.0, 0.08307318
6990.0, 0.08302255
7000.0, 0.08297203
7010.0, 0.08292161
7020.0, 0.08287129
7030.0, 0.08282107
7040.0, 0.08277094
7050.0, 0.08272092
7060.0, 0.082671
7070.0, 0.08262118
7080.0, 0.082571454
7090.0, 0.08252183
7100.0, 0.0824723
7110.0, 0.082422875
7120.0, 0.082373545
7130.0, 0.08232432
7140.0, 0.08227519
7150.0, 0.08222614
7160.0, 0.082177214
7170.0, 0.08212837
7180.0, 0.08207963
7190.0, 0.082030974
7200.0, 0.08198243
7210.0, 0.081933975
7220.0, 0.08188561
7230.0, 0.081837356
7240.0, 0.081789196
7250.0, 0.08174113
7260.0, 0.08169315
7270.0, 0.08164527
7280.0, 0.08159749
7290.0, 0.0815498
7300.0, 0.081502214
7310.0, 0.08145471
7320.0, 0.08140731
7330.0, 0.081360005
7340.0, 0.08131278
7350.0, 0.081265666
7360.0, 0.08121864
7370.0, 0.08117171
7380.0, 0.081124865
7390.0, 0.08107812
7400.0, 0.081031464
7410.0, 0.0809849
7420.0, 0.08093843
7430.0, 0.080892056
7440.0, 0.080845766
7450.0, 0.08079957
7460.0, 0.080753475
7470.0, 0.08070747
7480.0, 0.08066155
7490.0, 0.08061572
7500.0, 0.08056999
7510.0, 0.08052434
7520.0, 0.080478795
7530.0, 0.08043333
7540.0, 0.08038796
7550.0, 0.08034267
7560.0, 0.080297485
7570.0, 0.08025239
7580.0, 0.08020737
7590.0, 0.08016245
7600.0, 0.08011762
7610.0, 0.08007287
7620.0, 0.08002821
7630.0, 0.079983644
7640.0, 0.07993917
7650.0, 0.07989478
7660.0, 0.07985048
7670.0, 0.07980627
7680.0, 0.079762146
7690.0, 0.079718105
7700.0, 0.07967416
7710.0, 0.0796303
7720.0, 0.07958652
7730.0, 0.07954284
7740.0, 0.07949924
7750.0, 0.079455726
7760.0, 0.0794123
7770.0, 0.07936896
7780.0, 0.0793257
7790.0, 0.07928254
7800.0, 0.07923945
7810.0, 0.07919645
7820.0, 0.079153545
7830.0, 0.07911071
7840.0, 0.079067975
7850.0, 0.07902532
7860.0, 0.078982756
7870.0, 0.078940265
7880.0, 0.07889786
7890.0, 0.078855544
7900.0, 0.07881331
7910.0, 0.07877117
7920.0, 0.0787291
7930.0, 0.07868712
7940.0, 0.07864522
7950.0, 0.07860341
7960.0, 0.07856167
7970.0, 0.07852002
7980.0, 0.07847846
7990.0, 0.07843698
8000.0, 0.07839558
8010.0, 0.078354254
8020.0, 0.07831302
8030.0, 0.07827187
8040.0, 0.078230806
8050.0, 0.07818981
8060.0, 0.0781489
8070.0, 0.07810808
8080.0, 0.07806733
8090.0, 0.07802666
8100.0, 0.077986084
8110.0, 0.07794558
8120.0, 0.077905156
8130.0, 0.07786482
8140.0, 0.077824555
8150.0, 0.077784374
8160.0, 0.077744275
8170.0, 0.07770425
8180.0, 0.077664316
8190.0, 0.07762445
8200.0, 0.07758467
8210.0, 0.077544965
8220.0, 0.077505335
8230.0, 0.07746579
8240.0, 0.07742632
8250.0, 0.07738694
8260.0, 0.07734763
8270.0, 0.077308394
8280.0, 0.077269234
8290.0, 0.07723016
8300.0, 0.07719117
8310.0, 0.077152245
8320.0, 0.0771134
8330.0, 0.07707464
8340.0, 0.07703594
8350.0, 0.07699733
8360.0, 0.0769588
8370.0, 0.07692034
8380.0, 0.07688196
8390.0, 0.07684366
8400.0, 0.07680543
8410.0, 0.07676727
8420.0, 0.07672919
8430.0, 0.076691195
8440.0, 0.076653264
8450.0, 0.076615416
8460.0, 0.07657763
8470.0, 0.07653994
8480.0, 0.076502316
8490.0, 0.076464765
8500.0, 0.07642729
8510.0, 0.07638989
8520.0, 0.07635257
8530.0, 0.07631531
8540.0, 0.076278135
8550.0, 0.07624103
8560.0, 0.076204
8570.0, 0.07616705
8580.0, 0.07613016
8590.0, 0.07609335
8600.0, 0.07605662
8610.0, 0.07601996
8620.0, 0.07598337
8630.0, 0.07594685
8640.0, 0.075910404
8650.0, 0.07587404
8660.0, 0.07583773
8670.0, 0.075801514
8680.0, 0.07576535
8690.0, 0.07572927
8700.0, 0.07569326
8710.0, 0.07565732
8720.0, 0.075621456
8730.0, 0.075585656
8740.0, 0.07554993
8750.0, 0.07551428
8760.0, 0.075478695
8770.0, 0.075443186
8780.0, 0.07540774
8790.0, 0.07537237
8800.0, 0.075337075
8810.0, 0.07530184
8820.0, 0.075266674
8830.0, 0.07523159
8840.0, 0.07519657
8850.0, 0.07516162
8860.0, 0.07512674
8870.0, 0.07509193
8880.0, 0.075057186
8890.0, 0.07502252
8900.0, 0.0749879
8910.0, 0.07495338
8920.0, 0.07491891
8930.0, 0.07488451
8940.0, 0.07485018
8950.0, 0.07481592
8960.0, 0.07478173
8970.0, 0.0747476
8980.0, 0.07471355
8990.0, 0.07467955
9000.0, 0.07464564
9010.0, 0.07461178
9020.0, 0.074577995
9030.0, 0.07454428
9040.0, 0.07451063
9050.0, 0.07447704
9060.0, 0.07444352
9070.0, 0.07441007
9080.0, 0.07437669
9090.0, 0.07434337
9100.0, 0.07431012
9110.0, 0.07427693
9120.0, 0.074243814
9130.0, 0.074210756
9140.0, 0.07417777
9150.0, 0.07414485
9160.0, 0.07411199
9170.0, 0.0740792
9180.0, 0.07404647
9190.0, 0.074013814
9200.0, 0.07398122
9210.0, 0.07394869
9220.0, 0.07391622
9230.0, 0.073883824
9240.0, 0.07385149
9250.0, 0.07381921
9260.0, 0.073787004
9270.0, 0.07375486
9280.0, 0.07372279
9290.0, 0.073690765
9300.0, 0.07365881
9310.0, 0.07362693
9320.0, 0.0735951
9330.0, 0.07356334
9340.0, 0.07353164
9350.0, 0.0735
9360.0, 0.07346843
9370.0, 0.07343692
9380.0, 0.073405474
9390.0, 0.07337409
9400.0, 0.07334277
9410.0, 0.07331151
9420.0, 0.07328031
9430.0, 0.07324918
9440.0, 0.0732181
9450.0, 0.0731871
9460.0, 0.07315615
9470.0, 0.07312526
9480.0, 0.073094435
9490.0, 0.073063664
9500.0, 0.07303297
9510.0, 0.07300232
9520.0, 0.07297175
9530.0, 0.07294122
9540.0, 0.07291076
9550.0, 0.072880365
9560.0, 0.072850026
9570.0, 0.07281975
9580.0, 0.07278953
9590.0, 0.07275937
9600.0, 0.072729275
9610.0, 0.072699234
9620.0, 0.07266926
9630.0, 0.07263934
9640.0, 0.072609484
9650.0, 0.07257968
9660.0, 0.07254994
9670.0, 0.07252026
9680.0, 0.07249064
9690.0, 0.07246108
9700.0, 0.07243157
9710.0, 0.072402135
9720.0, 0.07237275
9730.0, 0.07234342
9740.0, 0.07231415
9750.0, 0.07228494
9760.0, 0.07225578
9770.0, 0.072226696
9780.0, 0.07219766
9790.0, 0.07216868
9800.0, 0.072139755
9810.0, 0.07211089
9820.0, 0.07208209
9830.0, 0.07205334
9840.0, 0.07202465
9850.0, 0.07199602
9860.0, 0.07196744
9870.0, 0.07193892
9880.0, 0.071910456
9890.0, 0.07188205
9900.0, 0.07185369
9910.0, 0.07182541
9920.0, 0.07179717
9930.0, 0.071768984
9940.0, 0.071740866
9950.0, 0.071712784
9960.0, 0.07168478
9970.0, 0.071656816
9980.0, 0.07162892
9990.0, 0.07160107
10000.0, 0.07157329
10010.0, 0.07154555
10020.0, 0.07151787
10030.0, 0.07149024
10040.0, 0.071462676
10050.0, 0.07143516
10060.0, 0.071407706
10070.0, 0.071380295
10080.0, 0.071352944
10090.0, 0.07132565
10100.0, 0.071298406
10110.0, 0.071271226
10120.0, 0.07124408
10130.0, 0.07121701
10140.0, 0.071189985
10150.0, 0.07116301
10160.0, 0.071136095
10170.0, 0.07110923
10180.0, 0.07108242
10190.0, 0.07105566
10200.0, 0.071028955
10210.0, 0.071002305
10220.0, 0.070975706
10230.0, 0.07094917
10240.0, 0.07092267
10250.0, 0.07089624
10260.0, 0.07086985
10270.0, 0.07084352
10280.0, 0.07081723
10290.0, 0.070791006
10300.0, 0.07076483
10310.0, 0.07073871
10320.0, 0.07071263
10330.0, 0.070686616
10340.0, 0.07066064
10350.0, 0.07063472
10360.0, 0.07060887
10370.0, 0.070583045
10380.0, 0.07055729
10390.0, 0.07053158
10400.0, 0.07050591
10410.0, 0.07048031
10420.0, 0.070454754
10430.0, 0.07042924
10440.0, 0.07040379
10450.0, 0.070378385
10460.0, 0.07035302
10470.0, 0.07032772
10480.0, 0.07030247
10490.0, 0.070277266
10500.0, 0.07025211
10510.0, 0.07022701
10520.0, 0.07020196
10530.0, 0.07017696
10540.0, 0.07015201
10550.0, 0.0701271
10560.0, 0.07010225
10570.0, 0.07007744
10580.0, 0.07005269
10590.0, 0.070027985
10600.0, 0.07000333
10610.0, 0.06997872
10620.0, 0.06995416
10630.0, 0.06992965
10640.0, 0.06990519
10650.0, 0.06988078
10660.0, 0.06985642
10670.0, 0.0698321
10680.0, 0.069807835
10690.0, 0.06978362
10700.0, 0.06975945
10710.0, 0.06973533
10720.0, 0.06971125
10730.0, 0.06968723
10740.0, 0.06966325
10750.0, 0.069639325
10760.0, 0.069615446
10770.0, 0.069591604
10780.0, 0.06956782
10790.0, 0.069544084
10800.0, 0.06952039
10810.0, 0.06949674
10820.0, 0.06947315
10830.0, 0.0694496
10840.0, 0.0694261
10850.0, 0.06940264
10860.0, 0.06937923
10870.0, 0.06935587
10880.0, 0.06933255
10890.0, 0.06930928
10900.0, 0.06928605
10910.0, 0.06926288
10920.0, 0.06923974
10930.0, 0.06921665
10940.0, 0.06919362
10950.0, 0.069170624
10960.0, 0.069147676
10970.0, 0.06912477
10980.0, 0.06910192
10990.0, 0.06907911
11000.0, 0.06905634
11010.0, 0.06903362
11020.0, 0.06901094
11030.0, 0.068988316
11040.0, 0.06896573
11050.0, 0.068943195
11060.0, 0.0689207
11070.0, 0.06889825
11080.0, 0.06887585
11090.0, 0.06885349
11100.0, 0.06883117
11110.0, 0.0688089
11120.0, 0.06878667
11130.0, 0.068764485
11140.0, 0.06874235
11150.0, 0.06872026
11160.0, 0.068698205
11170.0, 0.068676196
11180.0, 0.06865424
11190.0, 0.06863232
11200.0, 0.068610445
11210.0, 0.06858861
11220.0, 0.06856682
11230.0, 0.06854508
11240.0, 0.06852338
11250.0, 0.068501726
11260.0, 0.068480104
11270.0, 0.06845854
11280.0, 0.068437
11290.0, 0.06841552
11300.0, 0.06839408
11310.0, 0.06837268
11320.0, 0.06835132
11330.0, 0.06833001
11340.0, 0.06830873
11350.0, 0.06828751
11360.0, 0.06826632
11370.0, 0.06824517
11380.0, 0.068224065
11390.0, 0.068203
11400.0, 0.06818199
11410.0, 0.06816101
11420.0, 0.06814008
11430.0, 0.06811918
11440.0, 0.06809833
11450.0, 0.06807752
11460.0, 0.06805675
11470.0, 0.06803602
11480.0, 0.06801534
11490.0, 0.06799469
11500.0, 0.06797409
11510.0, 0.06795352
11520.0, 0.067933
11530.0, 0.06791252
11540.0, 0.06789208
11550.0, 0.067871675
11560.0, 0.06785133
11570.0, 0.067831
11580.0, 0.06781073
11590.0, 0.06779049
11600.0, 0.067770295
11610.0, 0.06775014
11620.0, 0.067730024
11630.0, 0.067709945
11640.0, 0.0676899
11650.0, 0.06766991
11660.0, 0.06764995
11670.0, 0.06763004
11680.0, 0.06761016
11690.0, 0.067590326
11700.0, 0.06757052
11710.0, 0.06755076
11720.0, 0.06753105
11730.0, 0.067511365
11740.0, 0.067491725
11750.0, 0.06747213
11760.0, 0.067452565
11770.0, 0.067433044
11780.0, 0.06741356
11790.0, 0.06739411
11800.0, 0.0673747
11810.0, 0.067355335
11820.0, 0.06733601
11830.0, 0.06731671
11840.0, 0.06729746
11850.0, 0.06727825
11860.0, 0.06725907
11870.0, 0.06723994
11880.0, 0.06722084
11890.0, 0.06720177
11900.0, 0.06718275
11910.0, 0.067163765
11920.0, 0.06714482
11930.0, 0.06712591
11940.0, 0.06710704
11950.0, 0.0670882
11960.0, 0.067069404
11970.0, 0.06705065
11980.0, 0.06703192
11990.0, 0.06701324
12000.0, 0.06699459
12010.0, 0.06697598
12020.0, 0.066957414
12030.0, 0.06693888
12040.0, 0.06692037
12050.0, 0.066901915
12060.0, 0.06688348
12070.0, 0.0668651
12080.0, 0.06684675
12090.0, 0.06682843
12100.0, 0.066810146
12110.0, 0.066791914
12120.0, 0.066773705
12130.0, 0.06675553
12140.0, 0.0667374
12150.0, 0.0667193
12160.0, 0.06670124
12170.0, 0.06668322
12180.0, 0.066665225
12190.0, 0.06664728
12200.0, 0.06662936
12210.0, 0.06661147
12220.0, 0.06659363
12230.0, 0.06657582
12240.0, 0.06655804
12250.0, 0.0665403
12260.0, 0.06652259
12270.0, 0.066504925
12280.0, 0.06648729
12290.0, 0.0664697
12300.0, 0.06645213
12310.0, 0.0664346
12320.0, 0.066417105
12330.0, 0.06639965
12340.0, 0.06638222
12350.0, 0.06636483
12360.0, 0.06634748
12370.0, 0.06633016
12380.0, 0.06631288
12390.0, 0.066295624
12400.0, 0.066278405
12410.0, 0.066261224
12420.0, 0.06624408
12430.0, 0.06622696
12440.0, 0.06620988
12450.0, 0.066192836
12460.0, 0.066175826
12470.0, 0.06615885
12480.0, 0.0661419
12490.0, 0.06612499
12500.0, 0.06610812
12510.0, 0.06609128
12520.0, 0.06607447
12530.0, 0.06605769
12540.0, 0.06604095
12550.0, 0.06602424
12560.0, 0.06600757
12570.0, 0.065990925
12580.0, 0.06597431
12590.0, 0.06595774
12600.0, 0.06594119
12610.0, 0.06592468
12620.0, 0.06590821
12630.0, 0.065891765
12640.0, 0.06587535
12650.0, 0.065858975
12660.0, 0.065842636
12670.0, 0.06582632
12680.0, 0.06581003
12690.0, 0.06579379
12700.0, 0.06577757
12710.0, 0.06576139
12720.0, 0.06574524
12730.0, 0.06572912
12740.0, 0.06571303
12750.0, 0.06569698
12760.0, 0.06568095
12770.0, 0.06566496
12780.0, 0.065649
12790.0, 0.06563307
12800.0, 0.06561718
12810.0, 0.06560132
12820.0, 0.06558549
12830.0, 0.065569684
12840.0, 0.06555392
12850.0, 0.065538175
12860.0, 0.06552248
12870.0, 0.06550679
12880.0, 0.065491155
12890.0, 0.06547554
12900.0, 0.06545996
12910.0, 0.06544441
12920.0, 0.06542889
12930.0, 0.0654134
12940.0, 0.06539794
12950.0, 0.06538252
12960.0, 0.065367125
12970.0, 0.06535176
12980.0, 0.06533642
12990.0, 0.06532112
13000.0, 0.06530585
13010.0, 0.06529061
13020.0, 0.06527539
13030.0, 0.06526021
13040.0, 0.065245055
13050.0, 0.06522993
13060.0, 0.06521484
13070.0, 0.06519978
13080.0, 0.06518476
13090.0, 0.06516975
13100.0, 0.06515478
13110.0, 0.06513984
13120.0, 0.06512493
13130.0, 0.06511004
13140.0, 0.06509519
13150.0, 0.06508037
13160.0, 0.06506558
13170.0, 0.06505082
13180.0, 0.06503608
13190.0, 0.06502137
13200.0, 0.065006696
13210.0, 0.064992055
13220.0, 0.06497744
13230.0, 0.06496285
13240.0, 0.06494829
13250.0, 0.06493376
13260.0, 0.06491926
13270.0, 0.06490479
13280.0, 0.06489035
13290.0, 0.06487593
13300.0, 0.06486154
13310.0, 0.06484719
13320.0, 0.064832866
13330.0, 0.06481856
13340.0, 0.06480429
13350.0, 0.06479005
13360.0, 0.06477583
13370.0, 0.064761646
13380.0, 0.06474749
13390.0, 0.06473336
13400.0, 0.06471926
13410.0, 0.06470519
13420.0, 0.06469114
13430.0, 0.06467713
13440.0, 0.06466314
13450.0, 0.06464918
13460.0, 0.06463525
13470.0, 0.06462134
13480.0, 0.064607464
13490.0, 0.06459361
13500.0, 0.06457979
13510.0, 0.064565994
13520.0, 0.06455223
13530.0, 0.06453849
13540.0, 0.06452478
13550.0, 0.06451109
13560.0, 0.06449743
13570.0, 0.06448381
13580.0, 0.0644702
13590.0, 0.06445663
13600.0, 0.064443074
13610.0, 0.06442955
13620.0, 0.06441606
13630.0, 0.064402595
13640.0, 0.06438915
13650.0, 0.064375736
13660.0, 0.06436235
13670.0, 0.06434899
13680.0, 0.06433565
13690.0, 0.064322345
13700.0, 0.06430906
13710.0, 0.06429581
13720.0, 0.06428258
13730.0, 0.06426938
13740.0, 0.064256206
13750.0, 0.064243056
13760.0, 0.064229935
13770.0, 0.06421684
13780.0, 0.06420377
13790.0, 0.06419072
13800.0, 0.0641777
13810.0, 0.06416471
13820.0, 0.06415174
13830.0, 0.0641388
13840.0, 0.06412589
13850.0, 0.064113
13860.0, 0.06410014
13870.0, 0.0640873
13880.0, 0.06407449
13890.0, 0.064061694
13900.0, 0.06404894
13910.0, 0.0640362
13920.0, 0.06402349
13930.0, 0.06401081
13940.0, 0.06399815
13950.0, 0.06398551
13960.0, 0.063972905
13970.0, 0.06396032
13980.0, 0.06394776
13990.0, 0.06393523
14000.0, 0.06392272
14010.0, 0.06391023
14020.0, 0.06389777
14030.0, 0.06388534
14040.0, 0.06387293
14050.0, 0.06386054
14060.0, 0.06384818
14070.0, 0.06383585
14080.0, 0.06382354
14090.0, 0.06381126
14100.0, 0.063798994
14110.0, 0.06378676
14120.0, 0.06377454
14130.0, 0.06376235
14140.0, 0.06375019
14150.0, 0.063738056
14160.0, 0.06372594
14170.0, 0.06371385
14180.0, 0.06370178
14190.0, 0.06368974
14200.0, 0.06367772
14210.0, 0.06366572
14220.0, 0.06365375
14230.0, 0.0636418
14240.0, 0.06362988
14250.0, 0.06361798
14260.0, 0.063606106
14270.0, 0.06359425
14280.0, 0.06358243
14290.0, 0.06357062
14300.0, 0.06355884
14310.0, 0.06354708
14320.0, 0.06353535
14330.0, 0.063523635
14340.0, 0.063511945
14350.0, 0.063500285
14360.0, 0.06348864
14370.0, 0.063477024
14380.0, 0.06346543
14390.0, 0.06345386
14400.0, 0.06344231
14410.0, 0.063430786
14420.0, 0.06341928
14430.0, 0.0634078
14440.0, 0.06339634
14450.0, 0.06338491
14460.0, 0.0633735
14470.0, 0.063362114
14480.0, 0.063350745
14490.0, 0.063339405
14500.0, 0.06332809
14510.0, 0.063316785
14520.0, 0.06330551
14530.0, 0.06329426
14540.0, 0.063283026
14550.0, 0.06327182
14560.0, 0.06326064
14570.0, 0.063249476
14580.0, 0.06323833
14590.0, 0.063227214
14600.0, 0.06321612
14610.0, 0.06320505
14620.0, 0.06319399
14630.0, 0.063182965
14640.0, 0.06317195
14650.0, 0.06316097
14660.0, 0.06315
14670.0, 0.063139066
14680.0, 0.06312814
14690.0, 0.06311724
14700.0, 0.06310637
14710.0, 0.06309551
14720.0, 0.063084684
14730.0, 0.063073866
14740.0, 0.06306308
14750.0, 0.063052304
14760.0, 0.06304156
14770.0, 0.06303084
14780.0, 0.06302013
14790.0, 0.06300945
14800.0, 0.06299879
14810.0, 0.06298815
14820.0, 0.06297753
14830.0, 0.06296693
14840.0, 0.062956356
14850.0, 0.0629458
14860.0, 0.06293526
14870.0, 0.06292475
14880.0, 0.06291426
14890.0, 0.062903784
14900.0, 0.06289333
14910.0, 0.06288291
14920.0, 0.06287249
14930.0, 0.062862106
14940.0, 0.06285174
14950.0, 0.06284139
14960.0, 0.06283107
14970.0, 0.062820755
14980.0, 0.06281047
14990.0, 0.062800206
15000.0, 0.06278996
15010.0, 0.06277974
15020.0, 0.06276954
15030.0, 0.062759355
15040.0, 0.06274919
15050.0, 0.062739044
15060.0, 0.06272893
15070.0, 0.06271882
15080.0, 0.06270874
15090.0, 0.06269868
15100.0, 0.06268864
15110.0, 0.06267862
15120.0, 0.062668614
15130.0, 0.06265864
15140.0, 0.06264868
15150.0, 0.06263873
15160.0, 0.06262881
15170.0, 0.06261891
15180.0, 0.062609024
15190.0, 0.06259917
15200.0, 0.06258932
15210.0, 0.0625795
15220.0, 0.06256969
15230.0, 0.06255991
15240.0, 0.06255015
15250.0, 0.0625404
15260.0, 0.062530674
15270.0, 0.062520966
15280.0, 0.06251128
15290.0, 0.06250162
15300.0, 0.062491965
15310.0, 0.062482335
15320.0, 0.062472727
15330.0, 0.062463135
15340.0, 0.062453564
15350.0, 0.06244401
15360.0, 0.06243448
15370.0, 0.062424965
15380.0, 0.06241547
15390.0, 0.062405992
15400.0, 0.062396534
15410.0, 0.062387094
15420.0, 0.062377676
15430.0, 0.062368274
15440.0, 0.062358893
15450.0, 0.06234953
15460.0, 0.062340185
15470.0, 0.06233086
15480.0, 0.06232155
15490.0, 0.06231226
15500.0, 0.06230299
15510.0, 0.062293738
15520.0, 0.062284507
15530.0, 0.06227529
15540.0, 0.062266096
15550.0, 0.062256917
15560.0, 0.062247757
15570.0, 0.062238615
15580.0, 0.06222949
15590.0, 0.062220387
15600.0, 0.062211297
15610.0, 0.06220223
15620.0, 0.062193178
15630.0, 0.062184148
15640.0, 0.062175132
15650.0, 0.062166136
15660.0, 0.062157158
15670.0, 0.062148195
15680.0, 0.062139254
15690.0, 0.06213033
15700.0, 0.06212142
15710.0, 0.06211253
15720.0, 0.06210366
15730.0, 0.062094804
15740.0, 0.062085968
15750.0, 0.06207715
15760.0, 0.06206835
15770.0, 0.062059566
15780.0, 0.0620508
15790.0, 0.06204205
15800.0, 0.062033318
15810.0, 0.062024605
15820.0, 0.06201591
15830.0, 0.06200723
15840.0, 0.06199857
15850.0, 0.061989922
15860.0, 0.061981298
15870.0, 0.061972685
15880.0, 0.061964095
15890.0, 0.06195552
15900.0, 0.06194696
15910.0, 0.06193842
15920.0, 0.061929893
15930.0, 0.061921388
15940.0, 0.061912898
15950.0, 0.061904423
15960.0, 0.061895967
15970.0, 0.06188753
15980.0, 0.061879106
15990.0, 0.0618707
16000.0, 0.06186231
16010.0, 0.061853938
16020.0, 0.061845582
16030.0, 0.061837245
16040.0, 0.06182892
16050.0, 0.061820615
16060.0, 0.061812326
16070.0, 0.061804052
16080.0, 0.061795797
16090.0, 0.061787557
16100.0, 0.06177933
16110.0, 0.061771125
16120.0, 0.061762936
16130.0, 0.06175476
16140.0, 0.061746605
16150.0, 0.061738465
16160.0, 0.06173034
16170.0, 0.06172223
16180.0, 0.061714135
16190.0, 0.06170606
16200.0, 0.061698
16210.0, 0.061689954
16220.0, 0.061681926
16230.0, 0.061673913
16240.0, 0.06166592
16250.0, 0.061657935
16260.0, 0.061649974
16270.0, 0.061642025
16280.0, 0.061634094
16290.0, 0.061626177
16300.0, 0.061618276
16310.0, 0.06161039
16320.0, 0.061602518
16330.0, 0.061594665
16340.0, 0.061586827
16350.0, 0.061579004
16360.0, 0.0615712
16370.0, 0.061563402
16380.0, 0.061555628
16390.0, 0.06154787
16400.0, 0.061540127
16410.0, 0.061532397
16420.0, 0.06152468
16430.0, 0.061516985
16440.0, 0.0615093
16450.0, 0.06150163
16460.0, 0.061493978
16470.0, 0.06148634
16480.0, 0.06147872
16490.0, 0.061471112
16500.0, 0.061463524
16510.0, 0.061455946
16520.0, 0.061448388
16530.0, 0.061440837
16540.0, 0.061433308
16550.0, 0.061425794
16560.0, 0.06141829
16570.0, 0.061410807
16580.0, 0.061403334
16590.0, 0.061395876
16600.0, 0.061388433
16610.0, 0.06138101
16620.0, 0.0613736
16630.0, 0.0613662
16640.0, 0.061358817
16650.0, 0.061351452
16660.0, 0.0613441
16670.0, 0.06133676
16680.0, 0.061329436
16690.0, 0.061322127
16700.0, 0.061314836
16710.0, 0.061307553
16720.0, 0.06130029
16730.0, 0.06129304
16740.0, 0.0612858
16750.0, 0.061278578
16760.0, 0.061271373
16770.0, 0.06126418
16780.0, 0.061257005
16790.0, 0.061249837
16800.0, 0.06124269
16810.0, 0.061235555
16820.0, 0.06122843
16830.0, 0.061221324
16840.0, 0.06121423
16850.0, 0.061207153
16860.0, 0.061200086
16870.0, 0.061193038
16880.0, 0.061186
16890.0, 0.06117898
16900.0, 0.061171968
16910.0, 0.061164975
16920.0, 0.061157994
16930.0, 0.061151028
16940.0, 0.061144076
16950.0, 0.061137136
16960.0, 0.06113021
16970.0, 0.0611233
16980.0, 0.0611164
16990.0, 0.06110952
17000.0, 0.06110265
17010.0, 0.061095797
17020.0, 0.061088953
17030.0, 0.061082125
17040.0, 0.06107531
17050.0, 0.06106851
17060.0, 0.06106172
17070.0, 0.061054945
17080.0, 0.061048184
17090.0, 0.061041437
17100.0, 0.061034705
17110.0, 0.06102798
17120.0, 0.061021276
17130.0, 0.06101458
17140.0, 0.061007902
17150.0, 0.061001234
17160.0, 0.06099458
17170.0, 0.060987942
17180.0, 0.060981315
17190.0, 0.0609747
17200.0, 0.0609681
17210.0, 0.06096151
17220.0, 0.06095494
17230.0, 0.060948376
17240.0, 0.060941827
17250.0, 0.060935292
17260.0, 0.060928773
17270.0, 0.060922265
17280.0, 0.06091577
17290.0, 0.060909282
17300.0, 0.06090281
17310.0, 0.06089636
17320.0, 0.06088991
17330.0, 0.06088348
17340.0, 0.060877062
17350.0, 0.060870655
17360.0, 0.060864266
17370.0, 0.060857885
17380.0, 0.060851518
17390.0, 0.060845163
17400.0, 0.06083882
17410.0, 0.06083249
17420.0, 0.060826175
17430.0, 0.060819868
17440.0, 0.06081358
17450.0, 0.060807303
17460.0, 0.060801033
17470.0, 0.06079478
17480.0, 0.06078854
17490.0, 0.06078231
17500.0, 0.060776092
17510.0, 0.060769886
17520.0, 0.060763698
17530.0, 0.060757518
17540.0, 0.06075135
17550.0, 0.060745195
17560.0, 0.060739055
17570.0, 0.06073292
17580.0, 0.060726803
17590.0, 0.060720697
17600.0, 0.060714606
17610.0, 0.060708523
17620.0, 0.060702454
17630.0, 0.060696397
17640.0, 0.060690355
17650.0, 0.06068432
17660.0, 0.0606783
17670.0, 0.06067229
17680.0, 0.060666293
17690.0, 0.06066031
17700.0, 0.06065434
17710.0, 0.06064837
17720.0, 0.060642425
17730.0, 0.06063649
17740.0, 0.060630564
17750.0, 0.060624648
17760.0, 0.060618747
17770.0, 0.060612857
17780.0, 0.06060698
17790.0, 0.06060111
17800.0, 0.06059526
17810.0, 0.060589414
17820.0, 0.06058358
17830.0, 0.06057776
17840.0, 0.060571954
17850.0, 0.060566157
17860.0, 0.060560375
17870.0, 0.0605546
17880.0, 0.06054884
17890.0, 0.06054309
17900.0, 0.06053735
17910.0, 0.060531624
17920.0, 0.060525905
17930.0, 0.0605202
17940.0, 0.060514506
17950.0, 0.060508825
17960.0, 0.060503155
17970.0, 0.060497496
17980.0, 0.060491845
17990.0, 0.060486212
18000.0, 0.060480587
18010.0, 0.060474973
18020.0, 0.06046937
18030.0, 0.06046378
18040.0, 0.060458194
18050.0, 0.060452625
18060.0, 0.06044707
18070.0, 0.060441524
18080.0, 0.060435988
18090.0, 0.06043046
18100.0, 0.060424946
18110.0, 0.060419444
18120.0, 0.060413953
18130.0, 0.06040847
18140.0, 0.060402997
18150.0, 0.06039754
18160.0, 0.060392093
18170.0, 0.060386654
18180.0, 0.060381226
18190.0, 0.060375813
18200.0, 0.060370408
18210.0, 0.060365014
18220.0, 0.06035963
18230.0, 0.060354255
18240.0, 0.060348894
18250.0, 0.060343545
18260.0, 0.060338203
18270.0, 0.060332876
18280.0, 0.060327552
18290.0, 0.060322247
18300.0, 0.06031695
18310.0, 0.06031166
18320.0, 0.06030638
18330.0, 0.060301118
18340.0, 0.06029586
18350.0, 0.060290616
18360.0, 0.060285382
18370.0, 0.06028016
18380.0, 0.060274944
18390.0, 0.060269743
18400.0, 0.060264546
18410.0, 0.060259365
18420.0, 0.06025419
18430.0, 0.06024903
18440.0, 0.06024388
18450.0, 0.060238734
18460.0, 0.060233604
18470.0, 0.060228482
18480.0, 0.06022337
18490.0, 0.060218275
18500.0, 0.060213182
18510.0, 0.0602081
18520.0, 0.060203034
18530.0, 0.06019797
18540.0, 0.06019292
18550.0, 0.060187884
18560.0, 0.060182855
18570.0, 0.060177833
18580.0, 0.060172822
18590.0, 0.060167823
18600.0, 0.060162835
18610.0, 0.060157854
18620.0, 0.060152885
18630.0, 0.060147922
18640.0, 0.060142975
18650.0, 0.060138036
18660.0, 0.060133103
18670.0, 0.060128186
18680.0, 0.060123272
18690.0, 0.060118373
18700.0, 0.060113482
18710.0, 0.0601086
18720.0, 0.06010373
18730.0, 0.060098868
18740.0, 0.060094018
18750.0, 0.060089175
18760.0, 0.06008434
18770.0, 0.06007952
18780.0, 0.060074702
18790.0, 0.0600699
18800.0, 0.060065106
18810.0, 0.060060322
18820.0, 0.060055546
18830.0, 0.06005078
18840.0, 0.060046025
18850.0, 0.06004128
18860.0, 0.060036544
18870.0, 0.060031816
18880.0, 0.060027096
18890.0, 0.060022388
18900.0, 0.06001769
18910.0, 0.060013
18920.0, 0.060008317
18930.0, 0.060003646
18940.0, 0.059998985
18950.0, 0.059994332
18960.0, 0.059989687
18970.0, 0.059985057
18980.0, 0.059980433
18990.0, 0.059975814
19000.0, 0.05997121
19010.0, 0.059966613
19020.0, 0.059962027
19030.0, 0.05995745
19040.0, 0.059952877
19050.0, 0.059948318
19060.0, 0.059943765
19070.0, 0.05993922
19080.0, 0.059934687
19090.0, 0.059930164
19100.0, 0.05992565
19110.0, 0.059921145
19120.0, 0.059916645
19130.0, 0.05991216
19140.0, 0.05990768
19150.0, 0.05990321
19160.0, 0.05989875
19170.0, 0.059894297
19180.0, 0.059889853
19190.0, 0.05988542
19200.0, 0.05988099
19210.0, 0.059876576
19220.0, 0.059872165
19230.0, 0.059867766
19240.0, 0.059863377
19250.0, 0.059858996
19260.0, 0.05985462
19270.0, 0.059850257
19280.0, 0.0598459
19290.0, 0.059841555
19300.0, 0.05983722
19310.0, 0.05983289
19320.0, 0.059828565
19330.0, 0.059824254
19340.0, 0.05981995
19350.0, 0.059815656
19360.0, 0.05981137
19370.0, 0.05980709
19380.0, 0.059802823
19390.0, 0.05979856
19400.0, 0.059794307
19410.0, 0.059790067
19420.0, 0.059785828
19430.0, 0.0597816
19440.0, 0.059777383
19450.0, 0.059773177
19460.0, 0.05976897
19470.0, 0.05976478
19480.0, 0.059760593
19490.0, 0.059756417
19500.0, 0.059752252
19510.0, 0.05974809
19520.0, 0.05974394
19530.0, 0.059739795
19540.0, 0.05973566
19550.0, 0.059731532
19560.0, 0.059727415
19570.0, 0.059723306
19580.0, 0.0597192
19590.0, 0.05971511
19600.0, 0.05971102
19610.0, 0.059706945
19620.0, 0.059702877
19630.0, 0.059698813
19640.0, 0.05969476
19650.0, 0.059690718
19660.0, 0.05968668
19670.0, 0.059682652
19680.0, 0.05967863
19690.0, 0.059674617
19700.0, 0.059670612
19710.0, 0.059666615
19720.0, 0.05966263
19730.0, 0.059658647
19740.0, 0.05965467
19750.0, 0.059650708
19760.0, 0.05964675
19770.0, 0.059642803
19780.0, 0.05963886
19790.0, 0.059634928
19800.0, 0.059631005
19810.0, 0.059627082
19820.0, 0.059623174
19830.0, 0.05961927
19840.0, 0.059615377
19850.0, 0.05961149
19860.0, 0.059607614
19870.0, 0.05960374
19880.0, 0.059599876
19890.0, 0.059596024
19900.0, 0.059592176
19910.0, 0.059588335
19920.0, 0.059584502
19930.0, 0.059580676
19940.0, 0.05957686
19950.0, 0.05957305
19960.0, 0.05956925
19970.0, 0.05956545
19980.0, 0.059561666
19990.0, 0.05955789
20000.0, 0.05955412
20010.0, 0.059550352
20020.0, 0.059546597
20030.0, 0.05954285
20040.0, 0.059539106
20050.0, 0.059535373
20060.0, 0.059531644
20070.0, 0.059527922
20080.0, 0.059524216
20090.0, 0.05952051
20100.0, 0.05951681
20110.0, 0.05951312
20120.0, 0.059509438
20130.0, 0.059505764
20140.0, 0.059502095
20150.0, 0.059498437
20160.0, 0.059494786
20170.0, 0.059491135
20180.0, 0.0594875
20190.0, 0.059483867
20200.0, 0.059480246
20210.0, 0.05947663
20220.0, 0.05947302
20230.0, 0.059469417
20240.0, 0.05946582
20250.0, 0.059462234
20260.0, 0.059458654
20270.0, 0.059455078
20280.0, 0.059451513
20290.0, 0.059447955
20300.0, 0.0594444
20310.0, 0.05944086
20320.0, 0.059437316
20330.0, 0.059433788
20340.0, 0.059430264
20350.0, 0.059426747
20360.0, 0.059423238
20370.0, 0.059419736
20380.0, 0.05941624
20390.0, 0.05941275
20400.0, 0.05940927
20410.0, 0.059405796
20420.0, 0.059402328
20430.0, 0.059398863
20440.0, 0.05939541
20450.0, 0.05939196
20460.0, 0.059388526
20470.0, 0.05938509
20480.0, 0.05938166
20490.0, 0.059378244
20500.0, 0.059374828
20510.0, 0.059371427
20520.0, 0.05936802
20530.0, 0.05936463
20540.0, 0.05936125
20550.0, 0.059357867
20560.0, 0.059354495
20570.0, 0.05935113
20580.0, 0.05934777
20590.0, 0.05934442
20600.0, 0.059341073
20610.0, 0.059337735
20620.0, 0.059334405
20630.0, 0.059331078
20640.0, 0.05932776
20650.0, 0.059324443
20660.0, 0.059321143
20670.0, 0.059317842
20680.0, 0.05931455
20690.0, 0.059311263
20700.0, 0.059307985
20710.0, 0.059304714
20720.0, 0.059301443
20730.0, 0.059298187
20740.0, 0.05929493
20750.0, 0.059291687
20760.0, 0.059288446
20770.0, 0.059285216
20780.0, 0.059281986
20790.0, 0.059278764
20800.0, 0.05927555
20810.0, 0.05927234
20820.0, 0.05926914
20830.0, 0.059265945
20840.0, 0.05926276
20850.0, 0.059259575
20860.0, 0.0592564
20870.0, 0.05925323
20880.0, 0.059250068
20890.0, 0.05924691
20900.0, 0.059243757
20910.0, 0.059240617
20920.0, 0.059237476
20930.0, 0.059234347
20940.0, 0.059231218
20950.0, 0.0592281
20960.0, 0.05922499
20970.0, 0.059221882
20980.0, 0.05921878
20990.0, 0.059215683
21000.0, 0.059212595
21010.0, 0.059209514
21020.0, 0.05920644
21030.0, 0.059203368
21040.0, 0.059200305
21050.0, 0.059197247
21060.0, 0.059194196
21070.0, 0.05919115
21080.0, 0.059188113
21090.0, 0.05918508
21100.0, 0.05918205
21110.0, 0.05917903
21120.0, 0.059176017
21130.0, 0.059173003
21140.0, 0.059170004
21150.0, 0.05916701
21160.0, 0.059164014
21170.0, 0.05916103
21180.0, 0.05915805
21190.0, 0.059155077
21200.0, 0.05915211
21210.0, 0.05914915
21220.0, 0.059146196
21230.0, 0.05914324
21240.0, 0.0591403
21250.0, 0.059137363
21260.0, 0.05913443
21270.0, 0.059131503
21280.0, 0.059128586
21290.0, 0.059125673
21300.0, 0.059122764
21310.0, 0.059119858
21320.0, 0.05911696
21330.0, 0.059114072
21340.0, 0.059111185
21350.0, 0.05910831
21360.0, 0.059105434
21370.0, 0.059102565
21380.0, 0.0590997
21390.0, 0.059096847
21400.0, 0.059093993
21410.0, 0.05909115
21420.0, 0.059088312
21430.0, 0.059085473
21440.0, 0.059082646
21450.0, 0.059079826
21460.0, 0.05907701
21470.0, 0.059074197
21480.0, 0.05907139
21490.0, 0.05906859
21500.0, 0.059065796
21510.0, 0.059063006
21520.0, 0.059060223
21530.0, 0.059057444
21540.0, 0.059054673
21550.0, 0.05905191
21560.0, 0.059049148
21570.0, 0.05904639
21580.0, 0.059043642
21590.0, 0.059040897
21600.0, 0.05903816
21610.0, 0.059035424
21620.0, 0.059032697
21630.0, 0.05902997
21640.0, 0.059027255
21650.0, 0.059024543
21660.0, 0.059021834
21670.0, 0.059019137
21680.0, 0.05901644
21690.0, 0.059013747
21700.0, 0.059011064
21710.0, 0.059008382
21720.0, 0.05900571
21730.0, 0.05900304
21740.0, 0.059000377
21750.0, 0.05899772
21760.0, 0.058995064
21770.0, 0.05899242
21780.0, 0.05898978
21790.0, 0.05898714
21800.0, 0.058984507
21810.0, 0.05898188
21820.0, 0.05897926
21830.0, 0.058976643
21840.0, 0.05897403
21850.0, 0.058971427
21860.0, 0.058968827
21870.0, 0.05896623
21880.0, 0.05896364
21890.0, 0.058961056
21900.0, 0.05895848
21910.0, 0.0589559
21920.0, 0.058953334
21930.0, 0.05895077
21940.0, 0.05894821
21950.0, 0.058945656
21960.0, 0.058943104
21970.0, 0.058940563
21980.0, 0.058938023
21990.0, 0.05893549
22000.0, 0.05893296
22010.0, 0.058930438
22020.0, 0.05892792
22030.0, 0.058925405
22040.0, 0.058922898
22050.0, 0.058920395
22060.0, 0.058917895
22070.0, 0.058915403
22080.0, 0.058912914
22090.0, 0.05891043
22100.0, 0.05890795
22110.0, 0.05890548
22120.0, 0.05890301
22130.0, 0.058900546
22140.0, 0.058898084
22150.0, 0.058895633
22160.0, 0.05889318
22170.0, 0.058890738
22180.0, 0.0588883
22190.0, 0.058885865
22200.0, 0.058883436
22210.0, 0.05888101
22220.0, 0.058878593
22230.0, 0.05887618
22240.0, 0.05887377
22250.0, 0.05887136
22260.0, 0.05886896
22270.0, 0.058866564
22280.0, 0.058864173
22290.0, 0.05886179
22300.0, 0.058859408
22310.0, 0.05885703
22320.0, 0.05885466
22330.0, 0.05885229
22340.0, 0.058849927
22350.0, 0.058847573
22360.0, 0.05884522
22370.0, 0.058842868
22380.0, 0.058840524
22390.0, 0.058838185
22400.0, 0.058835853
22410.0, 0.05883352
22420.0, 0.0588312
22430.0, 0.058828875
22440.0, 0.058826562
22450.0, 0.05882425
22460.0, 0.058821943
22470.0, 0.05881964
22480.0, 0.058817346
22490.0, 0.05881505
22500.0, 0.058812764
22510.0, 0.05881048
22520.0, 0.0588082
22530.0, 0.058805928
22540.0, 0.05880366
22550.0, 0.058801394
22560.0, 0.058799133
22570.0, 0.058796875
22580.0, 0.058794625
22590.0, 0.058792375
22600.0, 0.058790132
22610.0, 0.058787894
22620.0, 0.05878566
22630.0, 0.05878343
22640.0, 0.058781207
22650.0, 0.058778986
22660.0, 0.058776766
22670.0, 0.058774557
22680.0, 0.058772348
22690.0, 0.05877015
22700.0, 0.05876795
22710.0, 0.058765758
22720.0, 0.058763564
22730.0, 0.05876138
22740.0, 0.058759198
22750.0, 0.058757022
22760.0, 0.05875485
22770.0, 0.058752682
22780.0, 0.058750518
22790.0, 0.05874836
22800.0, 0.058746208
22810.0, 0.058744058
22820.0, 0.05874191
22830.0, 0.058739766
22840.0, 0.05873763
22850.0, 0.058735494
22860.0, 0.058733366
22870.0, 0.05873124
22880.0, 0.05872912
22890.0, 0.058727004
22900.0, 0.05872489
22910.0, 0.058722783
22920.0, 0.05872068
22930.0, 0.05871858
22940.0, 0.058716483
22950.0, 0.058714394
22960.0, 0.058712307
22970.0, 0.058710225
22980.0, 0.058708142
22990.0, 0.05870607
23000.0, 0.058704
23010.0, 0.058701936
23020.0, 0.058699872
23030.0, 0.058697816
23040.0, 0.05869576
23050.0, 0.05869371
23060.0, 0.05869166
23070.0, 0.058689624
23080.0, 0.058687586
23090.0, 0.05868555
23100.0, 0.058683522
23110.0, 0.0586815
23120.0, 0.058679476
23130.0, 0.058677457
23140.0, 0.058675446
23150.0, 0.058673434
23160.0, 0.05867143
23170.0, 0.05866943
23180.0, 0.058667433
23190.0, 0.05866544
23200.0, 0.05866345
23210.0, 0.058661465
23220.0, 0.058659483
23230.0, 0.058657505
23240.0, 0.05865553
23250.0, 0.058653563
23260.0, 0.058651596
23270.0, 0.058649637
23280.0, 0.058647677
23290.0, 0.058645725
23300.0, 0.058643773
23310.0, 0.05864183
23320.0, 0.058639888
23330.0, 0.058637947
23340.0, 0.058636013
23350.0, 0.058634084
23360.0, 0.058632154
23370.0, 0.058630235
23380.0, 0.058628317
23390.0, 0.0586264
23400.0, 0.05862449
23410.0, 0.05862258
23420.0, 0.058620676
23430.0, 0.05861878
23440.0, 0.05861688
23450.0, 0.058614988
23460.0, 0.058613103
23470.0, 0.058611218
23480.0, 0.058609337
23490.0, 0.058607455
23500.0, 0.05860558
23510.0, 0.058603715
23520.0, 0.05860185
23530.0, 0.058599986
23540.0, 0.058598127
23550.0, 0.058596272
23560.0, 0.05859442
23570.0, 0.058592573
23580.0, 0.05859073
23590.0, 0.058588892
23600.0, 0.058587056
23610.0, 0.058585223
23620.0, 0.058583394
23630.0, 0.058581565
23640.0, 0.058579747
23650.0, 0.05857793
23660.0, 0.05857611
23670.0, 0.058574304
23680.0, 0.058572493
23690.0, 0.058570694
23700.0, 0.05856889
23710.0, 0.058567096
23720.0, 0.058565304
23730.0, 0.05856351
23740.0, 0.058561727
23750.0, 0.058559947
23760.0, 0.058558166
23770.0, 0.058556393
23780.0, 0.05855462
23790.0, 0.058552854
23800.0, 0.058551088
23810.0, 0.05854933
23820.0, 0.058547568
23830.0, 0.058545817
23840.0, 0.058544066
23850.0, 0.05854232
23860.0, 0.05854058
23870.0, 0.05853884
23880.0, 0.0585371
23890.0, 0.058535367
23900.0, 0.058533635
23910.0, 0.05853191
23920.0, 0.05853019
23930.0, 0.058528468
23940.0, 0.058526758
23950.0, 0.058525044
23960.0, 0.058523335
23970.0, 0.05852163
23980.0, 0.058519926
23990.0, 0.058518227
24000.0, 0.058516532
24010.0, 0.05851484
24020.0, 0.058513153
24030.0, 0.058511466
24040.0, 0.058509786
24050.0, 0.058508106
24060.0, 0.05850643
24070.0, 0.05850476
24080.0, 0.05850309
24090.0, 0.05850143
24100.0, 0.058499765
24110.0, 0.05849811
24120.0, 0.058496453
24130.0, 0.058494803
24140.0, 0.058493152
24150.0, 0.05849151
24160.0, 0.058489863
24170.0, 0.058488227
24180.0, 0.058486592
24190.0, 0.058484957
24200.0, 0.05848333
24210.0, 0.058481704
24220.0, 0.058480084
24230.0, 0.058478463
24240.0, 0.058476847
24250.0, 0.058475234
24260.0, 0.058473628
24270.0, 0.058472022
24280.0, 0.058470417
24290.0, 0.05846882
24300.0, 0.05846722
24310.0, 0.05846563
24320.0, 0.05846404
24330.0, 0.058462452
24340.0, 0.05846087
24350.0, 0.058459286
24360.0, 0.05845771
24370.0, 0.058456134
24380.0, 0.058454562
24390.0, 0.058452994
24400.0, 0.058451433
24410.0, 0.058449868
24420.0, 0.05844831
24430.0, 0.058446754
24440.0, 0.058445204
24450.0, 0.058443654
24460.0, 0.058442105
24470.0, 0.058440566
24480.0, 0.058439024
24490.0, 0.058437485
24500.0, 0.058435954
24510.0, 0.05843442
24520.0, 0.058432896
24530.0, 0.05843137
24540.0, 0.05842985
24550.0, 0.05842833
24560.0, 0.058426812
24570.0, 0.058425304
24580.0, 0.05842379
24590.0, 0.058422286
24600.0, 0.05842078
24610.0, 0.05841928
24620.0, 0.058417782
24630.0, 0.05841629
24640.0, 0.058414795
24650.0, 0.058413308
24660.0, 0.05841182
24670.0, 0.058410343
24680.0, 0.058408864
24690.0, 0.05840738
24700.0, 0.05840591
24710.0, 0.05840444
24720.0, 0.05840297
24730.0, 0.058401506
24740.0, 0.058400042
24750.0, 0.058398586
24760.0, 0.05839713
24770.0, 0.058395676
24780.0, 0.058394223
24790.0, 0.058392778
24800.0, 0.058391333
24810.0, 0.05838989
24820.0, 0.058388453
24830.0, 0.05838702
24840.0, 0.058385585
24850.0, 0.058384154
24860.0, 0.058382723
24870.0, 0.058381304
24880.0, 0.05837988
24890.0, 0.05837846
24900.0, 0.058377042
24910.0, 0.058375634
24920.0, 0.058374222
24930.0, 0.058372814
24940.0, 0.05837141
24950.0, 0.058370005
24960.0, 0.05836861
24970.0, 0.05836721
24980.0, 0.058365818
24990.0, 0.058364425
25000.0, 0.05836304
25010.0, 0.058361653
25020.0, 0.05836027
25030.0, 0.05835889
25040.0, 0.058357514
25050.0, 0.058356144
25060.0, 0.05835477
25070.0, 0.0583534
25080.0, 0.058352035
25090.0, 0.05835067
25100.0, 0.05834931
25110.0, 0.058347955
25120.0, 0.0583466
25130.0, 0.058345243
25140.0, 0.058343895
25150.0, 0.05834255
25160.0, 0.058341205
25170.0, 0.058339864
25180.0, 0.058338527
25190.0, 0.05833719
25200.0, 0.058335856
25210.0, 0.058334526
25220.0, 0.0583332
25230.0, 0.058331873
25240.0, 0.05833055
25250.0, 0.05832923
25260.0, 0.05832791
25270.0, 0.058326595
25280.0, 0.058325283
25290.0, 0.058323972
25300.0, 0.058322664
25310.0, 0.05832136
25320.0, 0.058320057
25330.0, 0.05831876
25340.0, 0.058317464
25350.0, 0.058316167
25360.0, 0.058314875
25370.0, 0.058313586
25380.0, 0.058312304
25390.0, 0.05831102
25400.0, 0.058309734
25410.0, 0.05830846
25420.0, 0.058307182
25430.0, 0.058305908
25440.0, 0.058304638
25450.0, 0.058303367
25460.0, 0.058302104
25470.0, 0.058300838
25480.0, 0.05829958
25490.0, 0.05829832
25500.0, 0.058297064
25510.0, 0.05829581
25520.0, 0.05829456
25530.0, 0.05829331
25540.0, 0.058292065
25550.0, 0.058290824
25560.0, 0.05828958
25570.0, 0.058288343
25580.0, 0.058287106
25590.0, 0.058285873
25600.0, 0.058284644
25610.0, 0.058283415
25620.0, 0.058282185
25630.0, 0.058280963
25640.0, 0.05827974
25650.0, 0.058278523
25660.0, 0.058277305
25670.0, 0.05827609
25680.0, 0.05827488
25690.0, 0.058273673
25700.0, 0.058272466
25710.0, 0.058271263
25720.0, 0.05827006
25730.0, 0.058268864
25740.0, 0.058267664
25750.0, 0.058266472
25760.0, 0.05826528
25770.0, 0.058264088
25780.0, 0.0582629
25790.0, 0.058261715
25800.0, 0.058260534
25810.0, 0.058259353
25820.0, 0.058258172
25830.0, 0.058257
25840.0, 0.05825582
25850.0, 0.05825465
25860.0, 0.058253486
25870.0, 0.05825232
25880.0, 0.058251154
25890.0, 0.05824999
25900.0, 0.058248833
25910.0, 0.058247678
25920.0, 0.058246523
25930.0, 0.05824537
25940.0, 0.05824422
25950.0, 0.05824307
25960.0, 0.058241926
25970.0, 0.058240782
25980.0, 0.058239643
25990.0, 0.058238503
26000.0, 0.058237366
26010.0, 0.05823623
26020.0, 0.0582351
26030.0, 0.05823397
26040.0, 0.058232844
26050.0, 0.05823172
26060.0, 0.058230598
26070.0, 0.058229472
26080.0, 0.05822836
26090.0, 0.058227237
26100.0, 0.058226127
26110.0, 0.058225013
26120.0, 0.058223903
26130.0, 0.0582228
26140.0, 0.05822169
26150.0, 0.05822059
26160.0, 0.05821949
26170.0, 0.05821839
26180.0, 0.058217295
26190.0, 0.058216203
26200.0, 0.05821511
26210.0, 0.058214016
26220.0, 0.058212932
26230.0, 0.05821185
26240.0, 0.058210764
26250.0, 0.058209684
26260.0, 0.058208603
26270.0, 0.058207527
26280.0, 0.05820645
26290.0, 0.05820538
26300.0, 0.05820431
26310.0, 0.058203243
26320.0, 0.058202177
26330.0, 0.05820111
26340.0, 0.05820005
26350.0, 0.058198992
26360.0, 0.058197934
26370.0, 0.05819688
26380.0, 0.058195826
26390.0, 0.058194775
26400.0, 0.058193725
26410.0, 0.058192678
26420.0, 0.05819163
26430.0, 0.058190588
26440.0, 0.05818955
26450.0, 0.05818851
26460.0, 0.058187474
26470.0, 0.058186438
26480.0, 0.058185406
26490.0, 0.058184374
26500.0, 0.058183346
26510.0, 0.05818232
26520.0, 0.058181297
26530.0, 0.058180276
26540.0, 0.058179256
26550.0, 0.05817824
26560.0, 0.05817722
26570.0, 0.058176205
26580.0, 0.058175195
26590.0, 0.058174185
26600.0, 0.05817318
26610.0, 0.05817217
26620.0, 0.058171168
26630.0, 0.058170166
26640.0, 0.058169164
26650.0, 0.05816817
26660.0, 0.05816717
26670.0, 0.05816618
26680.0, 0.058165185
26690.0, 0.058164198
26700.0, 0.058163207
26710.0, 0.058162224
26720.0, 0.058161236
26730.0, 0.058160257
26740.0, 0.058159273
26750.0, 0.058158297
26760.0, 0.058157325
26770.0, 0.058156345
26780.0, 0.058155376
26790.0, 0.058154408
26800.0, 0.058153436
26810.0, 0.05815247
26820.0, 0.058151506
26830.0, 0.05815054
26840.0, 0.05814958
26850.0, 0.058148623
26860.0, 0.05814767
26870.0, 0.05814671
26880.0, 0.058145758
26890.0, 0.058144808
26900.0, 0.058143858
26910.0, 0.05814291
26920.0, 0.058141965
26930.0, 0.05814102
26940.0, 0.05814008
26950.0, 0.05813914
26960.0, 0.058138203
26970.0, 0.058137268
26980.0, 0.058136333
26990.0, 0.0581354
27000.0, 0.05813447
27010.0, 0.058133543
27020.0, 0.058132615
27030.0, 0.05813169
27040.0, 0.058130767
27050.0, 0.058129847
27060.0, 0.058128927
27070.0, 0.058128007
27080.0, 0.058127094
27090.0, 0.058126178
27100.0, 0.058125265
27110.0, 0.058124356
27120.0, 0.05812345
27130.0, 0.05812254
27140.0, 0.058121637
27150.0, 0.058120735
27160.0, 0.058119833
27170.0, 0.058118932
27180.0, 0.058118038
27190.0, 0.05811714
27200.0, 0.058116246
27210.0, 0.058115352
27220.0, 0.058114465
27230.0, 0.058113575
27240.0, 0.05811269
27250.0, 0.0581118
27260.0, 0.058110923
27270.0, 0.05811004
27280.0, 0.058109157
27290.0, 0.05810828
27300.0, 0.058107406
27310.0, 0.05810653
27320.0, 0.05810566
27330.0, 0.058104783
27340.0, 0.05810392
27350.0, 0.058103047
27360.0, 0.058102187
27370.0, 0.05810132
27380.0, 0.05810046
27390.0, 0.058099598
27400.0, 0.05809874
27410.0, 0.05809788
27420.0, 0.058097027
27430.0, 0.05809617
27440.0, 0.05809532
27450.0, 0.058094468
27460.0, 0.058093622
27470.0, 0.058092773
27480.0, 0.058091927
27490.0, 0.058091085
27500.0, 0.05809024
27510.0, 0.0580894
27520.0, 0.058088563
27530.0, 0.058087725
27540.0, 0.05808689
27550.0, 0.05808606
27560.0, 0.058085226
27570.0, 0.058084395
27580.0, 0.058083568
27590.0, 0.05808274
27600.0, 0.058081914
27610.0, 0.05808109
27620.0, 0.05808027
27630.0, 0.05807945
27640.0, 0.058078628
27650.0, 0.058077812
27660.0, 0.058076996
27670.0, 0.058076184
27680.0, 0.058075372
27690.0, 0.058074564
27700.0, 0.058073755
27710.0, 0.058072943
27720.0, 0.05807214
27730.0, 0.058071334
27740.0, 0.058070533
27750.0, 0.058069732
27760.0, 0.058068935
27770.0, 0.058068138
27780.0, 0.05806734
27790.0, 0.058066547
27800.0, 0.058065753
27810.0, 0.05806496
27820.0, 0.05806417
27830.0, 0.058063384
27840.0, 0.058062598
27850.0, 0.058061812
27860.0, 0.058061026
27870.0, 0.058060244
27880.0, 0.058059465
27890.0, 0.05805869
27900.0, 0.05805791
27910.0, 0.058057137
27920.0, 0.058056362
27930.0, 0.058055587
27940.0, 0.058054816
27950.0, 0.058054045
27960.0, 0.05805328
27970.0, 0.058052514
27980.0, 0.05805175
27990.0, 0.058050983
28000.0, 0.058050223
28010.0, 0.058049463
28020.0, 0.058048707
28030.0, 0.058047947
28040.0, 0.05804719
28050.0, 0.058046438
28060.0, 0.058045685
28070.0, 0.058044933
28080.0, 0.058044184
28090.0, 0.058043435
28100.0, 0.058042686
28110.0, 0.058041945
28120.0, 0.0580412
28130.0, 0.05804046
28140.0, 0.058039717
28150.0, 0.058038976
28160.0, 0.058038242
28170.0, 0.058037505
28180.0, 0.05803677
28190.0, 0.058036037
28200.0, 0.058035307
28210.0, 0.058034573
28220.0, 0.058033843
28230.0, 0.058033116
28240.0, 0.05803239
28250.0, 0.058031667
28260.0, 0.05803094
28270.0, 0.05803022
28280.0, 0.058029503
28290.0, 0.05802878
28300.0, 0.058028065
28310.0, 0.058027346
28320.0, 0.058026634
28330.0, 0.05802592
28340.0, 0.058025207
28350.0, 0.0580245
28360.0, 0.058023788
28370.0, 0.05802308
28380.0, 0.058022376
28390.0, 0.05802167
28400.0, 0.058020968
28410.0, 0.058020268
28420.0, 0.058019564
28430.0, 0.058018867
28440.0, 0.05801817
28450.0, 0.05801747
28460.0, 0.058016777
28470.0, 0.058016084
28480.0, 0.058015395
28490.0, 0.058014702
28500.0, 0.058014013
28510.0, 0.058013324
28520.0, 0.05801264
28530.0, 0.058011953
28540.0, 0.05801127
28550.0, 0.058010586
28560.0, 0.058009904
28570.0, 0.058009226
28580.0, 0.058008548
28590.0, 0.05800787
28600.0, 0.058007196
28610.0, 0.05800652
28620.0, 0.058005847
28630.0, 0.058005173
28640.0, 0.058004506
28650.0, 0.058003835
28660.0, 0.05800317
28670.0, 0.0580025
28680.0, 0.05800184
28690.0, 0.058001176
28700.0, 0.058000512
28710.0, 0.05799985
28720.0, 0.05799919
28730.0, 0.057998534
28740.0, 0.057997875
28750.0, 0.05799722
28760.0, 0.057996564
28770.0, 0.05799591
28780.0, 0.05799526
28790.0, 0.057994608
28800.0, 0.05799396
28810.0, 0.057993315
28820.0, 0.057992667
28830.0, 0.057992022
28840.0, 0.057991378
28850.0, 0.057990734
28860.0, 0.057990093
28870.0, 0.057989452
28880.0, 0.05798881
28890.0, 0.057988178
28900.0, 0.05798754
28910.0, 0.057986904
28920.0, 0.05798627
28930.0, 0.057985637
28940.0, 0.057985008
28950.0, 0.05798438
28960.0, 0.05798375
28970.0, 0.05798312
28980.0, 0.057982497
28990.0, 0.05798187
29000.0, 0.057981245
29010.0, 0.057980623
29020.0, 0.057980005
29030.0, 0.057979383
29040.0, 0.057978764
29050.0, 0.05797815
29060.0, 0.05797753
29070.0, 0.057976913
29080.0, 0.0579763
29090.0, 0.05797569
29100.0, 0.057975076
29110.0, 0.05797447
29120.0, 0.057973858
29130.0, 0.057973254
29140.0, 0.057972644
29150.0, 0.057972036
29160.0, 0.057971437
29170.0, 0.057970833
29180.0, 0.057970233
29190.0, 0.05796963
29200.0, 0.057969034
29210.0, 0.057968434
29220.0, 0.057967838
29230.0, 0.05796724
29240.0, 0.057966646
29250.0, 0.057966053
29260.0, 0.05796546
29270.0, 0.05796487
29280.0, 0.05796428
29290.0, 0.05796369
29300.0, 0.057963103
29310.0, 0.05796252
29320.0, 0.057961933
29330.0, 0.05796135
29340.0, 0.057960767
29350.0, 0.057960186
29360.0, 0.057959605
29370.0, 0.057959024
29380.0, 0.057958446
29390.0, 0.05795787
29400.0, 0.057957295
29410.0, 0.057956718
29420.0, 0.057956144
29430.0, 0.057955574
29440.0, 0.057955
29450.0, 0.05795443
29460.0, 0.057953864
29470.0, 0.057953294
29480.0, 0.057952728
29490.0, 0.057952166
29500.0, 0.0579516
29510.0, 0.057951033
29520.0, 0.057950474
29530.0, 0.057949916
29540.0, 0.057949353
29550.0, 0.057948794
29560.0, 0.057948235
29570.0, 0.05794768
29580.0, 0.057947125
29590.0, 0.057946574
29600.0, 0.057946015
29610.0, 0.057945464
29620.0, 0.057944916
29630.0, 0.057944365
29640.0, 0.057943817
29650.0, 0.057943266
29660.0, 0.05794272
29670.0, 0.057942174
29680.0, 0.05794163
29690.0, 0.057941087
29700.0, 0.057940546
29710.0, 0.057940006
29720.0, 0.057939466
29730.0, 0.057938926
29740.0, 0.05793839
29750.0, 0.05793785
29760.0, 0.057937313
29770.0, 0.05793678
29780.0, 0.057936247
29790.0, 0.057935715
29800.0, 0.057935182
29810.0, 0.057934653
29820.0, 0.057934124
29830.0, 0.057933595
29840.0, 0.057933066
29850.0, 0.05793254
29860.0, 0.057932016
29870.0, 0.05793149
29880.0, 0.05793097
29890.0, 0.057930447
29900.0, 0.057929926
29910.0, 0.057929404
29920.0, 0.05792889
29930.0, 0.057928372
29940.0, 0.057927854
29950.0, 0.057927337
29960.0, 0.057926822
29970.0, 0.05792631
29980.0, 0.057925794
29990.0, 0.057925284
30000.0, 0.05792477
