Energy (in eV), backscattering yield of material te2k-NASCAP at incidence 70.0 degree
   X,       Y
0.0, 0.7889359
10.0, 0.560408
20.0, 0.3980768
30.0, 0.28276747
40.0, 0.20085935
50.0, 0.14267722
60.0, 0.21969974
70.0, 0.26287585
80.0, 0.29290575
90.0, 0.31560132
100.0, 0.3336404
110.0, 0.34849155
120.0, 0.361041
130.0, 0.3718597
140.0, 0.3813345
150.0, 0.3897383
160.0, 0.3972701
170.0, 0.40407944
180.0, 0.410281
190.0, 0.4159648
200.0, 0.42120278
210.0, 0.42605302
220.0, 0.4305633
230.0, 0.43477327
240.0, 0.43871617
250.0, 0.4424202
260.0, 0.44590938
270.0, 0.44920442
280.0, 0.45232314
290.0, 0.45528123
300.0, 0.45809236
310.0, 0.46076852
320.0, 0.46332043
330.0, 0.46575755
340.0, 0.46808836
350.0, 0.4703204
360.0, 0.47246057
370.0, 0.47451502
380.0, 0.47648925
390.0, 0.47838843
400.0, 0.4802171
410.0, 0.48197952
420.0, 0.48367953
430.0, 0.4853207
440.0, 0.48690623
450.0, 0.48843917
460.0, 0.48992226
470.0, 0.49135813
480.0, 0.49274907
490.0, 0.49409735
500.0, 0.495405
510.0, 0.49667394
520.0, 0.49790594
530.0, 0.4991027
540.0, 0.5002658
550.0, 0.5013966
560.0, 0.5024966
570.0, 0.503567
580.0, 0.50460905
590.0, 0.5056239
600.0, 0.5066126
610.0, 0.50757617
620.0, 0.5085156
630.0, 0.5094318
640.0, 0.5103256
650.0, 0.5111978
660.0, 0.51204926
670.0, 0.5128806
680.0, 0.5136926
690.0, 0.5144859
700.0, 0.5152611
710.0, 0.5160188
720.0, 0.51675963
730.0, 0.51748407
740.0, 0.5181927
750.0, 0.51888597
760.0, 0.51956433
770.0, 0.5202283
780.0, 0.5208783
790.0, 0.5215148
800.0, 0.522138
810.0, 0.5227485
820.0, 0.52334654
830.0, 0.52393246
840.0, 0.52450675
850.0, 0.52506953
860.0, 0.5256213
870.0, 0.5261622
880.0, 0.5266926
890.0, 0.5272128
900.0, 0.527723
910.0, 0.52822345
920.0, 0.52871454
930.0, 0.5291963
940.0, 0.5296691
950.0, 0.5301331
960.0, 0.5305886
970.0, 0.5310357
980.0, 0.53147465
990.0, 0.53190565
1000.0, 0.53232884
1010.0, 0.5321406
1020.0, 0.5319526
1030.0, 0.5317649
1040.0, 0.5315774
1050.0, 0.53139013
1060.0, 0.53120315
1070.0, 0.5310164
1080.0, 0.5308299
1090.0, 0.53064364
1100.0, 0.5304576
1110.0, 0.5302718
1120.0, 0.53008634
1130.0, 0.5299011
1140.0, 0.529716
1150.0, 0.52953124
1160.0, 0.5293467
1170.0, 0.5291624
1180.0, 0.52897835
1190.0, 0.5287946
1200.0, 0.528611
1210.0, 0.5284277
1220.0, 0.5282446
1230.0, 0.5280618
1240.0, 0.52787924
1250.0, 0.5276969
1260.0, 0.52751476
1270.0, 0.52733296
1280.0, 0.52715135
1290.0, 0.52696997
1300.0, 0.52678883
1310.0, 0.52660793
1320.0, 0.5264273
1330.0, 0.5262469
1340.0, 0.5260668
1350.0, 0.52588683
1360.0, 0.5257072
1370.0, 0.5255278
1380.0, 0.5253486
1390.0, 0.5251696
1400.0, 0.5249909
1410.0, 0.52481246
1420.0, 0.52463424
1430.0, 0.5244562
1440.0, 0.52427846
1450.0, 0.52410096
1460.0, 0.5239237
1470.0, 0.52374667
1480.0, 0.5235699
1490.0, 0.52339333
1500.0, 0.523217
1510.0, 0.52304095
1520.0, 0.5228651
1530.0, 0.5226895
1540.0, 0.52251416
1550.0, 0.52233905
1560.0, 0.5221641
1570.0, 0.52198946
1580.0, 0.52181506
1590.0, 0.5216409
1600.0, 0.5214669
1610.0, 0.5212932
1620.0, 0.5211198
1630.0, 0.5209465
1640.0, 0.52077353
1650.0, 0.5206008
1660.0, 0.52042824
1670.0, 0.5202559
1680.0, 0.5200839
1690.0, 0.51991206
1700.0, 0.51974046
1710.0, 0.5195691
1720.0, 0.51939803
1730.0, 0.5192271
1740.0, 0.5190565
1750.0, 0.518886
1760.0, 0.51871586
1770.0, 0.51854587
1780.0, 0.5183762
1790.0, 0.51820666
1800.0, 0.51803744
1810.0, 0.5178684
1820.0, 0.5176996
1830.0, 0.51753104
1840.0, 0.5173627
1850.0, 0.5171946
1860.0, 0.5170267
1870.0, 0.5168591
1880.0, 0.51669174
1890.0, 0.51652455
1900.0, 0.5163576
1910.0, 0.5161909
1920.0, 0.5160244
1930.0, 0.5158581
1940.0, 0.5156921
1950.0, 0.5155263
1960.0, 0.5153607
1970.0, 0.51519537
1980.0, 0.51503026
1990.0, 0.5148654
2000.0, 0.5147008
2010.0, 0.5145363
2020.0, 0.5143721
2030.0, 0.51420814
2040.0, 0.5140444
2050.0, 0.5138809
2060.0, 0.5137176
2070.0, 0.5135545
2080.0, 0.5133917
2090.0, 0.5132291
2100.0, 0.5130667
2110.0, 0.5129045
2120.0, 0.5127426
2130.0, 0.5125809
2140.0, 0.5124194
2150.0, 0.5122581
2160.0, 0.5120971
2170.0, 0.5119363
2180.0, 0.5117757
2190.0, 0.51161534
2200.0, 0.51145524
2210.0, 0.5112953
2220.0, 0.5111356
2230.0, 0.51097614
2240.0, 0.5108169
2250.0, 0.51065785
2260.0, 0.51049906
2270.0, 0.5103405
2280.0, 0.51018214
2290.0, 0.510024
2300.0, 0.5098661
2310.0, 0.5097084
2320.0, 0.5095509
2330.0, 0.5093937
2340.0, 0.5092367
2350.0, 0.5090799
2360.0, 0.5089233
2370.0, 0.50876695
2380.0, 0.5086108
2390.0, 0.50845486
2400.0, 0.5082992
2410.0, 0.50814366
2420.0, 0.5079884
2430.0, 0.50783336
2440.0, 0.50767857
2450.0, 0.50752395
2460.0, 0.5073696
2470.0, 0.5072154
2480.0, 0.5070614
2490.0, 0.5069077
2500.0, 0.50675416
2510.0, 0.50660086
2520.0, 0.5064478
2530.0, 0.50629497
2540.0, 0.5061423
2550.0, 0.50598985
2560.0, 0.5058376
2570.0, 0.5056856
2580.0, 0.5055339
2590.0, 0.5053823
2600.0, 0.50523096
2610.0, 0.5050798
2620.0, 0.5049289
2630.0, 0.50477815
2640.0, 0.5046277
2650.0, 0.5044774
2660.0, 0.50432736
2670.0, 0.5041775
2680.0, 0.50402784
2690.0, 0.5038785
2700.0, 0.5037292
2710.0, 0.5035803
2720.0, 0.5034315
2730.0, 0.5032829
2740.0, 0.50313455
2750.0, 0.50298643
2760.0, 0.5028385
2770.0, 0.5026908
2780.0, 0.5025433
2790.0, 0.502396
2800.0, 0.5022489
2810.0, 0.502102
2820.0, 0.50195533
2830.0, 0.5018089
2840.0, 0.5016627
2850.0, 0.50151664
2860.0, 0.5013708
2870.0, 0.5012252
2880.0, 0.5010798
2890.0, 0.5009346
2900.0, 0.50078964
2910.0, 0.50064486
2920.0, 0.5005003
2930.0, 0.50035596
2940.0, 0.5002118
2950.0, 0.5000679
2960.0, 0.49992412
2970.0, 0.4997806
2980.0, 0.49963728
2990.0, 0.4994942
3000.0, 0.4993513
3010.0, 0.4992086
3020.0, 0.4990661
3030.0, 0.49892384
3040.0, 0.49878177
3050.0, 0.4986399
3060.0, 0.49849826
3070.0, 0.4983568
3080.0, 0.49821556
3090.0, 0.4980745
3100.0, 0.49793366
3110.0, 0.49779302
3120.0, 0.4976526
3130.0, 0.49751237
3140.0, 0.49737236
3150.0, 0.49723253
3160.0, 0.49709293
3170.0, 0.49695352
3180.0, 0.49681434
3190.0, 0.4966753
3200.0, 0.49653652
3210.0, 0.49639794
3220.0, 0.49625954
3230.0, 0.49612135
3240.0, 0.49598336
3250.0, 0.4958456
3260.0, 0.495708
3270.0, 0.49557063
3280.0, 0.49543342
3290.0, 0.49529645
3300.0, 0.4951597
3310.0, 0.4950231
3320.0, 0.4948867
3330.0, 0.49475053
3340.0, 0.49461457
3350.0, 0.4944788
3360.0, 0.49434322
3370.0, 0.49420783
3380.0, 0.49407265
3390.0, 0.49393767
3400.0, 0.4938029
3410.0, 0.49366832
3420.0, 0.49353394
3430.0, 0.49339974
3440.0, 0.49326578
3450.0, 0.49313197
3460.0, 0.4929984
3470.0, 0.492865
3480.0, 0.4927318
3490.0, 0.4925988
3500.0, 0.492466
3510.0, 0.49233338
3520.0, 0.49220097
3530.0, 0.49206877
3540.0, 0.49193674
3550.0, 0.49180493
3560.0, 0.49167332
3570.0, 0.4915419
3580.0, 0.49141064
3590.0, 0.4912796
3600.0, 0.49114874
3610.0, 0.49101812
3620.0, 0.49088764
3630.0, 0.49075738
3640.0, 0.49062732
3650.0, 0.49049744
3660.0, 0.49036774
3670.0, 0.49023828
3680.0, 0.49010897
3690.0, 0.48997986
3700.0, 0.48985097
3710.0, 0.48972225
3720.0, 0.4895937
3730.0, 0.4894654
3740.0, 0.48933724
3750.0, 0.4892093
3760.0, 0.48908153
3770.0, 0.48895398
3780.0, 0.4888266
3790.0, 0.4886994
3800.0, 0.48857242
3810.0, 0.4884456
3820.0, 0.488319
3830.0, 0.4881926
3840.0, 0.48806635
3850.0, 0.4879403
3860.0, 0.48781446
3870.0, 0.48768878
3880.0, 0.4875633
3890.0, 0.48743802
3900.0, 0.4873129
3910.0, 0.487188
3920.0, 0.4870633
3930.0, 0.48693874
3940.0, 0.4868144
3950.0, 0.48669022
3960.0, 0.48656628
3970.0, 0.48644248
3980.0, 0.4863189
3990.0, 0.48619547
4000.0, 0.48607224
4010.0, 0.4859492
4020.0, 0.48582634
4030.0, 0.48570368
4040.0, 0.4855812
4050.0, 0.4854589
4060.0, 0.4853368
4070.0, 0.48521486
4080.0, 0.48509312
4090.0, 0.48497158
4100.0, 0.4848502
4110.0, 0.48472902
4120.0, 0.484608
4130.0, 0.48448718
4140.0, 0.48436654
4150.0, 0.4842461
4160.0, 0.48412582
4170.0, 0.48400575
4180.0, 0.48388582
4190.0, 0.4837661
4200.0, 0.48364657
4210.0, 0.4835272
4220.0, 0.48340803
4230.0, 0.48328903
4240.0, 0.48317024
4250.0, 0.4830516
4260.0, 0.48293316
4270.0, 0.48281488
4280.0, 0.4826968
4290.0, 0.48257887
4300.0, 0.48246115
4310.0, 0.4823436
4320.0, 0.48222625
4330.0, 0.48210904
4340.0, 0.48199207
4350.0, 0.4818752
4360.0, 0.48175856
4370.0, 0.4816421
4380.0, 0.4815258
4390.0, 0.4814097
4400.0, 0.48129377
4410.0, 0.48117802
4420.0, 0.4810624
4430.0, 0.48094702
4440.0, 0.4808318
4450.0, 0.48071674
4460.0, 0.48060188
4470.0, 0.48048717
4480.0, 0.48037267
4490.0, 0.48025832
4500.0, 0.48014414
4510.0, 0.48003018
4520.0, 0.47991636
4530.0, 0.47980273
4540.0, 0.47968927
4550.0, 0.47957596
4560.0, 0.47946286
4570.0, 0.4793499
4580.0, 0.47923717
4590.0, 0.47912458
4600.0, 0.47901216
4610.0, 0.47889993
4620.0, 0.47878787
4630.0, 0.47867596
4640.0, 0.47856426
4650.0, 0.4784527
4660.0, 0.47834134
4670.0, 0.47823012
4680.0, 0.4781191
4690.0, 0.47800824
4700.0, 0.47789755
4710.0, 0.47778705
4720.0, 0.47767672
4730.0, 0.47756654
4740.0, 0.47745657
4750.0, 0.47734672
4760.0, 0.47723708
4770.0, 0.47712758
4780.0, 0.4770183
4790.0, 0.47690913
4800.0, 0.47680017
4810.0, 0.47669137
4820.0, 0.47658274
4830.0, 0.47647426
4840.0, 0.47636598
4850.0, 0.47625786
4860.0, 0.4761499
4870.0, 0.4760421
4880.0, 0.47593448
4890.0, 0.47582704
4900.0, 0.47571975
4910.0, 0.47561264
4920.0, 0.4755057
4930.0, 0.4753989
4940.0, 0.4752923
4950.0, 0.47518587
4960.0, 0.47507957
4970.0, 0.47497347
4980.0, 0.47486752
4990.0, 0.47476175
5000.0, 0.47465613
5010.0, 0.4745507
5020.0, 0.4744454
5030.0, 0.4743403
5040.0, 0.47423536
5050.0, 0.47413057
5060.0, 0.47402593
5070.0, 0.47392148
5080.0, 0.4738172
5090.0, 0.47371307
5100.0, 0.47360912
5110.0, 0.47350532
5120.0, 0.47340167
5130.0, 0.47329822
5140.0, 0.4731949
5150.0, 0.47309175
5160.0, 0.47298878
5170.0, 0.47288597
5180.0, 0.4727833
5190.0, 0.4726808
5200.0, 0.47257847
5210.0, 0.4724763
5220.0, 0.4723743
5230.0, 0.47227246
5240.0, 0.47217077
5250.0, 0.47206926
5260.0, 0.47196788
5270.0, 0.4718667
5280.0, 0.47176564
5290.0, 0.47166476
5300.0, 0.47156405
5310.0, 0.47146347
5320.0, 0.4713631
5330.0, 0.47126284
5340.0, 0.47116277
5350.0, 0.47106284
5360.0, 0.47096306
5370.0, 0.47086346
5380.0, 0.470764
5390.0, 0.47066474
5400.0, 0.47056562
5410.0, 0.47046664
5420.0, 0.47036782
5430.0, 0.47026917
5440.0, 0.47017065
5450.0, 0.47007233
5460.0, 0.46997413
5470.0, 0.4698761
5480.0, 0.46977824
5490.0, 0.46968052
5500.0, 0.46958297
5510.0, 0.46948555
5520.0, 0.4693883
5530.0, 0.4692912
5540.0, 0.4691943
5550.0, 0.4690975
5560.0, 0.46900088
5570.0, 0.4689044
5580.0, 0.46880808
5590.0, 0.4687119
5600.0, 0.46861592
5610.0, 0.46852008
5620.0, 0.46842438
5630.0, 0.46832883
5640.0, 0.46823344
5650.0, 0.4681382
5660.0, 0.46804312
5670.0, 0.46794817
5680.0, 0.4678534
5690.0, 0.46775877
5700.0, 0.4676643
5710.0, 0.46756995
5720.0, 0.4674758
5730.0, 0.46738178
5740.0, 0.4672879
5750.0, 0.4671942
5760.0, 0.46710062
5770.0, 0.46700722
5780.0, 0.46691394
5790.0, 0.46682084
5800.0, 0.46672788
5810.0, 0.46663505
5820.0, 0.4665424
5830.0, 0.4664499
5840.0, 0.46635753
5850.0, 0.46626532
5860.0, 0.46617323
5870.0, 0.46608132
5880.0, 0.46598956
5890.0, 0.46589795
5900.0, 0.46580648
5910.0, 0.46571517
5920.0, 0.46562397
5930.0, 0.46553296
5940.0, 0.4654421
5950.0, 0.46535134
5960.0, 0.46526077
5970.0, 0.46517032
5980.0, 0.46508005
5990.0, 0.4649899
6000.0, 0.4648999
6010.0, 0.46481007
6020.0, 0.46472037
6030.0, 0.4646308
6040.0, 0.46454138
6050.0, 0.46445212
6060.0, 0.464363
6070.0, 0.46427402
6080.0, 0.4641852
6090.0, 0.46409652
6100.0, 0.46400797
6110.0, 0.46391958
6120.0, 0.46383134
6130.0, 0.46374324
6140.0, 0.46365526
6150.0, 0.46356744
6160.0, 0.4634798
6170.0, 0.46339223
6180.0, 0.46330485
6190.0, 0.46321762
6200.0, 0.4631305
6210.0, 0.46304354
6220.0, 0.46295673
6230.0, 0.46287003
6240.0, 0.46278352
6250.0, 0.46269712
6260.0, 0.46261087
6270.0, 0.46252477
6280.0, 0.4624388
6290.0, 0.46235296
6300.0, 0.46226728
6310.0, 0.46218175
6320.0, 0.46209633
6330.0, 0.46201107
6340.0, 0.46192595
6350.0, 0.46184096
6360.0, 0.4617561
6370.0, 0.4616714
6380.0, 0.46158686
6390.0, 0.46150243
6400.0, 0.46141812
6410.0, 0.461334
6420.0, 0.46124998
6430.0, 0.4611661
6440.0, 0.46108237
6450.0, 0.46099877
6460.0, 0.46091533
6470.0, 0.460832
6480.0, 0.46074882
6490.0, 0.46066576
6500.0, 0.46058288
6510.0, 0.46050012
6520.0, 0.46041748
6530.0, 0.460335
6540.0, 0.4602526
6550.0, 0.4601704
6560.0, 0.4600883
6570.0, 0.46000636
6580.0, 0.45992455
6590.0, 0.45984286
6600.0, 0.45976132
6610.0, 0.4596799
6620.0, 0.45959863
6630.0, 0.4595175
6640.0, 0.45943648
6650.0, 0.45935562
6660.0, 0.4592749
6670.0, 0.45919427
6680.0, 0.4591138
6690.0, 0.4590335
6700.0, 0.4589533
6710.0, 0.4588732
6720.0, 0.45879328
6730.0, 0.45871347
6740.0, 0.4586338
6750.0, 0.45855427
6760.0, 0.45847487
6770.0, 0.4583956
6780.0, 0.45831645
6790.0, 0.45823744
6800.0, 0.45815855
6810.0, 0.45807981
6820.0, 0.4580012
6830.0, 0.45792273
6840.0, 0.45784438
6850.0, 0.45776618
6860.0, 0.45768806
6870.0, 0.4576101
6880.0, 0.4575323
6890.0, 0.4574546
6900.0, 0.45737702
6910.0, 0.4572996
6920.0, 0.45722225
6930.0, 0.4571451
6940.0, 0.45706806
6950.0, 0.45699114
6960.0, 0.45691434
6970.0, 0.45683765
6980.0, 0.45676112
6990.0, 0.4566847
7000.0, 0.45660844
7010.0, 0.4565323
7020.0, 0.45645627
7030.0, 0.45638037
7040.0, 0.4563046
7050.0, 0.45622897
7060.0, 0.45615345
7070.0, 0.45607805
7080.0, 0.4560028
7090.0, 0.45592767
7100.0, 0.45585266
7110.0, 0.45577776
7120.0, 0.45570302
7130.0, 0.4556284
7140.0, 0.4555539
7150.0, 0.4554795
7160.0, 0.45540527
7170.0, 0.45533112
7180.0, 0.45525712
7190.0, 0.45518327
7200.0, 0.4551095
7210.0, 0.45503587
7220.0, 0.45496237
7230.0, 0.45488897
7240.0, 0.45481572
7250.0, 0.45474258
7260.0, 0.45466956
7270.0, 0.4545967
7280.0, 0.45452392
7290.0, 0.4544513
7300.0, 0.45437878
7310.0, 0.45430636
7320.0, 0.45423412
7330.0, 0.45416197
7340.0, 0.45408994
7350.0, 0.45401803
7360.0, 0.45394623
7370.0, 0.4538746
7380.0, 0.45380303
7390.0, 0.45373163
7400.0, 0.45366034
7410.0, 0.45358914
7420.0, 0.4535181
7430.0, 0.45344716
7440.0, 0.45337635
7450.0, 0.45330563
7460.0, 0.45323506
7470.0, 0.4531646
7480.0, 0.45309427
7490.0, 0.45302406
7500.0, 0.45295396
7510.0, 0.452884
7520.0, 0.45281413
7530.0, 0.4527444
7540.0, 0.45267478
7550.0, 0.45260528
7560.0, 0.4525359
7570.0, 0.45246664
7580.0, 0.45239747
7590.0, 0.45232844
7600.0, 0.45225954
7610.0, 0.45219076
7620.0, 0.45212206
7630.0, 0.45205352
7640.0, 0.45198506
7650.0, 0.45191672
7660.0, 0.45184854
7670.0, 0.45178044
7680.0, 0.45171246
7690.0, 0.4516446
7700.0, 0.45157686
7710.0, 0.45150924
7720.0, 0.45144174
7730.0, 0.45137432
7740.0, 0.45130703
7750.0, 0.45123988
7760.0, 0.45117283
7770.0, 0.4511059
7780.0, 0.45103905
7790.0, 0.45097235
7800.0, 0.45090577
7810.0, 0.45083928
7820.0, 0.4507729
7830.0, 0.4507067
7840.0, 0.45064053
7850.0, 0.45057452
7860.0, 0.4505086
7870.0, 0.45044282
7880.0, 0.4503771
7890.0, 0.45031154
7900.0, 0.4502461
7910.0, 0.45018074
7920.0, 0.4501155
7930.0, 0.45005038
7940.0, 0.44998538
7950.0, 0.44992048
7960.0, 0.4498557
7970.0, 0.44979104
7980.0, 0.44972646
7990.0, 0.449662
8000.0, 0.4495977
8010.0, 0.44953343
8020.0, 0.44946933
8030.0, 0.4494053
8040.0, 0.44934142
8050.0, 0.44927764
8060.0, 0.44921395
8070.0, 0.44915038
8080.0, 0.44908693
8090.0, 0.44902357
8100.0, 0.44896033
8110.0, 0.4488972
8120.0, 0.44883418
8130.0, 0.44877127
8140.0, 0.44870847
8150.0, 0.44864577
8160.0, 0.4485832
8170.0, 0.44852072
8180.0, 0.44845834
8190.0, 0.4483961
8200.0, 0.44833395
8210.0, 0.4482719
8220.0, 0.44820994
8230.0, 0.4481481
8240.0, 0.44808638
8250.0, 0.44802478
8260.0, 0.44796327
8270.0, 0.44790187
8280.0, 0.44784057
8290.0, 0.4477794
8300.0, 0.4477183
8310.0, 0.44765732
8320.0, 0.44759643
8330.0, 0.44753566
8340.0, 0.44747502
8350.0, 0.44741446
8360.0, 0.44735402
8370.0, 0.44729367
8380.0, 0.44723344
8390.0, 0.4471733
8400.0, 0.44711325
8410.0, 0.44705334
8420.0, 0.4469935
8430.0, 0.4469338
8440.0, 0.44687417
8450.0, 0.44681466
8460.0, 0.44675526
8470.0, 0.44669595
8480.0, 0.44663677
8490.0, 0.44657767
8500.0, 0.44651866
8510.0, 0.44645977
8520.0, 0.446401
8530.0, 0.44634232
8540.0, 0.44628373
8550.0, 0.44622526
8560.0, 0.44616687
8570.0, 0.44610858
8580.0, 0.44605044
8590.0, 0.44599235
8600.0, 0.44593439
8610.0, 0.4458765
8620.0, 0.44581872
8630.0, 0.44576108
8640.0, 0.4457035
8650.0, 0.44564605
8660.0, 0.44558868
8670.0, 0.4455314
8680.0, 0.44547424
8690.0, 0.4454172
8700.0, 0.4453602
8710.0, 0.44530335
8720.0, 0.44524658
8730.0, 0.44518992
8740.0, 0.44513336
8750.0, 0.44507688
8760.0, 0.44502053
8770.0, 0.44496426
8780.0, 0.44490808
8790.0, 0.44485202
8800.0, 0.44479606
8810.0, 0.44474018
8820.0, 0.4446844
8830.0, 0.44462872
8840.0, 0.44457313
8850.0, 0.44451764
8860.0, 0.44446227
8870.0, 0.444407
8880.0, 0.4443518
8890.0, 0.4442967
8900.0, 0.4442417
8910.0, 0.4441868
8920.0, 0.444132
8930.0, 0.44407728
8940.0, 0.4440227
8950.0, 0.44396818
8960.0, 0.44391376
8970.0, 0.44385943
8980.0, 0.44380522
8990.0, 0.44375107
9000.0, 0.44369704
9010.0, 0.4436431
9020.0, 0.44358924
9030.0, 0.4435355
9040.0, 0.44348186
9050.0, 0.44342828
9060.0, 0.44337484
9070.0, 0.44332147
9080.0, 0.44326818
9090.0, 0.44321498
9100.0, 0.4431619
9110.0, 0.44310892
9120.0, 0.44305602
9130.0, 0.4430032
9140.0, 0.4429505
9150.0, 0.4428979
9160.0, 0.44284534
9170.0, 0.44279292
9180.0, 0.4427406
9190.0, 0.44268835
9200.0, 0.44263616
9210.0, 0.4425841
9220.0, 0.44253215
9230.0, 0.44248027
9240.0, 0.44242847
9250.0, 0.44237676
9260.0, 0.44232517
9270.0, 0.44227365
9280.0, 0.44222224
9290.0, 0.44217092
9300.0, 0.44211966
9310.0, 0.44206852
9320.0, 0.44201747
9330.0, 0.4419665
9340.0, 0.44191563
9350.0, 0.44186485
9360.0, 0.44181415
9370.0, 0.44176355
9380.0, 0.44171304
9390.0, 0.4416626
9400.0, 0.44161227
9410.0, 0.44156203
9420.0, 0.44151187
9430.0, 0.4414618
9440.0, 0.44141182
9450.0, 0.44136193
9460.0, 0.44131213
9470.0, 0.44126242
9480.0, 0.4412128
9490.0, 0.44116327
9500.0, 0.44111383
9510.0, 0.44106448
9520.0, 0.4410152
9530.0, 0.44096604
9540.0, 0.44091693
9550.0, 0.44086793
9560.0, 0.440819
9570.0, 0.44077018
9580.0, 0.44072142
9590.0, 0.44067276
9600.0, 0.4406242
9610.0, 0.44057572
9620.0, 0.44052732
9630.0, 0.440479
9640.0, 0.4404308
9650.0, 0.44038266
9660.0, 0.4403346
9670.0, 0.44028664
9680.0, 0.44023874
9690.0, 0.44019097
9700.0, 0.44014326
9710.0, 0.44009563
9720.0, 0.4400481
9730.0, 0.44000062
9740.0, 0.43995327
9750.0, 0.439906
9760.0, 0.4398588
9770.0, 0.43981168
9780.0, 0.43976465
9790.0, 0.4397177
9800.0, 0.43967083
9810.0, 0.43962407
9820.0, 0.43957737
9830.0, 0.43953076
9840.0, 0.43948424
9850.0, 0.4394378
9860.0, 0.43939143
9870.0, 0.43934518
9880.0, 0.439299
9890.0, 0.43925288
9900.0, 0.43920684
9910.0, 0.43916088
9920.0, 0.43911505
9930.0, 0.43906927
9940.0, 0.43902355
9950.0, 0.43897796
9960.0, 0.43893242
9970.0, 0.43888697
9980.0, 0.43884158
9990.0, 0.4387963
10000.0, 0.4387511
10010.0, 0.43870598
10020.0, 0.43866095
10030.0, 0.43861598
10040.0, 0.4385711
10050.0, 0.4385263
10060.0, 0.43848157
10070.0, 0.43843696
10080.0, 0.43839237
10090.0, 0.4383479
10100.0, 0.4383035
10110.0, 0.43825918
10120.0, 0.43821496
10130.0, 0.4381708
10140.0, 0.4381267
10150.0, 0.43808272
10160.0, 0.4380388
10170.0, 0.43799496
10180.0, 0.4379512
10190.0, 0.43790752
10200.0, 0.43786392
10210.0, 0.4378204
10220.0, 0.43777695
10230.0, 0.4377336
10240.0, 0.4376903
10250.0, 0.43764707
10260.0, 0.43760395
10270.0, 0.43756092
10280.0, 0.43751794
10290.0, 0.43747503
10300.0, 0.43743223
10310.0, 0.43738946
10320.0, 0.43734682
10330.0, 0.43730423
10340.0, 0.4372617
10350.0, 0.4372193
10360.0, 0.4371769
10370.0, 0.43713465
10380.0, 0.43709242
10390.0, 0.4370503
10400.0, 0.43700826
10410.0, 0.43696627
10420.0, 0.4369244
10430.0, 0.43688256
10440.0, 0.43684083
10450.0, 0.43679914
10460.0, 0.43675753
10470.0, 0.43671602
10480.0, 0.4366746
10490.0, 0.43663323
10500.0, 0.43659192
10510.0, 0.4365507
10520.0, 0.43650958
10530.0, 0.43646848
10540.0, 0.4364275
10550.0, 0.4363866
10560.0, 0.43634573
10570.0, 0.43630496
10580.0, 0.43626428
10590.0, 0.43622366
10600.0, 0.4361831
10610.0, 0.43614262
10620.0, 0.4361022
10630.0, 0.4360619
10640.0, 0.43602163
10650.0, 0.43598145
10660.0, 0.43594134
10670.0, 0.4359013
10680.0, 0.43586135
10690.0, 0.43582147
10700.0, 0.43578163
10710.0, 0.4357419
10720.0, 0.43570223
10730.0, 0.43566263
10740.0, 0.4356231
10750.0, 0.43558365
10760.0, 0.43554428
10770.0, 0.43550494
10780.0, 0.43546572
10790.0, 0.43542653
10800.0, 0.43538746
10810.0, 0.43534842
10820.0, 0.43530947
10830.0, 0.43527058
10840.0, 0.43523178
10850.0, 0.43519303
10860.0, 0.43515438
10870.0, 0.43511575
10880.0, 0.43507725
10890.0, 0.43503878
10900.0, 0.4350004
10910.0, 0.43496206
10920.0, 0.43492383
10930.0, 0.43488565
10940.0, 0.43484753
10950.0, 0.4348095
10960.0, 0.43477154
10970.0, 0.43473363
10980.0, 0.4346958
10990.0, 0.43465805
11000.0, 0.43462035
11010.0, 0.43458274
11020.0, 0.4345452
11030.0, 0.4345077
11040.0, 0.4344703
11050.0, 0.43443295
11060.0, 0.43439567
11070.0, 0.43435845
11080.0, 0.4343213
11090.0, 0.43428424
11100.0, 0.43424723
11110.0, 0.4342103
11120.0, 0.4341734
11130.0, 0.4341366
11140.0, 0.43409988
11150.0, 0.43406323
11160.0, 0.4340266
11170.0, 0.43399006
11180.0, 0.4339536
11190.0, 0.43391722
11200.0, 0.43388087
11210.0, 0.43384463
11220.0, 0.43380842
11230.0, 0.4337723
11240.0, 0.4337362
11250.0, 0.43370023
11260.0, 0.4336643
11270.0, 0.43362844
11280.0, 0.43359262
11290.0, 0.43355688
11300.0, 0.4335212
11310.0, 0.43348563
11320.0, 0.43345007
11330.0, 0.4334146
11340.0, 0.4333792
11350.0, 0.43334386
11360.0, 0.43330857
11370.0, 0.43327338
11380.0, 0.4332382
11390.0, 0.43320313
11400.0, 0.4331681
11410.0, 0.43313316
11420.0, 0.4330983
11430.0, 0.43306345
11440.0, 0.4330287
11450.0, 0.43299398
11460.0, 0.43295935
11470.0, 0.43292478
11480.0, 0.43289027
11490.0, 0.43285584
11500.0, 0.43282145
11510.0, 0.43278715
11520.0, 0.4327529
11530.0, 0.4327187
11540.0, 0.4326846
11550.0, 0.43265054
11560.0, 0.43261653
11570.0, 0.4325826
11580.0, 0.43254873
11590.0, 0.4325149
11600.0, 0.43248114
11610.0, 0.43244746
11620.0, 0.43241385
11630.0, 0.4323803
11640.0, 0.4323468
11650.0, 0.43231335
11660.0, 0.43227997
11670.0, 0.43224666
11680.0, 0.4322134
11690.0, 0.43218023
11700.0, 0.4321471
11710.0, 0.43211403
11720.0, 0.432081
11730.0, 0.43204808
11740.0, 0.43201518
11750.0, 0.43198237
11760.0, 0.4319496
11770.0, 0.4319169
11780.0, 0.43188426
11790.0, 0.43185169
11800.0, 0.43181914
11810.0, 0.4317867
11820.0, 0.4317543
11830.0, 0.43172196
11840.0, 0.43168968
11850.0, 0.43165746
11860.0, 0.4316253
11870.0, 0.4315932
11880.0, 0.43156114
11890.0, 0.43152916
11900.0, 0.43149725
11910.0, 0.4314654
11920.0, 0.4314336
11930.0, 0.43140185
11940.0, 0.43137017
11950.0, 0.43133852
11960.0, 0.43130696
11970.0, 0.43127546
11980.0, 0.43124402
11990.0, 0.4312126
12000.0, 0.43118125
12010.0, 0.43115
12020.0, 0.4311188
12030.0, 0.4310876
12040.0, 0.4310565
12050.0, 0.43102548
12060.0, 0.43099448
12070.0, 0.43096355
12080.0, 0.43093267
12090.0, 0.43090186
12100.0, 0.4308711
12110.0, 0.4308404
12120.0, 0.43080977
12130.0, 0.4307792
12140.0, 0.43074867
12150.0, 0.43071818
12160.0, 0.43068776
12170.0, 0.43065742
12180.0, 0.4306271
12190.0, 0.43059686
12200.0, 0.43056667
12210.0, 0.43053654
12220.0, 0.43050647
12230.0, 0.43047646
12240.0, 0.43044648
12250.0, 0.43041658
12260.0, 0.43038672
12270.0, 0.43035692
12280.0, 0.43032718
12290.0, 0.4302975
12300.0, 0.43026787
12310.0, 0.4302383
12320.0, 0.43020877
12330.0, 0.43017933
12340.0, 0.43014988
12350.0, 0.43012053
12360.0, 0.43009123
12370.0, 0.430062
12380.0, 0.43003282
12390.0, 0.43000367
12400.0, 0.4299746
12410.0, 0.42994556
12420.0, 0.4299166
12430.0, 0.42988765
12440.0, 0.4298588
12450.0, 0.42982998
12460.0, 0.42980123
12470.0, 0.42977253
12480.0, 0.4297439
12490.0, 0.42971528
12500.0, 0.42968675
12510.0, 0.42965826
12520.0, 0.42962983
12530.0, 0.42960143
12540.0, 0.4295731
12550.0, 0.42954484
12560.0, 0.4295166
12570.0, 0.42948842
12580.0, 0.42946032
12590.0, 0.42943224
12600.0, 0.42940423
12610.0, 0.42937627
12620.0, 0.42934838
12630.0, 0.4293205
12640.0, 0.4292927
12650.0, 0.42926496
12660.0, 0.42923725
12670.0, 0.42920962
12680.0, 0.42918202
12690.0, 0.4291545
12700.0, 0.42912698
12710.0, 0.42909953
12720.0, 0.42907214
12730.0, 0.4290448
12740.0, 0.4290175
12750.0, 0.42899027
12760.0, 0.4289631
12770.0, 0.42893597
12780.0, 0.42890888
12790.0, 0.42888185
12800.0, 0.42885488
12810.0, 0.42882794
12820.0, 0.42880106
12830.0, 0.42877424
12840.0, 0.42874745
12850.0, 0.4287207
12860.0, 0.42869404
12870.0, 0.42866743
12880.0, 0.42864084
12890.0, 0.42861432
12900.0, 0.42858782
12910.0, 0.4285614
12920.0, 0.428535
12930.0, 0.4285087
12940.0, 0.4284824
12950.0, 0.4284562
12960.0, 0.42843002
12970.0, 0.42840388
12980.0, 0.42837778
12990.0, 0.42835176
13000.0, 0.42832577
13010.0, 0.42829984
13020.0, 0.42827395
13030.0, 0.4282481
13040.0, 0.4282223
13050.0, 0.42819658
13060.0, 0.4281709
13070.0, 0.42814526
13080.0, 0.42811966
13090.0, 0.4280941
13100.0, 0.4280686
13110.0, 0.42804316
13120.0, 0.42801774
13130.0, 0.42799237
13140.0, 0.42796707
13150.0, 0.4279418
13160.0, 0.4279166
13170.0, 0.42789143
13180.0, 0.4278663
13190.0, 0.42784125
13200.0, 0.4278162
13210.0, 0.42779127
13220.0, 0.42776632
13230.0, 0.42774144
13240.0, 0.4277166
13250.0, 0.42769182
13260.0, 0.42766708
13270.0, 0.42764238
13280.0, 0.42761773
13290.0, 0.42759314
13300.0, 0.42756858
13310.0, 0.42754406
13320.0, 0.42751962
13330.0, 0.42749518
13340.0, 0.4274708
13350.0, 0.42744648
13360.0, 0.42742223
13370.0, 0.427398
13380.0, 0.4273738
13390.0, 0.42734966
13400.0, 0.42732558
13410.0, 0.4273015
13420.0, 0.4272775
13430.0, 0.42725354
13440.0, 0.42722964
13450.0, 0.42720577
13460.0, 0.42718196
13470.0, 0.42715818
13480.0, 0.42713442
13490.0, 0.42711076
13500.0, 0.4270871
13510.0, 0.4270635
13520.0, 0.42703995
13530.0, 0.42701644
13540.0, 0.42699295
13550.0, 0.42696956
13560.0, 0.42694616
13570.0, 0.42692286
13580.0, 0.42689955
13590.0, 0.4268763
13600.0, 0.42685312
13610.0, 0.42682996
13620.0, 0.42680684
13630.0, 0.42678377
13640.0, 0.42676076
13650.0, 0.42673776
13660.0, 0.42671484
13670.0, 0.42669195
13680.0, 0.4266691
13690.0, 0.4266463
13700.0, 0.42662352
13710.0, 0.4266008
13720.0, 0.4265781
13730.0, 0.42655548
13740.0, 0.4265329
13750.0, 0.42651033
13760.0, 0.42648783
13770.0, 0.4264654
13780.0, 0.42644295
13790.0, 0.42642057
13800.0, 0.42639825
13810.0, 0.42637596
13820.0, 0.4263537
13830.0, 0.4263315
13840.0, 0.42630932
13850.0, 0.4262872
13860.0, 0.4262651
13870.0, 0.42624307
13880.0, 0.42622107
13890.0, 0.4261991
13900.0, 0.4261772
13910.0, 0.42615533
13920.0, 0.42613348
13930.0, 0.4261117
13940.0, 0.42608994
13950.0, 0.42606825
13960.0, 0.42604658
13970.0, 0.42602494
13980.0, 0.42600337
13990.0, 0.42598182
14000.0, 0.4259603
14010.0, 0.42593887
14020.0, 0.42591745
14030.0, 0.42589605
14040.0, 0.4258747
14050.0, 0.4258534
14060.0, 0.42583215
14070.0, 0.42581093
14080.0, 0.42578977
14090.0, 0.42576864
14100.0, 0.4257475
14110.0, 0.42572647
14120.0, 0.42570546
14130.0, 0.42568448
14140.0, 0.42566353
14150.0, 0.42564264
14160.0, 0.42562178
14170.0, 0.42560098
14180.0, 0.4255802
14190.0, 0.42555946
14200.0, 0.42553875
14210.0, 0.4255181
14220.0, 0.42549747
14230.0, 0.4254769
14240.0, 0.42545635
14250.0, 0.42543584
14260.0, 0.4254154
14270.0, 0.42539495
14280.0, 0.42537457
14290.0, 0.42535424
14300.0, 0.42533392
14310.0, 0.42531365
14320.0, 0.42529342
14330.0, 0.42527324
14340.0, 0.42525306
14350.0, 0.42523298
14360.0, 0.4252129
14370.0, 0.42519283
14380.0, 0.42517284
14390.0, 0.42515287
14400.0, 0.42513296
14410.0, 0.42511308
14420.0, 0.42509323
14430.0, 0.42507342
14440.0, 0.42505363
14450.0, 0.4250339
14460.0, 0.42501423
14470.0, 0.42499456
14480.0, 0.42497495
14490.0, 0.42495534
14500.0, 0.4249358
14510.0, 0.4249163
14520.0, 0.42489684
14530.0, 0.42487738
14540.0, 0.42485797
14550.0, 0.4248386
14560.0, 0.4248193
14570.0, 0.4248
14580.0, 0.42478076
14590.0, 0.42476156
14600.0, 0.42474237
14610.0, 0.42472324
14620.0, 0.42470413
14630.0, 0.42468506
14640.0, 0.42466602
14650.0, 0.42464703
14660.0, 0.42462808
14670.0, 0.42460915
14680.0, 0.42459026
14690.0, 0.42457142
14700.0, 0.42455262
14710.0, 0.42453384
14720.0, 0.4245151
14730.0, 0.42449638
14740.0, 0.42447773
14750.0, 0.42445907
14760.0, 0.4244405
14770.0, 0.42442194
14780.0, 0.4244034
14790.0, 0.42438492
14800.0, 0.42436644
14810.0, 0.42434803
14820.0, 0.42432964
14830.0, 0.4243113
14840.0, 0.42429298
14850.0, 0.4242747
14860.0, 0.42425644
14870.0, 0.42423823
14880.0, 0.42422006
14890.0, 0.42420194
14900.0, 0.42418382
14910.0, 0.42416576
14920.0, 0.42414773
14930.0, 0.4241297
14940.0, 0.42411175
14950.0, 0.4240938
14960.0, 0.42407593
14970.0, 0.42405805
14980.0, 0.42404023
14990.0, 0.42402244
15000.0, 0.42400464
15010.0, 0.42398694
15020.0, 0.42396924
15030.0, 0.4239516
15040.0, 0.42393395
15050.0, 0.42391637
15060.0, 0.42389882
15070.0, 0.4238813
15080.0, 0.4238638
15090.0, 0.42384633
15100.0, 0.4238289
15110.0, 0.42381153
15120.0, 0.42379418
15130.0, 0.42377684
15140.0, 0.42375955
15150.0, 0.4237423
15160.0, 0.42372507
15170.0, 0.42370787
15180.0, 0.4236907
15190.0, 0.4236736
15200.0, 0.4236565
15210.0, 0.42363945
15220.0, 0.42362243
15230.0, 0.4236054
15240.0, 0.42358845
15250.0, 0.42357153
15260.0, 0.42355463
15270.0, 0.42353776
15280.0, 0.42352095
15290.0, 0.42350414
15300.0, 0.4234874
15310.0, 0.42347065
15320.0, 0.42345393
15330.0, 0.42343727
15340.0, 0.42342064
15350.0, 0.42340404
15360.0, 0.42338744
15370.0, 0.42337093
15380.0, 0.42335442
15390.0, 0.4233379
15400.0, 0.42332146
15410.0, 0.42330506
15420.0, 0.42328867
15430.0, 0.4232723
15440.0, 0.423256
15450.0, 0.4232397
15460.0, 0.42322344
15470.0, 0.42320722
15480.0, 0.42319104
15490.0, 0.42317486
15500.0, 0.42315874
15510.0, 0.42314264
15520.0, 0.42312655
15530.0, 0.4231105
15540.0, 0.4230945
15550.0, 0.42307854
15560.0, 0.42306256
15570.0, 0.42304668
15580.0, 0.4230308
15590.0, 0.42301494
15600.0, 0.42299908
15610.0, 0.42298332
15620.0, 0.42296752
15630.0, 0.42295182
15640.0, 0.4229361
15650.0, 0.42292044
15660.0, 0.4229048
15670.0, 0.42288917
15680.0, 0.4228736
15690.0, 0.42285803
15700.0, 0.42284253
15710.0, 0.42282704
15720.0, 0.42281154
15730.0, 0.42279613
15740.0, 0.42278072
15750.0, 0.42276534
15760.0, 0.42275
15770.0, 0.42273468
15780.0, 0.42271942
15790.0, 0.42270413
15800.0, 0.42268893
15810.0, 0.42267373
15820.0, 0.42265856
15830.0, 0.42264342
15840.0, 0.4226283
15850.0, 0.42261323
15860.0, 0.42259818
15870.0, 0.42258316
15880.0, 0.42256817
15890.0, 0.42255318
15900.0, 0.42253828
15910.0, 0.42252335
15920.0, 0.42250848
15930.0, 0.42249364
15940.0, 0.4224788
15950.0, 0.422464
15960.0, 0.42244926
15970.0, 0.4224345
15980.0, 0.42241982
15990.0, 0.42240515
16000.0, 0.4223905
16010.0, 0.4223759
16020.0, 0.42236128
16030.0, 0.4223467
16040.0, 0.42233217
16050.0, 0.42231768
16060.0, 0.4223032
16070.0, 0.42228875
16080.0, 0.42227432
16090.0, 0.42225993
16100.0, 0.42224553
16110.0, 0.4222312
16120.0, 0.4222169
16130.0, 0.42220262
16140.0, 0.42218834
16150.0, 0.42217413
16160.0, 0.4221599
16170.0, 0.42214575
16180.0, 0.4221316
16190.0, 0.42211747
16200.0, 0.42210338
16210.0, 0.4220893
16220.0, 0.42207527
16230.0, 0.42206126
16240.0, 0.4220473
16250.0, 0.4220333
16260.0, 0.4220194
16270.0, 0.4220055
16280.0, 0.42199162
16290.0, 0.42197776
16300.0, 0.42196393
16310.0, 0.42195016
16320.0, 0.42193636
16330.0, 0.42192262
16340.0, 0.42190892
16350.0, 0.42189524
16360.0, 0.42188156
16370.0, 0.42186794
16380.0, 0.42185432
16390.0, 0.42184073
16400.0, 0.42182717
16410.0, 0.42181364
16420.0, 0.42180014
16430.0, 0.42178667
16440.0, 0.4217732
16450.0, 0.42175978
16460.0, 0.42174637
16470.0, 0.421733
16480.0, 0.42171964
16490.0, 0.42170632
16500.0, 0.42169303
16510.0, 0.42167976
16520.0, 0.4216665
16530.0, 0.4216533
16540.0, 0.4216401
16550.0, 0.42162693
16560.0, 0.42161378
16570.0, 0.42160067
16580.0, 0.4215876
16590.0, 0.4215745
16600.0, 0.42156148
16610.0, 0.42154846
16620.0, 0.42153546
16630.0, 0.4215225
16640.0, 0.42150953
16650.0, 0.42149663
16660.0, 0.42148376
16670.0, 0.42147088
16680.0, 0.42145804
16690.0, 0.42144522
16700.0, 0.42143244
16710.0, 0.42141965
16720.0, 0.42140692
16730.0, 0.4213942
16740.0, 0.42138153
16750.0, 0.42136884
16760.0, 0.4213562
16770.0, 0.4213436
16780.0, 0.421331
16790.0, 0.4213184
16800.0, 0.42130587
16810.0, 0.42129335
16820.0, 0.42128086
16830.0, 0.4212684
16840.0, 0.42125595
16850.0, 0.42124352
16860.0, 0.42123112
16870.0, 0.42121875
16880.0, 0.42120638
16890.0, 0.42119408
16900.0, 0.42118177
16910.0, 0.4211695
16920.0, 0.42115724
16930.0, 0.421145
16940.0, 0.42113277
16950.0, 0.42112058
16960.0, 0.42110842
16970.0, 0.4210963
16980.0, 0.42108417
16990.0, 0.4210721
17000.0, 0.42106003
17010.0, 0.421048
17020.0, 0.42103598
17030.0, 0.42102396
17040.0, 0.42101198
17050.0, 0.42100003
17060.0, 0.4209881
17070.0, 0.42097622
17080.0, 0.42096433
17090.0, 0.42095247
17100.0, 0.42094064
17110.0, 0.42092884
17120.0, 0.42091703
17130.0, 0.42090526
17140.0, 0.42089352
17150.0, 0.4208818
17160.0, 0.42087013
17170.0, 0.42085844
17180.0, 0.4208468
17190.0, 0.42083517
17200.0, 0.42082357
17210.0, 0.42081198
17220.0, 0.42080042
17230.0, 0.42078888
17240.0, 0.42077735
17250.0, 0.42076585
17260.0, 0.4207544
17270.0, 0.42074293
17280.0, 0.4207315
17290.0, 0.4207201
17300.0, 0.42070875
17310.0, 0.42069736
17320.0, 0.42068604
17330.0, 0.4206747
17340.0, 0.42066342
17350.0, 0.42065215
17360.0, 0.4206409
17370.0, 0.42062968
17380.0, 0.42061847
17390.0, 0.4206073
17400.0, 0.42059612
17410.0, 0.42058498
17420.0, 0.42057386
17430.0, 0.42056274
17440.0, 0.4205517
17450.0, 0.42054063
17460.0, 0.4205296
17470.0, 0.42051858
17480.0, 0.4205076
17490.0, 0.4204966
17500.0, 0.42048568
17510.0, 0.42047474
17520.0, 0.42046386
17530.0, 0.42045298
17540.0, 0.4204421
17550.0, 0.42043126
17560.0, 0.42042044
17570.0, 0.42040965
17580.0, 0.42039886
17590.0, 0.4203881
17600.0, 0.42037737
17610.0, 0.42036667
17620.0, 0.42035598
17630.0, 0.42034528
17640.0, 0.42033464
17650.0, 0.42032403
17660.0, 0.4203134
17670.0, 0.4203028
17680.0, 0.42029223
17690.0, 0.4202817
17700.0, 0.42027116
17710.0, 0.42026067
17720.0, 0.42025015
17730.0, 0.4202397
17740.0, 0.42022926
17750.0, 0.42021883
17760.0, 0.42020842
17770.0, 0.42019802
17780.0, 0.42018768
17790.0, 0.4201773
17800.0, 0.420167
17810.0, 0.4201567
17820.0, 0.4201464
17830.0, 0.42013615
17840.0, 0.4201259
17850.0, 0.42011568
17860.0, 0.42010546
17870.0, 0.4200953
17880.0, 0.4200851
17890.0, 0.42007497
17900.0, 0.42006487
17910.0, 0.42005473
17920.0, 0.42004466
17930.0, 0.4200346
17940.0, 0.42002454
17950.0, 0.42001453
17960.0, 0.42000452
17970.0, 0.41999453
17980.0, 0.41998455
17990.0, 0.41997463
18000.0, 0.41996467
18010.0, 0.41995478
18020.0, 0.41994488
18030.0, 0.41993502
18040.0, 0.41992515
18050.0, 0.41991532
18060.0, 0.4199055
18070.0, 0.4198957
18080.0, 0.41988593
18090.0, 0.4198762
18100.0, 0.41986644
18110.0, 0.41985673
18120.0, 0.41984704
18130.0, 0.41983736
18140.0, 0.4198277
18150.0, 0.41981804
18160.0, 0.41980842
18170.0, 0.41979882
18180.0, 0.41978925
18190.0, 0.41977966
18200.0, 0.41977012
18210.0, 0.41976058
18220.0, 0.41975108
18230.0, 0.4197416
18240.0, 0.41973212
18250.0, 0.41972268
18260.0, 0.41971323
18270.0, 0.4197038
18280.0, 0.4196944
18290.0, 0.41968504
18300.0, 0.41967568
18310.0, 0.41966632
18320.0, 0.419657
18330.0, 0.4196477
18340.0, 0.4196384
18350.0, 0.41962913
18360.0, 0.41961986
18370.0, 0.41961062
18380.0, 0.4196014
18390.0, 0.4195922
18400.0, 0.41958302
18410.0, 0.41957387
18420.0, 0.41956472
18430.0, 0.4195556
18440.0, 0.41954648
18450.0, 0.4195374
18460.0, 0.4195283
18470.0, 0.41951925
18480.0, 0.41951022
18490.0, 0.41950122
18500.0, 0.4194922
18510.0, 0.4194832
18520.0, 0.41947424
18530.0, 0.41946527
18540.0, 0.41945636
18550.0, 0.41944742
18560.0, 0.41943854
18570.0, 0.41942966
18580.0, 0.41942078
18590.0, 0.41941196
18600.0, 0.4194031
18610.0, 0.4193943
18620.0, 0.41938552
18630.0, 0.41937673
18640.0, 0.41936797
18650.0, 0.41935924
18660.0, 0.4193505
18670.0, 0.4193418
18680.0, 0.4193331
18690.0, 0.41932443
18700.0, 0.4193158
18710.0, 0.41930714
18720.0, 0.4192985
18730.0, 0.41928992
18740.0, 0.4192813
18750.0, 0.41927272
18760.0, 0.4192642
18770.0, 0.41925564
18780.0, 0.41924712
18790.0, 0.4192386
18800.0, 0.41923013
18810.0, 0.41922164
18820.0, 0.4192132
18830.0, 0.41920474
18840.0, 0.41919634
18850.0, 0.41918793
18860.0, 0.41917953
18870.0, 0.41917115
18880.0, 0.4191628
18890.0, 0.41915447
18900.0, 0.41914615
18910.0, 0.41913784
18920.0, 0.41912955
18930.0, 0.41912127
18940.0, 0.419113
18950.0, 0.41910475
18960.0, 0.41909653
18970.0, 0.4190883
18980.0, 0.4190801
18990.0, 0.41907194
19000.0, 0.41906378
19010.0, 0.41905564
19020.0, 0.4190475
19030.0, 0.4190394
19040.0, 0.4190313
19050.0, 0.4190232
19060.0, 0.41901514
19070.0, 0.4190071
19080.0, 0.41899905
19090.0, 0.41899103
19100.0, 0.41898304
19110.0, 0.41897506
19120.0, 0.41896707
19130.0, 0.4189591
19140.0, 0.41895118
19150.0, 0.41894323
19160.0, 0.41893533
19170.0, 0.41892743
19180.0, 0.41891956
19190.0, 0.4189117
19200.0, 0.41890386
19210.0, 0.418896
19220.0, 0.41888818
19230.0, 0.41888037
19240.0, 0.4188726
19250.0, 0.41886482
19260.0, 0.41885707
19270.0, 0.41884932
19280.0, 0.4188416
19290.0, 0.4188339
19300.0, 0.4188262
19310.0, 0.41881853
19320.0, 0.41881084
19330.0, 0.41880322
19340.0, 0.41879556
19350.0, 0.41878796
19360.0, 0.41878036
19370.0, 0.41877276
19380.0, 0.41876516
19390.0, 0.41875762
19400.0, 0.41875005
19410.0, 0.41874254
19420.0, 0.41873503
19430.0, 0.41872752
19440.0, 0.41872004
19450.0, 0.41871256
19460.0, 0.4187051
19470.0, 0.41869766
19480.0, 0.41869023
19490.0, 0.4186828
19500.0, 0.41867542
19510.0, 0.41866803
19520.0, 0.41866064
19530.0, 0.4186533
19540.0, 0.41864595
19550.0, 0.41863865
19560.0, 0.41863132
19570.0, 0.418624
19580.0, 0.41861674
19590.0, 0.41860947
19600.0, 0.4186022
19610.0, 0.41859496
19620.0, 0.41858774
19630.0, 0.41858053
19640.0, 0.41857332
19650.0, 0.41856617
19660.0, 0.41855898
19670.0, 0.41855183
19680.0, 0.41854468
19690.0, 0.41853756
19700.0, 0.41853043
19710.0, 0.41852334
19720.0, 0.41851625
19730.0, 0.4185092
19740.0, 0.41850212
19750.0, 0.4184951
19760.0, 0.41848806
19770.0, 0.41848102
19780.0, 0.41847402
19790.0, 0.41846704
19800.0, 0.41846007
19810.0, 0.4184531
19820.0, 0.41844615
19830.0, 0.4184392
19840.0, 0.4184323
19850.0, 0.4184254
19860.0, 0.4184185
19870.0, 0.4184116
19880.0, 0.41840476
19890.0, 0.4183979
19900.0, 0.41839105
19910.0, 0.41838422
19920.0, 0.41837743
19930.0, 0.41837063
19940.0, 0.41836384
19950.0, 0.41835707
19960.0, 0.4183503
19970.0, 0.41834354
19980.0, 0.4183368
19990.0, 0.4183301
20000.0, 0.4183234
20010.0, 0.41831672
20020.0, 0.41831005
20030.0, 0.41830337
20040.0, 0.4182967
20050.0, 0.41829008
20060.0, 0.41828343
20070.0, 0.41827682
20080.0, 0.41827023
20090.0, 0.41826364
20100.0, 0.41825706
20110.0, 0.4182505
20120.0, 0.41824394
20130.0, 0.41823742
20140.0, 0.4182309
20150.0, 0.4182244
20160.0, 0.41821787
20170.0, 0.4182114
20180.0, 0.41820493
20190.0, 0.41819847
20200.0, 0.41819203
20210.0, 0.4181856
20220.0, 0.41817915
20230.0, 0.41817275
20240.0, 0.41816637
20250.0, 0.41815996
20260.0, 0.4181536
20270.0, 0.41814724
20280.0, 0.4181409
20290.0, 0.41813457
20300.0, 0.41812825
20310.0, 0.41812193
20320.0, 0.41811565
20330.0, 0.41810936
20340.0, 0.41810307
20350.0, 0.4180968
20360.0, 0.41809055
20370.0, 0.41808432
20380.0, 0.41807812
20390.0, 0.4180719
20400.0, 0.4180657
20410.0, 0.41805953
20420.0, 0.41805336
20430.0, 0.4180472
20440.0, 0.41804105
20450.0, 0.4180349
20460.0, 0.41802877
20470.0, 0.41802266
20480.0, 0.41801655
20490.0, 0.41801047
20500.0, 0.4180044
20510.0, 0.41799834
20520.0, 0.41799226
20530.0, 0.41798624
20540.0, 0.41798022
20550.0, 0.4179742
20560.0, 0.41796818
20570.0, 0.4179622
20580.0, 0.4179562
20590.0, 0.41795024
20600.0, 0.41794428
20610.0, 0.41793832
20620.0, 0.4179324
20630.0, 0.4179265
20640.0, 0.4179206
20650.0, 0.41791466
20660.0, 0.4179088
20670.0, 0.41790292
20680.0, 0.41789705
20690.0, 0.41789117
20700.0, 0.41788536
20710.0, 0.41787952
20720.0, 0.41787368
20730.0, 0.4178679
20740.0, 0.4178621
20750.0, 0.4178563
20760.0, 0.41785052
20770.0, 0.41784477
20780.0, 0.41783902
20790.0, 0.41783327
20800.0, 0.41782755
20810.0, 0.41782182
20820.0, 0.41781613
20830.0, 0.41781044
20840.0, 0.41780478
20850.0, 0.4177991
20860.0, 0.41779342
20870.0, 0.41778776
20880.0, 0.41778216
20890.0, 0.41777653
20900.0, 0.4177709
20910.0, 0.4177653
20920.0, 0.4177597
20930.0, 0.4177541
20940.0, 0.41774854
20950.0, 0.417743
20960.0, 0.41773742
20970.0, 0.4177319
20980.0, 0.41772637
20990.0, 0.41772085
21000.0, 0.41771534
21010.0, 0.41770986
21020.0, 0.41770437
21030.0, 0.4176989
21040.0, 0.41769344
21050.0, 0.41768798
21060.0, 0.41768253
21070.0, 0.4176771
21080.0, 0.41767168
21090.0, 0.4176663
21100.0, 0.41766086
21110.0, 0.4176555
21120.0, 0.41765013
21130.0, 0.41764474
21140.0, 0.4176394
21150.0, 0.41763407
21160.0, 0.4176287
21170.0, 0.4176234
21180.0, 0.41761807
21190.0, 0.41761276
21200.0, 0.4176075
21210.0, 0.4176022
21220.0, 0.41759694
21230.0, 0.41759166
21240.0, 0.41758642
21250.0, 0.41758117
21260.0, 0.41757596
21270.0, 0.41757074
21280.0, 0.41756552
21290.0, 0.4175603
21300.0, 0.41755512
21310.0, 0.41754994
21320.0, 0.41754478
21330.0, 0.41753963
21340.0, 0.41753447
21350.0, 0.41752934
21360.0, 0.41752422
21370.0, 0.4175191
21380.0, 0.41751397
21390.0, 0.4175089
21400.0, 0.4175038
21410.0, 0.4174987
21420.0, 0.41749364
21430.0, 0.4174886
21440.0, 0.41748354
21450.0, 0.4174785
21460.0, 0.4174735
21470.0, 0.41746846
21480.0, 0.41746345
21490.0, 0.41745844
21500.0, 0.41745347
21510.0, 0.4174485
21520.0, 0.41744354
21530.0, 0.41743857
21540.0, 0.41743362
21550.0, 0.41742867
21560.0, 0.41742375
21570.0, 0.41741884
21580.0, 0.41741392
21590.0, 0.41740903
21600.0, 0.41740415
21610.0, 0.41739926
21620.0, 0.41739437
21630.0, 0.4173895
21640.0, 0.41738465
21650.0, 0.41737983
21660.0, 0.417375
21670.0, 0.41737017
21680.0, 0.41736534
21690.0, 0.41736054
21700.0, 0.41735575
21710.0, 0.41735098
21720.0, 0.41734618
21730.0, 0.41734144
21740.0, 0.41733667
21750.0, 0.41733193
21760.0, 0.4173272
21770.0, 0.41732246
21780.0, 0.41731775
21790.0, 0.41731304
21800.0, 0.41730833
21810.0, 0.41730365
21820.0, 0.41729897
21830.0, 0.4172943
21840.0, 0.4172896
21850.0, 0.41728497
21860.0, 0.41728032
21870.0, 0.4172757
21880.0, 0.41727105
21890.0, 0.41726646
21900.0, 0.41726184
21910.0, 0.41725722
21920.0, 0.41725263
21930.0, 0.41724804
21940.0, 0.41724348
21950.0, 0.41723892
21960.0, 0.41723436
21970.0, 0.41722983
21980.0, 0.4172253
21990.0, 0.41722077
22000.0, 0.41721624
22010.0, 0.41721174
22020.0, 0.41720724
22030.0, 0.41720274
22040.0, 0.41719827
22050.0, 0.4171938
22060.0, 0.41718933
22070.0, 0.41718486
22080.0, 0.41718042
22090.0, 0.41717598
22100.0, 0.41717154
22110.0, 0.41716713
22120.0, 0.41716272
22130.0, 0.4171583
22140.0, 0.41715392
22150.0, 0.41714954
22160.0, 0.41714516
22170.0, 0.41714078
22180.0, 0.41713643
22190.0, 0.41713208
22200.0, 0.41712773
22210.0, 0.4171234
22220.0, 0.4171191
22230.0, 0.41711476
22240.0, 0.41711044
22250.0, 0.41710615
22260.0, 0.41710186
22270.0, 0.41709757
22280.0, 0.4170933
22290.0, 0.41708905
22300.0, 0.41708478
22310.0, 0.41708052
22320.0, 0.4170763
22330.0, 0.41707206
22340.0, 0.41706783
22350.0, 0.41706362
22360.0, 0.4170594
22370.0, 0.41705522
22380.0, 0.41705102
22390.0, 0.41704684
22400.0, 0.41704264
22410.0, 0.4170385
22420.0, 0.41703433
22430.0, 0.4170302
22440.0, 0.41702604
22450.0, 0.41702193
22460.0, 0.4170178
22470.0, 0.41701367
22480.0, 0.41700956
22490.0, 0.41700548
22500.0, 0.41700137
22510.0, 0.41699728
22520.0, 0.4169932
22530.0, 0.41698915
22540.0, 0.4169851
22550.0, 0.416981
22560.0, 0.416977
22570.0, 0.41697294
22580.0, 0.4169689
22590.0, 0.4169649
22600.0, 0.4169609
22610.0, 0.4169569
22620.0, 0.41695288
22630.0, 0.41694888
22640.0, 0.41694492
22650.0, 0.41694093
22660.0, 0.41693696
22670.0, 0.41693303
22680.0, 0.41692907
22690.0, 0.41692513
22700.0, 0.4169212
22710.0, 0.41691726
22720.0, 0.41691336
22730.0, 0.41690946
22740.0, 0.41690555
22750.0, 0.41690165
22760.0, 0.41689777
22770.0, 0.4168939
22780.0, 0.41689003
22790.0, 0.41688615
22800.0, 0.4168823
22810.0, 0.41687843
22820.0, 0.4168746
22830.0, 0.41687077
22840.0, 0.41686696
22850.0, 0.41686314
22860.0, 0.41685933
22870.0, 0.4168555
22880.0, 0.41685173
22890.0, 0.41684794
22900.0, 0.41684416
22910.0, 0.41684037
22920.0, 0.41683662
22930.0, 0.41683286
22940.0, 0.4168291
22950.0, 0.41682535
22960.0, 0.41682163
22970.0, 0.4168179
22980.0, 0.41681418
22990.0, 0.41681045
23000.0, 0.41680676
23010.0, 0.41680306
23020.0, 0.41679937
23030.0, 0.41679567
23040.0, 0.416792
23050.0, 0.41678834
23060.0, 0.41678467
23070.0, 0.416781
23080.0, 0.41677737
23090.0, 0.41677374
23100.0, 0.4167701
23110.0, 0.41676646
23120.0, 0.41676286
23130.0, 0.41675925
23140.0, 0.41675565
23150.0, 0.41675204
23160.0, 0.41674843
23170.0, 0.41674486
23180.0, 0.41674128
23190.0, 0.41673774
23200.0, 0.41673416
23210.0, 0.4167306
23220.0, 0.41672707
23230.0, 0.41672352
23240.0, 0.41671997
23250.0, 0.41671646
23260.0, 0.41671294
23270.0, 0.41670942
23280.0, 0.4167059
23290.0, 0.41670242
23300.0, 0.4166989
23310.0, 0.41669542
23320.0, 0.41669196
23330.0, 0.41668847
23340.0, 0.41668501
23350.0, 0.41668156
23360.0, 0.41667813
23370.0, 0.41667467
23380.0, 0.41667125
23390.0, 0.41666782
23400.0, 0.41666436
23410.0, 0.41666096
23420.0, 0.41665754
23430.0, 0.41665414
23440.0, 0.41665074
23450.0, 0.41664734
23460.0, 0.41664398
23470.0, 0.4166406
23480.0, 0.41663724
23490.0, 0.41663387
23500.0, 0.4166305
23510.0, 0.41662717
23520.0, 0.41662383
23530.0, 0.4166205
23540.0, 0.41661716
23550.0, 0.41661385
23560.0, 0.4166105
23570.0, 0.4166072
23580.0, 0.4166039
23590.0, 0.4166006
23600.0, 0.4165973
23610.0, 0.41659403
23620.0, 0.41659075
23630.0, 0.41658747
23640.0, 0.41658422
23650.0, 0.41658098
23660.0, 0.41657773
23670.0, 0.41657448
23680.0, 0.41657123
23690.0, 0.416568
23700.0, 0.41656476
23710.0, 0.41656154
23720.0, 0.41655836
23730.0, 0.41655514
23740.0, 0.41655192
23750.0, 0.41654873
23760.0, 0.41654554
23770.0, 0.41654235
23780.0, 0.4165392
23790.0, 0.41653603
23800.0, 0.41653284
23810.0, 0.41652972
23820.0, 0.41652656
23830.0, 0.41652343
23840.0, 0.41652027
23850.0, 0.41651714
23860.0, 0.416514
23870.0, 0.4165109
23880.0, 0.41650778
23890.0, 0.41650468
23900.0, 0.41650158
23910.0, 0.41649848
23920.0, 0.4164954
23930.0, 0.4164923
23940.0, 0.41648924
23950.0, 0.41648617
23960.0, 0.4164831
23970.0, 0.41648006
23980.0, 0.416477
23990.0, 0.41647395
24000.0, 0.41647092
24010.0, 0.41646788
24020.0, 0.41646487
24030.0, 0.41646186
24040.0, 0.41645882
24050.0, 0.4164558
24060.0, 0.41645283
24070.0, 0.41644982
24080.0, 0.41644683
24090.0, 0.41644382
24100.0, 0.41644084
24110.0, 0.4164379
24120.0, 0.4164349
24130.0, 0.41643196
24140.0, 0.416429
24150.0, 0.41642606
24160.0, 0.4164231
24170.0, 0.41642016
24180.0, 0.41641724
24190.0, 0.41641432
24200.0, 0.41641137
24210.0, 0.41640848
24220.0, 0.41640556
24230.0, 0.41640267
24240.0, 0.41639978
24250.0, 0.41639686
24260.0, 0.41639397
24270.0, 0.4163911
24280.0, 0.41638824
24290.0, 0.41638535
24300.0, 0.4163825
24310.0, 0.41637963
24320.0, 0.4163768
24330.0, 0.41637394
24340.0, 0.4163711
24350.0, 0.41636828
24360.0, 0.41636544
24370.0, 0.4163626
24380.0, 0.4163598
24390.0, 0.41635698
24400.0, 0.41635418
24410.0, 0.41635138
24420.0, 0.41634858
24430.0, 0.41634578
24440.0, 0.416343
24450.0, 0.41634023
24460.0, 0.41633746
24470.0, 0.4163347
24480.0, 0.41633192
24490.0, 0.41632918
24500.0, 0.4163264
24510.0, 0.41632366
24520.0, 0.41632092
24530.0, 0.41631818
24540.0, 0.41631547
24550.0, 0.41631272
24560.0, 0.41631
24570.0, 0.4163073
24580.0, 0.4163046
24590.0, 0.41630188
24600.0, 0.4162992
24610.0, 0.4162965
24620.0, 0.41629383
24630.0, 0.41629115
24640.0, 0.41628847
24650.0, 0.41628578
24660.0, 0.4162831
24670.0, 0.41628045
24680.0, 0.4162778
24690.0, 0.41627514
24700.0, 0.41627252
24710.0, 0.41626987
24720.0, 0.41626725
24730.0, 0.41626462
24740.0, 0.41626197
24750.0, 0.41625938
24760.0, 0.41625676
24770.0, 0.41625413
24780.0, 0.41625154
24790.0, 0.41624895
24800.0, 0.41624635
24810.0, 0.41624376
24820.0, 0.4162412
24830.0, 0.4162386
24840.0, 0.41623604
24850.0, 0.41623348
24860.0, 0.41623092
24870.0, 0.41622835
24880.0, 0.4162258
24890.0, 0.41622326
24900.0, 0.41622072
24910.0, 0.41621816
24920.0, 0.41621563
24930.0, 0.41621312
24940.0, 0.4162106
24950.0, 0.4162081
24960.0, 0.41620556
24970.0, 0.41620305
24980.0, 0.41620055
24990.0, 0.41619807
25000.0, 0.41619557
25010.0, 0.41619307
25020.0, 0.4161906
25030.0, 0.41618812
25040.0, 0.41618565
25050.0, 0.41618317
25060.0, 0.41618073
25070.0, 0.4161783
25080.0, 0.4161758
25090.0, 0.41617337
25100.0, 0.41617092
25110.0, 0.41616848
25120.0, 0.41616607
25130.0, 0.41616362
25140.0, 0.4161612
25150.0, 0.4161588
25160.0, 0.41615638
25170.0, 0.41615397
25180.0, 0.41615155
25190.0, 0.41614917
25200.0, 0.41614679
25210.0, 0.41614437
25220.0, 0.416142
25230.0, 0.4161396
25240.0, 0.41613722
25250.0, 0.41613486
25260.0, 0.4161325
25270.0, 0.41613016
25280.0, 0.4161278
25290.0, 0.41612545
25300.0, 0.4161231
25310.0, 0.41612074
25320.0, 0.4161184
25330.0, 0.4161161
25340.0, 0.41611376
25350.0, 0.4161114
25360.0, 0.41610909
25370.0, 0.4161068
25380.0, 0.41610447
25390.0, 0.41610217
25400.0, 0.41609988
25410.0, 0.41609758
25420.0, 0.4160953
25430.0, 0.416093
25440.0, 0.41609073
25450.0, 0.41608843
25460.0, 0.41608617
25470.0, 0.4160839
25480.0, 0.41608164
25490.0, 0.41607937
25500.0, 0.4160771
25510.0, 0.41607487
25520.0, 0.4160726
25530.0, 0.41607037
25540.0, 0.41606814
25550.0, 0.4160659
25560.0, 0.41606367
25570.0, 0.41606146
25580.0, 0.41605923
25590.0, 0.41605702
25600.0, 0.4160548
25610.0, 0.41605258
25620.0, 0.4160504
25630.0, 0.4160482
25640.0, 0.416046
25650.0, 0.41604382
25660.0, 0.41604164
25670.0, 0.41603944
25680.0, 0.41603726
25690.0, 0.41603512
25700.0, 0.41603294
25710.0, 0.41603076
25720.0, 0.41602862
25730.0, 0.41602644
25740.0, 0.4160243
25750.0, 0.41602215
25760.0, 0.41602
25770.0, 0.4160179
25780.0, 0.41601574
25790.0, 0.41601363
25800.0, 0.41601148
25810.0, 0.41600937
25820.0, 0.41600725
25830.0, 0.41600513
25840.0, 0.41600302
25850.0, 0.41600093
25860.0, 0.41599882
25870.0, 0.41599673
25880.0, 0.41599464
25890.0, 0.41599256
25900.0, 0.41599047
25910.0, 0.41598842
25920.0, 0.41598633
25930.0, 0.41598424
25940.0, 0.4159822
25950.0, 0.41598013
25960.0, 0.41597804
25970.0, 0.41597602
25980.0, 0.41597396
25990.0, 0.4159719
26000.0, 0.41596988
26010.0, 0.41596785
26020.0, 0.4159658
26030.0, 0.41596377
26040.0, 0.41596174
26050.0, 0.41595972
26060.0, 0.41595772
26070.0, 0.4159557
26080.0, 0.41595367
26090.0, 0.41595167
26100.0, 0.41594967
26110.0, 0.41594768
26120.0, 0.41594568
26130.0, 0.41594368
26140.0, 0.41594172
26150.0, 0.41593972
26160.0, 0.41593775
26170.0, 0.41593578
26180.0, 0.41593382
26190.0, 0.41593185
26200.0, 0.41592988
26210.0, 0.41592792
26220.0, 0.41592595
26230.0, 0.415924
26240.0, 0.41592208
26250.0, 0.41592014
26260.0, 0.41591817
26270.0, 0.41591623
26280.0, 0.41591433
26290.0, 0.4159124
26300.0, 0.41591048
26310.0, 0.41590855
26320.0, 0.41590664
26330.0, 0.41590473
26340.0, 0.41590282
26350.0, 0.41590092
26360.0, 0.415899
26370.0, 0.4158971
26380.0, 0.41589522
26390.0, 0.41589332
26400.0, 0.41589144
26410.0, 0.41588956
26420.0, 0.41588768
26430.0, 0.4158858
26440.0, 0.41588393
26450.0, 0.41588208
26460.0, 0.4158802
26470.0, 0.41587836
26480.0, 0.41587648
26490.0, 0.41587463
26500.0, 0.41587278
26510.0, 0.41587093
26520.0, 0.41586912
26530.0, 0.41586727
26540.0, 0.41586545
26550.0, 0.4158636
26560.0, 0.4158618
26570.0, 0.41585994
26580.0, 0.41585812
26590.0, 0.41585633
26600.0, 0.4158545
26610.0, 0.4158527
26620.0, 0.4158509
26630.0, 0.4158491
26640.0, 0.4158473
26650.0, 0.4158455
26660.0, 0.41584373
26670.0, 0.41584194
26680.0, 0.41584015
26690.0, 0.41583836
26700.0, 0.4158366
26710.0, 0.4158348
26720.0, 0.41583306
26730.0, 0.41583127
26740.0, 0.4158295
26750.0, 0.41582775
26760.0, 0.415826
26770.0, 0.41582426
26780.0, 0.4158225
26790.0, 0.41582075
26800.0, 0.41581902
26810.0, 0.4158173
26820.0, 0.41581553
26830.0, 0.4158138
26840.0, 0.41581208
26850.0, 0.41581035
26860.0, 0.41580865
26870.0, 0.41580692
26880.0, 0.41580522
26890.0, 0.4158035
26900.0, 0.4158018
26910.0, 0.4158001
26920.0, 0.4157984
26930.0, 0.4157967
26940.0, 0.415795
26950.0, 0.4157933
26960.0, 0.41579163
26970.0, 0.41578993
26980.0, 0.41578826
26990.0, 0.4157866
27000.0, 0.4157849
27010.0, 0.41578323
27020.0, 0.41578156
27030.0, 0.41577992
27040.0, 0.41577825
27050.0, 0.41577658
27060.0, 0.41577494
27070.0, 0.41577327
27080.0, 0.41577163
27090.0, 0.41577
27100.0, 0.41576836
27110.0, 0.41576672
27120.0, 0.4157651
27130.0, 0.41576347
27140.0, 0.41576183
27150.0, 0.41576022
27160.0, 0.41575858
27170.0, 0.41575697
27180.0, 0.41575536
27190.0, 0.41575375
27200.0, 0.41575214
27210.0, 0.41575053
27220.0, 0.41574892
27230.0, 0.41574734
27240.0, 0.41574574
27250.0, 0.41574416
27260.0, 0.41574255
27270.0, 0.41574097
27280.0, 0.4157394
27290.0, 0.4157378
27300.0, 0.41573623
27310.0, 0.41573468
27320.0, 0.4157331
27330.0, 0.41573152
27340.0, 0.41572997
27350.0, 0.4157284
27360.0, 0.41572684
27370.0, 0.4157253
27380.0, 0.41572374
27390.0, 0.4157222
27400.0, 0.41572064
27410.0, 0.41571912
27420.0, 0.41571757
27430.0, 0.41571602
27440.0, 0.4157145
27450.0, 0.41571298
27460.0, 0.41571143
27470.0, 0.4157099
27480.0, 0.4157084
27490.0, 0.41570687
27500.0, 0.41570535
27510.0, 0.41570386
27520.0, 0.41570234
27530.0, 0.41570082
27540.0, 0.41569933
27550.0, 0.41569784
27560.0, 0.41569635
27570.0, 0.41569486
27580.0, 0.41569337
27590.0, 0.41569188
27600.0, 0.4156904
27610.0, 0.4156889
27620.0, 0.41568744
27630.0, 0.41568595
27640.0, 0.41568446
27650.0, 0.415683
27660.0, 0.41568154
27670.0, 0.41568008
27680.0, 0.41567862
27690.0, 0.41567716
27700.0, 0.4156757
27710.0, 0.41567424
27720.0, 0.41567278
27730.0, 0.41567135
27740.0, 0.41566992
27750.0, 0.41566846
27760.0, 0.41566703
27770.0, 0.4156656
27780.0, 0.41566417
27790.0, 0.41566274
27800.0, 0.4156613
27810.0, 0.41565987
27820.0, 0.41565847
27830.0, 0.41565704
27840.0, 0.4156556
27850.0, 0.4156542
27860.0, 0.4156528
27870.0, 0.4156514
27880.0, 0.41564998
27890.0, 0.4156486
27900.0, 0.41564718
27910.0, 0.4156458
27920.0, 0.4156444
27930.0, 0.415643
27940.0, 0.41564164
27950.0, 0.41564023
27960.0, 0.41563886
27970.0, 0.41563746
27980.0, 0.4156361
27990.0, 0.41563472
28000.0, 0.41563338
28010.0, 0.41563198
28020.0, 0.4156306
28030.0, 0.41562927
28040.0, 0.4156279
28050.0, 0.41562656
28060.0, 0.41562518
28070.0, 0.41562384
28080.0, 0.4156225
28090.0, 0.41562113
28100.0, 0.4156198
28110.0, 0.41561848
28120.0, 0.41561714
28130.0, 0.4156158
28140.0, 0.41561446
28150.0, 0.4156131
28160.0, 0.41561177
28170.0, 0.41561046
28180.0, 0.41560915
28190.0, 0.41560784
28200.0, 0.4156065
28210.0, 0.4156052
28220.0, 0.41560388
28230.0, 0.41560256
28240.0, 0.41560125
28250.0, 0.41559997
28260.0, 0.41559866
28270.0, 0.41559735
28280.0, 0.41559607
28290.0, 0.4155948
28300.0, 0.41559348
28310.0, 0.4155922
28320.0, 0.4155909
28330.0, 0.41558963
28340.0, 0.41558835
28350.0, 0.41558707
28360.0, 0.4155858
28370.0, 0.4155845
28380.0, 0.41558322
28390.0, 0.41558197
28400.0, 0.41558072
28410.0, 0.41557944
28420.0, 0.4155782
28430.0, 0.41557693
28440.0, 0.41557568
28450.0, 0.41557443
28460.0, 0.41557315
28470.0, 0.41557193
28480.0, 0.41557068
28490.0, 0.41556942
28500.0, 0.41556817
28510.0, 0.41556695
28520.0, 0.4155657
28530.0, 0.41556448
28540.0, 0.41556326
28550.0, 0.41556203
28560.0, 0.4155608
28570.0, 0.41555956
28580.0, 0.41555837
28590.0, 0.41555712
28600.0, 0.41555592
28610.0, 0.4155547
28620.0, 0.41555348
28630.0, 0.4155523
28640.0, 0.41555107
28650.0, 0.41554987
28660.0, 0.41554865
28670.0, 0.41554746
28680.0, 0.41554627
28690.0, 0.41554508
28700.0, 0.41554388
28710.0, 0.4155427
28720.0, 0.4155415
28730.0, 0.4155403
28740.0, 0.41553915
28750.0, 0.41553795
28760.0, 0.4155368
28770.0, 0.4155356
28780.0, 0.41553444
28790.0, 0.41553327
28800.0, 0.41553208
28810.0, 0.41553092
28820.0, 0.41552976
28830.0, 0.4155286
28840.0, 0.41552743
28850.0, 0.41552627
28860.0, 0.41552514
28870.0, 0.41552398
28880.0, 0.4155228
28890.0, 0.41552168
28900.0, 0.41552055
28910.0, 0.4155194
28920.0, 0.41551825
28930.0, 0.41551712
28940.0, 0.41551596
28950.0, 0.41551483
28960.0, 0.4155137
28970.0, 0.41551256
28980.0, 0.41551146
28990.0, 0.41551033
29000.0, 0.4155092
29010.0, 0.4155081
29020.0, 0.41550696
29030.0, 0.41550586
29040.0, 0.41550472
29050.0, 0.41550362
29060.0, 0.41550252
29070.0, 0.41550142
29080.0, 0.4155003
29090.0, 0.41549918
29100.0, 0.41549808
29110.0, 0.415497
29120.0, 0.4154959
29130.0, 0.4154948
29140.0, 0.41549373
29150.0, 0.41549262
29160.0, 0.41549152
29170.0, 0.41549045
29180.0, 0.41548938
29190.0, 0.4154883
29200.0, 0.4154872
29210.0, 0.41548613
29220.0, 0.41548505
29230.0, 0.41548398
29240.0, 0.4154829
29250.0, 0.41548184
29260.0, 0.4154808
29270.0, 0.41547972
29280.0, 0.41547865
29290.0, 0.4154776
29300.0, 0.41547653
29310.0, 0.4154755
29320.0, 0.4154744
29330.0, 0.41547337
29340.0, 0.41547233
29350.0, 0.4154713
29360.0, 0.41547024
29370.0, 0.41546917
29380.0, 0.41546816
29390.0, 0.4154671
29400.0, 0.41546607
29410.0, 0.41546503
29420.0, 0.415464
29430.0, 0.41546297
29440.0, 0.41546196
29450.0, 0.4154609
29460.0, 0.4154599
29470.0, 0.41545886
29480.0, 0.41545784
29490.0, 0.41545683
29500.0, 0.41545582
29510.0, 0.4154548
29520.0, 0.4154538
29530.0, 0.41545278
29540.0, 0.41545177
29550.0, 0.41545075
29560.0, 0.41544974
29570.0, 0.41544876
29580.0, 0.41544774
29590.0, 0.41544676
29600.0, 0.41544577
29610.0, 0.41544476
29620.0, 0.41544378
29630.0, 0.4154428
29640.0, 0.4154418
29650.0, 0.4154408
29660.0, 0.4154398
29670.0, 0.41543883
29680.0, 0.41543788
29690.0, 0.4154369
29700.0, 0.4154359
29710.0, 0.41543493
29720.0, 0.41543394
29730.0, 0.415433
29740.0, 0.41543204
29750.0, 0.41543105
29760.0, 0.4154301
29770.0, 0.41542912
29780.0, 0.41542816
29790.0, 0.4154272
29800.0, 0.41542625
29810.0, 0.41542527
29820.0, 0.41542432
29830.0, 0.41542336
29840.0, 0.41542244
29850.0, 0.4154215
29860.0, 0.41542053
29870.0, 0.4154196
29880.0, 0.41541865
29890.0, 0.4154177
29900.0, 0.41541678
29910.0, 0.41541582
29920.0, 0.4154149
29930.0, 0.41541398
29940.0, 0.41541305
29950.0, 0.4154121
29960.0, 0.41541117
29970.0, 0.41541025
29980.0, 0.41540933
29990.0, 0.4154084
30000.0, 0.4154075
