Energy (in eV), backscattering yield of material te2k-NASCAP at incidence 0.0 degree
   X,       Y
0.0, 0.5
10.0, 0.18393973
20.0, 0.06766764
30.0, 0.024893533
40.0, 0.00915782
50.0, 0.0033689735
60.0, 0.011902488
70.0, 0.020112406
80.0, 0.027594095
90.0, 0.034322537
100.0, 0.04037937
110.0, 0.045862667
120.0, 0.05086059
130.0, 0.055446245
140.0, 0.059678867
150.0, 0.0636063
160.0, 0.06726749
170.0, 0.07069446
180.0, 0.07391377
190.0, 0.076947704
200.0, 0.07981517
210.0, 0.08253227
220.0, 0.08511292
230.0, 0.0875691
240.0, 0.08991138
250.0, 0.09214895
260.0, 0.094289936
270.0, 0.09634162
280.0, 0.09831038
290.0, 0.10020203
300.0, 0.10202173
310.0, 0.10377416
320.0, 0.10546356
330.0, 0.10709375
340.0, 0.108668275
350.0, 0.11019029
360.0, 0.11166275
370.0, 0.11308836
380.0, 0.11446955
390.0, 0.11580864
400.0, 0.11710774
410.0, 0.118368804
420.0, 0.11959366
430.0, 0.120783985
440.0, 0.12194135
450.0, 0.12306724
460.0, 0.124162994
470.0, 0.12522995
480.0, 0.12626928
490.0, 0.12728213
500.0, 0.12826954
510.0, 0.12923253
520.0, 0.13017203
530.0, 0.13108896
540.0, 0.1319841
550.0, 0.1328583
560.0, 0.1337123
570.0, 0.13454679
580.0, 0.13536248
590.0, 0.13615997
600.0, 0.1369399
610.0, 0.13770284
620.0, 0.13844934
630.0, 0.13917993
640.0, 0.13989511
650.0, 0.14059535
660.0, 0.14128111
670.0, 0.14195283
680.0, 0.14261092
690.0, 0.1432558
700.0, 0.14388783
710.0, 0.14450735
720.0, 0.14511478
730.0, 0.14571038
740.0, 0.14629455
750.0, 0.14686751
760.0, 0.14742963
770.0, 0.14798117
780.0, 0.14852242
790.0, 0.14905363
800.0, 0.14957505
810.0, 0.15008695
820.0, 0.15058953
830.0, 0.15108304
840.0, 0.1515677
850.0, 0.15204372
860.0, 0.15251131
870.0, 0.15297066
880.0, 0.15342197
890.0, 0.1538654
900.0, 0.15430118
910.0, 0.15472943
920.0, 0.15515035
930.0, 0.15556408
940.0, 0.1559708
950.0, 0.15637065
960.0, 0.15676378
970.0, 0.15715033
980.0, 0.15753044
990.0, 0.15790424
1000.0, 0.15827185
1010.0, 0.15810828
1020.0, 0.15794502
1030.0, 0.1577821
1040.0, 0.15761948
1050.0, 0.1574572
1060.0, 0.15729526
1070.0, 0.15713362
1080.0, 0.1569723
1090.0, 0.15681133
1100.0, 0.15665066
1110.0, 0.15649031
1120.0, 0.15633029
1130.0, 0.15617059
1140.0, 0.15601121
1150.0, 0.15585214
1160.0, 0.1556934
1170.0, 0.15553497
1180.0, 0.15537685
1190.0, 0.15521905
1200.0, 0.15506157
1210.0, 0.1549044
1220.0, 0.15474755
1230.0, 0.15459101
1240.0, 0.15443477
1250.0, 0.15427886
1260.0, 0.15412325
1270.0, 0.15396796
1280.0, 0.15381297
1290.0, 0.1536583
1300.0, 0.15350394
1310.0, 0.15334988
1320.0, 0.15319613
1330.0, 0.15304269
1340.0, 0.15288956
1350.0, 0.15273672
1360.0, 0.15258421
1370.0, 0.15243198
1380.0, 0.15228008
1390.0, 0.15212846
1400.0, 0.15197715
1410.0, 0.15182614
1420.0, 0.15167545
1430.0, 0.15152504
1440.0, 0.15137494
1450.0, 0.15122513
1460.0, 0.15107563
1470.0, 0.15092643
1480.0, 0.15077752
1490.0, 0.15062891
1500.0, 0.1504806
1510.0, 0.15033258
1520.0, 0.15018487
1530.0, 0.15003744
1540.0, 0.14989032
1550.0, 0.14974348
1560.0, 0.14959693
1570.0, 0.14945069
1580.0, 0.14930472
1590.0, 0.14915906
1600.0, 0.14901368
1610.0, 0.1488686
1620.0, 0.14872381
1630.0, 0.1485793
1640.0, 0.14843509
1650.0, 0.14829116
1660.0, 0.14814751
1670.0, 0.14800416
1680.0, 0.1478611
1690.0, 0.14771831
1700.0, 0.14757581
1710.0, 0.1474336
1720.0, 0.14729168
1730.0, 0.14715002
1740.0, 0.14700867
1750.0, 0.14686759
1760.0, 0.14672679
1770.0, 0.14658627
1780.0, 0.14644603
1790.0, 0.14630608
1800.0, 0.14616641
1810.0, 0.14602701
1820.0, 0.1458879
1830.0, 0.14574906
1840.0, 0.1456105
1850.0, 0.14547221
1860.0, 0.1453342
1870.0, 0.14519647
1880.0, 0.14505902
1890.0, 0.14492182
1900.0, 0.14478493
1910.0, 0.14464828
1920.0, 0.14451192
1930.0, 0.14437583
1940.0, 0.14424
1950.0, 0.14410447
1960.0, 0.1439692
1970.0, 0.14383419
1980.0, 0.14369945
1990.0, 0.14356498
2000.0, 0.14343078
2010.0, 0.14329685
2020.0, 0.14316319
2030.0, 0.1430298
2040.0, 0.14289667
2050.0, 0.14276381
2060.0, 0.1426312
2070.0, 0.14249888
2080.0, 0.14236681
2090.0, 0.142235
2100.0, 0.14210346
2110.0, 0.14197218
2120.0, 0.14184117
2130.0, 0.14171042
2140.0, 0.14157993
2150.0, 0.14144969
2160.0, 0.14131972
2170.0, 0.14119
2180.0, 0.14106055
2190.0, 0.14093135
2200.0, 0.14080243
2210.0, 0.14067374
2220.0, 0.14054532
2230.0, 0.14041716
2240.0, 0.14028925
2250.0, 0.14016159
2260.0, 0.1400342
2270.0, 0.13990705
2280.0, 0.13978016
2290.0, 0.13965353
2300.0, 0.13952714
2310.0, 0.13940102
2320.0, 0.13927513
2330.0, 0.1391495
2340.0, 0.13902414
2350.0, 0.13889901
2360.0, 0.13877413
2370.0, 0.13864951
2380.0, 0.13852513
2390.0, 0.138401
2400.0, 0.13827711
2410.0, 0.13815348
2420.0, 0.1380301
2430.0, 0.13790695
2440.0, 0.13778406
2450.0, 0.13766141
2460.0, 0.13753901
2470.0, 0.13741685
2480.0, 0.13729495
2490.0, 0.13717328
2500.0, 0.13705185
2510.0, 0.13693066
2520.0, 0.13680972
2530.0, 0.13668902
2540.0, 0.13656856
2550.0, 0.13644834
2560.0, 0.13632835
2570.0, 0.13620862
2580.0, 0.13608912
2590.0, 0.13596986
2600.0, 0.13585083
2610.0, 0.13573205
2620.0, 0.1356135
2630.0, 0.13549519
2640.0, 0.13537711
2650.0, 0.13525927
2660.0, 0.13514167
2670.0, 0.13502431
2680.0, 0.13490717
2690.0, 0.13479027
2700.0, 0.13467361
2710.0, 0.13455717
2720.0, 0.13444097
2730.0, 0.134325
2740.0, 0.13420926
2750.0, 0.13409376
2760.0, 0.13397849
2770.0, 0.13386345
2780.0, 0.13374862
2790.0, 0.13363405
2800.0, 0.13351968
2810.0, 0.13340555
2820.0, 0.13329166
2830.0, 0.13317798
2840.0, 0.13306454
2850.0, 0.13295132
2860.0, 0.13283834
2870.0, 0.13272557
2880.0, 0.13261302
2890.0, 0.13250071
2900.0, 0.13238862
2910.0, 0.13227674
2920.0, 0.1321651
2930.0, 0.13205369
2940.0, 0.13194248
2950.0, 0.13183151
2960.0, 0.13172075
2970.0, 0.13161021
2980.0, 0.1314999
2990.0, 0.13138981
3000.0, 0.13127995
3010.0, 0.13117029
3020.0, 0.13106085
3030.0, 0.13095164
3040.0, 0.13084264
3050.0, 0.13073386
3060.0, 0.13062531
3070.0, 0.13051696
3080.0, 0.13040884
3090.0, 0.13030092
3100.0, 0.13019322
3110.0, 0.13008574
3120.0, 0.12997848
3130.0, 0.12987143
3140.0, 0.12976459
3150.0, 0.12965795
3160.0, 0.12955154
3170.0, 0.12944534
3180.0, 0.12933937
3190.0, 0.12923358
3200.0, 0.12912802
3210.0, 0.12902267
3220.0, 0.12891753
3230.0, 0.1288126
3240.0, 0.12870787
3250.0, 0.12860335
3260.0, 0.12849905
3270.0, 0.12839496
3280.0, 0.12829107
3290.0, 0.12818739
3300.0, 0.12808391
3310.0, 0.12798065
3320.0, 0.12787758
3330.0, 0.12777473
3340.0, 0.12767208
3350.0, 0.12756963
3360.0, 0.1274674
3370.0, 0.12736537
3380.0, 0.12726353
3390.0, 0.1271619
3400.0, 0.12706047
3410.0, 0.12695925
3420.0, 0.12685823
3430.0, 0.12675741
3440.0, 0.1266568
3450.0, 0.12655638
3460.0, 0.12645617
3470.0, 0.12635615
3480.0, 0.12625635
3490.0, 0.12615673
3500.0, 0.12605731
3510.0, 0.12595809
3520.0, 0.12585907
3530.0, 0.12576026
3540.0, 0.12566163
3550.0, 0.1255632
3560.0, 0.12546498
3570.0, 0.12536694
3580.0, 0.1252691
3590.0, 0.12517145
3600.0, 0.125074
3610.0, 0.124976754
3620.0, 0.124879695
3630.0, 0.12478283
3640.0, 0.12468616
3650.0, 0.12458968
3660.0, 0.12449339
3670.0, 0.1243973
3680.0, 0.1243014
3690.0, 0.124205686
3700.0, 0.12411017
3710.0, 0.12401485
3720.0, 0.12391971
3730.0, 0.12382476
3740.0, 0.123730004
3750.0, 0.12363543
3760.0, 0.12354106
3770.0, 0.12344687
3780.0, 0.12335286
3790.0, 0.12325905
3800.0, 0.12316542
3810.0, 0.12307198
3820.0, 0.12297873
3830.0, 0.12288566
3840.0, 0.12279278
3850.0, 0.12270009
3860.0, 0.122607574
3870.0, 0.12251525
3880.0, 0.12242311
3890.0, 0.12233116
3900.0, 0.12223938
3910.0, 0.12214779
3920.0, 0.12205639
3930.0, 0.12196516
3940.0, 0.12187412
3950.0, 0.12178326
3960.0, 0.12169258
3970.0, 0.12160208
3980.0, 0.121511765
3990.0, 0.121421635
4000.0, 0.12133168
4010.0, 0.1212419
4020.0, 0.121152304
4030.0, 0.12106288
4040.0, 0.12097365
4050.0, 0.12088459
4060.0, 0.120795704
4070.0, 0.120707
4080.0, 0.12061847
4090.0, 0.12053012
4100.0, 0.12044194
4110.0, 0.120353945
4120.0, 0.120266125
4130.0, 0.120178476
4140.0, 0.120091006
4150.0, 0.12000371
4160.0, 0.11991659
4170.0, 0.11982964
4180.0, 0.11974286
4190.0, 0.11965626
4200.0, 0.11956983
4210.0, 0.119483575
4220.0, 0.11939749
4230.0, 0.11931158
4240.0, 0.119225845
4250.0, 0.119140275
4260.0, 0.119054876
4270.0, 0.11896965
4280.0, 0.11888459
4290.0, 0.1187997
4300.0, 0.11871499
4310.0, 0.11863044
4320.0, 0.11854606
4330.0, 0.11846185
4340.0, 0.11837781
4350.0, 0.11829393
4360.0, 0.11821023
4370.0, 0.11812669
4380.0, 0.11804332
4390.0, 0.11796011
4400.0, 0.11787707
4410.0, 0.1177942
4420.0, 0.11771149
4430.0, 0.11762895
4440.0, 0.117546566
4450.0, 0.117464356
4460.0, 0.1173823
4470.0, 0.11730042
4480.0, 0.117218696
4490.0, 0.11713714
4500.0, 0.117055744
4510.0, 0.11697451
4520.0, 0.11689344
4530.0, 0.116812535
4540.0, 0.116731785
4550.0, 0.1166512
4560.0, 0.11657078
4570.0, 0.11649051
4580.0, 0.11641041
4590.0, 0.11633047
4600.0, 0.11625069
4610.0, 0.11617106
4620.0, 0.116091594
4630.0, 0.11601229
4640.0, 0.11593314
4650.0, 0.11585415
4660.0, 0.11577532
4670.0, 0.115696646
4680.0, 0.115618125
4690.0, 0.11553977
4700.0, 0.115461566
4710.0, 0.11538351
4720.0, 0.115305625
4730.0, 0.115227886
4740.0, 0.11515031
4750.0, 0.11507288
4760.0, 0.11499561
4770.0, 0.11491849
4780.0, 0.114841536
4790.0, 0.11476472
4800.0, 0.11468807
4810.0, 0.114611566
4820.0, 0.11453522
4830.0, 0.11445902
4840.0, 0.114382975
4850.0, 0.11430708
4860.0, 0.11423134
4870.0, 0.114155754
4880.0, 0.11408032
4890.0, 0.11400503
4900.0, 0.11392989
4910.0, 0.1138549
4920.0, 0.11378007
4930.0, 0.113705374
4940.0, 0.11363084
4950.0, 0.11355645
4960.0, 0.11348221
4970.0, 0.11340812
4980.0, 0.11333417
4990.0, 0.11326037
5000.0, 0.113186724
5010.0, 0.113113225
5020.0, 0.113039866
5030.0, 0.11296666
5040.0, 0.1128936
5050.0, 0.11282068
5060.0, 0.11274791
5070.0, 0.11267528
5080.0, 0.1126028
5090.0, 0.11253046
5100.0, 0.112458274
5110.0, 0.11238623
5120.0, 0.11231432
5130.0, 0.112242565
5140.0, 0.11217095
5150.0, 0.112099476
5160.0, 0.112028144
5170.0, 0.11195696
5180.0, 0.11188591
5190.0, 0.11181501
5200.0, 0.11174425
5210.0, 0.11167363
5220.0, 0.11160315
5230.0, 0.11153281
5240.0, 0.111462615
5250.0, 0.11139256
5260.0, 0.111322634
5270.0, 0.11125286
5280.0, 0.11118322
5290.0, 0.11111372
5300.0, 0.11104436
5310.0, 0.11097514
5320.0, 0.11090606
5330.0, 0.11083711
5340.0, 0.1107683
5350.0, 0.11069963
5360.0, 0.1106311
5370.0, 0.110562705
5380.0, 0.11049444
5390.0, 0.11042632
5400.0, 0.110358335
5410.0, 0.11029048
5420.0, 0.110222764
5430.0, 0.11015519
5440.0, 0.11008774
5450.0, 0.11002043
5460.0, 0.109953254
5470.0, 0.109886214
5480.0, 0.1098193
5490.0, 0.10975253
5500.0, 0.10968589
5510.0, 0.10961938
5520.0, 0.10955301
5530.0, 0.109486766
5540.0, 0.10942066
5550.0, 0.109354675
5560.0, 0.10928883
5570.0, 0.10922311
5580.0, 0.10915753
5590.0, 0.10909208
5600.0, 0.10902676
5610.0, 0.10896157
5620.0, 0.10889651
5630.0, 0.10883158
5640.0, 0.10876678
5650.0, 0.10870211
5660.0, 0.108637564
5670.0, 0.10857315
5680.0, 0.10850886
5690.0, 0.10844471
5700.0, 0.10838068
5710.0, 0.10831678
5720.0, 0.10825301
5730.0, 0.10818937
5740.0, 0.10812585
5750.0, 0.10806245
5760.0, 0.10799919
5770.0, 0.107936054
5780.0, 0.107873045
5790.0, 0.107810155
5800.0, 0.1077474
5810.0, 0.10768476
5820.0, 0.10762225
5830.0, 0.10755987
5840.0, 0.10749761
5850.0, 0.10743547
5860.0, 0.10737346
5870.0, 0.10731158
5880.0, 0.10724981
5890.0, 0.10718817
5900.0, 0.10712665
5910.0, 0.10706526
5920.0, 0.10700399
5930.0, 0.10694284
5940.0, 0.10688181
5950.0, 0.1068209
5960.0, 0.10676012
5970.0, 0.10669946
5980.0, 0.10663892
5990.0, 0.1065785
6000.0, 0.1065182
6010.0, 0.10645802
6020.0, 0.106397964
6030.0, 0.106338024
6040.0, 0.1062782
6050.0, 0.10621851
6060.0, 0.10615893
6070.0, 0.106099464
6080.0, 0.10604013
6090.0, 0.1059809
6100.0, 0.1059218
6110.0, 0.10586281
6120.0, 0.10580394
6130.0, 0.10574519
6140.0, 0.10568655
6150.0, 0.105628036
6160.0, 0.10556964
6170.0, 0.10551135
6180.0, 0.105453186
6190.0, 0.10539514
6200.0, 0.1053372
6210.0, 0.105279386
6220.0, 0.10522168
6230.0, 0.10516409
6240.0, 0.105106615
6250.0, 0.10504926
6260.0, 0.10499202
6270.0, 0.104934886
6280.0, 0.104877874
6290.0, 0.10482097
6300.0, 0.104764186
6310.0, 0.10470751
6320.0, 0.104650944
6330.0, 0.1045945
6340.0, 0.104538165
6350.0, 0.10448194
6360.0, 0.10442583
6370.0, 0.104369834
6380.0, 0.10431395
6390.0, 0.10425817
6400.0, 0.10420251
6410.0, 0.10414696
6420.0, 0.10409152
6430.0, 0.10403619
6440.0, 0.103980966
6450.0, 0.10392586
6460.0, 0.10387086
6470.0, 0.10381597
6480.0, 0.10376119
6490.0, 0.10370652
6500.0, 0.103651956
6510.0, 0.10359751
6520.0, 0.10354316
6530.0, 0.10348893
6540.0, 0.1034348
6550.0, 0.103380784
6560.0, 0.10332687
6570.0, 0.10327307
6580.0, 0.103219375
6590.0, 0.10316579
6600.0, 0.10311231
6610.0, 0.103058934
6620.0, 0.10300567
6630.0, 0.10295251
6640.0, 0.102899455
6650.0, 0.1028465
6660.0, 0.102793664
6670.0, 0.10274093
6680.0, 0.1026883
6690.0, 0.10263577
6700.0, 0.10258335
6710.0, 0.10253103
6720.0, 0.10247882
6730.0, 0.10242671
6740.0, 0.1023747
6750.0, 0.10232281
6760.0, 0.10227101
6770.0, 0.10221931
6780.0, 0.102167726
6790.0, 0.10211624
6800.0, 0.102064855
6810.0, 0.10201357
6820.0, 0.101962395
6830.0, 0.10191132
6840.0, 0.101860344
6850.0, 0.10180948
6860.0, 0.1017587
6870.0, 0.10170803
6880.0, 0.101657465
6890.0, 0.101607
6900.0, 0.10155664
6910.0, 0.10150637
6920.0, 0.1014562
6930.0, 0.10140614
6940.0, 0.10135618
6950.0, 0.10130631
6960.0, 0.10125654
6970.0, 0.10120688
6980.0, 0.101157315
6990.0, 0.10110784
7000.0, 0.101058476
7010.0, 0.101009205
7020.0, 0.10096003
7030.0, 0.10091096
7040.0, 0.10086199
7050.0, 0.100813106
7060.0, 0.10076433
7070.0, 0.100715645
7080.0, 0.10066706
7090.0, 0.10061857
7100.0, 0.10057018
7110.0, 0.100521885
7120.0, 0.10047369
7130.0, 0.100425586
7140.0, 0.10037758
7150.0, 0.100329675
7160.0, 0.10028186
7170.0, 0.100234136
7180.0, 0.10018652
7190.0, 0.10013899
7200.0, 0.100091554
7210.0, 0.10004422
7220.0, 0.09999698
7230.0, 0.09994982
7240.0, 0.09990277
7250.0, 0.09985581
7260.0, 0.09980894
7270.0, 0.099762164
7280.0, 0.099715486
7290.0, 0.0996689
7300.0, 0.099622406
7310.0, 0.099576004
7320.0, 0.0995297
7330.0, 0.09948348
7340.0, 0.099437356
7350.0, 0.09939133
7360.0, 0.099345386
7370.0, 0.09929954
7380.0, 0.09925379
7390.0, 0.099208124
7400.0, 0.09916255
7410.0, 0.09911706
7420.0, 0.099071674
7430.0, 0.099026375
7440.0, 0.098981164
7450.0, 0.09893604
7460.0, 0.09889101
7470.0, 0.09884608
7480.0, 0.098801225
7490.0, 0.09875647
7500.0, 0.098711796
7510.0, 0.09866721
7520.0, 0.098622724
7530.0, 0.09857832
7540.0, 0.098534
7550.0, 0.098489776
7560.0, 0.09844564
7570.0, 0.09840159
7580.0, 0.098357625
7590.0, 0.09831376
7600.0, 0.09826997
7610.0, 0.09822627
7620.0, 0.098182656
7630.0, 0.09813914
7640.0, 0.0980957
7650.0, 0.098052345
7660.0, 0.09800908
7670.0, 0.0979659
7680.0, 0.09792282
7690.0, 0.09787981
7700.0, 0.09783689
7710.0, 0.097794056
7720.0, 0.09775131
7730.0, 0.09770865
7740.0, 0.09766607
7750.0, 0.09762358
7760.0, 0.09758117
7770.0, 0.097538844
7780.0, 0.09749661
7790.0, 0.09745446
7800.0, 0.097412385
7810.0, 0.0973704
7820.0, 0.0973285
7830.0, 0.09728669
7840.0, 0.09724495
7850.0, 0.0972033
7860.0, 0.09716173
7870.0, 0.09712025
7880.0, 0.097078845
7890.0, 0.097037524
7900.0, 0.09699629
7910.0, 0.096955135
7920.0, 0.09691406
7930.0, 0.096873075
7940.0, 0.09683216
7950.0, 0.09679134
7960.0, 0.096750595
7970.0, 0.09670994
7980.0, 0.09666935
7990.0, 0.09662885
8000.0, 0.09658843
8010.0, 0.096548095
8020.0, 0.09650783
8030.0, 0.09646766
8040.0, 0.09642756
8050.0, 0.09638754
8060.0, 0.0963476
8070.0, 0.09630775
8080.0, 0.09626797
8090.0, 0.09622827
8100.0, 0.09618865
8110.0, 0.09614911
8120.0, 0.09610965
8130.0, 0.09607027
8140.0, 0.096030965
8150.0, 0.09599174
8160.0, 0.09595259
8170.0, 0.09591352
8180.0, 0.09587453
8190.0, 0.09583562
8200.0, 0.095796786
8210.0, 0.09575803
8220.0, 0.095719345
8230.0, 0.09568074
8240.0, 0.09564222
8250.0, 0.09560377
8260.0, 0.0955654
8270.0, 0.095527105
8280.0, 0.09548888
8290.0, 0.095450744
8300.0, 0.09541268
8310.0, 0.09537469
8320.0, 0.09533677
8330.0, 0.09529894
8340.0, 0.09526117
8350.0, 0.09522349
8360.0, 0.095185876
8370.0, 0.09514834
8380.0, 0.09511088
8390.0, 0.09507349
8400.0, 0.09503618
8410.0, 0.09499894
8420.0, 0.09496178
8430.0, 0.09492469
8440.0, 0.094887674
8450.0, 0.094850734
8460.0, 0.09481387
8470.0, 0.09477707
8480.0, 0.09474035
8490.0, 0.094703704
8500.0, 0.09466713
8510.0, 0.09463063
8520.0, 0.0945942
8530.0, 0.09455785
8540.0, 0.09452157
8550.0, 0.09448536
8560.0, 0.09444922
8570.0, 0.094413154
8580.0, 0.09437717
8590.0, 0.09434124
8600.0, 0.094305396
8610.0, 0.09426962
8620.0, 0.09423391
8630.0, 0.09419828
8640.0, 0.09416271
8650.0, 0.09412722
8660.0, 0.0940918
8670.0, 0.09405645
8680.0, 0.09402117
8690.0, 0.09398596
8700.0, 0.09395082
8710.0, 0.09391575
8720.0, 0.09388075
8730.0, 0.09384582
8740.0, 0.09381096
8750.0, 0.093776174
8760.0, 0.093741454
8770.0, 0.0937068
8780.0, 0.09367222
8790.0, 0.09363771
8800.0, 0.09360327
8810.0, 0.09356889
8820.0, 0.09353459
8830.0, 0.093500346
8840.0, 0.09346618
8850.0, 0.09343208
8860.0, 0.09339805
8870.0, 0.09336408
8880.0, 0.09333018
8890.0, 0.09329636
8900.0, 0.0932626
8910.0, 0.0932289
8920.0, 0.093195274
8930.0, 0.09316172
8940.0, 0.09312822
8950.0, 0.093094796
8960.0, 0.09306144
8970.0, 0.09302814
8980.0, 0.09299492
8990.0, 0.09296176
9000.0, 0.09292867
9010.0, 0.09289564
9020.0, 0.09286268
9030.0, 0.092829786
9040.0, 0.09279696
9050.0, 0.09276419
9060.0, 0.0927315
9070.0, 0.092698865
9080.0, 0.0926663
9090.0, 0.09263379
9100.0, 0.09260135
9110.0, 0.09256898
9120.0, 0.09253667
9130.0, 0.09250443
9140.0, 0.09247225
9150.0, 0.092440136
9160.0, 0.09240808
9170.0, 0.0923761
9180.0, 0.09234418
9190.0, 0.09231232
9200.0, 0.09228052
9210.0, 0.09224879
9220.0, 0.092217125
9230.0, 0.09218552
9240.0, 0.092153974
9250.0, 0.092122495
9260.0, 0.09209108
9270.0, 0.092059724
9280.0, 0.09202844
9290.0, 0.091997206
9300.0, 0.09196604
9310.0, 0.09193494
9320.0, 0.091903895
9330.0, 0.091872916
9340.0, 0.091842
9350.0, 0.09181114
9360.0, 0.09178035
9370.0, 0.091749616
9380.0, 0.09171895
9390.0, 0.09168834
9400.0, 0.09165779
9410.0, 0.0916273
9420.0, 0.09159688
9430.0, 0.09156651
9440.0, 0.0915362
9450.0, 0.09150596
9460.0, 0.09147578
9470.0, 0.091445655
9480.0, 0.09141559
9490.0, 0.09138559
9500.0, 0.091355644
9510.0, 0.09132576
9520.0, 0.091295935
9530.0, 0.09126617
9540.0, 0.091236465
9550.0, 0.09120682
9560.0, 0.09117723
9570.0, 0.091147706
9580.0, 0.09111824
9590.0, 0.091088824
9600.0, 0.091059476
9610.0, 0.09103018
9620.0, 0.09100095
9630.0, 0.090971775
9640.0, 0.09094266
9650.0, 0.0909136
9660.0, 0.090884596
9670.0, 0.09085566
9680.0, 0.09082677
9690.0, 0.090797946
9700.0, 0.09076917
9710.0, 0.090740465
9720.0, 0.09071181
9730.0, 0.09068321
9740.0, 0.09065467
9750.0, 0.09062619
9760.0, 0.09059776
9770.0, 0.09056939
9780.0, 0.09054108
9790.0, 0.09051282
9800.0, 0.09048462
9810.0, 0.09045648
9820.0, 0.09042839
9830.0, 0.09040036
9840.0, 0.09037238
9850.0, 0.090344466
9860.0, 0.0903166
9870.0, 0.090288796
9880.0, 0.09026104
9890.0, 0.09023335
9900.0, 0.09020571
9910.0, 0.09017812
9920.0, 0.09015059
9930.0, 0.09012311
9940.0, 0.09009569
9950.0, 0.090068325
9960.0, 0.09004101
9970.0, 0.09001375
9980.0, 0.08998655
9990.0, 0.089959405
10000.0, 0.08993231
10010.0, 0.08990527
10020.0, 0.08987828
10030.0, 0.08985135
10040.0, 0.089824475
10050.0, 0.089797646
10060.0, 0.089770876
10070.0, 0.08974416
10080.0, 0.08971749
10090.0, 0.08969089
10100.0, 0.089664325
10110.0, 0.08963782
10120.0, 0.08961137
10130.0, 0.08958497
10140.0, 0.089558624
10150.0, 0.08953233
10160.0, 0.08950609
10170.0, 0.0894799
10180.0, 0.089453764
10190.0, 0.08942768
10200.0, 0.08940165
10210.0, 0.089375675
10220.0, 0.08934975
10230.0, 0.08932387
10240.0, 0.08929804
10250.0, 0.08927227
10260.0, 0.08924655
10270.0, 0.08922088
10280.0, 0.08919526
10290.0, 0.089169696
10300.0, 0.08914418
10310.0, 0.08911871
10320.0, 0.0890933
10330.0, 0.089067936
10340.0, 0.08904262
10350.0, 0.08901736
10360.0, 0.08899215
10370.0, 0.08896699
10380.0, 0.08894187
10390.0, 0.08891681
10400.0, 0.088891804
10410.0, 0.08886684
10420.0, 0.08884193
10430.0, 0.08881707
10440.0, 0.08879226
10450.0, 0.08876749
10460.0, 0.08874278
10470.0, 0.08871812
10480.0, 0.0886935
10490.0, 0.088668935
10500.0, 0.08864442
10510.0, 0.088619955
10520.0, 0.08859554
10530.0, 0.08857117
10540.0, 0.08854685
10550.0, 0.088522576
10560.0, 0.088498354
10570.0, 0.08847418
10580.0, 0.08845005
10590.0, 0.08842597
10600.0, 0.08840194
10610.0, 0.08837796
10620.0, 0.08835403
10630.0, 0.08833014
10640.0, 0.0883063
10650.0, 0.08828251
10660.0, 0.088258766
10670.0, 0.08823507
10680.0, 0.08821142
10690.0, 0.08818782
10700.0, 0.08816426
10710.0, 0.088140756
10720.0, 0.088117294
10730.0, 0.088093884
10740.0, 0.08807052
10750.0, 0.0880472
10760.0, 0.08802392
10770.0, 0.08800069
10780.0, 0.08797751
10790.0, 0.08795438
10800.0, 0.08793129
10810.0, 0.08790825
10820.0, 0.08788525
10830.0, 0.087862305
10840.0, 0.0878394
10850.0, 0.087816544
10860.0, 0.08779373
10870.0, 0.08777096
10880.0, 0.08774824
10890.0, 0.087725565
10900.0, 0.08770293
10910.0, 0.08768035
10920.0, 0.08765781
10930.0, 0.08763531
10940.0, 0.08761286
10950.0, 0.087590456
10960.0, 0.0875681
10970.0, 0.087545775
10980.0, 0.087523505
10990.0, 0.08750128
11000.0, 0.08747909
11010.0, 0.08745696
11020.0, 0.087434866
11030.0, 0.08741281
11040.0, 0.08739081
11050.0, 0.087368846
11060.0, 0.08734693
11070.0, 0.08732505
11080.0, 0.08730322
11090.0, 0.087281436
11100.0, 0.08725969
11110.0, 0.08723799
11120.0, 0.08721633
11130.0, 0.08719472
11140.0, 0.08717315
11150.0, 0.087151624
11160.0, 0.08713014
11170.0, 0.087108694
11180.0, 0.087087296
11190.0, 0.08706594
11200.0, 0.08704463
11210.0, 0.08702336
11220.0, 0.08700213
11230.0, 0.08698095
11240.0, 0.0869598
11250.0, 0.0869387
11260.0, 0.086917646
11270.0, 0.08689663
11280.0, 0.086875655
11290.0, 0.08685472
11300.0, 0.08683383
11310.0, 0.08681298
11320.0, 0.08679217
11330.0, 0.086771406
11340.0, 0.08675068
11350.0, 0.086729996
11360.0, 0.08670936
11370.0, 0.08668876
11380.0, 0.08666819
11390.0, 0.086647674
11400.0, 0.0866272
11410.0, 0.08660676
11420.0, 0.08658637
11430.0, 0.086566016
11440.0, 0.0865457
11450.0, 0.086525425
11460.0, 0.08650519
11470.0, 0.086485
11480.0, 0.086464845
11490.0, 0.086444736
11500.0, 0.08642466
11510.0, 0.08640463
11520.0, 0.08638464
11530.0, 0.08636469
11540.0, 0.08634478
11550.0, 0.08632491
11560.0, 0.086305074
11570.0, 0.08628528
11580.0, 0.08626553
11590.0, 0.08624581
11600.0, 0.086226135
11610.0, 0.0862065
11620.0, 0.08618691
11630.0, 0.08616735
11640.0, 0.08614783
11650.0, 0.086128354
11660.0, 0.086108916
11670.0, 0.086089514
11680.0, 0.08607015
11690.0, 0.08605083
11700.0, 0.08603154
11710.0, 0.0860123
11720.0, 0.08599309
11730.0, 0.08597392
11740.0, 0.085954785
11750.0, 0.0859357
11760.0, 0.08591664
11770.0, 0.085897624
11780.0, 0.08587865
11790.0, 0.08585971
11800.0, 0.0858408
11810.0, 0.085821934
11820.0, 0.08580311
11830.0, 0.085784316
11840.0, 0.08576557
11850.0, 0.085746855
11860.0, 0.085728176
11870.0, 0.085709535
11880.0, 0.08569093
11890.0, 0.08567236
11900.0, 0.085653834
11910.0, 0.08563535
11920.0, 0.085616894
11930.0, 0.085598476
11940.0, 0.085580096
11950.0, 0.085561745
11960.0, 0.08554344
11970.0, 0.08552517
11980.0, 0.08550694
11990.0, 0.08548874
12000.0, 0.08547057
12010.0, 0.08545245
12020.0, 0.08543436
12030.0, 0.08541631
12040.0, 0.08539829
12050.0, 0.08538031
12060.0, 0.08536237
12070.0, 0.085344456
12080.0, 0.08532658
12090.0, 0.085308746
12100.0, 0.08529094
12110.0, 0.08527318
12120.0, 0.085255444
12130.0, 0.08523775
12140.0, 0.08522009
12150.0, 0.08520246
12160.0, 0.08518487
12170.0, 0.08516732
12180.0, 0.0851498
12190.0, 0.085132316
12200.0, 0.08511487
12210.0, 0.08509745
12220.0, 0.08508007
12230.0, 0.08506273
12240.0, 0.08504541
12250.0, 0.08502814
12260.0, 0.08501089
12270.0, 0.08499369
12280.0, 0.08497652
12290.0, 0.08495938
12300.0, 0.084942274
12310.0, 0.084925205
12320.0, 0.08490817
12330.0, 0.08489117
12340.0, 0.0848742
12350.0, 0.08485726
12360.0, 0.084840365
12370.0, 0.0848235
12380.0, 0.084806666
12390.0, 0.084789865
12400.0, 0.0847731
12410.0, 0.08475637
12420.0, 0.08473967
12430.0, 0.084723
12440.0, 0.08470637
12450.0, 0.08468977
12460.0, 0.08467321
12470.0, 0.08465668
12480.0, 0.08464018
12490.0, 0.08462371
12500.0, 0.08460728
12510.0, 0.08459088
12520.0, 0.08457451
12530.0, 0.084558174
12540.0, 0.08454187
12550.0, 0.0845256
12560.0, 0.084509365
12570.0, 0.08449316
12580.0, 0.084476985
12590.0, 0.08446085
12600.0, 0.08444474
12610.0, 0.08442867
12620.0, 0.08441262
12630.0, 0.08439661
12640.0, 0.08438063
12650.0, 0.08436468
12660.0, 0.08434877
12670.0, 0.08433288
12680.0, 0.08431703
12690.0, 0.08430121
12700.0, 0.08428542
12710.0, 0.084269665
12720.0, 0.08425394
12730.0, 0.08423824
12740.0, 0.08422258
12750.0, 0.084206946
12760.0, 0.084191345
12770.0, 0.08417577
12780.0, 0.08416024
12790.0, 0.084144734
12800.0, 0.08412925
12810.0, 0.08411381
12820.0, 0.08409839
12830.0, 0.08408301
12840.0, 0.08406766
12850.0, 0.08405233
12860.0, 0.08403704
12870.0, 0.084021784
12880.0, 0.08400655
12890.0, 0.08399135
12900.0, 0.08397618
12910.0, 0.08396104
12920.0, 0.08394593
12930.0, 0.08393085
12940.0, 0.0839158
12950.0, 0.08390079
12960.0, 0.0838858
12970.0, 0.083870836
12980.0, 0.083855905
12990.0, 0.083841
13000.0, 0.08382614
13010.0, 0.0838113
13020.0, 0.083796486
13030.0, 0.083781704
13040.0, 0.08376695
13050.0, 0.08375224
13060.0, 0.083737545
13070.0, 0.08372288
13080.0, 0.08370825
13090.0, 0.08369364
13100.0, 0.083679065
13110.0, 0.08366452
13120.0, 0.08365
13130.0, 0.08363552
13140.0, 0.083621055
13150.0, 0.08360662
13160.0, 0.08359222
13170.0, 0.08357785
13180.0, 0.08356351
13190.0, 0.083549194
13200.0, 0.083534904
13210.0, 0.08352065
13220.0, 0.08350642
13230.0, 0.08349222
13240.0, 0.08347805
13250.0, 0.0834639
13260.0, 0.08344979
13270.0, 0.0834357
13280.0, 0.08342164
13290.0, 0.0834076
13300.0, 0.0833936
13310.0, 0.083379626
13320.0, 0.08336568
13330.0, 0.08335176
13340.0, 0.083337866
13350.0, 0.083324
13360.0, 0.083310165
13370.0, 0.08329636
13380.0, 0.083282575
13390.0, 0.08326882
13400.0, 0.0832551
13410.0, 0.083241396
13420.0, 0.083227724
13430.0, 0.08321408
13440.0, 0.08320046
13450.0, 0.08318687
13460.0, 0.08317331
13470.0, 0.083159775
13480.0, 0.08314627
13490.0, 0.08313279
13500.0, 0.08311933
13510.0, 0.08310591
13520.0, 0.0830925
13530.0, 0.08307913
13540.0, 0.08306578
13550.0, 0.083052464
13560.0, 0.083039165
13570.0, 0.0830259
13580.0, 0.083012655
13590.0, 0.082999445
13600.0, 0.08298626
13610.0, 0.08297309
13620.0, 0.08295996
13630.0, 0.08294685
13640.0, 0.08293377
13650.0, 0.08292071
13660.0, 0.08290768
13670.0, 0.082894675
13680.0, 0.0828817
13690.0, 0.08286874
13700.0, 0.08285581
13710.0, 0.082842916
13720.0, 0.082830034
13730.0, 0.08281719
13740.0, 0.08280437
13750.0, 0.08279157
13760.0, 0.0827788
13770.0, 0.08276605
13780.0, 0.08275332
13790.0, 0.08274063
13800.0, 0.082727954
13810.0, 0.08271531
13820.0, 0.08270269
13830.0, 0.0826901
13840.0, 0.08267753
13850.0, 0.08266498
13860.0, 0.08265246
13870.0, 0.08263996
13880.0, 0.0826275
13890.0, 0.08261505
13900.0, 0.08260263
13910.0, 0.08259024
13920.0, 0.08257786
13930.0, 0.082565516
13940.0, 0.0825532
13950.0, 0.0825409
13960.0, 0.08252863
13970.0, 0.08251638
13980.0, 0.08250416
13990.0, 0.08249196
14000.0, 0.08247978
14010.0, 0.08246764
14020.0, 0.08245551
14030.0, 0.08244341
14040.0, 0.08243133
14050.0, 0.082419276
14060.0, 0.08240725
14070.0, 0.08239525
14080.0, 0.08238327
14090.0, 0.08237131
14100.0, 0.08235937
14110.0, 0.08234747
14120.0, 0.08233558
14130.0, 0.082323715
14140.0, 0.082311876
14150.0, 0.08230007
14160.0, 0.08228827
14170.0, 0.08227651
14180.0, 0.082264766
14190.0, 0.08225305
14200.0, 0.08224135
14210.0, 0.082229674
14220.0, 0.08221802
14230.0, 0.0822064
14240.0, 0.08219479
14250.0, 0.08218321
14260.0, 0.082171656
14270.0, 0.08216012
14280.0, 0.08214861
14290.0, 0.08213712
14300.0, 0.08212566
14310.0, 0.08211421
14320.0, 0.08210279
14330.0, 0.0820914
14340.0, 0.08208002
14350.0, 0.082068674
14360.0, 0.08205734
14370.0, 0.08204604
14380.0, 0.08203475
14390.0, 0.082023494
14400.0, 0.08201226
14410.0, 0.08200104
14420.0, 0.08198985
14430.0, 0.08197868
14440.0, 0.081967525
14450.0, 0.0819564
14460.0, 0.0819453
14470.0, 0.08193421
14480.0, 0.08192316
14490.0, 0.081912115
14500.0, 0.0819011
14510.0, 0.081890106
14520.0, 0.08187914
14530.0, 0.08186819
14540.0, 0.08185726
14550.0, 0.08184635
14560.0, 0.08183547
14570.0, 0.08182461
14580.0, 0.08181377
14590.0, 0.08180295
14600.0, 0.081792146
14610.0, 0.08178137
14620.0, 0.08177062
14630.0, 0.081759885
14640.0, 0.08174917
14650.0, 0.08173849
14660.0, 0.08172782
14670.0, 0.08171717
14680.0, 0.08170654
14690.0, 0.08169594
14700.0, 0.08168535
14710.0, 0.08167479
14720.0, 0.08166425
14730.0, 0.08165373
14740.0, 0.08164323
14750.0, 0.08163275
14760.0, 0.081622295
14770.0, 0.08161186
14780.0, 0.08160144
14790.0, 0.08159105
14800.0, 0.08158067
14810.0, 0.08157032
14820.0, 0.081559986
14830.0, 0.081549674
14840.0, 0.081539385
14850.0, 0.08152911
14860.0, 0.08151886
14870.0, 0.08150863
14880.0, 0.08149842
14890.0, 0.08148823
14900.0, 0.08147807
14910.0, 0.08146791
14920.0, 0.081457786
14930.0, 0.081447676
14940.0, 0.08143759
14950.0, 0.08142752
14960.0, 0.08141748
14970.0, 0.08140745
14980.0, 0.081397444
14990.0, 0.08138745
15000.0, 0.081377484
15010.0, 0.08136754
15020.0, 0.08135761
15030.0, 0.081347704
15040.0, 0.08133782
15050.0, 0.081327945
15060.0, 0.0813181
15070.0, 0.08130827
15080.0, 0.08129846
15090.0, 0.08128867
15100.0, 0.0812789
15110.0, 0.08126915
15120.0, 0.08125942
15130.0, 0.08124971
15140.0, 0.08124001
15150.0, 0.08123034
15160.0, 0.08122069
15170.0, 0.08121105
15180.0, 0.08120144
15190.0, 0.081191845
15200.0, 0.08118227
15210.0, 0.08117271
15220.0, 0.081163175
15230.0, 0.08115365
15240.0, 0.081144154
15250.0, 0.08113467
15260.0, 0.08112521
15270.0, 0.08111577
15280.0, 0.08110634
15290.0, 0.08109694
15300.0, 0.08108755
15310.0, 0.08107818
15320.0, 0.08106883
15330.0, 0.0810595
15340.0, 0.08105019
15350.0, 0.0810409
15360.0, 0.08103162
15370.0, 0.08102237
15380.0, 0.08101313
15390.0, 0.081003904
15400.0, 0.0809947
15410.0, 0.080985524
15420.0, 0.08097636
15430.0, 0.08096721
15440.0, 0.08095808
15450.0, 0.08094898
15460.0, 0.08093988
15470.0, 0.080930814
15480.0, 0.080921754
15490.0, 0.08091272
15500.0, 0.0809037
15510.0, 0.0808947
15520.0, 0.080885716
15530.0, 0.08087675
15540.0, 0.080867805
15550.0, 0.08085888
15560.0, 0.08084996
15570.0, 0.08084107
15580.0, 0.0808322
15590.0, 0.08082334
15600.0, 0.080814496
15610.0, 0.080805674
15620.0, 0.08079687
15630.0, 0.08078808
15640.0, 0.080779314
15650.0, 0.08077056
15660.0, 0.08076183
15670.0, 0.08075311
15680.0, 0.08074441
15690.0, 0.08073573
15700.0, 0.08072706
15710.0, 0.08071841
15720.0, 0.08070978
15730.0, 0.080701165
15740.0, 0.080692574
15750.0, 0.08068399
15760.0, 0.08067543
15770.0, 0.080666885
15780.0, 0.08065836
15790.0, 0.080649845
15800.0, 0.08064135
15810.0, 0.08063288
15820.0, 0.08062442
15830.0, 0.080615975
15840.0, 0.08060755
15850.0, 0.08059914
15860.0, 0.08059075
15870.0, 0.08058237
15880.0, 0.08057401
15890.0, 0.08056567
15900.0, 0.08055735
15910.0, 0.08054904
15920.0, 0.08054075
15930.0, 0.08053247
15940.0, 0.080524206
15950.0, 0.080515966
15960.0, 0.08050774
15970.0, 0.08049953
15980.0, 0.080491334
15990.0, 0.08048316
16000.0, 0.080475
16010.0, 0.08046686
16020.0, 0.08045873
16030.0, 0.08045062
16040.0, 0.08044252
16050.0, 0.08043444
16060.0, 0.08042638
16070.0, 0.08041833
16080.0, 0.0804103
16090.0, 0.080402285
16100.0, 0.08039428
16110.0, 0.0803863
16120.0, 0.08037834
16130.0, 0.08037038
16140.0, 0.08036245
16150.0, 0.08035453
16160.0, 0.08034663
16170.0, 0.08033874
16180.0, 0.08033086
16190.0, 0.08032301
16200.0, 0.08031517
16210.0, 0.08030734
16220.0, 0.080299534
16230.0, 0.08029174
16240.0, 0.08028396
16250.0, 0.0802762
16260.0, 0.08026845
16270.0, 0.080260724
16280.0, 0.080253005
16290.0, 0.0802453
16300.0, 0.08023762
16310.0, 0.08022995
16320.0, 0.080222294
16330.0, 0.08021466
16340.0, 0.080207035
16350.0, 0.08019942
16360.0, 0.08019183
16370.0, 0.08018425
16380.0, 0.08017669
16390.0, 0.08016914
16400.0, 0.08016161
16410.0, 0.08015408
16420.0, 0.08014658
16430.0, 0.08013909
16440.0, 0.08013162
16450.0, 0.08012416
16460.0, 0.08011672
16470.0, 0.08010929
16480.0, 0.08010188
16490.0, 0.08009448
16500.0, 0.080087095
16510.0, 0.08007973
16520.0, 0.08007237
16530.0, 0.080065034
16540.0, 0.08005771
16550.0, 0.080050394
16560.0, 0.0800431
16570.0, 0.08003582
16580.0, 0.08002856
16590.0, 0.0800213
16600.0, 0.080014065
16610.0, 0.08000684
16620.0, 0.07999963
16630.0, 0.079992436
16640.0, 0.07998525
16650.0, 0.07997809
16660.0, 0.07997094
16670.0, 0.0799638
16680.0, 0.07995668
16690.0, 0.07994957
16700.0, 0.07994247
16710.0, 0.079935394
16720.0, 0.07992833
16730.0, 0.079921275
16740.0, 0.07991424
16750.0, 0.079907216
16760.0, 0.079900205
16770.0, 0.07989321
16780.0, 0.07988623
16790.0, 0.07987926
16800.0, 0.0798723
16810.0, 0.079865366
16820.0, 0.07985844
16830.0, 0.07985153
16840.0, 0.07984463
16850.0, 0.07983775
16860.0, 0.07983087
16870.0, 0.079824015
16880.0, 0.07981717
16890.0, 0.07981034
16900.0, 0.07980353
16910.0, 0.079796724
16920.0, 0.07978994
16930.0, 0.07978316
16940.0, 0.0797764
16950.0, 0.07976965
16960.0, 0.07976291
16970.0, 0.07975619
16980.0, 0.07974948
16990.0, 0.07974279
17000.0, 0.079736106
17010.0, 0.07972944
17020.0, 0.079722784
17030.0, 0.079716146
17040.0, 0.079709515
17050.0, 0.0797029
17060.0, 0.0796963
17070.0, 0.07968971
17080.0, 0.07968313
17090.0, 0.07967657
17100.0, 0.07967002
17110.0, 0.079663485
17120.0, 0.079656966
17130.0, 0.079650454
17140.0, 0.07964396
17150.0, 0.079637475
17160.0, 0.079631
17170.0, 0.07962455
17180.0, 0.0796181
17190.0, 0.07961167
17200.0, 0.07960525
17210.0, 0.079598844
17220.0, 0.07959245
17230.0, 0.07958607
17240.0, 0.079579696
17250.0, 0.07957334
17260.0, 0.079567
17270.0, 0.07956067
17280.0, 0.07955436
17290.0, 0.079548046
17300.0, 0.07954176
17310.0, 0.07953548
17320.0, 0.07952921
17330.0, 0.07952295
17340.0, 0.07951671
17350.0, 0.07951048
17360.0, 0.07950427
17370.0, 0.07949806
17380.0, 0.07949187
17390.0, 0.07948569
17400.0, 0.07947952
17410.0, 0.07947337
17420.0, 0.07946722
17430.0, 0.07946109
17440.0, 0.07945497
17450.0, 0.079448864
17460.0, 0.07944277
17470.0, 0.07943669
17480.0, 0.079430625
17490.0, 0.07942456
17500.0, 0.07941852
17510.0, 0.07941248
17520.0, 0.07940646
17530.0, 0.07940046
17540.0, 0.07939446
17550.0, 0.07938847
17560.0, 0.079382494
17570.0, 0.07937653
17580.0, 0.07937059
17590.0, 0.07936465
17600.0, 0.07935873
17610.0, 0.07935281
17620.0, 0.07934691
17630.0, 0.07934102
17640.0, 0.07933514
17650.0, 0.079329275
17660.0, 0.07932342
17670.0, 0.07931757
17680.0, 0.07931174
17690.0, 0.079305924
17700.0, 0.07930011
17710.0, 0.07929432
17720.0, 0.07928853
17730.0, 0.07928275
17740.0, 0.079276994
17750.0, 0.07927124
17760.0, 0.079265505
17770.0, 0.079259776
17780.0, 0.07925406
17790.0, 0.079248354
17800.0, 0.07924266
17810.0, 0.07923698
17820.0, 0.07923131
17830.0, 0.07922565
17840.0, 0.079220004
17850.0, 0.079214364
17860.0, 0.07920874
17870.0, 0.07920313
17880.0, 0.07919752
17890.0, 0.07919193
17900.0, 0.07918635
17910.0, 0.07918078
17920.0, 0.07917522
17930.0, 0.079169676
17940.0, 0.07916414
17950.0, 0.07915861
17960.0, 0.0791531
17970.0, 0.07914759
17980.0, 0.0791421
17990.0, 0.079136625
18000.0, 0.07913115
18010.0, 0.079125695
18020.0, 0.07912024
18030.0, 0.07911481
18040.0, 0.07910938
18050.0, 0.07910396
18060.0, 0.07909856
18070.0, 0.079093166
18080.0, 0.07908778
18090.0, 0.07908241
18100.0, 0.07907705
18110.0, 0.07907169
18120.0, 0.07906636
18130.0, 0.079061024
18140.0, 0.079055704
18150.0, 0.0790504
18160.0, 0.0790451
18170.0, 0.07903981
18180.0, 0.07903454
18190.0, 0.07902927
18200.0, 0.07902402
18210.0, 0.07901877
18220.0, 0.079013534
18230.0, 0.07900831
18240.0, 0.079003096
18250.0, 0.078997895
18260.0, 0.0789927
18270.0, 0.07898752
18280.0, 0.078982346
18290.0, 0.07897718
18300.0, 0.078972034
18310.0, 0.07896689
18320.0, 0.07896176
18330.0, 0.07895664
18340.0, 0.07895153
18350.0, 0.07894643
18360.0, 0.07894134
18370.0, 0.07893626
18380.0, 0.07893119
18390.0, 0.07892612
18400.0, 0.07892108
18410.0, 0.078916036
18420.0, 0.07891101
18430.0, 0.07890599
18440.0, 0.07890098
18450.0, 0.07889598
18460.0, 0.078890994
18470.0, 0.07888601
18480.0, 0.07888104
18490.0, 0.078876086
18500.0, 0.07887113
18510.0, 0.07886619
18520.0, 0.07886127
18530.0, 0.07885634
18540.0, 0.07885143
18550.0, 0.07884653
18560.0, 0.07884164
18570.0, 0.07883676
18580.0, 0.07883189
18590.0, 0.07882703
18600.0, 0.07882217
18610.0, 0.07881734
18620.0, 0.0788125
18630.0, 0.07880768
18640.0, 0.07880287
18650.0, 0.07879806
18660.0, 0.07879327
18670.0, 0.07878848
18680.0, 0.07878371
18690.0, 0.078778945
18700.0, 0.07877419
18710.0, 0.078769445
18720.0, 0.07876471
18730.0, 0.07875998
18740.0, 0.07875526
18750.0, 0.07875055
18760.0, 0.07874586
18770.0, 0.07874116
18780.0, 0.078736484
18790.0, 0.07873181
18800.0, 0.078727156
18810.0, 0.0787225
18820.0, 0.07871786
18830.0, 0.07871322
18840.0, 0.078708604
18850.0, 0.078703985
18860.0, 0.07869938
18870.0, 0.07869478
18880.0, 0.07869019
18890.0, 0.07868562
18900.0, 0.07868105
18910.0, 0.07867649
18920.0, 0.07867194
18930.0, 0.078667395
18940.0, 0.078662865
18950.0, 0.07865834
18960.0, 0.07865383
18970.0, 0.07864932
18980.0, 0.07864482
18990.0, 0.078640334
19000.0, 0.07863586
19010.0, 0.078631386
19020.0, 0.07862692
19030.0, 0.078622475
19040.0, 0.078618035
19050.0, 0.078613594
19060.0, 0.078609176
19070.0, 0.07860476
19080.0, 0.07860035
19090.0, 0.07859595
19100.0, 0.07859156
19110.0, 0.07858718
19120.0, 0.07858281
19130.0, 0.07857844
19140.0, 0.07857409
19150.0, 0.07856974
19160.0, 0.078565404
19170.0, 0.078561075
19180.0, 0.07855675
19190.0, 0.07855244
19200.0, 0.07854814
19210.0, 0.07854384
19220.0, 0.07853956
19230.0, 0.07853528
19240.0, 0.07853101
19250.0, 0.07852675
19260.0, 0.0785225
19270.0, 0.07851826
19280.0, 0.078514025
19290.0, 0.0785098
19300.0, 0.07850558
19310.0, 0.07850137
19320.0, 0.07849717
19330.0, 0.07849298
19340.0, 0.07848879
19350.0, 0.07848462
19360.0, 0.07848045
19370.0, 0.07847629
19380.0, 0.07847214
19390.0, 0.078467995
19400.0, 0.07846386
19410.0, 0.07845974
19420.0, 0.07845562
19430.0, 0.07845151
19440.0, 0.07844741
19450.0, 0.07844331
19460.0, 0.07843923
19470.0, 0.07843515
19480.0, 0.078431085
19490.0, 0.078427024
19500.0, 0.07842297
19510.0, 0.078418925
19520.0, 0.07841489
19530.0, 0.078410864
19540.0, 0.07840684
19550.0, 0.07840283
19560.0, 0.078398824
19570.0, 0.07839483
19580.0, 0.078390844
19590.0, 0.07838686
19600.0, 0.07838289
19610.0, 0.07837892
19620.0, 0.07837497
19630.0, 0.07837102
19640.0, 0.07836708
19650.0, 0.07836315
19660.0, 0.078359224
19670.0, 0.078355305
19680.0, 0.07835139
19690.0, 0.0783475
19700.0, 0.0783436
19710.0, 0.07833972
19720.0, 0.07833584
19730.0, 0.07833197
19740.0, 0.0783281
19750.0, 0.07832425
19760.0, 0.07832041
19770.0, 0.07831656
19780.0, 0.07831273
19790.0, 0.07830891
19800.0, 0.07830509
19810.0, 0.07830128
19820.0, 0.07829748
19830.0, 0.07829369
19840.0, 0.0782899
19850.0, 0.078286126
19860.0, 0.07828235
19870.0, 0.078278586
19880.0, 0.07827483
19890.0, 0.07827108
19900.0, 0.07826734
19910.0, 0.07826361
19920.0, 0.078259885
19930.0, 0.07825617
19940.0, 0.07825246
19950.0, 0.078248754
19960.0, 0.07824505
19970.0, 0.07824136
19980.0, 0.07823768
19990.0, 0.07823401
20000.0, 0.078230344
20010.0, 0.078226686
20020.0, 0.078223035
20030.0, 0.078219384
20040.0, 0.07821575
20050.0, 0.07821212
20060.0, 0.0782085
20070.0, 0.07820488
20080.0, 0.07820127
20090.0, 0.07819767
20100.0, 0.078194074
20110.0, 0.07819049
20120.0, 0.07818691
20130.0, 0.07818334
20140.0, 0.07817977
20150.0, 0.078176215
20160.0, 0.07817266
20170.0, 0.078169115
20180.0, 0.07816558
20190.0, 0.07816205
20200.0, 0.07815853
20210.0, 0.07815501
20220.0, 0.0781515
20230.0, 0.078148
20240.0, 0.078144506
20250.0, 0.07814102
20260.0, 0.07813754
20270.0, 0.07813406
20280.0, 0.078130595
20290.0, 0.07812714
20300.0, 0.07812368
20310.0, 0.07812023
20320.0, 0.0781168
20330.0, 0.07811336
20340.0, 0.078109935
20350.0, 0.078106515
20360.0, 0.0781031
20370.0, 0.0780997
20380.0, 0.0780963
20390.0, 0.07809291
20400.0, 0.07808953
20410.0, 0.078086145
20420.0, 0.07808278
20430.0, 0.07807941
20440.0, 0.07807606
20450.0, 0.078072704
20460.0, 0.07806936
20470.0, 0.07806602
20480.0, 0.07806269
20490.0, 0.07805937
20500.0, 0.078056045
20510.0, 0.07805274
20520.0, 0.07804943
20530.0, 0.078046136
20540.0, 0.07804284
20550.0, 0.07803956
20560.0, 0.07803628
20570.0, 0.07803301
20580.0, 0.078029744
20590.0, 0.07802648
20600.0, 0.07802323
20610.0, 0.078019984
20620.0, 0.07801674
20630.0, 0.07801352
20640.0, 0.07801029
20650.0, 0.078007065
20660.0, 0.07800385
20670.0, 0.07800065
20680.0, 0.077997446
20690.0, 0.07799425
20700.0, 0.07799107
20710.0, 0.07798789
20720.0, 0.077984706
20730.0, 0.07798154
20740.0, 0.07797838
20750.0, 0.07797522
20760.0, 0.07797207
20770.0, 0.077968925
20780.0, 0.07796579
20790.0, 0.07796266
20800.0, 0.07795954
20810.0, 0.077956416
20820.0, 0.0779533
20830.0, 0.0779502
20840.0, 0.0779471
20850.0, 0.077944
20860.0, 0.07794092
20870.0, 0.077937834
20880.0, 0.077934764
20890.0, 0.077931695
20900.0, 0.07792863
20910.0, 0.07792557
20920.0, 0.07792252
20930.0, 0.077919476
20940.0, 0.07791644
20950.0, 0.07791341
20960.0, 0.07791038
20970.0, 0.07790736
20980.0, 0.07790435
20990.0, 0.07790134
21000.0, 0.07789834
21010.0, 0.07789534
21020.0, 0.07789235
21030.0, 0.07788937
21040.0, 0.07788639
21050.0, 0.077883415
21060.0, 0.07788045
21070.0, 0.07787749
21080.0, 0.077874534
21090.0, 0.07787158
21100.0, 0.07786864
21110.0, 0.077865705
21120.0, 0.07786278
21130.0, 0.07785985
21140.0, 0.077856936
21150.0, 0.07785402
21160.0, 0.07785111
21170.0, 0.07784821
21180.0, 0.07784531
21190.0, 0.07784242
21200.0, 0.07783954
21210.0, 0.07783666
21220.0, 0.07783379
21230.0, 0.07783092
21240.0, 0.07782806
21250.0, 0.0778252
21260.0, 0.07782235
21270.0, 0.07781951
21280.0, 0.07781667
21290.0, 0.077813834
21300.0, 0.07781101
21310.0, 0.07780819
21320.0, 0.07780537
21330.0, 0.07780256
21340.0, 0.07779976
21350.0, 0.07779696
21360.0, 0.077794164
21370.0, 0.07779138
21380.0, 0.07778859
21390.0, 0.07778582
21400.0, 0.07778305
21410.0, 0.07778028
21420.0, 0.07777752
21430.0, 0.07777476
21440.0, 0.077772014
21450.0, 0.07776927
21460.0, 0.07776654
21470.0, 0.0777638
21480.0, 0.07776108
21490.0, 0.07775835
21500.0, 0.07775564
21510.0, 0.077752925
21520.0, 0.07775022
21530.0, 0.07774752
21540.0, 0.07774483
21550.0, 0.07774214
21560.0, 0.07773945
21570.0, 0.07773677
21580.0, 0.0777341
21590.0, 0.07773143
21600.0, 0.07772877
21610.0, 0.07772611
21620.0, 0.07772346
21630.0, 0.07772081
21640.0, 0.07771817
21650.0, 0.07771553
21660.0, 0.0777129
21670.0, 0.07771028
21680.0, 0.077707656
21690.0, 0.07770504
21700.0, 0.07770243
21710.0, 0.077699825
21720.0, 0.077697225
21730.0, 0.07769463
21740.0, 0.07769205
21750.0, 0.07768946
21760.0, 0.07768688
21770.0, 0.077684306
21780.0, 0.07768174
21790.0, 0.07767918
21800.0, 0.07767662
21810.0, 0.07767407
21820.0, 0.07767152
21830.0, 0.07766897
21840.0, 0.07766644
21850.0, 0.077663906
21860.0, 0.07766137
21870.0, 0.077658854
21880.0, 0.077656336
21890.0, 0.077653825
21900.0, 0.077651314
21910.0, 0.07764881
21920.0, 0.077646315
21930.0, 0.07764382
21940.0, 0.07764134
21950.0, 0.07763885
21960.0, 0.077636376
21970.0, 0.0776339
21980.0, 0.07763144
21990.0, 0.07762897
22000.0, 0.07762651
22010.0, 0.07762406
22020.0, 0.07762161
22030.0, 0.07761917
22040.0, 0.07761673
22050.0, 0.0776143
22060.0, 0.07761187
22070.0, 0.07760944
22080.0, 0.07760703
22090.0, 0.077604614
22100.0, 0.0776022
22110.0, 0.0775998
22120.0, 0.0775974
22130.0, 0.077595
22140.0, 0.07759261
22150.0, 0.07759023
22160.0, 0.07758785
22170.0, 0.07758547
22180.0, 0.077583104
22190.0, 0.077580735
22200.0, 0.07757837
22210.0, 0.07757602
22220.0, 0.077573664
22230.0, 0.07757132
22240.0, 0.07756898
22250.0, 0.07756664
22260.0, 0.07756431
22270.0, 0.077561975
22280.0, 0.07755965
22290.0, 0.07755733
22300.0, 0.077555016
22310.0, 0.077552706
22320.0, 0.077550404
22330.0, 0.0775481
22340.0, 0.0775458
22350.0, 0.07754351
22360.0, 0.077541225
22370.0, 0.077538945
22380.0, 0.077536665
22390.0, 0.07753439
22400.0, 0.07753212
22410.0, 0.077529855
22420.0, 0.0775276
22430.0, 0.07752534
22440.0, 0.07752309
22450.0, 0.07752085
22460.0, 0.077518605
22470.0, 0.07751636
22480.0, 0.077514134
22490.0, 0.07751191
22500.0, 0.07750968
22510.0, 0.07750746
22520.0, 0.077505246
22530.0, 0.07750303
22540.0, 0.07750083
22550.0, 0.07749862
22560.0, 0.07749643
22570.0, 0.077494234
22580.0, 0.07749204
22590.0, 0.07748986
22600.0, 0.077487685
22610.0, 0.07748551
22620.0, 0.07748333
22630.0, 0.077481166
22640.0, 0.077479005
22650.0, 0.077476844
22660.0, 0.07747469
22670.0, 0.077472545
22680.0, 0.0774704
22690.0, 0.07746825
22700.0, 0.07746612
22710.0, 0.077463984
22720.0, 0.07746186
22730.0, 0.07745974
22740.0, 0.077457614
22750.0, 0.0774555
22760.0, 0.07745339
22770.0, 0.07745128
22780.0, 0.07744918
22790.0, 0.07744708
22800.0, 0.077444986
22810.0, 0.07744289
22820.0, 0.077440806
22830.0, 0.07743873
22840.0, 0.07743665
22850.0, 0.07743458
22860.0, 0.077432506
22870.0, 0.07743044
22880.0, 0.07742838
22890.0, 0.07742632
22900.0, 0.07742427
22910.0, 0.077422224
22920.0, 0.077420175
22930.0, 0.07741813
22940.0, 0.0774161
22950.0, 0.077414066
22960.0, 0.07741204
22970.0, 0.07741001
22980.0, 0.07740799
22990.0, 0.077405974
23000.0, 0.07740396
23010.0, 0.07740196
23020.0, 0.077399954
23030.0, 0.07739795
23040.0, 0.07739595
23050.0, 0.077393964
23060.0, 0.077391975
23070.0, 0.077389985
23080.0, 0.07738801
23090.0, 0.07738603
23100.0, 0.07738406
23110.0, 0.07738209
23120.0, 0.07738013
23130.0, 0.07737817
23140.0, 0.07737621
23150.0, 0.07737426
23160.0, 0.077372305
23170.0, 0.07737036
23180.0, 0.07736842
23190.0, 0.077366486
23200.0, 0.07736455
23210.0, 0.07736262
23220.0, 0.0773607
23230.0, 0.077358775
23240.0, 0.07735685
23250.0, 0.07735494
23260.0, 0.07735303
23270.0, 0.07735112
23280.0, 0.07734922
23290.0, 0.07734732
23300.0, 0.07734542
23310.0, 0.07734353
23320.0, 0.077341646
23330.0, 0.07733976
23340.0, 0.07733788
23350.0, 0.077336006
23360.0, 0.077334136
23370.0, 0.077332266
23380.0, 0.0773304
23390.0, 0.07732854
23400.0, 0.07732668
23410.0, 0.07732483
23420.0, 0.077322975
23430.0, 0.07732113
23440.0, 0.07731929
23450.0, 0.07731745
23460.0, 0.07731561
23470.0, 0.07731378
23480.0, 0.077311955
23490.0, 0.07731013
23500.0, 0.077308305
23510.0, 0.07730649
23520.0, 0.077304676
23530.0, 0.077302866
23540.0, 0.07730106
23550.0, 0.07729926
23560.0, 0.07729746
23570.0, 0.07729566
23580.0, 0.07729387
23590.0, 0.077292085
23600.0, 0.0772903
23610.0, 0.077288516
23620.0, 0.077286735
23630.0, 0.07728496
23640.0, 0.077283196
23650.0, 0.07728143
23660.0, 0.077279665
23670.0, 0.077277906
23680.0, 0.07727615
23690.0, 0.0772744
23700.0, 0.077272646
23710.0, 0.077270895
23720.0, 0.07726916
23730.0, 0.077267416
23740.0, 0.07726568
23750.0, 0.07726395
23760.0, 0.07726222
23770.0, 0.077260494
23780.0, 0.07725877
23790.0, 0.07725705
23800.0, 0.07725534
23810.0, 0.07725363
23820.0, 0.07725192
23830.0, 0.07725022
23840.0, 0.07724851
23850.0, 0.077246815
23860.0, 0.07724512
23870.0, 0.07724343
23880.0, 0.07724174
23890.0, 0.07724006
23900.0, 0.07723838
23910.0, 0.077236705
23920.0, 0.07723503
23930.0, 0.07723336
23940.0, 0.07723169
23950.0, 0.07723003
23960.0, 0.07722837
23970.0, 0.077226706
23980.0, 0.07722505
23990.0, 0.077223405
24000.0, 0.07722175
24010.0, 0.07722011
24020.0, 0.077218466
24030.0, 0.077216834
24040.0, 0.077215195
24050.0, 0.07721356
24060.0, 0.07721194
24070.0, 0.077210315
24080.0, 0.07720869
24090.0, 0.07720707
24100.0, 0.07720546
24110.0, 0.07720385
24120.0, 0.07720224
24130.0, 0.077200636
24140.0, 0.077199034
24150.0, 0.07719743
24160.0, 0.07719584
24170.0, 0.07719424
24180.0, 0.07719266
24190.0, 0.07719107
24200.0, 0.07718948
24210.0, 0.0771879
24220.0, 0.07718633
24230.0, 0.07718475
24240.0, 0.07718319
24250.0, 0.077181615
24260.0, 0.07718005
24270.0, 0.07717849
24280.0, 0.077176936
24290.0, 0.07717538
24300.0, 0.07717383
24310.0, 0.07717228
24320.0, 0.07717074
24330.0, 0.077169195
24340.0, 0.07716765
24350.0, 0.07716612
24360.0, 0.07716458
24370.0, 0.077163056
24380.0, 0.07716153
24390.0, 0.07716
24400.0, 0.07715848
24410.0, 0.07715696
24420.0, 0.07715545
24430.0, 0.077153936
24440.0, 0.07715243
24450.0, 0.07715092
24460.0, 0.07714942
24470.0, 0.077147916
24480.0, 0.077146426
24490.0, 0.07714493
24500.0, 0.07714344
24510.0, 0.07714195
24520.0, 0.077140465
24530.0, 0.07713898
24540.0, 0.07713751
24550.0, 0.077136025
24560.0, 0.07713456
24570.0, 0.07713308
24580.0, 0.07713162
24590.0, 0.077130154
24600.0, 0.07712869
24610.0, 0.07712723
24620.0, 0.07712578
24630.0, 0.07712433
24640.0, 0.077122875
24650.0, 0.07712143
24660.0, 0.077119984
24670.0, 0.077118546
24680.0, 0.07711711
24690.0, 0.07711567
24700.0, 0.07711424
24710.0, 0.07711281
24720.0, 0.077111386
24730.0, 0.07710996
24740.0, 0.07710854
24750.0, 0.077107124
24760.0, 0.07710571
24770.0, 0.07710429
24780.0, 0.077102885
24790.0, 0.07710148
24800.0, 0.077100076
24810.0, 0.07709867
24820.0, 0.077097274
24830.0, 0.07709587
24840.0, 0.07709449
24850.0, 0.077093095
24860.0, 0.07709171
24870.0, 0.07709032
24880.0, 0.077088945
24890.0, 0.07708756
24900.0, 0.07708619
24910.0, 0.07708481
24920.0, 0.07708344
24930.0, 0.077082075
24940.0, 0.07708071
24950.0, 0.07707935
24960.0, 0.077077985
24970.0, 0.07707663
24980.0, 0.07707527
24990.0, 0.077073924
25000.0, 0.077072576
25010.0, 0.07707123
25020.0, 0.077069886
25030.0, 0.077068545
25040.0, 0.077067204
25050.0, 0.07706587
25060.0, 0.07706454
25070.0, 0.07706321
25080.0, 0.07706188
25090.0, 0.07706056
25100.0, 0.07705923
25110.0, 0.07705791
25120.0, 0.077056594
25130.0, 0.07705528
25140.0, 0.07705397
25150.0, 0.07705266
25160.0, 0.07705136
25170.0, 0.07705005
25180.0, 0.07704875
25190.0, 0.07704745
25200.0, 0.077046156
25210.0, 0.07704486
25220.0, 0.07704357
25230.0, 0.07704228
25240.0, 0.07704099
25250.0, 0.07703971
25260.0, 0.07703843
25270.0, 0.077037156
25280.0, 0.07703588
25290.0, 0.07703461
25300.0, 0.07703333
25310.0, 0.07703207
25320.0, 0.0770308
25330.0, 0.07702954
25340.0, 0.07702828
25350.0, 0.07702702
25360.0, 0.07702576
25370.0, 0.07702451
25380.0, 0.07702326
25390.0, 0.077022016
25400.0, 0.07702077
25410.0, 0.07701953
25420.0, 0.07701829
25430.0, 0.07701705
25440.0, 0.07701582
25450.0, 0.07701458
25460.0, 0.07701335
25470.0, 0.07701212
25480.0, 0.0770109
25490.0, 0.07700968
25500.0, 0.077008456
25510.0, 0.077007234
25520.0, 0.07700602
25530.0, 0.077004805
25540.0, 0.0770036
25550.0, 0.07700239
25560.0, 0.077001184
25570.0, 0.07699998
25580.0, 0.07699878
25590.0, 0.07699758
25600.0, 0.07699638
25610.0, 0.07699519
25620.0, 0.076993994
25630.0, 0.07699281
25640.0, 0.07699162
25650.0, 0.07699043
25660.0, 0.076989256
25670.0, 0.07698807
25680.0, 0.076986894
25690.0, 0.076985724
25700.0, 0.07698455
25710.0, 0.07698338
25720.0, 0.07698221
25730.0, 0.076981045
25740.0, 0.07697988
25750.0, 0.07697872
25760.0, 0.07697756
25770.0, 0.0769764
25780.0, 0.07697525
25790.0, 0.0769741
25800.0, 0.07697295
25810.0, 0.0769718
25820.0, 0.07697066
25830.0, 0.07696951
25840.0, 0.07696837
25850.0, 0.07696724
25860.0, 0.0769661
25870.0, 0.07696497
25880.0, 0.076963834
25890.0, 0.07696271
25900.0, 0.07696158
25910.0, 0.07696046
25920.0, 0.076959334
25930.0, 0.07695822
25940.0, 0.0769571
25950.0, 0.07695598
25960.0, 0.076954864
25970.0, 0.076953754
25980.0, 0.07695264
25990.0, 0.07695154
26000.0, 0.07695044
26010.0, 0.076949336
26020.0, 0.07694823
26030.0, 0.07694714
26040.0, 0.07694604
26050.0, 0.07694495
26060.0, 0.07694386
26070.0, 0.076942764
26080.0, 0.07694168
26090.0, 0.076940596
26100.0, 0.076939516
26110.0, 0.076938435
26120.0, 0.076937355
26130.0, 0.076936275
26140.0, 0.0769352
26150.0, 0.07693413
26160.0, 0.07693306
26170.0, 0.076932
26180.0, 0.07693093
26190.0, 0.07692987
26200.0, 0.0769288
26210.0, 0.076927744
26220.0, 0.076926686
26230.0, 0.076925635
26240.0, 0.076924585
26250.0, 0.076923534
26260.0, 0.076922484
26270.0, 0.07692143
26280.0, 0.07692039
26290.0, 0.07691935
26300.0, 0.07691831
26310.0, 0.076917276
26320.0, 0.07691623
26330.0, 0.076915205
26340.0, 0.07691417
26350.0, 0.07691314
26360.0, 0.07691211
26370.0, 0.076911084
26380.0, 0.07691006
26390.0, 0.07690904
26400.0, 0.07690802
26410.0, 0.07690701
26420.0, 0.07690599
26430.0, 0.076904975
26440.0, 0.07690396
26450.0, 0.076902956
26460.0, 0.07690195
26470.0, 0.076900944
26480.0, 0.07689994
26490.0, 0.07689894
26500.0, 0.07689794
26510.0, 0.07689694
26520.0, 0.076895945
26530.0, 0.076894954
26540.0, 0.07689396
26550.0, 0.07689297
26560.0, 0.07689199
26570.0, 0.076891
26580.0, 0.076890014
26590.0, 0.07688904
26600.0, 0.076888055
26610.0, 0.07688708
26620.0, 0.0768861
26630.0, 0.07688513
26640.0, 0.07688416
26650.0, 0.07688319
26660.0, 0.07688222
26670.0, 0.07688125
26680.0, 0.07688029
26690.0, 0.07687933
26700.0, 0.07687837
26710.0, 0.07687741
26720.0, 0.076876454
26730.0, 0.0768755
26740.0, 0.07687455
26750.0, 0.07687359
26760.0, 0.07687265
26770.0, 0.0768717
26780.0, 0.076870754
26790.0, 0.07686981
26800.0, 0.07686887
26810.0, 0.07686793
26820.0, 0.07686699
26830.0, 0.07686606
26840.0, 0.07686512
26850.0, 0.07686419
26860.0, 0.07686327
26870.0, 0.076862335
26880.0, 0.07686141
26890.0, 0.07686049
26900.0, 0.07685956
26910.0, 0.07685864
26920.0, 0.07685772
26930.0, 0.07685681
26940.0, 0.07685589
26950.0, 0.076854974
26960.0, 0.076854065
26970.0, 0.076853156
26980.0, 0.07685225
26990.0, 0.076851346
27000.0, 0.07685044
27010.0, 0.076849535
27020.0, 0.07684863
27030.0, 0.07684774
27040.0, 0.07684684
27050.0, 0.076845944
27060.0, 0.07684505
27070.0, 0.076844156
27080.0, 0.07684327
27090.0, 0.07684238
27100.0, 0.076841496
27110.0, 0.07684061
27120.0, 0.07683973
27130.0, 0.07683884
27140.0, 0.076837964
27150.0, 0.07683709
27160.0, 0.07683621
27170.0, 0.07683534
27180.0, 0.07683447
27190.0, 0.0768336
27200.0, 0.07683273
27210.0, 0.07683186
27220.0, 0.076831
27230.0, 0.076830134
27240.0, 0.07682927
27250.0, 0.07682841
27260.0, 0.07682755
27270.0, 0.07682669
27280.0, 0.07682584
27290.0, 0.076824985
27300.0, 0.076824136
27310.0, 0.07682329
27320.0, 0.07682244
27330.0, 0.07682159
27340.0, 0.076820746
27350.0, 0.076819904
27360.0, 0.07681906
27370.0, 0.07681822
27380.0, 0.076817386
27390.0, 0.076816544
27400.0, 0.07681571
27410.0, 0.07681488
27420.0, 0.07681405
27430.0, 0.07681322
27440.0, 0.076812394
27450.0, 0.07681157
27460.0, 0.07681074
27470.0, 0.07680991
27480.0, 0.07680909
27490.0, 0.076808274
27500.0, 0.076807454
27510.0, 0.07680664
27520.0, 0.07680582
27530.0, 0.07680501
27540.0, 0.0768042
27550.0, 0.07680339
27560.0, 0.07680258
27570.0, 0.07680178
27580.0, 0.07680097
27590.0, 0.07680017
27600.0, 0.07679936
27610.0, 0.076798566
27620.0, 0.07679777
27630.0, 0.07679697
27640.0, 0.076796174
27650.0, 0.07679538
27660.0, 0.07679459
27670.0, 0.0767938
27680.0, 0.07679301
27690.0, 0.07679222
27700.0, 0.076791435
27710.0, 0.076790646
27720.0, 0.07678986
27730.0, 0.07678908
27740.0, 0.076788306
27750.0, 0.076787524
27760.0, 0.07678675
27770.0, 0.076785974
27780.0, 0.0767852
27790.0, 0.076784424
27800.0, 0.07678366
27810.0, 0.07678289
27820.0, 0.07678212
27830.0, 0.076781355
27840.0, 0.07678059
27850.0, 0.07677983
27860.0, 0.07677907
27870.0, 0.07677831
27880.0, 0.07677755
27890.0, 0.076776795
27900.0, 0.076776035
27910.0, 0.07677528
27920.0, 0.07677453
27930.0, 0.07677378
27940.0, 0.07677303
27950.0, 0.07677228
27960.0, 0.076771535
27970.0, 0.07677079
27980.0, 0.076770045
27990.0, 0.07676931
28000.0, 0.07676857
28010.0, 0.076767825
28020.0, 0.07676709
28030.0, 0.07676636
28040.0, 0.07676562
28050.0, 0.07676489
28060.0, 0.07676415
28070.0, 0.07676343
28080.0, 0.0767627
28090.0, 0.07676197
28100.0, 0.076761246
28110.0, 0.07676052
28120.0, 0.0767598
28130.0, 0.07675908
28140.0, 0.076758355
28150.0, 0.07675764
28160.0, 0.07675692
28170.0, 0.0767562
28180.0, 0.076755494
28190.0, 0.07675478
28200.0, 0.07675406
28210.0, 0.076753356
28220.0, 0.07675265
28230.0, 0.07675194
28240.0, 0.07675123
28250.0, 0.07675053
28260.0, 0.07674983
28270.0, 0.07674912
28280.0, 0.07674843
28290.0, 0.07674773
28300.0, 0.07674703
28310.0, 0.07674634
28320.0, 0.076745644
28330.0, 0.07674495
28340.0, 0.07674426
28350.0, 0.076743565
28360.0, 0.07674288
28370.0, 0.07674219
28380.0, 0.0767415
28390.0, 0.076740816
28400.0, 0.07674014
28410.0, 0.07673945
28420.0, 0.076738775
28430.0, 0.0767381
28440.0, 0.07673742
28450.0, 0.07673674
28460.0, 0.07673606
28470.0, 0.07673539
28480.0, 0.076734714
28490.0, 0.07673404
28500.0, 0.07673337
28510.0, 0.07673271
28520.0, 0.07673204
28530.0, 0.07673138
28540.0, 0.07673071
28550.0, 0.07673005
28560.0, 0.07672939
28570.0, 0.076728724
28580.0, 0.07672807
28590.0, 0.076727405
28600.0, 0.07672675
28610.0, 0.076726094
28620.0, 0.07672544
28630.0, 0.07672479
28640.0, 0.076724134
28650.0, 0.076723486
28660.0, 0.07672284
28670.0, 0.07672219
28680.0, 0.07672154
28690.0, 0.0767209
28700.0, 0.07672026
28710.0, 0.07671961
28720.0, 0.07671897
28730.0, 0.07671833
28740.0, 0.0767177
28750.0, 0.07671706
28760.0, 0.07671642
28770.0, 0.07671579
28780.0, 0.07671516
28790.0, 0.07671452
28800.0, 0.07671389
28810.0, 0.076713264
28820.0, 0.07671263
28830.0, 0.076712005
28840.0, 0.07671138
28850.0, 0.07671075
28860.0, 0.076710135
28870.0, 0.07670951
28880.0, 0.07670889
28890.0, 0.07670827
28900.0, 0.07670765
28910.0, 0.076707035
28920.0, 0.07670642
28930.0, 0.076705806
28940.0, 0.07670519
28950.0, 0.07670458
28960.0, 0.076703966
28970.0, 0.076703355
28980.0, 0.07670275
28990.0, 0.07670214
29000.0, 0.07670154
29010.0, 0.07670093
29020.0, 0.07670033
29030.0, 0.07669973
29040.0, 0.07669912
29050.0, 0.07669852
29060.0, 0.07669792
29070.0, 0.07669733
29080.0, 0.07669673
29090.0, 0.076696135
29100.0, 0.07669554
29110.0, 0.07669495
29120.0, 0.076694354
29130.0, 0.076693766
29140.0, 0.07669318
29150.0, 0.07669259
29160.0, 0.076692
29170.0, 0.07669141
29180.0, 0.07669083
29190.0, 0.07669025
29200.0, 0.07668966
29210.0, 0.07668908
29220.0, 0.076688506
29230.0, 0.076687925
29240.0, 0.07668734
29250.0, 0.07668677
29260.0, 0.076686196
29270.0, 0.07668562
29280.0, 0.07668505
29290.0, 0.076684475
29300.0, 0.0766839
29310.0, 0.076683335
29320.0, 0.07668277
29330.0, 0.076682195
29340.0, 0.07668163
29350.0, 0.07668107
29360.0, 0.076680504
29370.0, 0.07667994
29380.0, 0.07667938
29390.0, 0.07667882
29400.0, 0.07667826
29410.0, 0.0766777
29420.0, 0.07667714
29430.0, 0.076676585
29440.0, 0.07667603
29450.0, 0.076675475
29460.0, 0.07667492
29470.0, 0.07667437
29480.0, 0.07667382
29490.0, 0.07667327
29500.0, 0.076672725
29510.0, 0.076672174
29520.0, 0.07667163
29530.0, 0.076671086
29540.0, 0.07667054
29550.0, 0.07667
29560.0, 0.076669455
29570.0, 0.07666892
29580.0, 0.076668374
29590.0, 0.07666784
29600.0, 0.0766673
29610.0, 0.076666765
29620.0, 0.07666623
29630.0, 0.07666569
29640.0, 0.07666516
29650.0, 0.07666463
29660.0, 0.0766641
29670.0, 0.07666357
29680.0, 0.07666304
29690.0, 0.07666251
29700.0, 0.07666198
29710.0, 0.07666146
29720.0, 0.07666093
29730.0, 0.07666041
29740.0, 0.07665989
29750.0, 0.07665937
29760.0, 0.076658845
29770.0, 0.07665832
29780.0, 0.0766578
29790.0, 0.07665729
29800.0, 0.07665677
29810.0, 0.07665625
29820.0, 0.07665574
29830.0, 0.076655224
29840.0, 0.07665472
29850.0, 0.0766542
29860.0, 0.0766537
29870.0, 0.07665318
29880.0, 0.076652676
29890.0, 0.07665217
29900.0, 0.07665166
29910.0, 0.076651156
29920.0, 0.07665065
29930.0, 0.07665015
29940.0, 0.07664965
29950.0, 0.076649144
29960.0, 0.076648645
29970.0, 0.076648146
29980.0, 0.07664765
29990.0, 0.07664715
30000.0, 0.076646656
