Energy (in eV), backscattering yield of material gr2k-NASCAP at incidence 70.0 degree
   X,       Y
0.0, 0.0
10.0, 0.0
20.0, 0.0
30.0, 0.0
40.0, 0.0
50.0, 0.0
60.0, 0.2071456
70.0, 0.25533646
80.0, 0.28614074
90.0, 0.30875802
100.0, 0.32653603
110.0, 0.34110686
120.0, 0.35339633
130.0, 0.36398193
140.0, 0.3732485
150.0, 0.3814652
160.0, 0.3888277
170.0, 0.3954826
180.0, 0.4015423
190.0, 0.407095
200.0, 0.41221103
210.0, 0.41694736
220.0, 0.4213508
230.0, 0.4254601
240.0, 0.4293079
250.0, 0.43292174
260.0, 0.43632516
270.0, 0.43953842
280.0, 0.44257906
290.0, 0.44546235
300.0, 0.44820166
310.0, 0.45080885
320.0, 0.4532943
330.0, 0.45566732
340.0, 0.45793623
350.0, 0.46010843
360.0, 0.4621906
370.0, 0.4641888
380.0, 0.46610847
390.0, 0.46795455
400.0, 0.46973166
410.0, 0.4714438
420.0, 0.47309485
430.0, 0.47468826
440.0, 0.47622713
450.0, 0.47771454
460.0, 0.4791531
470.0, 0.48054534
480.0, 0.48189366
490.0, 0.48320016
500.0, 0.48446685
510.0, 0.4856956
520.0, 0.4868882
530.0, 0.48804626
540.0, 0.4891713
550.0, 0.49026477
560.0, 0.49132803
570.0, 0.4923623
580.0, 0.4933688
590.0, 0.49434865
600.0, 0.4953029
610.0, 0.49623254
620.0, 0.4971385
630.0, 0.4980217
640.0, 0.49888295
650.0, 0.49972308
660.0, 0.5005428
670.0, 0.50134295
680.0, 0.502124
690.0, 0.50288683
700.0, 0.5036319
710.0, 0.50435984
720.0, 0.5050712
730.0, 0.5057666
740.0, 0.5064464
750.0, 0.5071112
760.0, 0.5077614
770.0, 0.5083975
780.0, 0.5090199
790.0, 0.509629
800.0, 0.51022524
810.0, 0.5108089
820.0, 0.51138043
830.0, 0.51194006
840.0, 0.51248825
850.0, 0.5130253
860.0, 0.5135514
870.0, 0.51406693
880.0, 0.5145722
890.0, 0.5150674
900.0, 0.5155529
910.0, 0.5160288
920.0, 0.51649547
930.0, 0.51695305
940.0, 0.5174019
950.0, 0.51784205
960.0, 0.5182739
970.0, 0.51869756
980.0, 0.5191132
990.0, 0.51952106
1000.0, 0.51992124
1010.0, 0.5197243
1020.0, 0.51952755
1030.0, 0.5193311
1040.0, 0.5191348
1050.0, 0.51893884
1060.0, 0.5187431
1070.0, 0.51854765
1080.0, 0.5183524
1090.0, 0.5181574
1100.0, 0.5179627
1110.0, 0.5177682
1120.0, 0.51757395
1130.0, 0.51737994
1140.0, 0.5171862
1150.0, 0.5169927
1160.0, 0.51679945
1170.0, 0.51660645
1180.0, 0.51641375
1190.0, 0.5162212
1200.0, 0.51602894
1210.0, 0.51583695
1220.0, 0.51564515
1230.0, 0.51545364
1240.0, 0.51526237
1250.0, 0.51507133
1260.0, 0.51488054
1270.0, 0.51469004
1280.0, 0.5144997
1290.0, 0.5143097
1300.0, 0.51411986
1310.0, 0.5139303
1320.0, 0.513741
1330.0, 0.51355195
1340.0, 0.5133631
1350.0, 0.51317453
1360.0, 0.5129862
1370.0, 0.5127981
1380.0, 0.51261026
1390.0, 0.5124226
1400.0, 0.5122353
1410.0, 0.5120482
1420.0, 0.5118613
1430.0, 0.51167464
1440.0, 0.51148826
1450.0, 0.5113021
1460.0, 0.5111162
1470.0, 0.51093054
1480.0, 0.5107451
1490.0, 0.5105599
1500.0, 0.51037496
1510.0, 0.51019025
1520.0, 0.51000583
1530.0, 0.5098216
1540.0, 0.5096376
1550.0, 0.50945383
1560.0, 0.50927037
1570.0, 0.5090871
1580.0, 0.5089041
1590.0, 0.5087213
1600.0, 0.5085388
1610.0, 0.50835645
1620.0, 0.50817436
1630.0, 0.50799257
1640.0, 0.50781095
1650.0, 0.50762963
1660.0, 0.5074485
1670.0, 0.50726765
1680.0, 0.507087
1690.0, 0.50690657
1700.0, 0.50672644
1710.0, 0.5065465
1720.0, 0.5063668
1730.0, 0.5061874
1740.0, 0.50600815
1750.0, 0.50582916
1760.0, 0.5056504
1770.0, 0.5054719
1780.0, 0.5052936
1790.0, 0.5051156
1800.0, 0.5049378
1810.0, 0.5047602
1820.0, 0.5045829
1830.0, 0.5044058
1840.0, 0.50422895
1850.0, 0.50405234
1860.0, 0.5038759
1870.0, 0.5036998
1880.0, 0.5035238
1890.0, 0.5033481
1900.0, 0.5031727
1910.0, 0.50299746
1920.0, 0.50282246
1930.0, 0.5026477
1940.0, 0.5024732
1950.0, 0.5022989
1960.0, 0.50212485
1970.0, 0.501951
1980.0, 0.5017774
1990.0, 0.501604
2000.0, 0.50143087
2010.0, 0.50125796
2020.0, 0.5010853
2030.0, 0.50091285
2040.0, 0.50074065
2050.0, 0.5005687
2060.0, 0.5003969
2070.0, 0.50022537
2080.0, 0.5000541
2090.0, 0.49988303
2100.0, 0.4997122
2110.0, 0.49954158
2120.0, 0.49937123
2130.0, 0.49920106
2140.0, 0.49903116
2150.0, 0.49886146
2160.0, 0.498692
2170.0, 0.49852276
2180.0, 0.49835375
2190.0, 0.49818498
2200.0, 0.49801645
2210.0, 0.49784812
2220.0, 0.49768
2230.0, 0.49751216
2240.0, 0.4973445
2250.0, 0.4971771
2260.0, 0.4970099
2270.0, 0.49684292
2280.0, 0.4966762
2290.0, 0.4965097
2300.0, 0.4963434
2310.0, 0.49617735
2320.0, 0.4960115
2330.0, 0.49584588
2340.0, 0.4956805
2350.0, 0.49551535
2360.0, 0.4953504
2370.0, 0.4951857
2380.0, 0.4950212
2390.0, 0.49485695
2400.0, 0.4946929
2410.0, 0.49452907
2420.0, 0.49436548
2430.0, 0.4942021
2440.0, 0.49403897
2450.0, 0.49387604
2460.0, 0.49371332
2470.0, 0.49355084
2480.0, 0.4933886
2490.0, 0.49322653
2500.0, 0.49306473
2510.0, 0.49290314
2520.0, 0.49274176
2530.0, 0.49258062
2540.0, 0.4924197
2550.0, 0.49225897
2560.0, 0.49209848
2570.0, 0.4919382
2580.0, 0.49177814
2590.0, 0.49161834
2600.0, 0.4914587
2610.0, 0.49129933
2620.0, 0.49114013
2630.0, 0.4909812
2640.0, 0.49082246
2650.0, 0.49066395
2660.0, 0.49050564
2670.0, 0.49034753
2680.0, 0.4901897
2690.0, 0.49003205
2700.0, 0.4898746
2710.0, 0.48971742
2720.0, 0.48956043
2730.0, 0.48940364
2740.0, 0.48924708
2750.0, 0.48909074
2760.0, 0.4889346
2770.0, 0.4887787
2780.0, 0.48862302
2790.0, 0.48846754
2800.0, 0.48831227
2810.0, 0.48815724
2820.0, 0.4880024
2830.0, 0.48784778
2840.0, 0.48769337
2850.0, 0.4875392
2860.0, 0.4873852
2870.0, 0.48723146
2880.0, 0.48707792
2890.0, 0.4869246
2900.0, 0.48677146
2910.0, 0.48661858
2920.0, 0.4864659
2930.0, 0.4863134
2940.0, 0.48616114
2950.0, 0.4860091
2960.0, 0.48585725
2970.0, 0.48570564
2980.0, 0.48555422
2990.0, 0.48540303
3000.0, 0.48525205
3010.0, 0.48510125
3020.0, 0.4849507
3030.0, 0.48480034
3040.0, 0.4846502
3050.0, 0.48450026
3060.0, 0.48435053
3070.0, 0.484201
3080.0, 0.4840517
3090.0, 0.48390263
3100.0, 0.48375374
3110.0, 0.48360506
3120.0, 0.4834566
3130.0, 0.48330835
3140.0, 0.48316032
3150.0, 0.48301247
3160.0, 0.48286483
3170.0, 0.4827174
3180.0, 0.4825702
3190.0, 0.4824232
3200.0, 0.4822764
3210.0, 0.4821298
3220.0, 0.48198342
3230.0, 0.48183724
3240.0, 0.48169127
3250.0, 0.4815455
3260.0, 0.48139998
3270.0, 0.4812546
3280.0, 0.48110947
3290.0, 0.48096454
3300.0, 0.48081982
3310.0, 0.48067528
3320.0, 0.48053098
3330.0, 0.48038685
3340.0, 0.48024294
3350.0, 0.48009923
3360.0, 0.47995573
3370.0, 0.47981244
3380.0, 0.47966936
3390.0, 0.47952646
3400.0, 0.4793838
3410.0, 0.4792413
3420.0, 0.479099
3430.0, 0.47895694
3440.0, 0.47881508
3450.0, 0.47867343
3460.0, 0.47853196
3470.0, 0.4783907
3480.0, 0.4782496
3490.0, 0.47810876
3500.0, 0.4779681
3510.0, 0.47782764
3520.0, 0.4776874
3530.0, 0.47754735
3540.0, 0.4774075
3550.0, 0.47726783
3560.0, 0.4771284
3570.0, 0.47698915
3580.0, 0.4768501
3590.0, 0.47671124
3600.0, 0.4765726
3610.0, 0.47643414
3620.0, 0.4762959
3630.0, 0.47615784
3640.0, 0.47601998
3650.0, 0.47588235
3660.0, 0.47574487
3670.0, 0.47560763
3680.0, 0.47547057
3690.0, 0.4753337
3700.0, 0.47519705
3710.0, 0.47506058
3720.0, 0.4749243
3730.0, 0.47478825
3740.0, 0.47465238
3750.0, 0.4745167
3760.0, 0.4743812
3770.0, 0.47424594
3780.0, 0.47411084
3790.0, 0.47397593
3800.0, 0.47384125
3810.0, 0.47370675
3820.0, 0.47357246
3830.0, 0.47343832
3840.0, 0.47330442
3850.0, 0.4731707
3860.0, 0.47303718
3870.0, 0.47290385
3880.0, 0.47277072
3890.0, 0.47263777
3900.0, 0.47250503
3910.0, 0.47237247
3920.0, 0.47224012
3930.0, 0.47210795
3940.0, 0.47197595
3950.0, 0.4718442
3960.0, 0.4717126
3970.0, 0.4715812
3980.0, 0.47145
3990.0, 0.471319
4000.0, 0.47118816
4010.0, 0.47105753
4020.0, 0.4709271
4030.0, 0.47079685
4040.0, 0.4706668
4050.0, 0.47053692
4060.0, 0.47040728
4070.0, 0.4702778
4080.0, 0.47014847
4090.0, 0.4700194
4100.0, 0.46989048
4110.0, 0.46976176
4120.0, 0.46963322
4130.0, 0.46950486
4140.0, 0.4693767
4150.0, 0.46924874
4160.0, 0.46912098
4170.0, 0.4689934
4180.0, 0.468866
4190.0, 0.46873876
4200.0, 0.46861175
4210.0, 0.4684849
4220.0, 0.46835825
4230.0, 0.4682318
4240.0, 0.46810552
4250.0, 0.46797943
4260.0, 0.46785355
4270.0, 0.46772784
4280.0, 0.4676023
4290.0, 0.46747696
4300.0, 0.4673518
4310.0, 0.46722683
4320.0, 0.46710205
4330.0, 0.46697745
4340.0, 0.46685302
4350.0, 0.4667288
4360.0, 0.46660477
4370.0, 0.4664809
4380.0, 0.46635723
4390.0, 0.46623373
4400.0, 0.46611044
4410.0, 0.4659873
4420.0, 0.46586436
4430.0, 0.4657416
4440.0, 0.46561903
4450.0, 0.46549663
4460.0, 0.46537444
4470.0, 0.4652524
4480.0, 0.46513057
4490.0, 0.4650089
4500.0, 0.4648874
4510.0, 0.46476611
4520.0, 0.464645
4530.0, 0.4645241
4540.0, 0.46440333
4550.0, 0.46428275
4560.0, 0.46416235
4570.0, 0.46404216
4580.0, 0.4639221
4590.0, 0.46380228
4600.0, 0.46368262
4610.0, 0.4635631
4620.0, 0.46344382
4630.0, 0.46332467
4640.0, 0.46320572
4650.0, 0.46308696
4660.0, 0.46296835
4670.0, 0.46284994
4680.0, 0.4627317
4690.0, 0.46261364
4700.0, 0.46249577
4710.0, 0.46237805
4720.0, 0.46226054
4730.0, 0.46214318
4740.0, 0.46202603
4750.0, 0.46190903
4760.0, 0.46179223
4770.0, 0.46167558
4780.0, 0.46155912
4790.0, 0.46144283
4800.0, 0.46132672
4810.0, 0.4612108
4820.0, 0.46109504
4830.0, 0.46097943
4840.0, 0.46086404
4850.0, 0.4607488
4860.0, 0.46063375
4870.0, 0.46051887
4880.0, 0.46040416
4890.0, 0.46028963
4900.0, 0.46017525
4910.0, 0.46006107
4920.0, 0.45994705
4930.0, 0.4598332
4940.0, 0.45971957
4950.0, 0.45960605
4960.0, 0.45949274
4970.0, 0.45937958
4980.0, 0.45926663
4990.0, 0.45915383
5000.0, 0.4590412
5010.0, 0.45892873
5020.0, 0.45881647
5030.0, 0.45870435
5040.0, 0.4585924
5050.0, 0.45848063
5060.0, 0.45836902
5070.0, 0.4582576
5080.0, 0.45814633
5090.0, 0.45803526
5100.0, 0.45792434
5110.0, 0.4578136
5120.0, 0.457703
5130.0, 0.4575926
5140.0, 0.45748237
5150.0, 0.45737228
5160.0, 0.4572624
5170.0, 0.45715266
5180.0, 0.4570431
5190.0, 0.4569337
5200.0, 0.45682448
5210.0, 0.4567154
5220.0, 0.45660654
5230.0, 0.4564978
5240.0, 0.45638925
5250.0, 0.45628086
5260.0, 0.45617265
5270.0, 0.45606458
5280.0, 0.4559567
5290.0, 0.455849
5300.0, 0.45574144
5310.0, 0.45563406
5320.0, 0.45552683
5330.0, 0.45541978
5340.0, 0.45531288
5350.0, 0.45520616
5360.0, 0.4550996
5370.0, 0.45499322
5380.0, 0.45488697
5390.0, 0.4547809
5400.0, 0.45467502
5410.0, 0.45456928
5420.0, 0.4544637
5430.0, 0.45435828
5440.0, 0.45425305
5450.0, 0.45414796
5460.0, 0.45404306
5470.0, 0.45393828
5480.0, 0.4538337
5490.0, 0.45372927
5500.0, 0.45362502
5510.0, 0.4535209
5520.0, 0.45341694
5530.0, 0.45331317
5540.0, 0.45320955
5550.0, 0.4531061
5560.0, 0.4530028
5570.0, 0.45289966
5580.0, 0.4527967
5590.0, 0.45269388
5600.0, 0.45259124
5610.0, 0.45248875
5620.0, 0.4523864
5630.0, 0.45228425
5640.0, 0.45218223
5650.0, 0.4520804
5660.0, 0.45197868
5670.0, 0.45187715
5680.0, 0.4517758
5690.0, 0.45167455
5700.0, 0.45157352
5710.0, 0.4514726
5720.0, 0.45137188
5730.0, 0.4512713
5740.0, 0.45117086
5750.0, 0.4510706
5760.0, 0.4509705
5770.0, 0.45087054
5780.0, 0.45077077
5790.0, 0.4506711
5800.0, 0.45057166
5810.0, 0.45047233
5820.0, 0.45037314
5830.0, 0.45027414
5840.0, 0.4501753
5850.0, 0.45007658
5860.0, 0.44997805
5870.0, 0.44987968
5880.0, 0.44978142
5890.0, 0.44968337
5900.0, 0.44958544
5910.0, 0.44948766
5920.0, 0.44939005
5930.0, 0.4492926
5940.0, 0.4491953
5950.0, 0.44909814
5960.0, 0.44900113
5970.0, 0.4489043
5980.0, 0.4488076
5990.0, 0.44871107
6000.0, 0.4486147
6010.0, 0.44851846
6020.0, 0.44842237
6030.0, 0.44832647
6040.0, 0.44823068
6050.0, 0.44813508
6060.0, 0.4480396
6070.0, 0.44794428
6080.0, 0.44784912
6090.0, 0.4477541
6100.0, 0.44765925
6110.0, 0.44756454
6120.0, 0.44746995
6130.0, 0.44737557
6140.0, 0.4472813
6150.0, 0.4471872
6160.0, 0.44709322
6170.0, 0.4469994
6180.0, 0.44690576
6190.0, 0.44681224
6200.0, 0.44671887
6210.0, 0.44662565
6220.0, 0.4465326
6230.0, 0.44643968
6240.0, 0.4463469
6250.0, 0.4462543
6260.0, 0.44616184
6270.0, 0.4460695
6280.0, 0.44597733
6290.0, 0.4458853
6300.0, 0.44579342
6310.0, 0.4457017
6320.0, 0.4456101
6330.0, 0.44551867
6340.0, 0.4454274
6350.0, 0.44533625
6360.0, 0.44524524
6370.0, 0.4451544
6380.0, 0.44506368
6390.0, 0.4449731
6400.0, 0.4448827
6410.0, 0.44479245
6420.0, 0.44470233
6430.0, 0.44461232
6440.0, 0.4445225
6450.0, 0.4444328
6460.0, 0.44434327
6470.0, 0.44425386
6480.0, 0.4441646
6490.0, 0.4440755
6500.0, 0.4439865
6510.0, 0.4438977
6520.0, 0.443809
6530.0, 0.44372046
6540.0, 0.44363207
6550.0, 0.44354382
6560.0, 0.4434557
6570.0, 0.44336775
6580.0, 0.44327992
6590.0, 0.44319224
6600.0, 0.44310468
6610.0, 0.44301727
6620.0, 0.44293004
6630.0, 0.44284293
6640.0, 0.44275594
6650.0, 0.4426691
6660.0, 0.4425824
6670.0, 0.44249585
6680.0, 0.44240943
6690.0, 0.44232318
6700.0, 0.44223705
6710.0, 0.44215104
6720.0, 0.44206518
6730.0, 0.44197947
6740.0, 0.4418939
6750.0, 0.44180846
6760.0, 0.44172317
6770.0, 0.441638
6780.0, 0.441553
6790.0, 0.44146812
6800.0, 0.44138336
6810.0, 0.44129875
6820.0, 0.4412143
6830.0, 0.44112995
6840.0, 0.44104576
6850.0, 0.44096172
6860.0, 0.4408778
6870.0, 0.44079402
6880.0, 0.44071037
6890.0, 0.4406269
6900.0, 0.4405435
6910.0, 0.44046026
6920.0, 0.44037718
6930.0, 0.44029424
6940.0, 0.4402114
6950.0, 0.4401287
6960.0, 0.44004613
6970.0, 0.43996373
6980.0, 0.43988144
6990.0, 0.4397993
7000.0, 0.4397173
7010.0, 0.4396354
7020.0, 0.43955365
7030.0, 0.43947205
7040.0, 0.43939057
7050.0, 0.4393092
7060.0, 0.439228
7070.0, 0.43914694
7080.0, 0.439066
7090.0, 0.43898517
7100.0, 0.4389045
7110.0, 0.43882397
7120.0, 0.43874356
7130.0, 0.43866327
7140.0, 0.43858314
7150.0, 0.43850312
7160.0, 0.43842322
7170.0, 0.43834347
7180.0, 0.43826386
7190.0, 0.43818435
7200.0, 0.43810502
7210.0, 0.43802577
7220.0, 0.43794668
7230.0, 0.4378677
7240.0, 0.43778887
7250.0, 0.43771017
7260.0, 0.4376316
7270.0, 0.43755314
7280.0, 0.43747485
7290.0, 0.43739665
7300.0, 0.4373186
7310.0, 0.43724066
7320.0, 0.43716288
7330.0, 0.4370852
7340.0, 0.43700767
7350.0, 0.43693024
7360.0, 0.43685296
7370.0, 0.43677583
7380.0, 0.4366988
7390.0, 0.4366219
7400.0, 0.43654513
7410.0, 0.43646848
7420.0, 0.43639195
7430.0, 0.43631557
7440.0, 0.4362393
7450.0, 0.43616316
7460.0, 0.43608716
7470.0, 0.43601128
7480.0, 0.43593553
7490.0, 0.4358599
7500.0, 0.4357844
7510.0, 0.435709
7520.0, 0.43563375
7530.0, 0.43555862
7540.0, 0.43548363
7550.0, 0.43540874
7560.0, 0.435334
7570.0, 0.43525937
7580.0, 0.43518487
7590.0, 0.43511048
7600.0, 0.43503624
7610.0, 0.4349621
7620.0, 0.4348881
7630.0, 0.4348142
7640.0, 0.43474045
7650.0, 0.4346668
7660.0, 0.4345933
7670.0, 0.43451992
7680.0, 0.43444666
7690.0, 0.4343735
7700.0, 0.43430048
7710.0, 0.4342276
7720.0, 0.4341548
7730.0, 0.43408215
7740.0, 0.4340096
7750.0, 0.4339372
7760.0, 0.43386492
7770.0, 0.43379274
7780.0, 0.43372068
7790.0, 0.43364877
7800.0, 0.43357697
7810.0, 0.43350527
7820.0, 0.4334337
7830.0, 0.43336225
7840.0, 0.43329093
7850.0, 0.43321973
7860.0, 0.43314865
7870.0, 0.4330777
7880.0, 0.43300685
7890.0, 0.4329361
7900.0, 0.4328655
7910.0, 0.43279502
7920.0, 0.43272465
7930.0, 0.4326544
7940.0, 0.43258426
7950.0, 0.43251425
7960.0, 0.43244436
7970.0, 0.43237457
7980.0, 0.43230492
7990.0, 0.4322354
8000.0, 0.43216595
8010.0, 0.43209666
8020.0, 0.43202746
8030.0, 0.43195838
8040.0, 0.4318894
8050.0, 0.4318206
8060.0, 0.43175185
8070.0, 0.43168324
8080.0, 0.43161476
8090.0, 0.4315464
8100.0, 0.43147814
8110.0, 0.43140998
8120.0, 0.43134198
8130.0, 0.43127406
8140.0, 0.43120623
8150.0, 0.43113858
8160.0, 0.431071
8170.0, 0.43100354
8180.0, 0.43093622
8190.0, 0.43086898
8200.0, 0.43080187
8210.0, 0.43073487
8220.0, 0.430668
8230.0, 0.4306012
8240.0, 0.43053457
8250.0, 0.43046802
8260.0, 0.4304016
8270.0, 0.43033528
8280.0, 0.4302691
8290.0, 0.430203
8300.0, 0.430137
8310.0, 0.43007115
8320.0, 0.4300054
8330.0, 0.42993978
8340.0, 0.42987424
8350.0, 0.42980883
8360.0, 0.4297435
8370.0, 0.42967832
8380.0, 0.42961323
8390.0, 0.42954826
8400.0, 0.4294834
8410.0, 0.42941865
8420.0, 0.429354
8430.0, 0.4292895
8440.0, 0.42922506
8450.0, 0.42916077
8460.0, 0.42909655
8470.0, 0.42903247
8480.0, 0.4289685
8490.0, 0.42890462
8500.0, 0.42884088
8510.0, 0.42877722
8520.0, 0.42871368
8530.0, 0.42865026
8540.0, 0.42858693
8550.0, 0.42852372
8560.0, 0.4284606
8570.0, 0.4283976
8580.0, 0.4283347
8590.0, 0.42827192
8600.0, 0.42820925
8610.0, 0.4281467
8620.0, 0.42808422
8630.0, 0.42802188
8640.0, 0.42795962
8650.0, 0.4278975
8660.0, 0.42783546
8670.0, 0.42777354
8680.0, 0.42771173
8690.0, 0.42765
8700.0, 0.4275884
8710.0, 0.42752692
8720.0, 0.4274655
8730.0, 0.42740422
8740.0, 0.42734304
8750.0, 0.42728198
8760.0, 0.427221
8770.0, 0.4271601
8780.0, 0.42709938
8790.0, 0.42703873
8800.0, 0.42697817
8810.0, 0.4269177
8820.0, 0.42685735
8830.0, 0.42679712
8840.0, 0.42673698
8850.0, 0.42667696
8860.0, 0.42661703
8870.0, 0.4265572
8880.0, 0.4264975
8890.0, 0.42643788
8900.0, 0.42637837
8910.0, 0.42631894
8920.0, 0.42625964
8930.0, 0.42620045
8940.0, 0.42614132
8950.0, 0.42608234
8960.0, 0.42602345
8970.0, 0.42596465
8980.0, 0.42590594
8990.0, 0.42584735
9000.0, 0.42578888
9010.0, 0.42573047
9020.0, 0.4256722
9030.0, 0.425614
9040.0, 0.4255559
9050.0, 0.42549792
9060.0, 0.42544004
9070.0, 0.42538226
9080.0, 0.4253246
9090.0, 0.425267
9100.0, 0.42520952
9110.0, 0.42515212
9120.0, 0.42509484
9130.0, 0.42503765
9140.0, 0.42498058
9150.0, 0.4249236
9160.0, 0.4248667
9170.0, 0.42480993
9180.0, 0.42475322
9190.0, 0.42469665
9200.0, 0.42464015
9210.0, 0.42458376
9220.0, 0.42452747
9230.0, 0.4244713
9240.0, 0.42441517
9250.0, 0.42435917
9260.0, 0.42430326
9270.0, 0.42424747
9280.0, 0.42419177
9290.0, 0.42413616
9300.0, 0.42408064
9310.0, 0.42402524
9320.0, 0.4239699
9330.0, 0.4239147
9340.0, 0.42385957
9350.0, 0.42380452
9360.0, 0.4237496
9370.0, 0.42369476
9380.0, 0.42364004
9390.0, 0.42358539
9400.0, 0.42353082
9410.0, 0.42347637
9420.0, 0.42342204
9430.0, 0.42336777
9440.0, 0.4233136
9450.0, 0.42325953
9460.0, 0.42320555
9470.0, 0.42315167
9480.0, 0.42309788
9490.0, 0.42304417
9500.0, 0.42299056
9510.0, 0.42293707
9520.0, 0.42288366
9530.0, 0.42283034
9540.0, 0.42277712
9550.0, 0.42272398
9560.0, 0.42267093
9570.0, 0.422618
9580.0, 0.42256513
9590.0, 0.42251238
9600.0, 0.42245972
9610.0, 0.42240712
9620.0, 0.42235467
9630.0, 0.42230228
9640.0, 0.42224997
9650.0, 0.42219776
9660.0, 0.42214563
9670.0, 0.42209363
9680.0, 0.4220417
9690.0, 0.42198986
9700.0, 0.42193812
9710.0, 0.42188647
9720.0, 0.42183492
9730.0, 0.42178342
9740.0, 0.42173204
9750.0, 0.42168075
9760.0, 0.42162955
9770.0, 0.42157844
9780.0, 0.42152742
9790.0, 0.42147648
9800.0, 0.42142564
9810.0, 0.4213749
9820.0, 0.42132422
9830.0, 0.42127368
9840.0, 0.42122316
9850.0, 0.4211728
9860.0, 0.4211225
9870.0, 0.42107227
9880.0, 0.42102215
9890.0, 0.4209721
9900.0, 0.42092216
9910.0, 0.4208723
9920.0, 0.42082253
9930.0, 0.42077285
9940.0, 0.42072326
9950.0, 0.42067373
9960.0, 0.42062432
9970.0, 0.42057496
9980.0, 0.42052573
9990.0, 0.42047656
10000.0, 0.4204275
10010.0, 0.42037854
10020.0, 0.42032963
10030.0, 0.4202808
10040.0, 0.4202321
10050.0, 0.42018345
10060.0, 0.4201349
10070.0, 0.42008644
10080.0, 0.42003807
10090.0, 0.41998976
10100.0, 0.41994157
10110.0, 0.41989344
10120.0, 0.4198454
10130.0, 0.41979745
10140.0, 0.4197496
10150.0, 0.4197018
10160.0, 0.41965413
10170.0, 0.4196065
10180.0, 0.41955897
10190.0, 0.41951156
10200.0, 0.4194642
10210.0, 0.4194169
10220.0, 0.41936973
10230.0, 0.41932264
10240.0, 0.4192756
10250.0, 0.41922867
10260.0, 0.41918182
10270.0, 0.41913506
10280.0, 0.41908836
10290.0, 0.41904178
10300.0, 0.41899526
10310.0, 0.41894883
10320.0, 0.41890246
10330.0, 0.4188562
10340.0, 0.41881
10350.0, 0.4187639
10360.0, 0.4187179
10370.0, 0.41867194
10380.0, 0.4186261
10390.0, 0.41858032
10400.0, 0.4185346
10410.0, 0.418489
10420.0, 0.41844347
10430.0, 0.41839802
10440.0, 0.41835266
10450.0, 0.41830736
10460.0, 0.41826218
10470.0, 0.41821706
10480.0, 0.418172
10490.0, 0.41812703
10500.0, 0.41808218
10510.0, 0.41803735
10520.0, 0.41799265
10530.0, 0.417948
10540.0, 0.41790345
10550.0, 0.41785896
10560.0, 0.41781455
10570.0, 0.41777024
10580.0, 0.41772598
10590.0, 0.4176818
10600.0, 0.41763774
10610.0, 0.41759375
10620.0, 0.41754982
10630.0, 0.41750595
10640.0, 0.4174622
10650.0, 0.4174185
10660.0, 0.4173749
10670.0, 0.41733137
10680.0, 0.41728792
10690.0, 0.41724455
10700.0, 0.41720125
10710.0, 0.41715804
10720.0, 0.41711488
10730.0, 0.41707182
10740.0, 0.4170288
10750.0, 0.41698593
10760.0, 0.4169431
10770.0, 0.41690034
10780.0, 0.41685766
10790.0, 0.41681504
10800.0, 0.41677254
10810.0, 0.41673008
10820.0, 0.41668773
10830.0, 0.4166454
10840.0, 0.4166032
10850.0, 0.41656107
10860.0, 0.416519
10870.0, 0.416477
10880.0, 0.4164351
10890.0, 0.41639325
10900.0, 0.41635147
10910.0, 0.4163098
10920.0, 0.4162682
10930.0, 0.41622666
10940.0, 0.41618517
10950.0, 0.4161438
10960.0, 0.41610247
10970.0, 0.41606125
10980.0, 0.41602007
10990.0, 0.415979
11000.0, 0.41593796
11010.0, 0.41589704
11020.0, 0.41585618
11030.0, 0.41581538
11040.0, 0.41577464
11050.0, 0.41573402
11060.0, 0.41569343
11070.0, 0.41565293
11080.0, 0.41561252
11090.0, 0.41557217
11100.0, 0.41553187
11110.0, 0.41549167
11120.0, 0.41545156
11130.0, 0.4154115
11140.0, 0.4153715
11150.0, 0.4153316
11160.0, 0.41529176
11170.0, 0.41525197
11180.0, 0.41521227
11190.0, 0.41517267
11200.0, 0.4151331
11210.0, 0.41509363
11220.0, 0.4150542
11230.0, 0.41501486
11240.0, 0.41497558
11250.0, 0.4149364
11260.0, 0.4148973
11270.0, 0.41485822
11280.0, 0.41481924
11290.0, 0.41478032
11300.0, 0.4147415
11310.0, 0.4147027
11320.0, 0.41466403
11330.0, 0.41462538
11340.0, 0.4145868
11350.0, 0.41454834
11360.0, 0.41450992
11370.0, 0.41447157
11380.0, 0.4144333
11390.0, 0.41439506
11400.0, 0.41435695
11410.0, 0.41431886
11420.0, 0.41428086
11430.0, 0.41424295
11440.0, 0.41420507
11450.0, 0.41416728
11460.0, 0.41412956
11470.0, 0.41409189
11480.0, 0.4140543
11490.0, 0.41401678
11500.0, 0.41397935
11510.0, 0.41394195
11520.0, 0.41390464
11530.0, 0.41386738
11540.0, 0.41383022
11550.0, 0.41379312
11560.0, 0.41375607
11570.0, 0.4137191
11580.0, 0.4136822
11590.0, 0.41364536
11600.0, 0.41360858
11610.0, 0.41357186
11620.0, 0.41353524
11630.0, 0.41349867
11640.0, 0.41346216
11650.0, 0.4134257
11660.0, 0.41338935
11670.0, 0.41335306
11680.0, 0.41331682
11690.0, 0.41328064
11700.0, 0.41324452
11710.0, 0.41320848
11720.0, 0.4131725
11730.0, 0.4131366
11740.0, 0.41310075
11750.0, 0.413065
11760.0, 0.41302928
11770.0, 0.41299364
11780.0, 0.41295806
11790.0, 0.41292253
11800.0, 0.4128871
11810.0, 0.4128517
11820.0, 0.41281638
11830.0, 0.41278112
11840.0, 0.41274592
11850.0, 0.41271082
11860.0, 0.41267577
11870.0, 0.41264075
11880.0, 0.41260582
11890.0, 0.41257095
11900.0, 0.41253614
11910.0, 0.4125014
11920.0, 0.41246673
11930.0, 0.41243213
11940.0, 0.41239756
11950.0, 0.41236308
11960.0, 0.41232866
11970.0, 0.4122943
11980.0, 0.41226
11990.0, 0.41222578
12000.0, 0.4121916
12010.0, 0.4121575
12020.0, 0.41212344
12030.0, 0.41208947
12040.0, 0.41205555
12050.0, 0.4120217
12060.0, 0.4119879
12070.0, 0.41195416
12080.0, 0.4119205
12090.0, 0.4118869
12100.0, 0.41185334
12110.0, 0.41181985
12120.0, 0.41178644
12130.0, 0.41175306
12140.0, 0.41171977
12150.0, 0.41168654
12160.0, 0.41165334
12170.0, 0.41162023
12180.0, 0.41158718
12190.0, 0.4115542
12200.0, 0.41152126
12210.0, 0.41148838
12220.0, 0.41145557
12230.0, 0.41142282
12240.0, 0.41139013
12250.0, 0.4113575
12260.0, 0.41132492
12270.0, 0.4112924
12280.0, 0.41125995
12290.0, 0.41122758
12300.0, 0.41119525
12310.0, 0.41116297
12320.0, 0.41113076
12330.0, 0.4110986
12340.0, 0.4110665
12350.0, 0.41103446
12360.0, 0.41100252
12370.0, 0.4109706
12380.0, 0.41093874
12390.0, 0.41090694
12400.0, 0.4108752
12410.0, 0.41084352
12420.0, 0.4108119
12430.0, 0.41078034
12440.0, 0.41074884
12450.0, 0.4107174
12460.0, 0.41068602
12470.0, 0.41065466
12480.0, 0.4106234
12490.0, 0.41059217
12500.0, 0.41056103
12510.0, 0.41052994
12520.0, 0.4104989
12530.0, 0.41046792
12540.0, 0.410437
12550.0, 0.4104061
12560.0, 0.4103753
12570.0, 0.41034454
12580.0, 0.41031384
12590.0, 0.4102832
12600.0, 0.41025263
12610.0, 0.4102221
12620.0, 0.41019163
12630.0, 0.41016123
12640.0, 0.41013086
12650.0, 0.41010058
12660.0, 0.41007033
12670.0, 0.41004014
12680.0, 0.41001
12690.0, 0.40997994
12700.0, 0.4099499
12710.0, 0.40991995
12720.0, 0.40989006
12730.0, 0.4098602
12740.0, 0.4098304
12750.0, 0.40980065
12760.0, 0.40977097
12770.0, 0.4097413
12780.0, 0.40971175
12790.0, 0.4096822
12800.0, 0.40965277
12810.0, 0.40962335
12820.0, 0.409594
12830.0, 0.40956467
12840.0, 0.40953544
12850.0, 0.40950626
12860.0, 0.4094771
12870.0, 0.40944803
12880.0, 0.409419
12890.0, 0.40939003
12900.0, 0.4093611
12910.0, 0.40933225
12920.0, 0.40930343
12930.0, 0.40927467
12940.0, 0.40924594
12950.0, 0.4092173
12960.0, 0.4091887
12970.0, 0.40916014
12980.0, 0.40913165
12990.0, 0.4091032
13000.0, 0.4090748
13010.0, 0.4090465
13020.0, 0.4090182
13030.0, 0.40898997
13040.0, 0.4089618
13050.0, 0.40893367
13060.0, 0.4089056
13070.0, 0.40887758
13080.0, 0.4088496
13090.0, 0.4088217
13100.0, 0.40879384
13110.0, 0.40876603
13120.0, 0.40873826
13130.0, 0.40871057
13140.0, 0.4086829
13150.0, 0.4086553
13160.0, 0.40862775
13170.0, 0.40860024
13180.0, 0.4085728
13190.0, 0.4085454
13200.0, 0.40851805
13210.0, 0.40849078
13220.0, 0.4084635
13230.0, 0.40843633
13240.0, 0.40840918
13250.0, 0.4083821
13260.0, 0.40835503
13270.0, 0.40832806
13280.0, 0.40830112
13290.0, 0.40827423
13300.0, 0.40824738
13310.0, 0.4082206
13320.0, 0.40819386
13330.0, 0.40816718
13340.0, 0.40814054
13350.0, 0.40811393
13360.0, 0.4080874
13370.0, 0.4080609
13380.0, 0.40803447
13390.0, 0.40800807
13400.0, 0.40798175
13410.0, 0.40795544
13420.0, 0.4079292
13430.0, 0.40790302
13440.0, 0.40787688
13450.0, 0.40785077
13460.0, 0.40782472
13470.0, 0.40779874
13480.0, 0.40777278
13490.0, 0.40774688
13500.0, 0.40772104
13510.0, 0.40769523
13520.0, 0.40766948
13530.0, 0.40764377
13540.0, 0.4076181
13550.0, 0.4075925
13560.0, 0.40756693
13570.0, 0.40754142
13580.0, 0.40751594
13590.0, 0.40749055
13600.0, 0.4074652
13610.0, 0.40743986
13620.0, 0.4074146
13630.0, 0.40738934
13640.0, 0.40736416
13650.0, 0.40733904
13660.0, 0.40731394
13670.0, 0.4072889
13680.0, 0.40726393
13690.0, 0.407239
13700.0, 0.40721408
13710.0, 0.40718922
13720.0, 0.40716442
13730.0, 0.4071397
13740.0, 0.40711495
13750.0, 0.4070903
13760.0, 0.40706566
13770.0, 0.4070411
13780.0, 0.40701658
13790.0, 0.4069921
13800.0, 0.40696767
13810.0, 0.4069433
13820.0, 0.40691894
13830.0, 0.40689465
13840.0, 0.4068704
13850.0, 0.4068462
13860.0, 0.40682203
13870.0, 0.40679792
13880.0, 0.40677387
13890.0, 0.40674984
13900.0, 0.40672585
13910.0, 0.40670195
13920.0, 0.40667805
13930.0, 0.4066542
13940.0, 0.40663043
13950.0, 0.40660664
13960.0, 0.40658295
13970.0, 0.4065593
13980.0, 0.40653569
13990.0, 0.40651208
14000.0, 0.40648857
14010.0, 0.40646508
14020.0, 0.40644166
14030.0, 0.40641826
14040.0, 0.4063949
14050.0, 0.4063716
14060.0, 0.40634835
14070.0, 0.4063251
14080.0, 0.40630195
14090.0, 0.40627882
14100.0, 0.40625572
14110.0, 0.40623268
14120.0, 0.40620968
14130.0, 0.40618673
14140.0, 0.4061638
14150.0, 0.40614095
14160.0, 0.40611812
14170.0, 0.40609533
14180.0, 0.4060726
14190.0, 0.40604988
14200.0, 0.40602726
14210.0, 0.40600464
14220.0, 0.40598205
14230.0, 0.40595955
14240.0, 0.40593705
14250.0, 0.4059146
14260.0, 0.40589222
14270.0, 0.40586984
14280.0, 0.40584755
14290.0, 0.40582526
14300.0, 0.40580302
14310.0, 0.40578085
14320.0, 0.40575868
14330.0, 0.4057366
14340.0, 0.40571454
14350.0, 0.40569252
14360.0, 0.40567052
14370.0, 0.4056486
14380.0, 0.40562668
14390.0, 0.40560484
14400.0, 0.40558305
14410.0, 0.40556127
14420.0, 0.40553954
14430.0, 0.40551785
14440.0, 0.4054962
14450.0, 0.4054746
14460.0, 0.40545303
14470.0, 0.4054315
14480.0, 0.40541002
14490.0, 0.40538856
14500.0, 0.40536717
14510.0, 0.4053458
14520.0, 0.4053245
14530.0, 0.4053032
14540.0, 0.40528196
14550.0, 0.40526077
14560.0, 0.4052396
14570.0, 0.40521848
14580.0, 0.4051974
14590.0, 0.40517637
14600.0, 0.40515536
14610.0, 0.4051344
14620.0, 0.4051135
14630.0, 0.4050926
14640.0, 0.40507177
14650.0, 0.40505096
14660.0, 0.40503022
14670.0, 0.40500948
14680.0, 0.4049888
14690.0, 0.40496817
14700.0, 0.40494755
14710.0, 0.404927
14720.0, 0.40490645
14730.0, 0.40488598
14740.0, 0.40486553
14750.0, 0.40484512
14760.0, 0.40482476
14770.0, 0.4048044
14780.0, 0.4047841
14790.0, 0.40476388
14800.0, 0.40474364
14810.0, 0.40472347
14820.0, 0.40470335
14830.0, 0.40468323
14840.0, 0.40466318
14850.0, 0.40464315
14860.0, 0.40462315
14870.0, 0.4046032
14880.0, 0.4045833
14890.0, 0.40456343
14900.0, 0.40454358
14910.0, 0.4045238
14920.0, 0.40450403
14930.0, 0.4044843
14940.0, 0.40446463
14950.0, 0.404445
14960.0, 0.40442538
14970.0, 0.4044058
14980.0, 0.40438628
14990.0, 0.4043668
15000.0, 0.4043473
15010.0, 0.4043279
15020.0, 0.40430853
15030.0, 0.40428916
15040.0, 0.40426984
15050.0, 0.40425056
15060.0, 0.40423134
15070.0, 0.40421212
15080.0, 0.40419298
15090.0, 0.40417385
15100.0, 0.40415475
15110.0, 0.4041357
15120.0, 0.4041167
15130.0, 0.40409768
15140.0, 0.40407875
15150.0, 0.40405983
15160.0, 0.40404096
15170.0, 0.40402213
15180.0, 0.40400332
15190.0, 0.40398455
15200.0, 0.40396583
15210.0, 0.40394711
15220.0, 0.40392846
15230.0, 0.40390983
15240.0, 0.40389127
15250.0, 0.4038727
15260.0, 0.4038542
15270.0, 0.4038357
15280.0, 0.40381727
15290.0, 0.40379885
15300.0, 0.40378046
15310.0, 0.40376213
15320.0, 0.4037438
15330.0, 0.40372553
15340.0, 0.40370733
15350.0, 0.40368912
15360.0, 0.40367094
15370.0, 0.40365282
15380.0, 0.40363473
15390.0, 0.40361664
15400.0, 0.40359864
15410.0, 0.40358064
15420.0, 0.40356266
15430.0, 0.40354475
15440.0, 0.40352684
15450.0, 0.403509
15460.0, 0.40349117
15470.0, 0.40347338
15480.0, 0.40345564
15490.0, 0.4034379
15500.0, 0.40342024
15510.0, 0.4034026
15520.0, 0.40338495
15530.0, 0.40336737
15540.0, 0.40334982
15550.0, 0.4033323
15560.0, 0.40331483
15570.0, 0.40329736
15580.0, 0.40327996
15590.0, 0.4032626
15600.0, 0.4032452
15610.0, 0.4032279
15620.0, 0.4032106
15630.0, 0.40319338
15640.0, 0.40317616
15650.0, 0.40315896
15660.0, 0.40314183
15670.0, 0.4031247
15680.0, 0.4031076
15690.0, 0.40309057
15700.0, 0.40307352
15710.0, 0.40305656
15720.0, 0.40303957
15730.0, 0.40302268
15740.0, 0.40300578
15750.0, 0.4029889
15760.0, 0.4029721
15770.0, 0.4029553
15780.0, 0.40293854
15790.0, 0.4029218
15800.0, 0.4029051
15810.0, 0.40288845
15820.0, 0.40287182
15830.0, 0.40285522
15840.0, 0.40283865
15850.0, 0.4028221
15860.0, 0.4028056
15870.0, 0.40278915
15880.0, 0.4027727
15890.0, 0.40275627
15900.0, 0.4027399
15910.0, 0.40272355
15920.0, 0.40270725
15930.0, 0.40269095
15940.0, 0.40267467
15950.0, 0.40265846
15960.0, 0.40264228
15970.0, 0.40262613
15980.0, 0.40260997
15990.0, 0.40259388
16000.0, 0.40257782
16010.0, 0.40256178
16020.0, 0.40254578
16030.0, 0.4025298
16040.0, 0.40251386
16050.0, 0.40249795
16060.0, 0.40248206
16070.0, 0.4024662
16080.0, 0.40245038
16090.0, 0.4024346
16100.0, 0.40241882
16110.0, 0.40240312
16120.0, 0.4023874
16130.0, 0.40237173
16140.0, 0.4023561
16150.0, 0.40234047
16160.0, 0.4023249
16170.0, 0.40230936
16180.0, 0.40229383
16190.0, 0.40227833
16200.0, 0.40226287
16210.0, 0.40224746
16220.0, 0.40223205
16230.0, 0.40221667
16240.0, 0.40220132
16250.0, 0.402186
16260.0, 0.40217075
16270.0, 0.4021555
16280.0, 0.40214026
16290.0, 0.40212506
16300.0, 0.4021099
16310.0, 0.40209475
16320.0, 0.40207964
16330.0, 0.4020646
16340.0, 0.4020495
16350.0, 0.4020345
16360.0, 0.40201953
16370.0, 0.40200457
16380.0, 0.40198964
16390.0, 0.4019747
16400.0, 0.40195984
16410.0, 0.401945
16420.0, 0.40193018
16430.0, 0.40191537
16440.0, 0.40190062
16450.0, 0.4018859
16460.0, 0.40187117
16470.0, 0.4018565
16480.0, 0.40184185
16490.0, 0.40182725
16500.0, 0.40181264
16510.0, 0.40179807
16520.0, 0.40178356
16530.0, 0.40176904
16540.0, 0.40175456
16550.0, 0.4017401
16560.0, 0.40172568
16570.0, 0.4017113
16580.0, 0.40169692
16590.0, 0.4016826
16600.0, 0.40166828
16610.0, 0.40165398
16620.0, 0.40163973
16630.0, 0.40162548
16640.0, 0.4016113
16650.0, 0.4015971
16660.0, 0.401583
16670.0, 0.40156886
16680.0, 0.40155476
16690.0, 0.4015407
16700.0, 0.40152663
16710.0, 0.40151262
16720.0, 0.40149865
16730.0, 0.4014847
16740.0, 0.40147075
16750.0, 0.40145686
16760.0, 0.40144297
16770.0, 0.40142915
16780.0, 0.40141532
16790.0, 0.40140152
16800.0, 0.40138775
16810.0, 0.401374
16820.0, 0.40136027
16830.0, 0.4013466
16840.0, 0.4013329
16850.0, 0.4013193
16860.0, 0.40130568
16870.0, 0.4012921
16880.0, 0.40127853
16890.0, 0.401265
16900.0, 0.4012515
16910.0, 0.40123802
16920.0, 0.40122455
16930.0, 0.40121114
16940.0, 0.40119773
16950.0, 0.40118435
16960.0, 0.401171
16970.0, 0.40115768
16980.0, 0.4011444
16990.0, 0.40113112
17000.0, 0.40111786
17010.0, 0.40110463
17020.0, 0.40109146
17030.0, 0.40107825
17040.0, 0.40106514
17050.0, 0.401052
17060.0, 0.40103891
17070.0, 0.40102586
17080.0, 0.4010128
17090.0, 0.40099978
17100.0, 0.4009868
17110.0, 0.40097383
17120.0, 0.4009609
17130.0, 0.40094796
17140.0, 0.40093508
17150.0, 0.4009222
17160.0, 0.40090936
17170.0, 0.40089652
17180.0, 0.40088373
17190.0, 0.40087098
17200.0, 0.40085822
17210.0, 0.40084553
17220.0, 0.4008328
17230.0, 0.40082014
17240.0, 0.4008075
17250.0, 0.4007949
17260.0, 0.4007823
17270.0, 0.4007697
17280.0, 0.40075716
17290.0, 0.40074465
17300.0, 0.40073216
17310.0, 0.40071967
17320.0, 0.40070722
17330.0, 0.4006948
17340.0, 0.4006824
17350.0, 0.40067002
17360.0, 0.40065765
17370.0, 0.40064532
17380.0, 0.40063304
17390.0, 0.40062073
17400.0, 0.40060848
17410.0, 0.40059623
17420.0, 0.40058404
17430.0, 0.40057185
17440.0, 0.4005597
17450.0, 0.40054753
17460.0, 0.40053543
17470.0, 0.40052333
17480.0, 0.40051126
17490.0, 0.40049922
17500.0, 0.40048718
17510.0, 0.4004752
17520.0, 0.40046322
17530.0, 0.40045127
17540.0, 0.40043932
17550.0, 0.40042743
17560.0, 0.40041554
17570.0, 0.40040368
17580.0, 0.40039185
17590.0, 0.40038005
17600.0, 0.40036824
17610.0, 0.40035647
17620.0, 0.40034473
17630.0, 0.40033302
17640.0, 0.4003213
17650.0, 0.40030962
17660.0, 0.40029797
17670.0, 0.40028632
17680.0, 0.40027472
17690.0, 0.40026313
17700.0, 0.40025157
17710.0, 0.40024003
17720.0, 0.4002285
17730.0, 0.400217
17740.0, 0.40020555
17750.0, 0.40019408
17760.0, 0.40018266
17770.0, 0.40017125
17780.0, 0.40015987
17790.0, 0.40014848
17800.0, 0.40013716
17810.0, 0.40012583
17820.0, 0.40011454
17830.0, 0.40010327
17840.0, 0.400092
17850.0, 0.40008077
17860.0, 0.40006956
17870.0, 0.40005836
17880.0, 0.4000472
17890.0, 0.40003607
17900.0, 0.40002495
17910.0, 0.40001383
17920.0, 0.40000275
17930.0, 0.3999917
17940.0, 0.39998066
17950.0, 0.39996964
17960.0, 0.39995864
17970.0, 0.39994767
17980.0, 0.39993674
17990.0, 0.3999258
18000.0, 0.3999149
18010.0, 0.399904
18020.0, 0.39989313
18030.0, 0.3998823
18040.0, 0.39987147
18050.0, 0.39986065
18060.0, 0.3998499
18070.0, 0.39983913
18080.0, 0.39982837
18090.0, 0.39981765
18100.0, 0.39980698
18110.0, 0.39979628
18120.0, 0.39978564
18130.0, 0.399775
18140.0, 0.39976436
18150.0, 0.39975378
18160.0, 0.3997432
18170.0, 0.39973265
18180.0, 0.39972213
18190.0, 0.3997116
18200.0, 0.39970112
18210.0, 0.39969066
18220.0, 0.3996802
18230.0, 0.39966977
18240.0, 0.39965937
18250.0, 0.39964896
18260.0, 0.3996386
18270.0, 0.39962825
18280.0, 0.3996179
18290.0, 0.3996076
18300.0, 0.39959732
18310.0, 0.39958704
18320.0, 0.3995768
18330.0, 0.39956656
18340.0, 0.39955634
18350.0, 0.39954618
18360.0, 0.399536
18370.0, 0.39952585
18380.0, 0.39951572
18390.0, 0.39950562
18400.0, 0.3994955
18410.0, 0.39948544
18420.0, 0.3994754
18430.0, 0.39946535
18440.0, 0.39945534
18450.0, 0.39944535
18460.0, 0.39943537
18470.0, 0.39942542
18480.0, 0.3994155
18490.0, 0.39940557
18500.0, 0.39939567
18510.0, 0.3993858
18520.0, 0.39937595
18530.0, 0.3993661
18540.0, 0.3993563
18550.0, 0.3993465
18560.0, 0.39933673
18570.0, 0.39932695
18580.0, 0.3993172
18590.0, 0.3993075
18600.0, 0.39929777
18610.0, 0.3992881
18620.0, 0.39927843
18630.0, 0.3992688
18640.0, 0.39925918
18650.0, 0.39924955
18660.0, 0.39923996
18670.0, 0.3992304
18680.0, 0.39922085
18690.0, 0.3992113
18700.0, 0.39920178
18710.0, 0.39919227
18720.0, 0.3991828
18730.0, 0.39917335
18740.0, 0.3991639
18750.0, 0.39915448
18760.0, 0.39914507
18770.0, 0.39913568
18780.0, 0.39912632
18790.0, 0.39911696
18800.0, 0.39910764
18810.0, 0.3990983
18820.0, 0.399089
18830.0, 0.39907974
18840.0, 0.3990705
18850.0, 0.39906123
18860.0, 0.39905202
18870.0, 0.39904281
18880.0, 0.39903364
18890.0, 0.39902446
18900.0, 0.3990153
18910.0, 0.39900616
18920.0, 0.39899707
18930.0, 0.39898795
18940.0, 0.3989789
18950.0, 0.39896983
18960.0, 0.39896077
18970.0, 0.39895174
18980.0, 0.39894274
18990.0, 0.39893374
19000.0, 0.39892477
19010.0, 0.39891583
19020.0, 0.39890686
19030.0, 0.39889795
19040.0, 0.39888903
19050.0, 0.39888015
19060.0, 0.39887127
19070.0, 0.39886245
19080.0, 0.3988536
19090.0, 0.3988448
19100.0, 0.398836
19110.0, 0.3988272
19120.0, 0.39881843
19130.0, 0.3988097
19140.0, 0.39880094
19150.0, 0.39879224
19160.0, 0.39878353
19170.0, 0.39877486
19180.0, 0.3987662
19190.0, 0.39875755
19200.0, 0.39874893
19210.0, 0.39874032
19220.0, 0.3987317
19230.0, 0.39872313
19240.0, 0.39871457
19250.0, 0.39870602
19260.0, 0.3986975
19270.0, 0.398689
19280.0, 0.3986805
19290.0, 0.398672
19300.0, 0.39866355
19310.0, 0.39865512
19320.0, 0.39864668
19330.0, 0.39863828
19340.0, 0.39862987
19350.0, 0.3986215
19360.0, 0.39861313
19370.0, 0.39860478
19380.0, 0.39859644
19390.0, 0.39858812
19400.0, 0.39857984
19410.0, 0.39857155
19420.0, 0.3985633
19430.0, 0.39855504
19440.0, 0.39854681
19450.0, 0.3985386
19460.0, 0.3985304
19470.0, 0.3985222
19480.0, 0.39851403
19490.0, 0.3985059
19500.0, 0.39849776
19510.0, 0.39848962
19520.0, 0.39848152
19530.0, 0.39847344
19540.0, 0.39846537
19550.0, 0.39845732
19560.0, 0.39844924
19570.0, 0.39844123
19580.0, 0.39843324
19590.0, 0.39842522
19600.0, 0.39841723
19610.0, 0.39840928
19620.0, 0.39840135
19630.0, 0.3983934
19640.0, 0.3983855
19650.0, 0.39837757
19660.0, 0.3983697
19670.0, 0.39836183
19680.0, 0.39835396
19690.0, 0.39834616
19700.0, 0.39833832
19710.0, 0.3983305
19720.0, 0.3983227
19730.0, 0.39831495
19740.0, 0.39830717
19750.0, 0.39829943
19760.0, 0.39829168
19770.0, 0.39828396
19780.0, 0.39827627
19790.0, 0.39826858
19800.0, 0.39826092
19810.0, 0.39825326
19820.0, 0.3982456
19830.0, 0.398238
19840.0, 0.39823037
19850.0, 0.39822277
19860.0, 0.3982152
19870.0, 0.39820763
19880.0, 0.39820006
19890.0, 0.39819252
19900.0, 0.398185
19910.0, 0.3981775
19920.0, 0.39817002
19930.0, 0.39816254
19940.0, 0.3981551
19950.0, 0.3981476
19960.0, 0.3981402
19970.0, 0.39813277
19980.0, 0.39812535
19990.0, 0.39811796
20000.0, 0.3981106
20010.0, 0.39810324
20020.0, 0.3980959
20030.0, 0.39808854
20040.0, 0.39808124
20050.0, 0.39807394
20060.0, 0.39806664
20070.0, 0.39805937
20080.0, 0.3980521
20090.0, 0.39804485
20100.0, 0.3980376
20110.0, 0.3980304
20120.0, 0.3980232
20130.0, 0.398016
20140.0, 0.39800882
20150.0, 0.39800167
20160.0, 0.39799452
20170.0, 0.3979874
20180.0, 0.39798027
20190.0, 0.39797318
20200.0, 0.3979661
20210.0, 0.397959
20220.0, 0.39795193
20230.0, 0.39794487
20240.0, 0.39793783
20250.0, 0.39793083
20260.0, 0.3979238
20270.0, 0.39791682
20280.0, 0.39790985
20290.0, 0.39790285
20300.0, 0.3978959
20310.0, 0.39788896
20320.0, 0.39788204
20330.0, 0.39787513
20340.0, 0.39786822
20350.0, 0.39786133
20360.0, 0.39785448
20370.0, 0.39784762
20380.0, 0.39784077
20390.0, 0.39783394
20400.0, 0.39782712
20410.0, 0.39782032
20420.0, 0.39781353
20430.0, 0.39780673
20440.0, 0.3978
20450.0, 0.39779323
20460.0, 0.3977865
20470.0, 0.39777976
20480.0, 0.39777306
20490.0, 0.39776635
20500.0, 0.39775968
20510.0, 0.397753
20520.0, 0.39774632
20530.0, 0.39773968
20540.0, 0.39773306
20550.0, 0.39772645
20560.0, 0.39771983
20570.0, 0.39771324
20580.0, 0.39770666
20590.0, 0.39770007
20600.0, 0.39769354
20610.0, 0.397687
20620.0, 0.39768046
20630.0, 0.39767393
20640.0, 0.39766744
20650.0, 0.39766094
20660.0, 0.39765447
20670.0, 0.397648
20680.0, 0.39764154
20690.0, 0.3976351
20700.0, 0.39762866
20710.0, 0.39762226
20720.0, 0.39761585
20730.0, 0.39760947
20740.0, 0.3976031
20750.0, 0.39759672
20760.0, 0.39759037
20770.0, 0.39758402
20780.0, 0.3975777
20790.0, 0.39757138
20800.0, 0.3975651
20810.0, 0.3975588
20820.0, 0.39755252
20830.0, 0.39754626
20840.0, 0.39754
20850.0, 0.39753374
20860.0, 0.39752755
20870.0, 0.39752132
20880.0, 0.39751512
20890.0, 0.39750892
20900.0, 0.39750275
20910.0, 0.39749658
20920.0, 0.3974904
20930.0, 0.39748427
20940.0, 0.39747816
20950.0, 0.39747202
20960.0, 0.3974659
20970.0, 0.39745983
20980.0, 0.39745373
20990.0, 0.39744768
21000.0, 0.39744163
21010.0, 0.39743558
21020.0, 0.39742953
21030.0, 0.3974235
21040.0, 0.3974175
21050.0, 0.3974115
21060.0, 0.3974055
21070.0, 0.39739954
21080.0, 0.39739355
21090.0, 0.39738762
21100.0, 0.39738166
21110.0, 0.39737573
21120.0, 0.39736983
21130.0, 0.39736393
21140.0, 0.39735803
21150.0, 0.39735213
21160.0, 0.3973463
21170.0, 0.39734042
21180.0, 0.39733458
21190.0, 0.39732873
21200.0, 0.39732292
21210.0, 0.3973171
21220.0, 0.3973113
21230.0, 0.3973055
21240.0, 0.39729974
21250.0, 0.39729396
21260.0, 0.3972882
21270.0, 0.39728245
21280.0, 0.39727673
21290.0, 0.397271
21300.0, 0.3972653
21310.0, 0.3972596
21320.0, 0.3972539
21330.0, 0.39724824
21340.0, 0.39724258
21350.0, 0.3972369
21360.0, 0.39723125
21370.0, 0.39722565
21380.0, 0.39722002
21390.0, 0.3972144
21400.0, 0.3972088
21410.0, 0.3972032
21420.0, 0.39719763
21430.0, 0.39719206
21440.0, 0.39718652
21450.0, 0.39718097
21460.0, 0.39717543
21470.0, 0.39716992
21480.0, 0.3971644
21490.0, 0.3971589
21500.0, 0.3971534
21510.0, 0.39714792
21520.0, 0.39714247
21530.0, 0.397137
21540.0, 0.39713156
21550.0, 0.39712614
21560.0, 0.39712068
21570.0, 0.3971153
21580.0, 0.39710987
21590.0, 0.39710447
21600.0, 0.3970991
21610.0, 0.39709374
21620.0, 0.39708838
21630.0, 0.397083
21640.0, 0.39707768
21650.0, 0.39707235
21660.0, 0.397067
21670.0, 0.3970617
21680.0, 0.39705643
21690.0, 0.39705113
21700.0, 0.39704585
21710.0, 0.39704058
21720.0, 0.39703533
21730.0, 0.3970301
21740.0, 0.39702484
21750.0, 0.39701962
21760.0, 0.3970144
21770.0, 0.3970092
21780.0, 0.397004
21790.0, 0.39699882
21800.0, 0.39699364
21810.0, 0.39698848
21820.0, 0.39698333
21830.0, 0.39697817
21840.0, 0.39697307
21850.0, 0.39696795
21860.0, 0.39696282
21870.0, 0.39695773
21880.0, 0.39695263
21890.0, 0.39694753
21900.0, 0.39694247
21910.0, 0.3969374
21920.0, 0.39693233
21930.0, 0.3969273
21940.0, 0.3969223
21950.0, 0.39691725
21960.0, 0.39691225
21970.0, 0.39690724
21980.0, 0.39690223
21990.0, 0.39689726
22000.0, 0.39689228
22010.0, 0.3968873
22020.0, 0.39688236
22030.0, 0.3968774
22040.0, 0.3968725
22050.0, 0.39686757
22060.0, 0.39686266
22070.0, 0.39685774
22080.0, 0.39685285
22090.0, 0.39684796
22100.0, 0.39684308
22110.0, 0.39683822
22120.0, 0.39683336
22130.0, 0.3968285
22140.0, 0.39682367
22150.0, 0.39681885
22160.0, 0.39681402
22170.0, 0.39680922
22180.0, 0.3968044
22190.0, 0.39679962
22200.0, 0.39679486
22210.0, 0.3967901
22220.0, 0.39678532
22230.0, 0.39678055
22240.0, 0.3967758
22250.0, 0.39677107
22260.0, 0.39676633
22270.0, 0.39676163
22280.0, 0.39675692
22290.0, 0.39675224
22300.0, 0.39674756
22310.0, 0.39674288
22320.0, 0.3967382
22330.0, 0.39673355
22340.0, 0.39672887
22350.0, 0.39672425
22360.0, 0.3967196
22370.0, 0.396715
22380.0, 0.3967104
22390.0, 0.39670578
22400.0, 0.3967012
22410.0, 0.3966966
22420.0, 0.396692
22430.0, 0.39668745
22440.0, 0.3966829
22450.0, 0.39667833
22460.0, 0.3966738
22470.0, 0.39666927
22480.0, 0.39666474
22490.0, 0.3966602
22500.0, 0.3966557
22510.0, 0.3966512
22520.0, 0.39664674
22530.0, 0.39664227
22540.0, 0.3966378
22550.0, 0.39663333
22560.0, 0.39662886
22570.0, 0.39662442
22580.0, 0.39661998
22590.0, 0.39661556
22600.0, 0.39661115
22610.0, 0.39660674
22620.0, 0.39660233
22630.0, 0.39659795
22640.0, 0.39659357
22650.0, 0.3965892
22660.0, 0.3965848
22670.0, 0.3965805
22680.0, 0.39657614
22690.0, 0.3965718
22700.0, 0.39656746
22710.0, 0.3965631
22720.0, 0.39655882
22730.0, 0.39655453
22740.0, 0.3965502
22750.0, 0.39654592
22760.0, 0.39654166
22770.0, 0.39653736
22780.0, 0.3965331
22790.0, 0.39652887
22800.0, 0.3965246
22810.0, 0.39652038
22820.0, 0.39651614
22830.0, 0.3965119
22840.0, 0.3965077
22850.0, 0.3965035
22860.0, 0.3964993
22870.0, 0.39649513
22880.0, 0.39649093
22890.0, 0.39648676
22900.0, 0.39648262
22910.0, 0.39647844
22920.0, 0.3964743
22930.0, 0.39647016
22940.0, 0.39646605
22950.0, 0.39646193
22960.0, 0.39645782
22970.0, 0.3964537
22980.0, 0.3964496
22990.0, 0.3964455
23000.0, 0.39644143
23010.0, 0.39643735
23020.0, 0.3964333
23030.0, 0.39642924
23040.0, 0.3964252
23050.0, 0.39642116
23060.0, 0.3964171
23070.0, 0.3964131
23080.0, 0.39640906
23090.0, 0.39640507
23100.0, 0.39640108
23110.0, 0.39639705
23120.0, 0.3963931
23130.0, 0.3963891
23140.0, 0.39638513
23150.0, 0.39638117
23160.0, 0.3963772
23170.0, 0.39637327
23180.0, 0.39636934
23190.0, 0.3963654
23200.0, 0.39636147
23210.0, 0.39635757
23220.0, 0.39635366
23230.0, 0.39634976
23240.0, 0.39634588
23250.0, 0.39634198
23260.0, 0.3963381
23270.0, 0.39633423
23280.0, 0.3963304
23290.0, 0.39632654
23300.0, 0.39632267
23310.0, 0.39631885
23320.0, 0.396315
23330.0, 0.3963112
23340.0, 0.39630738
23350.0, 0.39630356
23360.0, 0.39629978
23370.0, 0.39629596
23380.0, 0.3962922
23390.0, 0.39628842
23400.0, 0.39628464
23410.0, 0.39628088
23420.0, 0.39627713
23430.0, 0.39627337
23440.0, 0.39626965
23450.0, 0.3962659
23460.0, 0.39626217
23470.0, 0.39625847
23480.0, 0.39625475
23490.0, 0.39625105
23500.0, 0.39624736
23510.0, 0.39624366
23520.0, 0.39623997
23530.0, 0.3962363
23540.0, 0.39623263
23550.0, 0.39622897
23560.0, 0.39622533
23570.0, 0.39622167
23580.0, 0.39621803
23590.0, 0.39621443
23600.0, 0.3962108
23610.0, 0.39620715
23620.0, 0.39620355
23630.0, 0.39619994
23640.0, 0.39619637
23650.0, 0.39619276
23660.0, 0.39618918
23670.0, 0.39618564
23680.0, 0.39618206
23690.0, 0.39617848
23700.0, 0.39617494
23710.0, 0.3961714
23720.0, 0.39616784
23730.0, 0.39616433
23740.0, 0.3961608
23750.0, 0.3961573
23760.0, 0.39615378
23770.0, 0.39615026
23780.0, 0.39614677
23790.0, 0.3961433
23800.0, 0.3961398
23810.0, 0.3961363
23820.0, 0.39613286
23830.0, 0.39612937
23840.0, 0.39612594
23850.0, 0.3961225
23860.0, 0.39611906
23870.0, 0.3961156
23880.0, 0.39611217
23890.0, 0.39610875
23900.0, 0.39610535
23910.0, 0.39610195
23920.0, 0.39609855
23930.0, 0.39609516
23940.0, 0.39609176
23950.0, 0.39608836
23960.0, 0.39608502
23970.0, 0.39608163
23980.0, 0.3960783
23990.0, 0.39607492
24000.0, 0.39607158
24010.0, 0.39606825
24020.0, 0.3960649
24030.0, 0.39606157
24040.0, 0.39605826
24050.0, 0.39605492
24060.0, 0.39605165
24070.0, 0.39604834
24080.0, 0.39604503
24090.0, 0.39604175
24100.0, 0.39603847
24110.0, 0.3960352
24120.0, 0.39603192
24130.0, 0.39602864
24140.0, 0.3960254
24150.0, 0.39602214
24160.0, 0.39601892
24170.0, 0.39601567
24180.0, 0.39601246
24190.0, 0.39600924
24200.0, 0.396006
24210.0, 0.3960028
24220.0, 0.39599958
24230.0, 0.3959964
24240.0, 0.3959932
24250.0, 0.39599
24260.0, 0.39598683
24270.0, 0.39598367
24280.0, 0.3959805
24290.0, 0.39597732
24300.0, 0.3959742
24310.0, 0.39597103
24320.0, 0.39596787
24330.0, 0.39596474
24340.0, 0.39596164
24350.0, 0.3959585
24360.0, 0.39595538
24370.0, 0.39595228
24380.0, 0.39594918
24390.0, 0.3959461
24400.0, 0.395943
24410.0, 0.3959399
24420.0, 0.39593682
24430.0, 0.39593375
24440.0, 0.39593068
24450.0, 0.3959276
24460.0, 0.39592457
24470.0, 0.3959215
24480.0, 0.39591846
24490.0, 0.39591542
24500.0, 0.3959124
24510.0, 0.39590937
24520.0, 0.39590636
24530.0, 0.39590335
24540.0, 0.39590034
24550.0, 0.39589733
24560.0, 0.39589435
24570.0, 0.39589134
24580.0, 0.39588836
24590.0, 0.39588538
24600.0, 0.39588243
24610.0, 0.39587945
24620.0, 0.3958765
24630.0, 0.39587355
24640.0, 0.3958706
24650.0, 0.39586765
24660.0, 0.3958647
24670.0, 0.39586177
24680.0, 0.39585885
24690.0, 0.39585593
24700.0, 0.395853
24710.0, 0.39585012
24720.0, 0.39584723
24730.0, 0.3958443
24740.0, 0.39584142
24750.0, 0.39583853
24760.0, 0.39583567
24770.0, 0.39583278
24780.0, 0.39582992
24790.0, 0.39582705
24800.0, 0.3958242
24810.0, 0.39582136
24820.0, 0.3958185
24830.0, 0.39581567
24840.0, 0.39581284
24850.0, 0.39581
24860.0, 0.3958072
24870.0, 0.39580438
24880.0, 0.39580154
24890.0, 0.39579874
24900.0, 0.39579597
24910.0, 0.39579317
24920.0, 0.39579037
24930.0, 0.3957876
24940.0, 0.3957848
24950.0, 0.39578205
24960.0, 0.39577928
24970.0, 0.3957765
24980.0, 0.39577377
24990.0, 0.395771
25000.0, 0.39576825
25010.0, 0.3957655
25020.0, 0.3957628
25030.0, 0.39576006
25040.0, 0.39575735
25050.0, 0.39575464
25060.0, 0.39575192
25070.0, 0.39574918
25080.0, 0.3957465
25090.0, 0.3957438
25100.0, 0.3957411
25110.0, 0.39573842
25120.0, 0.39573574
25130.0, 0.3957331
25140.0, 0.3957304
25150.0, 0.39572775
25160.0, 0.3957251
25170.0, 0.39572245
25180.0, 0.39571977
25190.0, 0.39571714
25200.0, 0.3957145
25210.0, 0.39571187
25220.0, 0.39570925
25230.0, 0.39570662
25240.0, 0.395704
25250.0, 0.39570138
25260.0, 0.3956988
25270.0, 0.3956962
25280.0, 0.3956936
25290.0, 0.395691
25300.0, 0.3956884
25310.0, 0.39568582
25320.0, 0.39568326
25330.0, 0.3956807
25340.0, 0.39567813
25350.0, 0.39567557
25360.0, 0.395673
25370.0, 0.39567044
25380.0, 0.3956679
25390.0, 0.39566538
25400.0, 0.39566284
25410.0, 0.3956603
25420.0, 0.39565778
25430.0, 0.39565524
25440.0, 0.39565274
25450.0, 0.39565024
25460.0, 0.39564773
25470.0, 0.39564523
25480.0, 0.39564273
25490.0, 0.39564025
25500.0, 0.39563775
25510.0, 0.39563528
25520.0, 0.3956328
25530.0, 0.39563033
25540.0, 0.3956279
25550.0, 0.3956254
25560.0, 0.39562297
25570.0, 0.3956205
25580.0, 0.39561805
25590.0, 0.3956156
25600.0, 0.39561316
25610.0, 0.39561075
25620.0, 0.3956083
25630.0, 0.3956059
25640.0, 0.39560348
25650.0, 0.39560106
25660.0, 0.39559868
25670.0, 0.39559627
25680.0, 0.39559385
25690.0, 0.39559147
25700.0, 0.39558908
25710.0, 0.3955867
25720.0, 0.39558432
25730.0, 0.39558196
25740.0, 0.39557958
25750.0, 0.39557722
25760.0, 0.39557484
25770.0, 0.39557248
25780.0, 0.39557013
25790.0, 0.3955678
25800.0, 0.39556545
25810.0, 0.39556313
25820.0, 0.3955608
25830.0, 0.39555845
25840.0, 0.39555612
25850.0, 0.39555383
25860.0, 0.3955515
25870.0, 0.3955492
25880.0, 0.39554688
25890.0, 0.3955446
25900.0, 0.3955423
25910.0, 0.39554
25920.0, 0.39553773
25930.0, 0.39553544
25940.0, 0.39553317
25950.0, 0.3955309
25960.0, 0.3955286
25970.0, 0.39552635
25980.0, 0.39552408
25990.0, 0.39552185
26000.0, 0.3955196
26010.0, 0.39551735
26020.0, 0.3955151
26030.0, 0.39551288
26040.0, 0.39551064
26050.0, 0.3955084
26060.0, 0.39550617
26070.0, 0.39550397
26080.0, 0.39550176
26090.0, 0.39549956
26100.0, 0.39549735
26110.0, 0.39549515
26120.0, 0.39549294
26130.0, 0.39549077
26140.0, 0.39548856
26150.0, 0.39548638
26160.0, 0.3954842
26170.0, 0.39548203
26180.0, 0.39547986
26190.0, 0.39547768
26200.0, 0.39547554
26210.0, 0.39547336
26220.0, 0.39547122
26230.0, 0.39546907
26240.0, 0.39546692
26250.0, 0.39546478
26260.0, 0.39546266
26270.0, 0.39546052
26280.0, 0.39545837
26290.0, 0.39545625
26300.0, 0.39545414
26310.0, 0.39545202
26320.0, 0.3954499
26330.0, 0.39544782
26340.0, 0.3954457
26350.0, 0.39544362
26360.0, 0.3954415
26370.0, 0.39543942
26380.0, 0.39543733
26390.0, 0.39543527
26400.0, 0.3954332
26410.0, 0.3954311
26420.0, 0.39542904
26430.0, 0.39542696
26440.0, 0.3954249
26450.0, 0.39542285
26460.0, 0.3954208
26470.0, 0.39541876
26480.0, 0.3954167
26490.0, 0.39541468
26500.0, 0.39541262
26510.0, 0.3954106
26520.0, 0.39540857
26530.0, 0.39540654
26540.0, 0.39540452
26550.0, 0.3954025
26560.0, 0.3954005
26570.0, 0.39539847
26580.0, 0.39539647
26590.0, 0.39539447
26600.0, 0.39539248
26610.0, 0.39539048
26620.0, 0.3953885
26630.0, 0.39538652
26640.0, 0.39538455
26650.0, 0.39538255
26660.0, 0.3953806
26670.0, 0.39537862
26680.0, 0.39537665
26690.0, 0.3953747
26700.0, 0.39537275
26710.0, 0.39537078
26720.0, 0.39536884
26730.0, 0.39536688
26740.0, 0.39536494
26750.0, 0.395363
26760.0, 0.39536107
26770.0, 0.39535913
26780.0, 0.39535722
26790.0, 0.39535528
26800.0, 0.39535338
26810.0, 0.39535147
26820.0, 0.39534953
26830.0, 0.39534765
26840.0, 0.39534572
26850.0, 0.39534384
26860.0, 0.39534193
26870.0, 0.39534006
26880.0, 0.39533818
26890.0, 0.39533627
26900.0, 0.3953344
26910.0, 0.39533252
26920.0, 0.39533064
26930.0, 0.3953288
26940.0, 0.3953269
26950.0, 0.39532503
26960.0, 0.3953232
26970.0, 0.39532134
26980.0, 0.3953195
26990.0, 0.3953176
27000.0, 0.3953158
27010.0, 0.39531395
27020.0, 0.3953121
27030.0, 0.39531028
27040.0, 0.39530843
27050.0, 0.39530662
27060.0, 0.3953048
27070.0, 0.39530298
27080.0, 0.39530116
27090.0, 0.39529938
27100.0, 0.39529756
27110.0, 0.39529574
27120.0, 0.39529395
27130.0, 0.39529213
27140.0, 0.39529034
27150.0, 0.39528856
27160.0, 0.39528677
27170.0, 0.395285
27180.0, 0.39528322
27190.0, 0.39528143
27200.0, 0.39527968
27210.0, 0.39527792
27220.0, 0.39527616
27230.0, 0.39527437
27240.0, 0.3952726
27250.0, 0.39527088
27260.0, 0.3952691
27270.0, 0.39526737
27280.0, 0.39526564
27290.0, 0.39526388
27300.0, 0.39526215
27310.0, 0.39526042
27320.0, 0.3952587
27330.0, 0.39525694
27340.0, 0.39525524
27350.0, 0.3952535
27360.0, 0.3952518
27370.0, 0.39525008
27380.0, 0.39524838
27390.0, 0.39524665
27400.0, 0.39524496
27410.0, 0.3952433
27420.0, 0.39524156
27430.0, 0.3952399
27440.0, 0.3952382
27450.0, 0.39523652
27460.0, 0.39523482
27470.0, 0.39523312
27480.0, 0.39523146
27490.0, 0.3952298
27500.0, 0.39522812
27510.0, 0.39522645
27520.0, 0.39522478
27530.0, 0.39522314
27540.0, 0.39522147
27550.0, 0.39521983
27560.0, 0.3952182
27570.0, 0.39521652
27580.0, 0.3952149
27590.0, 0.39521325
27600.0, 0.3952116
27610.0, 0.39521
27620.0, 0.39520836
27630.0, 0.39520672
27640.0, 0.3952051
27650.0, 0.39520347
27660.0, 0.39520186
27670.0, 0.39520025
27680.0, 0.39519864
27690.0, 0.39519703
27700.0, 0.39519542
27710.0, 0.39519382
27720.0, 0.39519224
27730.0, 0.39519063
27740.0, 0.39518905
27750.0, 0.39518747
27760.0, 0.3951859
27770.0, 0.3951843
27780.0, 0.39518273
27790.0, 0.39518112
27800.0, 0.39517957
27810.0, 0.395178
27820.0, 0.39517644
27830.0, 0.39517486
27840.0, 0.3951733
27850.0, 0.39517176
27860.0, 0.3951702
27870.0, 0.39516866
27880.0, 0.3951671
27890.0, 0.39516556
27900.0, 0.395164
27910.0, 0.3951625
27920.0, 0.39516094
27930.0, 0.3951594
27940.0, 0.39515787
27950.0, 0.39515635
27960.0, 0.39515483
27970.0, 0.3951533
27980.0, 0.3951518
27990.0, 0.39515027
28000.0, 0.39514875
28010.0, 0.39514726
28020.0, 0.39514574
28030.0, 0.39514425
28040.0, 0.39514276
28050.0, 0.39514127
28060.0, 0.39513975
28070.0, 0.39513826
28080.0, 0.3951368
28090.0, 0.3951353
28100.0, 0.39513382
28110.0, 0.39513233
28120.0, 0.39513087
28130.0, 0.3951294
28140.0, 0.39512792
28150.0, 0.39512646
28160.0, 0.395125
28170.0, 0.39512354
28180.0, 0.39512208
28190.0, 0.39512062
28200.0, 0.39511916
28210.0, 0.39511773
28220.0, 0.39511627
28230.0, 0.39511484
28240.0, 0.39511338
28250.0, 0.39511198
28260.0, 0.39511055
28270.0, 0.3951091
28280.0, 0.39510766
28290.0, 0.39510626
28300.0, 0.39510483
28310.0, 0.3951034
28320.0, 0.39510196
28330.0, 0.39510056
28340.0, 0.39509916
28350.0, 0.39509773
28360.0, 0.39509633
28370.0, 0.39509493
28380.0, 0.39509353
28390.0, 0.39509213
28400.0, 0.39509076
28410.0, 0.39508936
28420.0, 0.39508796
28430.0, 0.39508656
28440.0, 0.3950852
28450.0, 0.3950838
28460.0, 0.3950824
28470.0, 0.39508107
28480.0, 0.39507967
28490.0, 0.3950783
28500.0, 0.39507693
28510.0, 0.3950756
28520.0, 0.39507422
28530.0, 0.39507285
28540.0, 0.39507148
28550.0, 0.39507014
28560.0, 0.3950688
28570.0, 0.39506745
28580.0, 0.39506608
28590.0, 0.39506474
28600.0, 0.3950634
28610.0, 0.3950621
28620.0, 0.39506075
28630.0, 0.3950594
28640.0, 0.39505807
28650.0, 0.39505675
28660.0, 0.3950554
28670.0, 0.3950541
28680.0, 0.3950528
28690.0, 0.39505148
28700.0, 0.39505014
28710.0, 0.39504883
28720.0, 0.39504755
28730.0, 0.39504623
28740.0, 0.39504492
28750.0, 0.3950436
28760.0, 0.39504233
28770.0, 0.39504105
28780.0, 0.39503974
28790.0, 0.39503846
28800.0, 0.39503714
28810.0, 0.3950359
28820.0, 0.39503458
28830.0, 0.3950333
28840.0, 0.39503202
28850.0, 0.39503074
28860.0, 0.3950295
28870.0, 0.3950282
28880.0, 0.39502695
28890.0, 0.39502567
28900.0, 0.39502442
28910.0, 0.39502317
28920.0, 0.3950219
28930.0, 0.39502066
28940.0, 0.39501938
28950.0, 0.39501813
28960.0, 0.39501688
28970.0, 0.39501566
28980.0, 0.3950144
28990.0, 0.39501315
29000.0, 0.39501193
29010.0, 0.39501068
29020.0, 0.39500946
29030.0, 0.39500824
29040.0, 0.395007
29050.0, 0.39500576
29060.0, 0.39500454
29070.0, 0.39500335
29080.0, 0.39500213
29090.0, 0.3950009
29100.0, 0.39499968
29110.0, 0.39499846
29120.0, 0.39499727
29130.0, 0.39499605
29140.0, 0.39499485
29150.0, 0.39499366
29160.0, 0.39499244
29170.0, 0.39499125
29180.0, 0.39499006
29190.0, 0.39498886
29200.0, 0.39498767
29210.0, 0.39498648
29220.0, 0.39498532
29230.0, 0.39498413
29240.0, 0.39498293
29250.0, 0.39498177
29260.0, 0.3949806
29270.0, 0.39497942
29280.0, 0.39497826
29290.0, 0.3949771
29300.0, 0.3949759
29310.0, 0.39497477
29320.0, 0.3949736
29330.0, 0.3949724
29340.0, 0.39497128
29350.0, 0.39497012
29360.0, 0.394969
29370.0, 0.39496782
29380.0, 0.39496666
29390.0, 0.39496553
29400.0, 0.3949644
29410.0, 0.39496326
29420.0, 0.3949621
29430.0, 0.39496097
29440.0, 0.39495984
29450.0, 0.3949587
29460.0, 0.39495757
29470.0, 0.39495644
29480.0, 0.3949553
29490.0, 0.3949542
29500.0, 0.39495307
29510.0, 0.39495197
29520.0, 0.39495084
29530.0, 0.39494973
29540.0, 0.39494863
29550.0, 0.3949475
29560.0, 0.3949464
29570.0, 0.3949453
29580.0, 0.3949442
29590.0, 0.3949431
29600.0, 0.39494202
29610.0, 0.3949409
29620.0, 0.3949398
29630.0, 0.3949387
29640.0, 0.39493763
29650.0, 0.39493653
29660.0, 0.39493546
29670.0, 0.3949344
29680.0, 0.39493328
29690.0, 0.3949322
29700.0, 0.39493114
29710.0, 0.39493006
29720.0, 0.394929
29730.0, 0.39492792
29740.0, 0.39492685
29750.0, 0.3949258
29760.0, 0.39492473
29770.0, 0.39492366
29780.0, 0.39492258
29790.0, 0.39492154
29800.0, 0.3949205
29810.0, 0.39491943
29820.0, 0.39491838
29830.0, 0.39491734
29840.0, 0.3949163
29850.0, 0.39491525
29860.0, 0.39491418
29870.0, 0.39491317
29880.0, 0.39491212
29890.0, 0.39491108
29900.0, 0.39491007
29910.0, 0.39490902
29920.0, 0.39490798
29930.0, 0.39490697
29940.0, 0.39490592
29950.0, 0.3949049
29960.0, 0.3949039
29970.0, 0.39490286
29980.0, 0.39490184
29990.0, 0.39490083
30000.0, 0.39489982
