Energy (in eV), backscattering yield of material bk2k-NASCAP at incidence 70.0 degree
   X,       Y
0.0, 0.0
10.0, 0.0
20.0, 0.0
30.0, 0.0
40.0, 0.0
50.0, 0.0
60.0, 0.20245476
70.0, 0.24954724
80.0, 0.27964514
90.0, 0.3017404
100.0, 0.31910524
110.0, 0.33333498
120.0, 0.34533462
130.0, 0.35566857
140.0, 0.36471307
150.0, 0.37273127
160.0, 0.37991437
170.0, 0.38640568
180.0, 0.39231506
190.0, 0.39772877
200.0, 0.4027156
210.0, 0.40733114
220.0, 0.41162124
230.0, 0.41562375
240.0, 0.4193706
250.0, 0.42288864
260.0, 0.42620096
270.0, 0.4293273
280.0, 0.4322849
290.0, 0.43508863
300.0, 0.4377516
310.0, 0.44028533
320.0, 0.44270003
330.0, 0.44500476
340.0, 0.44720772
350.0, 0.44931605
360.0, 0.45133638
370.0, 0.4532746
380.0, 0.455136
390.0, 0.45692545
400.0, 0.45864743
410.0, 0.4603059
420.0, 0.4619046
430.0, 0.46344692
440.0, 0.4649359
450.0, 0.46637455
460.0, 0.46776542
470.0, 0.469111
480.0, 0.47041363
490.0, 0.4716753
500.0, 0.4728981
510.0, 0.47408378
520.0, 0.47523406
530.0, 0.4763506
540.0, 0.4774348
550.0, 0.47848815
560.0, 0.47951195
570.0, 0.48050734
580.0, 0.48147562
590.0, 0.48241782
600.0, 0.48333496
610.0, 0.48422804
620.0, 0.48509797
630.0, 0.4859456
640.0, 0.4867718
650.0, 0.48757732
660.0, 0.4883629
670.0, 0.48912928
680.0, 0.48987705
690.0, 0.4906069
700.0, 0.49131945
710.0, 0.4920152
720.0, 0.4926948
730.0, 0.49335864
740.0, 0.49400738
750.0, 0.49464136
760.0, 0.4952611
770.0, 0.495867
780.0, 0.49645954
790.0, 0.49703908
800.0, 0.49760595
810.0, 0.4981606
820.0, 0.49870333
830.0, 0.49923447
840.0, 0.49975437
850.0, 0.50026333
860.0, 0.5007617
870.0, 0.5012497
880.0, 0.5017276
890.0, 0.50219566
900.0, 0.5026542
910.0, 0.50310344
920.0, 0.5035436
930.0, 0.5039749
940.0, 0.5043976
950.0, 0.5048118
960.0, 0.5052179
970.0, 0.505616
980.0, 0.50600624
990.0, 0.50638884
1000.0, 0.506764
1010.0, 0.50655705
1020.0, 0.5063504
1030.0, 0.5061439
1040.0, 0.50593776
1050.0, 0.5057318
1060.0, 0.50552607
1070.0, 0.50532067
1080.0, 0.50511545
1090.0, 0.5049105
1100.0, 0.50470585
1110.0, 0.5045014
1120.0, 0.5042972
1130.0, 0.5040933
1140.0, 0.50388956
1150.0, 0.50368613
1160.0, 0.50348294
1170.0, 0.50328
1180.0, 0.50307727
1190.0, 0.50287485
1200.0, 0.5026726
1210.0, 0.5024707
1220.0, 0.50226897
1230.0, 0.5020675
1240.0, 0.5018663
1250.0, 0.50166535
1260.0, 0.5014646
1270.0, 0.50126415
1280.0, 0.50106394
1290.0, 0.50086397
1300.0, 0.50066423
1310.0, 0.50046474
1320.0, 0.5002655
1330.0, 0.5000665
1340.0, 0.49986774
1350.0, 0.49966922
1360.0, 0.499471
1370.0, 0.49927297
1380.0, 0.4990752
1390.0, 0.49887767
1400.0, 0.4986804
1410.0, 0.49848336
1420.0, 0.49828658
1430.0, 0.49809003
1440.0, 0.49789372
1450.0, 0.49769768
1460.0, 0.49750185
1470.0, 0.4973063
1480.0, 0.49711096
1490.0, 0.49691588
1500.0, 0.49672103
1510.0, 0.49652642
1520.0, 0.49633208
1530.0, 0.49613795
1540.0, 0.49594408
1550.0, 0.49575046
1560.0, 0.49555707
1570.0, 0.49536392
1580.0, 0.495171
1590.0, 0.49497834
1600.0, 0.49478593
1610.0, 0.49459374
1620.0, 0.49440178
1630.0, 0.4942101
1640.0, 0.49401864
1650.0, 0.4938274
1660.0, 0.49363643
1670.0, 0.4934457
1680.0, 0.4932552
1690.0, 0.4930649
1700.0, 0.4928749
1710.0, 0.4926851
1720.0, 0.49249557
1730.0, 0.49230623
1740.0, 0.4921172
1750.0, 0.49192834
1760.0, 0.49173975
1770.0, 0.4915514
1780.0, 0.4913633
1790.0, 0.4911754
1800.0, 0.49098778
1810.0, 0.49080035
1820.0, 0.4906132
1830.0, 0.49042627
1840.0, 0.49023956
1850.0, 0.49005312
1860.0, 0.48986688
1870.0, 0.4896809
1880.0, 0.48949516
1890.0, 0.48930964
1900.0, 0.48912436
1910.0, 0.48893932
1920.0, 0.4887545
1930.0, 0.48856995
1940.0, 0.48838562
1950.0, 0.4882015
1960.0, 0.48801765
1970.0, 0.487834
1980.0, 0.4876506
1990.0, 0.48746744
2000.0, 0.4872845
2010.0, 0.48710182
2020.0, 0.48691934
2030.0, 0.48673713
2040.0, 0.48655513
2050.0, 0.48637336
2060.0, 0.4861918
2070.0, 0.48601052
2080.0, 0.48582947
2090.0, 0.48564863
2100.0, 0.48546803
2110.0, 0.48528767
2120.0, 0.4851075
2130.0, 0.48492762
2140.0, 0.48474795
2150.0, 0.4845685
2160.0, 0.48438928
2170.0, 0.4842103
2180.0, 0.48403156
2190.0, 0.483853
2200.0, 0.48367473
2210.0, 0.48349667
2220.0, 0.48331884
2230.0, 0.48314124
2240.0, 0.48296386
2250.0, 0.48278672
2260.0, 0.4826098
2270.0, 0.4824331
2280.0, 0.48225668
2290.0, 0.48208043
2300.0, 0.48190445
2310.0, 0.48172867
2320.0, 0.48155314
2330.0, 0.4813778
2340.0, 0.48120272
2350.0, 0.48102787
2360.0, 0.48085323
2370.0, 0.48067883
2380.0, 0.48050466
2390.0, 0.4803307
2400.0, 0.480157
2410.0, 0.47998348
2420.0, 0.4798102
2430.0, 0.47963718
2440.0, 0.47946435
2450.0, 0.47929177
2460.0, 0.4791194
2470.0, 0.47894722
2480.0, 0.47877532
2490.0, 0.47860363
2500.0, 0.47843215
2510.0, 0.4782609
2520.0, 0.4780899
2530.0, 0.4779191
2540.0, 0.47774854
2550.0, 0.4775782
2560.0, 0.47740805
2570.0, 0.47723818
2580.0, 0.47706848
2590.0, 0.47689903
2600.0, 0.4767298
2610.0, 0.4765608
2620.0, 0.47639203
2630.0, 0.47622347
2640.0, 0.47605512
2650.0, 0.475887
2660.0, 0.4757191
2670.0, 0.47555143
2680.0, 0.475384
2690.0, 0.47521675
2700.0, 0.47504973
2710.0, 0.47488296
2720.0, 0.4747164
2730.0, 0.47455004
2740.0, 0.47438392
2750.0, 0.474218
2760.0, 0.4740523
2770.0, 0.47388685
2780.0, 0.47372162
2790.0, 0.47355658
2800.0, 0.47339177
2810.0, 0.47322717
2820.0, 0.4730628
2830.0, 0.47289866
2840.0, 0.47273472
2850.0, 0.47257102
2860.0, 0.47240752
2870.0, 0.47224423
2880.0, 0.47208118
2890.0, 0.47191834
2900.0, 0.4717557
2910.0, 0.47159332
2920.0, 0.47143114
2930.0, 0.47126913
2940.0, 0.4711074
2950.0, 0.47094584
2960.0, 0.47078452
2970.0, 0.47062343
2980.0, 0.47046253
2990.0, 0.47030184
3000.0, 0.4701414
3010.0, 0.46998116
3020.0, 0.46982113
3030.0, 0.46966133
3040.0, 0.4695017
3050.0, 0.46934232
3060.0, 0.46918318
3070.0, 0.4690242
3080.0, 0.46886545
3090.0, 0.46870694
3100.0, 0.46854863
3110.0, 0.46839052
3120.0, 0.46823263
3130.0, 0.46807498
3140.0, 0.4679175
3150.0, 0.46776026
3160.0, 0.46760324
3170.0, 0.4674464
3180.0, 0.4672898
3190.0, 0.4671334
3200.0, 0.4669772
3210.0, 0.46682122
3220.0, 0.46666548
3230.0, 0.46650994
3240.0, 0.46635458
3250.0, 0.46619946
3260.0, 0.46604455
3270.0, 0.46588984
3280.0, 0.46573535
3290.0, 0.46558106
3300.0, 0.46542698
3310.0, 0.4652731
3320.0, 0.46511948
3330.0, 0.46496603
3340.0, 0.4648128
3350.0, 0.46465975
3360.0, 0.46450692
3370.0, 0.46435434
3380.0, 0.46420193
3390.0, 0.46404973
3400.0, 0.46389776
3410.0, 0.46374598
3420.0, 0.4635944
3430.0, 0.46344304
3440.0, 0.46329188
3450.0, 0.46314096
3460.0, 0.46299022
3470.0, 0.4628397
3480.0, 0.46268937
3490.0, 0.46253923
3500.0, 0.46238932
3510.0, 0.46223962
3520.0, 0.46209013
3530.0, 0.46194082
3540.0, 0.46179175
3550.0, 0.46164286
3560.0, 0.46149418
3570.0, 0.4613457
3580.0, 0.46119744
3590.0, 0.46104938
3600.0, 0.46090153
3610.0, 0.4607539
3620.0, 0.46060643
3630.0, 0.4604592
3640.0, 0.46031216
3650.0, 0.4601653
3660.0, 0.46001866
3670.0, 0.45987225
3680.0, 0.459726
3690.0, 0.45957997
3700.0, 0.45943418
3710.0, 0.45928854
3720.0, 0.45914313
3730.0, 0.45899794
3740.0, 0.45885292
3750.0, 0.4587081
3760.0, 0.45856348
3770.0, 0.45841908
3780.0, 0.45827487
3790.0, 0.45813087
3800.0, 0.45798707
3810.0, 0.45784345
3820.0, 0.45770004
3830.0, 0.45755684
3840.0, 0.45741385
3850.0, 0.45727104
3860.0, 0.45712844
3870.0, 0.45698604
3880.0, 0.45684382
3890.0, 0.45670182
3900.0, 0.45656002
3910.0, 0.45641842
3920.0, 0.456277
3930.0, 0.4561358
3940.0, 0.45599478
3950.0, 0.45585397
3960.0, 0.45571336
3970.0, 0.45557293
3980.0, 0.4554327
3990.0, 0.45529267
4000.0, 0.45515287
4010.0, 0.45501322
4020.0, 0.4548738
4030.0, 0.45473456
4040.0, 0.4545955
4050.0, 0.45445666
4060.0, 0.45431802
4070.0, 0.45417958
4080.0, 0.4540413
4090.0, 0.45390326
4100.0, 0.4537654
4110.0, 0.4536277
4120.0, 0.45349026
4130.0, 0.45335296
4140.0, 0.45321587
4150.0, 0.453079
4160.0, 0.45294228
4170.0, 0.45280576
4180.0, 0.45266947
4190.0, 0.45253333
4200.0, 0.45239744
4210.0, 0.4522617
4220.0, 0.45212615
4230.0, 0.4519908
4240.0, 0.45185566
4250.0, 0.4517207
4260.0, 0.45158595
4270.0, 0.45145136
4280.0, 0.45131698
4290.0, 0.45118278
4300.0, 0.4510488
4310.0, 0.45091498
4320.0, 0.45078135
4330.0, 0.45064792
4340.0, 0.4505147
4350.0, 0.45038164
4360.0, 0.4502488
4370.0, 0.45011613
4380.0, 0.44998366
4390.0, 0.44985136
4400.0, 0.44971928
4410.0, 0.44958737
4420.0, 0.44945565
4430.0, 0.44932413
4440.0, 0.4491928
4450.0, 0.44906163
4460.0, 0.44893068
4470.0, 0.4487999
4480.0, 0.4486693
4490.0, 0.44853893
4500.0, 0.44840872
4510.0, 0.4482787
4520.0, 0.44814885
4530.0, 0.4480192
4540.0, 0.44788975
4550.0, 0.44776046
4560.0, 0.4476314
4570.0, 0.4475025
4580.0, 0.44737378
4590.0, 0.44724524
4600.0, 0.4471169
4610.0, 0.44698876
4620.0, 0.4468608
4630.0, 0.446733
4640.0, 0.4466054
4650.0, 0.44647798
4660.0, 0.44635075
4670.0, 0.4462237
4680.0, 0.44609684
4690.0, 0.44597018
4700.0, 0.4458437
4710.0, 0.44571736
4720.0, 0.44559124
4730.0, 0.4454653
4740.0, 0.44533956
4750.0, 0.44521397
4760.0, 0.4450886
4770.0, 0.44496337
4780.0, 0.44483835
4790.0, 0.4447135
4800.0, 0.44458884
4810.0, 0.44446436
4820.0, 0.44434005
4830.0, 0.44421595
4840.0, 0.444092
4850.0, 0.44396824
4860.0, 0.44384468
4870.0, 0.4437213
4880.0, 0.4435981
4890.0, 0.44347504
4900.0, 0.4433522
4910.0, 0.44322953
4920.0, 0.44310704
4930.0, 0.44298473
4940.0, 0.4428626
4950.0, 0.44274062
4960.0, 0.44261888
4970.0, 0.44249725
4980.0, 0.44237587
4990.0, 0.44225463
5000.0, 0.44213358
5010.0, 0.44201267
5020.0, 0.44189197
5030.0, 0.44177145
5040.0, 0.4416511
5050.0, 0.44153094
5060.0, 0.44141096
5070.0, 0.44129112
5080.0, 0.4411715
5090.0, 0.44105205
5100.0, 0.44093275
5110.0, 0.44081366
5120.0, 0.44069472
5130.0, 0.44057596
5140.0, 0.44045737
5150.0, 0.44033897
5160.0, 0.44022074
5170.0, 0.4401027
5180.0, 0.43998483
5190.0, 0.4398671
5200.0, 0.4397496
5210.0, 0.43963224
5220.0, 0.43951505
5230.0, 0.43939805
5240.0, 0.43928123
5250.0, 0.43916455
5260.0, 0.43904808
5270.0, 0.43893176
5280.0, 0.43881562
5290.0, 0.43869966
5300.0, 0.43858388
5310.0, 0.43846825
5320.0, 0.43835282
5330.0, 0.43823755
5340.0, 0.43812245
5350.0, 0.4380075
5360.0, 0.43789276
5370.0, 0.43777817
5380.0, 0.43766376
5390.0, 0.4375495
5400.0, 0.43743542
5410.0, 0.43732154
5420.0, 0.43720782
5430.0, 0.43709424
5440.0, 0.43698084
5450.0, 0.43686762
5460.0, 0.43675458
5470.0, 0.4366417
5480.0, 0.43652898
5490.0, 0.43641645
5500.0, 0.4363041
5510.0, 0.4361919
5520.0, 0.43607983
5530.0, 0.43596798
5540.0, 0.43585628
5550.0, 0.43574473
5560.0, 0.4356334
5570.0, 0.4355222
5580.0, 0.43541116
5590.0, 0.43530032
5600.0, 0.43518963
5610.0, 0.4350791
5620.0, 0.43496874
5630.0, 0.43485856
5640.0, 0.43474853
5650.0, 0.43463865
5660.0, 0.43452898
5670.0, 0.43441945
5680.0, 0.43431008
5690.0, 0.43420088
5700.0, 0.43409187
5710.0, 0.433983
5720.0, 0.4338743
5730.0, 0.43376577
5740.0, 0.4336574
5750.0, 0.4335492
5760.0, 0.43344116
5770.0, 0.4333333
5780.0, 0.43322557
5790.0, 0.43311805
5800.0, 0.43301067
5810.0, 0.43290344
5820.0, 0.43279636
5830.0, 0.4326895
5840.0, 0.43258277
5850.0, 0.4324762
5860.0, 0.43236977
5870.0, 0.43226355
5880.0, 0.43215746
5890.0, 0.43205154
5900.0, 0.43194577
5910.0, 0.43184018
5920.0, 0.43173474
5930.0, 0.43162948
5940.0, 0.43152437
5950.0, 0.4314194
5960.0, 0.43131462
5970.0, 0.43120998
5980.0, 0.43110552
5990.0, 0.43100122
6000.0, 0.43089706
6010.0, 0.43079308
6020.0, 0.43068925
6030.0, 0.43058556
6040.0, 0.43048206
6050.0, 0.4303787
6060.0, 0.43027553
6070.0, 0.43017247
6080.0, 0.43006963
6090.0, 0.4299669
6100.0, 0.42986435
6110.0, 0.42976195
6120.0, 0.4296597
6130.0, 0.4295576
6140.0, 0.42945567
6150.0, 0.4293539
6160.0, 0.4292523
6170.0, 0.42915082
6180.0, 0.42904952
6190.0, 0.4289484
6200.0, 0.4288474
6210.0, 0.42874655
6220.0, 0.42864588
6230.0, 0.42854536
6240.0, 0.428445
6250.0, 0.4283448
6260.0, 0.42824474
6270.0, 0.42814484
6280.0, 0.4280451
6290.0, 0.4279455
6300.0, 0.42784607
6310.0, 0.4277468
6320.0, 0.42764765
6330.0, 0.4275487
6340.0, 0.42744988
6350.0, 0.4273512
6360.0, 0.4272527
6370.0, 0.42715433
6380.0, 0.42705613
6390.0, 0.42695808
6400.0, 0.42686018
6410.0, 0.42676243
6420.0, 0.42666483
6430.0, 0.42656738
6440.0, 0.4264701
6450.0, 0.42637298
6460.0, 0.426276
6470.0, 0.42617914
6480.0, 0.42608246
6490.0, 0.42598593
6500.0, 0.42588955
6510.0, 0.42579332
6520.0, 0.42569724
6530.0, 0.4256013
6540.0, 0.42550552
6550.0, 0.42540988
6560.0, 0.4253144
6570.0, 0.42521906
6580.0, 0.4251239
6590.0, 0.42502886
6600.0, 0.42493397
6610.0, 0.42483923
6620.0, 0.42474467
6630.0, 0.42465022
6640.0, 0.42455593
6650.0, 0.42446178
6660.0, 0.4243678
6670.0, 0.42427397
6680.0, 0.42418024
6690.0, 0.4240867
6700.0, 0.42399332
6710.0, 0.42390004
6720.0, 0.42380694
6730.0, 0.42371398
6740.0, 0.42362115
6750.0, 0.4235285
6760.0, 0.42343596
6770.0, 0.4233436
6780.0, 0.42325136
6790.0, 0.42315927
6800.0, 0.42306733
6810.0, 0.42297554
6820.0, 0.4228839
6830.0, 0.4227924
6840.0, 0.42270103
6850.0, 0.4226098
6860.0, 0.42251876
6870.0, 0.42242783
6880.0, 0.42233706
6890.0, 0.42224643
6900.0, 0.42215592
6910.0, 0.42206556
6920.0, 0.42197534
6930.0, 0.4218853
6940.0, 0.42179537
6950.0, 0.4217056
6960.0, 0.42161596
6970.0, 0.42152646
6980.0, 0.4214371
6990.0, 0.42134792
7000.0, 0.42125884
7010.0, 0.42116994
7020.0, 0.42108113
7030.0, 0.4209925
7040.0, 0.420904
7050.0, 0.42081565
7060.0, 0.42072743
7070.0, 0.42063934
7080.0, 0.42055142
7090.0, 0.42046362
7100.0, 0.42037597
7110.0, 0.42028844
7120.0, 0.42020106
7130.0, 0.42011383
7140.0, 0.42002675
7150.0, 0.4199398
7160.0, 0.41985297
7170.0, 0.41976628
7180.0, 0.41967973
7190.0, 0.41959333
7200.0, 0.4195071
7210.0, 0.41942096
7220.0, 0.41933498
7230.0, 0.41924912
7240.0, 0.41916344
7250.0, 0.41907784
7260.0, 0.4189924
7270.0, 0.4189071
7280.0, 0.41882196
7290.0, 0.41873693
7300.0, 0.41865203
7310.0, 0.4185673
7320.0, 0.41848266
7330.0, 0.4183982
7340.0, 0.41831386
7350.0, 0.41822964
7360.0, 0.41814557
7370.0, 0.41806164
7380.0, 0.41797784
7390.0, 0.41789418
7400.0, 0.41781065
7410.0, 0.41772726
7420.0, 0.417644
7430.0, 0.41756088
7440.0, 0.41747788
7450.0, 0.41739503
7460.0, 0.4173123
7470.0, 0.4172297
7480.0, 0.41714725
7490.0, 0.41706493
7500.0, 0.41698274
7510.0, 0.4169007
7520.0, 0.41681877
7530.0, 0.416737
7540.0, 0.41665533
7550.0, 0.4165738
7560.0, 0.4164924
7570.0, 0.41641116
7580.0, 0.41633
7590.0, 0.41624904
7600.0, 0.41616815
7610.0, 0.41608742
7620.0, 0.4160068
7630.0, 0.41592634
7640.0, 0.415846
7650.0, 0.4157658
7660.0, 0.4156857
7670.0, 0.41560578
7680.0, 0.41552594
7690.0, 0.41544625
7700.0, 0.4153667
7710.0, 0.4152873
7720.0, 0.41520798
7730.0, 0.4151288
7740.0, 0.41504976
7750.0, 0.41497087
7760.0, 0.41489208
7770.0, 0.41481343
7780.0, 0.4147349
7790.0, 0.41465652
7800.0, 0.41457823
7810.0, 0.4145001
7820.0, 0.41442207
7830.0, 0.4143442
7840.0, 0.41426644
7850.0, 0.4141888
7860.0, 0.41411132
7870.0, 0.41403392
7880.0, 0.41395667
7890.0, 0.41387954
7900.0, 0.41380256
7910.0, 0.4137257
7920.0, 0.41364893
7930.0, 0.41357234
7940.0, 0.41349584
7950.0, 0.41341949
7960.0, 0.41334322
7970.0, 0.4132671
7980.0, 0.41319114
7990.0, 0.41311526
8000.0, 0.41303954
8010.0, 0.4129639
8020.0, 0.4128884
8030.0, 0.41281307
8040.0, 0.41273782
8050.0, 0.41266268
8060.0, 0.41258767
8070.0, 0.41251284
8080.0, 0.41243806
8090.0, 0.41236344
8100.0, 0.41228896
8110.0, 0.41221458
8120.0, 0.4121403
8130.0, 0.4120662
8140.0, 0.41199216
8150.0, 0.41191828
8160.0, 0.41184452
8170.0, 0.41177088
8180.0, 0.41169736
8190.0, 0.41162395
8200.0, 0.4115507
8210.0, 0.41147754
8220.0, 0.4114045
8230.0, 0.41133156
8240.0, 0.4112588
8250.0, 0.4111861
8260.0, 0.41111356
8270.0, 0.41104114
8280.0, 0.4109688
8290.0, 0.41089663
8300.0, 0.41082457
8310.0, 0.4107526
8320.0, 0.41068077
8330.0, 0.41060907
8340.0, 0.41053745
8350.0, 0.410466
8360.0, 0.41039464
8370.0, 0.4103234
8380.0, 0.41025227
8390.0, 0.41018128
8400.0, 0.41011038
8410.0, 0.41003963
8420.0, 0.409969
8430.0, 0.40989846
8440.0, 0.40982804
8450.0, 0.40975776
8460.0, 0.40968758
8470.0, 0.4096175
8480.0, 0.4095476
8490.0, 0.40947777
8500.0, 0.40940803
8510.0, 0.40933844
8520.0, 0.40926898
8530.0, 0.40919963
8540.0, 0.4091304
8550.0, 0.40906125
8560.0, 0.40899226
8570.0, 0.40892336
8580.0, 0.40885457
8590.0, 0.4087859
8600.0, 0.40871736
8610.0, 0.40864894
8620.0, 0.4085806
8630.0, 0.4085124
8640.0, 0.4084443
8650.0, 0.40837634
8660.0, 0.40830845
8670.0, 0.4082407
8680.0, 0.40817308
8690.0, 0.40810555
8700.0, 0.40803814
8710.0, 0.40797088
8720.0, 0.40790367
8730.0, 0.40783662
8740.0, 0.40776965
8750.0, 0.4077028
8760.0, 0.40763608
8770.0, 0.40756947
8780.0, 0.40750295
8790.0, 0.40743655
8800.0, 0.4073703
8810.0, 0.4073041
8820.0, 0.40723804
8830.0, 0.4071721
8840.0, 0.40710628
8850.0, 0.40704054
8860.0, 0.4069749
8870.0, 0.40690944
8880.0, 0.40684402
8890.0, 0.40677875
8900.0, 0.40671358
8910.0, 0.40664852
8920.0, 0.40658358
8930.0, 0.40651873
8940.0, 0.406454
8950.0, 0.4063894
8960.0, 0.40632486
8970.0, 0.40626046
8980.0, 0.40619618
8990.0, 0.40613198
9000.0, 0.4060679
9010.0, 0.40600392
9020.0, 0.4059401
9030.0, 0.40587634
9040.0, 0.40581268
9050.0, 0.40574914
9060.0, 0.40568572
9070.0, 0.4056224
9080.0, 0.40555918
9090.0, 0.4054961
9100.0, 0.4054331
9110.0, 0.40537018
9120.0, 0.4053074
9130.0, 0.40524474
9140.0, 0.40518215
9150.0, 0.4051197
9160.0, 0.40505734
9170.0, 0.40499508
9180.0, 0.40493295
9190.0, 0.4048709
9200.0, 0.40480897
9210.0, 0.40474716
9220.0, 0.4046854
9230.0, 0.4046238
9240.0, 0.4045623
9250.0, 0.4045009
9260.0, 0.40443957
9270.0, 0.40437838
9280.0, 0.4043173
9290.0, 0.4042563
9300.0, 0.40419543
9310.0, 0.40413466
9320.0, 0.40407395
9330.0, 0.4040134
9340.0, 0.40395293
9350.0, 0.40389255
9360.0, 0.4038323
9370.0, 0.40377212
9380.0, 0.4037121
9390.0, 0.40365213
9400.0, 0.40359226
9410.0, 0.40353253
9420.0, 0.40347287
9430.0, 0.40341333
9440.0, 0.4033539
9450.0, 0.40329456
9460.0, 0.40323532
9470.0, 0.4031762
9480.0, 0.40311715
9490.0, 0.4030582
9500.0, 0.4029994
9510.0, 0.40294066
9520.0, 0.40288204
9530.0, 0.4028235
9540.0, 0.40276507
9550.0, 0.40270674
9560.0, 0.4026485
9570.0, 0.4025904
9580.0, 0.40253234
9590.0, 0.40247443
9600.0, 0.4024166
9610.0, 0.40235886
9620.0, 0.40230125
9630.0, 0.4022437
9640.0, 0.40218627
9650.0, 0.40212896
9660.0, 0.4020717
9670.0, 0.40201458
9680.0, 0.40195754
9690.0, 0.40190062
9700.0, 0.40184376
9710.0, 0.40178704
9720.0, 0.4017304
9730.0, 0.40167385
9740.0, 0.4016174
9750.0, 0.40156105
9760.0, 0.40150478
9770.0, 0.40144864
9780.0, 0.40139258
9790.0, 0.4013366
9800.0, 0.40128076
9810.0, 0.401225
9820.0, 0.40116933
9830.0, 0.40111375
9840.0, 0.4010583
9850.0, 0.40100288
9860.0, 0.4009476
9870.0, 0.40089244
9880.0, 0.40083733
9890.0, 0.40078232
9900.0, 0.40072742
9910.0, 0.4006726
9920.0, 0.4006179
9930.0, 0.40056327
9940.0, 0.40050876
9950.0, 0.4004543
9960.0, 0.4004
9970.0, 0.40034574
9980.0, 0.40029162
9990.0, 0.40023756
10000.0, 0.40018362
10010.0, 0.40012974
10020.0, 0.40007597
10030.0, 0.4000223
10040.0, 0.3999687
10050.0, 0.39991522
10060.0, 0.39986184
10070.0, 0.39980853
10080.0, 0.39975533
10090.0, 0.39970222
10100.0, 0.39964917
10110.0, 0.39959624
10120.0, 0.3995434
10130.0, 0.39949065
10140.0, 0.399438
10150.0, 0.39938545
10160.0, 0.39933297
10170.0, 0.39928058
10180.0, 0.3992283
10190.0, 0.3991761
10200.0, 0.399124
10210.0, 0.39907196
10220.0, 0.39902005
10230.0, 0.39896822
10240.0, 0.39891648
10250.0, 0.39886484
10260.0, 0.39881328
10270.0, 0.3987618
10280.0, 0.3987104
10290.0, 0.3986591
10300.0, 0.3986079
10310.0, 0.3985568
10320.0, 0.39850578
10330.0, 0.39845484
10340.0, 0.398404
10350.0, 0.39835325
10360.0, 0.39830258
10370.0, 0.398252
10380.0, 0.39820153
10390.0, 0.3981511
10400.0, 0.3981008
10410.0, 0.39805058
10420.0, 0.39800045
10430.0, 0.3979504
10440.0, 0.39790043
10450.0, 0.39785057
10460.0, 0.39780077
10470.0, 0.3977511
10480.0, 0.39770147
10490.0, 0.39765194
10500.0, 0.39760253
10510.0, 0.39755318
10520.0, 0.3975039
10530.0, 0.39745474
10540.0, 0.39740565
10550.0, 0.39735666
10560.0, 0.39730775
10570.0, 0.3972589
10580.0, 0.39721018
10590.0, 0.3971615
10600.0, 0.39711294
10610.0, 0.39706445
10620.0, 0.39701605
10630.0, 0.39696774
10640.0, 0.39691952
10650.0, 0.3968714
10660.0, 0.39682332
10670.0, 0.39677534
10680.0, 0.39672744
10690.0, 0.39667967
10700.0, 0.39663193
10710.0, 0.3965843
10720.0, 0.39653674
10730.0, 0.3964893
10740.0, 0.39644188
10750.0, 0.39639458
10760.0, 0.39634737
10770.0, 0.39630023
10780.0, 0.3962532
10790.0, 0.39620623
10800.0, 0.39615935
10810.0, 0.39611253
10820.0, 0.39606583
10830.0, 0.3960192
10840.0, 0.39597264
10850.0, 0.39592618
10860.0, 0.3958798
10870.0, 0.3958335
10880.0, 0.39578727
10890.0, 0.39574113
10900.0, 0.39569506
10910.0, 0.3956491
10920.0, 0.39560318
10930.0, 0.39555737
10940.0, 0.39551166
10950.0, 0.395466
10960.0, 0.39542043
10970.0, 0.39537495
10980.0, 0.39532954
10990.0, 0.3952842
11000.0, 0.39523897
11010.0, 0.3951938
11020.0, 0.3951487
11030.0, 0.3951037
11040.0, 0.39505878
11050.0, 0.39501393
11060.0, 0.39496917
11070.0, 0.3949245
11080.0, 0.39487988
11090.0, 0.39483535
11100.0, 0.3947909
11110.0, 0.39474654
11120.0, 0.39470226
11130.0, 0.39465803
11140.0, 0.3946139
11150.0, 0.39456984
11160.0, 0.3945259
11170.0, 0.394482
11180.0, 0.39443815
11190.0, 0.39439443
11200.0, 0.39435077
11210.0, 0.39430717
11220.0, 0.39426368
11230.0, 0.39422026
11240.0, 0.3941769
11250.0, 0.39413363
11260.0, 0.3940904
11270.0, 0.39404732
11280.0, 0.39400426
11290.0, 0.3939613
11300.0, 0.39391842
11310.0, 0.39387563
11320.0, 0.3938329
11330.0, 0.39379022
11340.0, 0.39374763
11350.0, 0.39370513
11360.0, 0.39366272
11370.0, 0.39362037
11380.0, 0.39357808
11390.0, 0.39353588
11400.0, 0.39349374
11410.0, 0.3934517
11420.0, 0.39340973
11430.0, 0.39336783
11440.0, 0.393326
11450.0, 0.39328426
11460.0, 0.39324257
11470.0, 0.393201
11480.0, 0.39315945
11490.0, 0.39311802
11500.0, 0.39307663
11510.0, 0.39303532
11520.0, 0.3929941
11530.0, 0.39295295
11540.0, 0.39291188
11550.0, 0.39287087
11560.0, 0.39282995
11570.0, 0.3927891
11580.0, 0.3927483
11590.0, 0.3927076
11600.0, 0.39266694
11610.0, 0.39262637
11620.0, 0.3925859
11630.0, 0.3925455
11640.0, 0.39250514
11650.0, 0.39246485
11660.0, 0.39242467
11670.0, 0.39238453
11680.0, 0.39234447
11690.0, 0.3923045
11700.0, 0.39226457
11710.0, 0.39222473
11720.0, 0.39218497
11730.0, 0.39214528
11740.0, 0.39210564
11750.0, 0.3920661
11760.0, 0.3920266
11770.0, 0.3919872
11780.0, 0.39194787
11790.0, 0.3919086
11800.0, 0.3918694
11810.0, 0.39183027
11820.0, 0.39179122
11830.0, 0.3917522
11840.0, 0.39171332
11850.0, 0.3916745
11860.0, 0.39163572
11870.0, 0.391597
11880.0, 0.39155835
11890.0, 0.39151978
11900.0, 0.3914813
11910.0, 0.39144287
11920.0, 0.3914045
11930.0, 0.39136624
11940.0, 0.391328
11950.0, 0.39128986
11960.0, 0.3912518
11970.0, 0.39121377
11980.0, 0.39117584
11990.0, 0.391138
12000.0, 0.39110017
12010.0, 0.39106244
12020.0, 0.39102477
12030.0, 0.3909872
12040.0, 0.39094964
12050.0, 0.39091218
12060.0, 0.39087477
12070.0, 0.39083746
12080.0, 0.3908002
12090.0, 0.390763
12100.0, 0.39072588
12110.0, 0.39068884
12120.0, 0.39065185
12130.0, 0.39061493
12140.0, 0.39057806
12150.0, 0.3905413
12160.0, 0.39050457
12170.0, 0.3904679
12180.0, 0.3904313
12190.0, 0.3903948
12200.0, 0.39035836
12210.0, 0.39032197
12220.0, 0.39028564
12230.0, 0.3902494
12240.0, 0.3902132
12250.0, 0.39017707
12260.0, 0.390141
12270.0, 0.39010504
12280.0, 0.3900691
12290.0, 0.39003325
12300.0, 0.38999745
12310.0, 0.38996172
12320.0, 0.38992605
12330.0, 0.38989043
12340.0, 0.3898549
12350.0, 0.38981944
12360.0, 0.38978404
12370.0, 0.3897487
12380.0, 0.3897134
12390.0, 0.3896782
12400.0, 0.38964304
12410.0, 0.38960797
12420.0, 0.38957295
12430.0, 0.389538
12440.0, 0.3895031
12450.0, 0.38946825
12460.0, 0.3894335
12470.0, 0.3893988
12480.0, 0.38936415
12490.0, 0.38932958
12500.0, 0.38929507
12510.0, 0.38926062
12520.0, 0.38922626
12530.0, 0.38919193
12540.0, 0.38915765
12550.0, 0.38912347
12560.0, 0.38908932
12570.0, 0.38905525
12580.0, 0.38902125
12590.0, 0.3889873
12600.0, 0.38895342
12610.0, 0.3889196
12620.0, 0.38888583
12630.0, 0.38885212
12640.0, 0.38881847
12650.0, 0.38878492
12660.0, 0.38875142
12670.0, 0.38871795
12680.0, 0.38868454
12690.0, 0.38865122
12700.0, 0.38861793
12710.0, 0.38858473
12720.0, 0.3885516
12730.0, 0.3885185
12740.0, 0.3884855
12750.0, 0.38845253
12760.0, 0.3884196
12770.0, 0.38838676
12780.0, 0.38835397
12790.0, 0.38832125
12800.0, 0.3882886
12810.0, 0.38825598
12820.0, 0.38822344
12830.0, 0.38819095
12840.0, 0.38815853
12850.0, 0.38812616
12860.0, 0.38809386
12870.0, 0.3880616
12880.0, 0.38802943
12890.0, 0.3879973
12900.0, 0.38796523
12910.0, 0.38793322
12920.0, 0.38790128
12930.0, 0.3878694
12940.0, 0.38783753
12950.0, 0.38780576
12960.0, 0.38777405
12970.0, 0.3877424
12980.0, 0.3877108
12990.0, 0.38767925
13000.0, 0.38764778
13010.0, 0.38761634
13020.0, 0.38758498
13030.0, 0.38755366
13040.0, 0.3875224
13050.0, 0.38749123
13060.0, 0.38746008
13070.0, 0.387429
13080.0, 0.38739797
13090.0, 0.387367
13100.0, 0.3873361
13110.0, 0.38730526
13120.0, 0.38727447
13130.0, 0.38724372
13140.0, 0.38721305
13150.0, 0.3871824
13160.0, 0.38715187
13170.0, 0.38712135
13180.0, 0.3870909
13190.0, 0.3870605
13200.0, 0.38703015
13210.0, 0.38699988
13220.0, 0.38696963
13230.0, 0.38693947
13240.0, 0.38690934
13250.0, 0.3868793
13260.0, 0.38684928
13270.0, 0.38681933
13280.0, 0.38678944
13290.0, 0.38675958
13300.0, 0.3867298
13310.0, 0.38670006
13320.0, 0.3866704
13330.0, 0.3866408
13340.0, 0.38661122
13350.0, 0.3865817
13360.0, 0.38655224
13370.0, 0.38652283
13380.0, 0.3864935
13390.0, 0.3864642
13400.0, 0.38643497
13410.0, 0.38640577
13420.0, 0.38637665
13430.0, 0.38634756
13440.0, 0.38631853
13450.0, 0.38628957
13460.0, 0.38626066
13470.0, 0.3862318
13480.0, 0.386203
13490.0, 0.38617423
13500.0, 0.38614553
13510.0, 0.3861169
13520.0, 0.38608828
13530.0, 0.38605976
13540.0, 0.38603127
13550.0, 0.38600284
13560.0, 0.38597444
13570.0, 0.38594612
13580.0, 0.38591784
13590.0, 0.38588962
13600.0, 0.38586143
13610.0, 0.38583332
13620.0, 0.38580525
13630.0, 0.38577724
13640.0, 0.38574928
13650.0, 0.38572136
13660.0, 0.3856935
13670.0, 0.38566568
13680.0, 0.38563794
13690.0, 0.38561022
13700.0, 0.38558257
13710.0, 0.38555497
13720.0, 0.38552743
13730.0, 0.38549992
13740.0, 0.38547248
13750.0, 0.38544506
13760.0, 0.38541773
13770.0, 0.38539043
13780.0, 0.3853632
13790.0, 0.385336
13800.0, 0.38530886
13810.0, 0.38528177
13820.0, 0.3852547
13830.0, 0.38522774
13840.0, 0.3852008
13850.0, 0.3851739
13860.0, 0.38514706
13870.0, 0.38512027
13880.0, 0.3850935
13890.0, 0.38506684
13900.0, 0.3850402
13910.0, 0.3850136
13920.0, 0.38498706
13930.0, 0.38496056
13940.0, 0.38493413
13950.0, 0.38490772
13960.0, 0.38488138
13970.0, 0.3848551
13980.0, 0.38482884
13990.0, 0.38480264
14000.0, 0.3847765
14010.0, 0.3847504
14020.0, 0.38472435
14030.0, 0.38469836
14040.0, 0.3846724
14050.0, 0.38464648
14060.0, 0.38462064
14070.0, 0.38459483
14080.0, 0.38456908
14090.0, 0.38454336
14100.0, 0.3845177
14110.0, 0.38449207
14120.0, 0.3844665
14130.0, 0.384441
14140.0, 0.3844155
14150.0, 0.3843901
14160.0, 0.38436472
14170.0, 0.3843394
14180.0, 0.3843141
14190.0, 0.38428888
14200.0, 0.38426366
14210.0, 0.38423854
14220.0, 0.38421345
14230.0, 0.38418838
14240.0, 0.3841634
14250.0, 0.38413844
14260.0, 0.38411355
14270.0, 0.3840887
14280.0, 0.38406387
14290.0, 0.3840391
14300.0, 0.3840144
14310.0, 0.38398972
14320.0, 0.38396508
14330.0, 0.3839405
14340.0, 0.38391596
14350.0, 0.38389146
14360.0, 0.38386703
14370.0, 0.38384265
14380.0, 0.3838183
14390.0, 0.38379398
14400.0, 0.38376972
14410.0, 0.3837455
14420.0, 0.38372135
14430.0, 0.3836972
14440.0, 0.38367313
14450.0, 0.3836491
14460.0, 0.38362512
14470.0, 0.38360116
14480.0, 0.3835773
14490.0, 0.38355342
14500.0, 0.3835296
14510.0, 0.38350585
14520.0, 0.38348213
14530.0, 0.38345847
14540.0, 0.38343483
14550.0, 0.38341126
14560.0, 0.3833877
14570.0, 0.3833642
14580.0, 0.38334075
14590.0, 0.38331735
14600.0, 0.383294
14610.0, 0.38327065
14620.0, 0.38324738
14630.0, 0.38322416
14640.0, 0.38320097
14650.0, 0.38317782
14660.0, 0.38315472
14670.0, 0.38313165
14680.0, 0.38310865
14690.0, 0.38308567
14700.0, 0.38306275
14710.0, 0.38303986
14720.0, 0.383017
14730.0, 0.3829942
14740.0, 0.38297147
14750.0, 0.38294876
14760.0, 0.38292608
14770.0, 0.38290346
14780.0, 0.38288087
14790.0, 0.3828583
14800.0, 0.3828358
14810.0, 0.38281336
14820.0, 0.38279095
14830.0, 0.38276857
14840.0, 0.38274625
14850.0, 0.38272396
14860.0, 0.3827017
14870.0, 0.3826795
14880.0, 0.38265735
14890.0, 0.3826352
14900.0, 0.38261315
14910.0, 0.3825911
14920.0, 0.3825691
14930.0, 0.38254714
14940.0, 0.38252524
14950.0, 0.38250336
14960.0, 0.38248155
14970.0, 0.38245976
14980.0, 0.382438
14990.0, 0.3824163
15000.0, 0.3823946
15010.0, 0.382373
15020.0, 0.38235143
15030.0, 0.38232988
15040.0, 0.38230836
15050.0, 0.3822869
15060.0, 0.3822655
15070.0, 0.3822441
15080.0, 0.38222277
15090.0, 0.38220146
15100.0, 0.3821802
15110.0, 0.382159
15120.0, 0.3821378
15130.0, 0.38211668
15140.0, 0.38209558
15150.0, 0.3820745
15160.0, 0.3820535
15170.0, 0.3820325
15180.0, 0.38201156
15190.0, 0.38199067
15200.0, 0.3819698
15210.0, 0.38194898
15220.0, 0.3819282
15230.0, 0.38190746
15240.0, 0.38188678
15250.0, 0.3818661
15260.0, 0.38184547
15270.0, 0.38182488
15280.0, 0.38180435
15290.0, 0.38178384
15300.0, 0.38176337
15310.0, 0.38174292
15320.0, 0.38172254
15330.0, 0.38170218
15340.0, 0.38168186
15350.0, 0.3816616
15360.0, 0.38164136
15370.0, 0.38162115
15380.0, 0.381601
15390.0, 0.3815809
15400.0, 0.3815608
15410.0, 0.38154075
15420.0, 0.38152075
15430.0, 0.38150078
15440.0, 0.38148084
15450.0, 0.38146093
15460.0, 0.3814411
15470.0, 0.38142127
15480.0, 0.38140148
15490.0, 0.38138175
15500.0, 0.38136202
15510.0, 0.38134235
15520.0, 0.38132274
15530.0, 0.38130313
15540.0, 0.38128358
15550.0, 0.38126406
15560.0, 0.38124457
15570.0, 0.38122514
15580.0, 0.38120574
15590.0, 0.38118637
15600.0, 0.38116702
15610.0, 0.3811477
15620.0, 0.38112846
15630.0, 0.38110924
15640.0, 0.38109004
15650.0, 0.38107088
15660.0, 0.38105178
15670.0, 0.3810327
15680.0, 0.38101366
15690.0, 0.38099465
15700.0, 0.3809757
15710.0, 0.38095674
15720.0, 0.38093784
15730.0, 0.38091898
15740.0, 0.38090014
15750.0, 0.38088137
15760.0, 0.38086262
15770.0, 0.38084388
15780.0, 0.38082522
15790.0, 0.38080657
15800.0, 0.38078794
15810.0, 0.38076937
15820.0, 0.38075083
15830.0, 0.38073233
15840.0, 0.38071385
15850.0, 0.3806954
15860.0, 0.380677
15870.0, 0.38065866
15880.0, 0.38064033
15890.0, 0.38062203
15900.0, 0.38060376
15910.0, 0.38058552
15920.0, 0.38056734
15930.0, 0.3805492
15940.0, 0.38053107
15950.0, 0.38051298
15960.0, 0.38049492
15970.0, 0.3804769
15980.0, 0.38045892
15990.0, 0.38044098
16000.0, 0.38042304
16010.0, 0.38040516
16020.0, 0.3803873
16030.0, 0.3803695
16040.0, 0.38035172
16050.0, 0.380334
16060.0, 0.38031626
16070.0, 0.38029858
16080.0, 0.38028094
16090.0, 0.38026333
16100.0, 0.38024575
16110.0, 0.38022822
16120.0, 0.3802107
16130.0, 0.38019323
16140.0, 0.3801758
16150.0, 0.3801584
16160.0, 0.380141
16170.0, 0.38012367
16180.0, 0.38010636
16190.0, 0.38008907
16200.0, 0.38007182
16210.0, 0.38005462
16220.0, 0.38003743
16230.0, 0.3800203
16240.0, 0.38000318
16250.0, 0.3799861
16260.0, 0.37996906
16270.0, 0.37995204
16280.0, 0.37993506
16290.0, 0.3799181
16300.0, 0.3799012
16310.0, 0.3798843
16320.0, 0.37986746
16330.0, 0.37985063
16340.0, 0.37983385
16350.0, 0.3798171
16360.0, 0.37980038
16370.0, 0.37978366
16380.0, 0.379767
16390.0, 0.37975037
16400.0, 0.3797338
16410.0, 0.37971723
16420.0, 0.3797007
16430.0, 0.37968418
16440.0, 0.37966773
16450.0, 0.37965128
16460.0, 0.37963486
16470.0, 0.3796185
16480.0, 0.37960216
16490.0, 0.37958583
16500.0, 0.37956956
16510.0, 0.37955332
16520.0, 0.3795371
16530.0, 0.3795209
16540.0, 0.37950474
16550.0, 0.37948862
16560.0, 0.37947252
16570.0, 0.37945646
16580.0, 0.37944043
16590.0, 0.37942442
16600.0, 0.37940845
16610.0, 0.3793925
16620.0, 0.3793766
16630.0, 0.37936074
16640.0, 0.37934488
16650.0, 0.37932906
16660.0, 0.37931326
16670.0, 0.3792975
16680.0, 0.3792818
16690.0, 0.37926608
16700.0, 0.3792504
16710.0, 0.37923476
16720.0, 0.37921917
16730.0, 0.3792036
16740.0, 0.37918803
16750.0, 0.3791725
16760.0, 0.37915704
16770.0, 0.37914157
16780.0, 0.37912613
16790.0, 0.37911075
16800.0, 0.37909538
16810.0, 0.37908003
16820.0, 0.3790647
16830.0, 0.37904945
16840.0, 0.3790342
16850.0, 0.37901896
16860.0, 0.37900376
16870.0, 0.37898862
16880.0, 0.37897348
16890.0, 0.37895837
16900.0, 0.3789433
16910.0, 0.37892824
16920.0, 0.37891322
16930.0, 0.37889823
16940.0, 0.37888327
16950.0, 0.37886834
16960.0, 0.37885344
16970.0, 0.37883854
16980.0, 0.3788237
16990.0, 0.3788089
17000.0, 0.3787941
17010.0, 0.37877935
17020.0, 0.3787646
17030.0, 0.3787499
17040.0, 0.3787352
17050.0, 0.37872058
17060.0, 0.37870595
17070.0, 0.37869135
17080.0, 0.3786768
17090.0, 0.37866226
17100.0, 0.37864774
17110.0, 0.37863326
17120.0, 0.3786188
17130.0, 0.3786044
17140.0, 0.37859
17150.0, 0.37857562
17160.0, 0.3785613
17170.0, 0.37854698
17180.0, 0.3785327
17190.0, 0.37851843
17200.0, 0.37850422
17210.0, 0.37849
17220.0, 0.37847582
17230.0, 0.37846166
17240.0, 0.37844753
17250.0, 0.37843347
17260.0, 0.3784194
17270.0, 0.37840536
17280.0, 0.37839133
17290.0, 0.37837735
17300.0, 0.3783634
17310.0, 0.37834945
17320.0, 0.37833554
17330.0, 0.37832168
17340.0, 0.37830782
17350.0, 0.378294
17360.0, 0.3782802
17370.0, 0.37826642
17380.0, 0.37825269
17390.0, 0.37823898
17400.0, 0.37822527
17410.0, 0.37821162
17420.0, 0.37819797
17430.0, 0.37818435
17440.0, 0.37817076
17450.0, 0.3781572
17460.0, 0.37814367
17470.0, 0.37813017
17480.0, 0.37811667
17490.0, 0.37810323
17500.0, 0.3780898
17510.0, 0.37807637
17520.0, 0.378063
17530.0, 0.37804964
17540.0, 0.37803632
17550.0, 0.37802303
17560.0, 0.37800974
17570.0, 0.3779965
17580.0, 0.37798327
17590.0, 0.37797007
17600.0, 0.3779569
17610.0, 0.37794375
17620.0, 0.37793064
17630.0, 0.37791753
17640.0, 0.37790447
17650.0, 0.37789142
17660.0, 0.3778784
17670.0, 0.3778654
17680.0, 0.3778524
17690.0, 0.37783948
17700.0, 0.37782657
17710.0, 0.37781367
17720.0, 0.3778008
17730.0, 0.37778795
17740.0, 0.37777513
17750.0, 0.37776232
17760.0, 0.37774956
17770.0, 0.3777368
17780.0, 0.37772408
17790.0, 0.3777114
17800.0, 0.37769872
17810.0, 0.37768605
17820.0, 0.37767342
17830.0, 0.37766084
17840.0, 0.37764826
17850.0, 0.37763572
17860.0, 0.37762317
17870.0, 0.37761068
17880.0, 0.3775982
17890.0, 0.37758574
17900.0, 0.3775733
17910.0, 0.3775609
17920.0, 0.37754852
17930.0, 0.37753615
17940.0, 0.37752384
17950.0, 0.37751153
17960.0, 0.37749922
17970.0, 0.37748697
17980.0, 0.37747473
17990.0, 0.3774625
18000.0, 0.37745032
18010.0, 0.37743816
18020.0, 0.377426
18030.0, 0.3774139
18040.0, 0.3774018
18050.0, 0.3773897
18060.0, 0.37737766
18070.0, 0.37736565
18080.0, 0.37735364
18090.0, 0.37734166
18100.0, 0.37732968
18110.0, 0.37731776
18120.0, 0.37730584
18130.0, 0.37729394
18140.0, 0.37728208
18150.0, 0.37727025
18160.0, 0.37725842
18170.0, 0.37724662
18180.0, 0.37723485
18190.0, 0.3772231
18200.0, 0.37721136
18210.0, 0.37719968
18220.0, 0.377188
18230.0, 0.3771763
18240.0, 0.3771647
18250.0, 0.37715307
18260.0, 0.37714148
18270.0, 0.3771299
18280.0, 0.37711835
18290.0, 0.37710685
18300.0, 0.37709534
18310.0, 0.37708387
18320.0, 0.3770724
18330.0, 0.37706095
18340.0, 0.37704954
18350.0, 0.37703815
18360.0, 0.37702677
18370.0, 0.37701544
18380.0, 0.37700412
18390.0, 0.37699282
18400.0, 0.37698153
18410.0, 0.37697026
18420.0, 0.37695903
18430.0, 0.37694782
18440.0, 0.3769366
18450.0, 0.37692544
18460.0, 0.3769143
18470.0, 0.37690318
18480.0, 0.37689206
18490.0, 0.37688097
18500.0, 0.37686992
18510.0, 0.37685886
18520.0, 0.37684783
18530.0, 0.37683684
18540.0, 0.37682587
18550.0, 0.3768149
18560.0, 0.37680396
18570.0, 0.37679306
18580.0, 0.37678215
18590.0, 0.37677127
18600.0, 0.37676042
18610.0, 0.3767496
18620.0, 0.3767388
18630.0, 0.376728
18640.0, 0.37671724
18650.0, 0.37670648
18660.0, 0.37669575
18670.0, 0.37668505
18680.0, 0.37667438
18690.0, 0.3766637
18700.0, 0.37665308
18710.0, 0.37664244
18720.0, 0.37663186
18730.0, 0.37662128
18740.0, 0.3766107
18750.0, 0.37660018
18760.0, 0.37658966
18770.0, 0.37657917
18780.0, 0.37656868
18790.0, 0.3765582
18800.0, 0.37654778
18810.0, 0.37653735
18820.0, 0.37652695
18830.0, 0.37651658
18840.0, 0.37650624
18850.0, 0.3764959
18860.0, 0.3764856
18870.0, 0.37647527
18880.0, 0.376465
18890.0, 0.37645474
18900.0, 0.37644452
18910.0, 0.3764343
18920.0, 0.3764241
18930.0, 0.3764139
18940.0, 0.37640375
18950.0, 0.37639362
18960.0, 0.3763835
18970.0, 0.3763734
18980.0, 0.37636334
18990.0, 0.37635326
19000.0, 0.37634325
19010.0, 0.3763332
19020.0, 0.37632322
19030.0, 0.37631324
19040.0, 0.3763033
19050.0, 0.37629333
19060.0, 0.3762834
19070.0, 0.3762735
19080.0, 0.37626362
19090.0, 0.37625375
19100.0, 0.37624392
19110.0, 0.37623408
19120.0, 0.37622428
19130.0, 0.3762145
19140.0, 0.37620473
19150.0, 0.37619498
19160.0, 0.37618524
19170.0, 0.37617555
19180.0, 0.37616584
19190.0, 0.37615618
19200.0, 0.37614653
19210.0, 0.37613687
19220.0, 0.37612727
19230.0, 0.37611768
19240.0, 0.37610808
19250.0, 0.3760985
19260.0, 0.37608898
19270.0, 0.37607947
19280.0, 0.37606993
19290.0, 0.37606046
19300.0, 0.376051
19310.0, 0.37604156
19320.0, 0.3760321
19330.0, 0.3760227
19340.0, 0.3760133
19350.0, 0.37600392
19360.0, 0.37599456
19370.0, 0.37598523
19380.0, 0.3759759
19390.0, 0.3759666
19400.0, 0.3759573
19410.0, 0.37594807
19420.0, 0.3759388
19430.0, 0.37592956
19440.0, 0.37592036
19450.0, 0.37591118
19460.0, 0.375902
19470.0, 0.37589285
19480.0, 0.3758837
19490.0, 0.37587455
19500.0, 0.37586546
19510.0, 0.37585637
19520.0, 0.3758473
19530.0, 0.37583825
19540.0, 0.37582922
19550.0, 0.3758202
19560.0, 0.3758112
19570.0, 0.37580222
19580.0, 0.37579325
19590.0, 0.3757843
19600.0, 0.37577537
19610.0, 0.37576646
19620.0, 0.37575758
19630.0, 0.3757487
19640.0, 0.37573984
19650.0, 0.375731
19660.0, 0.37572217
19670.0, 0.37571335
19680.0, 0.37570456
19690.0, 0.3756958
19700.0, 0.37568703
19710.0, 0.3756783
19720.0, 0.37566957
19730.0, 0.37566087
19740.0, 0.37565216
19750.0, 0.3756435
19760.0, 0.37563485
19770.0, 0.3756262
19780.0, 0.3756176
19790.0, 0.37560898
19800.0, 0.3756004
19810.0, 0.37559184
19820.0, 0.3755833
19830.0, 0.37557474
19840.0, 0.3755662
19850.0, 0.37555772
19860.0, 0.37554923
19870.0, 0.37554076
19880.0, 0.3755323
19890.0, 0.37552387
19900.0, 0.37551546
19910.0, 0.37550706
19920.0, 0.37549865
19930.0, 0.37549028
19940.0, 0.37548193
19950.0, 0.3754736
19960.0, 0.37546527
19970.0, 0.37545696
19980.0, 0.37544867
19990.0, 0.3754404
20000.0, 0.37543213
20010.0, 0.3754239
20020.0, 0.37541568
20030.0, 0.3754075
20040.0, 0.37539926
20050.0, 0.3753911
20060.0, 0.37538293
20070.0, 0.3753748
20080.0, 0.37536666
20090.0, 0.37535855
20100.0, 0.37535045
20110.0, 0.37534237
20120.0, 0.3753343
20130.0, 0.37532625
20140.0, 0.37531823
20150.0, 0.3753102
20160.0, 0.3753022
20170.0, 0.3752942
20180.0, 0.37528625
20190.0, 0.3752783
20200.0, 0.37527034
20210.0, 0.3752624
20220.0, 0.3752545
20230.0, 0.3752466
20240.0, 0.37523875
20250.0, 0.37523088
20260.0, 0.37522304
20270.0, 0.3752152
20280.0, 0.3752074
20290.0, 0.3751996
20300.0, 0.3751918
20310.0, 0.37518403
20320.0, 0.37517625
20330.0, 0.37516853
20340.0, 0.37516078
20350.0, 0.3751531
20360.0, 0.3751454
20370.0, 0.37513772
20380.0, 0.37513006
20390.0, 0.3751224
20400.0, 0.37511477
20410.0, 0.37510714
20420.0, 0.37509954
20430.0, 0.37509194
20440.0, 0.37508437
20450.0, 0.3750768
20460.0, 0.37506926
20470.0, 0.37506175
20480.0, 0.3750542
20490.0, 0.37504673
20500.0, 0.37503922
20510.0, 0.37503177
20520.0, 0.3750243
20530.0, 0.37501687
20540.0, 0.37500945
20550.0, 0.37500203
20560.0, 0.3749946
20570.0, 0.37498724
20580.0, 0.37497985
20590.0, 0.3749725
20600.0, 0.37496516
20610.0, 0.37495783
20620.0, 0.37495053
20630.0, 0.37494323
20640.0, 0.37493595
20650.0, 0.37492868
20660.0, 0.3749214
20670.0, 0.37491417
20680.0, 0.37490696
20690.0, 0.37489974
20700.0, 0.37489253
20710.0, 0.37488535
20720.0, 0.37487817
20730.0, 0.37487102
20740.0, 0.3748639
20750.0, 0.37485677
20760.0, 0.37484965
20770.0, 0.37484255
20780.0, 0.37483546
20790.0, 0.3748284
20800.0, 0.37482134
20810.0, 0.37481427
20820.0, 0.37480724
20830.0, 0.37480024
20840.0, 0.37479323
20850.0, 0.37478623
20860.0, 0.37477925
20870.0, 0.3747723
20880.0, 0.37476537
20890.0, 0.37475842
20900.0, 0.3747515
20910.0, 0.3747446
20920.0, 0.3747377
20930.0, 0.37473083
20940.0, 0.37472394
20950.0, 0.3747171
20960.0, 0.37471026
20970.0, 0.37470344
20980.0, 0.3746966
20990.0, 0.37468982
21000.0, 0.37468302
21010.0, 0.37467626
21020.0, 0.3746695
21030.0, 0.37466276
21040.0, 0.37465602
21050.0, 0.3746493
21060.0, 0.37464258
21070.0, 0.37463588
21080.0, 0.3746292
21090.0, 0.37462255
21100.0, 0.37461588
21110.0, 0.37460923
21120.0, 0.37460262
21130.0, 0.374596
21140.0, 0.3745894
21150.0, 0.37458283
21160.0, 0.37457624
21170.0, 0.37456965
21180.0, 0.37456313
21190.0, 0.37455657
21200.0, 0.37455004
21210.0, 0.37454355
21220.0, 0.37453705
21230.0, 0.37453055
21240.0, 0.3745241
21250.0, 0.37451762
21260.0, 0.37451118
21270.0, 0.37450475
21280.0, 0.3744983
21290.0, 0.3744919
21300.0, 0.37448552
21310.0, 0.37447912
21320.0, 0.37447274
21330.0, 0.3744664
21340.0, 0.37446004
21350.0, 0.3744537
21360.0, 0.37444738
21370.0, 0.37444106
21380.0, 0.37443477
21390.0, 0.37442848
21400.0, 0.37442222
21410.0, 0.37441596
21420.0, 0.3744097
21430.0, 0.37440348
21440.0, 0.37439725
21450.0, 0.37439105
21460.0, 0.37438482
21470.0, 0.37437865
21480.0, 0.37437248
21490.0, 0.3743663
21500.0, 0.37436014
21510.0, 0.374354
21520.0, 0.3743479
21530.0, 0.3743418
21540.0, 0.37433568
21550.0, 0.37432957
21560.0, 0.37432352
21570.0, 0.37431744
21580.0, 0.3743114
21590.0, 0.37430534
21600.0, 0.37429932
21610.0, 0.3742933
21620.0, 0.37428728
21630.0, 0.3742813
21640.0, 0.3742753
21650.0, 0.37426934
21660.0, 0.37426338
21670.0, 0.37425742
21680.0, 0.37425148
21690.0, 0.37424555
21700.0, 0.37423965
21710.0, 0.37423375
21720.0, 0.37422785
21730.0, 0.37422198
21740.0, 0.3742161
21750.0, 0.37421027
21760.0, 0.3742044
21770.0, 0.3741986
21780.0, 0.37419274
21790.0, 0.37418693
21800.0, 0.37418115
21810.0, 0.37417537
21820.0, 0.3741696
21830.0, 0.3741638
21840.0, 0.37415805
21850.0, 0.37415233
21860.0, 0.3741466
21870.0, 0.37414086
21880.0, 0.37413517
21890.0, 0.37412947
21900.0, 0.37412378
21910.0, 0.37411812
21920.0, 0.37411246
21930.0, 0.3741068
21940.0, 0.37410116
21950.0, 0.37409553
21960.0, 0.3740899
21970.0, 0.3740843
21980.0, 0.3740787
21990.0, 0.37407312
22000.0, 0.37406754
22010.0, 0.37406197
22020.0, 0.37405643
22030.0, 0.3740509
22040.0, 0.37404537
22050.0, 0.37403983
22060.0, 0.37403435
22070.0, 0.37402883
22080.0, 0.37402335
22090.0, 0.37401786
22100.0, 0.3740124
22110.0, 0.37400696
22120.0, 0.3740015
22130.0, 0.37399608
22140.0, 0.37399065
22150.0, 0.37398523
22160.0, 0.37397984
22170.0, 0.37397444
22180.0, 0.37396908
22190.0, 0.3739637
22200.0, 0.37395835
22210.0, 0.37395298
22220.0, 0.37394765
22230.0, 0.37394235
22240.0, 0.373937
22250.0, 0.3739317
22260.0, 0.3739264
22270.0, 0.37392113
22280.0, 0.37391585
22290.0, 0.37391058
22300.0, 0.37390533
22310.0, 0.3739001
22320.0, 0.37389487
22330.0, 0.37388963
22340.0, 0.37388444
22350.0, 0.37387922
22360.0, 0.37387404
22370.0, 0.37386885
22380.0, 0.37386367
22390.0, 0.3738585
22400.0, 0.37385336
22410.0, 0.37384823
22420.0, 0.3738431
22430.0, 0.37383798
22440.0, 0.37383285
22450.0, 0.37382776
22460.0, 0.37382266
22470.0, 0.3738176
22480.0, 0.37381253
22490.0, 0.37380746
22500.0, 0.3738024
22510.0, 0.37379736
22520.0, 0.37379232
22530.0, 0.3737873
22540.0, 0.3737823
22550.0, 0.3737773
22560.0, 0.37377232
22570.0, 0.37376732
22580.0, 0.37376237
22590.0, 0.3737574
22600.0, 0.37375244
22610.0, 0.3737475
22620.0, 0.37374258
22630.0, 0.37373763
22640.0, 0.37373275
22650.0, 0.37372783
22660.0, 0.37372294
22670.0, 0.37371805
22680.0, 0.37371317
22690.0, 0.3737083
22700.0, 0.37370345
22710.0, 0.37369862
22720.0, 0.37369376
22730.0, 0.37368897
22740.0, 0.37368414
22750.0, 0.37367934
22760.0, 0.37367454
22770.0, 0.37366974
22780.0, 0.37366498
22790.0, 0.3736602
22800.0, 0.37365544
22810.0, 0.3736507
22820.0, 0.37364593
22830.0, 0.37364122
22840.0, 0.37363648
22850.0, 0.37363178
22860.0, 0.37362707
22870.0, 0.3736224
22880.0, 0.37361768
22890.0, 0.37361303
22900.0, 0.37360835
22910.0, 0.3736037
22920.0, 0.37359905
22930.0, 0.3735944
22940.0, 0.37358978
22950.0, 0.37358516
22960.0, 0.37358055
22970.0, 0.37357593
22980.0, 0.37357134
22990.0, 0.37356675
23000.0, 0.3735622
23010.0, 0.37355763
23020.0, 0.37355307
23030.0, 0.3735485
23040.0, 0.37354398
23050.0, 0.37353945
23060.0, 0.37353492
23070.0, 0.37353042
23080.0, 0.3735259
23090.0, 0.37352142
23100.0, 0.37351692
23110.0, 0.37351245
23120.0, 0.37350798
23130.0, 0.3735035
23140.0, 0.37349907
23150.0, 0.37349463
23160.0, 0.37349018
23170.0, 0.37348577
23180.0, 0.37348136
23190.0, 0.37347695
23200.0, 0.37347254
23210.0, 0.37346816
23220.0, 0.37346378
23230.0, 0.3734594
23240.0, 0.37345505
23250.0, 0.37345067
23260.0, 0.37344635
23270.0, 0.373442
23280.0, 0.37343767
23290.0, 0.37343335
23300.0, 0.37342903
23310.0, 0.37342474
23320.0, 0.37342045
23330.0, 0.37341616
23340.0, 0.37341186
23350.0, 0.3734076
23360.0, 0.37340334
23370.0, 0.3733991
23380.0, 0.37339485
23390.0, 0.37339061
23400.0, 0.37338638
23410.0, 0.37338215
23420.0, 0.37337795
23430.0, 0.37337375
23440.0, 0.37336954
23450.0, 0.37336537
23460.0, 0.3733612
23470.0, 0.37335703
23480.0, 0.37335286
23490.0, 0.3733487
23500.0, 0.37334457
23510.0, 0.37334043
23520.0, 0.3733363
23530.0, 0.37333217
23540.0, 0.37332806
23550.0, 0.37332395
23560.0, 0.37331986
23570.0, 0.37331578
23580.0, 0.3733117
23590.0, 0.37330762
23600.0, 0.37330356
23610.0, 0.3732995
23620.0, 0.37329546
23630.0, 0.3732914
23640.0, 0.37328738
23650.0, 0.37328336
23660.0, 0.37327933
23670.0, 0.37327534
23680.0, 0.37327135
23690.0, 0.37326735
23700.0, 0.37326336
23710.0, 0.3732594
23720.0, 0.37325543
23730.0, 0.37325147
23740.0, 0.3732475
23750.0, 0.37324357
23760.0, 0.37323964
23770.0, 0.3732357
23780.0, 0.37323177
23790.0, 0.37322786
23800.0, 0.37322396
23810.0, 0.37322006
23820.0, 0.37321615
23830.0, 0.37321228
23840.0, 0.3732084
23850.0, 0.37320453
23860.0, 0.37320068
23870.0, 0.37319684
23880.0, 0.373193
23890.0, 0.37318915
23900.0, 0.3731853
23910.0, 0.3731815
23920.0, 0.37317768
23930.0, 0.3731739
23940.0, 0.37317008
23950.0, 0.3731663
23960.0, 0.3731625
23970.0, 0.37315872
23980.0, 0.37315497
23990.0, 0.3731512
24000.0, 0.37314746
24010.0, 0.3731437
24020.0, 0.37313995
24030.0, 0.37313622
24040.0, 0.3731325
24050.0, 0.37312877
24060.0, 0.37312508
24070.0, 0.37312138
24080.0, 0.3731177
24090.0, 0.373114
24100.0, 0.3731103
24110.0, 0.37310663
24120.0, 0.37310296
24130.0, 0.3730993
24140.0, 0.37309566
24150.0, 0.37309203
24160.0, 0.3730884
24170.0, 0.37308475
24180.0, 0.37308112
24190.0, 0.3730775
24200.0, 0.3730739
24210.0, 0.3730703
24220.0, 0.3730667
24230.0, 0.37306312
24240.0, 0.37305954
24250.0, 0.37305596
24260.0, 0.3730524
24270.0, 0.37304884
24280.0, 0.3730453
24290.0, 0.37304175
24300.0, 0.3730382
24310.0, 0.3730347
24320.0, 0.37303114
24330.0, 0.37302762
24340.0, 0.37302414
24350.0, 0.37302062
24360.0, 0.37301713
24370.0, 0.37301365
24380.0, 0.37301016
24390.0, 0.37300667
24400.0, 0.3730032
24410.0, 0.37299976
24420.0, 0.3729963
24430.0, 0.37299284
24440.0, 0.37298942
24450.0, 0.372986
24460.0, 0.37298256
24470.0, 0.37297913
24480.0, 0.3729757
24490.0, 0.3729723
24500.0, 0.3729689
24510.0, 0.3729655
24520.0, 0.37296212
24530.0, 0.37295875
24540.0, 0.37295538
24550.0, 0.372952
24560.0, 0.37294865
24570.0, 0.3729453
24580.0, 0.37294194
24590.0, 0.3729386
24600.0, 0.37293527
24610.0, 0.37293196
24620.0, 0.37292862
24630.0, 0.3729253
24640.0, 0.372922
24650.0, 0.3729187
24660.0, 0.37291542
24670.0, 0.37291214
24680.0, 0.37290886
24690.0, 0.37290558
24700.0, 0.3729023
24710.0, 0.37289906
24720.0, 0.37289578
24730.0, 0.37289253
24740.0, 0.37288928
24750.0, 0.37288606
24760.0, 0.37288284
24770.0, 0.37287962
24780.0, 0.37287638
24790.0, 0.3728732
24800.0, 0.37286997
24810.0, 0.37286678
24820.0, 0.3728636
24830.0, 0.3728604
24840.0, 0.37285724
24850.0, 0.37285405
24860.0, 0.3728509
24870.0, 0.37284774
24880.0, 0.37284458
24890.0, 0.37284145
24900.0, 0.3728383
24910.0, 0.37283516
24920.0, 0.37283203
24930.0, 0.3728289
24940.0, 0.3728258
24950.0, 0.37282267
24960.0, 0.37281957
24970.0, 0.37281647
24980.0, 0.37281337
24990.0, 0.3728103
25000.0, 0.3728072
25010.0, 0.37280414
25020.0, 0.37280107
25030.0, 0.37279803
25040.0, 0.37279496
25050.0, 0.37279192
25060.0, 0.37278888
25070.0, 0.37278584
25080.0, 0.3727828
25090.0, 0.3727798
25100.0, 0.37277678
25110.0, 0.37277377
25120.0, 0.37277076
25130.0, 0.37276775
25140.0, 0.37276474
25150.0, 0.37276176
25160.0, 0.37275878
25170.0, 0.3727558
25180.0, 0.37275285
25190.0, 0.37274987
25200.0, 0.3727469
25210.0, 0.37274396
25220.0, 0.372741
25230.0, 0.37273806
25240.0, 0.37273514
25250.0, 0.3727322
25260.0, 0.37272927
25270.0, 0.37272635
25280.0, 0.37272343
25290.0, 0.37272054
25300.0, 0.37271762
25310.0, 0.37271473
25320.0, 0.37271184
25330.0, 0.37270898
25340.0, 0.3727061
25350.0, 0.37270322
25360.0, 0.37270033
25370.0, 0.37269747
25380.0, 0.37269464
25390.0, 0.37269178
25400.0, 0.37268892
25410.0, 0.3726861
25420.0, 0.37268326
25430.0, 0.37268046
25440.0, 0.37267762
25450.0, 0.3726748
25460.0, 0.372672
25470.0, 0.3726692
25480.0, 0.3726664
25490.0, 0.3726636
25500.0, 0.37266082
25510.0, 0.372658
25520.0, 0.37265524
25530.0, 0.37265247
25540.0, 0.3726497
25550.0, 0.37264696
25560.0, 0.3726442
25570.0, 0.37264144
25580.0, 0.3726387
25590.0, 0.37263596
25600.0, 0.37263322
25610.0, 0.3726305
25620.0, 0.37262776
25630.0, 0.37262505
25640.0, 0.37262234
25650.0, 0.37261963
25660.0, 0.37261695
25670.0, 0.37261423
25680.0, 0.37261155
25690.0, 0.37260887
25700.0, 0.3726062
25710.0, 0.3726035
25720.0, 0.37260085
25730.0, 0.37259817
25740.0, 0.37259552
25750.0, 0.37259287
25760.0, 0.3725902
25770.0, 0.3725876
25780.0, 0.37258494
25790.0, 0.37258232
25800.0, 0.3725797
25810.0, 0.37257707
25820.0, 0.37257445
25830.0, 0.37257183
25840.0, 0.37256923
25850.0, 0.37256664
25860.0, 0.37256402
25870.0, 0.37256145
25880.0, 0.37255886
25890.0, 0.37255627
25900.0, 0.3725537
25910.0, 0.37255114
25920.0, 0.37254858
25930.0, 0.37254602
25940.0, 0.37254345
25950.0, 0.3725409
25960.0, 0.37253836
25970.0, 0.37253582
25980.0, 0.3725333
25990.0, 0.37253076
26000.0, 0.37252823
26010.0, 0.3725257
26020.0, 0.3725232
26030.0, 0.3725207
26040.0, 0.37251818
26050.0, 0.37251568
26060.0, 0.37251318
26070.0, 0.3725107
26080.0, 0.3725082
26090.0, 0.37250572
26100.0, 0.37250325
26110.0, 0.37250078
26120.0, 0.3724983
26130.0, 0.37249586
26140.0, 0.37249342
26150.0, 0.37249094
26160.0, 0.3724885
26170.0, 0.37248605
26180.0, 0.37248364
26190.0, 0.3724812
26200.0, 0.37247878
26210.0, 0.37247634
26220.0, 0.37247393
26230.0, 0.37247154
26240.0, 0.37246913
26250.0, 0.3724667
26260.0, 0.37246433
26270.0, 0.37246192
26280.0, 0.37245953
26290.0, 0.37245715
26300.0, 0.37245476
26310.0, 0.3724524
26320.0, 0.37245002
26330.0, 0.37244767
26340.0, 0.37244532
26350.0, 0.37244296
26360.0, 0.3724406
26370.0, 0.37243825
26380.0, 0.37243593
26390.0, 0.37243357
26400.0, 0.37243125
26410.0, 0.37242892
26420.0, 0.3724266
26430.0, 0.37242427
26440.0, 0.37242198
26450.0, 0.37241966
26460.0, 0.37241736
26470.0, 0.37241507
26480.0, 0.37241277
26490.0, 0.37241048
26500.0, 0.37240818
26510.0, 0.37240592
26520.0, 0.37240362
26530.0, 0.37240136
26540.0, 0.3723991
26550.0, 0.37239683
26560.0, 0.37239456
26570.0, 0.3723923
26580.0, 0.37239006
26590.0, 0.37238783
26600.0, 0.3723856
26610.0, 0.37238333
26620.0, 0.37238112
26630.0, 0.3723789
26640.0, 0.37237665
26650.0, 0.37237445
26660.0, 0.3723722
26670.0, 0.37237
26680.0, 0.3723678
26690.0, 0.37236562
26700.0, 0.37236342
26710.0, 0.3723612
26720.0, 0.37235904
26730.0, 0.37235686
26740.0, 0.37235466
26750.0, 0.37235248
26760.0, 0.37235034
26770.0, 0.37234816
26780.0, 0.37234598
26790.0, 0.37234384
26800.0, 0.3723417
26810.0, 0.37233955
26820.0, 0.3723374
26830.0, 0.37233526
26840.0, 0.3723331
26850.0, 0.372331
26860.0, 0.37232885
26870.0, 0.37232673
26880.0, 0.37232462
26890.0, 0.3723225
26900.0, 0.37232038
26910.0, 0.37231827
26920.0, 0.37231618
26930.0, 0.37231407
26940.0, 0.37231198
26950.0, 0.3723099
26960.0, 0.3723078
26970.0, 0.37230572
26980.0, 0.37230363
26990.0, 0.37230158
27000.0, 0.3722995
27010.0, 0.37229744
27020.0, 0.37229538
27030.0, 0.37229332
27040.0, 0.37229127
27050.0, 0.3722892
27060.0, 0.37228718
27070.0, 0.37228513
27080.0, 0.3722831
27090.0, 0.37228107
27100.0, 0.37227905
27110.0, 0.37227702
27120.0, 0.372275
27130.0, 0.37227297
27140.0, 0.37227097
27150.0, 0.37226894
27160.0, 0.37226695
27170.0, 0.37226495
27180.0, 0.37226295
27190.0, 0.37226096
27200.0, 0.37225896
27210.0, 0.372257
27220.0, 0.372255
27230.0, 0.37225303
27240.0, 0.37225106
27250.0, 0.3722491
27260.0, 0.37224713
27270.0, 0.37224516
27280.0, 0.3722432
27290.0, 0.37224126
27300.0, 0.3722393
27310.0, 0.37223735
27320.0, 0.37223542
27330.0, 0.37223348
27340.0, 0.37223154
27350.0, 0.3722296
27360.0, 0.3722277
27370.0, 0.37222576
27380.0, 0.37222385
27390.0, 0.37222192
27400.0, 0.37222
27410.0, 0.3722181
27420.0, 0.3722162
27430.0, 0.37221432
27440.0, 0.3722124
27450.0, 0.37221053
27460.0, 0.37220863
27470.0, 0.37220675
27480.0, 0.37220487
27490.0, 0.372203
27500.0, 0.3722011
27510.0, 0.37219924
27520.0, 0.37219736
27530.0, 0.3721955
27540.0, 0.37219366
27550.0, 0.37219182
27560.0, 0.37218994
27570.0, 0.3721881
27580.0, 0.37218624
27590.0, 0.37218443
27600.0, 0.37218258
27610.0, 0.37218076
27620.0, 0.3721789
27630.0, 0.3721771
27640.0, 0.37217528
27650.0, 0.37217346
27660.0, 0.37217164
27670.0, 0.37216982
27680.0, 0.372168
27690.0, 0.37216622
27700.0, 0.37216443
27710.0, 0.3721626
27720.0, 0.37216082
27730.0, 0.37215903
27740.0, 0.37215725
27750.0, 0.37215546
27760.0, 0.3721537
27770.0, 0.3721519
27780.0, 0.37215015
27790.0, 0.37214836
27800.0, 0.3721466
27810.0, 0.37214485
27820.0, 0.3721431
27830.0, 0.37214133
27840.0, 0.3721396
27850.0, 0.37213784
27860.0, 0.3721361
27870.0, 0.37213436
27880.0, 0.37213263
27890.0, 0.3721309
27900.0, 0.37212914
27910.0, 0.37212744
27920.0, 0.37212572
27930.0, 0.372124
27940.0, 0.37212226
27950.0, 0.37212056
27960.0, 0.37211883
27970.0, 0.37211713
27980.0, 0.37211543
27990.0, 0.37211373
28000.0, 0.37211204
28010.0, 0.37211034
28020.0, 0.37210867
28030.0, 0.37210697
28040.0, 0.3721053
28050.0, 0.3721036
28060.0, 0.37210193
28070.0, 0.37210026
28080.0, 0.3720986
28090.0, 0.37209693
28100.0, 0.37209526
28110.0, 0.37209362
28120.0, 0.37209195
28130.0, 0.3720903
28140.0, 0.37208864
28150.0, 0.372087
28160.0, 0.37208536
28170.0, 0.37208372
28180.0, 0.37208208
28190.0, 0.37208045
28200.0, 0.37207884
28210.0, 0.3720772
28220.0, 0.3720756
28230.0, 0.37207395
28240.0, 0.37207234
28250.0, 0.37207073
28260.0, 0.37206912
28270.0, 0.3720675
28280.0, 0.3720659
28290.0, 0.3720643
28300.0, 0.3720627
28310.0, 0.3720611
28320.0, 0.37205952
28330.0, 0.37205794
28340.0, 0.37205634
28350.0, 0.37205476
28360.0, 0.37205318
28370.0, 0.3720516
28380.0, 0.37205005
28390.0, 0.37204847
28400.0, 0.3720469
28410.0, 0.37204534
28420.0, 0.3720438
28430.0, 0.3720422
28440.0, 0.37204066
28450.0, 0.3720391
28460.0, 0.37203756
28470.0, 0.37203604
28480.0, 0.3720345
28490.0, 0.37203294
28500.0, 0.37203142
28510.0, 0.37202987
28520.0, 0.37202835
28530.0, 0.37202683
28540.0, 0.3720253
28550.0, 0.3720238
28560.0, 0.37202227
28570.0, 0.37202075
28580.0, 0.37201923
28590.0, 0.37201774
28600.0, 0.37201622
28610.0, 0.37201473
28620.0, 0.37201324
28630.0, 0.37201172
28640.0, 0.37201023
28650.0, 0.37200874
28660.0, 0.37200725
28670.0, 0.37200576
28680.0, 0.3720043
28690.0, 0.3720028
28700.0, 0.37200135
28710.0, 0.37199986
28720.0, 0.3719984
28730.0, 0.37199694
28740.0, 0.37199548
28750.0, 0.37199402
28760.0, 0.37199256
28770.0, 0.3719911
28780.0, 0.37198964
28790.0, 0.3719882
28800.0, 0.37198675
28810.0, 0.37198532
28820.0, 0.37198386
28830.0, 0.37198243
28840.0, 0.371981
28850.0, 0.37197956
28860.0, 0.37197813
28870.0, 0.3719767
28880.0, 0.37197527
28890.0, 0.37197387
28900.0, 0.37197244
28910.0, 0.37197104
28920.0, 0.3719696
28930.0, 0.3719682
28940.0, 0.3719668
28950.0, 0.3719654
28960.0, 0.371964
28970.0, 0.3719626
28980.0, 0.3719612
28990.0, 0.3719598
29000.0, 0.37195843
29010.0, 0.37195703
29020.0, 0.37195566
29030.0, 0.37195426
29040.0, 0.3719529
29050.0, 0.37195152
29060.0, 0.37195015
29070.0, 0.37194878
29080.0, 0.3719474
29090.0, 0.37194604
29100.0, 0.37194467
29110.0, 0.37194332
29120.0, 0.37194195
29130.0, 0.3719406
29140.0, 0.37193924
29150.0, 0.3719379
29160.0, 0.37193656
29170.0, 0.37193522
29180.0, 0.37193388
29190.0, 0.37193254
29200.0, 0.3719312
29210.0, 0.37192988
29220.0, 0.37192854
29230.0, 0.37192723
29240.0, 0.3719259
29250.0, 0.37192458
29260.0, 0.37192324
29270.0, 0.37192193
29280.0, 0.37192062
29290.0, 0.3719193
29300.0, 0.371918
29310.0, 0.37191668
29320.0, 0.3719154
29330.0, 0.3719141
29340.0, 0.3719128
29350.0, 0.3719115
29360.0, 0.3719102
29370.0, 0.3719089
29380.0, 0.37190762
29390.0, 0.37190634
29400.0, 0.37190506
29410.0, 0.37190378
29420.0, 0.3719025
29430.0, 0.3719012
29440.0, 0.37189993
29450.0, 0.37189868
29460.0, 0.3718974
29470.0, 0.37189615
29480.0, 0.37189487
29490.0, 0.3718936
29500.0, 0.37189236
29510.0, 0.3718911
29520.0, 0.37188986
29530.0, 0.3718886
29540.0, 0.37188736
29550.0, 0.3718861
29560.0, 0.37188485
29570.0, 0.37188363
29580.0, 0.37188238
29590.0, 0.37188116
29600.0, 0.3718799
29610.0, 0.37187868
29620.0, 0.37187746
29630.0, 0.37187624
29640.0, 0.37187502
29650.0, 0.3718738
29660.0, 0.37187257
29670.0, 0.37187135
29680.0, 0.37187013
29690.0, 0.37186894
29700.0, 0.37186772
29710.0, 0.37186652
29720.0, 0.3718653
29730.0, 0.3718641
29740.0, 0.37186292
29750.0, 0.37186173
29760.0, 0.37186053
29770.0, 0.37185934
29780.0, 0.37185815
29790.0, 0.37185696
29800.0, 0.37185577
29810.0, 0.3718546
29820.0, 0.3718534
29830.0, 0.37185222
29840.0, 0.37185106
29850.0, 0.3718499
29860.0, 0.3718487
29870.0, 0.37184754
29880.0, 0.37184638
29890.0, 0.37184522
29900.0, 0.37184405
29910.0, 0.3718429
29920.0, 0.37184173
29930.0, 0.3718406
29940.0, 0.37183943
29950.0, 0.37183827
29960.0, 0.37183714
29970.0, 0.37183598
29980.0, 0.37183484
29990.0, 0.3718337
30000.0, 0.37183255
