Energy (in eV), backscattering yield of material gr2k-NASCAP at incidence 0.0 degree
   X,       Y
0.0, 0.0
10.0, 0.0
20.0, 0.0
30.0, 0.0
40.0, 0.0
50.0, 0.0
60.0, 0.010021283
70.0, 0.018471979
80.0, 0.025771804
90.0, 0.03219164
100.0, 0.037916582
110.0, 0.043078702
120.0, 0.047775596
130.0, 0.05208142
140.0, 0.05605387
150.0, 0.05973869
160.0, 0.06317278
170.0, 0.06638637
180.0, 0.069404475
190.0, 0.07224809
200.0, 0.07493499
210.0, 0.07748033
220.0, 0.07989721
230.0, 0.08219691
240.0, 0.084389366
250.0, 0.086483225
260.0, 0.08848615
270.0, 0.090404965
280.0, 0.092245705
290.0, 0.094013825
300.0, 0.095714174
310.0, 0.09735118
320.0, 0.09892881
330.0, 0.10045068
340.0, 0.10192011
350.0, 0.10334008
360.0, 0.10471337
370.0, 0.10604253
380.0, 0.10732984
390.0, 0.108577475
400.0, 0.109787464
410.0, 0.1109616
420.0, 0.11210162
430.0, 0.11320911
440.0, 0.114285536
450.0, 0.11533233
460.0, 0.11635071
470.0, 0.11734194
480.0, 0.11830717
490.0, 0.11924743
500.0, 0.120163724
510.0, 0.121057004
520.0, 0.12192815
530.0, 0.12277801
540.0, 0.12360736
550.0, 0.12441696
560.0, 0.12520754
570.0, 0.1259797
580.0, 0.12673418
590.0, 0.12747149
600.0, 0.12819226
610.0, 0.12889701
620.0, 0.12958626
630.0, 0.13026053
640.0, 0.13092026
650.0, 0.13156593
660.0, 0.13219795
670.0, 0.13281673
680.0, 0.13342267
690.0, 0.13401616
700.0, 0.13459753
710.0, 0.13516712
720.0, 0.1357253
730.0, 0.13627234
740.0, 0.13680862
750.0, 0.13733435
760.0, 0.13784984
770.0, 0.13835534
780.0, 0.13885118
790.0, 0.13933754
800.0, 0.13981467
810.0, 0.14028284
820.0, 0.14074223
830.0, 0.14119306
840.0, 0.14163557
850.0, 0.14206992
860.0, 0.14249635
870.0, 0.14291498
880.0, 0.14332607
890.0, 0.14372973
900.0, 0.14412618
910.0, 0.14451553
920.0, 0.14489797
930.0, 0.14527366
940.0, 0.1456427
950.0, 0.1460053
960.0, 0.14636157
970.0, 0.14671165
980.0, 0.14705564
990.0, 0.1473937
1000.0, 0.14772594
1010.0, 0.14756237
1020.0, 0.14739911
1030.0, 0.14723618
1040.0, 0.14707357
1050.0, 0.1469113
1060.0, 0.14674933
1070.0, 0.14658771
1080.0, 0.1464264
1090.0, 0.14626542
1100.0, 0.14610475
1110.0, 0.1459444
1120.0, 0.14578438
1130.0, 0.14562468
1140.0, 0.1454653
1150.0, 0.14530623
1160.0, 0.14514749
1170.0, 0.14498906
1180.0, 0.14483094
1190.0, 0.14467314
1200.0, 0.14451565
1210.0, 0.14435849
1220.0, 0.14420164
1230.0, 0.14404508
1240.0, 0.14388886
1250.0, 0.14373295
1260.0, 0.14357734
1270.0, 0.14342205
1280.0, 0.14326707
1290.0, 0.14311239
1300.0, 0.14295803
1310.0, 0.14280397
1320.0, 0.14265022
1330.0, 0.14249678
1340.0, 0.14234364
1350.0, 0.14219081
1360.0, 0.1420383
1370.0, 0.14188607
1380.0, 0.14173417
1390.0, 0.14158255
1400.0, 0.14143124
1410.0, 0.14128023
1420.0, 0.14112954
1430.0, 0.14097913
1440.0, 0.14082903
1450.0, 0.14067923
1460.0, 0.14052972
1470.0, 0.14038052
1480.0, 0.14023161
1490.0, 0.140083
1500.0, 0.13993469
1510.0, 0.13978668
1520.0, 0.13963896
1530.0, 0.13949153
1540.0, 0.1393444
1550.0, 0.13919756
1560.0, 0.13905102
1570.0, 0.13890477
1580.0, 0.13875881
1590.0, 0.13861315
1600.0, 0.13846777
1610.0, 0.13832268
1620.0, 0.13817789
1630.0, 0.13803339
1640.0, 0.13788918
1650.0, 0.13774525
1660.0, 0.1376016
1670.0, 0.13745825
1680.0, 0.13731518
1690.0, 0.1371724
1700.0, 0.1370299
1710.0, 0.13688768
1720.0, 0.13674577
1730.0, 0.13660412
1740.0, 0.13646276
1750.0, 0.13632168
1760.0, 0.13618088
1770.0, 0.13604036
1780.0, 0.13590012
1790.0, 0.13576017
1800.0, 0.1356205
1810.0, 0.1354811
1820.0, 0.13534199
1830.0, 0.13520315
1840.0, 0.13506459
1850.0, 0.1349263
1860.0, 0.13478829
1870.0, 0.13465056
1880.0, 0.13451311
1890.0, 0.13437591
1900.0, 0.134239
1910.0, 0.13410237
1920.0, 0.13396601
1930.0, 0.13382992
1940.0, 0.1336941
1950.0, 0.13355856
1960.0, 0.13342328
1970.0, 0.13328828
1980.0, 0.13315354
1990.0, 0.13301907
2000.0, 0.13288487
2010.0, 0.13275094
2020.0, 0.13261728
2030.0, 0.13248388
2040.0, 0.13235076
2050.0, 0.1322179
2060.0, 0.1320853
2070.0, 0.13195297
2080.0, 0.1318209
2090.0, 0.13168909
2100.0, 0.13155755
2110.0, 0.13142627
2120.0, 0.13129526
2130.0, 0.1311645
2140.0, 0.13103402
2150.0, 0.13090378
2160.0, 0.13077381
2170.0, 0.1306441
2180.0, 0.13051464
2190.0, 0.13038544
2200.0, 0.13025652
2210.0, 0.13012783
2220.0, 0.12999941
2230.0, 0.12987125
2240.0, 0.12974334
2250.0, 0.12961568
2260.0, 0.12948829
2270.0, 0.12936114
2280.0, 0.12923425
2290.0, 0.12910762
2300.0, 0.12898123
2310.0, 0.12885511
2320.0, 0.12872922
2330.0, 0.12860359
2340.0, 0.12847823
2350.0, 0.12835309
2360.0, 0.12822822
2370.0, 0.1281036
2380.0, 0.12797922
2390.0, 0.12785509
2400.0, 0.1277312
2410.0, 0.12760757
2420.0, 0.12748419
2430.0, 0.12736104
2440.0, 0.12723815
2450.0, 0.1271155
2460.0, 0.1269931
2470.0, 0.12687095
2480.0, 0.12674904
2490.0, 0.12662736
2500.0, 0.12650594
2510.0, 0.12638475
2520.0, 0.12626381
2530.0, 0.12614311
2540.0, 0.12602265
2550.0, 0.12590243
2560.0, 0.12578245
2570.0, 0.12566271
2580.0, 0.1255432
2590.0, 0.12542395
2600.0, 0.12530492
2610.0, 0.12518615
2620.0, 0.12506759
2630.0, 0.12494928
2640.0, 0.12483121
2650.0, 0.12471337
2660.0, 0.12459576
2670.0, 0.12447839
2680.0, 0.12436126
2690.0, 0.12424436
2700.0, 0.12412769
2710.0, 0.12401126
2720.0, 0.123895064
2730.0, 0.123779096
2740.0, 0.12366336
2750.0, 0.12354785
2760.0, 0.12343258
2770.0, 0.12331753
2780.0, 0.12320272
2790.0, 0.12308813
2800.0, 0.12297378
2810.0, 0.12285965
2820.0, 0.12274575
2830.0, 0.12263208
2840.0, 0.12251863
2850.0, 0.12240541
2860.0, 0.12229242
2870.0, 0.12217966
2880.0, 0.122067116
2890.0, 0.1219548
2900.0, 0.121842705
2910.0, 0.12173084
2920.0, 0.121619195
2930.0, 0.12150777
2940.0, 0.12139657
2950.0, 0.121285595
2960.0, 0.12117484
2970.0, 0.12106431
2980.0, 0.120954
2990.0, 0.1208439
3000.0, 0.120734036
3010.0, 0.12062438
3020.0, 0.120514944
3030.0, 0.12040573
3040.0, 0.12029674
3050.0, 0.12018795
3060.0, 0.1200794
3070.0, 0.11997105
3080.0, 0.11986292
3090.0, 0.11975501
3100.0, 0.11964732
3110.0, 0.119539835
3120.0, 0.11943257
3130.0, 0.11932551
3140.0, 0.11921868
3150.0, 0.11911205
3160.0, 0.119005635
3170.0, 0.118899435
3180.0, 0.11879345
3190.0, 0.118687674
3200.0, 0.118582115
3210.0, 0.118476756
3220.0, 0.11837161
3230.0, 0.11826669
3240.0, 0.11816196
3250.0, 0.118057445
3260.0, 0.117953144
3270.0, 0.117849045
3280.0, 0.11774516
3290.0, 0.11764148
3300.0, 0.117538005
3310.0, 0.11743473
3320.0, 0.117331676
3330.0, 0.11722882
3340.0, 0.117126174
3350.0, 0.11702373
3360.0, 0.116921484
3370.0, 0.116819456
3380.0, 0.11671762
3390.0, 0.116615996
3400.0, 0.11651457
3410.0, 0.11641335
3420.0, 0.116312325
3430.0, 0.11621151
3440.0, 0.11611089
3450.0, 0.11601048
3460.0, 0.11591026
3470.0, 0.115810245
3480.0, 0.11571043
3490.0, 0.115610816
3500.0, 0.1155114
3510.0, 0.11541218
3520.0, 0.115313165
3530.0, 0.11521434
3540.0, 0.11511572
3550.0, 0.11501729
3560.0, 0.11491906
3570.0, 0.114821024
3580.0, 0.11472318
3590.0, 0.11462554
3600.0, 0.1145281
3610.0, 0.114430845
3620.0, 0.114333786
3630.0, 0.11423692
3640.0, 0.11414025
3650.0, 0.11404377
3660.0, 0.11394748
3670.0, 0.11385139
3680.0, 0.11375549
3690.0, 0.11365978
3700.0, 0.11356426
3710.0, 0.11346893
3720.0, 0.11337379
3730.0, 0.11327885
3740.0, 0.113184094
3750.0, 0.113089524
3760.0, 0.11299515
3770.0, 0.11290096
3780.0, 0.11280695
3790.0, 0.112713136
3800.0, 0.11261951
3810.0, 0.112526074
3820.0, 0.11243282
3830.0, 0.11233975
3840.0, 0.11224687
3850.0, 0.11215418
3860.0, 0.112061664
3870.0, 0.111969344
3880.0, 0.1118772
3890.0, 0.11178524
3900.0, 0.11169347
3910.0, 0.11160188
3920.0, 0.11151048
3930.0, 0.11141925
3940.0, 0.11132821
3950.0, 0.11123735
3960.0, 0.11114667
3970.0, 0.11105617
3980.0, 0.110965855
3990.0, 0.11087572
4000.0, 0.11078577
4010.0, 0.11069599
4020.0, 0.110606395
4030.0, 0.11051697
4040.0, 0.11042774
4050.0, 0.11033867
4060.0, 0.110249795
4070.0, 0.11016109
4080.0, 0.11007256
4090.0, 0.10998421
4100.0, 0.109896034
4110.0, 0.109808035
4120.0, 0.109720215
4130.0, 0.10963257
4140.0, 0.1095451
4150.0, 0.1094578
4160.0, 0.10937068
4170.0, 0.10928373
4180.0, 0.10919695
4190.0, 0.10911035
4200.0, 0.10902392
4210.0, 0.108937666
4220.0, 0.10885158
4230.0, 0.10876567
4240.0, 0.10867993
4250.0, 0.108594365
4260.0, 0.10850897
4270.0, 0.10842374
4280.0, 0.108338684
4290.0, 0.10825379
4300.0, 0.10816908
4310.0, 0.10808453
4320.0, 0.10800015
4330.0, 0.10791594
4340.0, 0.107831895
4350.0, 0.107748024
4360.0, 0.10766432
4370.0, 0.10758078
4380.0, 0.10749741
4390.0, 0.1074142
4400.0, 0.107331164
4410.0, 0.107248284
4420.0, 0.10716558
4430.0, 0.10708304
4440.0, 0.10700066
4450.0, 0.10691845
4460.0, 0.10683639
4470.0, 0.10675451
4480.0, 0.106672786
4490.0, 0.10659123
4500.0, 0.106509835
4510.0, 0.1064286
4520.0, 0.10634753
4530.0, 0.106266625
4540.0, 0.106185876
4550.0, 0.10610529
4560.0, 0.10602487
4570.0, 0.1059446
4580.0, 0.1058645
4590.0, 0.10578456
4600.0, 0.10570478
4610.0, 0.10562515
4620.0, 0.105545685
4630.0, 0.10546638
4640.0, 0.10538723
4650.0, 0.10530824
4660.0, 0.10522941
4670.0, 0.10515074
4680.0, 0.105072215
4690.0, 0.10499386
4700.0, 0.104915656
4710.0, 0.104837604
4720.0, 0.104759715
4730.0, 0.104681976
4740.0, 0.1046044
4750.0, 0.104526974
4760.0, 0.104449704
4770.0, 0.10437258
4780.0, 0.10429562
4790.0, 0.10421881
4800.0, 0.10414216
4810.0, 0.10406566
4820.0, 0.10398931
4830.0, 0.10391311
4840.0, 0.103837065
4850.0, 0.103761174
4860.0, 0.10368543
4870.0, 0.103609845
4880.0, 0.10353441
4890.0, 0.10345912
4900.0, 0.10338398
4910.0, 0.10330899
4920.0, 0.10323416
4930.0, 0.103159465
4940.0, 0.10308493
4950.0, 0.103010535
4960.0, 0.1029363
4970.0, 0.1028622
4980.0, 0.10278826
4990.0, 0.102714464
5000.0, 0.102640815
5010.0, 0.10256731
5020.0, 0.10249396
5030.0, 0.10242075
5040.0, 0.10234769
5050.0, 0.10227477
5060.0, 0.102202
5070.0, 0.10212937
5080.0, 0.10205689
5090.0, 0.10198455
5100.0, 0.101912364
5110.0, 0.10184032
5120.0, 0.10176841
5130.0, 0.101696655
5140.0, 0.10162504
5150.0, 0.10155357
5160.0, 0.101482235
5170.0, 0.101411045
5180.0, 0.10134
5190.0, 0.101269096
5200.0, 0.10119834
5210.0, 0.101127714
5220.0, 0.10105724
5230.0, 0.1009869
5240.0, 0.1009167
5250.0, 0.10084664
5260.0, 0.100776725
5270.0, 0.10070695
5280.0, 0.10063731
5290.0, 0.10056781
5300.0, 0.10049845
5310.0, 0.10042923
5320.0, 0.10036015
5330.0, 0.1002912
5340.0, 0.100222394
5350.0, 0.10015372
5360.0, 0.10008519
5370.0, 0.100016795
5380.0, 0.09994853
5390.0, 0.09988041
5400.0, 0.099812426
5410.0, 0.09974457
5420.0, 0.099676855
5430.0, 0.09960928
5440.0, 0.09954183
5450.0, 0.09947452
5460.0, 0.099407345
5470.0, 0.0993403
5480.0, 0.09927339
5490.0, 0.09920662
5500.0, 0.09913998
5510.0, 0.09907347
5520.0, 0.09900709
5530.0, 0.09894086
5540.0, 0.09887474
5550.0, 0.098808765
5560.0, 0.09874292
5570.0, 0.0986772
5580.0, 0.09861162
5590.0, 0.09854617
5600.0, 0.09848085
5610.0, 0.09841566
5620.0, 0.0983506
5630.0, 0.09828567
5640.0, 0.09822087
5650.0, 0.0981562
5660.0, 0.098091654
5670.0, 0.09802724
5680.0, 0.09796295
5690.0, 0.097898796
5700.0, 0.09783477
5710.0, 0.09777087
5720.0, 0.0977071
5730.0, 0.09764346
5740.0, 0.09757993
5750.0, 0.097516544
5760.0, 0.09745328
5770.0, 0.097390145
5780.0, 0.097327136
5790.0, 0.097264245
5800.0, 0.09720149
5810.0, 0.09713885
5820.0, 0.09707634
5830.0, 0.09701396
5840.0, 0.0969517
5850.0, 0.09688956
5860.0, 0.09682755
5870.0, 0.09676567
5880.0, 0.0967039
5890.0, 0.09664226
5900.0, 0.096580744
5910.0, 0.09651935
5920.0, 0.09645808
5930.0, 0.09639693
5940.0, 0.0963359
5950.0, 0.096274994
5960.0, 0.09621421
5970.0, 0.09615355
5980.0, 0.09609301
5990.0, 0.09603259
6000.0, 0.09597229
6010.0, 0.095912114
6020.0, 0.095852055
6030.0, 0.095792115
6040.0, 0.095732294
6050.0, 0.0956726
6060.0, 0.09561302
6070.0, 0.095553555
6080.0, 0.09549422
6090.0, 0.09543499
6100.0, 0.09537589
6110.0, 0.0953169
6120.0, 0.09525803
6130.0, 0.09519928
6140.0, 0.09514064
6150.0, 0.09508213
6160.0, 0.09502373
6170.0, 0.09496544
6180.0, 0.09490728
6190.0, 0.09484923
6200.0, 0.09479129
6210.0, 0.09473347
6220.0, 0.09467577
6230.0, 0.09461818
6240.0, 0.094560705
6250.0, 0.09450335
6260.0, 0.09444611
6270.0, 0.09438898
6280.0, 0.09433196
6290.0, 0.09427506
6300.0, 0.09421827
6310.0, 0.0941616
6320.0, 0.094105035
6330.0, 0.09404859
6340.0, 0.093992256
6350.0, 0.09393603
6360.0, 0.09387992
6370.0, 0.093823925
6380.0, 0.09376804
6390.0, 0.09371226
6400.0, 0.0936566
6410.0, 0.09360105
6420.0, 0.09354561
6430.0, 0.09349028
6440.0, 0.09343506
6450.0, 0.093379945
6460.0, 0.09332495
6470.0, 0.093270056
6480.0, 0.09321528
6490.0, 0.09316061
6500.0, 0.09310605
6510.0, 0.0930516
6520.0, 0.09299725
6530.0, 0.09294302
6540.0, 0.09288889
6550.0, 0.092834875
6560.0, 0.09278096
6570.0, 0.09272716
6580.0, 0.092673466
6590.0, 0.09261988
6600.0, 0.0925664
6610.0, 0.092513025
6620.0, 0.09245976
6630.0, 0.0924066
6640.0, 0.092353545
6650.0, 0.092300594
6660.0, 0.092247754
6670.0, 0.09219502
6680.0, 0.09214238
6690.0, 0.09208986
6700.0, 0.09203744
6710.0, 0.09198512
6720.0, 0.09193291
6730.0, 0.0918808
6740.0, 0.09182879
6750.0, 0.09177689
6760.0, 0.091725096
6770.0, 0.091673404
6780.0, 0.091621816
6790.0, 0.09157033
6800.0, 0.091518946
6810.0, 0.09146766
6820.0, 0.091416486
6830.0, 0.09136541
6840.0, 0.091314435
6850.0, 0.09126356
6860.0, 0.091212794
6870.0, 0.09116212
6880.0, 0.091111556
6890.0, 0.09106109
6900.0, 0.09101073
6910.0, 0.09096046
6920.0, 0.09091029
6930.0, 0.09086023
6940.0, 0.09081026
6950.0, 0.0907604
6960.0, 0.09071063
6970.0, 0.09066097
6980.0, 0.090611406
6990.0, 0.090561934
7000.0, 0.090512566
7010.0, 0.090463296
7020.0, 0.09041412
7030.0, 0.09036505
7040.0, 0.09031607
7050.0, 0.0902672
7060.0, 0.09021842
7070.0, 0.090169735
7080.0, 0.09012115
7090.0, 0.09007266
7100.0, 0.09002427
7110.0, 0.089975975
7120.0, 0.08992778
7130.0, 0.08987968
7140.0, 0.08983167
7150.0, 0.089783765
7160.0, 0.08973595
7170.0, 0.08968823
7180.0, 0.08964061
7190.0, 0.089593075
7200.0, 0.089545645
7210.0, 0.089498304
7220.0, 0.08945107
7230.0, 0.08940391
7240.0, 0.08935686
7250.0, 0.0893099
7260.0, 0.08926303
7270.0, 0.089216255
7280.0, 0.08916958
7290.0, 0.08912299
7300.0, 0.0890765
7310.0, 0.089030094
7320.0, 0.08898379
7330.0, 0.08893757
7340.0, 0.08889145
7350.0, 0.08884542
7360.0, 0.08879948
7370.0, 0.08875363
7380.0, 0.08870788
7390.0, 0.088662215
7400.0, 0.08861664
7410.0, 0.08857115
7420.0, 0.088525765
7430.0, 0.088480465
7440.0, 0.088435255
7450.0, 0.088390134
7460.0, 0.0883451
7470.0, 0.08830017
7480.0, 0.088255316
7490.0, 0.08821055
7500.0, 0.08816589
7510.0, 0.0881213
7520.0, 0.088076815
7530.0, 0.08803241
7540.0, 0.08798809
7550.0, 0.08794387
7560.0, 0.08789973
7570.0, 0.08785568
7580.0, 0.087811716
7590.0, 0.08776785
7600.0, 0.08772406
7610.0, 0.08768036
7620.0, 0.08763675
7630.0, 0.08759323
7640.0, 0.08754978
7650.0, 0.087506436
7660.0, 0.08746317
7670.0, 0.087419994
7680.0, 0.08737691
7690.0, 0.087333895
7700.0, 0.08729098
7710.0, 0.08724815
7720.0, 0.087205395
7730.0, 0.08716273
7740.0, 0.08712016
7750.0, 0.08707767
7760.0, 0.08703526
7770.0, 0.086992934
7780.0, 0.0869507
7790.0, 0.08690855
7800.0, 0.086866476
7810.0, 0.08682449
7820.0, 0.08678259
7830.0, 0.08674077
7840.0, 0.08669904
7850.0, 0.08665739
7860.0, 0.08661582
7870.0, 0.08657434
7880.0, 0.086532936
7890.0, 0.086491615
7900.0, 0.08645038
7910.0, 0.086409226
7920.0, 0.08636815
7930.0, 0.086327165
7940.0, 0.086286254
7950.0, 0.08624543
7960.0, 0.086204685
7970.0, 0.08616402
7980.0, 0.086123444
7990.0, 0.08608294
8000.0, 0.08604252
8010.0, 0.086002186
8020.0, 0.08596192
8030.0, 0.08592175
8040.0, 0.08588165
8050.0, 0.08584163
8060.0, 0.08580169
8070.0, 0.08576184
8080.0, 0.08572206
8090.0, 0.08568236
8100.0, 0.08564274
8110.0, 0.0856032
8120.0, 0.08556374
8130.0, 0.08552436
8140.0, 0.08548505
8150.0, 0.08544583
8160.0, 0.08540668
8170.0, 0.08536761
8180.0, 0.08532862
8190.0, 0.08528971
8200.0, 0.08525088
8210.0, 0.08521212
8220.0, 0.085173436
8230.0, 0.085134834
8240.0, 0.08509631
8250.0, 0.08505786
8260.0, 0.08501949
8270.0, 0.084981196
8280.0, 0.084942974
8290.0, 0.084904835
8300.0, 0.08486677
8310.0, 0.08482878
8320.0, 0.08479086
8330.0, 0.08475303
8340.0, 0.08471526
8350.0, 0.08467758
8360.0, 0.08463997
8370.0, 0.08460243
8380.0, 0.08456497
8390.0, 0.08452758
8400.0, 0.08449027
8410.0, 0.08445303
8420.0, 0.08441587
8430.0, 0.08437878
8440.0, 0.084341764
8450.0, 0.084304824
8460.0, 0.08426795
8470.0, 0.08423116
8480.0, 0.084194444
8490.0, 0.084157795
8500.0, 0.08412122
8510.0, 0.08408472
8520.0, 0.08404829
8530.0, 0.08401194
8540.0, 0.08397566
8550.0, 0.08393945
8560.0, 0.08390331
8570.0, 0.083867244
8580.0, 0.08383125
8590.0, 0.08379533
8600.0, 0.08375949
8610.0, 0.08372371
8620.0, 0.083688
8630.0, 0.08365237
8640.0, 0.0836168
8650.0, 0.08358131
8660.0, 0.083545886
8670.0, 0.08351054
8680.0, 0.08347526
8690.0, 0.08344005
8700.0, 0.083404906
8710.0, 0.08336984
8720.0, 0.08333484
8730.0, 0.08329991
8740.0, 0.08326505
8750.0, 0.083230264
8760.0, 0.083195545
8770.0, 0.08316089
8780.0, 0.083126314
8790.0, 0.0830918
8800.0, 0.08305736
8810.0, 0.08302298
8820.0, 0.08298867
8830.0, 0.08295444
8840.0, 0.08292027
8850.0, 0.08288617
8860.0, 0.08285213
8870.0, 0.08281817
8880.0, 0.08278427
8890.0, 0.08275045
8900.0, 0.08271668
8910.0, 0.08268299
8920.0, 0.082649365
8930.0, 0.08261581
8940.0, 0.08258231
8950.0, 0.08254889
8960.0, 0.08251553
8970.0, 0.08248223
8980.0, 0.08244901
8990.0, 0.08241585
9000.0, 0.08238276
9010.0, 0.08234973
9020.0, 0.08231677
9030.0, 0.08228388
9040.0, 0.08225105
9050.0, 0.08221828
9060.0, 0.08218559
9070.0, 0.082152955
9080.0, 0.08212038
9090.0, 0.08208788
9100.0, 0.08205544
9110.0, 0.08202307
9120.0, 0.08199076
9130.0, 0.08195852
9140.0, 0.08192634
9150.0, 0.08189423
9160.0, 0.081862174
9170.0, 0.08183019
9180.0, 0.08179826
9190.0, 0.081766404
9200.0, 0.08173461
9210.0, 0.08170288
9220.0, 0.081671216
9230.0, 0.08163961
9240.0, 0.081608064
9250.0, 0.081576586
9260.0, 0.08154517
9270.0, 0.081513815
9280.0, 0.08148253
9290.0, 0.0814513
9300.0, 0.08142013
9310.0, 0.08138903
9320.0, 0.081357986
9330.0, 0.081327006
9340.0, 0.081296094
9350.0, 0.08126523
9360.0, 0.08123444
9370.0, 0.08120371
9380.0, 0.08117304
9390.0, 0.081142426
9400.0, 0.08111188
9410.0, 0.08108139
9420.0, 0.08105097
9430.0, 0.0810206
9440.0, 0.08099029
9450.0, 0.08096005
9460.0, 0.08092987
9470.0, 0.080899745
9480.0, 0.08086968
9490.0, 0.08083968
9500.0, 0.080809735
9510.0, 0.08077985
9520.0, 0.080750026
9530.0, 0.08072026
9540.0, 0.080690555
9550.0, 0.08066091
9560.0, 0.08063132
9570.0, 0.0806018
9580.0, 0.08057233
9590.0, 0.080542915
9600.0, 0.08051357
9610.0, 0.08048427
9620.0, 0.08045504
9630.0, 0.080425866
9640.0, 0.08039675
9650.0, 0.08036769
9660.0, 0.08033869
9670.0, 0.08030975
9680.0, 0.08028086
9690.0, 0.08025204
9700.0, 0.08022326
9710.0, 0.080194555
9720.0, 0.0801659
9730.0, 0.0801373
9740.0, 0.08010876
9750.0, 0.08008028
9760.0, 0.08005185
9770.0, 0.08002348
9780.0, 0.07999517
9790.0, 0.07996691
9800.0, 0.07993871
9810.0, 0.07991057
9820.0, 0.07988248
9830.0, 0.07985445
9840.0, 0.079826474
9850.0, 0.07979856
9860.0, 0.07977069
9870.0, 0.079742886
9880.0, 0.07971513
9890.0, 0.07968743
9900.0, 0.07965979
9910.0, 0.07963221
9920.0, 0.07960468
9930.0, 0.0795772
9940.0, 0.07954978
9950.0, 0.07952241
9960.0, 0.0794951
9970.0, 0.07946784
9980.0, 0.07944064
9990.0, 0.07941349
10000.0, 0.0793864
10010.0, 0.07935936
10020.0, 0.079332374
10030.0, 0.07930544
10040.0, 0.07927856
10050.0, 0.07925174
10060.0, 0.07922497
10070.0, 0.07919825
10080.0, 0.07917158
10090.0, 0.07914498
10100.0, 0.079118416
10110.0, 0.079091914
10120.0, 0.07906546
10130.0, 0.07903906
10140.0, 0.079012714
10150.0, 0.07898642
10160.0, 0.07896018
10170.0, 0.07893399
10180.0, 0.078907855
10190.0, 0.07888177
10200.0, 0.07885574
10210.0, 0.07882976
10220.0, 0.07880383
10230.0, 0.078777954
10240.0, 0.07875213
10250.0, 0.07872636
10260.0, 0.07870064
10270.0, 0.07867497
10280.0, 0.07864935
10290.0, 0.07862379
10300.0, 0.07859827
10310.0, 0.0785728
10320.0, 0.07854739
10330.0, 0.07852203
10340.0, 0.07849671
10350.0, 0.078471445
10360.0, 0.07844624
10370.0, 0.07842107
10380.0, 0.07839596
10390.0, 0.0783709
10400.0, 0.07834589
10410.0, 0.07832093
10420.0, 0.07829602
10430.0, 0.07827116
10440.0, 0.07824635
10450.0, 0.07822158
10460.0, 0.07819687
10470.0, 0.07817221
10480.0, 0.07814759
10490.0, 0.078123026
10500.0, 0.07809851
10510.0, 0.078074045
10520.0, 0.07804963
10530.0, 0.07802526
10540.0, 0.07800094
10550.0, 0.07797667
10560.0, 0.077952445
10570.0, 0.07792827
10580.0, 0.07790414
10590.0, 0.07788006
10600.0, 0.077856034
10610.0, 0.07783205
10620.0, 0.07780812
10630.0, 0.077784225
10640.0, 0.07776039
10650.0, 0.0777366
10660.0, 0.077712856
10670.0, 0.077689156
10680.0, 0.07766551
10690.0, 0.07764191
10700.0, 0.07761835
10710.0, 0.07759485
10720.0, 0.077571385
10730.0, 0.077547975
10740.0, 0.0775246
10750.0, 0.07750128
10760.0, 0.077478014
10770.0, 0.07745478
10780.0, 0.077431604
10790.0, 0.07740847
10800.0, 0.07738538
10810.0, 0.077362336
10820.0, 0.077339344
10830.0, 0.077316396
10840.0, 0.07729349
10850.0, 0.077270634
10860.0, 0.07724782
10870.0, 0.07722505
10880.0, 0.07720233
10890.0, 0.077179655
10900.0, 0.07715702
10910.0, 0.07713444
10920.0, 0.0771119
10930.0, 0.0770894
10940.0, 0.07706695
10950.0, 0.07704455
10960.0, 0.07702218
10970.0, 0.076999865
10980.0, 0.076977596
10990.0, 0.07695537
11000.0, 0.07693318
11010.0, 0.07691105
11020.0, 0.076888956
11030.0, 0.0768669
11040.0, 0.07684489
11050.0, 0.07682294
11060.0, 0.07680102
11070.0, 0.07677914
11080.0, 0.07675731
11090.0, 0.07673553
11100.0, 0.07671378
11110.0, 0.07669208
11120.0, 0.07667042
11130.0, 0.07664881
11140.0, 0.07662724
11150.0, 0.076605715
11160.0, 0.07658423
11170.0, 0.076562785
11180.0, 0.07654139
11190.0, 0.07652003
11200.0, 0.07649872
11210.0, 0.07647745
11220.0, 0.07645622
11230.0, 0.07643504
11240.0, 0.07641389
11250.0, 0.07639279
11260.0, 0.07637174
11270.0, 0.07635072
11280.0, 0.076329745
11290.0, 0.07630881
11300.0, 0.07628792
11310.0, 0.07626707
11320.0, 0.07624626
11330.0, 0.0762255
11340.0, 0.07620477
11350.0, 0.07618409
11360.0, 0.07616345
11370.0, 0.07614285
11380.0, 0.076122284
11390.0, 0.076101765
11400.0, 0.07608129
11410.0, 0.076060854
11420.0, 0.07604046
11430.0, 0.07602011
11440.0, 0.07599979
11450.0, 0.075979516
11460.0, 0.07595928
11470.0, 0.07593909
11480.0, 0.075918935
11490.0, 0.075898826
11500.0, 0.075878754
11510.0, 0.07585872
11520.0, 0.07583873
11530.0, 0.07581878
11540.0, 0.07579887
11550.0, 0.075779
11560.0, 0.075759165
11570.0, 0.07573937
11580.0, 0.07571962
11590.0, 0.0756999
11600.0, 0.075680226
11610.0, 0.075660594
11620.0, 0.075641
11630.0, 0.07562144
11640.0, 0.07560192
11650.0, 0.075582445
11660.0, 0.075563006
11670.0, 0.075543605
11680.0, 0.07552424
11690.0, 0.07550492
11700.0, 0.07548563
11710.0, 0.07546639
11720.0, 0.07544718
11730.0, 0.07542801
11740.0, 0.075408876
11750.0, 0.07538979
11760.0, 0.07537073
11770.0, 0.075351715
11780.0, 0.07533274
11790.0, 0.07531379
11800.0, 0.07529489
11810.0, 0.075276025
11820.0, 0.0752572
11830.0, 0.07523841
11840.0, 0.07521965
11850.0, 0.075200945
11860.0, 0.07518227
11870.0, 0.075163625
11880.0, 0.07514502
11890.0, 0.075126454
11900.0, 0.075107925
11910.0, 0.07508943
11920.0, 0.075070985
11930.0, 0.07505257
11940.0, 0.07503418
11950.0, 0.075015835
11960.0, 0.07499753
11970.0, 0.07497926
11980.0, 0.07496102
11990.0, 0.07494283
12000.0, 0.07492466
12010.0, 0.07490654
12020.0, 0.07488845
12030.0, 0.0748704
12040.0, 0.07485238
12050.0, 0.0748344
12060.0, 0.07481645
12070.0, 0.07479855
12080.0, 0.07478067
12090.0, 0.074762836
12100.0, 0.07474503
12110.0, 0.07472727
12120.0, 0.074709535
12130.0, 0.07469184
12140.0, 0.074674174
12150.0, 0.07465655
12160.0, 0.07463896
12170.0, 0.07462141
12180.0, 0.074603885
12190.0, 0.07458641
12200.0, 0.07456896
12210.0, 0.07455154
12220.0, 0.07453416
12230.0, 0.07451682
12240.0, 0.0744995
12250.0, 0.074482225
12260.0, 0.074464984
12270.0, 0.07444778
12280.0, 0.07443061
12290.0, 0.07441347
12300.0, 0.074396364
12310.0, 0.074379295
12320.0, 0.074362256
12330.0, 0.07434526
12340.0, 0.07432829
12350.0, 0.07431135
12360.0, 0.074294455
12370.0, 0.07427759
12380.0, 0.07426076
12390.0, 0.074243955
12400.0, 0.07422719
12410.0, 0.07421046
12420.0, 0.07419376
12430.0, 0.074177094
12440.0, 0.074160464
12450.0, 0.074143864
12460.0, 0.0741273
12470.0, 0.07411077
12480.0, 0.074094266
12490.0, 0.0740778
12500.0, 0.07406137
12510.0, 0.074044965
12520.0, 0.074028604
12530.0, 0.074012265
12540.0, 0.07399596
12550.0, 0.07397969
12560.0, 0.073963456
12570.0, 0.07394725
12580.0, 0.073931076
12590.0, 0.07391494
12600.0, 0.07389883
12610.0, 0.07388275
12620.0, 0.07386671
12630.0, 0.0738507
12640.0, 0.07383472
12650.0, 0.07381877
12660.0, 0.07380286
12670.0, 0.073786974
12680.0, 0.07377112
12690.0, 0.0737553
12700.0, 0.07373951
12710.0, 0.07372375
12720.0, 0.07370803
12730.0, 0.07369233
12740.0, 0.07367667
12750.0, 0.07366104
12760.0, 0.073645435
12770.0, 0.07362986
12780.0, 0.07361433
12790.0, 0.07359882
12800.0, 0.07358334
12810.0, 0.0735679
12820.0, 0.07355248
12830.0, 0.0735371
12840.0, 0.07352175
12850.0, 0.07350642
12860.0, 0.073491134
12870.0, 0.07347587
12880.0, 0.07346064
12890.0, 0.07344544
12900.0, 0.07343027
12910.0, 0.07341513
12920.0, 0.07340002
12930.0, 0.07338494
12940.0, 0.07336989
12950.0, 0.07335487
12960.0, 0.07333989
12970.0, 0.073324926
12980.0, 0.073309995
12990.0, 0.073295094
13000.0, 0.07328023
13010.0, 0.07326539
13020.0, 0.07325058
13030.0, 0.073235795
13040.0, 0.07322104
13050.0, 0.07320632
13060.0, 0.073191635
13070.0, 0.07317697
13080.0, 0.07316233
13090.0, 0.07314773
13100.0, 0.073133156
13110.0, 0.07311861
13120.0, 0.07310409
13130.0, 0.07308961
13140.0, 0.073075145
13150.0, 0.07306071
13160.0, 0.07304631
13170.0, 0.07303194
13180.0, 0.0730176
13190.0, 0.073003285
13200.0, 0.072988994
13210.0, 0.07297474
13220.0, 0.07296051
13230.0, 0.07294631
13240.0, 0.07293213
13250.0, 0.07291799
13260.0, 0.07290387
13270.0, 0.07288979
13280.0, 0.07287573
13290.0, 0.072861694
13300.0, 0.072847694
13310.0, 0.07283372
13320.0, 0.07281977
13330.0, 0.07280585
13340.0, 0.07279196
13350.0, 0.07277809
13360.0, 0.072764255
13370.0, 0.07275045
13380.0, 0.072736666
13390.0, 0.07272291
13400.0, 0.07270919
13410.0, 0.072695486
13420.0, 0.072681814
13430.0, 0.07266817
13440.0, 0.07265455
13450.0, 0.07264096
13460.0, 0.0726274
13470.0, 0.072613865
13480.0, 0.07260036
13490.0, 0.07258687
13500.0, 0.07257342
13510.0, 0.07255999
13520.0, 0.072546594
13530.0, 0.07253322
13540.0, 0.07251987
13550.0, 0.07250655
13560.0, 0.072493255
13570.0, 0.072479986
13580.0, 0.072466746
13590.0, 0.072453536
13600.0, 0.07244035
13610.0, 0.07242718
13620.0, 0.07241405
13630.0, 0.072400935
13640.0, 0.07238785
13650.0, 0.0723748
13660.0, 0.07236177
13670.0, 0.072348766
13680.0, 0.07233579
13690.0, 0.07232283
13700.0, 0.072309904
13710.0, 0.072297
13720.0, 0.072284125
13730.0, 0.07227128
13740.0, 0.07225846
13750.0, 0.07224566
13760.0, 0.07223288
13770.0, 0.07222014
13780.0, 0.07220741
13790.0, 0.07219472
13800.0, 0.072182044
13810.0, 0.0721694
13820.0, 0.07215678
13830.0, 0.07214419
13840.0, 0.07213161
13850.0, 0.07211907
13860.0, 0.07210655
13870.0, 0.07209405
13880.0, 0.07208159
13890.0, 0.07206914
13900.0, 0.07205672
13910.0, 0.07204433
13920.0, 0.07203195
13930.0, 0.07201961
13940.0, 0.07200729
13950.0, 0.07199499
13960.0, 0.07198272
13970.0, 0.07197047
13980.0, 0.07195825
13990.0, 0.07194605
14000.0, 0.07193387
14010.0, 0.07192173
14020.0, 0.0719096
14030.0, 0.0718975
14040.0, 0.07188542
14050.0, 0.07187337
14060.0, 0.07186134
14070.0, 0.07184933
14080.0, 0.07183735
14090.0, 0.0718254
14100.0, 0.071813464
14110.0, 0.07180156
14120.0, 0.07178967
14130.0, 0.071777806
14140.0, 0.07176597
14150.0, 0.07175416
14160.0, 0.07174236
14170.0, 0.0717306
14180.0, 0.07171886
14190.0, 0.07170713
14200.0, 0.07169544
14210.0, 0.071683764
14220.0, 0.07167211
14230.0, 0.07166049
14240.0, 0.07164888
14250.0, 0.0716373
14260.0, 0.07162575
14270.0, 0.07161421
14280.0, 0.0716027
14290.0, 0.07159121
14300.0, 0.07157975
14310.0, 0.0715683
14320.0, 0.07155688
14330.0, 0.07154549
14340.0, 0.07153411
14350.0, 0.071522765
14360.0, 0.07151143
14370.0, 0.07150013
14380.0, 0.07148884
14390.0, 0.071477585
14400.0, 0.07146635
14410.0, 0.07145513
14420.0, 0.07144394
14430.0, 0.07143277
14440.0, 0.071421616
14450.0, 0.07141049
14460.0, 0.07139938
14470.0, 0.071388304
14480.0, 0.07137725
14490.0, 0.071366206
14500.0, 0.071355194
14510.0, 0.0713442
14520.0, 0.07133323
14530.0, 0.07132228
14540.0, 0.07131135
14550.0, 0.07130044
14560.0, 0.07128956
14570.0, 0.0712787
14580.0, 0.07126786
14590.0, 0.07125703
14600.0, 0.07124624
14610.0, 0.07123546
14620.0, 0.071224704
14630.0, 0.071213976
14640.0, 0.07120326
14650.0, 0.07119257
14660.0, 0.07118191
14670.0, 0.071171254
14680.0, 0.07116063
14690.0, 0.07115003
14700.0, 0.07113944
14710.0, 0.07112888
14720.0, 0.07111834
14730.0, 0.07110782
14740.0, 0.07109732
14750.0, 0.07108684
14760.0, 0.071076386
14770.0, 0.07106595
14780.0, 0.07105553
14790.0, 0.07104514
14800.0, 0.07103476
14810.0, 0.07102441
14820.0, 0.07101408
14830.0, 0.071003765
14840.0, 0.07099347
14850.0, 0.0709832
14860.0, 0.07097295
14870.0, 0.07096272
14880.0, 0.07095251
14890.0, 0.07094232
14900.0, 0.07093215
14910.0, 0.070922
14920.0, 0.07091188
14930.0, 0.07090177
14940.0, 0.07089168
14950.0, 0.07088161
14960.0, 0.07087157
14970.0, 0.07086154
14980.0, 0.070851535
14990.0, 0.07084154
15000.0, 0.070831574
15010.0, 0.07082163
15020.0, 0.070811704
15030.0, 0.070801795
15040.0, 0.07079191
15050.0, 0.070782036
15060.0, 0.070772186
15070.0, 0.07076236
15080.0, 0.07075255
15090.0, 0.07074276
15100.0, 0.07073299
15110.0, 0.07072324
15120.0, 0.07071351
15130.0, 0.0707038
15140.0, 0.070694104
15150.0, 0.07068443
15160.0, 0.07067478
15170.0, 0.07066514
15180.0, 0.07065553
15190.0, 0.070645936
15200.0, 0.07063636
15210.0, 0.0706268
15220.0, 0.070617266
15230.0, 0.070607744
15240.0, 0.070598245
15250.0, 0.07058876
15260.0, 0.0705793
15270.0, 0.07056986
15280.0, 0.07056043
15290.0, 0.07055102
15300.0, 0.07054164
15310.0, 0.07053227
15320.0, 0.07052292
15330.0, 0.07051359
15340.0, 0.07050428
15350.0, 0.07049499
15360.0, 0.07048571
15370.0, 0.07047645
15380.0, 0.07046722
15390.0, 0.070457995
15400.0, 0.07044879
15410.0, 0.070439614
15420.0, 0.07043045
15430.0, 0.0704213
15440.0, 0.070412174
15450.0, 0.07040306
15460.0, 0.07039397
15470.0, 0.0703849
15480.0, 0.070375845
15490.0, 0.07036681
15500.0, 0.07035779
15510.0, 0.07034879
15520.0, 0.07033981
15530.0, 0.07033084
15540.0, 0.070321895
15550.0, 0.07031296
15560.0, 0.07030405
15570.0, 0.07029516
15580.0, 0.07028628
15590.0, 0.07027743
15600.0, 0.07026859
15610.0, 0.070259765
15620.0, 0.07025096
15630.0, 0.070242174
15640.0, 0.070233405
15650.0, 0.07022465
15660.0, 0.07021592
15670.0, 0.07020719
15680.0, 0.0701985
15690.0, 0.07018981
15700.0, 0.070181146
15710.0, 0.0701725
15720.0, 0.07016387
15730.0, 0.070155255
15740.0, 0.07014666
15750.0, 0.07013808
15760.0, 0.07012952
15770.0, 0.070120975
15780.0, 0.070112444
15790.0, 0.070103936
15800.0, 0.07009544
15810.0, 0.07008696
15820.0, 0.07007851
15830.0, 0.070070066
15840.0, 0.07006164
15850.0, 0.07005323
15860.0, 0.07004484
15870.0, 0.07003646
15880.0, 0.070028104
15890.0, 0.07001976
15900.0, 0.07001144
15910.0, 0.07000313
15920.0, 0.06999484
15930.0, 0.06998656
15940.0, 0.0699783
15950.0, 0.06997006
15960.0, 0.06996183
15970.0, 0.06995362
15980.0, 0.069945425
15990.0, 0.06993725
16000.0, 0.06992909
16010.0, 0.06992094
16020.0, 0.06991282
16030.0, 0.06990471
16040.0, 0.06989661
16050.0, 0.06988853
16060.0, 0.06988047
16070.0, 0.069872424
16080.0, 0.06986439
16090.0, 0.069856375
16100.0, 0.06984837
16110.0, 0.069840394
16120.0, 0.06983242
16130.0, 0.06982447
16140.0, 0.06981654
16150.0, 0.06980862
16160.0, 0.06980071
16170.0, 0.06979283
16180.0, 0.069784954
16190.0, 0.0697771
16200.0, 0.069769256
16210.0, 0.06976143
16220.0, 0.069753624
16230.0, 0.06974583
16240.0, 0.06973805
16250.0, 0.06973029
16260.0, 0.06972254
16270.0, 0.069714814
16280.0, 0.069707096
16290.0, 0.06969939
16300.0, 0.06969171
16310.0, 0.069684036
16320.0, 0.069676384
16330.0, 0.06966875
16340.0, 0.06966112
16350.0, 0.06965351
16360.0, 0.06964592
16370.0, 0.06963834
16380.0, 0.06963078
16390.0, 0.06962323
16400.0, 0.06961569
16410.0, 0.069608174
16420.0, 0.06960067
16430.0, 0.06959318
16440.0, 0.06958571
16450.0, 0.06957825
16460.0, 0.06957081
16470.0, 0.06956338
16480.0, 0.06955597
16490.0, 0.06954857
16500.0, 0.069541186
16510.0, 0.06953382
16520.0, 0.069526464
16530.0, 0.069519125
16540.0, 0.0695118
16550.0, 0.069504485
16560.0, 0.06949719
16570.0, 0.06948991
16580.0, 0.06948264
16590.0, 0.06947539
16600.0, 0.069468156
16610.0, 0.06946093
16620.0, 0.069453724
16630.0, 0.06944653
16640.0, 0.069439344
16650.0, 0.06943218
16660.0, 0.06942503
16670.0, 0.069417894
16680.0, 0.06941077
16690.0, 0.06940366
16700.0, 0.06939656
16710.0, 0.069389485
16720.0, 0.06938242
16730.0, 0.069375366
16740.0, 0.069368325
16750.0, 0.06936131
16760.0, 0.069354296
16770.0, 0.0693473
16780.0, 0.06934032
16790.0, 0.06933335
16800.0, 0.06932639
16810.0, 0.06931946
16820.0, 0.06931253
16830.0, 0.06930561
16840.0, 0.069298714
16850.0, 0.06929183
16860.0, 0.06928496
16870.0, 0.069278106
16880.0, 0.06927126
16890.0, 0.069264434
16900.0, 0.06925762
16910.0, 0.069250815
16920.0, 0.06924402
16930.0, 0.06923725
16940.0, 0.06923049
16950.0, 0.06922374
16960.0, 0.069217004
16970.0, 0.06921028
16980.0, 0.06920357
16990.0, 0.06919688
17000.0, 0.0691902
17010.0, 0.06918353
17020.0, 0.069176875
17030.0, 0.06917023
17040.0, 0.069163606
17050.0, 0.06915699
17060.0, 0.06915039
17070.0, 0.0691438
17080.0, 0.06913722
17090.0, 0.06913066
17100.0, 0.06912411
17110.0, 0.069117576
17120.0, 0.06911106
17130.0, 0.069104545
17140.0, 0.06909805
17150.0, 0.069091566
17160.0, 0.06908509
17170.0, 0.06907863
17180.0, 0.06907219
17190.0, 0.06906576
17200.0, 0.069059335
17210.0, 0.069052935
17220.0, 0.069046535
17230.0, 0.06904016
17240.0, 0.06903379
17250.0, 0.06902743
17260.0, 0.06902109
17270.0, 0.06901476
17280.0, 0.06900844
17290.0, 0.06900214
17300.0, 0.06899585
17310.0, 0.06898957
17320.0, 0.0689833
17330.0, 0.06897704
17340.0, 0.0689708
17350.0, 0.06896457
17360.0, 0.06895836
17370.0, 0.06895215
17380.0, 0.06894596
17390.0, 0.068939775
17400.0, 0.06893361
17410.0, 0.06892745
17420.0, 0.06892131
17430.0, 0.06891518
17440.0, 0.068909064
17450.0, 0.068902954
17460.0, 0.06889686
17470.0, 0.06889078
17480.0, 0.06888471
17490.0, 0.06887865
17500.0, 0.06887261
17510.0, 0.06886657
17520.0, 0.06886055
17530.0, 0.06885454
17540.0, 0.06884854
17550.0, 0.06884256
17560.0, 0.068836585
17570.0, 0.068830624
17580.0, 0.06882468
17590.0, 0.06881874
17600.0, 0.06881281
17610.0, 0.0688069
17620.0, 0.06880099
17630.0, 0.06879511
17640.0, 0.06878923
17650.0, 0.06878336
17660.0, 0.06877751
17670.0, 0.06877166
17680.0, 0.068765834
17690.0, 0.06876001
17700.0, 0.0687542
17710.0, 0.06874841
17720.0, 0.06874262
17730.0, 0.068736844
17740.0, 0.068731084
17750.0, 0.06872533
17760.0, 0.068719596
17770.0, 0.068713866
17780.0, 0.06870815
17790.0, 0.068702444
17800.0, 0.06869675
17810.0, 0.06869107
17820.0, 0.0686854
17830.0, 0.06867974
17840.0, 0.068674095
17850.0, 0.068668455
17860.0, 0.06866283
17870.0, 0.06865721
17880.0, 0.06865161
17890.0, 0.06864602
17900.0, 0.06864044
17910.0, 0.06863487
17920.0, 0.06862931
17930.0, 0.06862377
17940.0, 0.06861823
17950.0, 0.0686127
17960.0, 0.06860719
17970.0, 0.06860168
17980.0, 0.06859619
17990.0, 0.068590716
18000.0, 0.06858524
18010.0, 0.068579786
18020.0, 0.06857433
18030.0, 0.0685689
18040.0, 0.06856347
18050.0, 0.06855805
18060.0, 0.06855265
18070.0, 0.06854726
18080.0, 0.06854187
18090.0, 0.0685365
18100.0, 0.06853114
18110.0, 0.06852578
18120.0, 0.06852045
18130.0, 0.068515114
18140.0, 0.068509795
18150.0, 0.06850449
18160.0, 0.06849919
18170.0, 0.0684939
18180.0, 0.06848863
18190.0, 0.06848336
18200.0, 0.06847811
18210.0, 0.06847286
18220.0, 0.068467624
18230.0, 0.0684624
18240.0, 0.068457186
18250.0, 0.068451986
18260.0, 0.06844679
18270.0, 0.06844161
18280.0, 0.06843644
18290.0, 0.06843127
18300.0, 0.06842612
18310.0, 0.06842098
18320.0, 0.06841585
18330.0, 0.068410724
18340.0, 0.06840561
18350.0, 0.06840052
18360.0, 0.06839543
18370.0, 0.06839035
18380.0, 0.06838527
18390.0, 0.068380214
18400.0, 0.06837517
18410.0, 0.068370126
18420.0, 0.0683651
18430.0, 0.068360075
18440.0, 0.06835507
18450.0, 0.06835007
18460.0, 0.06834508
18470.0, 0.0683401
18480.0, 0.06833513
18490.0, 0.06833017
18500.0, 0.06832522
18510.0, 0.06832028
18520.0, 0.06831535
18530.0, 0.06831043
18540.0, 0.06830552
18550.0, 0.06830062
18560.0, 0.06829573
18570.0, 0.06829085
18580.0, 0.06828598
18590.0, 0.06828112
18600.0, 0.068276264
18610.0, 0.06827142
18620.0, 0.06826659
18630.0, 0.06826177
18640.0, 0.06825696
18650.0, 0.06825215
18660.0, 0.06824736
18670.0, 0.06824257
18680.0, 0.068237804
18690.0, 0.068233036
18700.0, 0.06822828
18710.0, 0.068223536
18720.0, 0.0682188
18730.0, 0.068214074
18740.0, 0.06820935
18750.0, 0.06820464
18760.0, 0.06819995
18770.0, 0.06819525
18780.0, 0.068190575
18790.0, 0.0681859
18800.0, 0.06818125
18810.0, 0.06817659
18820.0, 0.06817195
18830.0, 0.068167314
18840.0, 0.068162695
18850.0, 0.068158075
18860.0, 0.06815347
18870.0, 0.068148874
18880.0, 0.068144284
18890.0, 0.06813971
18900.0, 0.06813514
18910.0, 0.068130575
18920.0, 0.06812603
18930.0, 0.068121485
18940.0, 0.068116955
18950.0, 0.06811243
18960.0, 0.06810792
18970.0, 0.06810341
18980.0, 0.06809891
18990.0, 0.068094425
19000.0, 0.06808995
19010.0, 0.06808548
19020.0, 0.068081014
19030.0, 0.068076566
19040.0, 0.06807212
19050.0, 0.068067685
19060.0, 0.06806326
19070.0, 0.06805885
19080.0, 0.06805444
19090.0, 0.06805004
19100.0, 0.068045646
19110.0, 0.068041265
19120.0, 0.0680369
19130.0, 0.06803253
19140.0, 0.068028174
19150.0, 0.06802383
19160.0, 0.068019494
19170.0, 0.068015166
19180.0, 0.068010844
19190.0, 0.06800653
19200.0, 0.06800223
19210.0, 0.06799793
19220.0, 0.06799365
19230.0, 0.06798937
19240.0, 0.0679851
19250.0, 0.06798084
19260.0, 0.067976594
19270.0, 0.06797235
19280.0, 0.067968115
19290.0, 0.06796389
19300.0, 0.067959666
19310.0, 0.06795546
19320.0, 0.06795126
19330.0, 0.06794707
19340.0, 0.06794288
19350.0, 0.06793871
19360.0, 0.067934535
19370.0, 0.06793038
19380.0, 0.06792623
19390.0, 0.067922086
19400.0, 0.06791795
19410.0, 0.06791382
19420.0, 0.06790971
19430.0, 0.0679056
19440.0, 0.0679015
19450.0, 0.0678974
19460.0, 0.06789332
19470.0, 0.06788924
19480.0, 0.067885175
19490.0, 0.067881115
19500.0, 0.06787706
19510.0, 0.067873016
19520.0, 0.06786898
19530.0, 0.067864954
19540.0, 0.06786093
19550.0, 0.06785692
19560.0, 0.067852914
19570.0, 0.06784892
19580.0, 0.067844935
19590.0, 0.06784095
19600.0, 0.06783698
19610.0, 0.067833014
19620.0, 0.06782906
19630.0, 0.06782511
19640.0, 0.06782117
19650.0, 0.06781723
19660.0, 0.067813314
19670.0, 0.067809395
19680.0, 0.067805484
19690.0, 0.06780159
19700.0, 0.06779769
19710.0, 0.06779381
19720.0, 0.06778993
19730.0, 0.06778606
19740.0, 0.06778219
19750.0, 0.06777834
19760.0, 0.06777449
19770.0, 0.06777065
19780.0, 0.06776682
19790.0, 0.067763
19800.0, 0.06775918
19810.0, 0.06775537
19820.0, 0.06775157
19830.0, 0.06774778
19840.0, 0.067743994
19850.0, 0.06774021
19860.0, 0.06773644
19870.0, 0.06773268
19880.0, 0.06772892
19890.0, 0.067725174
19900.0, 0.067721434
19910.0, 0.0677177
19920.0, 0.067713976
19930.0, 0.06771026
19940.0, 0.06770655
19950.0, 0.06770284
19960.0, 0.06769914
19970.0, 0.067695454
19980.0, 0.06769177
19990.0, 0.0676881
20000.0, 0.067684434
20010.0, 0.067680776
20020.0, 0.067677125
20030.0, 0.067673475
20040.0, 0.06766984
20050.0, 0.06766621
20060.0, 0.06766259
20070.0, 0.06765897
20080.0, 0.06765536
20090.0, 0.06765176
20100.0, 0.067648165
20110.0, 0.06764458
20120.0, 0.067641
20130.0, 0.06763743
20140.0, 0.06763386
20150.0, 0.067630306
20160.0, 0.06762675
20170.0, 0.067623205
20180.0, 0.06761967
20190.0, 0.06761614
20200.0, 0.06761262
20210.0, 0.0676091
20220.0, 0.06760559
20230.0, 0.06760209
20240.0, 0.067598596
20250.0, 0.06759511
20260.0, 0.06759162
20270.0, 0.06758815
20280.0, 0.067584686
20290.0, 0.06758122
20300.0, 0.06757777
20310.0, 0.06757432
20320.0, 0.06757089
20330.0, 0.06756745
20340.0, 0.067564026
20350.0, 0.067560606
20360.0, 0.06755719
20370.0, 0.06755379
20380.0, 0.06755039
20390.0, 0.067547
20400.0, 0.06754362
20410.0, 0.067540236
20420.0, 0.06753687
20430.0, 0.0675335
20440.0, 0.06753015
20450.0, 0.067526795
20460.0, 0.06752345
20470.0, 0.06752011
20480.0, 0.06751678
20490.0, 0.06751346
20500.0, 0.067510135
20510.0, 0.06750683
20520.0, 0.06750352
20530.0, 0.067500226
20540.0, 0.06749693
20550.0, 0.06749365
20560.0, 0.06749037
20570.0, 0.0674871
20580.0, 0.067483835
20590.0, 0.06748057
20600.0, 0.06747732
20610.0, 0.067474075
20620.0, 0.06747083
20630.0, 0.0674676
20640.0, 0.067464374
20650.0, 0.067461155
20660.0, 0.067457944
20670.0, 0.06745474
20680.0, 0.06745154
20690.0, 0.06744834
20700.0, 0.06744515
20710.0, 0.06744197
20720.0, 0.067438796
20730.0, 0.06743563
20740.0, 0.06743247
20750.0, 0.06742931
20760.0, 0.06742616
20770.0, 0.067423016
20780.0, 0.06741988
20790.0, 0.06741675
20800.0, 0.06741363
20810.0, 0.06741051
20820.0, 0.06740739
20830.0, 0.06740429
20840.0, 0.067401186
20850.0, 0.06739809
20860.0, 0.06739501
20870.0, 0.067391925
20880.0, 0.067388855
20890.0, 0.067385785
20900.0, 0.06738272
20910.0, 0.06737966
20920.0, 0.06737661
20930.0, 0.06737357
20940.0, 0.067370534
20950.0, 0.0673675
20960.0, 0.06736447
20970.0, 0.06736145
20980.0, 0.067358434
20990.0, 0.06735543
21000.0, 0.06735243
21010.0, 0.067349434
21020.0, 0.06734644
21030.0, 0.06734346
21040.0, 0.06734048
21050.0, 0.067337506
21060.0, 0.06733454
21070.0, 0.06733158
21080.0, 0.067328624
21090.0, 0.067325674
21100.0, 0.06732273
21110.0, 0.067319795
21120.0, 0.06731687
21130.0, 0.06731394
21140.0, 0.06731102
21150.0, 0.067308106
21160.0, 0.0673052
21170.0, 0.0673023
21180.0, 0.0672994
21190.0, 0.06729651
21200.0, 0.06729363
21210.0, 0.06729075
21220.0, 0.06728788
21230.0, 0.06728501
21240.0, 0.06728215
21250.0, 0.067279294
21260.0, 0.06727644
21270.0, 0.0672736
21280.0, 0.06727076
21290.0, 0.067267925
21300.0, 0.0672651
21310.0, 0.06726228
21320.0, 0.06725946
21330.0, 0.06725665
21340.0, 0.06725385
21350.0, 0.06725105
21360.0, 0.067248255
21370.0, 0.06724547
21380.0, 0.06724268
21390.0, 0.06723991
21400.0, 0.06723714
21410.0, 0.06723437
21420.0, 0.06723161
21430.0, 0.06722885
21440.0, 0.067226104
21450.0, 0.06722336
21460.0, 0.06722062
21470.0, 0.067217894
21480.0, 0.06721517
21490.0, 0.06721244
21500.0, 0.06720973
21510.0, 0.067207016
21520.0, 0.06720431
21530.0, 0.06720161
21540.0, 0.06719892
21550.0, 0.06719623
21560.0, 0.06719354
21570.0, 0.06719086
21580.0, 0.06718819
21590.0, 0.06718552
21600.0, 0.06718286
21610.0, 0.0671802
21620.0, 0.06717755
21630.0, 0.067174904
21640.0, 0.06717226
21650.0, 0.06716962
21660.0, 0.06716699
21670.0, 0.06716437
21680.0, 0.06716175
21690.0, 0.06715913
21700.0, 0.06715652
21710.0, 0.067153916
21720.0, 0.067151316
21730.0, 0.06714872
21740.0, 0.06714614
21750.0, 0.06714355
21760.0, 0.067140974
21770.0, 0.067138396
21780.0, 0.06713583
21790.0, 0.06713327
21800.0, 0.06713071
21810.0, 0.06712815
21820.0, 0.0671256
21830.0, 0.06712306
21840.0, 0.06712053
21850.0, 0.067118
21860.0, 0.06711546
21870.0, 0.067112945
21880.0, 0.06711043
21890.0, 0.067107916
21900.0, 0.067105405
21910.0, 0.0671029
21920.0, 0.067100406
21930.0, 0.06709791
21940.0, 0.06709543
21950.0, 0.06709294
21960.0, 0.06709047
21970.0, 0.06708799
21980.0, 0.06708553
21990.0, 0.06708306
22000.0, 0.0670806
22010.0, 0.06707815
22020.0, 0.0670757
22030.0, 0.067073256
22040.0, 0.06707082
22050.0, 0.06706839
22060.0, 0.06706596
22070.0, 0.06706353
22080.0, 0.06706112
22090.0, 0.067058705
22100.0, 0.06705629
22110.0, 0.06705389
22120.0, 0.067051485
22130.0, 0.06704909
22140.0, 0.0670467
22150.0, 0.06704432
22160.0, 0.06704194
22170.0, 0.067039564
22180.0, 0.06703719
22190.0, 0.067034826
22200.0, 0.067032464
22210.0, 0.06703011
22220.0, 0.067027755
22230.0, 0.06702541
22240.0, 0.06702306
22250.0, 0.06702073
22260.0, 0.06701839
22270.0, 0.067016065
22280.0, 0.06701374
22290.0, 0.06701142
22300.0, 0.06700911
22310.0, 0.0670068
22320.0, 0.06700449
22330.0, 0.06700219
22340.0, 0.06699989
22350.0, 0.0669976
22360.0, 0.066995315
22370.0, 0.06699303
22380.0, 0.066990755
22390.0, 0.06698848
22400.0, 0.06698621
22410.0, 0.066983946
22420.0, 0.06698169
22430.0, 0.06697943
22440.0, 0.06697718
22450.0, 0.06697493
22460.0, 0.066972695
22470.0, 0.06697045
22480.0, 0.066968225
22490.0, 0.06696599
22500.0, 0.06696377
22510.0, 0.06696155
22520.0, 0.06695934
22530.0, 0.06695712
22540.0, 0.06695492
22550.0, 0.06695271
22560.0, 0.066950515
22570.0, 0.066948324
22580.0, 0.066946134
22590.0, 0.06694395
22600.0, 0.066941775
22610.0, 0.0669396
22620.0, 0.066937424
22630.0, 0.066935256
22640.0, 0.066933095
22650.0, 0.066930935
22660.0, 0.06692878
22670.0, 0.066926636
22680.0, 0.06692449
22690.0, 0.066922344
22700.0, 0.06692021
22710.0, 0.066918075
22720.0, 0.06691595
22730.0, 0.06691383
22740.0, 0.066911705
22750.0, 0.06690959
22760.0, 0.06690748
22770.0, 0.06690537
22780.0, 0.06690327
22790.0, 0.06690117
22800.0, 0.066899076
22810.0, 0.06689698
22820.0, 0.0668949
22830.0, 0.06689282
22840.0, 0.06689074
22850.0, 0.06688867
22860.0, 0.0668866
22870.0, 0.06688453
22880.0, 0.06688247
22890.0, 0.06688041
22900.0, 0.066878356
22910.0, 0.06687631
22920.0, 0.066874266
22930.0, 0.066872224
22940.0, 0.06687019
22950.0, 0.066868156
22960.0, 0.06686613
22970.0, 0.0668641
22980.0, 0.066862084
22990.0, 0.066860065
23000.0, 0.06685805
23010.0, 0.06685604
23020.0, 0.06685404
23030.0, 0.06685204
23040.0, 0.066850044
23050.0, 0.066848055
23060.0, 0.066846065
23070.0, 0.066844076
23080.0, 0.0668421
23090.0, 0.06684012
23100.0, 0.06683815
23110.0, 0.06683618
23120.0, 0.06683422
23130.0, 0.06683225
23140.0, 0.0668303
23150.0, 0.06682835
23160.0, 0.066826396
23170.0, 0.06682445
23180.0, 0.06682251
23190.0, 0.06682057
23200.0, 0.06681864
23210.0, 0.06681671
23220.0, 0.06681478
23230.0, 0.066812865
23240.0, 0.06681094
23250.0, 0.06680903
23260.0, 0.06680712
23270.0, 0.06680521
23280.0, 0.06680331
23290.0, 0.066801414
23300.0, 0.066799514
23310.0, 0.06679762
23320.0, 0.06679574
23330.0, 0.06679385
23340.0, 0.066791974
23350.0, 0.0667901
23360.0, 0.06678823
23370.0, 0.066786356
23380.0, 0.06678449
23390.0, 0.06678263
23400.0, 0.06678077
23410.0, 0.06677892
23420.0, 0.066777065
23430.0, 0.06677522
23440.0, 0.06677338
23450.0, 0.06677154
23460.0, 0.066769704
23470.0, 0.06676787
23480.0, 0.066766046
23490.0, 0.06676422
23500.0, 0.066762395
23510.0, 0.06676058
23520.0, 0.06675877
23530.0, 0.06675696
23540.0, 0.06675515
23550.0, 0.06675335
23560.0, 0.06675155
23570.0, 0.06674975
23580.0, 0.06674796
23590.0, 0.066746175
23600.0, 0.06674439
23610.0, 0.06674261
23620.0, 0.066740826
23630.0, 0.06673905
23640.0, 0.06673729
23650.0, 0.06673551
23660.0, 0.066733755
23670.0, 0.066732
23680.0, 0.06673024
23690.0, 0.06672848
23700.0, 0.06672674
23710.0, 0.066724986
23720.0, 0.06672324
23730.0, 0.06672151
23740.0, 0.06671977
23750.0, 0.06671804
23760.0, 0.06671631
23770.0, 0.066714585
23780.0, 0.066712864
23790.0, 0.06671114
23800.0, 0.06670943
23810.0, 0.066707715
23820.0, 0.06670601
23830.0, 0.0667043
23840.0, 0.066702604
23850.0, 0.066700906
23860.0, 0.066699214
23870.0, 0.06669752
23880.0, 0.06669583
23890.0, 0.06669415
23900.0, 0.06669247
23910.0, 0.066690795
23920.0, 0.06668912
23930.0, 0.06668745
23940.0, 0.06668578
23950.0, 0.06668411
23960.0, 0.06668246
23970.0, 0.0666808
23980.0, 0.06667914
23990.0, 0.06667749
24000.0, 0.06667584
24010.0, 0.0666742
24020.0, 0.066672556
24030.0, 0.066670924
24040.0, 0.066669285
24050.0, 0.06666765
24060.0, 0.06666603
24070.0, 0.066664405
24080.0, 0.06666278
24090.0, 0.066661164
24100.0, 0.06665955
24110.0, 0.06665794
24120.0, 0.06665633
24130.0, 0.06665472
24140.0, 0.06665312
24150.0, 0.06665152
24160.0, 0.06664993
24170.0, 0.066648334
24180.0, 0.06664675
24190.0, 0.06664516
24200.0, 0.06664357
24210.0, 0.066641994
24220.0, 0.06664042
24230.0, 0.06663884
24240.0, 0.06663728
24250.0, 0.066635706
24260.0, 0.06663414
24270.0, 0.066632584
24280.0, 0.06663103
24290.0, 0.06662947
24300.0, 0.06662792
24310.0, 0.06662637
24320.0, 0.06662482
24330.0, 0.06662328
24340.0, 0.06662174
24350.0, 0.06662021
24360.0, 0.06661867
24370.0, 0.066617146
24380.0, 0.06661562
24390.0, 0.06661409
24400.0, 0.06661257
24410.0, 0.06661105
24420.0, 0.06660954
24430.0, 0.06660803
24440.0, 0.066606514
24450.0, 0.06660501
24460.0, 0.06660351
24470.0, 0.06660201
24480.0, 0.06660051
24490.0, 0.06659902
24500.0, 0.06659753
24510.0, 0.06659604
24520.0, 0.066594556
24530.0, 0.06659307
24540.0, 0.06659159
24550.0, 0.066590115
24560.0, 0.06658865
24570.0, 0.06658717
24580.0, 0.066585705
24590.0, 0.066584244
24600.0, 0.066582784
24610.0, 0.066581324
24620.0, 0.06657987
24630.0, 0.06657842
24640.0, 0.066576965
24650.0, 0.06657552
24660.0, 0.066574074
24670.0, 0.06657264
24680.0, 0.0665712
24690.0, 0.06656976
24700.0, 0.06656833
24710.0, 0.0665669
24720.0, 0.06656548
24730.0, 0.066564046
24740.0, 0.06656263
24750.0, 0.06656121
24760.0, 0.06655979
24770.0, 0.06655838
24780.0, 0.066556975
24790.0, 0.06655557
24800.0, 0.06655416
24810.0, 0.06655276
24820.0, 0.066551365
24830.0, 0.066549964
24840.0, 0.06654857
24850.0, 0.066547185
24860.0, 0.0665458
24870.0, 0.06654441
24880.0, 0.06654303
24890.0, 0.06654165
24900.0, 0.06654028
24910.0, 0.0665389
24920.0, 0.06653753
24930.0, 0.066536166
24940.0, 0.066534795
24950.0, 0.06653344
24960.0, 0.066532075
24970.0, 0.06653072
24980.0, 0.06652936
24990.0, 0.066528015
25000.0, 0.06652667
25010.0, 0.06652532
25020.0, 0.06652398
25030.0, 0.066522636
25040.0, 0.066521294
25050.0, 0.06651996
25060.0, 0.06651863
25070.0, 0.06651729
25080.0, 0.06651597
25090.0, 0.06651464
25100.0, 0.06651332
25110.0, 0.066512
25120.0, 0.066510685
25130.0, 0.06650937
25140.0, 0.06650806
25150.0, 0.06650675
25160.0, 0.06650545
25170.0, 0.06650414
25180.0, 0.06650284
25190.0, 0.06650154
25200.0, 0.06650025
25210.0, 0.06649895
25220.0, 0.06649766
25230.0, 0.06649637
25240.0, 0.06649508
25250.0, 0.0664938
25260.0, 0.06649252
25270.0, 0.066491246
25280.0, 0.06648997
25290.0, 0.0664887
25300.0, 0.066487424
25310.0, 0.06648616
25320.0, 0.06648489
25330.0, 0.06648363
25340.0, 0.06648237
25350.0, 0.06648111
25360.0, 0.066479854
25370.0, 0.0664786
25380.0, 0.06647735
25390.0, 0.06647611
25400.0, 0.06647486
25410.0, 0.06647362
25420.0, 0.066472374
25430.0, 0.06647114
25440.0, 0.06646991
25450.0, 0.06646867
25460.0, 0.06646744
25470.0, 0.06646621
25480.0, 0.06646499
25490.0, 0.06646377
25500.0, 0.06646255
25510.0, 0.066461325
25520.0, 0.06646011
25530.0, 0.066458896
25540.0, 0.06645769
25550.0, 0.066456474
25560.0, 0.066455275
25570.0, 0.06645407
25580.0, 0.06645287
25590.0, 0.06645167
25600.0, 0.06645047
25610.0, 0.06644928
25620.0, 0.066448085
25630.0, 0.0664469
25640.0, 0.06644571
25650.0, 0.06644452
25660.0, 0.06644335
25670.0, 0.06644216
25680.0, 0.066440985
25690.0, 0.066439815
25700.0, 0.06643864
25710.0, 0.06643747
25720.0, 0.0664363
25730.0, 0.066435136
25740.0, 0.06643397
25750.0, 0.06643281
25760.0, 0.06643165
25770.0, 0.066430494
25780.0, 0.06642934
25790.0, 0.06642819
25800.0, 0.06642704
25810.0, 0.06642589
25820.0, 0.06642475
25830.0, 0.0664236
25840.0, 0.06642246
25850.0, 0.06642133
25860.0, 0.06642019
25870.0, 0.06641906
25880.0, 0.066417925
25890.0, 0.0664168
25900.0, 0.06641567
25910.0, 0.06641454
25920.0, 0.066413425
25930.0, 0.0664123
25940.0, 0.06641118
25950.0, 0.06641007
25960.0, 0.066408955
25970.0, 0.066407844
25980.0, 0.066406734
25990.0, 0.06640563
26000.0, 0.06640453
26010.0, 0.066403426
26020.0, 0.06640232
26030.0, 0.06640123
26040.0, 0.06640013
26050.0, 0.06639904
26060.0, 0.06639794
26070.0, 0.066396855
26080.0, 0.06639577
26090.0, 0.06639469
26100.0, 0.0663936
26110.0, 0.06639252
26120.0, 0.066391446
26130.0, 0.066390365
26140.0, 0.06638929
26150.0, 0.06638822
26160.0, 0.066387154
26170.0, 0.06638608
26180.0, 0.06638502
26190.0, 0.06638396
26200.0, 0.06638289
26210.0, 0.066381834
26220.0, 0.06638078
26230.0, 0.066379726
26240.0, 0.066378675
26250.0, 0.066377625
26260.0, 0.066376574
26270.0, 0.066375524
26280.0, 0.06637448
26290.0, 0.06637344
26300.0, 0.0663724
26310.0, 0.06637136
26320.0, 0.06637032
26330.0, 0.066369295
26340.0, 0.06636826
26350.0, 0.06636723
26360.0, 0.0663662
26370.0, 0.066365175
26380.0, 0.066364154
26390.0, 0.06636313
26400.0, 0.06636211
26410.0, 0.06636109
26420.0, 0.06636008
26430.0, 0.066359065
26440.0, 0.06635805
26450.0, 0.06635705
26460.0, 0.06635604
26470.0, 0.066355035
26480.0, 0.06635403
26490.0, 0.06635303
26500.0, 0.06635203
26510.0, 0.066351034
26520.0, 0.066350035
26530.0, 0.066349044
26540.0, 0.06634805
26550.0, 0.06634706
26560.0, 0.06634607
26570.0, 0.06634509
26580.0, 0.066344105
26590.0, 0.06634312
26600.0, 0.066342145
26610.0, 0.06634117
26620.0, 0.06634019
26630.0, 0.06633922
26640.0, 0.06633825
26650.0, 0.06633728
26660.0, 0.06633631
26670.0, 0.06633534
26680.0, 0.06633438
26690.0, 0.06633341
26700.0, 0.06633246
26710.0, 0.0663315
26720.0, 0.066330545
26730.0, 0.06632959
26740.0, 0.06632864
26750.0, 0.06632768
26760.0, 0.06632674
26770.0, 0.06632579
26780.0, 0.066324845
26790.0, 0.0663239
26800.0, 0.06632296
26810.0, 0.06632202
26820.0, 0.06632108
26830.0, 0.06632015
26840.0, 0.06631921
26850.0, 0.06631828
26860.0, 0.06631735
26870.0, 0.066316426
26880.0, 0.0663155
26890.0, 0.06631457
26900.0, 0.066313654
26910.0, 0.06631273
26920.0, 0.066311814
26930.0, 0.0663109
26940.0, 0.06630998
26950.0, 0.066309065
26960.0, 0.066308156
26970.0, 0.06630725
26980.0, 0.06630634
26990.0, 0.06630543
27000.0, 0.06630453
27010.0, 0.066303626
27020.0, 0.066302724
27030.0, 0.06630182
27040.0, 0.06630093
27050.0, 0.066300035
27060.0, 0.06629914
27070.0, 0.06629825
27080.0, 0.06629736
27090.0, 0.06629647
27100.0, 0.06629559
27110.0, 0.0662947
27120.0, 0.06629381
27130.0, 0.066292934
27140.0, 0.066292055
27150.0, 0.066291176
27160.0, 0.066290304
27170.0, 0.06628943
27180.0, 0.06628856
27190.0, 0.06628769
27200.0, 0.06628682
27210.0, 0.06628595
27220.0, 0.06628509
27230.0, 0.066284224
27240.0, 0.06628336
27250.0, 0.0662825
27260.0, 0.06628164
27270.0, 0.06628078
27280.0, 0.06627993
27290.0, 0.066279076
27300.0, 0.06627823
27310.0, 0.06627738
27320.0, 0.06627653
27330.0, 0.06627568
27340.0, 0.06627484
27350.0, 0.066273995
27360.0, 0.06627315
27370.0, 0.06627231
27380.0, 0.06627148
27390.0, 0.066270635
27400.0, 0.0662698
27410.0, 0.06626897
27420.0, 0.06626814
27430.0, 0.06626731
27440.0, 0.06626648
27450.0, 0.06626566
27460.0, 0.06626483
27470.0, 0.066264
27480.0, 0.066263184
27490.0, 0.066262364
27500.0, 0.066261545
27510.0, 0.06626073
27520.0, 0.06625991
27530.0, 0.0662591
27540.0, 0.06625829
27550.0, 0.06625748
27560.0, 0.06625667
27570.0, 0.06625587
27580.0, 0.06625506
27590.0, 0.06625426
27600.0, 0.06625345
27610.0, 0.06625266
27620.0, 0.06625185
27630.0, 0.066251054
27640.0, 0.066250265
27650.0, 0.06624947
27660.0, 0.06624868
27670.0, 0.06624789
27680.0, 0.0662471
27690.0, 0.06624631
27700.0, 0.06624552
27710.0, 0.06624474
27720.0, 0.066243954
27730.0, 0.06624317
27740.0, 0.0662424
27750.0, 0.066241615
27760.0, 0.06624084
27770.0, 0.066240065
27780.0, 0.06623929
27790.0, 0.066238515
27800.0, 0.06623775
27810.0, 0.06623698
27820.0, 0.06623621
27830.0, 0.066235445
27840.0, 0.06623468
27850.0, 0.06623392
27860.0, 0.06623316
27870.0, 0.0662324
27880.0, 0.06623164
27890.0, 0.06623088
27900.0, 0.066230126
27910.0, 0.06622937
27920.0, 0.06622862
27930.0, 0.06622787
27940.0, 0.06622712
27950.0, 0.06622637
27960.0, 0.066225626
27970.0, 0.06622488
27980.0, 0.066224135
27990.0, 0.0662234
28000.0, 0.06622265
28010.0, 0.066221915
28020.0, 0.06622118
28030.0, 0.06622045
28040.0, 0.06621971
28050.0, 0.06621898
28060.0, 0.06621824
28070.0, 0.06621751
28080.0, 0.06621679
28090.0, 0.06621606
28100.0, 0.06621534
28110.0, 0.066214606
28120.0, 0.06621388
28130.0, 0.06621317
28140.0, 0.066212445
28150.0, 0.06621173
28160.0, 0.06621101
28170.0, 0.06621029
28180.0, 0.06620958
28190.0, 0.06620887
28200.0, 0.066208154
28210.0, 0.066207446
28220.0, 0.06620674
28230.0, 0.06620603
28240.0, 0.06620532
28250.0, 0.06620462
28260.0, 0.06620392
28270.0, 0.066203214
28280.0, 0.066202514
28290.0, 0.06620182
28300.0, 0.06620112
28310.0, 0.06620043
28320.0, 0.06619973
28330.0, 0.066199034
28340.0, 0.06619835
28350.0, 0.066197656
28360.0, 0.06619697
28370.0, 0.06619628
28380.0, 0.06619559
28390.0, 0.06619491
28400.0, 0.06619423
28410.0, 0.06619354
28420.0, 0.066192865
28430.0, 0.06619218
28440.0, 0.0661915
28450.0, 0.06619083
28460.0, 0.06619015
28470.0, 0.06618948
28480.0, 0.066188805
28490.0, 0.066188134
28500.0, 0.06618746
28510.0, 0.0661868
28520.0, 0.06618613
28530.0, 0.06618547
28540.0, 0.0661848
28550.0, 0.06618413
28560.0, 0.06618348
28570.0, 0.066182815
28580.0, 0.06618215
28590.0, 0.066181496
28600.0, 0.06618084
28610.0, 0.066180184
28620.0, 0.06617953
28630.0, 0.06617888
28640.0, 0.066178225
28650.0, 0.06617758
28660.0, 0.06617693
28670.0, 0.06617628
28680.0, 0.06617563
28690.0, 0.06617499
28700.0, 0.06617434
28710.0, 0.0661737
28720.0, 0.06617306
28730.0, 0.06617242
28740.0, 0.06617179
28750.0, 0.06617115
28760.0, 0.06617051
28770.0, 0.06616988
28780.0, 0.06616925
28790.0, 0.066168614
28800.0, 0.06616798
28810.0, 0.066167355
28820.0, 0.06616672
28830.0, 0.066166095
28840.0, 0.06616547
28850.0, 0.066164844
28860.0, 0.066164225
28870.0, 0.0661636
28880.0, 0.06616298
28890.0, 0.06616236
28900.0, 0.066161744
28910.0, 0.066161126
28920.0, 0.06616051
28930.0, 0.0661599
28940.0, 0.06615928
28950.0, 0.06615867
28960.0, 0.066158056
28970.0, 0.066157445
28980.0, 0.06615684
28990.0, 0.06615623
29000.0, 0.06615563
29010.0, 0.06615502
29020.0, 0.06615441
29030.0, 0.06615382
29040.0, 0.06615321
29050.0, 0.06615261
29060.0, 0.066152014
29070.0, 0.06615142
29080.0, 0.06615082
29090.0, 0.066150226
29100.0, 0.06614963
29110.0, 0.06614903
29120.0, 0.066148445
29130.0, 0.06614786
29140.0, 0.06614727
29150.0, 0.06614668
29160.0, 0.06614609
29170.0, 0.0661455
29180.0, 0.06614492
29190.0, 0.06614434
29200.0, 0.06614375
29210.0, 0.06614317
29220.0, 0.0661426
29230.0, 0.066142015
29240.0, 0.066141434
29250.0, 0.06614086
29260.0, 0.06614029
29270.0, 0.06613971
29280.0, 0.06613914
29290.0, 0.066138566
29300.0, 0.06613799
29310.0, 0.066137426
29320.0, 0.06613686
29330.0, 0.066136286
29340.0, 0.06613572
29350.0, 0.06613515
29360.0, 0.066134594
29370.0, 0.06613403
29380.0, 0.06613347
29390.0, 0.06613291
29400.0, 0.06613235
29410.0, 0.06613179
29420.0, 0.066131234
29430.0, 0.066130675
29440.0, 0.066130124
29450.0, 0.066129565
29460.0, 0.066129014
29470.0, 0.06612846
29480.0, 0.06612791
29490.0, 0.06612736
29500.0, 0.066126816
29510.0, 0.066126265
29520.0, 0.06612572
29530.0, 0.06612518
29540.0, 0.06612463
29550.0, 0.06612409
29560.0, 0.066123545
29570.0, 0.06612301
29580.0, 0.066122465
29590.0, 0.06612193
29600.0, 0.06612139
29610.0, 0.066120856
29620.0, 0.06612032
29630.0, 0.06611978
29640.0, 0.06611925
29650.0, 0.06611872
29660.0, 0.06611819
29670.0, 0.06611766
29680.0, 0.06611713
29690.0, 0.0661166
29700.0, 0.06611607
29710.0, 0.06611554
29720.0, 0.06611502
29730.0, 0.0661145
29740.0, 0.06611398
29750.0, 0.06611346
29760.0, 0.066112936
29770.0, 0.066112414
29780.0, 0.06611189
29790.0, 0.06611138
29800.0, 0.066110864
29810.0, 0.06611034
29820.0, 0.06610983
29830.0, 0.066109315
29840.0, 0.06610881
29850.0, 0.066108294
29860.0, 0.06610778
29870.0, 0.06610727
29880.0, 0.06610677
29890.0, 0.06610626
29900.0, 0.06610575
29910.0, 0.06610525
29920.0, 0.06610474
29930.0, 0.06610424
29940.0, 0.066103734
29950.0, 0.066103235
29960.0, 0.066102736
29970.0, 0.06610224
29980.0, 0.06610174
29990.0, 0.06610124
30000.0, 0.06610075
