Energy (in eV), backscattering yield of material sc2k-NASCAP at incidence 60.0 degree
   X,       Y
0.0, 0.70710677
10.0, 0.42888197
20.0, 0.26013008
30.0, 0.15777686
40.0, 0.09569651
50.0, 0.05804287
60.0, 0.11740881
70.0, 0.15357813
80.0, 0.18012924
90.0, 0.20097516
100.0, 0.21802665
110.0, 0.2323853
120.0, 0.24474308
130.0, 0.2555606
140.0, 0.26515836
150.0, 0.2737676
160.0, 0.28156027
170.0, 0.28866774
180.0, 0.2951923
190.0, 0.30121526
200.0, 0.30680233
210.0, 0.3120072
220.0, 0.31687444
230.0, 0.32144135
240.0, 0.32573947
250.0, 0.32979575
260.0, 0.33363327
270.0, 0.3372721
280.0, 0.34072968
290.0, 0.3440213
300.0, 0.34716043
310.0, 0.350159
320.0, 0.3530276
330.0, 0.35577577
340.0, 0.35841194
350.0, 0.36094376
360.0, 0.3633782
370.0, 0.36572146
380.0, 0.36797923
390.0, 0.3701567
400.0, 0.37225863
410.0, 0.37428927
420.0, 0.37625274
430.0, 0.37815258
440.0, 0.37999222
450.0, 0.3817748
460.0, 0.38350317
470.0, 0.38518003
480.0, 0.38680792
490.0, 0.38838908
500.0, 0.38992575
510.0, 0.39141986
520.0, 0.39287338
530.0, 0.39428806
540.0, 0.39566553
550.0, 0.39700735
560.0, 0.39831504
570.0, 0.39958993
580.0, 0.4008333
590.0, 0.4020464
600.0, 0.40323043
610.0, 0.4043864
620.0, 0.4055154
630.0, 0.40661842
640.0, 0.4076963
650.0, 0.40875003
660.0, 0.4097804
670.0, 0.4107882
680.0, 0.41177425
690.0, 0.41273913
700.0, 0.41368365
710.0, 0.41460845
720.0, 0.4155141
730.0, 0.41640124
740.0, 0.41727045
750.0, 0.4181222
760.0, 0.4189571
770.0, 0.41977558
780.0, 0.42057818
790.0, 0.42136532
800.0, 0.42213747
810.0, 0.42289498
820.0, 0.4236383
830.0, 0.42436787
840.0, 0.42508397
850.0, 0.42578703
860.0, 0.42647734
870.0, 0.42715532
880.0, 0.4278212
890.0, 0.42847526
900.0, 0.42911792
910.0, 0.42974937
920.0, 0.4303699
930.0, 0.43097985
940.0, 0.43157935
950.0, 0.43216878
960.0, 0.4327483
970.0, 0.43331814
980.0, 0.4338786
990.0, 0.4344298
1000.0, 0.434972
1010.0, 0.4347839
1020.0, 0.43459612
1030.0, 0.43440863
1040.0, 0.43422145
1050.0, 0.43403453
1060.0, 0.43384793
1070.0, 0.4336616
1080.0, 0.43347558
1090.0, 0.43328986
1100.0, 0.4331044
1110.0, 0.43291926
1120.0, 0.4327344
1130.0, 0.43254983
1140.0, 0.43236557
1150.0, 0.43218157
1160.0, 0.43199787
1170.0, 0.43181446
1180.0, 0.43163136
1190.0, 0.43144852
1200.0, 0.43126598
1210.0, 0.4310837
1220.0, 0.43090174
1230.0, 0.43072006
1240.0, 0.43053868
1250.0, 0.43035755
1260.0, 0.43017673
1270.0, 0.4299962
1280.0, 0.42981595
1290.0, 0.42963597
1300.0, 0.4294563
1310.0, 0.4292769
1320.0, 0.42909777
1330.0, 0.42891896
1340.0, 0.4287404
1350.0, 0.42856213
1360.0, 0.42838416
1370.0, 0.42820644
1380.0, 0.42802903
1390.0, 0.4278519
1400.0, 0.42767504
1410.0, 0.42749846
1420.0, 0.42732215
1430.0, 0.42714614
1440.0, 0.4269704
1450.0, 0.42679495
1460.0, 0.42661974
1470.0, 0.42644486
1480.0, 0.42627022
1490.0, 0.42609587
1500.0, 0.4259218
1510.0, 0.42574802
1520.0, 0.42557448
1530.0, 0.42540124
1540.0, 0.42522827
1550.0, 0.4250556
1560.0, 0.42488316
1570.0, 0.42471102
1580.0, 0.42453915
1590.0, 0.42436755
1600.0, 0.42419624
1610.0, 0.4240252
1620.0, 0.42385444
1630.0, 0.4236839
1640.0, 0.42351368
1650.0, 0.42334375
1660.0, 0.42317405
1670.0, 0.42300463
1680.0, 0.4228355
1690.0, 0.4226666
1700.0, 0.42249805
1710.0, 0.4223297
1720.0, 0.42216164
1730.0, 0.42199385
1740.0, 0.4218263
1750.0, 0.42165905
1760.0, 0.42149207
1770.0, 0.42132536
1780.0, 0.42115888
1790.0, 0.4209927
1800.0, 0.4208268
1810.0, 0.42066115
1820.0, 0.42049575
1830.0, 0.4203306
1840.0, 0.42016578
1850.0, 0.42000115
1860.0, 0.41983685
1870.0, 0.4196728
1880.0, 0.419509
1890.0, 0.41934544
1900.0, 0.41918218
1910.0, 0.41901916
1920.0, 0.4188564
1930.0, 0.41869393
1940.0, 0.41853172
1950.0, 0.41836974
1960.0, 0.41820803
1970.0, 0.4180466
1980.0, 0.41788542
1990.0, 0.4177245
2000.0, 0.41756383
2010.0, 0.41740343
2020.0, 0.4172433
2030.0, 0.4170834
2040.0, 0.4169238
2050.0, 0.4167644
2060.0, 0.4166053
2070.0, 0.41644645
2080.0, 0.41628784
2090.0, 0.41612953
2100.0, 0.41597143
2110.0, 0.4158136
2120.0, 0.41565603
2130.0, 0.4154987
2140.0, 0.41534165
2150.0, 0.41518486
2160.0, 0.4150283
2170.0, 0.414872
2180.0, 0.41471595
2190.0, 0.41456017
2200.0, 0.41440463
2210.0, 0.41424936
2220.0, 0.4140943
2230.0, 0.4139395
2240.0, 0.413785
2250.0, 0.41363072
2260.0, 0.41347668
2270.0, 0.4133229
2280.0, 0.41316938
2290.0, 0.4130161
2300.0, 0.41286308
2310.0, 0.41271028
2320.0, 0.41255778
2330.0, 0.4124055
2340.0, 0.41225344
2350.0, 0.41210166
2360.0, 0.4119501
2370.0, 0.41179883
2380.0, 0.41164777
2390.0, 0.41149697
2400.0, 0.41134644
2410.0, 0.41119614
2420.0, 0.4110461
2430.0, 0.41089624
2440.0, 0.4107467
2450.0, 0.41059735
2460.0, 0.41044828
2470.0, 0.41029945
2480.0, 0.41015083
2490.0, 0.4100025
2500.0, 0.40985438
2510.0, 0.40970653
2520.0, 0.4095589
2530.0, 0.40941152
2540.0, 0.40926436
2550.0, 0.40911746
2560.0, 0.40897083
2570.0, 0.40882438
2580.0, 0.40867823
2590.0, 0.4085323
2600.0, 0.4083866
2610.0, 0.40824112
2620.0, 0.4080959
2630.0, 0.40795094
2640.0, 0.4078062
2650.0, 0.40766168
2660.0, 0.40751743
2670.0, 0.40737337
2680.0, 0.40722957
2690.0, 0.407086
2700.0, 0.40694273
2710.0, 0.4067996
2720.0, 0.40665677
2730.0, 0.40651417
2740.0, 0.4063718
2750.0, 0.40622965
2760.0, 0.40608773
2770.0, 0.40594608
2780.0, 0.40580463
2790.0, 0.40566343
2800.0, 0.40552244
2810.0, 0.4053817
2820.0, 0.4052412
2830.0, 0.4051009
2840.0, 0.40496087
2850.0, 0.40482107
2860.0, 0.40468147
2870.0, 0.40454212
2880.0, 0.404403
2890.0, 0.40426412
2900.0, 0.40412545
2910.0, 0.40398702
2920.0, 0.40384883
2930.0, 0.40371084
2940.0, 0.40357313
2950.0, 0.4034356
2960.0, 0.40329832
2970.0, 0.40316126
2980.0, 0.4030244
2990.0, 0.40288782
3000.0, 0.40275142
3010.0, 0.40261528
3020.0, 0.40247935
3030.0, 0.40234363
3040.0, 0.40220818
3050.0, 0.40207294
3060.0, 0.4019379
3070.0, 0.4018031
3080.0, 0.40166852
3090.0, 0.40153417
3100.0, 0.40140006
3110.0, 0.40126613
3120.0, 0.40113243
3130.0, 0.40099898
3140.0, 0.40086576
3150.0, 0.40073276
3160.0, 0.40059996
3170.0, 0.40046737
3180.0, 0.400335
3190.0, 0.4002029
3200.0, 0.40007097
3210.0, 0.3999393
3220.0, 0.3998078
3230.0, 0.39967656
3240.0, 0.39954552
3250.0, 0.39941475
3260.0, 0.39928415
3270.0, 0.39915377
3280.0, 0.3990236
3290.0, 0.39889365
3300.0, 0.39876392
3310.0, 0.39863443
3320.0, 0.39850515
3330.0, 0.39837608
3340.0, 0.39824724
3350.0, 0.3981186
3360.0, 0.39799017
3370.0, 0.39786196
3380.0, 0.39773396
3390.0, 0.39760616
3400.0, 0.3974786
3410.0, 0.39735126
3420.0, 0.39722413
3430.0, 0.3970972
3440.0, 0.3969705
3450.0, 0.396844
3460.0, 0.3967177
3470.0, 0.39659163
3480.0, 0.39646578
3490.0, 0.39634013
3500.0, 0.3962147
3510.0, 0.39608946
3520.0, 0.39596444
3530.0, 0.39583963
3540.0, 0.39571503
3550.0, 0.39559066
3560.0, 0.39546648
3570.0, 0.39534253
3580.0, 0.39521876
3590.0, 0.3950952
3600.0, 0.39497188
3610.0, 0.39484873
3620.0, 0.3947258
3630.0, 0.39460307
3640.0, 0.3944806
3650.0, 0.39435828
3660.0, 0.39423618
3670.0, 0.3941143
3680.0, 0.3939926
3690.0, 0.39387113
3700.0, 0.39374983
3710.0, 0.39362878
3720.0, 0.3935079
3730.0, 0.39338726
3740.0, 0.3932668
3750.0, 0.39314654
3760.0, 0.3930265
3770.0, 0.39290664
3780.0, 0.392787
3790.0, 0.39266756
3800.0, 0.39254832
3810.0, 0.3924293
3820.0, 0.39231047
3830.0, 0.39219183
3840.0, 0.39207342
3850.0, 0.39195517
3860.0, 0.39183715
3870.0, 0.3917193
3880.0, 0.39160168
3890.0, 0.39148426
3900.0, 0.39136702
3910.0, 0.39124998
3920.0, 0.39113316
3930.0, 0.39101654
3940.0, 0.3909001
3950.0, 0.39078388
3960.0, 0.39066783
3970.0, 0.39055198
3980.0, 0.39043635
3990.0, 0.3903209
4000.0, 0.39020565
4010.0, 0.39009058
4020.0, 0.38997573
4030.0, 0.38986108
4040.0, 0.3897466
4050.0, 0.38963234
4060.0, 0.38951826
4070.0, 0.3894044
4080.0, 0.3892907
4090.0, 0.3891772
4100.0, 0.3890639
4110.0, 0.3889508
4120.0, 0.38883787
4130.0, 0.38872516
4140.0, 0.38861263
4150.0, 0.3885003
4160.0, 0.38838816
4170.0, 0.3882762
4180.0, 0.38816443
4190.0, 0.38805288
4200.0, 0.38794148
4210.0, 0.38783032
4220.0, 0.3877193
4230.0, 0.3876085
4240.0, 0.38749787
4250.0, 0.38738745
4260.0, 0.38727722
4270.0, 0.38716716
4280.0, 0.3870573
4290.0, 0.38694763
4300.0, 0.38683814
4310.0, 0.38672885
4320.0, 0.38661975
4330.0, 0.38651085
4340.0, 0.3864021
4350.0, 0.38629356
4360.0, 0.3861852
4370.0, 0.38607702
4380.0, 0.385969
4390.0, 0.38586122
4400.0, 0.3857536
4410.0, 0.38564616
4420.0, 0.38553894
4430.0, 0.38543186
4440.0, 0.38532498
4450.0, 0.3852183
4460.0, 0.38511178
4470.0, 0.38500544
4480.0, 0.3848993
4490.0, 0.38479334
4500.0, 0.38468757
4510.0, 0.38458195
4520.0, 0.38447654
4530.0, 0.3843713
4540.0, 0.38426626
4550.0, 0.38416138
4560.0, 0.3840567
4570.0, 0.3839522
4580.0, 0.38384786
4590.0, 0.3837437
4600.0, 0.38363975
4610.0, 0.38353595
4620.0, 0.38343236
4630.0, 0.3833289
4640.0, 0.38322568
4650.0, 0.3831226
4660.0, 0.38301972
4670.0, 0.382917
4680.0, 0.38281444
4690.0, 0.38271207
4700.0, 0.3826099
4710.0, 0.3825079
4720.0, 0.38240606
4730.0, 0.3823044
4740.0, 0.38220292
4750.0, 0.38210163
4760.0, 0.3820005
4770.0, 0.38189954
4780.0, 0.38179877
4790.0, 0.38169816
4800.0, 0.38159773
4810.0, 0.38149747
4820.0, 0.38139743
4830.0, 0.3812975
4840.0, 0.38119778
4850.0, 0.3810982
4860.0, 0.38099882
4870.0, 0.3808996
4880.0, 0.38080058
4890.0, 0.38070172
4900.0, 0.38060302
4910.0, 0.3805045
4920.0, 0.38040614
4930.0, 0.38030797
4940.0, 0.38020995
4950.0, 0.3801121
4960.0, 0.38001445
4970.0, 0.37991694
4980.0, 0.37981963
4990.0, 0.37972245
5000.0, 0.37962547
5010.0, 0.37952864
5020.0, 0.379432
5030.0, 0.3793355
5040.0, 0.37923917
5050.0, 0.37914303
5060.0, 0.37904707
5070.0, 0.37895125
5080.0, 0.3788556
5090.0, 0.37876013
5100.0, 0.37866482
5110.0, 0.37856966
5120.0, 0.37847468
5130.0, 0.37837988
5140.0, 0.37828523
5150.0, 0.37819076
5160.0, 0.37809643
5170.0, 0.3780023
5180.0, 0.3779083
5190.0, 0.37781447
5200.0, 0.37772083
5210.0, 0.37762734
5220.0, 0.377534
5230.0, 0.37744084
5240.0, 0.37734783
5250.0, 0.377255
5260.0, 0.3771623
5270.0, 0.37706977
5280.0, 0.37697744
5290.0, 0.37688524
5300.0, 0.3767932
5310.0, 0.37670135
5320.0, 0.37660965
5330.0, 0.3765181
5340.0, 0.3764267
5350.0, 0.3763355
5360.0, 0.37624443
5370.0, 0.37615353
5380.0, 0.37606278
5390.0, 0.37597218
5400.0, 0.37588176
5410.0, 0.3757915
5420.0, 0.3757014
5430.0, 0.37561145
5440.0, 0.37552166
5450.0, 0.375432
5460.0, 0.37534252
5470.0, 0.37525323
5480.0, 0.37516406
5490.0, 0.37507504
5500.0, 0.3749862
5510.0, 0.37489754
5520.0, 0.37480897
5530.0, 0.3747206
5540.0, 0.3746324
5550.0, 0.37454432
5560.0, 0.3744564
5570.0, 0.37436867
5580.0, 0.37428105
5590.0, 0.3741936
5600.0, 0.3741063
5610.0, 0.37401918
5620.0, 0.37393218
5630.0, 0.37384534
5640.0, 0.37375867
5650.0, 0.37367216
5660.0, 0.3735858
5670.0, 0.37349954
5680.0, 0.37341347
5690.0, 0.37332758
5700.0, 0.3732418
5710.0, 0.37315622
5720.0, 0.37307075
5730.0, 0.37298542
5740.0, 0.37290028
5750.0, 0.37281528
5760.0, 0.37273043
5770.0, 0.3726457
5780.0, 0.37256116
5790.0, 0.37247676
5800.0, 0.3723925
5810.0, 0.3723084
5820.0, 0.37222442
5830.0, 0.37214062
5840.0, 0.37205696
5850.0, 0.37197345
5860.0, 0.3718901
5870.0, 0.37180686
5880.0, 0.3717238
5890.0, 0.3716409
5900.0, 0.3715581
5910.0, 0.37147546
5920.0, 0.371393
5930.0, 0.37131065
5940.0, 0.37122846
5950.0, 0.37114644
5960.0, 0.37106454
5970.0, 0.3709828
5980.0, 0.37090117
5990.0, 0.37081975
6000.0, 0.37073842
6010.0, 0.37065724
6020.0, 0.37057623
6030.0, 0.37049535
6040.0, 0.37041458
6050.0, 0.370334
6060.0, 0.37025356
6070.0, 0.37017325
6080.0, 0.3700931
6090.0, 0.37001306
6100.0, 0.3699332
6110.0, 0.36985344
6120.0, 0.36977386
6130.0, 0.3696944
6140.0, 0.3696151
6150.0, 0.36953592
6160.0, 0.36945692
6170.0, 0.36937803
6180.0, 0.36929926
6190.0, 0.36922067
6200.0, 0.3691422
6210.0, 0.36906388
6220.0, 0.3689857
6230.0, 0.36890766
6240.0, 0.36882976
6250.0, 0.368752
6260.0, 0.36867437
6270.0, 0.36859685
6280.0, 0.3685195
6290.0, 0.36844233
6300.0, 0.36836526
6310.0, 0.3682883
6320.0, 0.3682115
6330.0, 0.36813486
6340.0, 0.36805832
6350.0, 0.36798194
6360.0, 0.36790568
6370.0, 0.36782956
6380.0, 0.3677536
6390.0, 0.36767778
6400.0, 0.36760208
6410.0, 0.3675265
6420.0, 0.36745107
6430.0, 0.36737576
6440.0, 0.3673006
6450.0, 0.3672256
6460.0, 0.3671507
6470.0, 0.36707592
6480.0, 0.3670013
6490.0, 0.36692682
6500.0, 0.36685246
6510.0, 0.36677822
6520.0, 0.36670417
6530.0, 0.3666302
6540.0, 0.36655638
6550.0, 0.36648268
6560.0, 0.36640912
6570.0, 0.3663357
6580.0, 0.3662624
6590.0, 0.36618924
6600.0, 0.3661162
6610.0, 0.36604333
6620.0, 0.36597055
6630.0, 0.3658979
6640.0, 0.3658254
6650.0, 0.36575302
6660.0, 0.36568078
6670.0, 0.36560866
6680.0, 0.36553666
6690.0, 0.3654648
6700.0, 0.3653931
6710.0, 0.3653215
6720.0, 0.36525002
6730.0, 0.3651787
6740.0, 0.36510748
6750.0, 0.3650364
6760.0, 0.36496544
6770.0, 0.36489463
6780.0, 0.36482394
6790.0, 0.36475334
6800.0, 0.3646829
6810.0, 0.3646126
6820.0, 0.3645424
6830.0, 0.36447236
6840.0, 0.3644024
6850.0, 0.36433262
6860.0, 0.36426294
6870.0, 0.36419335
6880.0, 0.36412394
6890.0, 0.36405462
6900.0, 0.36398545
6910.0, 0.3639164
6920.0, 0.36384746
6930.0, 0.36377865
6940.0, 0.36370996
6950.0, 0.3636414
6960.0, 0.36357298
6970.0, 0.36350468
6980.0, 0.3634365
6990.0, 0.36336842
7000.0, 0.3633005
7010.0, 0.36323267
7020.0, 0.363165
7030.0, 0.3630974
7040.0, 0.36302996
7050.0, 0.36296263
7060.0, 0.36289543
7070.0, 0.36282834
7080.0, 0.3627614
7090.0, 0.36269456
7100.0, 0.36262783
7110.0, 0.36256126
7120.0, 0.36249477
7130.0, 0.36242843
7140.0, 0.36236218
7150.0, 0.36229607
7160.0, 0.36223006
7170.0, 0.3621642
7180.0, 0.36209846
7190.0, 0.3620328
7200.0, 0.3619673
7210.0, 0.3619019
7220.0, 0.36183664
7230.0, 0.36177146
7240.0, 0.36170644
7250.0, 0.3616415
7260.0, 0.3615767
7270.0, 0.361512
7280.0, 0.36144745
7290.0, 0.361383
7300.0, 0.36131865
7310.0, 0.36125445
7320.0, 0.36119035
7330.0, 0.36112636
7340.0, 0.3610625
7350.0, 0.36099875
7360.0, 0.36093512
7370.0, 0.3608716
7380.0, 0.3608082
7390.0, 0.36074492
7400.0, 0.36068174
7410.0, 0.36061868
7420.0, 0.36055574
7430.0, 0.36049291
7440.0, 0.3604302
7450.0, 0.3603676
7460.0, 0.36030513
7470.0, 0.36024275
7480.0, 0.36018053
7490.0, 0.36011836
7500.0, 0.36005634
7510.0, 0.3599944
7520.0, 0.3599326
7530.0, 0.3598709
7540.0, 0.35980937
7550.0, 0.35974792
7560.0, 0.35968655
7570.0, 0.3596253
7580.0, 0.3595642
7590.0, 0.35950315
7600.0, 0.35944226
7610.0, 0.35938147
7620.0, 0.3593208
7630.0, 0.3592602
7640.0, 0.35919976
7650.0, 0.3591394
7660.0, 0.35907918
7670.0, 0.35901904
7680.0, 0.35895902
7690.0, 0.35889912
7700.0, 0.35883933
7710.0, 0.35877964
7720.0, 0.35872006
7730.0, 0.35866058
7740.0, 0.3586012
7750.0, 0.35854197
7760.0, 0.35848284
7770.0, 0.3584238
7780.0, 0.35836485
7790.0, 0.35830605
7800.0, 0.35824734
7810.0, 0.35818875
7820.0, 0.35813025
7830.0, 0.35807183
7840.0, 0.35801357
7850.0, 0.3579554
7860.0, 0.35789734
7870.0, 0.35783938
7880.0, 0.3577815
7890.0, 0.35772377
7900.0, 0.35766613
7910.0, 0.3576086
7920.0, 0.35755116
7930.0, 0.35749382
7940.0, 0.35743663
7950.0, 0.3573795
7960.0, 0.35732248
7970.0, 0.3572656
7980.0, 0.3572088
7990.0, 0.3571521
8000.0, 0.3570955
8010.0, 0.357039
8020.0, 0.35698265
8030.0, 0.35692635
8040.0, 0.35687017
8050.0, 0.35681412
8060.0, 0.35675815
8070.0, 0.35670227
8080.0, 0.3566465
8090.0, 0.35659084
8100.0, 0.3565353
8110.0, 0.35647985
8120.0, 0.35642448
8130.0, 0.35636923
8140.0, 0.3563141
8150.0, 0.35625905
8160.0, 0.3562041
8170.0, 0.35614926
8180.0, 0.3560945
8190.0, 0.35603988
8200.0, 0.35598534
8210.0, 0.3559309
8220.0, 0.35587654
8230.0, 0.35582232
8240.0, 0.35576817
8250.0, 0.3557141
8260.0, 0.3556602
8270.0, 0.35560635
8280.0, 0.3555526
8290.0, 0.35549894
8300.0, 0.3554454
8310.0, 0.35539198
8320.0, 0.35533863
8330.0, 0.35528538
8340.0, 0.35523224
8350.0, 0.3551792
8360.0, 0.35512623
8370.0, 0.35507336
8380.0, 0.3550206
8390.0, 0.35496795
8400.0, 0.3549154
8410.0, 0.35486293
8420.0, 0.35481057
8430.0, 0.3547583
8440.0, 0.35470614
8450.0, 0.35465404
8460.0, 0.35460207
8470.0, 0.35455018
8480.0, 0.35449842
8490.0, 0.35444674
8500.0, 0.35439512
8510.0, 0.35434362
8520.0, 0.3542922
8530.0, 0.3542409
8540.0, 0.3541897
8550.0, 0.35413858
8560.0, 0.35408753
8570.0, 0.3540366
8580.0, 0.3539858
8590.0, 0.35393503
8600.0, 0.3538844
8610.0, 0.35383382
8620.0, 0.35378337
8630.0, 0.353733
8640.0, 0.35368273
8650.0, 0.35363257
8660.0, 0.35358247
8670.0, 0.3535325
8680.0, 0.35348257
8690.0, 0.35343277
8700.0, 0.35338306
8710.0, 0.35333344
8720.0, 0.3532839
8730.0, 0.35323447
8740.0, 0.35318512
8750.0, 0.35313588
8760.0, 0.3530867
8770.0, 0.35303763
8780.0, 0.35298866
8790.0, 0.35293978
8800.0, 0.35289097
8810.0, 0.35284227
8820.0, 0.35279363
8830.0, 0.35274512
8840.0, 0.3526967
8850.0, 0.35264832
8860.0, 0.35260007
8870.0, 0.3525519
8880.0, 0.35250384
8890.0, 0.35245585
8900.0, 0.35240793
8910.0, 0.35236013
8920.0, 0.35231242
8930.0, 0.3522648
8940.0, 0.35221726
8950.0, 0.35216978
8960.0, 0.35212243
8970.0, 0.35207516
8980.0, 0.35202795
8990.0, 0.35198087
9000.0, 0.35193387
9010.0, 0.35188693
9020.0, 0.35184008
9030.0, 0.35179335
9040.0, 0.35174668
9050.0, 0.3517001
9060.0, 0.3516536
9070.0, 0.3516072
9080.0, 0.3515609
9090.0, 0.35151467
9100.0, 0.35146853
9110.0, 0.35142246
9120.0, 0.3513765
9130.0, 0.3513306
9140.0, 0.3512848
9150.0, 0.3512391
9160.0, 0.35119346
9170.0, 0.35114792
9180.0, 0.35110247
9190.0, 0.35105708
9200.0, 0.3510118
9210.0, 0.3509666
9220.0, 0.35092148
9230.0, 0.35087645
9240.0, 0.3508315
9250.0, 0.35078663
9260.0, 0.35074186
9270.0, 0.35069716
9280.0, 0.35065255
9290.0, 0.35060802
9300.0, 0.35056356
9310.0, 0.3505192
9320.0, 0.35047492
9330.0, 0.35043073
9340.0, 0.3503866
9350.0, 0.35034257
9360.0, 0.3502986
9370.0, 0.35025474
9380.0, 0.35021096
9390.0, 0.35016724
9400.0, 0.35012364
9410.0, 0.3500801
9420.0, 0.35003665
9430.0, 0.34999326
9440.0, 0.34994996
9450.0, 0.34990674
9460.0, 0.34986362
9470.0, 0.34982055
9480.0, 0.34977758
9490.0, 0.3497347
9500.0, 0.34969187
9510.0, 0.34964916
9520.0, 0.34960648
9530.0, 0.34956393
9540.0, 0.34952143
9550.0, 0.34947902
9560.0, 0.3494367
9570.0, 0.34939444
9580.0, 0.34935227
9590.0, 0.34931016
9600.0, 0.34926817
9610.0, 0.3492262
9620.0, 0.34918436
9630.0, 0.34914258
9640.0, 0.3491009
9650.0, 0.34905925
9660.0, 0.3490177
9670.0, 0.34897625
9680.0, 0.34893486
9690.0, 0.34889355
9700.0, 0.3488523
9710.0, 0.34881118
9720.0, 0.34877008
9730.0, 0.34872907
9740.0, 0.34868816
9750.0, 0.34864733
9760.0, 0.34860656
9770.0, 0.34856588
9780.0, 0.34852526
9790.0, 0.3484847
9800.0, 0.34844425
9810.0, 0.34840384
9820.0, 0.34836355
9830.0, 0.34832332
9840.0, 0.34828314
9850.0, 0.34824306
9860.0, 0.34820306
9870.0, 0.34816313
9880.0, 0.34812328
9890.0, 0.34808347
9900.0, 0.34804377
9910.0, 0.34800413
9920.0, 0.34796458
9930.0, 0.3479251
9940.0, 0.3478857
9950.0, 0.34784636
9960.0, 0.3478071
9970.0, 0.34776792
9980.0, 0.3477288
9990.0, 0.34768978
10000.0, 0.3476508
10010.0, 0.3476119
10020.0, 0.3475731
10030.0, 0.34753433
10040.0, 0.34749568
10050.0, 0.34745708
10060.0, 0.34741855
10070.0, 0.3473801
10080.0, 0.34734172
10090.0, 0.3473034
10100.0, 0.34726515
10110.0, 0.347227
10120.0, 0.3471889
10130.0, 0.3471509
10140.0, 0.34711292
10150.0, 0.34707507
10160.0, 0.34703726
10170.0, 0.34699953
10180.0, 0.34696186
10190.0, 0.34692428
10200.0, 0.34688675
10210.0, 0.3468493
10220.0, 0.34681192
10230.0, 0.3467746
10240.0, 0.34673738
10250.0, 0.34670022
10260.0, 0.34666312
10270.0, 0.3466261
10280.0, 0.34658915
10290.0, 0.34655225
10300.0, 0.34651545
10310.0, 0.3464787
10320.0, 0.346442
10330.0, 0.34640542
10340.0, 0.34636885
10350.0, 0.3463324
10360.0, 0.34629598
10370.0, 0.34625965
10380.0, 0.34622338
10390.0, 0.3461872
10400.0, 0.34615108
10410.0, 0.34611502
10420.0, 0.34607902
10430.0, 0.3460431
10440.0, 0.34600726
10450.0, 0.34597147
10460.0, 0.34593576
10470.0, 0.34590012
10480.0, 0.34586453
10490.0, 0.345829
10500.0, 0.34579358
10510.0, 0.3457582
10520.0, 0.34572288
10530.0, 0.34568763
10540.0, 0.34565246
10550.0, 0.34561732
10560.0, 0.3455823
10570.0, 0.34554732
10580.0, 0.3455124
10590.0, 0.34547755
10600.0, 0.34544277
10610.0, 0.34540805
10620.0, 0.34537342
10630.0, 0.34533882
10640.0, 0.3453043
10650.0, 0.34526986
10660.0, 0.34523547
10670.0, 0.34520116
10680.0, 0.3451669
10690.0, 0.3451327
10700.0, 0.34509858
10710.0, 0.34506452
10720.0, 0.34503052
10730.0, 0.3449966
10740.0, 0.34496272
10750.0, 0.34492892
10760.0, 0.34489518
10770.0, 0.3448615
10780.0, 0.3448279
10790.0, 0.34479436
10800.0, 0.34476086
10810.0, 0.34472746
10820.0, 0.3446941
10830.0, 0.34466082
10840.0, 0.3446276
10850.0, 0.34459442
10860.0, 0.3445613
10870.0, 0.34452826
10880.0, 0.3444953
10890.0, 0.3444624
10900.0, 0.34442952
10910.0, 0.34439674
10920.0, 0.34436402
10930.0, 0.34433135
10940.0, 0.34429875
10950.0, 0.3442662
10960.0, 0.34423372
10970.0, 0.34420133
10980.0, 0.34416896
10990.0, 0.3441367
11000.0, 0.34410444
11010.0, 0.34407225
11020.0, 0.34404016
11030.0, 0.34400812
11040.0, 0.3439761
11050.0, 0.3439442
11060.0, 0.34391233
11070.0, 0.34388053
11080.0, 0.3438488
11090.0, 0.3438171
11100.0, 0.34378546
11110.0, 0.34375393
11120.0, 0.34372243
11130.0, 0.34369096
11140.0, 0.3436596
11150.0, 0.3436283
11160.0, 0.34359702
11170.0, 0.3435658
11180.0, 0.34353465
11190.0, 0.3435036
11200.0, 0.34347254
11210.0, 0.3434416
11220.0, 0.34341067
11230.0, 0.34337986
11240.0, 0.34334904
11250.0, 0.3433183
11260.0, 0.34328765
11270.0, 0.34325704
11280.0, 0.3432265
11290.0, 0.34319597
11300.0, 0.34316555
11310.0, 0.34313518
11320.0, 0.34310484
11330.0, 0.3430746
11340.0, 0.34304437
11350.0, 0.34301424
11360.0, 0.34298414
11370.0, 0.34295413
11380.0, 0.34292415
11390.0, 0.34289423
11400.0, 0.34286436
11410.0, 0.34283456
11420.0, 0.34280482
11430.0, 0.34277514
11440.0, 0.34274548
11450.0, 0.34271592
11460.0, 0.34268638
11470.0, 0.3426569
11480.0, 0.34262753
11490.0, 0.34259817
11500.0, 0.34256887
11510.0, 0.34253964
11520.0, 0.34251046
11530.0, 0.34248132
11540.0, 0.34245226
11550.0, 0.34242323
11560.0, 0.3423943
11570.0, 0.34236538
11580.0, 0.34233654
11590.0, 0.34230772
11600.0, 0.342279
11610.0, 0.34225032
11620.0, 0.34222168
11630.0, 0.3421931
11640.0, 0.34216458
11650.0, 0.3421361
11660.0, 0.3421077
11670.0, 0.34207934
11680.0, 0.34205106
11690.0, 0.3420228
11700.0, 0.3419946
11710.0, 0.34196648
11720.0, 0.34193838
11730.0, 0.34191036
11740.0, 0.34188238
11750.0, 0.34185445
11760.0, 0.3418266
11770.0, 0.34179875
11780.0, 0.341771
11790.0, 0.3417433
11800.0, 0.34171563
11810.0, 0.341688
11820.0, 0.34166047
11830.0, 0.34163296
11840.0, 0.34160554
11850.0, 0.34157813
11860.0, 0.3415508
11870.0, 0.3415235
11880.0, 0.34149626
11890.0, 0.34146908
11900.0, 0.34144196
11910.0, 0.34141487
11920.0, 0.34138784
11930.0, 0.34136087
11940.0, 0.34133396
11950.0, 0.34130707
11960.0, 0.34128025
11970.0, 0.3412535
11980.0, 0.34122676
11990.0, 0.34120008
12000.0, 0.34117347
12010.0, 0.34114692
12020.0, 0.3411204
12030.0, 0.34109396
12040.0, 0.34106752
12050.0, 0.34104118
12060.0, 0.34101486
12070.0, 0.3409886
12080.0, 0.34096238
12090.0, 0.34093624
12100.0, 0.3409101
12110.0, 0.34088406
12120.0, 0.34085804
12130.0, 0.34083208
12140.0, 0.3408062
12150.0, 0.34078032
12160.0, 0.3407545
12170.0, 0.34072876
12180.0, 0.34070304
12190.0, 0.34067738
12200.0, 0.34065178
12210.0, 0.3406262
12220.0, 0.3406007
12230.0, 0.34057525
12240.0, 0.34054983
12250.0, 0.34052446
12260.0, 0.34049913
12270.0, 0.34047386
12280.0, 0.34044865
12290.0, 0.3404235
12300.0, 0.34039837
12310.0, 0.34037328
12320.0, 0.34034824
12330.0, 0.3403233
12340.0, 0.34029835
12350.0, 0.34027347
12360.0, 0.34024864
12370.0, 0.34022385
12380.0, 0.3401991
12390.0, 0.3401744
12400.0, 0.34014976
12410.0, 0.34012517
12420.0, 0.34010062
12430.0, 0.34007612
12440.0, 0.34005168
12450.0, 0.34002727
12460.0, 0.34000292
12470.0, 0.3399786
12480.0, 0.33995435
12490.0, 0.33993012
12500.0, 0.33990595
12510.0, 0.3398818
12520.0, 0.33985773
12530.0, 0.3398337
12540.0, 0.33980972
12550.0, 0.33978575
12560.0, 0.33976188
12570.0, 0.33973804
12580.0, 0.33971423
12590.0, 0.33969048
12600.0, 0.33966675
12610.0, 0.3396431
12620.0, 0.3396195
12630.0, 0.3395959
12640.0, 0.33957237
12650.0, 0.3395489
12660.0, 0.33952546
12670.0, 0.33950207
12680.0, 0.3394787
12690.0, 0.33945543
12700.0, 0.33943215
12710.0, 0.33940893
12720.0, 0.33938578
12730.0, 0.33936265
12740.0, 0.33933958
12750.0, 0.33931655
12760.0, 0.33929354
12770.0, 0.3392706
12780.0, 0.3392477
12790.0, 0.33922485
12800.0, 0.33920205
12810.0, 0.33917928
12820.0, 0.33915654
12830.0, 0.33913386
12840.0, 0.33911124
12850.0, 0.33908862
12860.0, 0.3390661
12870.0, 0.3390436
12880.0, 0.33902112
12890.0, 0.3389987
12900.0, 0.33897632
12910.0, 0.338954
12920.0, 0.3389317
12930.0, 0.33890945
12940.0, 0.33888724
12950.0, 0.3388651
12960.0, 0.338843
12970.0, 0.3388209
12980.0, 0.33879888
12990.0, 0.3387769
13000.0, 0.33875495
13010.0, 0.33873302
13020.0, 0.33871117
13030.0, 0.33868936
13040.0, 0.33866757
13050.0, 0.33864585
13060.0, 0.33862415
13070.0, 0.33860248
13080.0, 0.33858088
13090.0, 0.3385593
13100.0, 0.33853778
13110.0, 0.3385163
13120.0, 0.33849487
13130.0, 0.33847347
13140.0, 0.3384521
13150.0, 0.3384308
13160.0, 0.3384095
13170.0, 0.33838826
13180.0, 0.33836707
13190.0, 0.33834592
13200.0, 0.33832482
13210.0, 0.33830374
13220.0, 0.3382827
13230.0, 0.33826172
13240.0, 0.33824077
13250.0, 0.33821985
13260.0, 0.338199
13270.0, 0.33817816
13280.0, 0.3381574
13290.0, 0.3381366
13300.0, 0.3381159
13310.0, 0.33809525
13320.0, 0.33807462
13330.0, 0.33805403
13340.0, 0.33803347
13350.0, 0.33801296
13360.0, 0.3379925
13370.0, 0.33797207
13380.0, 0.3379517
13390.0, 0.33793133
13400.0, 0.33791104
13410.0, 0.33789074
13420.0, 0.33787054
13430.0, 0.33785033
13440.0, 0.3378302
13450.0, 0.33781007
13460.0, 0.33778998
13470.0, 0.33776996
13480.0, 0.33774996
13490.0, 0.33773002
13500.0, 0.33771008
13510.0, 0.3376902
13520.0, 0.33767036
13530.0, 0.33765057
13540.0, 0.33763078
13550.0, 0.33761105
13560.0, 0.33759138
13570.0, 0.3375717
13580.0, 0.3375521
13590.0, 0.33753255
13600.0, 0.337513
13610.0, 0.3374935
13620.0, 0.33747405
13630.0, 0.33745462
13640.0, 0.33743525
13650.0, 0.33741587
13660.0, 0.33739656
13670.0, 0.3373773
13680.0, 0.33735806
13690.0, 0.33733886
13700.0, 0.3373197
13710.0, 0.3373006
13720.0, 0.3372815
13730.0, 0.33726245
13740.0, 0.33724344
13750.0, 0.33722445
13760.0, 0.3372055
13770.0, 0.33718663
13780.0, 0.33716774
13790.0, 0.33714893
13800.0, 0.33713013
13810.0, 0.33711138
13820.0, 0.33709267
13830.0, 0.33707398
13840.0, 0.33705533
13850.0, 0.33703673
13860.0, 0.33701813
13870.0, 0.3369996
13880.0, 0.33698112
13890.0, 0.33696264
13900.0, 0.3369442
13910.0, 0.3369258
13920.0, 0.33690745
13930.0, 0.33688912
13940.0, 0.33687085
13950.0, 0.33685258
13960.0, 0.33683437
13970.0, 0.3368162
13980.0, 0.33679804
13990.0, 0.33677992
14000.0, 0.33676186
14010.0, 0.33674383
14020.0, 0.33672583
14030.0, 0.33670786
14040.0, 0.33668992
14050.0, 0.336672
14060.0, 0.33665416
14070.0, 0.33663633
14080.0, 0.3366185
14090.0, 0.33660078
14100.0, 0.33658305
14110.0, 0.33656535
14120.0, 0.33654767
14130.0, 0.33653006
14140.0, 0.33651248
14150.0, 0.33649492
14160.0, 0.3364774
14170.0, 0.3364599
14180.0, 0.33644247
14190.0, 0.33642504
14200.0, 0.33640766
14210.0, 0.33639032
14220.0, 0.336373
14230.0, 0.33635572
14240.0, 0.33633846
14250.0, 0.33632123
14260.0, 0.33630407
14270.0, 0.3362869
14280.0, 0.3362698
14290.0, 0.33625272
14300.0, 0.33623567
14310.0, 0.33621866
14320.0, 0.33620167
14330.0, 0.3361847
14340.0, 0.3361678
14350.0, 0.3361509
14360.0, 0.33613408
14370.0, 0.33611724
14380.0, 0.33610046
14390.0, 0.3360837
14400.0, 0.336067
14410.0, 0.3360503
14420.0, 0.33603364
14430.0, 0.33601704
14440.0, 0.33600044
14450.0, 0.33598387
14460.0, 0.33596736
14470.0, 0.33595085
14480.0, 0.3359344
14490.0, 0.33591798
14500.0, 0.3359016
14510.0, 0.3358852
14520.0, 0.3358689
14530.0, 0.3358526
14540.0, 0.33583632
14550.0, 0.33582008
14560.0, 0.33580387
14570.0, 0.33578768
14580.0, 0.33577156
14590.0, 0.33575544
14600.0, 0.33573934
14610.0, 0.3357233
14620.0, 0.3357073
14630.0, 0.3356913
14640.0, 0.33567536
14650.0, 0.3356594
14660.0, 0.33564353
14670.0, 0.33562768
14680.0, 0.33561185
14690.0, 0.33559605
14700.0, 0.33558026
14710.0, 0.33556455
14720.0, 0.33554882
14730.0, 0.33553314
14740.0, 0.3355175
14750.0, 0.33550188
14760.0, 0.33548632
14770.0, 0.33547077
14780.0, 0.33545524
14790.0, 0.33543974
14800.0, 0.33542427
14810.0, 0.33540884
14820.0, 0.33539343
14830.0, 0.33537805
14840.0, 0.3353627
14850.0, 0.3353474
14860.0, 0.33533213
14870.0, 0.33531687
14880.0, 0.33530164
14890.0, 0.33528644
14900.0, 0.33527127
14910.0, 0.33525613
14920.0, 0.33524105
14930.0, 0.33522597
14940.0, 0.33521092
14950.0, 0.3351959
14960.0, 0.3351809
14970.0, 0.33516595
14980.0, 0.33515102
14990.0, 0.33513612
15000.0, 0.33512124
15010.0, 0.3351064
15020.0, 0.3350916
15030.0, 0.3350768
15040.0, 0.33506206
15050.0, 0.33504733
15060.0, 0.33503264
15070.0, 0.33501795
15080.0, 0.33500332
15090.0, 0.3349887
15100.0, 0.33497414
15110.0, 0.33495957
15120.0, 0.33494505
15130.0, 0.33493054
15140.0, 0.33491609
15150.0, 0.33490163
15160.0, 0.33488724
15170.0, 0.33487284
15180.0, 0.33485848
15190.0, 0.33484417
15200.0, 0.33482987
15210.0, 0.3348156
15220.0, 0.33480135
15230.0, 0.33478713
15240.0, 0.33477294
15250.0, 0.3347588
15260.0, 0.33474463
15270.0, 0.33473054
15280.0, 0.33471647
15290.0, 0.3347024
15300.0, 0.3346884
15310.0, 0.3346744
15320.0, 0.3346604
15330.0, 0.3346465
15340.0, 0.33463258
15350.0, 0.3346187
15360.0, 0.33460483
15370.0, 0.334591
15380.0, 0.3345772
15390.0, 0.3345634
15400.0, 0.33454967
15410.0, 0.33453593
15420.0, 0.33452225
15430.0, 0.33450857
15440.0, 0.33449492
15450.0, 0.3344813
15460.0, 0.3344677
15470.0, 0.33445415
15480.0, 0.33444062
15490.0, 0.3344271
15500.0, 0.33441362
15510.0, 0.33440018
15520.0, 0.33438674
15530.0, 0.33437333
15540.0, 0.33435994
15550.0, 0.3343466
15560.0, 0.33433327
15570.0, 0.33431998
15580.0, 0.3343067
15590.0, 0.33429345
15600.0, 0.33428022
15610.0, 0.33426702
15620.0, 0.33425385
15630.0, 0.3342407
15640.0, 0.3342276
15650.0, 0.33421448
15660.0, 0.33420143
15670.0, 0.3341884
15680.0, 0.33417538
15690.0, 0.33416235
15700.0, 0.3341494
15710.0, 0.33413646
15720.0, 0.33412355
15730.0, 0.33411065
15740.0, 0.3340978
15750.0, 0.33408496
15760.0, 0.33407214
15770.0, 0.33405936
15780.0, 0.3340466
15790.0, 0.33403385
15800.0, 0.33402115
15810.0, 0.33400846
15820.0, 0.3339958
15830.0, 0.33398315
15840.0, 0.33397055
15850.0, 0.33395794
15860.0, 0.33394536
15870.0, 0.33393285
15880.0, 0.33392033
15890.0, 0.3339078
15900.0, 0.33389536
15910.0, 0.33388293
15920.0, 0.3338705
15930.0, 0.3338581
15940.0, 0.33384573
15950.0, 0.3338334
15960.0, 0.33382106
15970.0, 0.33380878
15980.0, 0.3337965
15990.0, 0.33378425
16000.0, 0.33377203
16010.0, 0.33375984
16020.0, 0.33374766
16030.0, 0.3337355
16040.0, 0.33372337
16050.0, 0.33371127
16060.0, 0.3336992
16070.0, 0.33368713
16080.0, 0.3336751
16090.0, 0.33366308
16100.0, 0.3336511
16110.0, 0.33363914
16120.0, 0.3336272
16130.0, 0.33361527
16140.0, 0.33360338
16150.0, 0.33359152
16160.0, 0.33357966
16170.0, 0.33356786
16180.0, 0.33355603
16190.0, 0.33354425
16200.0, 0.3335325
16210.0, 0.33352077
16220.0, 0.3335091
16230.0, 0.33349738
16240.0, 0.33348572
16250.0, 0.3334741
16260.0, 0.33346248
16270.0, 0.33345088
16280.0, 0.33343932
16290.0, 0.33342776
16300.0, 0.33341622
16310.0, 0.33340472
16320.0, 0.33339325
16330.0, 0.3333818
16340.0, 0.33337036
16350.0, 0.33335894
16360.0, 0.33334756
16370.0, 0.3333362
16380.0, 0.33332485
16390.0, 0.33331352
16400.0, 0.33330223
16410.0, 0.33329093
16420.0, 0.3332797
16430.0, 0.33326846
16440.0, 0.33325723
16450.0, 0.33324605
16460.0, 0.33323488
16470.0, 0.33322373
16480.0, 0.3332126
16490.0, 0.3332015
16500.0, 0.33319044
16510.0, 0.33317938
16520.0, 0.33316833
16530.0, 0.33315733
16540.0, 0.33314633
16550.0, 0.33313534
16560.0, 0.3331244
16570.0, 0.3331135
16580.0, 0.33310255
16590.0, 0.33309168
16600.0, 0.33308083
16610.0, 0.33306998
16620.0, 0.33305916
16630.0, 0.33304834
16640.0, 0.33303756
16650.0, 0.3330268
16660.0, 0.33301607
16670.0, 0.33300537
16680.0, 0.33299467
16690.0, 0.332984
16700.0, 0.33297333
16710.0, 0.3329627
16720.0, 0.33295208
16730.0, 0.3329415
16740.0, 0.33293095
16750.0, 0.33292037
16760.0, 0.33290985
16770.0, 0.33289936
16780.0, 0.33288887
16790.0, 0.3328784
16800.0, 0.33286795
16810.0, 0.33285752
16820.0, 0.33284712
16830.0, 0.33283675
16840.0, 0.33282638
16850.0, 0.33281603
16860.0, 0.3328057
16870.0, 0.3327954
16880.0, 0.33278513
16890.0, 0.33277488
16900.0, 0.33276463
16910.0, 0.3327544
16920.0, 0.3327442
16930.0, 0.33273402
16940.0, 0.33272386
16950.0, 0.33271372
16960.0, 0.3327036
16970.0, 0.3326935
16980.0, 0.3326834
16990.0, 0.33267334
17000.0, 0.3326633
17010.0, 0.33265328
17020.0, 0.33264327
17030.0, 0.3326333
17040.0, 0.33262333
17050.0, 0.33261338
17060.0, 0.33260345
17070.0, 0.33259356
17080.0, 0.33258367
17090.0, 0.3325738
17100.0, 0.33256397
17110.0, 0.33255413
17120.0, 0.33254433
17130.0, 0.33253455
17140.0, 0.33252478
17150.0, 0.33251503
17160.0, 0.3325053
17170.0, 0.33249557
17180.0, 0.33248588
17190.0, 0.33247623
17200.0, 0.33246654
17210.0, 0.33245695
17220.0, 0.33244732
17230.0, 0.33243772
17240.0, 0.33242813
17250.0, 0.33241856
17260.0, 0.33240902
17270.0, 0.33239952
17280.0, 0.33239
17290.0, 0.33238053
17300.0, 0.33237106
17310.0, 0.3323616
17320.0, 0.3323522
17330.0, 0.33234277
17340.0, 0.3323334
17350.0, 0.332324
17360.0, 0.33231467
17370.0, 0.3323053
17380.0, 0.332296
17390.0, 0.33228672
17400.0, 0.33227742
17410.0, 0.33226815
17420.0, 0.3322589
17430.0, 0.3322497
17440.0, 0.3322405
17450.0, 0.33223128
17460.0, 0.33222213
17470.0, 0.33221298
17480.0, 0.33220384
17490.0, 0.33219472
17500.0, 0.33218563
17510.0, 0.33217654
17520.0, 0.33216748
17530.0, 0.33215842
17540.0, 0.33214942
17550.0, 0.3321404
17560.0, 0.3321314
17570.0, 0.33212242
17580.0, 0.33211347
17590.0, 0.33210453
17600.0, 0.3320956
17610.0, 0.3320867
17620.0, 0.33207783
17630.0, 0.33206895
17640.0, 0.3320601
17650.0, 0.33205125
17660.0, 0.33204246
17670.0, 0.33203363
17680.0, 0.33202487
17690.0, 0.33201608
17700.0, 0.33200735
17710.0, 0.33199862
17720.0, 0.3319899
17730.0, 0.3319812
17740.0, 0.33197254
17750.0, 0.33196387
17760.0, 0.33195522
17770.0, 0.3319466
17780.0, 0.331938
17790.0, 0.3319294
17800.0, 0.33192083
17810.0, 0.33191225
17820.0, 0.33190373
17830.0, 0.3318952
17840.0, 0.33188668
17850.0, 0.3318782
17860.0, 0.33186972
17870.0, 0.33186126
17880.0, 0.3318528
17890.0, 0.3318444
17900.0, 0.331836
17910.0, 0.33182758
17920.0, 0.3318192
17930.0, 0.33181086
17940.0, 0.33180252
17950.0, 0.33179417
17960.0, 0.3317859
17970.0, 0.33177757
17980.0, 0.3317693
17990.0, 0.33176106
18000.0, 0.3317528
18010.0, 0.33174458
18020.0, 0.33173636
18030.0, 0.33172816
18040.0, 0.33172
18050.0, 0.33171183
18060.0, 0.33170366
18070.0, 0.33169556
18080.0, 0.33168742
18090.0, 0.3316793
18100.0, 0.33167124
18110.0, 0.33166316
18120.0, 0.33165514
18130.0, 0.3316471
18140.0, 0.33163908
18150.0, 0.33163106
18160.0, 0.33162308
18170.0, 0.33161512
18180.0, 0.33160716
18190.0, 0.3315992
18200.0, 0.33159128
18210.0, 0.33158338
18220.0, 0.33157548
18230.0, 0.33156762
18240.0, 0.33155975
18250.0, 0.3315519
18260.0, 0.33154407
18270.0, 0.33153626
18280.0, 0.33152846
18290.0, 0.33152068
18300.0, 0.3315129
18310.0, 0.33150512
18320.0, 0.3314974
18330.0, 0.33148968
18340.0, 0.33148196
18350.0, 0.33147427
18360.0, 0.3314666
18370.0, 0.33145893
18380.0, 0.33145127
18390.0, 0.33144364
18400.0, 0.33143604
18410.0, 0.33142844
18420.0, 0.33142084
18430.0, 0.33141327
18440.0, 0.3314057
18450.0, 0.33139816
18460.0, 0.33139065
18470.0, 0.33138314
18480.0, 0.33137563
18490.0, 0.33136815
18500.0, 0.33136067
18510.0, 0.33135322
18520.0, 0.33134577
18530.0, 0.33133835
18540.0, 0.33133096
18550.0, 0.33132356
18560.0, 0.33131617
18570.0, 0.3313088
18580.0, 0.33130145
18590.0, 0.33129412
18600.0, 0.3312868
18610.0, 0.3312795
18620.0, 0.33127218
18630.0, 0.3312649
18640.0, 0.33125767
18650.0, 0.3312504
18660.0, 0.3312432
18670.0, 0.33123595
18680.0, 0.33122873
18690.0, 0.33122155
18700.0, 0.33121437
18710.0, 0.33120722
18720.0, 0.33120006
18730.0, 0.3311929
18740.0, 0.3311858
18750.0, 0.3311787
18760.0, 0.3311716
18770.0, 0.3311645
18780.0, 0.33115745
18790.0, 0.33115038
18800.0, 0.33114335
18810.0, 0.33113632
18820.0, 0.3311293
18830.0, 0.3311223
18840.0, 0.33111534
18850.0, 0.33110836
18860.0, 0.33110142
18870.0, 0.33109447
18880.0, 0.33108753
18890.0, 0.33108065
18900.0, 0.33107373
18910.0, 0.33106685
18920.0, 0.33105996
18930.0, 0.3310531
18940.0, 0.33104628
18950.0, 0.33103943
18960.0, 0.33103263
18970.0, 0.3310258
18980.0, 0.331019
18990.0, 0.33101225
19000.0, 0.33100548
19010.0, 0.33099872
19020.0, 0.33099198
19030.0, 0.33098525
19040.0, 0.33097854
19050.0, 0.33097184
19060.0, 0.33096516
19070.0, 0.3309585
19080.0, 0.33095184
19090.0, 0.3309452
19100.0, 0.33093855
19110.0, 0.33093193
19120.0, 0.33092535
19130.0, 0.33091873
19140.0, 0.33091214
19150.0, 0.3309056
19160.0, 0.33089903
19170.0, 0.3308925
19180.0, 0.33088598
19190.0, 0.33087945
19200.0, 0.33087295
19210.0, 0.33086646
19220.0, 0.33086
19230.0, 0.33085352
19240.0, 0.33084705
19250.0, 0.33084062
19260.0, 0.3308342
19270.0, 0.33082777
19280.0, 0.3308214
19290.0, 0.33081502
19300.0, 0.3308086
19310.0, 0.33080226
19320.0, 0.3307959
19330.0, 0.33078957
19340.0, 0.33078325
19350.0, 0.33077693
19360.0, 0.33077064
19370.0, 0.33076435
19380.0, 0.33075806
19390.0, 0.3307518
19400.0, 0.33074558
19410.0, 0.33073932
19420.0, 0.33073312
19430.0, 0.3307269
19440.0, 0.3307207
19450.0, 0.3307145
19460.0, 0.33070832
19470.0, 0.33070216
19480.0, 0.33069602
19490.0, 0.33068988
19500.0, 0.33068374
19510.0, 0.33067763
19520.0, 0.33067152
19530.0, 0.33066544
19540.0, 0.33065936
19550.0, 0.33065328
19560.0, 0.33064723
19570.0, 0.33064118
19580.0, 0.33063516
19590.0, 0.33062914
19600.0, 0.33062312
19610.0, 0.33061713
19620.0, 0.33061114
19630.0, 0.33060518
19640.0, 0.33059922
19650.0, 0.33059326
19660.0, 0.33058736
19670.0, 0.33058143
19680.0, 0.3305755
19690.0, 0.3305696
19700.0, 0.33056372
19710.0, 0.33055785
19720.0, 0.33055198
19730.0, 0.3305461
19740.0, 0.33054027
19750.0, 0.33053446
19760.0, 0.33052862
19770.0, 0.3305228
19780.0, 0.33051702
19790.0, 0.33051124
19800.0, 0.33050546
19810.0, 0.3304997
19820.0, 0.33049396
19830.0, 0.3304882
19840.0, 0.33048248
19850.0, 0.33047676
19860.0, 0.33047104
19870.0, 0.33046535
19880.0, 0.33045968
19890.0, 0.33045402
19900.0, 0.33044836
19910.0, 0.3304427
19920.0, 0.33043706
19930.0, 0.33043143
19940.0, 0.33042583
19950.0, 0.33042023
19960.0, 0.33041462
19970.0, 0.33040905
19980.0, 0.33040348
19990.0, 0.3303979
20000.0, 0.33039236
20010.0, 0.33038682
20020.0, 0.3303813
20030.0, 0.33037576
20040.0, 0.33037028
20050.0, 0.3303648
20060.0, 0.3303593
20070.0, 0.33035383
20080.0, 0.33034837
20090.0, 0.33034292
20100.0, 0.33033746
20110.0, 0.33033204
20120.0, 0.33032662
20130.0, 0.33032122
20140.0, 0.33031583
20150.0, 0.33031043
20160.0, 0.33030504
20170.0, 0.33029968
20180.0, 0.33029434
20190.0, 0.330289
20200.0, 0.33028367
20210.0, 0.33027834
20220.0, 0.33027303
20230.0, 0.33026773
20240.0, 0.33026242
20250.0, 0.33025715
20260.0, 0.33025187
20270.0, 0.33024663
20280.0, 0.33024138
20290.0, 0.33023614
20300.0, 0.3302309
20310.0, 0.33022568
20320.0, 0.3302205
20330.0, 0.33021528
20340.0, 0.3302101
20350.0, 0.3302049
20360.0, 0.33019975
20370.0, 0.3301946
20380.0, 0.33018944
20390.0, 0.3301843
20400.0, 0.33017918
20410.0, 0.33017406
20420.0, 0.33016896
20430.0, 0.33016387
20440.0, 0.3301588
20450.0, 0.3301537
20460.0, 0.33014864
20470.0, 0.3301436
20480.0, 0.33013853
20490.0, 0.3301335
20500.0, 0.3301285
20510.0, 0.33012345
20520.0, 0.33011845
20530.0, 0.33011347
20540.0, 0.3301085
20550.0, 0.33010352
20560.0, 0.33009854
20570.0, 0.3300936
20580.0, 0.33008865
20590.0, 0.3300837
20600.0, 0.33007878
20610.0, 0.33007386
20620.0, 0.33006895
20630.0, 0.33006406
20640.0, 0.33005917
20650.0, 0.33005428
20660.0, 0.33004943
20670.0, 0.33004457
20680.0, 0.3300397
20690.0, 0.33003488
20700.0, 0.33003005
20710.0, 0.33002523
20720.0, 0.33002043
20730.0, 0.33001563
20740.0, 0.33001083
20750.0, 0.33000603
20760.0, 0.33000126
20770.0, 0.3299965
20780.0, 0.32999176
20790.0, 0.32998702
20800.0, 0.32998228
20810.0, 0.32997754
20820.0, 0.32997283
20830.0, 0.32996812
20840.0, 0.32996345
20850.0, 0.32995874
20860.0, 0.32995406
20870.0, 0.32994938
20880.0, 0.32994473
20890.0, 0.32994008
20900.0, 0.32993546
20910.0, 0.3299308
20920.0, 0.3299262
20930.0, 0.32992157
20940.0, 0.32991698
20950.0, 0.3299124
20960.0, 0.32990777
20970.0, 0.32990322
20980.0, 0.32989863
20990.0, 0.3298941
21000.0, 0.32988954
21010.0, 0.329885
21020.0, 0.32988045
21030.0, 0.32987595
21040.0, 0.32987142
21050.0, 0.32986692
21060.0, 0.32986242
21070.0, 0.32985795
21080.0, 0.32985345
21090.0, 0.32984897
21100.0, 0.32984453
21110.0, 0.32984006
21120.0, 0.32983562
21130.0, 0.32983118
21140.0, 0.32982677
21150.0, 0.32982236
21160.0, 0.32981795
21170.0, 0.32981354
21180.0, 0.32980916
21190.0, 0.32980478
21200.0, 0.3298004
21210.0, 0.32979605
21220.0, 0.3297917
21230.0, 0.32978734
21240.0, 0.329783
21250.0, 0.32977867
21260.0, 0.32977435
21270.0, 0.32977003
21280.0, 0.32976574
21290.0, 0.32976145
21300.0, 0.32975715
21310.0, 0.32975286
21320.0, 0.3297486
21330.0, 0.32974434
21340.0, 0.32974008
21350.0, 0.32973585
21360.0, 0.3297316
21370.0, 0.32972738
21380.0, 0.32972315
21390.0, 0.32971895
21400.0, 0.32971475
21410.0, 0.32971054
21420.0, 0.32970637
21430.0, 0.3297022
21440.0, 0.32969803
21450.0, 0.32969385
21460.0, 0.3296897
21470.0, 0.32968557
21480.0, 0.32968143
21490.0, 0.32967728
21500.0, 0.32967317
21510.0, 0.32966906
21520.0, 0.32966498
21530.0, 0.32966086
21540.0, 0.32965678
21550.0, 0.3296527
21560.0, 0.3296486
21570.0, 0.32964456
21580.0, 0.3296405
21590.0, 0.32963645
21600.0, 0.32963243
21610.0, 0.3296284
21620.0, 0.32962438
21630.0, 0.32962036
21640.0, 0.32961634
21650.0, 0.32961234
21660.0, 0.32960835
21670.0, 0.3296044
21680.0, 0.3296004
21690.0, 0.32959643
21700.0, 0.32959247
21710.0, 0.32958853
21720.0, 0.32958457
21730.0, 0.32958063
21740.0, 0.32957673
21750.0, 0.3295728
21760.0, 0.3295689
21770.0, 0.329565
21780.0, 0.32956108
21790.0, 0.3295572
21800.0, 0.3295533
21810.0, 0.32954943
21820.0, 0.3295456
21830.0, 0.3295417
21840.0, 0.32953787
21850.0, 0.32953402
21860.0, 0.32953018
21870.0, 0.32952636
21880.0, 0.32952255
21890.0, 0.32951874
21900.0, 0.32951492
21910.0, 0.3295111
21920.0, 0.32950732
21930.0, 0.32950354
21940.0, 0.32949978
21950.0, 0.329496
21960.0, 0.32949224
21970.0, 0.3294885
21980.0, 0.32948476
21990.0, 0.329481
22000.0, 0.32947728
22010.0, 0.32947356
22020.0, 0.32946983
22030.0, 0.32946613
22040.0, 0.32946244
22050.0, 0.32945874
22060.0, 0.32945508
22070.0, 0.32945138
22080.0, 0.32944772
22090.0, 0.32944405
22100.0, 0.3294404
22110.0, 0.32943675
22120.0, 0.3294331
22130.0, 0.32942945
22140.0, 0.32942584
22150.0, 0.3294222
22160.0, 0.3294186
22170.0, 0.329415
22180.0, 0.32941142
22190.0, 0.3294078
22200.0, 0.32940423
22210.0, 0.32940066
22220.0, 0.32939708
22230.0, 0.3293935
22240.0, 0.32938996
22250.0, 0.3293864
22260.0, 0.32938287
22270.0, 0.32937932
22280.0, 0.3293758
22290.0, 0.3293723
22300.0, 0.32936877
22310.0, 0.32936525
22320.0, 0.32936177
22330.0, 0.32935828
22340.0, 0.32935476
22350.0, 0.3293513
22360.0, 0.32934782
22370.0, 0.32934436
22380.0, 0.3293409
22390.0, 0.32933745
22400.0, 0.32933402
22410.0, 0.32933056
22420.0, 0.32932714
22430.0, 0.3293237
22440.0, 0.32932028
22450.0, 0.32931688
22460.0, 0.3293135
22470.0, 0.3293101
22480.0, 0.3293067
22490.0, 0.32930332
22500.0, 0.32929993
22510.0, 0.32929656
22520.0, 0.3292932
22530.0, 0.32928985
22540.0, 0.3292865
22550.0, 0.32928315
22560.0, 0.3292798
22570.0, 0.32927647
22580.0, 0.32927316
22590.0, 0.32926983
22600.0, 0.32926655
22610.0, 0.32926324
22620.0, 0.32925993
22630.0, 0.32925662
22640.0, 0.32925335
22650.0, 0.32925007
22660.0, 0.32924682
22670.0, 0.32924354
22680.0, 0.3292403
22690.0, 0.32923704
22700.0, 0.3292338
22710.0, 0.32923055
22720.0, 0.32922733
22730.0, 0.3292241
22740.0, 0.32922086
22750.0, 0.32921764
22760.0, 0.32921445
22770.0, 0.32921126
22780.0, 0.32920808
22790.0, 0.32920486
22800.0, 0.3292017
22810.0, 0.3291985
22820.0, 0.32919535
22830.0, 0.3291922
22840.0, 0.32918903
22850.0, 0.32918587
22860.0, 0.32918274
22870.0, 0.3291796
22880.0, 0.32917646
22890.0, 0.32917336
22900.0, 0.32917023
22910.0, 0.3291671
22920.0, 0.329164
22930.0, 0.3291609
22940.0, 0.32915783
22950.0, 0.32915473
22960.0, 0.32915166
22970.0, 0.32914856
22980.0, 0.3291455
22990.0, 0.32914242
23000.0, 0.32913938
23010.0, 0.3291363
23020.0, 0.32913327
23030.0, 0.32913023
23040.0, 0.32912722
23050.0, 0.32912418
23060.0, 0.32912117
23070.0, 0.32911813
23080.0, 0.32911515
23090.0, 0.32911214
23100.0, 0.32910913
23110.0, 0.32910615
23120.0, 0.32910317
23130.0, 0.3291002
23140.0, 0.3290972
23150.0, 0.32909426
23160.0, 0.32909128
23170.0, 0.32908833
23180.0, 0.32908538
23190.0, 0.32908243
23200.0, 0.3290795
23210.0, 0.32907656
23220.0, 0.32907364
23230.0, 0.32907072
23240.0, 0.3290678
23250.0, 0.3290649
23260.0, 0.32906199
23270.0, 0.3290591
23280.0, 0.3290562
23290.0, 0.3290533
23300.0, 0.32905045
23310.0, 0.32904756
23320.0, 0.3290447
23330.0, 0.32904184
23340.0, 0.32903898
23350.0, 0.32903612
23360.0, 0.3290333
23370.0, 0.32903045
23380.0, 0.32902762
23390.0, 0.3290248
23400.0, 0.32902196
23410.0, 0.32901916
23420.0, 0.32901633
23430.0, 0.32901353
23440.0, 0.32901073
23450.0, 0.32900792
23460.0, 0.32900515
23470.0, 0.32900235
23480.0, 0.32899958
23490.0, 0.3289968
23500.0, 0.32899404
23510.0, 0.32899126
23520.0, 0.32898852
23530.0, 0.32898575
23540.0, 0.32898304
23550.0, 0.3289803
23560.0, 0.32897756
23570.0, 0.3289748
23580.0, 0.3289721
23590.0, 0.3289694
23600.0, 0.32896665
23610.0, 0.32896397
23620.0, 0.32896125
23630.0, 0.32895854
23640.0, 0.32895586
23650.0, 0.32895318
23660.0, 0.3289505
23670.0, 0.32894784
23680.0, 0.32894516
23690.0, 0.3289425
23700.0, 0.32893983
23710.0, 0.32893717
23720.0, 0.32893452
23730.0, 0.32893187
23740.0, 0.32892925
23750.0, 0.32892662
23760.0, 0.328924
23770.0, 0.32892135
23780.0, 0.32891876
23790.0, 0.32891613
23800.0, 0.3289135
23810.0, 0.32891092
23820.0, 0.32890832
23830.0, 0.32890573
23840.0, 0.32890314
23850.0, 0.32890058
23860.0, 0.32889798
23870.0, 0.32889542
23880.0, 0.32889286
23890.0, 0.3288903
23900.0, 0.32888773
23910.0, 0.3288852
23920.0, 0.32888263
23930.0, 0.3288801
23940.0, 0.32887757
23950.0, 0.32887504
23960.0, 0.32887253
23970.0, 0.32887
23980.0, 0.32886747
23990.0, 0.32886496
24000.0, 0.32886246
24010.0, 0.32885996
24020.0, 0.32885745
24030.0, 0.32885498
24040.0, 0.3288525
24050.0, 0.32885
24060.0, 0.32884756
24070.0, 0.32884508
24080.0, 0.3288426
24090.0, 0.32884014
24100.0, 0.3288377
24110.0, 0.32883525
24120.0, 0.3288328
24130.0, 0.32883033
24140.0, 0.32882792
24150.0, 0.32882547
24160.0, 0.32882306
24170.0, 0.32882065
24180.0, 0.32881823
24190.0, 0.32881582
24200.0, 0.3288134
24210.0, 0.328811
24220.0, 0.3288086
24230.0, 0.3288062
24240.0, 0.32880384
24250.0, 0.32880142
24260.0, 0.32879907
24270.0, 0.32879668
24280.0, 0.32879433
24290.0, 0.32879195
24300.0, 0.3287896
24310.0, 0.32878724
24320.0, 0.32878488
24330.0, 0.32878256
24340.0, 0.3287802
24350.0, 0.32877788
24360.0, 0.32877553
24370.0, 0.3287732
24380.0, 0.32877088
24390.0, 0.32876855
24400.0, 0.32876626
24410.0, 0.32876393
24420.0, 0.32876164
24430.0, 0.32875934
24440.0, 0.32875705
24450.0, 0.32875475
24460.0, 0.3287525
24470.0, 0.3287502
24480.0, 0.32874793
24490.0, 0.32874563
24500.0, 0.32874337
24510.0, 0.3287411
24520.0, 0.32873884
24530.0, 0.3287366
24540.0, 0.32873437
24550.0, 0.3287321
24560.0, 0.32872987
24570.0, 0.32872763
24580.0, 0.3287254
24590.0, 0.32872316
24600.0, 0.32872096
24610.0, 0.32871872
24620.0, 0.32871652
24630.0, 0.3287143
24640.0, 0.3287121
24650.0, 0.3287099
24660.0, 0.3287077
24670.0, 0.32870552
24680.0, 0.3287033
24690.0, 0.32870114
24700.0, 0.32869896
24710.0, 0.3286968
24720.0, 0.3286946
24730.0, 0.32869247
24740.0, 0.3286903
24750.0, 0.3286881
24760.0, 0.32868597
24770.0, 0.32868382
24780.0, 0.32868168
24790.0, 0.32867953
24800.0, 0.32867742
24810.0, 0.32867527
24820.0, 0.32867315
24830.0, 0.328671
24840.0, 0.3286689
24850.0, 0.3286668
24860.0, 0.3286647
24870.0, 0.32866257
24880.0, 0.32866046
24890.0, 0.32865837
24900.0, 0.3286563
24910.0, 0.3286542
24920.0, 0.3286521
24930.0, 0.32865003
24940.0, 0.32864797
24950.0, 0.32864588
24960.0, 0.3286438
24970.0, 0.32864174
24980.0, 0.3286397
24990.0, 0.32863763
25000.0, 0.32863557
25010.0, 0.32863352
25020.0, 0.3286315
25030.0, 0.32862943
25040.0, 0.3286274
25050.0, 0.32862538
25060.0, 0.32862335
25070.0, 0.32862133
25080.0, 0.3286193
25090.0, 0.32861727
25100.0, 0.32861528
25110.0, 0.32861328
25120.0, 0.32861125
25130.0, 0.32860926
25140.0, 0.32860726
25150.0, 0.32860526
25160.0, 0.3286033
25170.0, 0.3286013
25180.0, 0.32859933
25190.0, 0.32859737
25200.0, 0.32859537
25210.0, 0.3285934
25220.0, 0.32859144
25230.0, 0.3285895
25240.0, 0.32858753
25250.0, 0.32858557
25260.0, 0.32858363
25270.0, 0.3285817
25280.0, 0.32857975
25290.0, 0.32857782
25300.0, 0.32857588
25310.0, 0.32857394
25320.0, 0.328572
25330.0, 0.3285701
25340.0, 0.3285682
25350.0, 0.32856625
25360.0, 0.32856435
25370.0, 0.32856244
25380.0, 0.32856053
25390.0, 0.32855865
25400.0, 0.32855675
25410.0, 0.32855487
25420.0, 0.328553
25430.0, 0.32855108
25440.0, 0.3285492
25450.0, 0.32854733
25460.0, 0.32854545
25470.0, 0.32854357
25480.0, 0.32854173
25490.0, 0.32853988
25500.0, 0.328538
25510.0, 0.32853615
25520.0, 0.3285343
25530.0, 0.32853246
25540.0, 0.3285306
25550.0, 0.3285288
25560.0, 0.32852694
25570.0, 0.3285251
25580.0, 0.32852328
25590.0, 0.32852146
25600.0, 0.32851964
25610.0, 0.32851782
25620.0, 0.328516
25630.0, 0.3285142
25640.0, 0.32851237
25650.0, 0.32851058
25660.0, 0.3285088
25670.0, 0.32850698
25680.0, 0.3285052
25690.0, 0.3285034
25700.0, 0.3285016
25710.0, 0.32849985
25720.0, 0.32849807
25730.0, 0.32849628
25740.0, 0.32849452
25750.0, 0.32849276
25760.0, 0.32849097
25770.0, 0.3284892
25780.0, 0.32848746
25790.0, 0.32848573
25800.0, 0.32848397
25810.0, 0.3284822
25820.0, 0.32848048
25830.0, 0.32847872
25840.0, 0.328477
25850.0, 0.32847527
25860.0, 0.32847354
25870.0, 0.3284718
25880.0, 0.32847008
25890.0, 0.32846838
25900.0, 0.32846665
25910.0, 0.32846496
25920.0, 0.32846326
25930.0, 0.32846153
25940.0, 0.32845983
25950.0, 0.32845813
25960.0, 0.32845643
25970.0, 0.32845476
25980.0, 0.32845306
25990.0, 0.32845137
26000.0, 0.3284497
26010.0, 0.32844803
26020.0, 0.32844633
26030.0, 0.3284447
26040.0, 0.32844302
26050.0, 0.32844135
26060.0, 0.32843968
26070.0, 0.328438
26080.0, 0.32843637
26090.0, 0.3284347
26100.0, 0.32843307
26110.0, 0.32843143
26120.0, 0.3284298
26130.0, 0.32842815
26140.0, 0.3284265
26150.0, 0.32842487
26160.0, 0.32842326
26170.0, 0.32842162
26180.0, 0.32842
26190.0, 0.32841837
26200.0, 0.32841676
26210.0, 0.32841516
26220.0, 0.32841355
26230.0, 0.32841194
26240.0, 0.32841033
26250.0, 0.32840875
26260.0, 0.32840714
26270.0, 0.32840553
26280.0, 0.32840395
26290.0, 0.32840237
26300.0, 0.3284008
26310.0, 0.3283992
26320.0, 0.32839763
26330.0, 0.32839605
26340.0, 0.32839447
26350.0, 0.32839292
26360.0, 0.32839134
26370.0, 0.3283898
26380.0, 0.32838824
26390.0, 0.32838666
26400.0, 0.3283851
26410.0, 0.32838356
26420.0, 0.32838202
26430.0, 0.3283805
26440.0, 0.32837895
26450.0, 0.3283774
26460.0, 0.32837588
26470.0, 0.32837436
26480.0, 0.3283728
26490.0, 0.3283713
26500.0, 0.32836977
26510.0, 0.32836825
26520.0, 0.32836673
26530.0, 0.32836524
26540.0, 0.32836372
26550.0, 0.3283622
26560.0, 0.3283607
26570.0, 0.3283592
26580.0, 0.3283577
26590.0, 0.3283562
26600.0, 0.32835472
26610.0, 0.32835323
26620.0, 0.32835174
26630.0, 0.32835028
26640.0, 0.3283488
26650.0, 0.32834733
26660.0, 0.32834584
26670.0, 0.32834437
26680.0, 0.32834288
26690.0, 0.32834142
26700.0, 0.32833996
26710.0, 0.3283385
26720.0, 0.32833704
26730.0, 0.3283356
26740.0, 0.32833415
26750.0, 0.3283327
26760.0, 0.32833126
26770.0, 0.3283298
26780.0, 0.32832837
26790.0, 0.32832694
26800.0, 0.3283255
26810.0, 0.32832408
26820.0, 0.32832265
26830.0, 0.32832122
26840.0, 0.3283198
26850.0, 0.3283184
26860.0, 0.32831696
26870.0, 0.32831556
26880.0, 0.32831416
26890.0, 0.32831275
26900.0, 0.32831132
26910.0, 0.32830992
26920.0, 0.32830852
26930.0, 0.32830712
26940.0, 0.32830575
26950.0, 0.32830435
26960.0, 0.32830295
26970.0, 0.32830158
26980.0, 0.32830018
26990.0, 0.3282988
27000.0, 0.32829744
27010.0, 0.32829607
27020.0, 0.3282947
27030.0, 0.32829332
27040.0, 0.32829195
27050.0, 0.32829058
27060.0, 0.32828924
27070.0, 0.32828787
27080.0, 0.32828653
27090.0, 0.32828516
27100.0, 0.32828382
27110.0, 0.32828248
27120.0, 0.32828113
27130.0, 0.32827976
27140.0, 0.32827842
27150.0, 0.3282771
27160.0, 0.32827577
27170.0, 0.32827443
27180.0, 0.32827312
27190.0, 0.32827178
27200.0, 0.32827047
27210.0, 0.32826915
27220.0, 0.3282678
27230.0, 0.3282665
27240.0, 0.3282652
27250.0, 0.32826388
27260.0, 0.32826257
27270.0, 0.32826126
27280.0, 0.32825997
27290.0, 0.32825866
27300.0, 0.32825738
27310.0, 0.32825607
27320.0, 0.3282548
27330.0, 0.3282535
27340.0, 0.3282522
27350.0, 0.3282509
27360.0, 0.32824963
27370.0, 0.32824835
27380.0, 0.3282471
27390.0, 0.32824582
27400.0, 0.32824454
27410.0, 0.3282433
27420.0, 0.328242
27430.0, 0.32824075
27440.0, 0.32823947
27450.0, 0.32823822
27460.0, 0.32823697
27470.0, 0.32823572
27480.0, 0.32823446
27490.0, 0.3282332
27500.0, 0.32823196
27510.0, 0.32823074
27520.0, 0.3282295
27530.0, 0.32822824
27540.0, 0.328227
27550.0, 0.3282258
27560.0, 0.32822454
27570.0, 0.32822332
27580.0, 0.3282221
27590.0, 0.32822087
27600.0, 0.32821965
27610.0, 0.32821843
27620.0, 0.3282172
27630.0, 0.328216
27640.0, 0.3282148
27650.0, 0.32821357
27660.0, 0.32821235
27670.0, 0.32821116
27680.0, 0.32820997
27690.0, 0.32820874
27700.0, 0.32820755
27710.0, 0.32820636
27720.0, 0.32820517
27730.0, 0.32820398
27740.0, 0.32820278
27750.0, 0.3282016
27760.0, 0.32820043
27770.0, 0.32819924
27780.0, 0.32819808
27790.0, 0.32819688
27800.0, 0.32819572
27810.0, 0.32819453
27820.0, 0.32819337
27830.0, 0.3281922
27840.0, 0.32819104
27850.0, 0.32818988
27860.0, 0.32818872
27870.0, 0.32818756
27880.0, 0.3281864
27890.0, 0.32818523
27900.0, 0.3281841
27910.0, 0.32818297
27920.0, 0.3281818
27930.0, 0.32818067
27940.0, 0.32817954
27950.0, 0.32817838
27960.0, 0.32817724
27970.0, 0.3281761
27980.0, 0.32817498
27990.0, 0.32817385
28000.0, 0.3281727
28010.0, 0.32817158
28020.0, 0.32817048
28030.0, 0.32816935
28040.0, 0.32816824
28050.0, 0.3281671
28060.0, 0.328166
28070.0, 0.32816488
28080.0, 0.32816377
28090.0, 0.32816267
28100.0, 0.32816157
28110.0, 0.32816046
28120.0, 0.32815936
28130.0, 0.32815826
28140.0, 0.32815716
28150.0, 0.32815608
28160.0, 0.32815498
28170.0, 0.32815388
28180.0, 0.3281528
28190.0, 0.3281517
28200.0, 0.32815063
28210.0, 0.32814956
28220.0, 0.32814845
28230.0, 0.32814738
28240.0, 0.3281463
28250.0, 0.32814524
28260.0, 0.32814416
28270.0, 0.3281431
28280.0, 0.32814202
28290.0, 0.32814097
28300.0, 0.3281399
28310.0, 0.32813886
28320.0, 0.3281378
28330.0, 0.32813674
28340.0, 0.32813567
28350.0, 0.32813463
28360.0, 0.32813358
28370.0, 0.32813254
28380.0, 0.32813147
28390.0, 0.32813042
28400.0, 0.3281294
28410.0, 0.32812837
28420.0, 0.32812732
28430.0, 0.32812628
28440.0, 0.32812527
28450.0, 0.32812423
28460.0, 0.32812318
28470.0, 0.32812217
28480.0, 0.32812113
28490.0, 0.3281201
28500.0, 0.3281191
28510.0, 0.3281181
28520.0, 0.32811707
28530.0, 0.32811606
28540.0, 0.32811505
28550.0, 0.32811403
28560.0, 0.32811302
28570.0, 0.328112
28580.0, 0.32811102
28590.0, 0.32811
28600.0, 0.328109
28610.0, 0.328108
28620.0, 0.328107
28630.0, 0.32810602
28640.0, 0.328105
28650.0, 0.32810402
28660.0, 0.32810304
28670.0, 0.32810205
28680.0, 0.32810107
28690.0, 0.3281001
28700.0, 0.3280991
28710.0, 0.32809812
28720.0, 0.32809713
28730.0, 0.32809618
28740.0, 0.3280952
28750.0, 0.32809424
28760.0, 0.32809326
28770.0, 0.3280923
28780.0, 0.32809132
28790.0, 0.32809037
28800.0, 0.32808942
28810.0, 0.32808846
28820.0, 0.32808748
28830.0, 0.32808653
28840.0, 0.32808557
28850.0, 0.32808462
28860.0, 0.3280837
28870.0, 0.32808274
28880.0, 0.3280818
28890.0, 0.32808083
28900.0, 0.3280799
28910.0, 0.32807896
28920.0, 0.328078
28930.0, 0.32807708
28940.0, 0.32807615
28950.0, 0.3280752
28960.0, 0.32807428
28970.0, 0.32807335
28980.0, 0.32807243
28990.0, 0.3280715
29000.0, 0.32807058
29010.0, 0.32806966
29020.0, 0.32806873
29030.0, 0.3280678
29040.0, 0.3280669
29050.0, 0.328066
29060.0, 0.32806507
29070.0, 0.32806417
29080.0, 0.32806325
29090.0, 0.32806236
29100.0, 0.32806143
29110.0, 0.32806054
29120.0, 0.32805964
29130.0, 0.32805875
29140.0, 0.32805783
29150.0, 0.32805693
29160.0, 0.32805604
29170.0, 0.32805514
29180.0, 0.32805425
29190.0, 0.32805339
29200.0, 0.3280525
29210.0, 0.3280516
29220.0, 0.3280507
29230.0, 0.32804984
29240.0, 0.32804894
29250.0, 0.32804808
29260.0, 0.3280472
29270.0, 0.32804632
29280.0, 0.32804546
29290.0, 0.32804456
29300.0, 0.3280437
29310.0, 0.32804283
29320.0, 0.32804197
29330.0, 0.3280411
29340.0, 0.32804024
29350.0, 0.32803938
29360.0, 0.3280385
29370.0, 0.32803765
29380.0, 0.32803681
29390.0, 0.32803595
29400.0, 0.32803512
29410.0, 0.32803425
29420.0, 0.3280334
29430.0, 0.32803255
29440.0, 0.32803172
29450.0, 0.32803085
29460.0, 0.32803002
29470.0, 0.3280292
29480.0, 0.32802832
29490.0, 0.3280275
29500.0, 0.32802665
29510.0, 0.32802582
29520.0, 0.32802498
29530.0, 0.32802418
29540.0, 0.32802334
29550.0, 0.3280225
29560.0, 0.32802168
29570.0, 0.32802087
29580.0, 0.32802004
29590.0, 0.3280192
29600.0, 0.3280184
29610.0, 0.3280176
29620.0, 0.32801676
29630.0, 0.32801595
29640.0, 0.32801515
29650.0, 0.3280143
29660.0, 0.3280135
29670.0, 0.3280127
29680.0, 0.3280119
29690.0, 0.3280111
29700.0, 0.3280103
29710.0, 0.3280095
29720.0, 0.32800868
29730.0, 0.3280079
29740.0, 0.3280071
29750.0, 0.3280063
29760.0, 0.3280055
29770.0, 0.32800472
29780.0, 0.3280039
29790.0, 0.32800314
29800.0, 0.32800236
29810.0, 0.32800156
29820.0, 0.32800078
29830.0, 0.32799998
29840.0, 0.3279992
29850.0, 0.32799843
29860.0, 0.32799765
29870.0, 0.32799688
29880.0, 0.3279961
29890.0, 0.32799533
29900.0, 0.32799456
29910.0, 0.32799378
29920.0, 0.327993
29930.0, 0.32799226
29940.0, 0.3279915
29950.0, 0.3279907
29960.0, 0.32798997
29970.0, 0.3279892
29980.0, 0.32798845
29990.0, 0.32798767
30000.0, 0.32798693
