Energy (in eV), backscattering yield of material te2k-NASCAP at isotropic incidence
   X,       Y
0.0, 0.63867396
10.0, 0.35205287
20.0, 0.20683554
30.0, 0.12950352
40.0, 0.08606911
50.0, 0.06031428
60.0, 0.095280185
70.0, 0.118127644
80.0, 0.13551481
90.0, 0.14950544
100.0, 0.1611625
110.0, 0.17112383
120.0, 0.17980199
130.0, 0.18747745
140.0, 0.1943488
150.0, 0.20056112
160.0, 0.20622373
170.0, 0.2114208
180.0, 0.21621864
190.0, 0.22067031
200.0, 0.22481908
210.0, 0.22870052
220.0, 0.23234442
230.0, 0.23577574
240.0, 0.23901588
250.0, 0.24208312
260.0, 0.24499318
270.0, 0.24775992
280.0, 0.2503953
290.0, 0.25290993
300.0, 0.2553132
310.0, 0.2576134
320.0, 0.25981805
330.0, 0.26193377
340.0, 0.2639666
350.0, 0.2659219
360.0, 0.26780462
370.0, 0.26961926
380.0, 0.27136984
390.0, 0.27306008
400.0, 0.27469343
410.0, 0.27627298
420.0, 0.27780166
430.0, 0.27928212
440.0, 0.2807168
450.0, 0.28210795
460.0, 0.28345776
470.0, 0.28476813
480.0, 0.28604096
490.0, 0.2872779
500.0, 0.28848058
510.0, 0.28965047
520.0, 0.290789
530.0, 0.29189745
540.0, 0.29297706
550.0, 0.29402906
560.0, 0.29505444
570.0, 0.29605427
580.0, 0.29702955
590.0, 0.29798117
600.0, 0.29891002
610.0, 0.29981694
620.0, 0.30070266
630.0, 0.3015679
640.0, 0.3024135
650.0, 0.30324
660.0, 0.30404803
670.0, 0.3048383
680.0, 0.3056113
690.0, 0.3063676
700.0, 0.30710778
710.0, 0.3078322
720.0, 0.3085415
730.0, 0.30923605
740.0, 0.30991635
750.0, 0.31058267
760.0, 0.31123558
770.0, 0.31187537
780.0, 0.31250247
790.0, 0.3131172
800.0, 0.3137199
810.0, 0.3143109
820.0, 0.3148905
830.0, 0.315459
840.0, 0.31601673
850.0, 0.31656393
860.0, 0.3171009
870.0, 0.31762785
880.0, 0.31814507
890.0, 0.31865278
900.0, 0.31915128
910.0, 0.31964067
920.0, 0.3201213
930.0, 0.32059327
940.0, 0.3210568
950.0, 0.32151216
960.0, 0.32195947
970.0, 0.32239896
980.0, 0.32283077
990.0, 0.32325503
1000.0, 0.32367203
1010.0, 0.3234865
1020.0, 0.32330132
1030.0, 0.32311645
1040.0, 0.32293186
1050.0, 0.3227476
1060.0, 0.32256365
1070.0, 0.32237998
1080.0, 0.3221966
1090.0, 0.32201353
1100.0, 0.3218308
1110.0, 0.32164836
1120.0, 0.3214662
1130.0, 0.32128438
1140.0, 0.32110283
1150.0, 0.3209216
1160.0, 0.32074067
1170.0, 0.32056004
1180.0, 0.3203797
1190.0, 0.32019967
1200.0, 0.32001993
1210.0, 0.31984052
1220.0, 0.31966138
1230.0, 0.31948254
1240.0, 0.31930396
1250.0, 0.31912574
1260.0, 0.3189478
1270.0, 0.31877014
1280.0, 0.31859276
1290.0, 0.31841573
1300.0, 0.31823894
1310.0, 0.31806248
1320.0, 0.31788632
1330.0, 0.31771043
1340.0, 0.31753486
1350.0, 0.31735954
1360.0, 0.31718457
1370.0, 0.31700984
1380.0, 0.3168354
1390.0, 0.31666127
1400.0, 0.31648743
1410.0, 0.3163139
1420.0, 0.31614062
1430.0, 0.31596768
1440.0, 0.31579497
1450.0, 0.31562257
1460.0, 0.3154505
1470.0, 0.31527868
1480.0, 0.31510714
1490.0, 0.3149359
1500.0, 0.31476492
1510.0, 0.31459427
1520.0, 0.3144239
1530.0, 0.31425378
1540.0, 0.31408396
1550.0, 0.31391442
1560.0, 0.31374517
1570.0, 0.31357622
1580.0, 0.3134075
1590.0, 0.31323913
1600.0, 0.31307098
1610.0, 0.31290317
1620.0, 0.31273562
1630.0, 0.31256834
1640.0, 0.31240132
1650.0, 0.3122346
1660.0, 0.31206816
1670.0, 0.31190202
1680.0, 0.31173614
1690.0, 0.31157055
1700.0, 0.31140524
1710.0, 0.3112402
1720.0, 0.31107542
1730.0, 0.3109109
1740.0, 0.31074673
1750.0, 0.3105828
1760.0, 0.31041908
1770.0, 0.31025568
1780.0, 0.31009257
1790.0, 0.30992973
1800.0, 0.3097672
1810.0, 0.30960488
1820.0, 0.30944285
1830.0, 0.3092811
1840.0, 0.30911964
1850.0, 0.30895844
1860.0, 0.3087975
1870.0, 0.30863684
1880.0, 0.30847648
1890.0, 0.3083163
1900.0, 0.30815646
1910.0, 0.30799687
1920.0, 0.30783755
1930.0, 0.30767852
1940.0, 0.3075197
1950.0, 0.30736122
1960.0, 0.30720297
1970.0, 0.307045
1980.0, 0.30688727
1990.0, 0.30672982
2000.0, 0.30657265
2010.0, 0.30641574
2020.0, 0.30625907
2030.0, 0.30610266
2040.0, 0.30594656
2050.0, 0.30579072
2060.0, 0.30563512
2070.0, 0.3054798
2080.0, 0.3053247
2090.0, 0.30516988
2100.0, 0.30501536
2110.0, 0.30486104
2120.0, 0.30470702
2130.0, 0.30455324
2140.0, 0.30439973
2150.0, 0.3042465
2160.0, 0.30409348
2170.0, 0.30394077
2180.0, 0.3037883
2190.0, 0.30363607
2200.0, 0.3034841
2210.0, 0.30333242
2220.0, 0.303181
2230.0, 0.30302978
2240.0, 0.30287886
2250.0, 0.30272818
2260.0, 0.30257776
2270.0, 0.3024276
2280.0, 0.30227768
2290.0, 0.30212802
2300.0, 0.30197862
2310.0, 0.3018295
2320.0, 0.30168056
2330.0, 0.3015319
2340.0, 0.30138353
2350.0, 0.30123538
2360.0, 0.30108747
2370.0, 0.30093986
2380.0, 0.30079246
2390.0, 0.30064532
2400.0, 0.30049843
2410.0, 0.30035177
2420.0, 0.3002054
2430.0, 0.30005926
2440.0, 0.29991338
2450.0, 0.29976773
2460.0, 0.29962233
2470.0, 0.2994772
2480.0, 0.2993323
2490.0, 0.2991876
2500.0, 0.2990432
2510.0, 0.29889902
2520.0, 0.2987551
2530.0, 0.29861146
2540.0, 0.29846802
2550.0, 0.29832482
2560.0, 0.29818186
2570.0, 0.29803917
2580.0, 0.2978967
2590.0, 0.2977545
2600.0, 0.29761252
2610.0, 0.2974708
2620.0, 0.2973293
2630.0, 0.29718804
2640.0, 0.29704705
2650.0, 0.29690626
2660.0, 0.29676574
2670.0, 0.29662547
2680.0, 0.2964854
2690.0, 0.2963456
2700.0, 0.29620606
2710.0, 0.2960667
2720.0, 0.2959276
2730.0, 0.29578874
2740.0, 0.2956501
2750.0, 0.29551175
2760.0, 0.2953736
2770.0, 0.2952357
2780.0, 0.29509798
2790.0, 0.29496056
2800.0, 0.29482335
2810.0, 0.29468638
2820.0, 0.29454964
2830.0, 0.29441312
2840.0, 0.2942769
2850.0, 0.29414085
2860.0, 0.29400504
2870.0, 0.29386944
2880.0, 0.29373413
2890.0, 0.293599
2900.0, 0.29346415
2910.0, 0.29332948
2920.0, 0.2931951
2930.0, 0.2930609
2940.0, 0.2929269
2950.0, 0.2927932
2960.0, 0.2926597
2970.0, 0.29252645
2980.0, 0.29239342
2990.0, 0.29226062
3000.0, 0.29212803
3010.0, 0.29199567
3020.0, 0.29186353
3030.0, 0.29173163
3040.0, 0.29159996
3050.0, 0.2914685
3060.0, 0.29133728
3070.0, 0.2912063
3080.0, 0.29107553
3090.0, 0.29094496
3100.0, 0.29081464
3110.0, 0.29068455
3120.0, 0.29055467
3130.0, 0.290425
3140.0, 0.2902956
3150.0, 0.29016635
3160.0, 0.2900374
3170.0, 0.28990862
3180.0, 0.2897801
3190.0, 0.28965175
3200.0, 0.28952366
3210.0, 0.28939578
3220.0, 0.28926814
3230.0, 0.28914067
3240.0, 0.28901345
3250.0, 0.28888646
3260.0, 0.28875968
3270.0, 0.2886331
3280.0, 0.28850678
3290.0, 0.28838062
3300.0, 0.2882547
3310.0, 0.28812903
3320.0, 0.28800353
3330.0, 0.2878783
3340.0, 0.28775325
3350.0, 0.2876284
3360.0, 0.2875038
3370.0, 0.2873794
3380.0, 0.28725523
3390.0, 0.28713125
3400.0, 0.2870075
3410.0, 0.28688395
3420.0, 0.28676063
3430.0, 0.2866375
3440.0, 0.28651464
3450.0, 0.2863919
3460.0, 0.28626946
3470.0, 0.2861472
3480.0, 0.28602514
3490.0, 0.2859033
3500.0, 0.28578165
3510.0, 0.28566024
3520.0, 0.285539
3530.0, 0.28541803
3540.0, 0.28529724
3550.0, 0.28517666
3560.0, 0.2850563
3570.0, 0.28493613
3580.0, 0.28481615
3590.0, 0.2846964
3600.0, 0.28457683
3610.0, 0.28445753
3620.0, 0.28433838
3630.0, 0.28421947
3640.0, 0.28410074
3650.0, 0.28398225
3660.0, 0.28386396
3670.0, 0.28374586
3680.0, 0.28362796
3690.0, 0.28351024
3700.0, 0.28339276
3710.0, 0.28327549
3720.0, 0.28315842
3730.0, 0.28304154
3740.0, 0.28292486
3750.0, 0.2828084
3760.0, 0.28269213
3770.0, 0.28257605
3780.0, 0.28246018
3790.0, 0.28234455
3800.0, 0.28222907
3810.0, 0.28211382
3820.0, 0.28199875
3830.0, 0.2818839
3840.0, 0.28176925
3850.0, 0.28165478
3860.0, 0.2815405
3870.0, 0.28142646
3880.0, 0.2813126
3890.0, 0.28119895
3900.0, 0.2810855
3910.0, 0.28097218
3920.0, 0.28085914
3930.0, 0.28074625
3940.0, 0.28063357
3950.0, 0.2805211
3960.0, 0.2804088
3970.0, 0.2802967
3980.0, 0.28018484
3990.0, 0.28007314
4000.0, 0.27996162
4010.0, 0.2798503
4020.0, 0.2797392
4030.0, 0.27962828
4040.0, 0.27951753
4050.0, 0.27940702
4060.0, 0.27929667
4070.0, 0.27918652
4080.0, 0.27907658
4090.0, 0.27896678
4100.0, 0.27885723
4110.0, 0.27874786
4120.0, 0.27863866
4130.0, 0.27852967
4140.0, 0.27842084
4150.0, 0.27831224
4160.0, 0.27820382
4170.0, 0.27809557
4180.0, 0.2779875
4190.0, 0.27787966
4200.0, 0.27777198
4210.0, 0.27766448
4220.0, 0.2775572
4230.0, 0.2774501
4240.0, 0.27734318
4250.0, 0.27723646
4260.0, 0.27712992
4270.0, 0.27702352
4280.0, 0.2769174
4290.0, 0.2768114
4300.0, 0.2767056
4310.0, 0.2766
4320.0, 0.27649453
4330.0, 0.2763893
4340.0, 0.27628425
4350.0, 0.27617937
4360.0, 0.27607468
4370.0, 0.27597016
4380.0, 0.27586585
4390.0, 0.27576172
4400.0, 0.27565774
4410.0, 0.27555397
4420.0, 0.27545038
4430.0, 0.275347
4440.0, 0.27524373
4450.0, 0.2751407
4460.0, 0.27503783
4470.0, 0.27493516
4480.0, 0.27483264
4490.0, 0.27473032
4500.0, 0.27462816
4510.0, 0.27452618
4520.0, 0.27442443
4530.0, 0.2743228
4540.0, 0.2742214
4550.0, 0.27412015
4560.0, 0.27401906
4570.0, 0.27391818
4580.0, 0.27381745
4590.0, 0.27371693
4600.0, 0.27361655
4610.0, 0.2735164
4620.0, 0.27341637
4630.0, 0.27331653
4640.0, 0.2732169
4650.0, 0.2731174
4660.0, 0.2730181
4670.0, 0.27291897
4680.0, 0.27282003
4690.0, 0.27272123
4700.0, 0.27262262
4710.0, 0.2725242
4720.0, 0.27242595
4730.0, 0.27232787
4740.0, 0.27222994
4750.0, 0.27213222
4760.0, 0.27203465
4770.0, 0.27193725
4780.0, 0.27184004
4790.0, 0.271743
4800.0, 0.2716461
4810.0, 0.2715494
4820.0, 0.27145287
4830.0, 0.2713565
4840.0, 0.2712603
4850.0, 0.27116427
4860.0, 0.27106842
4870.0, 0.27097276
4880.0, 0.27087724
4890.0, 0.2707819
4900.0, 0.27068672
4910.0, 0.2705917
4920.0, 0.27049685
4930.0, 0.2704022
4940.0, 0.2703077
4950.0, 0.27021337
4960.0, 0.27011916
4970.0, 0.2700252
4980.0, 0.26993135
4990.0, 0.26983768
5000.0, 0.26974416
5010.0, 0.26965085
5020.0, 0.26955765
5030.0, 0.26946464
5040.0, 0.2693718
5050.0, 0.26927912
5060.0, 0.26918662
5070.0, 0.26909426
5080.0, 0.26900208
5090.0, 0.26891005
5100.0, 0.2688182
5110.0, 0.26872653
5120.0, 0.26863497
5130.0, 0.2685436
5140.0, 0.2684524
5150.0, 0.26836136
5160.0, 0.2682705
5170.0, 0.26817977
5180.0, 0.2680892
5190.0, 0.26799878
5200.0, 0.26790857
5210.0, 0.26781848
5220.0, 0.26772857
5230.0, 0.2676388
5240.0, 0.26754925
5250.0, 0.26745978
5260.0, 0.2673705
5270.0, 0.26728138
5280.0, 0.26719242
5290.0, 0.2671036
5300.0, 0.26701498
5310.0, 0.2669265
5320.0, 0.26683816
5330.0, 0.26675
5340.0, 0.26666197
5350.0, 0.2665741
5360.0, 0.26648644
5370.0, 0.26639888
5380.0, 0.2663115
5390.0, 0.26622427
5400.0, 0.26613718
5410.0, 0.26605028
5420.0, 0.2659635
5430.0, 0.2658769
5440.0, 0.26579043
5450.0, 0.26570415
5460.0, 0.26561797
5470.0, 0.265532
5480.0, 0.26544616
5490.0, 0.26536047
5500.0, 0.26527494
5510.0, 0.26518956
5520.0, 0.26510435
5530.0, 0.26501927
5540.0, 0.26493433
5550.0, 0.26484954
5560.0, 0.26476493
5570.0, 0.26468045
5580.0, 0.26459613
5590.0, 0.264512
5600.0, 0.26442796
5610.0, 0.2643441
5620.0, 0.2642604
5630.0, 0.26417682
5640.0, 0.2640934
5650.0, 0.26401013
5660.0, 0.263927
5670.0, 0.26384407
5680.0, 0.26376122
5690.0, 0.26367858
5700.0, 0.26359606
5710.0, 0.26351365
5720.0, 0.26343146
5730.0, 0.26334938
5740.0, 0.26326743
5750.0, 0.26318565
5760.0, 0.263104
5770.0, 0.26302254
5780.0, 0.26294118
5790.0, 0.26285997
5800.0, 0.26277894
5810.0, 0.26269802
5820.0, 0.26261723
5830.0, 0.26253664
5840.0, 0.26245615
5850.0, 0.26237583
5860.0, 0.26229563
5870.0, 0.26221558
5880.0, 0.2621357
5890.0, 0.26205596
5900.0, 0.26197636
5910.0, 0.26189688
5920.0, 0.26181754
5930.0, 0.2617384
5940.0, 0.26165935
5950.0, 0.26158044
5960.0, 0.26150167
5970.0, 0.26142308
5980.0, 0.2613446
5990.0, 0.2612663
6000.0, 0.2611881
6010.0, 0.26111004
6020.0, 0.26103213
6030.0, 0.26095438
6040.0, 0.26087674
6050.0, 0.26079926
6060.0, 0.26072192
6070.0, 0.2606447
6080.0, 0.26056764
6090.0, 0.26049072
6100.0, 0.26041391
6110.0, 0.26033726
6120.0, 0.26026073
6130.0, 0.26018438
6140.0, 0.26010814
6150.0, 0.26003206
6160.0, 0.25995606
6170.0, 0.25988024
6180.0, 0.25980455
6190.0, 0.259729
6200.0, 0.2596536
6210.0, 0.25957832
6220.0, 0.25950316
6230.0, 0.25942814
6240.0, 0.25935328
6250.0, 0.25927857
6260.0, 0.25920394
6270.0, 0.2591295
6280.0, 0.25905514
6290.0, 0.25898096
6300.0, 0.2589069
6310.0, 0.25883296
6320.0, 0.25875914
6330.0, 0.2586855
6340.0, 0.25861198
6350.0, 0.25853857
6360.0, 0.25846532
6370.0, 0.25839218
6380.0, 0.25831917
6390.0, 0.2582463
6400.0, 0.25817358
6410.0, 0.258101
6420.0, 0.2580285
6430.0, 0.25795618
6440.0, 0.25788397
6450.0, 0.25781187
6460.0, 0.25773993
6470.0, 0.25766814
6480.0, 0.25759643
6490.0, 0.25752488
6500.0, 0.25745347
6510.0, 0.25738215
6520.0, 0.257311
6530.0, 0.25723997
6540.0, 0.25716904
6550.0, 0.25709826
6560.0, 0.25702763
6570.0, 0.25695708
6580.0, 0.2568867
6590.0, 0.25681642
6600.0, 0.25674626
6610.0, 0.25667626
6620.0, 0.2566064
6630.0, 0.25653663
6640.0, 0.256467
6650.0, 0.2563975
6660.0, 0.2563281
6670.0, 0.25625885
6680.0, 0.25618973
6690.0, 0.25612074
6700.0, 0.25605187
6710.0, 0.2559831
6720.0, 0.25591448
6730.0, 0.255846
6740.0, 0.25577763
6750.0, 0.25570935
6760.0, 0.25564122
6770.0, 0.2555732
6780.0, 0.25550535
6790.0, 0.2554376
6800.0, 0.25536996
6810.0, 0.25530243
6820.0, 0.25523508
6830.0, 0.2551678
6840.0, 0.25510067
6850.0, 0.25503364
6860.0, 0.25496674
6870.0, 0.25489995
6880.0, 0.2548333
6890.0, 0.2547668
6900.0, 0.25470036
6910.0, 0.25463408
6920.0, 0.25456792
6930.0, 0.25450188
6940.0, 0.25443596
6950.0, 0.25437015
6960.0, 0.25430447
6970.0, 0.25423887
6980.0, 0.25417346
6990.0, 0.25410813
7000.0, 0.25404292
7010.0, 0.25397784
7020.0, 0.25391287
7030.0, 0.25384802
7040.0, 0.2537833
7050.0, 0.25371867
7060.0, 0.25365415
7070.0, 0.2535898
7080.0, 0.25352553
7090.0, 0.2534614
7100.0, 0.25339735
7110.0, 0.25333348
7120.0, 0.25326967
7130.0, 0.25320598
7140.0, 0.25314245
7150.0, 0.253079
7160.0, 0.25301567
7170.0, 0.25295246
7180.0, 0.25288936
7190.0, 0.2528264
7200.0, 0.2527635
7210.0, 0.25270078
7220.0, 0.25263816
7230.0, 0.2525756
7240.0, 0.25251323
7250.0, 0.25245094
7260.0, 0.25238878
7270.0, 0.2523267
7280.0, 0.25226477
7290.0, 0.2522029
7300.0, 0.25214118
7310.0, 0.2520796
7320.0, 0.2520181
7330.0, 0.2519567
7340.0, 0.25189546
7350.0, 0.25183427
7360.0, 0.25177324
7370.0, 0.25171232
7380.0, 0.2516515
7390.0, 0.2515908
7400.0, 0.25153017
7410.0, 0.2514697
7420.0, 0.25140932
7430.0, 0.25134906
7440.0, 0.25128892
7450.0, 0.25122887
7460.0, 0.25116894
7470.0, 0.25110912
7480.0, 0.2510494
7490.0, 0.2509898
7500.0, 0.2509303
7510.0, 0.25087094
7520.0, 0.25081167
7530.0, 0.25075248
7540.0, 0.25069344
7550.0, 0.2506345
7560.0, 0.25057563
7570.0, 0.25051692
7580.0, 0.2504583
7590.0, 0.2503998
7600.0, 0.2503414
7610.0, 0.2502831
7620.0, 0.25022486
7630.0, 0.2501668
7640.0, 0.2501088
7650.0, 0.25005096
7660.0, 0.24999318
7670.0, 0.24993552
7680.0, 0.24987799
7690.0, 0.24982053
7700.0, 0.24976318
7710.0, 0.24970596
7720.0, 0.24964882
7730.0, 0.24959181
7740.0, 0.24953488
7750.0, 0.24947807
7760.0, 0.24942137
7770.0, 0.24936476
7780.0, 0.24930824
7790.0, 0.24925189
7800.0, 0.24919556
7810.0, 0.2491394
7820.0, 0.24908331
7830.0, 0.24902733
7840.0, 0.24897143
7850.0, 0.24891567
7860.0, 0.24886002
7870.0, 0.24880445
7880.0, 0.24874897
7890.0, 0.2486936
7900.0, 0.24863835
7910.0, 0.2485832
7920.0, 0.24852814
7930.0, 0.2484732
7940.0, 0.24841833
7950.0, 0.24836358
7960.0, 0.24830891
7970.0, 0.24825437
7980.0, 0.24819992
7990.0, 0.2481456
8000.0, 0.24809134
8010.0, 0.2480372
8020.0, 0.24798314
8030.0, 0.2479292
8040.0, 0.24787536
8050.0, 0.2478216
8060.0, 0.24776797
8070.0, 0.24771442
8080.0, 0.24766098
8090.0, 0.24760763
8100.0, 0.24755436
8110.0, 0.24750122
8120.0, 0.24744818
8130.0, 0.2473952
8140.0, 0.24734235
8150.0, 0.24728958
8160.0, 0.24723694
8170.0, 0.24718435
8180.0, 0.2471319
8190.0, 0.24707952
8200.0, 0.24702726
8210.0, 0.24697508
8220.0, 0.246923
8230.0, 0.24687102
8240.0, 0.24681914
8250.0, 0.24676734
8260.0, 0.24671566
8270.0, 0.24666405
8280.0, 0.24661255
8290.0, 0.24656114
8300.0, 0.24650985
8310.0, 0.24645862
8320.0, 0.2464075
8330.0, 0.24635649
8340.0, 0.24630556
8350.0, 0.24625471
8360.0, 0.24620397
8370.0, 0.24615334
8380.0, 0.24610278
8390.0, 0.24605232
8400.0, 0.24600196
8410.0, 0.24595168
8420.0, 0.24590151
8430.0, 0.24585143
8440.0, 0.24580143
8450.0, 0.24575154
8460.0, 0.24570173
8470.0, 0.24565202
8480.0, 0.2456024
8490.0, 0.24555287
8500.0, 0.24550343
8510.0, 0.24545409
8520.0, 0.24540484
8530.0, 0.24535567
8540.0, 0.2453066
8550.0, 0.24525763
8560.0, 0.24520874
8570.0, 0.24515994
8580.0, 0.24511126
8590.0, 0.24506263
8600.0, 0.24501412
8610.0, 0.24496567
8620.0, 0.24491732
8630.0, 0.24486908
8640.0, 0.24482092
8650.0, 0.24477285
8660.0, 0.24472488
8670.0, 0.24467698
8680.0, 0.24462916
8690.0, 0.24458145
8700.0, 0.24453384
8710.0, 0.24448629
8720.0, 0.24443883
8730.0, 0.24439147
8740.0, 0.2443442
8750.0, 0.24429703
8760.0, 0.24424993
8770.0, 0.24420293
8780.0, 0.24415602
8790.0, 0.24410918
8800.0, 0.24406244
8810.0, 0.24401577
8820.0, 0.24396922
8830.0, 0.24392271
8840.0, 0.24387634
8850.0, 0.24383003
8860.0, 0.2437838
8870.0, 0.24373767
8880.0, 0.2436916
8890.0, 0.24364565
8900.0, 0.24359977
8910.0, 0.24355398
8920.0, 0.24350828
8930.0, 0.24346265
8940.0, 0.24341711
8950.0, 0.24337165
8960.0, 0.24332629
8970.0, 0.24328102
8980.0, 0.24323581
8990.0, 0.24319069
9000.0, 0.24314569
9010.0, 0.24310075
9020.0, 0.24305588
9030.0, 0.24301112
9040.0, 0.24296641
9050.0, 0.2429218
9060.0, 0.24287729
9070.0, 0.24283284
9080.0, 0.2427885
9090.0, 0.2427442
9100.0, 0.24270001
9110.0, 0.2426559
9120.0, 0.24261189
9130.0, 0.24256793
9140.0, 0.24252407
9150.0, 0.24248031
9160.0, 0.24243662
9170.0, 0.24239299
9180.0, 0.24234948
9190.0, 0.24230601
9200.0, 0.24226265
9210.0, 0.24221934
9220.0, 0.24217615
9230.0, 0.24213304
9240.0, 0.24208997
9250.0, 0.24204701
9260.0, 0.24200413
9270.0, 0.24196132
9280.0, 0.24191861
9290.0, 0.24187596
9300.0, 0.24183339
9310.0, 0.24179092
9320.0, 0.2417485
9330.0, 0.24170618
9340.0, 0.24166395
9350.0, 0.24162178
9360.0, 0.24157968
9370.0, 0.24153769
9380.0, 0.24149576
9390.0, 0.24145392
9400.0, 0.24141215
9410.0, 0.24137044
9420.0, 0.24132884
9430.0, 0.2412873
9440.0, 0.24124584
9450.0, 0.24120447
9460.0, 0.24116316
9470.0, 0.24112193
9480.0, 0.2410808
9490.0, 0.24103972
9500.0, 0.24099874
9510.0, 0.24095783
9520.0, 0.24091698
9530.0, 0.24087623
9540.0, 0.24083555
9550.0, 0.24079494
9560.0, 0.24075441
9570.0, 0.24071395
9580.0, 0.24067359
9590.0, 0.24063326
9600.0, 0.24059306
9610.0, 0.24055289
9620.0, 0.24051282
9630.0, 0.24047282
9640.0, 0.24043289
9650.0, 0.24039306
9660.0, 0.24035329
9670.0, 0.24031357
9680.0, 0.24027397
9690.0, 0.2402344
9700.0, 0.24019493
9710.0, 0.24015555
9720.0, 0.2401162
9730.0, 0.24007694
9740.0, 0.24003777
9750.0, 0.23999867
9760.0, 0.23995966
9770.0, 0.23992069
9780.0, 0.23988181
9790.0, 0.239843
9800.0, 0.23980425
9810.0, 0.23976558
9820.0, 0.23972699
9830.0, 0.2396885
9840.0, 0.23965004
9850.0, 0.23961166
9860.0, 0.23957337
9870.0, 0.23953514
9880.0, 0.23949699
9890.0, 0.23945892
9900.0, 0.23942089
9910.0, 0.23938295
9920.0, 0.23934509
9930.0, 0.23930728
9940.0, 0.23926957
9950.0, 0.23923191
9960.0, 0.23919432
9970.0, 0.23915681
9980.0, 0.23911937
9990.0, 0.23908202
10000.0, 0.2390447
10010.0, 0.23900749
10020.0, 0.23897032
10030.0, 0.23893322
10040.0, 0.2388962
10050.0, 0.23885928
10060.0, 0.2388224
10070.0, 0.23878558
10080.0, 0.23874883
10090.0, 0.23871219
10100.0, 0.23867556
10110.0, 0.23863904
10120.0, 0.23860258
10130.0, 0.23856619
10140.0, 0.23852988
10150.0, 0.23849362
10160.0, 0.23845743
10170.0, 0.2384213
10180.0, 0.23838526
10190.0, 0.23834926
10200.0, 0.23831336
10210.0, 0.23827752
10220.0, 0.23824175
10230.0, 0.23820604
10240.0, 0.2381704
10250.0, 0.23813482
10260.0, 0.2380993
10270.0, 0.23806389
10280.0, 0.23802851
10290.0, 0.23799321
10300.0, 0.23795797
10310.0, 0.23792279
10320.0, 0.23788768
10330.0, 0.23785265
10340.0, 0.23781767
10350.0, 0.23778276
10360.0, 0.23774795
10370.0, 0.23771317
10380.0, 0.23767845
10390.0, 0.23764382
10400.0, 0.23760924
10410.0, 0.23757473
10420.0, 0.23754029
10430.0, 0.23750591
10440.0, 0.2374716
10450.0, 0.23743735
10460.0, 0.23740315
10470.0, 0.23736905
10480.0, 0.23733498
10490.0, 0.23730099
10500.0, 0.23726706
10510.0, 0.23723322
10520.0, 0.23719943
10530.0, 0.23716567
10540.0, 0.23713201
10550.0, 0.23709843
10560.0, 0.23706488
10570.0, 0.23703142
10580.0, 0.23699798
10590.0, 0.23696463
10600.0, 0.23693137
10610.0, 0.23689814
10620.0, 0.23686497
10630.0, 0.23683187
10640.0, 0.23679884
10650.0, 0.23676588
10660.0, 0.23673297
10670.0, 0.23670013
10680.0, 0.23666734
10690.0, 0.23663463
10700.0, 0.23660196
10710.0, 0.23656937
10720.0, 0.23653683
10730.0, 0.23650436
10740.0, 0.23647197
10750.0, 0.2364396
10760.0, 0.23640732
10770.0, 0.23637508
10780.0, 0.23634292
10790.0, 0.23631081
10800.0, 0.23627879
10810.0, 0.23624681
10820.0, 0.23621488
10830.0, 0.23618302
10840.0, 0.23615122
10850.0, 0.2361195
10860.0, 0.23608781
10870.0, 0.23605621
10880.0, 0.23602463
10890.0, 0.23599313
10900.0, 0.2359617
10910.0, 0.23593034
10920.0, 0.23589902
10930.0, 0.23586777
10940.0, 0.23583655
10950.0, 0.23580542
10960.0, 0.23577434
10970.0, 0.23574333
10980.0, 0.23571235
10990.0, 0.23568146
11000.0, 0.2356506
11010.0, 0.23561984
11020.0, 0.2355891
11030.0, 0.23555844
11040.0, 0.23552784
11050.0, 0.23549728
11060.0, 0.2354668
11070.0, 0.23543637
11080.0, 0.23540598
11090.0, 0.23537566
11100.0, 0.2353454
11110.0, 0.2353152
11120.0, 0.23528507
11130.0, 0.23525497
11140.0, 0.23522495
11150.0, 0.23519498
11160.0, 0.23516507
11170.0, 0.23513521
11180.0, 0.23510541
11190.0, 0.23507567
11200.0, 0.23504598
11210.0, 0.23501635
11220.0, 0.23498677
11230.0, 0.23495726
11240.0, 0.2349278
11250.0, 0.2348984
11260.0, 0.23486906
11270.0, 0.23483975
11280.0, 0.23481052
11290.0, 0.23478135
11300.0, 0.23475222
11310.0, 0.23472317
11320.0, 0.23469414
11330.0, 0.23466519
11340.0, 0.23463628
11350.0, 0.23460743
11360.0, 0.23457864
11370.0, 0.23454991
11380.0, 0.23452123
11390.0, 0.2344926
11400.0, 0.23446403
11410.0, 0.23443553
11420.0, 0.23440707
11430.0, 0.23437865
11440.0, 0.2343503
11450.0, 0.23432198
11460.0, 0.23429374
11470.0, 0.23426555
11480.0, 0.23423743
11490.0, 0.23420934
11500.0, 0.23418131
11510.0, 0.23415333
11520.0, 0.2341254
11530.0, 0.23409754
11540.0, 0.23406973
11550.0, 0.23404196
11560.0, 0.23401426
11570.0, 0.2339866
11580.0, 0.233959
11590.0, 0.23393144
11600.0, 0.23390396
11610.0, 0.23387651
11620.0, 0.23384912
11630.0, 0.23382178
11640.0, 0.23379448
11650.0, 0.23376726
11660.0, 0.23374008
11670.0, 0.23371296
11680.0, 0.23368585
11690.0, 0.23365885
11700.0, 0.23363186
11710.0, 0.23360494
11720.0, 0.23357806
11730.0, 0.23355125
11740.0, 0.23352447
11750.0, 0.23349777
11760.0, 0.2334711
11770.0, 0.23344448
11780.0, 0.23341791
11790.0, 0.23339142
11800.0, 0.23336494
11810.0, 0.23333853
11820.0, 0.23331217
11830.0, 0.23328586
11840.0, 0.2332596
11850.0, 0.23323339
11860.0, 0.23320726
11870.0, 0.23318115
11880.0, 0.23315509
11890.0, 0.23312907
11900.0, 0.23310311
11910.0, 0.2330772
11920.0, 0.23305136
11930.0, 0.23302555
11940.0, 0.23299977
11950.0, 0.23297407
11960.0, 0.23294841
11970.0, 0.2329228
11980.0, 0.23289725
11990.0, 0.23287173
12000.0, 0.23284626
12010.0, 0.23282085
12020.0, 0.23279548
12030.0, 0.23277016
12040.0, 0.23274487
12050.0, 0.23271967
12060.0, 0.2326945
12070.0, 0.23266938
12080.0, 0.23264432
12090.0, 0.23261929
12100.0, 0.23259431
12110.0, 0.23256938
12120.0, 0.2325445
12130.0, 0.23251966
12140.0, 0.23249488
12150.0, 0.23247012
12160.0, 0.23244543
12170.0, 0.2324208
12180.0, 0.2323962
12190.0, 0.23237166
12200.0, 0.23234716
12210.0, 0.2323227
12220.0, 0.23229828
12230.0, 0.23227392
12240.0, 0.23224962
12250.0, 0.23222534
12260.0, 0.23220111
12270.0, 0.23217694
12280.0, 0.23215283
12290.0, 0.23212874
12300.0, 0.2321047
12310.0, 0.23208073
12320.0, 0.23205678
12330.0, 0.23203288
12340.0, 0.23200902
12350.0, 0.23198521
12360.0, 0.23196147
12370.0, 0.23193775
12380.0, 0.23191409
12390.0, 0.23189045
12400.0, 0.23186688
12410.0, 0.23184335
12420.0, 0.23181987
12430.0, 0.23179644
12440.0, 0.23177305
12450.0, 0.23174968
12460.0, 0.2317264
12470.0, 0.23170313
12480.0, 0.23167992
12490.0, 0.23165675
12500.0, 0.23163362
12510.0, 0.23161054
12520.0, 0.23158751
12530.0, 0.2315645
12540.0, 0.23154157
12550.0, 0.23151867
12560.0, 0.2314958
12570.0, 0.231473
12580.0, 0.23145021
12590.0, 0.23142749
12600.0, 0.23140481
12610.0, 0.23138218
12620.0, 0.23135957
12630.0, 0.23133703
12640.0, 0.23131451
12650.0, 0.23129207
12660.0, 0.23126963
12670.0, 0.23124726
12680.0, 0.23122492
12690.0, 0.23120262
12700.0, 0.23118038
12710.0, 0.23115818
12720.0, 0.23113602
12730.0, 0.2311139
12740.0, 0.23109181
12750.0, 0.23106979
12760.0, 0.2310478
12770.0, 0.23102583
12780.0, 0.23100394
12790.0, 0.23098208
12800.0, 0.23096023
12810.0, 0.23093845
12820.0, 0.23091672
12830.0, 0.23089503
12840.0, 0.23087338
12850.0, 0.23085175
12860.0, 0.23083018
12870.0, 0.23080866
12880.0, 0.23078717
12890.0, 0.23076572
12900.0, 0.23074433
12910.0, 0.23072296
12920.0, 0.23070163
12930.0, 0.23068035
12940.0, 0.2306591
12950.0, 0.23063791
12960.0, 0.23061676
12970.0, 0.23059565
12980.0, 0.23057455
12990.0, 0.23055352
13000.0, 0.23053254
13010.0, 0.23051159
13020.0, 0.23049065
13030.0, 0.23046978
13040.0, 0.23044896
13050.0, 0.23042817
13060.0, 0.23040742
13070.0, 0.2303867
13080.0, 0.23036605
13090.0, 0.2303454
13100.0, 0.2303248
13110.0, 0.23030426
13120.0, 0.23028374
13130.0, 0.23026328
13140.0, 0.23024285
13150.0, 0.23022245
13160.0, 0.23020208
13170.0, 0.23018177
13180.0, 0.2301615
13190.0, 0.23014127
13200.0, 0.23012106
13210.0, 0.23010091
13220.0, 0.2300808
13230.0, 0.23006071
13240.0, 0.23004068
13250.0, 0.23002067
13260.0, 0.23000072
13270.0, 0.22998078
13280.0, 0.2299609
13290.0, 0.22994106
13300.0, 0.22992125
13310.0, 0.22990148
13320.0, 0.22988173
13330.0, 0.22986206
13340.0, 0.2298424
13350.0, 0.22982277
13360.0, 0.22980319
13370.0, 0.22978365
13380.0, 0.22976413
13390.0, 0.22974467
13400.0, 0.22972526
13410.0, 0.22970586
13420.0, 0.2296865
13430.0, 0.22966719
13440.0, 0.22964792
13450.0, 0.22962867
13460.0, 0.22960946
13470.0, 0.2295903
13480.0, 0.22957118
13490.0, 0.22955208
13500.0, 0.22953303
13510.0, 0.229514
13520.0, 0.22949503
13530.0, 0.2294761
13540.0, 0.22945718
13550.0, 0.22943832
13560.0, 0.22941947
13570.0, 0.22940066
13580.0, 0.22938192
13590.0, 0.22936319
13600.0, 0.22934452
13610.0, 0.22932583
13620.0, 0.22930723
13630.0, 0.22928867
13640.0, 0.2292701
13650.0, 0.2292516
13660.0, 0.22923313
13670.0, 0.2292147
13680.0, 0.2291963
13690.0, 0.22917792
13700.0, 0.2291596
13710.0, 0.2291413
13720.0, 0.22912306
13730.0, 0.22910483
13740.0, 0.22908664
13750.0, 0.22906849
13760.0, 0.22905037
13770.0, 0.2290323
13780.0, 0.22901425
13790.0, 0.22899623
13800.0, 0.22897825
13810.0, 0.2289603
13820.0, 0.22894241
13830.0, 0.22892453
13840.0, 0.2289067
13850.0, 0.2288889
13860.0, 0.22887114
13870.0, 0.2288534
13880.0, 0.22883572
13890.0, 0.22881804
13900.0, 0.2288004
13910.0, 0.22878282
13920.0, 0.22876523
13930.0, 0.22874771
13940.0, 0.22873023
13950.0, 0.22871278
13960.0, 0.22869533
13970.0, 0.22867796
13980.0, 0.2286606
13990.0, 0.22864328
14000.0, 0.22862598
14010.0, 0.22860874
14020.0, 0.2285915
14030.0, 0.22857432
14040.0, 0.22855717
14050.0, 0.22854003
14060.0, 0.22852296
14070.0, 0.2285059
14080.0, 0.22848888
14090.0, 0.22847189
14100.0, 0.22845492
14110.0, 0.228438
14120.0, 0.2284211
14130.0, 0.22840424
14140.0, 0.22838743
14150.0, 0.22837064
14160.0, 0.22835387
14170.0, 0.22833714
14180.0, 0.22832045
14190.0, 0.2283038
14200.0, 0.22828716
14210.0, 0.22827058
14220.0, 0.22825399
14230.0, 0.22823748
14240.0, 0.22822095
14250.0, 0.22820449
14260.0, 0.22818805
14270.0, 0.22817166
14280.0, 0.22815529
14290.0, 0.22813895
14300.0, 0.22812264
14310.0, 0.22810636
14320.0, 0.22809012
14330.0, 0.22807391
14340.0, 0.22805773
14350.0, 0.22804157
14360.0, 0.22802545
14370.0, 0.22800937
14380.0, 0.2279933
14390.0, 0.22797729
14400.0, 0.2279613
14410.0, 0.22794533
14420.0, 0.22792941
14430.0, 0.2279135
14440.0, 0.22789763
14450.0, 0.2278818
14460.0, 0.227866
14470.0, 0.2278502
14480.0, 0.22783448
14490.0, 0.22781874
14500.0, 0.22780307
14510.0, 0.2277874
14520.0, 0.22777179
14530.0, 0.2277562
14540.0, 0.22774063
14550.0, 0.22772509
14560.0, 0.2277096
14570.0, 0.22769412
14580.0, 0.22767869
14590.0, 0.22766326
14600.0, 0.2276479
14610.0, 0.22763254
14620.0, 0.22761723
14630.0, 0.22760193
14640.0, 0.22758664
14650.0, 0.22757144
14660.0, 0.22755624
14670.0, 0.22754106
14680.0, 0.22752592
14690.0, 0.22751081
14700.0, 0.2274957
14710.0, 0.22748065
14720.0, 0.22746563
14730.0, 0.22745064
14740.0, 0.22743568
14750.0, 0.22742073
14760.0, 0.22740583
14770.0, 0.22739094
14780.0, 0.2273761
14790.0, 0.22736128
14800.0, 0.2273465
14810.0, 0.22733173
14820.0, 0.22731698
14830.0, 0.2273023
14840.0, 0.2272876
14850.0, 0.22727294
14860.0, 0.22725832
14870.0, 0.22724374
14880.0, 0.22722918
14890.0, 0.22721463
14900.0, 0.22720015
14910.0, 0.22718565
14920.0, 0.22717121
14930.0, 0.22715679
14940.0, 0.2271424
14950.0, 0.22712804
14960.0, 0.2271137
14970.0, 0.2270994
14980.0, 0.22708513
14990.0, 0.22707085
15000.0, 0.22705662
15010.0, 0.22704242
15020.0, 0.22702827
15030.0, 0.22701412
15040.0, 0.22700001
15050.0, 0.22698593
15060.0, 0.22697188
15070.0, 0.22695784
15080.0, 0.22694384
15090.0, 0.22692984
15100.0, 0.2269159
15110.0, 0.22690198
15120.0, 0.22688809
15130.0, 0.22687422
15140.0, 0.22686037
15150.0, 0.22684656
15160.0, 0.22683278
15170.0, 0.22681902
15180.0, 0.22680528
15190.0, 0.22679158
15200.0, 0.22677791
15210.0, 0.22676425
15220.0, 0.22675063
15230.0, 0.22673702
15240.0, 0.22672345
15250.0, 0.2267099
15260.0, 0.22669639
15270.0, 0.22668289
15280.0, 0.22666942
15290.0, 0.22665599
15300.0, 0.22664258
15310.0, 0.22662918
15320.0, 0.22661582
15330.0, 0.22660248
15340.0, 0.22658919
15350.0, 0.22657588
15360.0, 0.22656263
15370.0, 0.2265494
15380.0, 0.2265362
15390.0, 0.22652301
15400.0, 0.22650985
15410.0, 0.22649673
15420.0, 0.22648363
15430.0, 0.22647056
15440.0, 0.2264575
15450.0, 0.2264445
15460.0, 0.22643147
15470.0, 0.22641851
15480.0, 0.22640555
15490.0, 0.22639263
15500.0, 0.22637974
15510.0, 0.22636686
15520.0, 0.22635402
15530.0, 0.22634119
15540.0, 0.22632839
15550.0, 0.22631562
15560.0, 0.22630286
15570.0, 0.22629015
15580.0, 0.22627746
15590.0, 0.22626477
15600.0, 0.22625212
15610.0, 0.2262395
15620.0, 0.22622691
15630.0, 0.22621433
15640.0, 0.22620179
15650.0, 0.22618926
15660.0, 0.22617675
15670.0, 0.2261643
15680.0, 0.22615184
15690.0, 0.2261394
15700.0, 0.22612701
15710.0, 0.22611463
15720.0, 0.22610226
15730.0, 0.22608992
15740.0, 0.22607763
15750.0, 0.22606534
15760.0, 0.22605309
15770.0, 0.22604086
15780.0, 0.22602865
15790.0, 0.22601646
15800.0, 0.2260043
15810.0, 0.22599217
15820.0, 0.22598004
15830.0, 0.22596794
15840.0, 0.22595589
15850.0, 0.22594385
15860.0, 0.22593184
15870.0, 0.22591983
15880.0, 0.22590785
15890.0, 0.2258959
15900.0, 0.22588399
15910.0, 0.22587208
15920.0, 0.2258602
15930.0, 0.22584835
15940.0, 0.22583652
15950.0, 0.2258247
15960.0, 0.22581291
15970.0, 0.22580115
15980.0, 0.22578943
15990.0, 0.22577772
16000.0, 0.22576602
16010.0, 0.22575434
16020.0, 0.22574268
16030.0, 0.22573107
16040.0, 0.22571945
16050.0, 0.22570789
16060.0, 0.22569633
16070.0, 0.22568479
16080.0, 0.22567329
16090.0, 0.2256618
16100.0, 0.22565033
16110.0, 0.22563888
16120.0, 0.22562745
16130.0, 0.22561605
16140.0, 0.22560468
16150.0, 0.22559333
16160.0, 0.22558199
16170.0, 0.2255707
16180.0, 0.2255594
16190.0, 0.22554815
16200.0, 0.2255369
16210.0, 0.22552566
16220.0, 0.22551446
16230.0, 0.2255033
16240.0, 0.22549215
16250.0, 0.225481
16260.0, 0.22546989
16270.0, 0.2254588
16280.0, 0.22544773
16290.0, 0.22543667
16300.0, 0.22542566
16310.0, 0.22541466
16320.0, 0.22540367
16330.0, 0.22539271
16340.0, 0.22538178
16350.0, 0.22537085
16360.0, 0.22535996
16370.0, 0.2253491
16380.0, 0.22533824
16390.0, 0.22532742
16400.0, 0.2253166
16410.0, 0.22530581
16420.0, 0.22529505
16430.0, 0.2252843
16440.0, 0.22527356
16450.0, 0.22526287
16460.0, 0.22525217
16470.0, 0.22524151
16480.0, 0.22523089
16490.0, 0.22522026
16500.0, 0.22520967
16510.0, 0.22519907
16520.0, 0.22518851
16530.0, 0.225178
16540.0, 0.22516747
16550.0, 0.22515696
16560.0, 0.2251465
16570.0, 0.22513606
16580.0, 0.22512563
16590.0, 0.2251152
16600.0, 0.22510481
16610.0, 0.22509442
16620.0, 0.22508408
16630.0, 0.22507375
16640.0, 0.22506343
16650.0, 0.22505315
16660.0, 0.22504286
16670.0, 0.22503263
16680.0, 0.2250224
16690.0, 0.22501218
16700.0, 0.22500199
16710.0, 0.22499183
16720.0, 0.22498167
16730.0, 0.22497155
16740.0, 0.22496144
16750.0, 0.22495133
16760.0, 0.22494127
16770.0, 0.22493121
16780.0, 0.2249212
16790.0, 0.22491117
16800.0, 0.22490117
16810.0, 0.22489122
16820.0, 0.22488126
16830.0, 0.22487134
16840.0, 0.2248614
16850.0, 0.22485152
16860.0, 0.22484162
16870.0, 0.22483177
16880.0, 0.22482194
16890.0, 0.22481214
16900.0, 0.22480233
16910.0, 0.22479255
16920.0, 0.2247828
16930.0, 0.22477306
16940.0, 0.22476333
16950.0, 0.22475363
16960.0, 0.22474395
16970.0, 0.22473429
16980.0, 0.22472465
16990.0, 0.22471502
17000.0, 0.22470541
17010.0, 0.22469583
17020.0, 0.22468626
17030.0, 0.22467671
17040.0, 0.22466718
17050.0, 0.22465765
17060.0, 0.22464818
17070.0, 0.22463869
17080.0, 0.22462924
17090.0, 0.22461979
17100.0, 0.22461039
17110.0, 0.22460097
17120.0, 0.22459161
17130.0, 0.22458224
17140.0, 0.2245729
17150.0, 0.22456357
17160.0, 0.22455427
17170.0, 0.22454499
17180.0, 0.22453569
17190.0, 0.22452645
17200.0, 0.22451723
17210.0, 0.224508
17220.0, 0.2244988
17230.0, 0.2244896
17240.0, 0.22448044
17250.0, 0.2244713
17260.0, 0.22446218
17270.0, 0.22445308
17280.0, 0.22444397
17290.0, 0.2244349
17300.0, 0.22442587
17310.0, 0.2244168
17320.0, 0.22440779
17330.0, 0.22439879
17340.0, 0.2243898
17350.0, 0.22438085
17360.0, 0.22437191
17370.0, 0.22436297
17380.0, 0.22435406
17390.0, 0.22434516
17400.0, 0.22433628
17410.0, 0.22432742
17420.0, 0.22431856
17430.0, 0.22430974
17440.0, 0.22430095
17450.0, 0.22429214
17460.0, 0.22428338
17470.0, 0.22427464
17480.0, 0.22426589
17490.0, 0.22425716
17500.0, 0.22424845
17510.0, 0.22423977
17520.0, 0.22423111
17530.0, 0.22422244
17540.0, 0.22421381
17550.0, 0.22420518
17560.0, 0.22419658
17570.0, 0.224188
17580.0, 0.22417943
17590.0, 0.22417088
17600.0, 0.22416236
17610.0, 0.22415383
17620.0, 0.22414534
17630.0, 0.22413684
17640.0, 0.22412837
17650.0, 0.22411993
17660.0, 0.2241115
17670.0, 0.22410306
17680.0, 0.22409467
17690.0, 0.22408628
17700.0, 0.22407793
17710.0, 0.22406957
17720.0, 0.22406122
17730.0, 0.2240529
17740.0, 0.22404462
17750.0, 0.22403632
17760.0, 0.22402807
17770.0, 0.22401981
17780.0, 0.22401157
17790.0, 0.22400334
17800.0, 0.22399515
17810.0, 0.22398694
17820.0, 0.22397877
17830.0, 0.22397062
17840.0, 0.22396249
17850.0, 0.22395436
17860.0, 0.22394626
17870.0, 0.22393817
17880.0, 0.22393008
17890.0, 0.22392203
17900.0, 0.223914
17910.0, 0.22390595
17920.0, 0.22389793
17930.0, 0.22388995
17940.0, 0.22388196
17950.0, 0.223874
17960.0, 0.22386605
17970.0, 0.22385812
17980.0, 0.22385019
17990.0, 0.22384231
18000.0, 0.22383441
18010.0, 0.22382654
18020.0, 0.22381869
18030.0, 0.22381085
18040.0, 0.22380301
18050.0, 0.2237952
18060.0, 0.22378741
18070.0, 0.22377963
18080.0, 0.22377187
18090.0, 0.2237641
18100.0, 0.22375639
18110.0, 0.22374867
18120.0, 0.22374098
18130.0, 0.22373328
18140.0, 0.2237256
18150.0, 0.22371796
18160.0, 0.22371031
18170.0, 0.22370268
18180.0, 0.22369507
18190.0, 0.22368748
18200.0, 0.2236799
18210.0, 0.22367235
18220.0, 0.22366479
18230.0, 0.22365724
18240.0, 0.22364973
18250.0, 0.22364222
18260.0, 0.22363472
18270.0, 0.22362724
18280.0, 0.22361979
18290.0, 0.22361234
18300.0, 0.2236049
18310.0, 0.22359748
18320.0, 0.22359009
18330.0, 0.2235827
18340.0, 0.22357532
18350.0, 0.22356796
18360.0, 0.22356062
18370.0, 0.22355329
18380.0, 0.22354597
18390.0, 0.22353865
18400.0, 0.22353138
18410.0, 0.22352411
18420.0, 0.22351685
18430.0, 0.22350961
18440.0, 0.22350237
18450.0, 0.22349516
18460.0, 0.22348796
18470.0, 0.22348076
18480.0, 0.2234736
18490.0, 0.22346644
18500.0, 0.22345929
18510.0, 0.22345217
18520.0, 0.22344506
18530.0, 0.22343794
18540.0, 0.22343084
18550.0, 0.22342378
18560.0, 0.22341672
18570.0, 0.22340968
18580.0, 0.22340263
18590.0, 0.22339563
18600.0, 0.2233886
18610.0, 0.22338162
18620.0, 0.22337465
18630.0, 0.22336768
18640.0, 0.22336073
18650.0, 0.2233538
18660.0, 0.22334687
18670.0, 0.22333997
18680.0, 0.22333308
18690.0, 0.22332619
18700.0, 0.22331932
18710.0, 0.22331247
18720.0, 0.22330564
18730.0, 0.2232988
18740.0, 0.22329198
18750.0, 0.22328518
18760.0, 0.2232784
18770.0, 0.22327161
18780.0, 0.22326486
18790.0, 0.22325811
18800.0, 0.2232514
18810.0, 0.22324467
18820.0, 0.22323796
18830.0, 0.22323126
18840.0, 0.2232246
18850.0, 0.22321792
18860.0, 0.22321127
18870.0, 0.22320463
18880.0, 0.223198
18890.0, 0.22319138
18900.0, 0.22318478
18910.0, 0.22317821
18920.0, 0.22317162
18930.0, 0.22316505
18940.0, 0.22315851
18950.0, 0.22315198
18960.0, 0.22314546
18970.0, 0.22313893
18980.0, 0.22313243
18990.0, 0.22312595
19000.0, 0.22311948
19010.0, 0.22311302
19020.0, 0.22310656
19030.0, 0.22310016
19040.0, 0.22309372
19050.0, 0.22308731
19060.0, 0.22308093
19070.0, 0.22307454
19080.0, 0.22306816
19090.0, 0.22306181
19100.0, 0.22305547
19110.0, 0.22304913
19120.0, 0.22304282
19130.0, 0.2230365
19140.0, 0.22303022
19150.0, 0.22302392
19160.0, 0.22301765
19170.0, 0.2230114
19180.0, 0.22300515
19190.0, 0.22299892
19200.0, 0.2229927
19210.0, 0.22298649
19220.0, 0.22298029
19230.0, 0.22297412
19240.0, 0.22296794
19250.0, 0.22296178
19260.0, 0.22295563
19270.0, 0.22294949
19280.0, 0.22294337
19290.0, 0.22293727
19300.0, 0.22293118
19310.0, 0.2229251
19320.0, 0.222919
19330.0, 0.22291294
19340.0, 0.22290689
19350.0, 0.22290085
19360.0, 0.22289482
19370.0, 0.2228888
19380.0, 0.2228828
19390.0, 0.22287682
19400.0, 0.22287084
19410.0, 0.22286488
19420.0, 0.2228589
19430.0, 0.22285296
19440.0, 0.22284704
19450.0, 0.22284111
19460.0, 0.2228352
19470.0, 0.2228293
19480.0, 0.22282343
19490.0, 0.22281756
19500.0, 0.2228117
19510.0, 0.22280584
19520.0, 0.22279999
19530.0, 0.22279418
19540.0, 0.22278836
19550.0, 0.22278257
19560.0, 0.22277676
19570.0, 0.22277099
19580.0, 0.22276522
19590.0, 0.22275946
19600.0, 0.2227537
19610.0, 0.22274797
19620.0, 0.22274224
19630.0, 0.22273652
19640.0, 0.22273083
19650.0, 0.22272514
19660.0, 0.22271946
19670.0, 0.2227138
19680.0, 0.22270814
19690.0, 0.2227025
19700.0, 0.22269686
19710.0, 0.22269125
19720.0, 0.22268564
19730.0, 0.22268003
19740.0, 0.22267443
19750.0, 0.22266886
19760.0, 0.2226633
19770.0, 0.22265773
19780.0, 0.22265218
19790.0, 0.22264665
19800.0, 0.22264113
19810.0, 0.22263561
19820.0, 0.22263011
19830.0, 0.22262463
19840.0, 0.22261915
19850.0, 0.22261369
19860.0, 0.22260821
19870.0, 0.22260277
19880.0, 0.22259733
19890.0, 0.2225919
19900.0, 0.2225865
19910.0, 0.22258107
19920.0, 0.2225757
19930.0, 0.22257032
19940.0, 0.22256495
19950.0, 0.22255959
19960.0, 0.22255422
19970.0, 0.22254889
19980.0, 0.22254357
19990.0, 0.22253823
20000.0, 0.22253294
20010.0, 0.22252764
20020.0, 0.22252235
20030.0, 0.22251706
20040.0, 0.2225118
20050.0, 0.22250654
20060.0, 0.2225013
20070.0, 0.22249606
20080.0, 0.22249083
20090.0, 0.22248563
20100.0, 0.22248042
20110.0, 0.22247522
20120.0, 0.22247003
20130.0, 0.22246486
20140.0, 0.22245969
20150.0, 0.22245456
20160.0, 0.22244939
20170.0, 0.22244427
20180.0, 0.22243915
20190.0, 0.22243403
20200.0, 0.22242895
20210.0, 0.22242384
20220.0, 0.22241876
20230.0, 0.22241369
20240.0, 0.22240864
20250.0, 0.22240357
20260.0, 0.22239855
20270.0, 0.2223935
20280.0, 0.22238848
20290.0, 0.22238347
20300.0, 0.22237846
20310.0, 0.22237347
20320.0, 0.2223685
20330.0, 0.22236352
20340.0, 0.22235855
20350.0, 0.22235359
20360.0, 0.22234865
20370.0, 0.22234371
20380.0, 0.22233881
20390.0, 0.22233388
20400.0, 0.22232899
20410.0, 0.22232409
20420.0, 0.2223192
20430.0, 0.22231433
20440.0, 0.22230947
20450.0, 0.22230461
20460.0, 0.22229977
20470.0, 0.22229494
20480.0, 0.2222901
20490.0, 0.22228529
20500.0, 0.22228047
20510.0, 0.22227567
20520.0, 0.22227089
20530.0, 0.22226611
20540.0, 0.22226134
20550.0, 0.22225659
20560.0, 0.22225182
20570.0, 0.22224708
20580.0, 0.22224236
20590.0, 0.22223763
20600.0, 0.22223292
20610.0, 0.22222821
20620.0, 0.22222352
20630.0, 0.22221884
20640.0, 0.22221416
20650.0, 0.2222095
20660.0, 0.22220483
20670.0, 0.22220019
20680.0, 0.22219555
20690.0, 0.22219093
20700.0, 0.22218631
20710.0, 0.2221817
20720.0, 0.22217709
20730.0, 0.2221725
20740.0, 0.22216792
20750.0, 0.22216333
20760.0, 0.22215877
20770.0, 0.2221542
20780.0, 0.22214967
20790.0, 0.22214514
20800.0, 0.22214061
20810.0, 0.22213607
20820.0, 0.22213157
20830.0, 0.22212708
20840.0, 0.22212258
20850.0, 0.2221181
20860.0, 0.22211361
20870.0, 0.22210914
20880.0, 0.2221047
20890.0, 0.22210024
20900.0, 0.22209579
20910.0, 0.22209136
20920.0, 0.22208694
20930.0, 0.22208253
20940.0, 0.22207813
20950.0, 0.22207373
20960.0, 0.22206934
20970.0, 0.22206496
20980.0, 0.22206059
20990.0, 0.22205622
21000.0, 0.22205187
21010.0, 0.22204754
21020.0, 0.22204319
21030.0, 0.22203887
21040.0, 0.22203454
21050.0, 0.22203024
21060.0, 0.22202593
21070.0, 0.22202164
21080.0, 0.22201735
21090.0, 0.22201309
21100.0, 0.22200881
21110.0, 0.22200455
21120.0, 0.2220003
21130.0, 0.22199605
21140.0, 0.22199182
21150.0, 0.2219876
21160.0, 0.22198337
21170.0, 0.22197919
21180.0, 0.22197497
21190.0, 0.22197078
21200.0, 0.2219666
21210.0, 0.22196244
21220.0, 0.22195826
21230.0, 0.22195409
21240.0, 0.22194995
21250.0, 0.2219458
21260.0, 0.22194168
21270.0, 0.22193754
21280.0, 0.22193344
21290.0, 0.2219293
21300.0, 0.22192521
21310.0, 0.22192112
21320.0, 0.22191702
21330.0, 0.22191297
21340.0, 0.2219089
21350.0, 0.22190484
21360.0, 0.22190078
21370.0, 0.22189674
21380.0, 0.2218927
21390.0, 0.22188866
21400.0, 0.22188465
21410.0, 0.22188064
21420.0, 0.22187664
21430.0, 0.22187263
21440.0, 0.22186863
21450.0, 0.22186466
21460.0, 0.22186069
21470.0, 0.22185673
21480.0, 0.22185278
21490.0, 0.2218488
21500.0, 0.22184488
21510.0, 0.22184093
21520.0, 0.22183703
21530.0, 0.2218331
21540.0, 0.22182919
21550.0, 0.22182529
21560.0, 0.22182138
21570.0, 0.2218175
21580.0, 0.22181362
21590.0, 0.22180976
21600.0, 0.2218059
21610.0, 0.22180203
21620.0, 0.22179818
21630.0, 0.22179434
21640.0, 0.22179052
21650.0, 0.22178668
21660.0, 0.22178286
21670.0, 0.22177906
21680.0, 0.22177525
21690.0, 0.22177146
21700.0, 0.22176768
21710.0, 0.22176388
21720.0, 0.22176011
21730.0, 0.22175634
21740.0, 0.2217526
21750.0, 0.22174884
21760.0, 0.22174509
21770.0, 0.22174136
21780.0, 0.22173764
21790.0, 0.22173393
21800.0, 0.2217302
21810.0, 0.22172649
21820.0, 0.2217228
21830.0, 0.2217191
21840.0, 0.22171542
21850.0, 0.22171175
21860.0, 0.22170806
21870.0, 0.22170442
21880.0, 0.22170076
21890.0, 0.2216971
21900.0, 0.22169347
21910.0, 0.22168984
21920.0, 0.22168621
21930.0, 0.2216826
21940.0, 0.22167897
21950.0, 0.22167537
21960.0, 0.22167179
21970.0, 0.22166818
21980.0, 0.22166461
21990.0, 0.22166103
22000.0, 0.22165745
22010.0, 0.2216539
22020.0, 0.22165035
22030.0, 0.2216468
22040.0, 0.22164324
22050.0, 0.22163972
22060.0, 0.2216362
22070.0, 0.22163267
22080.0, 0.22162916
22090.0, 0.22162567
22100.0, 0.22162215
22110.0, 0.22161867
22120.0, 0.2216152
22130.0, 0.22161171
22140.0, 0.22160824
22150.0, 0.22160476
22160.0, 0.22160132
22170.0, 0.22159787
22180.0, 0.22159444
22190.0, 0.22159098
22200.0, 0.22158755
22210.0, 0.22158413
22220.0, 0.22158071
22230.0, 0.2215773
22240.0, 0.2215739
22250.0, 0.22157052
22260.0, 0.22156712
22270.0, 0.22156374
22280.0, 0.22156036
22290.0, 0.221557
22300.0, 0.22155364
22310.0, 0.22155029
22320.0, 0.22154693
22330.0, 0.2215436
22340.0, 0.22154024
22350.0, 0.22153693
22360.0, 0.2215336
22370.0, 0.22153029
22380.0, 0.22152698
22390.0, 0.22152369
22400.0, 0.22152038
22410.0, 0.22151709
22420.0, 0.22151381
22430.0, 0.22151053
22440.0, 0.22150725
22450.0, 0.221504
22460.0, 0.22150075
22470.0, 0.22149748
22480.0, 0.22149426
22490.0, 0.22149101
22500.0, 0.22148778
22510.0, 0.22148456
22520.0, 0.22148134
22530.0, 0.22147812
22540.0, 0.22147492
22550.0, 0.22147171
22560.0, 0.22146854
22570.0, 0.22146533
22580.0, 0.22146216
22590.0, 0.22145899
22600.0, 0.22145581
22610.0, 0.22145267
22620.0, 0.2214495
22630.0, 0.22144637
22640.0, 0.22144322
22650.0, 0.22144008
22660.0, 0.22143695
22670.0, 0.22143382
22680.0, 0.2214307
22690.0, 0.22142759
22700.0, 0.22142449
22710.0, 0.22142139
22720.0, 0.2214183
22730.0, 0.22141522
22740.0, 0.22141214
22750.0, 0.22140905
22760.0, 0.221406
22770.0, 0.22140293
22780.0, 0.22139987
22790.0, 0.22139683
22800.0, 0.2213938
22810.0, 0.22139074
22820.0, 0.22138771
22830.0, 0.22138469
22840.0, 0.22138168
22850.0, 0.22137865
22860.0, 0.22137564
22870.0, 0.22137265
22880.0, 0.22136964
22890.0, 0.22136666
22900.0, 0.22136368
22910.0, 0.22136071
22920.0, 0.22135773
22930.0, 0.22135475
22940.0, 0.2213518
22950.0, 0.22134885
22960.0, 0.22134592
22970.0, 0.22134297
22980.0, 0.22134002
22990.0, 0.22133708
23000.0, 0.22133416
23010.0, 0.22133125
23020.0, 0.22132833
23030.0, 0.22132543
23040.0, 0.22132252
23050.0, 0.22131963
23060.0, 0.22131674
23070.0, 0.22131386
23080.0, 0.22131099
23090.0, 0.2213081
23100.0, 0.22130524
23110.0, 0.22130238
23120.0, 0.22129953
23130.0, 0.22129668
23140.0, 0.22129384
23150.0, 0.22129098
23160.0, 0.22128814
23170.0, 0.22128533
23180.0, 0.2212825
23190.0, 0.2212797
23200.0, 0.22127686
23210.0, 0.22127408
23220.0, 0.22127128
23230.0, 0.22126848
23240.0, 0.22126567
23250.0, 0.22126292
23260.0, 0.22126015
23270.0, 0.22125736
23280.0, 0.22125459
23290.0, 0.22125183
23300.0, 0.22124907
23310.0, 0.22124632
23320.0, 0.22124358
23330.0, 0.22124083
23340.0, 0.22123812
23350.0, 0.22123538
23360.0, 0.22123265
23370.0, 0.22122994
23380.0, 0.22122723
23390.0, 0.22122452
23400.0, 0.22122182
23410.0, 0.22121914
23420.0, 0.22121644
23430.0, 0.22121374
23440.0, 0.22121108
23450.0, 0.22120838
23460.0, 0.22120573
23470.0, 0.22120306
23480.0, 0.22120042
23490.0, 0.22119775
23500.0, 0.2211951
23510.0, 0.22119245
23520.0, 0.22118983
23530.0, 0.22118719
23540.0, 0.22118457
23550.0, 0.22118196
23560.0, 0.22117932
23570.0, 0.22117671
23580.0, 0.22117412
23590.0, 0.22117151
23600.0, 0.22116892
23610.0, 0.22116633
23620.0, 0.22116373
23630.0, 0.22116117
23640.0, 0.22115858
23650.0, 0.22115603
23660.0, 0.22115345
23670.0, 0.2211509
23680.0, 0.22114833
23690.0, 0.2211458
23700.0, 0.22114325
23710.0, 0.22114071
23720.0, 0.22113818
23730.0, 0.22113565
23740.0, 0.22113311
23750.0, 0.2211306
23760.0, 0.22112809
23770.0, 0.22112557
23780.0, 0.22112307
23790.0, 0.22112057
23800.0, 0.22111806
23810.0, 0.22111559
23820.0, 0.2211131
23830.0, 0.22111063
23840.0, 0.22110815
23850.0, 0.22110568
23860.0, 0.22110322
23870.0, 0.22110075
23880.0, 0.2210983
23890.0, 0.22109585
23900.0, 0.2210934
23910.0, 0.22109097
23920.0, 0.22108853
23930.0, 0.2210861
23940.0, 0.22108367
23950.0, 0.22108126
23960.0, 0.22107884
23970.0, 0.22107643
23980.0, 0.22107403
23990.0, 0.22107162
24000.0, 0.22106922
24010.0, 0.22106685
24020.0, 0.22106443
24030.0, 0.22106205
24040.0, 0.22105968
24050.0, 0.2210573
24060.0, 0.22105496
24070.0, 0.22105259
24080.0, 0.22105022
24090.0, 0.22104786
24100.0, 0.22104551
24110.0, 0.22104317
24120.0, 0.22104083
24130.0, 0.22103849
24140.0, 0.22103617
24150.0, 0.22103384
24160.0, 0.22103153
24170.0, 0.2210292
24180.0, 0.22102688
24190.0, 0.22102459
24200.0, 0.22102226
24210.0, 0.22101998
24220.0, 0.22101769
24230.0, 0.2210154
24240.0, 0.22101311
24250.0, 0.22101082
24260.0, 0.22100855
24270.0, 0.22100629
24280.0, 0.22100402
24290.0, 0.22100176
24300.0, 0.2209995
24310.0, 0.22099724
24320.0, 0.22099501
24330.0, 0.22099276
24340.0, 0.22099052
24350.0, 0.22098827
24360.0, 0.22098604
24370.0, 0.22098383
24380.0, 0.2209816
24390.0, 0.22097938
24400.0, 0.22097717
24410.0, 0.22097495
24420.0, 0.22097275
24430.0, 0.22097056
24440.0, 0.22096837
24450.0, 0.22096616
24460.0, 0.22096398
24470.0, 0.2209618
24480.0, 0.22095963
24490.0, 0.22095744
24500.0, 0.22095528
24510.0, 0.2209531
24520.0, 0.22095096
24530.0, 0.2209488
24540.0, 0.22094664
24550.0, 0.22094448
24560.0, 0.22094235
24570.0, 0.22094022
24580.0, 0.22093807
24590.0, 0.22093594
24600.0, 0.22093381
24610.0, 0.2209317
24620.0, 0.22092958
24630.0, 0.22092746
24640.0, 0.22092535
24650.0, 0.22092324
24660.0, 0.22092113
24670.0, 0.22091906
24680.0, 0.22091696
24690.0, 0.22091487
24700.0, 0.22091278
24710.0, 0.2209107
24720.0, 0.22090864
24730.0, 0.22090657
24740.0, 0.22090448
24750.0, 0.22090243
24760.0, 0.22090037
24770.0, 0.22089832
24780.0, 0.22089624
24790.0, 0.2208942
24800.0, 0.22089216
24810.0, 0.22089012
24820.0, 0.22088808
24830.0, 0.22088605
24840.0, 0.22088403
24850.0, 0.220882
24860.0, 0.22087999
24870.0, 0.22087798
24880.0, 0.22087596
24890.0, 0.22087394
24900.0, 0.22087194
24910.0, 0.22086996
24920.0, 0.22086795
24930.0, 0.22086596
24940.0, 0.22086398
24950.0, 0.220862
24960.0, 0.22086
24970.0, 0.22085804
24980.0, 0.22085607
24990.0, 0.2208541
25000.0, 0.22085214
25010.0, 0.22085017
25020.0, 0.22084822
25030.0, 0.22084627
25040.0, 0.22084431
25050.0, 0.22084238
25060.0, 0.22084044
25070.0, 0.2208385
25080.0, 0.22083656
25090.0, 0.22083464
25100.0, 0.22083272
25110.0, 0.2208308
25120.0, 0.22082888
25130.0, 0.22082697
25140.0, 0.22082506
25150.0, 0.22082315
25160.0, 0.22082125
25170.0, 0.22081935
25180.0, 0.22081745
25190.0, 0.22081555
25200.0, 0.22081368
25210.0, 0.2208118
25220.0, 0.2208099
25230.0, 0.22080803
25240.0, 0.22080617
25250.0, 0.22080429
25260.0, 0.22080243
25270.0, 0.22080058
25280.0, 0.22079872
25290.0, 0.22079687
25300.0, 0.220795
25310.0, 0.22079316
25320.0, 0.22079132
25330.0, 0.22078949
25340.0, 0.22078766
25350.0, 0.22078581
25360.0, 0.22078398
25370.0, 0.22078216
25380.0, 0.22078034
25390.0, 0.22077852
25400.0, 0.22077672
25410.0, 0.2207749
25420.0, 0.22077312
25430.0, 0.22077128
25440.0, 0.2207695
25450.0, 0.2207677
25460.0, 0.2207659
25470.0, 0.22076412
25480.0, 0.22076236
25490.0, 0.22076057
25500.0, 0.22075878
25510.0, 0.22075701
25520.0, 0.22075523
25530.0, 0.22075348
25540.0, 0.2207517
25550.0, 0.22074994
25560.0, 0.22074819
25570.0, 0.22074644
25580.0, 0.2207447
25590.0, 0.22074294
25600.0, 0.2207412
25610.0, 0.22073945
25620.0, 0.22073773
25630.0, 0.220736
25640.0, 0.22073427
25650.0, 0.22073254
25660.0, 0.22073083
25670.0, 0.22072908
25680.0, 0.22072738
25690.0, 0.22072569
25700.0, 0.22072397
25710.0, 0.22072226
25720.0, 0.22072056
25730.0, 0.22071886
25740.0, 0.22071718
25750.0, 0.22071548
25760.0, 0.2207138
25770.0, 0.2207121
25780.0, 0.22071043
25790.0, 0.22070876
25800.0, 0.22070707
25810.0, 0.2207054
25820.0, 0.22070375
25830.0, 0.22070207
25840.0, 0.22070041
25850.0, 0.22069876
25860.0, 0.22069709
25870.0, 0.22069545
25880.0, 0.2206938
25890.0, 0.22069216
25900.0, 0.22069052
25910.0, 0.2206889
25920.0, 0.22068726
25930.0, 0.22068562
25940.0, 0.22068399
25950.0, 0.22068237
25960.0, 0.22068074
25970.0, 0.22067912
25980.0, 0.22067751
25990.0, 0.22067589
26000.0, 0.22067429
26010.0, 0.22067268
26020.0, 0.22067107
26030.0, 0.22066948
26040.0, 0.2206679
26050.0, 0.22066629
26060.0, 0.2206647
26070.0, 0.22066312
26080.0, 0.22066152
26090.0, 0.22065996
26100.0, 0.22065838
26110.0, 0.2206568
26120.0, 0.22065522
26130.0, 0.22065367
26140.0, 0.2206521
26150.0, 0.22065054
26160.0, 0.22064897
26170.0, 0.22064742
26180.0, 0.22064587
26190.0, 0.22064433
26200.0, 0.22064278
26210.0, 0.22064124
26220.0, 0.22063968
26230.0, 0.22063816
26240.0, 0.22063664
26250.0, 0.2206351
26260.0, 0.22063357
26270.0, 0.22063203
26280.0, 0.22063051
26290.0, 0.220629
26300.0, 0.22062749
26310.0, 0.22062598
26320.0, 0.22062446
26330.0, 0.22062296
26340.0, 0.22062145
26350.0, 0.22061996
26360.0, 0.22061846
26370.0, 0.22061697
26380.0, 0.22061548
26390.0, 0.22061399
26400.0, 0.22061251
26410.0, 0.22061102
26420.0, 0.22060955
26430.0, 0.22060807
26440.0, 0.2206066
26450.0, 0.2206051
26460.0, 0.22060364
26470.0, 0.22060218
26480.0, 0.22060072
26490.0, 0.22059926
26500.0, 0.22059782
26510.0, 0.22059636
26520.0, 0.2205949
26530.0, 0.22059347
26540.0, 0.220592
26550.0, 0.22059058
26560.0, 0.22058913
26570.0, 0.2205877
26580.0, 0.22058627
26590.0, 0.22058484
26600.0, 0.2205834
26610.0, 0.220582
26620.0, 0.22058056
26630.0, 0.22057915
26640.0, 0.22057773
26650.0, 0.22057632
26660.0, 0.2205749
26670.0, 0.2205735
26680.0, 0.2205721
26690.0, 0.2205707
26700.0, 0.2205693
26710.0, 0.2205679
26720.0, 0.22056651
26730.0, 0.22056511
26740.0, 0.22056372
26750.0, 0.22056234
26760.0, 0.22056095
26770.0, 0.22055958
26780.0, 0.22055821
26790.0, 0.22055683
26800.0, 0.22055545
26810.0, 0.22055408
26820.0, 0.22055273
26830.0, 0.22055137
26840.0, 0.22054999
26850.0, 0.22054864
26860.0, 0.22054729
26870.0, 0.22054593
26880.0, 0.22054459
26890.0, 0.22054324
26900.0, 0.22054188
26910.0, 0.22054055
26920.0, 0.22053921
26930.0, 0.22053789
26940.0, 0.22053654
26950.0, 0.22053522
26960.0, 0.22053389
26970.0, 0.22053255
26980.0, 0.22053123
26990.0, 0.22052991
27000.0, 0.2205286
27010.0, 0.22052729
27020.0, 0.22052597
27030.0, 0.22052467
27040.0, 0.22052336
27050.0, 0.22052205
27060.0, 0.22052075
27070.0, 0.22051944
27080.0, 0.22051816
27090.0, 0.22051686
27100.0, 0.22051558
27110.0, 0.22051427
27120.0, 0.22051299
27130.0, 0.2205117
27140.0, 0.22051042
27150.0, 0.22050916
27160.0, 0.22050786
27170.0, 0.2205066
27180.0, 0.22050534
27190.0, 0.22050406
27200.0, 0.2205028
27210.0, 0.22050153
27220.0, 0.22050028
27230.0, 0.22049901
27240.0, 0.22049776
27250.0, 0.22049649
27260.0, 0.22049524
27270.0, 0.22049399
27280.0, 0.22049275
27290.0, 0.22049151
27300.0, 0.22049026
27310.0, 0.22048903
27320.0, 0.22048779
27330.0, 0.22048657
27340.0, 0.22048533
27350.0, 0.22048411
27360.0, 0.22048287
27370.0, 0.22048165
27380.0, 0.22048043
27390.0, 0.22047919
27400.0, 0.22047798
27410.0, 0.22047678
27420.0, 0.22047555
27430.0, 0.22047436
27440.0, 0.22047316
27450.0, 0.22047195
27460.0, 0.22047074
27470.0, 0.22046955
27480.0, 0.22046834
27490.0, 0.22046715
27500.0, 0.22046596
27510.0, 0.22046477
27520.0, 0.22046357
27530.0, 0.2204624
27540.0, 0.2204612
27550.0, 0.22046004
27560.0, 0.22045884
27570.0, 0.22045767
27580.0, 0.22045651
27590.0, 0.22045533
27600.0, 0.22045416
27610.0, 0.220453
27620.0, 0.22045183
27630.0, 0.22045068
27640.0, 0.2204495
27650.0, 0.22044834
27660.0, 0.2204472
27670.0, 0.22044605
27680.0, 0.22044489
27690.0, 0.22044374
27700.0, 0.22044261
27710.0, 0.22044146
27720.0, 0.22044031
27730.0, 0.22043917
27740.0, 0.22043805
27750.0, 0.2204369
27760.0, 0.22043577
27770.0, 0.22043464
27780.0, 0.2204335
27790.0, 0.22043239
27800.0, 0.22043127
27810.0, 0.22043015
27820.0, 0.22042903
27830.0, 0.22042792
27840.0, 0.2204268
27850.0, 0.22042568
27860.0, 0.22042458
27870.0, 0.22042347
27880.0, 0.22042234
27890.0, 0.22042125
27900.0, 0.22042015
27910.0, 0.22041905
27920.0, 0.22041796
27930.0, 0.22041687
27940.0, 0.22041577
27950.0, 0.22041468
27960.0, 0.22041358
27970.0, 0.22041251
27980.0, 0.22041142
27990.0, 0.22041035
28000.0, 0.22040927
28010.0, 0.22040819
28020.0, 0.22040711
28030.0, 0.22040604
28040.0, 0.22040498
28050.0, 0.22040391
28060.0, 0.22040282
28070.0, 0.22040176
28080.0, 0.22040072
28090.0, 0.22039965
28100.0, 0.22039859
28110.0, 0.22039753
28120.0, 0.22039649
28130.0, 0.22039543
28140.0, 0.22039437
28150.0, 0.22039333
28160.0, 0.22039229
28170.0, 0.22039124
28180.0, 0.2203902
28190.0, 0.22038916
28200.0, 0.22038811
28210.0, 0.22038709
28220.0, 0.22038606
28230.0, 0.22038503
28240.0, 0.220384
28250.0, 0.22038297
28260.0, 0.22038196
28270.0, 0.22038092
28280.0, 0.2203799
28290.0, 0.22037889
28300.0, 0.22037786
28310.0, 0.22037685
28320.0, 0.22037585
28330.0, 0.22037484
28340.0, 0.22037382
28350.0, 0.22037283
28360.0, 0.22037181
28370.0, 0.22037081
28380.0, 0.2203698
28390.0, 0.22036882
28400.0, 0.22036782
28410.0, 0.22036682
28420.0, 0.22036584
28430.0, 0.22036484
28440.0, 0.22036386
28450.0, 0.22036286
28460.0, 0.22036187
28470.0, 0.2203609
28480.0, 0.2203599
28490.0, 0.22035892
28500.0, 0.22035797
28510.0, 0.220357
28520.0, 0.22035602
28530.0, 0.22035505
28540.0, 0.22035408
28550.0, 0.2203531
28560.0, 0.22035213
28570.0, 0.22035119
28580.0, 0.22035022
28590.0, 0.22034925
28600.0, 0.2203483
28610.0, 0.22034734
28620.0, 0.22034639
28630.0, 0.22034545
28640.0, 0.2203445
28650.0, 0.22034355
28660.0, 0.22034259
28670.0, 0.22034164
28680.0, 0.2203407
28690.0, 0.22033978
28700.0, 0.22033884
28710.0, 0.22033788
28720.0, 0.22033696
28730.0, 0.22033602
28740.0, 0.22033511
28750.0, 0.22033416
28760.0, 0.22033323
28770.0, 0.22033232
28780.0, 0.22033139
28790.0, 0.22033048
28800.0, 0.22032954
28810.0, 0.22032863
28820.0, 0.22032772
28830.0, 0.2203268
28840.0, 0.22032589
28850.0, 0.22032496
28860.0, 0.22032408
28870.0, 0.22032316
28880.0, 0.22032225
28890.0, 0.22032136
28900.0, 0.22032045
28910.0, 0.22031955
28920.0, 0.22031865
28930.0, 0.22031775
28940.0, 0.22031684
28950.0, 0.22031596
28960.0, 0.22031507
28970.0, 0.22031417
28980.0, 0.2203133
28990.0, 0.22031242
29000.0, 0.22031154
29010.0, 0.22031066
29020.0, 0.22030978
29030.0, 0.22030888
29040.0, 0.220308
29050.0, 0.22030713
29060.0, 0.22030626
29070.0, 0.22030538
29080.0, 0.22030452
29090.0, 0.22030365
29100.0, 0.22030278
29110.0, 0.22030193
29120.0, 0.22030105
29130.0, 0.2203002
29140.0, 0.22029935
29150.0, 0.22029848
29160.0, 0.22029763
29170.0, 0.22029677
29180.0, 0.2202959
29190.0, 0.22029507
29200.0, 0.2202942
29210.0, 0.22029337
29220.0, 0.22029252
29230.0, 0.22029167
29240.0, 0.22029084
29250.0, 0.22029
29260.0, 0.22028916
29270.0, 0.22028832
29280.0, 0.22028749
29290.0, 0.22028665
29300.0, 0.22028582
29310.0, 0.22028498
29320.0, 0.22028416
29330.0, 0.22028331
29340.0, 0.22028251
29350.0, 0.22028168
29360.0, 0.22028087
29370.0, 0.22028004
29380.0, 0.22027923
29390.0, 0.22027841
29400.0, 0.22027758
29410.0, 0.22027677
29420.0, 0.22027595
29430.0, 0.22027513
29440.0, 0.22027434
29450.0, 0.22027352
29460.0, 0.22027272
29470.0, 0.22027193
29480.0, 0.22027111
29490.0, 0.2202703
29500.0, 0.22026952
29510.0, 0.2202687
29520.0, 0.22026792
29530.0, 0.22026713
29540.0, 0.22026634
29550.0, 0.22026554
29560.0, 0.22026475
29570.0, 0.22026396
29580.0, 0.22026317
29590.0, 0.22026238
29600.0, 0.2202616
29610.0, 0.22026081
29620.0, 0.22026004
29630.0, 0.22025925
29640.0, 0.22025849
29650.0, 0.2202577
29660.0, 0.22025694
29670.0, 0.22025616
29680.0, 0.22025539
29690.0, 0.2202546
29700.0, 0.22025384
29710.0, 0.22025308
29720.0, 0.2202523
29730.0, 0.22025156
29740.0, 0.22025079
29750.0, 0.22025003
29760.0, 0.22024927
29770.0, 0.22024852
29780.0, 0.22024776
29790.0, 0.220247
29800.0, 0.22024626
29810.0, 0.2202455
29820.0, 0.22024474
29830.0, 0.22024399
29840.0, 0.22024325
29850.0, 0.2202425
29860.0, 0.22024176
29870.0, 0.22024101
29880.0, 0.22024028
29890.0, 0.22023953
29900.0, 0.22023879
29910.0, 0.22023806
29920.0, 0.22023733
29930.0, 0.22023658
29940.0, 0.22023585
29950.0, 0.22023512
29960.0, 0.2202344
29970.0, 0.22023368
29980.0, 0.22023293
29990.0, 0.2202322
30000.0, 0.22023149
