Energy (in eV), backscattering yield of material bk2k-NASCAP at incidence 0.0 degree
   X,       Y
0.0, 0.0
10.0, 0.0
20.0, 0.0
30.0, 0.0
40.0, 0.0
50.0, 0.0
60.0, 0.009372125
70.0, 0.017273966
80.0, 0.024098353
90.0, 0.030098824
100.0, 0.035448626
110.0, 0.040271394
120.0, 0.044658486
130.0, 0.048679315
140.0, 0.0523879
150.0, 0.05582707
160.0, 0.059031375
170.0, 0.06202911
180.0, 0.0648437
190.0, 0.0674948
200.0, 0.06999908
210.0, 0.0723707
220.0, 0.074621946
230.0, 0.07676338
240.0, 0.0788043
250.0, 0.08075281
260.0, 0.08261609
270.0, 0.08440052
280.0, 0.086111784
290.0, 0.08775496
300.0, 0.08933461
310.0, 0.09085486
320.0, 0.092319444
330.0, 0.09373175
340.0, 0.0950949
350.0, 0.09641165
360.0, 0.097684644
370.0, 0.09891623
380.0, 0.1001086
390.0, 0.101263754
400.0, 0.10238359
410.0, 0.10346981
420.0, 0.10452404
430.0, 0.10554775
440.0, 0.10654232
450.0, 0.10750909
460.0, 0.10844922
470.0, 0.109363884
480.0, 0.110254146
490.0, 0.11112099
500.0, 0.11196535
510.0, 0.112788126
520.0, 0.113590136
530.0, 0.11437218
540.0, 0.11513497
550.0, 0.11587924
560.0, 0.11660566
570.0, 0.117314816
580.0, 0.118007354
590.0, 0.118683815
600.0, 0.11934473
610.0, 0.119990624
620.0, 0.12062199
630.0, 0.12123929
640.0, 0.12184294
650.0, 0.12243341
660.0, 0.12301107
670.0, 0.123576306
680.0, 0.1241295
690.0, 0.124671
700.0, 0.12520114
710.0, 0.12572023
720.0, 0.12622862
730.0, 0.12672655
740.0, 0.12721437
750.0, 0.12769231
760.0, 0.12816064
770.0, 0.12861961
780.0, 0.12906949
790.0, 0.1295105
800.0, 0.12994285
810.0, 0.13036679
820.0, 0.13078249
830.0, 0.13119017
840.0, 0.13159002
850.0, 0.13198225
860.0, 0.13236703
870.0, 0.1327445
880.0, 0.13311489
890.0, 0.13347833
900.0, 0.13383499
910.0, 0.13418499
920.0, 0.13452853
930.0, 0.13486572
940.0, 0.13519669
950.0, 0.1355216
960.0, 0.1358406
970.0, 0.13615377
980.0, 0.13646126
990.0, 0.13676316
1000.0, 0.13705961
1010.0, 0.13689603
1020.0, 0.13673279
1030.0, 0.13656986
1040.0, 0.13640724
1050.0, 0.13624497
1060.0, 0.136083
1070.0, 0.13592139
1080.0, 0.13576007
1090.0, 0.13559909
1100.0, 0.13543843
1110.0, 0.13527808
1120.0, 0.13511805
1130.0, 0.13495836
1140.0, 0.13479897
1150.0, 0.1346399
1160.0, 0.13448116
1170.0, 0.13432272
1180.0, 0.13416462
1190.0, 0.13400681
1200.0, 0.13384932
1210.0, 0.13369216
1220.0, 0.13353531
1230.0, 0.13337876
1240.0, 0.13322254
1250.0, 0.13306662
1260.0, 0.13291101
1270.0, 0.13275573
1280.0, 0.13260074
1290.0, 0.13244607
1300.0, 0.1322917
1310.0, 0.13213764
1320.0, 0.13198389
1330.0, 0.13183045
1340.0, 0.13167731
1350.0, 0.13152449
1360.0, 0.13137197
1370.0, 0.13121974
1380.0, 0.13106784
1390.0, 0.13091622
1400.0, 0.13076492
1410.0, 0.13061391
1420.0, 0.13046321
1430.0, 0.1303128
1440.0, 0.1301627
1450.0, 0.1300129
1460.0, 0.1298634
1470.0, 0.12971419
1480.0, 0.12956528
1490.0, 0.12941667
1500.0, 0.12926836
1510.0, 0.12912035
1520.0, 0.12897263
1530.0, 0.1288252
1540.0, 0.12867807
1550.0, 0.12853123
1560.0, 0.1283847
1570.0, 0.12823844
1580.0, 0.12809248
1590.0, 0.12794682
1600.0, 0.12780145
1610.0, 0.12765636
1620.0, 0.12751156
1630.0, 0.12736706
1640.0, 0.12722285
1650.0, 0.12707892
1660.0, 0.12693527
1670.0, 0.12679192
1680.0, 0.12664886
1690.0, 0.12650608
1700.0, 0.12636358
1710.0, 0.12622136
1720.0, 0.12607944
1730.0, 0.12593779
1740.0, 0.12579644
1750.0, 0.12565535
1760.0, 0.12551455
1770.0, 0.12537403
1780.0, 0.1252338
1790.0, 0.12509385
1800.0, 0.12495418
1810.0, 0.12481478
1820.0, 0.12467566
1830.0, 0.12453683
1840.0, 0.12439826
1850.0, 0.12425998
1860.0, 0.12412197
1870.0, 0.12398423
1880.0, 0.12384678
1890.0, 0.1237096
1900.0, 0.123572685
1910.0, 0.12343605
1920.0, 0.12329969
1930.0, 0.123163596
1940.0, 0.12302778
1950.0, 0.12289223
1960.0, 0.12275696
1970.0, 0.122621946
1980.0, 0.12248721
1990.0, 0.12235275
2000.0, 0.12221855
2010.0, 0.12208462
2020.0, 0.121950954
2030.0, 0.12181756
2040.0, 0.12168443
2050.0, 0.121551566
2060.0, 0.12141897
2070.0, 0.12128664
2080.0, 0.12115457
2090.0, 0.12102277
2100.0, 0.12089123
2110.0, 0.12075995
2120.0, 0.12062893
2130.0, 0.12049818
2140.0, 0.12036768
2150.0, 0.120237455
2160.0, 0.12010748
2170.0, 0.11997777
2180.0, 0.11984832
2190.0, 0.119719125
2200.0, 0.119590186
2210.0, 0.11946151
2220.0, 0.11933309
2230.0, 0.11920492
2240.0, 0.11907701
2250.0, 0.11894936
2260.0, 0.11882196
2270.0, 0.11869482
2280.0, 0.11856793
2290.0, 0.11844129
2300.0, 0.11831491
2310.0, 0.118188776
2320.0, 0.1180629
2330.0, 0.117937274
2340.0, 0.117811896
2350.0, 0.11768677
2360.0, 0.11756189
2370.0, 0.117437266
2380.0, 0.11731289
2390.0, 0.11718877
2400.0, 0.117064886
2410.0, 0.11694125
2420.0, 0.11681786
2430.0, 0.116694726
2440.0, 0.11657183
2450.0, 0.116449185
2460.0, 0.11632678
2470.0, 0.11620462
2480.0, 0.116082706
2490.0, 0.11596104
2500.0, 0.11583961
2510.0, 0.115718424
2520.0, 0.11559748
2530.0, 0.11547678
2540.0, 0.11535632
2550.0, 0.1152361
2560.0, 0.11511612
2570.0, 0.11499638
2580.0, 0.11487688
2590.0, 0.11475762
2600.0, 0.1146386
2610.0, 0.11451981
2620.0, 0.114401266
2630.0, 0.11428295
2640.0, 0.11416488
2650.0, 0.11404704
2660.0, 0.113929436
2670.0, 0.11381207
2680.0, 0.113694936
2690.0, 0.11357804
2700.0, 0.11346137
2710.0, 0.11334494
2720.0, 0.11322874
2730.0, 0.11311277
2740.0, 0.11299703
2750.0, 0.11288153
2760.0, 0.11276625
2770.0, 0.11265121
2780.0, 0.11253639
2790.0, 0.1124218
2800.0, 0.11230745
2810.0, 0.11219332
2820.0, 0.11207942
2830.0, 0.11196575
2840.0, 0.1118523
2850.0, 0.111739084
2860.0, 0.111626096
2870.0, 0.11151333
2880.0, 0.11140079
2890.0, 0.11128847
2900.0, 0.11117638
2910.0, 0.111064516
2920.0, 0.11095287
2930.0, 0.110841446
2940.0, 0.110730246
2950.0, 0.11061927
2960.0, 0.11050852
2970.0, 0.11039799
2980.0, 0.110287674
2990.0, 0.11017758
3000.0, 0.11006771
3010.0, 0.10995805
3020.0, 0.10984862
3030.0, 0.10973941
3040.0, 0.109630406
3050.0, 0.10952163
3060.0, 0.10941307
3070.0, 0.109304726
3080.0, 0.109196596
3090.0, 0.10908868
3100.0, 0.10898099
3110.0, 0.10887351
3120.0, 0.10876624
3130.0, 0.108659185
3140.0, 0.10855235
3150.0, 0.10844573
3160.0, 0.10833931
3170.0, 0.10823311
3180.0, 0.108127125
3190.0, 0.10802135
3200.0, 0.10791579
3210.0, 0.10781043
3220.0, 0.10770529
3230.0, 0.10760036
3240.0, 0.107495636
3250.0, 0.10739112
3260.0, 0.10728682
3270.0, 0.10718272
3280.0, 0.10707883
3290.0, 0.10697515
3300.0, 0.10687168
3310.0, 0.10676841
3320.0, 0.10666535
3330.0, 0.106562495
3340.0, 0.10645985
3350.0, 0.1063574
3360.0, 0.10625516
3370.0, 0.10615312
3380.0, 0.106051296
3390.0, 0.10594967
3400.0, 0.105848245
3410.0, 0.10574702
3420.0, 0.105646
3430.0, 0.105545186
3440.0, 0.105444565
3450.0, 0.105344154
3460.0, 0.105243936
3470.0, 0.10514392
3480.0, 0.105044104
3490.0, 0.10494449
3500.0, 0.10484508
3510.0, 0.10474586
3520.0, 0.10464684
3530.0, 0.104548015
3540.0, 0.10444939
3550.0, 0.10435096
3560.0, 0.10425273
3570.0, 0.1041547
3580.0, 0.10405686
3590.0, 0.10395922
3600.0, 0.10386177
3610.0, 0.10376452
3620.0, 0.10366746
3630.0, 0.103570595
3640.0, 0.103473924
3650.0, 0.10337744
3660.0, 0.103281155
3670.0, 0.103185065
3680.0, 0.10308916
3690.0, 0.10299345
3700.0, 0.102897935
3710.0, 0.102802604
3720.0, 0.10270747
3730.0, 0.102612525
3740.0, 0.10251777
3750.0, 0.1024232
3760.0, 0.10232882
3770.0, 0.10223463
3780.0, 0.10214063
3790.0, 0.10204681
3800.0, 0.101953186
3810.0, 0.10185975
3820.0, 0.1017665
3830.0, 0.101673424
3840.0, 0.101580545
3850.0, 0.10148785
3860.0, 0.10139534
3870.0, 0.10130302
3880.0, 0.10121088
3890.0, 0.101118915
3900.0, 0.101027146
3910.0, 0.100935556
3920.0, 0.10084415
3930.0, 0.10075293
3940.0, 0.10066188
3950.0, 0.10057102
3960.0, 0.10048035
3970.0, 0.100389846
3980.0, 0.10029953
3990.0, 0.10020939
4000.0, 0.10011944
4010.0, 0.10002966
4020.0, 0.09994007
4030.0, 0.09985065
4040.0, 0.09976141
4050.0, 0.09967235
4060.0, 0.09958347
4070.0, 0.09949476
4080.0, 0.099406235
4090.0, 0.099317886
4100.0, 0.09922971
4110.0, 0.09914171
4120.0, 0.09905389
4130.0, 0.09896624
4140.0, 0.09887877
4150.0, 0.09879147
4160.0, 0.09870435
4170.0, 0.0986174
4180.0, 0.09853063
4190.0, 0.09844402
4200.0, 0.098357596
4210.0, 0.09827134
4220.0, 0.098185256
4230.0, 0.09809934
4240.0, 0.0980136
4250.0, 0.09792804
4260.0, 0.09784264
4270.0, 0.097757414
4280.0, 0.09767236
4290.0, 0.097587466
4300.0, 0.09750275
4310.0, 0.097418204
4320.0, 0.097333826
4330.0, 0.09724961
4340.0, 0.09716557
4350.0, 0.0970817
4360.0, 0.09699799
4370.0, 0.096914455
4380.0, 0.09683108
4390.0, 0.096747875
4400.0, 0.09666483
4410.0, 0.09658196
4420.0, 0.09649925
4430.0, 0.09641671
4440.0, 0.09633433
4450.0, 0.09625212
4460.0, 0.09617007
4470.0, 0.096088186
4480.0, 0.09600646
4490.0, 0.09592491
4500.0, 0.09584351
4510.0, 0.095762275
4520.0, 0.095681205
4530.0, 0.0956003
4540.0, 0.09551955
4550.0, 0.095438965
4560.0, 0.09535854
4570.0, 0.09527828
4580.0, 0.09519818
4590.0, 0.09511823
4600.0, 0.09503845
4610.0, 0.09495883
4620.0, 0.09487936
4630.0, 0.094800055
4640.0, 0.09472091
4650.0, 0.09464192
4660.0, 0.09456308
4670.0, 0.09448441
4680.0, 0.09440589
4690.0, 0.09432753
4700.0, 0.09424933
4710.0, 0.09417128
4720.0, 0.09409339
4730.0, 0.09401565
4740.0, 0.093938075
4750.0, 0.09386065
4760.0, 0.09378338
4770.0, 0.09370626
4780.0, 0.09362929
4790.0, 0.093552485
4800.0, 0.09347583
4810.0, 0.09339933
4820.0, 0.09332298
4830.0, 0.09324679
4840.0, 0.09317074
4850.0, 0.09309485
4860.0, 0.093019105
4870.0, 0.09294352
4880.0, 0.09286808
4890.0, 0.092792794
4900.0, 0.092717655
4910.0, 0.092642665
4920.0, 0.09256783
4930.0, 0.09249314
4940.0, 0.0924186
4950.0, 0.09234421
4960.0, 0.09226997
4970.0, 0.092195876
4980.0, 0.09212194
4990.0, 0.09204814
5000.0, 0.09197449
5010.0, 0.09190098
5020.0, 0.09182763
5030.0, 0.09175442
5040.0, 0.09168136
5050.0, 0.09160844
5060.0, 0.09153567
5070.0, 0.091463044
5080.0, 0.091390565
5090.0, 0.09131823
5100.0, 0.09124604
5110.0, 0.09117399
5120.0, 0.091102086
5130.0, 0.09103033
5140.0, 0.090958714
5150.0, 0.09088724
5160.0, 0.09081591
5170.0, 0.09074472
5180.0, 0.09067368
5190.0, 0.09060277
5200.0, 0.09053201
5210.0, 0.09046139
5220.0, 0.09039091
5230.0, 0.09032057
5240.0, 0.09025037
5250.0, 0.090180315
5260.0, 0.0901104
5270.0, 0.090040624
5280.0, 0.08997098
5290.0, 0.089901485
5300.0, 0.08983213
5310.0, 0.089762904
5320.0, 0.08969382
5330.0, 0.089624874
5340.0, 0.08955607
5350.0, 0.089487396
5360.0, 0.089418866
5370.0, 0.08935047
5380.0, 0.08928221
5390.0, 0.08921409
5400.0, 0.08914609
5410.0, 0.08907825
5420.0, 0.08901053
5430.0, 0.08894295
5440.0, 0.0888755
5450.0, 0.088808194
5460.0, 0.08874102
5470.0, 0.08867397
5480.0, 0.088607065
5490.0, 0.08854029
5500.0, 0.088473655
5510.0, 0.088407144
5520.0, 0.08834077
5530.0, 0.08827452
5540.0, 0.088208415
5550.0, 0.08814244
5560.0, 0.08807659
5570.0, 0.08801088
5580.0, 0.0879453
5590.0, 0.087879844
5600.0, 0.087814525
5610.0, 0.08774933
5620.0, 0.08768427
5630.0, 0.08761934
5640.0, 0.087554544
5650.0, 0.087489866
5660.0, 0.08742533
5670.0, 0.08736091
5680.0, 0.08729663
5690.0, 0.08723247
5700.0, 0.08716845
5710.0, 0.087104544
5720.0, 0.087040775
5730.0, 0.08697713
5740.0, 0.08691361
5750.0, 0.08685022
5760.0, 0.086786956
5770.0, 0.08672382
5780.0, 0.08666081
5790.0, 0.08659792
5800.0, 0.08653516
5810.0, 0.086472526
5820.0, 0.086410016
5830.0, 0.08634763
5840.0, 0.086285375
5850.0, 0.08622324
5860.0, 0.086161226
5870.0, 0.08609934
5880.0, 0.086037576
5890.0, 0.08597594
5900.0, 0.08591442
5910.0, 0.085853025
5920.0, 0.08579175
5930.0, 0.085730605
5940.0, 0.08566958
5950.0, 0.08560867
5960.0, 0.08554789
5970.0, 0.085487224
5980.0, 0.08542668
5990.0, 0.085366264
6000.0, 0.08530597
6010.0, 0.08524579
6020.0, 0.08518573
6030.0, 0.08512579
6040.0, 0.08506597
6050.0, 0.085006274
6060.0, 0.08494669
6070.0, 0.08488723
6080.0, 0.08482789
6090.0, 0.08476867
6100.0, 0.08470956
6110.0, 0.084650576
6120.0, 0.0845917
6130.0, 0.084532954
6140.0, 0.08447432
6150.0, 0.0844158
6160.0, 0.0843574
6170.0, 0.08429912
6180.0, 0.08424095
6190.0, 0.0841829
6200.0, 0.08412497
6210.0, 0.08406714
6220.0, 0.084009446
6230.0, 0.08395185
6240.0, 0.08389438
6250.0, 0.083837025
6260.0, 0.08377978
6270.0, 0.08372265
6280.0, 0.08366563
6290.0, 0.08360873
6300.0, 0.08355194
6310.0, 0.083495274
6320.0, 0.08343871
6330.0, 0.083382264
6340.0, 0.08332593
6350.0, 0.08326971
6360.0, 0.0832136
6370.0, 0.0831576
6380.0, 0.08310171
6390.0, 0.08304594
6400.0, 0.082990274
6410.0, 0.08293472
6420.0, 0.08287928
6430.0, 0.08282395
6440.0, 0.08276873
6450.0, 0.08271362
6460.0, 0.082658626
6470.0, 0.08260373
6480.0, 0.08254895
6490.0, 0.08249428
6500.0, 0.08243972
6510.0, 0.08238527
6520.0, 0.08233093
6530.0, 0.082276694
6540.0, 0.082222566
6550.0, 0.08216855
6560.0, 0.08211464
6570.0, 0.082060836
6580.0, 0.08200714
6590.0, 0.081953555
6600.0, 0.081900075
6610.0, 0.0818467
6620.0, 0.081793435
6630.0, 0.081740275
6640.0, 0.08168722
6650.0, 0.08163427
6660.0, 0.08158143
6670.0, 0.08152869
6680.0, 0.081476055
6690.0, 0.08142353
6700.0, 0.08137111
6710.0, 0.081318796
6720.0, 0.08126658
6730.0, 0.08121447
6740.0, 0.08116247
6750.0, 0.08111057
6760.0, 0.08105877
6770.0, 0.08100708
6780.0, 0.08095549
6790.0, 0.08090401
6800.0, 0.08085262
6810.0, 0.08080134
6820.0, 0.08075016
6830.0, 0.080699086
6840.0, 0.08064811
6850.0, 0.08059724
6860.0, 0.08054647
6870.0, 0.0804958
6880.0, 0.08044523
6890.0, 0.08039477
6900.0, 0.0803444
6910.0, 0.08029413
6920.0, 0.08024397
6930.0, 0.08019391
6940.0, 0.080143936
6950.0, 0.08009408
6960.0, 0.08004431
6970.0, 0.07999464
6980.0, 0.07994508
6990.0, 0.07989561
7000.0, 0.07984624
7010.0, 0.07979697
7020.0, 0.079747796
7030.0, 0.07969873
7040.0, 0.07964975
7050.0, 0.07960087
7060.0, 0.07955209
7070.0, 0.07950341
7080.0, 0.079454824
7090.0, 0.079406336
7100.0, 0.079357944
7110.0, 0.07930965
7120.0, 0.07926145
7130.0, 0.07921335
7140.0, 0.07916535
7150.0, 0.07911743
7160.0, 0.07906962
7170.0, 0.0790219
7180.0, 0.07897428
7190.0, 0.07892675
7200.0, 0.07887932
7210.0, 0.07883198
7220.0, 0.078784734
7230.0, 0.07873759
7240.0, 0.07869054
7250.0, 0.078643575
7260.0, 0.0785967
7270.0, 0.07854993
7280.0, 0.07850325
7290.0, 0.07845666
7300.0, 0.07841017
7310.0, 0.07836377
7320.0, 0.07831746
7330.0, 0.07827125
7340.0, 0.07822512
7350.0, 0.07817909
7360.0, 0.07813315
7370.0, 0.07808731
7380.0, 0.07804155
7390.0, 0.07799589
7400.0, 0.07795031
7410.0, 0.07790483
7420.0, 0.07785944
7430.0, 0.07781414
7440.0, 0.07776893
7450.0, 0.07772381
7460.0, 0.07767878
7470.0, 0.07763384
7480.0, 0.07758899
7490.0, 0.07754423
7500.0, 0.07749956
7510.0, 0.07745498
7520.0, 0.07741049
7530.0, 0.077366084
7540.0, 0.07732177
7550.0, 0.07727754
7560.0, 0.077233404
7570.0, 0.077189356
7580.0, 0.07714539
7590.0, 0.07710152
7600.0, 0.077057734
7610.0, 0.07701404
7620.0, 0.07697042
7630.0, 0.076926894
7640.0, 0.07688346
7650.0, 0.07684011
7660.0, 0.076796845
7670.0, 0.07675367
7680.0, 0.076710574
7690.0, 0.07666757
7700.0, 0.076624654
7710.0, 0.07658182
7720.0, 0.07653907
7730.0, 0.07649641
7740.0, 0.076453835
7750.0, 0.076411344
7760.0, 0.076368935
7770.0, 0.07632661
7780.0, 0.07628437
7790.0, 0.07624222
7800.0, 0.07620015
7810.0, 0.076158166
7820.0, 0.076116264
7830.0, 0.076074444
7840.0, 0.07603271
7850.0, 0.075991064
7860.0, 0.0759495
7870.0, 0.07590801
7880.0, 0.07586661
7890.0, 0.07582529
7900.0, 0.07578405
7910.0, 0.0757429
7920.0, 0.075701825
7930.0, 0.07566084
7940.0, 0.07561993
7950.0, 0.07557911
7960.0, 0.07553836
7970.0, 0.075497694
7980.0, 0.07545712
7990.0, 0.07541662
8000.0, 0.0753762
8010.0, 0.07533585
8020.0, 0.0752956
8030.0, 0.075255424
8040.0, 0.075215325
8050.0, 0.07517531
8060.0, 0.075135365
8070.0, 0.07509551
8080.0, 0.07505573
8090.0, 0.07501603
8100.0, 0.074976414
8110.0, 0.074936874
8120.0, 0.07489741
8130.0, 0.07485803
8140.0, 0.07481872
8150.0, 0.0747795
8160.0, 0.07474036
8170.0, 0.07470129
8180.0, 0.0746623
8190.0, 0.07462338
8200.0, 0.07458455
8210.0, 0.07454579
8220.0, 0.07450711
8230.0, 0.07446851
8240.0, 0.07442998
8250.0, 0.07439154
8260.0, 0.074353166
8270.0, 0.07431487
8280.0, 0.07427665
8290.0, 0.07423851
8300.0, 0.074200444
8310.0, 0.07416245
8320.0, 0.07412454
8330.0, 0.0740867
8340.0, 0.07404894
8350.0, 0.07401125
8360.0, 0.07397364
8370.0, 0.073936105
8380.0, 0.07389864
8390.0, 0.073861256
8400.0, 0.073823944
8410.0, 0.073786706
8420.0, 0.07374954
8430.0, 0.07371245
8440.0, 0.07367544
8450.0, 0.0736385
8460.0, 0.073601626
8470.0, 0.073564835
8480.0, 0.07352812
8490.0, 0.07349147
8500.0, 0.073454894
8510.0, 0.073418394
8520.0, 0.07338197
8530.0, 0.07334562
8540.0, 0.07330933
8550.0, 0.07327312
8560.0, 0.07323699
8570.0, 0.07320092
8580.0, 0.073164925
8590.0, 0.073129006
8600.0, 0.07309316
8610.0, 0.07305738
8620.0, 0.07302167
8630.0, 0.072986044
8640.0, 0.072950475
8650.0, 0.07291499
8660.0, 0.07287956
8670.0, 0.072844215
8680.0, 0.07280893
8690.0, 0.072773725
8700.0, 0.07273858
8710.0, 0.07270352
8720.0, 0.072668515
8730.0, 0.07263359
8740.0, 0.072598726
8750.0, 0.07256394
8760.0, 0.07252922
8770.0, 0.07249457
8780.0, 0.07245999
8790.0, 0.07242547
8800.0, 0.07239103
8810.0, 0.072356656
8820.0, 0.072322346
8830.0, 0.07228811
8840.0, 0.07225394
8850.0, 0.07221984
8860.0, 0.07218581
8870.0, 0.07215185
8880.0, 0.07211795
8890.0, 0.07208412
8900.0, 0.072050355
8910.0, 0.072016664
8920.0, 0.07198304
8930.0, 0.07194948
8940.0, 0.071915984
8950.0, 0.07188256
8960.0, 0.071849205
8970.0, 0.07181591
8980.0, 0.071782686
8990.0, 0.07174952
9000.0, 0.071716435
9010.0, 0.07168341
9020.0, 0.071650445
9030.0, 0.07161755
9040.0, 0.071584724
9050.0, 0.071551956
9060.0, 0.071519256
9070.0, 0.07148663
9080.0, 0.071454056
9090.0, 0.071421556
9100.0, 0.07138912
9110.0, 0.07135674
9120.0, 0.07132444
9130.0, 0.07129219
9140.0, 0.07126001
9150.0, 0.0712279
9160.0, 0.07119585
9170.0, 0.07116386
9180.0, 0.07113194
9190.0, 0.07110008
9200.0, 0.07106829
9210.0, 0.071036555
9220.0, 0.07100488
9230.0, 0.070973285
9240.0, 0.07094174
9250.0, 0.07091026
9260.0, 0.07087884
9270.0, 0.07084749
9280.0, 0.070816204
9290.0, 0.07078497
9300.0, 0.070753805
9310.0, 0.07072271
9320.0, 0.07069166
9330.0, 0.07066068
9340.0, 0.07062977
9350.0, 0.07059891
9360.0, 0.070568115
9370.0, 0.07053738
9380.0, 0.070506714
9390.0, 0.0704761
9400.0, 0.07044555
9410.0, 0.070415065
9420.0, 0.07038464
9430.0, 0.070354275
9440.0, 0.07032397
9450.0, 0.070293725
9460.0, 0.07026354
9470.0, 0.07023342
9480.0, 0.07020336
9490.0, 0.070173346
9500.0, 0.07014341
9510.0, 0.070113525
9520.0, 0.0700837
9530.0, 0.070053935
9540.0, 0.07002423
9550.0, 0.069994584
9560.0, 0.069965
9570.0, 0.06993547
9580.0, 0.069906
9590.0, 0.06987659
9600.0, 0.06984724
9610.0, 0.069817945
9620.0, 0.06978872
9630.0, 0.06975954
9640.0, 0.06973042
9650.0, 0.069701366
9660.0, 0.06967236
9670.0, 0.06964342
9680.0, 0.06961454
9690.0, 0.06958571
9700.0, 0.06955694
9710.0, 0.06952823
9720.0, 0.069499575
9730.0, 0.06947097
9740.0, 0.069442436
9750.0, 0.06941395
9760.0, 0.06938552
9770.0, 0.06935716
9780.0, 0.069328845
9790.0, 0.069300584
9800.0, 0.069272384
9810.0, 0.06924424
9820.0, 0.069216155
9830.0, 0.069188125
9840.0, 0.06916015
9850.0, 0.06913223
9860.0, 0.069104366
9870.0, 0.06907656
9880.0, 0.06904881
9890.0, 0.069021106
9900.0, 0.068993464
9910.0, 0.06896588
9920.0, 0.06893835
9930.0, 0.068910874
9940.0, 0.06888346
9950.0, 0.06885608
9960.0, 0.06882878
9970.0, 0.068801515
9980.0, 0.06877431
9990.0, 0.06874716
10000.0, 0.06872007
10010.0, 0.068693034
10020.0, 0.06866605
10030.0, 0.068639114
10040.0, 0.06861223
10050.0, 0.06858541
10060.0, 0.06855864
10070.0, 0.06853192
10080.0, 0.06850526
10090.0, 0.06847865
10100.0, 0.06845209
10110.0, 0.06842559
10120.0, 0.06839913
10130.0, 0.068372734
10140.0, 0.06834639
10150.0, 0.068320096
10160.0, 0.068293855
10170.0, 0.068267666
10180.0, 0.06824153
10190.0, 0.068215445
10200.0, 0.06818941
10210.0, 0.06816343
10220.0, 0.068137504
10230.0, 0.06811163
10240.0, 0.068085805
10250.0, 0.06806003
10260.0, 0.06803431
10270.0, 0.06800865
10280.0, 0.067983024
10290.0, 0.06795745
10300.0, 0.06793194
10310.0, 0.06790648
10320.0, 0.06788106
10330.0, 0.0678557
10340.0, 0.067830384
10350.0, 0.06780512
10360.0, 0.06777991
10370.0, 0.067754745
10380.0, 0.06772964
10390.0, 0.06770457
10400.0, 0.06767956
10410.0, 0.0676546
10420.0, 0.067629695
10430.0, 0.06760483
10440.0, 0.06758002
10450.0, 0.067555256
10460.0, 0.06753054
10470.0, 0.06750588
10480.0, 0.067481264
10490.0, 0.0674567
10500.0, 0.06743219
10510.0, 0.06740772
10520.0, 0.067383304
10530.0, 0.06735893
10540.0, 0.067334615
10550.0, 0.06731034
10560.0, 0.06728612
10570.0, 0.06726194
10580.0, 0.06723782
10590.0, 0.06721374
10600.0, 0.06718971
10610.0, 0.067165725
10620.0, 0.067141786
10630.0, 0.0671179
10640.0, 0.067094065
10650.0, 0.067070276
10660.0, 0.06704653
10670.0, 0.06702283
10680.0, 0.06699918
10690.0, 0.066975586
10700.0, 0.06695203
10710.0, 0.06692852
10720.0, 0.06690506
10730.0, 0.06688165
10740.0, 0.06685828
10750.0, 0.06683496
10760.0, 0.06681169
10770.0, 0.06678846
10780.0, 0.06676528
10790.0, 0.066742145
10800.0, 0.066719055
10810.0, 0.06669601
10820.0, 0.06667302
10830.0, 0.06665007
10840.0, 0.06662717
10850.0, 0.06660431
10860.0, 0.066581495
10870.0, 0.066558726
10880.0, 0.066536
10890.0, 0.06651333
10900.0, 0.066490695
10910.0, 0.06646811
10920.0, 0.06644557
10930.0, 0.06642307
10940.0, 0.066400625
10950.0, 0.06637822
10960.0, 0.066355854
10970.0, 0.06633354
10980.0, 0.06631127
10990.0, 0.066289045
11000.0, 0.06626686
11010.0, 0.06624472
11020.0, 0.06622262
11030.0, 0.06620058
11040.0, 0.06617857
11050.0, 0.06615661
11060.0, 0.06613469
11070.0, 0.06611282
11080.0, 0.066090986
11090.0, 0.0660692
11100.0, 0.06604745
11110.0, 0.06602576
11120.0, 0.0660041
11130.0, 0.06598248
11140.0, 0.065960914
11150.0, 0.06593939
11160.0, 0.0659179
11170.0, 0.06589646
11180.0, 0.06587506
11190.0, 0.06585371
11200.0, 0.06583239
11210.0, 0.06581112
11220.0, 0.06578989
11230.0, 0.06576871
11240.0, 0.06574757
11250.0, 0.06572647
11260.0, 0.0657054
11270.0, 0.06568439
11280.0, 0.06566341
11290.0, 0.06564248
11300.0, 0.06562159
11310.0, 0.065600745
11320.0, 0.065579936
11330.0, 0.06555917
11340.0, 0.06553844
11350.0, 0.06551776
11360.0, 0.06549712
11370.0, 0.06547652
11380.0, 0.06545596
11390.0, 0.06543544
11400.0, 0.065414965
11410.0, 0.06539453
11420.0, 0.065374136
11430.0, 0.06535378
11440.0, 0.06533346
11450.0, 0.06531319
11460.0, 0.065292954
11470.0, 0.06527276
11480.0, 0.06525261
11490.0, 0.0652325
11500.0, 0.06521243
11510.0, 0.065192394
11520.0, 0.065172404
11530.0, 0.06515245
11540.0, 0.06513254
11550.0, 0.065112665
11560.0, 0.06509284
11570.0, 0.06507304
11580.0, 0.06505329
11590.0, 0.06503358
11600.0, 0.0650139
11610.0, 0.06499427
11620.0, 0.06497467
11630.0, 0.064955115
11640.0, 0.064935595
11650.0, 0.06491612
11660.0, 0.06489668
11670.0, 0.06487728
11680.0, 0.064857915
11690.0, 0.064838596
11700.0, 0.064819306
11710.0, 0.06480006
11720.0, 0.06478085
11730.0, 0.06476168
11740.0, 0.06474255
11750.0, 0.06472346
11760.0, 0.0647044
11770.0, 0.06468539
11780.0, 0.06466641
11790.0, 0.064647466
11800.0, 0.064628564
11810.0, 0.0646097
11820.0, 0.06459087
11830.0, 0.06457208
11840.0, 0.06455333
11850.0, 0.06453462
11860.0, 0.06451594
11870.0, 0.0644973
11880.0, 0.064478695
11890.0, 0.06446013
11900.0, 0.0644416
11910.0, 0.06442311
11920.0, 0.06440465
11930.0, 0.06438623
11940.0, 0.06436785
11950.0, 0.06434951
11960.0, 0.0643312
11970.0, 0.064312935
11980.0, 0.064294696
11990.0, 0.0642765
12000.0, 0.06425834
12010.0, 0.06424021
12020.0, 0.06422213
12030.0, 0.064204074
12040.0, 0.06418605
12050.0, 0.06416807
12060.0, 0.064150125
12070.0, 0.06413222
12080.0, 0.06411435
12090.0, 0.06409651
12100.0, 0.0640787
12110.0, 0.06406094
12120.0, 0.06404321
12130.0, 0.064025514
12140.0, 0.06400785
12150.0, 0.06399023
12160.0, 0.06397264
12170.0, 0.06395508
12180.0, 0.06393756
12190.0, 0.06392008
12200.0, 0.06390263
12210.0, 0.06388521
12220.0, 0.06386784
12230.0, 0.06385049
12240.0, 0.06383318
12250.0, 0.0638159
12260.0, 0.06379866
12270.0, 0.063781455
12280.0, 0.06376428
12290.0, 0.063747145
12300.0, 0.06373004
12310.0, 0.06371297
12320.0, 0.06369593
12330.0, 0.06367893
12340.0, 0.06366196
12350.0, 0.06364503
12360.0, 0.06362813
12370.0, 0.06361126
12380.0, 0.06359443
12390.0, 0.06357763
12400.0, 0.063560866
12410.0, 0.06354413
12420.0, 0.063527435
12430.0, 0.06351077
12440.0, 0.06349414
12450.0, 0.06347754
12460.0, 0.063460976
12470.0, 0.06344444
12480.0, 0.06342794
12490.0, 0.063411474
12500.0, 0.063395046
12510.0, 0.06337864
12520.0, 0.06336228
12530.0, 0.06334594
12540.0, 0.06332964
12550.0, 0.063313365
12560.0, 0.06329713
12570.0, 0.063280925
12580.0, 0.06326475
12590.0, 0.06324861
12600.0, 0.063232504
12610.0, 0.063216425
12620.0, 0.063200384
12630.0, 0.06318437
12640.0, 0.06316839
12650.0, 0.06315245
12660.0, 0.06313653
12670.0, 0.06312065
12680.0, 0.06310479
12690.0, 0.063088976
12700.0, 0.06307318
12710.0, 0.06305742
12720.0, 0.0630417
12730.0, 0.063026
12740.0, 0.06301034
12750.0, 0.06299471
12760.0, 0.06297911
12770.0, 0.06296354
12780.0, 0.062948
12790.0, 0.06293249
12800.0, 0.06291702
12810.0, 0.06290157
12820.0, 0.062886156
12830.0, 0.06287077
12840.0, 0.06285542
12850.0, 0.0628401
12860.0, 0.06282481
12870.0, 0.06280954
12880.0, 0.06279431
12890.0, 0.06277911
12900.0, 0.062763944
12910.0, 0.062748805
12920.0, 0.062733695
12930.0, 0.062718615
12940.0, 0.062703565
12950.0, 0.062688544
12960.0, 0.06267356
12970.0, 0.0626586
12980.0, 0.06264367
12990.0, 0.06262877
13000.0, 0.062613904
13010.0, 0.06259906
13020.0, 0.06258425
13030.0, 0.06256947
13040.0, 0.06255472
13050.0, 0.062539995
13060.0, 0.0625253
13070.0, 0.06251064
13080.0, 0.06249601
13090.0, 0.062481403
13100.0, 0.06246683
13110.0, 0.062452283
13120.0, 0.062437765
13130.0, 0.062423278
13140.0, 0.06240882
13150.0, 0.062394388
13160.0, 0.06237999
13170.0, 0.062365618
13180.0, 0.06235127
13190.0, 0.062336955
13200.0, 0.06232267
13210.0, 0.062308412
13220.0, 0.06229418
13230.0, 0.06227998
13240.0, 0.06226581
13250.0, 0.062251665
13260.0, 0.06223755
13270.0, 0.06222346
13280.0, 0.0622094
13290.0, 0.062195368
13300.0, 0.062181365
13310.0, 0.06216739
13320.0, 0.062153444
13330.0, 0.062139522
13340.0, 0.06212563
13350.0, 0.062111765
13360.0, 0.06209793
13370.0, 0.06208412
13380.0, 0.06207034
13390.0, 0.062056586
13400.0, 0.06204286
13410.0, 0.06202916
13420.0, 0.06201549
13430.0, 0.062001843
13440.0, 0.061988227
13450.0, 0.061974637
13460.0, 0.061961073
13470.0, 0.06194754
13480.0, 0.06193403
13490.0, 0.06192055
13500.0, 0.061907094
13510.0, 0.061893668
13520.0, 0.06188027
13530.0, 0.06186689
13540.0, 0.061853547
13550.0, 0.061840225
13560.0, 0.06182693
13570.0, 0.061813664
13580.0, 0.06180042
13590.0, 0.061787207
13600.0, 0.06177402
13610.0, 0.061760858
13620.0, 0.061747722
13630.0, 0.061734613
13640.0, 0.06172153
13650.0, 0.061708473
13660.0, 0.06169544
13670.0, 0.061682437
13680.0, 0.061669458
13690.0, 0.061656505
13700.0, 0.061643578
13710.0, 0.061630677
13720.0, 0.061617803
13730.0, 0.06160495
13740.0, 0.061592128
13750.0, 0.061579328
13760.0, 0.061566558
13770.0, 0.06155381
13780.0, 0.061541088
13790.0, 0.061528392
13800.0, 0.06151572
13810.0, 0.061503075
13820.0, 0.061490454
13830.0, 0.06147786
13840.0, 0.06146529
13850.0, 0.061452743
13860.0, 0.061440226
13870.0, 0.06142773
13880.0, 0.06141526
13890.0, 0.061402813
13900.0, 0.061390392
13910.0, 0.061378
13920.0, 0.061365627
13930.0, 0.06135328
13940.0, 0.06134096
13950.0, 0.061328664
13960.0, 0.061316393
13970.0, 0.061304145
13980.0, 0.061291922
13990.0, 0.061279725
14000.0, 0.06126755
14010.0, 0.0612554
14020.0, 0.061243273
14030.0, 0.061231174
14040.0, 0.061219096
14050.0, 0.06120704
14060.0, 0.061195012
14070.0, 0.06118301
14080.0, 0.06117103
14090.0, 0.06115907
14100.0, 0.06114714
14110.0, 0.06113523
14120.0, 0.06112334
14130.0, 0.06111148
14140.0, 0.061099645
14150.0, 0.061087828
14160.0, 0.061076038
14170.0, 0.06106427
14180.0, 0.061052527
14190.0, 0.061040808
14200.0, 0.06102911
14210.0, 0.061017435
14220.0, 0.061005786
14230.0, 0.06099416
14240.0, 0.060982555
14250.0, 0.060970977
14260.0, 0.060959417
14270.0, 0.060947884
14280.0, 0.060936373
14290.0, 0.060924884
14300.0, 0.06091342
14310.0, 0.060901977
14320.0, 0.06089056
14330.0, 0.06087916
14340.0, 0.060867786
14350.0, 0.060856435
14360.0, 0.060845107
14370.0, 0.0608338
14380.0, 0.06082252
14390.0, 0.06081126
14400.0, 0.06080002
14410.0, 0.060788803
14420.0, 0.060777612
14430.0, 0.06076644
14440.0, 0.06075529
14450.0, 0.060744166
14460.0, 0.06073306
14470.0, 0.06072198
14480.0, 0.06071092
14490.0, 0.06069988
14500.0, 0.060688864
14510.0, 0.06067787
14520.0, 0.0606669
14530.0, 0.06065595
14540.0, 0.06064502
14550.0, 0.060634118
14560.0, 0.060623232
14570.0, 0.06061237
14580.0, 0.06060153
14590.0, 0.06059071
14600.0, 0.06057991
14610.0, 0.060569137
14620.0, 0.060558382
14630.0, 0.06054765
14640.0, 0.060536936
14650.0, 0.060526248
14660.0, 0.06051558
14670.0, 0.060504932
14680.0, 0.060494304
14690.0, 0.0604837
14700.0, 0.060473118
14710.0, 0.060462553
14720.0, 0.060452014
14730.0, 0.06044149
14740.0, 0.060430992
14750.0, 0.060420513
14760.0, 0.060410056
14770.0, 0.06039962
14780.0, 0.060389206
14790.0, 0.06037881
14800.0, 0.060368434
14810.0, 0.06035808
14820.0, 0.06034775
14830.0, 0.060337435
14840.0, 0.060327146
14850.0, 0.060316876
14860.0, 0.060306624
14870.0, 0.060296394
14880.0, 0.060286187
14890.0, 0.060275994
14900.0, 0.060265828
14910.0, 0.06025568
14920.0, 0.06024555
14930.0, 0.06023544
14940.0, 0.060225356
14950.0, 0.060215287
14960.0, 0.06020524
14970.0, 0.06019521
14980.0, 0.060185205
14990.0, 0.060175218
15000.0, 0.06016525
15010.0, 0.060155302
15020.0, 0.060145374
15030.0, 0.06013547
15040.0, 0.06012558
15050.0, 0.06011571
15060.0, 0.060105864
15070.0, 0.060096033
15080.0, 0.060086224
15090.0, 0.060076434
15100.0, 0.060066666
15110.0, 0.060056914
15120.0, 0.060047183
15130.0, 0.06003747
15140.0, 0.060027782
15150.0, 0.060018107
15160.0, 0.060008455
15170.0, 0.05999882
15180.0, 0.059989206
15190.0, 0.05997961
15200.0, 0.059970032
15210.0, 0.059960473
15220.0, 0.059950937
15230.0, 0.05994142
15240.0, 0.05993192
15250.0, 0.059922434
15260.0, 0.059912972
15270.0, 0.05990353
15280.0, 0.059894107
15290.0, 0.0598847
15300.0, 0.059875313
15310.0, 0.059865944
15320.0, 0.059856597
15330.0, 0.059847265
15340.0, 0.059837952
15350.0, 0.059828658
15360.0, 0.059819385
15370.0, 0.059810128
15380.0, 0.05980089
15390.0, 0.05979167
15400.0, 0.059782468
15410.0, 0.059773285
15420.0, 0.05976412
15430.0, 0.059754975
15440.0, 0.05974585
15450.0, 0.05973674
15460.0, 0.059727646
15470.0, 0.059718575
15480.0, 0.05970952
15490.0, 0.05970048
15500.0, 0.059691463
15510.0, 0.059682462
15520.0, 0.05967348
15530.0, 0.059664514
15540.0, 0.05965557
15550.0, 0.05964664
15560.0, 0.05963773
15570.0, 0.059628833
15580.0, 0.05961996
15590.0, 0.0596111
15600.0, 0.05960226
15610.0, 0.05959344
15620.0, 0.059584633
15630.0, 0.059575845
15640.0, 0.059567075
15650.0, 0.059558325
15660.0, 0.05954959
15670.0, 0.05954087
15680.0, 0.059532173
15690.0, 0.05952349
15700.0, 0.059514824
15710.0, 0.059506174
15720.0, 0.059497546
15730.0, 0.05948893
15740.0, 0.059480336
15750.0, 0.059471756
15760.0, 0.059463196
15770.0, 0.05945465
15780.0, 0.059446122
15790.0, 0.05943761
15800.0, 0.059429117
15810.0, 0.05942064
15820.0, 0.05941218
15830.0, 0.05940374
15840.0, 0.059395313
15850.0, 0.0593869
15860.0, 0.059378512
15870.0, 0.059370134
15880.0, 0.05936178
15890.0, 0.059353434
15900.0, 0.059345108
15910.0, 0.0593368
15920.0, 0.059328508
15930.0, 0.059320234
15940.0, 0.059311975
15950.0, 0.05930373
15960.0, 0.059295505
15970.0, 0.059287295
15980.0, 0.059279103
15990.0, 0.059270926
16000.0, 0.059262764
16010.0, 0.05925462
16020.0, 0.05924649
16030.0, 0.05923838
16040.0, 0.059230283
16050.0, 0.059222206
16060.0, 0.05921414
16070.0, 0.059206095
16080.0, 0.059198063
16090.0, 0.05919005
16100.0, 0.059182048
16110.0, 0.059174065
16120.0, 0.0591661
16130.0, 0.059158146
16140.0, 0.05915021
16150.0, 0.059142295
16160.0, 0.05913439
16170.0, 0.059126504
16180.0, 0.05911863
16190.0, 0.059110772
16200.0, 0.059102934
16210.0, 0.059095107
16220.0, 0.0590873
16230.0, 0.059079506
16240.0, 0.059071727
16250.0, 0.059063964
16260.0, 0.05905622
16270.0, 0.059048485
16280.0, 0.05904077
16290.0, 0.05903307
16300.0, 0.059025384
16310.0, 0.059017714
16320.0, 0.05901006
16330.0, 0.059002418
16340.0, 0.058994796
16350.0, 0.058987185
16360.0, 0.058979593
16370.0, 0.058972012
16380.0, 0.05896445
16390.0, 0.058956902
16400.0, 0.05894937
16410.0, 0.058941852
16420.0, 0.05893435
16430.0, 0.05892686
16440.0, 0.058919385
16450.0, 0.058911927
16460.0, 0.058904484
16470.0, 0.058897056
16480.0, 0.058889642
16490.0, 0.058882244
16500.0, 0.05887486
16510.0, 0.05886749
16520.0, 0.058860138
16530.0, 0.058852796
16540.0, 0.05884547
16550.0, 0.058838163
16560.0, 0.058830865
16570.0, 0.058823586
16580.0, 0.058816317
16590.0, 0.058809064
16600.0, 0.058801826
16610.0, 0.058794603
16620.0, 0.058787394
16630.0, 0.0587802
16640.0, 0.05877302
16650.0, 0.058765855
16660.0, 0.058758702
16670.0, 0.058751564
16680.0, 0.05874444
16690.0, 0.058737334
16700.0, 0.05873024
16710.0, 0.05872316
16720.0, 0.058716092
16730.0, 0.05870904
16740.0, 0.058702003
16750.0, 0.058694977
16760.0, 0.05868797
16770.0, 0.058680974
16780.0, 0.058673993
16790.0, 0.058667023
16800.0, 0.05866007
16810.0, 0.05865313
16820.0, 0.058646202
16830.0, 0.05863929
16840.0, 0.058632392
16850.0, 0.058625508
16860.0, 0.058618635
16870.0, 0.05861178
16880.0, 0.058604937
16890.0, 0.058598105
16900.0, 0.058591288
16910.0, 0.058584485
16920.0, 0.058577698
16930.0, 0.05857092
16940.0, 0.05856416
16950.0, 0.05855741
16960.0, 0.058550674
16970.0, 0.058543954
16980.0, 0.058537245
16990.0, 0.05853055
17000.0, 0.05852387
17010.0, 0.058517203
17020.0, 0.05851055
17030.0, 0.058503907
17040.0, 0.05849728
17050.0, 0.058490664
17060.0, 0.058484063
17070.0, 0.058477473
17080.0, 0.058470897
17090.0, 0.058464337
17100.0, 0.058457788
17110.0, 0.05845125
17120.0, 0.058444727
17130.0, 0.05843822
17140.0, 0.058431722
17150.0, 0.058425236
17160.0, 0.058418766
17170.0, 0.05841231
17180.0, 0.058405865
17190.0, 0.05839943
17200.0, 0.058393013
17210.0, 0.058386605
17220.0, 0.058380213
17230.0, 0.05837383
17240.0, 0.05836746
17250.0, 0.058361106
17260.0, 0.058354765
17270.0, 0.058348436
17280.0, 0.058342118
17290.0, 0.05833581
17300.0, 0.05832952
17310.0, 0.05832324
17320.0, 0.058316972
17330.0, 0.058310717
17340.0, 0.058304477
17350.0, 0.058298245
17360.0, 0.05829203
17370.0, 0.058285825
17380.0, 0.058279634
17390.0, 0.058273453
17400.0, 0.058267284
17410.0, 0.05826113
17420.0, 0.058254987
17430.0, 0.058248855
17440.0, 0.05824274
17450.0, 0.058236632
17460.0, 0.058230538
17470.0, 0.058224455
17480.0, 0.058218386
17490.0, 0.05821233
17500.0, 0.058206283
17510.0, 0.058200248
17520.0, 0.058194228
17530.0, 0.05818822
17540.0, 0.05818222
17550.0, 0.058176234
17560.0, 0.058170263
17570.0, 0.0581643
17580.0, 0.05815835
17590.0, 0.05815241
17600.0, 0.058146488
17610.0, 0.058140572
17620.0, 0.05813467
17630.0, 0.05812878
17640.0, 0.058122903
17650.0, 0.058117036
17660.0, 0.05811118
17670.0, 0.05810534
17680.0, 0.058099505
17690.0, 0.058093686
17700.0, 0.058087878
17710.0, 0.058082078
17720.0, 0.058076296
17730.0, 0.05807052
17740.0, 0.05806476
17750.0, 0.058059007
17760.0, 0.05805327
17770.0, 0.05804754
17780.0, 0.058041826
17790.0, 0.05803612
17800.0, 0.058030427
17810.0, 0.058024745
17820.0, 0.05801907
17830.0, 0.058013413
17840.0, 0.058007766
17850.0, 0.05800213
17860.0, 0.057996504
17870.0, 0.05799089
17880.0, 0.057985287
17890.0, 0.057979695
17900.0, 0.057974115
17910.0, 0.057968546
17920.0, 0.057962984
17930.0, 0.057957437
17940.0, 0.0579519
17950.0, 0.057946377
17960.0, 0.057940863
17970.0, 0.05793536
17980.0, 0.057929866
17990.0, 0.057924386
18000.0, 0.057918917
18010.0, 0.057913456
18020.0, 0.05790801
18030.0, 0.05790257
18040.0, 0.057897143
18050.0, 0.057891726
18060.0, 0.057886325
18070.0, 0.05788093
18080.0, 0.057875548
18090.0, 0.057870172
18100.0, 0.05786481
18110.0, 0.05785946
18120.0, 0.05785412
18130.0, 0.05784879
18140.0, 0.05784347
18150.0, 0.05783816
18160.0, 0.057832863
18170.0, 0.057827577
18180.0, 0.0578223
18190.0, 0.057817034
18200.0, 0.057811778
18210.0, 0.057806533
18220.0, 0.0578013
18230.0, 0.057796072
18240.0, 0.05779086
18250.0, 0.057785656
18260.0, 0.057780463
18270.0, 0.05777528
18280.0, 0.057770107
18290.0, 0.057764947
18300.0, 0.057759795
18310.0, 0.057754654
18320.0, 0.05774952
18330.0, 0.057744402
18340.0, 0.05773929
18350.0, 0.05773419
18360.0, 0.0577291
18370.0, 0.05772402
18380.0, 0.05771895
18390.0, 0.057713892
18400.0, 0.05770884
18410.0, 0.0577038
18420.0, 0.05769877
18430.0, 0.057693753
18440.0, 0.057688743
18450.0, 0.057683744
18460.0, 0.057678755
18470.0, 0.057673775
18480.0, 0.057668805
18490.0, 0.057663847
18500.0, 0.057658896
18510.0, 0.057653956
18520.0, 0.057649028
18530.0, 0.057644106
18540.0, 0.057639197
18550.0, 0.057634298
18560.0, 0.057629406
18570.0, 0.057624526
18580.0, 0.057619654
18590.0, 0.057614792
18600.0, 0.05760994
18610.0, 0.0576051
18620.0, 0.057600267
18630.0, 0.057595443
18640.0, 0.05759063
18650.0, 0.057585828
18660.0, 0.057581034
18670.0, 0.05757625
18680.0, 0.057571474
18690.0, 0.05756671
18700.0, 0.057561953
18710.0, 0.057557207
18720.0, 0.05755247
18730.0, 0.057547744
18740.0, 0.05754303
18750.0, 0.05753832
18760.0, 0.057533618
18770.0, 0.05752893
18780.0, 0.05752425
18790.0, 0.057519577
18800.0, 0.057514917
18810.0, 0.057510264
18820.0, 0.057505623
18830.0, 0.05750099
18840.0, 0.057496365
18850.0, 0.05749175
18860.0, 0.057487145
18870.0, 0.057482548
18880.0, 0.05747796
18890.0, 0.05747338
18900.0, 0.057468813
18910.0, 0.057464253
18920.0, 0.0574597
18930.0, 0.05745516
18940.0, 0.057450626
18950.0, 0.057446104
18960.0, 0.05744159
18970.0, 0.057437085
18980.0, 0.05743259
18990.0, 0.0574281
19000.0, 0.05742362
19010.0, 0.05741915
19020.0, 0.057414692
19030.0, 0.05741024
19040.0, 0.057405796
19050.0, 0.057401363
19060.0, 0.057396937
19070.0, 0.05739252
19080.0, 0.057388112
19090.0, 0.057383712
19100.0, 0.057379324
19110.0, 0.057374943
19120.0, 0.05737057
19130.0, 0.057366207
19140.0, 0.057361852
19150.0, 0.057357505
19160.0, 0.05735317
19170.0, 0.05734884
19180.0, 0.05734452
19190.0, 0.05734021
19200.0, 0.057335902
19210.0, 0.05733161
19220.0, 0.057327323
19230.0, 0.057323046
19240.0, 0.057318777
19250.0, 0.05731452
19260.0, 0.057310265
19270.0, 0.05730602
19280.0, 0.057301786
19290.0, 0.05729756
19300.0, 0.057293344
19310.0, 0.057289135
19320.0, 0.057284933
19330.0, 0.05728074
19340.0, 0.057276558
19350.0, 0.057272382
19360.0, 0.057268213
19370.0, 0.057264052
19380.0, 0.057259902
19390.0, 0.05725576
19400.0, 0.057251625
19410.0, 0.0572475
19420.0, 0.05724338
19430.0, 0.05723927
19440.0, 0.05723517
19450.0, 0.05723108
19460.0, 0.057226993
19470.0, 0.057222918
19480.0, 0.057218846
19490.0, 0.057214785
19500.0, 0.057210736
19510.0, 0.05720669
19520.0, 0.057202656
19530.0, 0.057198625
19540.0, 0.057194605
19550.0, 0.057190593
19560.0, 0.05718659
19570.0, 0.057182595
19580.0, 0.057178605
19590.0, 0.057174627
19600.0, 0.05717065
19610.0, 0.05716669
19620.0, 0.057162732
19630.0, 0.057158783
19640.0, 0.05715484
19650.0, 0.05715091
19660.0, 0.057146985
19670.0, 0.05714307
19680.0, 0.05713916
19690.0, 0.057135258
19700.0, 0.057131365
19710.0, 0.05712748
19720.0, 0.0571236
19730.0, 0.05711973
19740.0, 0.057115868
19750.0, 0.057112012
19760.0, 0.057108168
19770.0, 0.057104327
19780.0, 0.057100497
19790.0, 0.05709667
19800.0, 0.057092857
19810.0, 0.057089046
19820.0, 0.057085246
19830.0, 0.05708145
19840.0, 0.057077665
19850.0, 0.057073887
19860.0, 0.057070117
19870.0, 0.05706635
19880.0, 0.057062596
19890.0, 0.05705885
19900.0, 0.05705511
19910.0, 0.057051376
19920.0, 0.057047646
19930.0, 0.05704393
19940.0, 0.05704022
19950.0, 0.057036515
19960.0, 0.05703282
19970.0, 0.057029128
19980.0, 0.057025447
19990.0, 0.057021774
20000.0, 0.05701811
20010.0, 0.057014447
20020.0, 0.057010796
20030.0, 0.057007153
20040.0, 0.057003513
20050.0, 0.056999885
20060.0, 0.05699626
20070.0, 0.056992643
20080.0, 0.056989037
20090.0, 0.056985434
20100.0, 0.05698184
20110.0, 0.05697825
20120.0, 0.05697467
20130.0, 0.0569711
20140.0, 0.056967534
20150.0, 0.056963976
20160.0, 0.056960426
20170.0, 0.05695688
20180.0, 0.056953344
20190.0, 0.056949813
20200.0, 0.056946293
20210.0, 0.056942776
20220.0, 0.056939267
20230.0, 0.056935765
20240.0, 0.05693227
20250.0, 0.05692878
20260.0, 0.0569253
20270.0, 0.056921825
20280.0, 0.05691836
20290.0, 0.0569149
20300.0, 0.056911446
20310.0, 0.056908
20320.0, 0.056904558
20330.0, 0.056901127
20340.0, 0.0568977
20350.0, 0.056894284
20360.0, 0.05689087
20370.0, 0.056887466
20380.0, 0.056884065
20390.0, 0.056880675
20400.0, 0.05687729
20410.0, 0.056873914
20420.0, 0.056870542
20430.0, 0.056867175
20440.0, 0.05686382
20450.0, 0.056860466
20460.0, 0.056857124
20470.0, 0.056853786
20480.0, 0.056850452
20490.0, 0.05684713
20500.0, 0.05684381
20510.0, 0.0568405
20520.0, 0.056837194
20530.0, 0.056833897
20540.0, 0.056830607
20550.0, 0.05682732
20560.0, 0.056824043
20570.0, 0.056820773
20580.0, 0.056817506
20590.0, 0.056814246
20600.0, 0.056810994
20610.0, 0.05680775
20620.0, 0.05680451
20630.0, 0.05680128
20640.0, 0.056798052
20650.0, 0.05679483
20660.0, 0.05679162
20670.0, 0.05678841
20680.0, 0.05678521
20690.0, 0.056782015
20700.0, 0.05677883
20710.0, 0.05677565
20720.0, 0.05677247
20730.0, 0.056769304
20740.0, 0.05676614
20750.0, 0.056762986
20760.0, 0.056759834
20770.0, 0.056756694
20780.0, 0.056753553
20790.0, 0.056750424
20800.0, 0.0567473
20810.0, 0.05674418
20820.0, 0.05674107
20830.0, 0.056737963
20840.0, 0.056734864
20850.0, 0.056731768
20860.0, 0.056728683
20870.0, 0.056725603
20880.0, 0.056722526
20890.0, 0.056719456
20900.0, 0.056716394
20910.0, 0.05671334
20920.0, 0.056710288
20930.0, 0.056707244
20940.0, 0.056704205
20950.0, 0.056701172
20960.0, 0.056698147
20970.0, 0.056695126
20980.0, 0.056692112
20990.0, 0.056689102
21000.0, 0.0566861
21010.0, 0.056683104
21020.0, 0.056680117
21030.0, 0.05667713
21040.0, 0.056674153
21050.0, 0.05667118
21060.0, 0.056668214
21070.0, 0.056665253
21080.0, 0.0566623
21090.0, 0.056659352
21100.0, 0.05665641
21110.0, 0.05665347
21120.0, 0.05665054
21130.0, 0.056647614
21140.0, 0.056644697
21150.0, 0.056641784
21160.0, 0.056638874
21170.0, 0.056635972
21180.0, 0.056633078
21190.0, 0.056630187
21200.0, 0.056627303
21210.0, 0.056624424
21220.0, 0.05662155
21230.0, 0.056618683
21240.0, 0.056615822
21250.0, 0.05661297
21260.0, 0.05661012
21270.0, 0.056607272
21280.0, 0.056604434
21290.0, 0.056601603
21300.0, 0.056598775
21310.0, 0.05659595
21320.0, 0.056593135
21330.0, 0.056590326
21340.0, 0.05658752
21350.0, 0.056584723
21360.0, 0.05658193
21370.0, 0.05657914
21380.0, 0.056576356
21390.0, 0.05657358
21400.0, 0.05657081
21410.0, 0.056568045
21420.0, 0.056565285
21430.0, 0.056562528
21440.0, 0.05655978
21450.0, 0.056557037
21460.0, 0.0565543
21470.0, 0.056551564
21480.0, 0.056548838
21490.0, 0.056546114
21500.0, 0.0565434
21510.0, 0.056540687
21520.0, 0.056537982
21530.0, 0.05653528
21540.0, 0.056532588
21550.0, 0.0565299
21560.0, 0.056527216
21570.0, 0.056524538
21580.0, 0.056521863
21590.0, 0.056519195
21600.0, 0.05651653
21610.0, 0.056513876
21620.0, 0.056511223
21630.0, 0.056508575
21640.0, 0.056505933
21650.0, 0.0565033
21660.0, 0.056500666
21670.0, 0.056498043
21680.0, 0.05649542
21690.0, 0.056492805
21700.0, 0.056490198
21710.0, 0.05648759
21720.0, 0.056484994
21730.0, 0.056482397
21740.0, 0.056479808
21750.0, 0.056477226
21760.0, 0.056474645
21770.0, 0.056472074
21780.0, 0.056469504
21790.0, 0.05646694
21800.0, 0.05646438
21810.0, 0.05646183
21820.0, 0.05645928
21830.0, 0.056456737
21840.0, 0.0564542
21850.0, 0.056451667
21860.0, 0.05644914
21870.0, 0.056446616
21880.0, 0.0564441
21890.0, 0.056441586
21900.0, 0.05643908
21910.0, 0.056436576
21920.0, 0.05643408
21930.0, 0.056431588
21940.0, 0.0564291
21950.0, 0.05642662
21960.0, 0.056424137
21970.0, 0.056421667
21980.0, 0.056419197
21990.0, 0.056416735
22000.0, 0.056414276
22010.0, 0.056411825
22020.0, 0.056409378
22030.0, 0.056406934
22040.0, 0.056404494
22050.0, 0.05640206
22060.0, 0.056399632
22070.0, 0.05639721
22080.0, 0.05639479
22090.0, 0.056392375
22100.0, 0.056389965
22110.0, 0.056387562
22120.0, 0.056385163
22130.0, 0.056382768
22140.0, 0.056380376
22150.0, 0.056377992
22160.0, 0.05637561
22170.0, 0.056373235
22180.0, 0.056370866
22190.0, 0.0563685
22200.0, 0.05636614
22210.0, 0.05636378
22220.0, 0.05636143
22230.0, 0.056359082
22240.0, 0.05635674
22250.0, 0.0563544
22260.0, 0.056352068
22270.0, 0.05634974
22280.0, 0.056347415
22290.0, 0.056345094
22300.0, 0.05634278
22310.0, 0.05634047
22320.0, 0.056338165
22330.0, 0.056335863
22340.0, 0.056333568
22350.0, 0.056331277
22360.0, 0.05632899
22370.0, 0.056326706
22380.0, 0.056324426
22390.0, 0.056322154
22400.0, 0.056319885
22410.0, 0.05631762
22420.0, 0.056315362
22430.0, 0.056313105
22440.0, 0.056310855
22450.0, 0.05630861
22460.0, 0.056306366
22470.0, 0.056304127
22480.0, 0.056301896
22490.0, 0.056299668
22500.0, 0.056297444
22510.0, 0.056295224
22520.0, 0.056293007
22530.0, 0.056290798
22540.0, 0.056288593
22550.0, 0.05628639
22560.0, 0.056284193
22570.0, 0.056282
22580.0, 0.056279812
22590.0, 0.056277625
22600.0, 0.056275446
22610.0, 0.05627327
22620.0, 0.0562711
22630.0, 0.05626893
22640.0, 0.05626677
22650.0, 0.056264613
22660.0, 0.056262456
22670.0, 0.056260306
22680.0, 0.05625816
22690.0, 0.056256022
22700.0, 0.056253884
22710.0, 0.056251753
22720.0, 0.056249622
22730.0, 0.0562475
22740.0, 0.05624538
22750.0, 0.056243263
22760.0, 0.05624115
22770.0, 0.056239046
22780.0, 0.05623694
22790.0, 0.056234844
22800.0, 0.05623275
22810.0, 0.05623066
22820.0, 0.056228574
22830.0, 0.056226492
22840.0, 0.056224413
22850.0, 0.05622234
22860.0, 0.05622027
22870.0, 0.056218203
22880.0, 0.056216143
22890.0, 0.056214087
22900.0, 0.056212034
22910.0, 0.056209985
22920.0, 0.05620794
22930.0, 0.0562059
22940.0, 0.05620386
22950.0, 0.05620183
22960.0, 0.0561998
22970.0, 0.056197777
22980.0, 0.056195755
22990.0, 0.05619374
23000.0, 0.056191728
23010.0, 0.05618972
23020.0, 0.056187715
23030.0, 0.056185715
23040.0, 0.05618372
23050.0, 0.056181725
23060.0, 0.056179736
23070.0, 0.056177754
23080.0, 0.056175772
23090.0, 0.056173794
23100.0, 0.056171823
23110.0, 0.056169856
23120.0, 0.05616789
23130.0, 0.05616593
23140.0, 0.056163974
23150.0, 0.05616202
23160.0, 0.05616007
23170.0, 0.056158125
23180.0, 0.056156185
23190.0, 0.056154247
23200.0, 0.056152314
23210.0, 0.056150384
23220.0, 0.05614846
23230.0, 0.056146536
23240.0, 0.056144617
23250.0, 0.056142703
23260.0, 0.05614079
23270.0, 0.056138888
23280.0, 0.056136984
23290.0, 0.056135084
23300.0, 0.05613319
23310.0, 0.0561313
23320.0, 0.05612941
23330.0, 0.056127526
23340.0, 0.05612565
23350.0, 0.05612377
23360.0, 0.056121897
23370.0, 0.05612003
23380.0, 0.056118164
23390.0, 0.0561163
23400.0, 0.056114446
23410.0, 0.05611259
23420.0, 0.05611074
23430.0, 0.056108896
23440.0, 0.05610705
23450.0, 0.05610521
23460.0, 0.05610338
23470.0, 0.056101546
23480.0, 0.056099717
23490.0, 0.05609789
23500.0, 0.05609607
23510.0, 0.056094255
23520.0, 0.05609244
23530.0, 0.05609063
23540.0, 0.056088824
23550.0, 0.05608702
23560.0, 0.05608522
23570.0, 0.056083426
23580.0, 0.056081634
23590.0, 0.056079846
23600.0, 0.05607806
23610.0, 0.05607628
23620.0, 0.056074504
23630.0, 0.056072727
23640.0, 0.056070957
23650.0, 0.05606919
23660.0, 0.056067426
23670.0, 0.056065667
23680.0, 0.05606391
23690.0, 0.05606216
23700.0, 0.056060407
23710.0, 0.056058664
23720.0, 0.05605692
23730.0, 0.05605518
23740.0, 0.056053445
23750.0, 0.056051712
23760.0, 0.056049984
23770.0, 0.05604826
23780.0, 0.056046538
23790.0, 0.05604482
23800.0, 0.056043103
23810.0, 0.056041393
23820.0, 0.056039684
23830.0, 0.05603798
23840.0, 0.05603628
23850.0, 0.05603458
23860.0, 0.05603289
23870.0, 0.056031197
23880.0, 0.05602951
23890.0, 0.056027826
23900.0, 0.056026142
23910.0, 0.056024466
23920.0, 0.056022793
23930.0, 0.05602112
23940.0, 0.056019455
23950.0, 0.05601779
23960.0, 0.05601613
23970.0, 0.05601447
23980.0, 0.056012817
23990.0, 0.056011166
24000.0, 0.05600952
24010.0, 0.056007873
24020.0, 0.056006234
24030.0, 0.056004595
24040.0, 0.05600296
24050.0, 0.056001328
24060.0, 0.0559997
24070.0, 0.055998076
24080.0, 0.055996455
24090.0, 0.05599484
24100.0, 0.05599322
24110.0, 0.055991612
24120.0, 0.055990003
24130.0, 0.055988397
24140.0, 0.055986796
24150.0, 0.055985197
24160.0, 0.0559836
24170.0, 0.05598201
24180.0, 0.055980418
24190.0, 0.05597883
24200.0, 0.055977248
24210.0, 0.055975668
24220.0, 0.055974092
24230.0, 0.05597252
24240.0, 0.05597095
24250.0, 0.05596938
24260.0, 0.05596782
24270.0, 0.055966258
24280.0, 0.055964697
24290.0, 0.055963144
24300.0, 0.05596159
24310.0, 0.055960044
24320.0, 0.0559585
24330.0, 0.055956956
24340.0, 0.055955417
24350.0, 0.05595388
24360.0, 0.055952348
24370.0, 0.055950817
24380.0, 0.05594929
24390.0, 0.055947766
24400.0, 0.055946246
24410.0, 0.055944726
24420.0, 0.055943213
24430.0, 0.0559417
24440.0, 0.055940192
24450.0, 0.055938687
24460.0, 0.055937182
24470.0, 0.055935685
24480.0, 0.055934187
24490.0, 0.055932693
24500.0, 0.055931203
24510.0, 0.055929713
24520.0, 0.05592823
24530.0, 0.055926748
24540.0, 0.05592527
24550.0, 0.055923793
24560.0, 0.05592232
24570.0, 0.05592085
24580.0, 0.055919383
24590.0, 0.05591792
24600.0, 0.05591646
24610.0, 0.055914998
24620.0, 0.05591354
24630.0, 0.05591209
24640.0, 0.05591064
24650.0, 0.055909194
24660.0, 0.05590775
24670.0, 0.05590631
24680.0, 0.055904873
24690.0, 0.055903435
24700.0, 0.055902004
24710.0, 0.055900574
24720.0, 0.055899147
24730.0, 0.055897724
24740.0, 0.0558963
24750.0, 0.055894885
24760.0, 0.05589347
24770.0, 0.055892058
24780.0, 0.055890646
24790.0, 0.05588924
24800.0, 0.055887837
24810.0, 0.055886436
24820.0, 0.055885036
24830.0, 0.055883642
24840.0, 0.05588225
24850.0, 0.05588086
24860.0, 0.05587947
24870.0, 0.055878088
24880.0, 0.055876706
24890.0, 0.055875327
24900.0, 0.05587395
24910.0, 0.05587258
24920.0, 0.055871207
24930.0, 0.055869836
24940.0, 0.055868473
24950.0, 0.05586711
24960.0, 0.05586575
24970.0, 0.055864394
24980.0, 0.055863038
24990.0, 0.055861685
25000.0, 0.055860337
25010.0, 0.055858992
25020.0, 0.055857647
25030.0, 0.055856306
25040.0, 0.05585497
25050.0, 0.055853635
25060.0, 0.0558523
25070.0, 0.05585097
25080.0, 0.05584964
25090.0, 0.05584832
25100.0, 0.055846997
25110.0, 0.055845678
25120.0, 0.05584436
25130.0, 0.055843044
25140.0, 0.055841733
25150.0, 0.055840425
25160.0, 0.055839118
25170.0, 0.055837814
25180.0, 0.055836514
25190.0, 0.055835214
25200.0, 0.055833917
25210.0, 0.055832624
25220.0, 0.055831335
25230.0, 0.055830047
25240.0, 0.05582876
25250.0, 0.055827476
25260.0, 0.055826195
25270.0, 0.055824917
25280.0, 0.055823643
25290.0, 0.05582237
25300.0, 0.0558211
25310.0, 0.05581983
25320.0, 0.055818565
25330.0, 0.055817302
25340.0, 0.055816043
25350.0, 0.055814784
25360.0, 0.05581353
25370.0, 0.055812277
25380.0, 0.05581103
25390.0, 0.05580978
25400.0, 0.055808533
25410.0, 0.055807292
25420.0, 0.055806052
25430.0, 0.055804815
25440.0, 0.05580358
25450.0, 0.055802345
25460.0, 0.055801116
25470.0, 0.055799887
25480.0, 0.05579866
25490.0, 0.05579744
25500.0, 0.055796217
25510.0, 0.055795
25520.0, 0.055793785
25530.0, 0.05579257
25540.0, 0.05579136
25550.0, 0.055790152
25560.0, 0.055788945
25570.0, 0.055787742
25580.0, 0.055786543
25590.0, 0.055785343
25600.0, 0.055784147
25610.0, 0.05578295
25620.0, 0.05578176
25630.0, 0.05578057
25640.0, 0.055779383
25650.0, 0.055778198
25660.0, 0.055777017
25670.0, 0.055775836
25680.0, 0.05577466
25690.0, 0.055773485
25700.0, 0.055772312
25710.0, 0.055771142
25720.0, 0.055769973
25730.0, 0.05576881
25740.0, 0.055767644
25750.0, 0.055766486
25760.0, 0.055765327
25770.0, 0.05576417
25780.0, 0.055763014
25790.0, 0.055761863
25800.0, 0.055760715
25810.0, 0.055759568
25820.0, 0.05575842
25830.0, 0.05575728
25840.0, 0.055756137
25850.0, 0.055755
25860.0, 0.055753864
25870.0, 0.05575273
25880.0, 0.0557516
25890.0, 0.05575047
25900.0, 0.055749346
25910.0, 0.05574822
25920.0, 0.0557471
25930.0, 0.055745978
25940.0, 0.05574486
25950.0, 0.055743743
25960.0, 0.055742633
25970.0, 0.05574152
25980.0, 0.055740412
25990.0, 0.055739306
26000.0, 0.0557382
26010.0, 0.055737097
26020.0, 0.055735998
26030.0, 0.0557349
26040.0, 0.055733804
26050.0, 0.055732712
26060.0, 0.05573162
26070.0, 0.05573053
26080.0, 0.055729445
26090.0, 0.055728357
26100.0, 0.055727277
26110.0, 0.055726197
26120.0, 0.055725116
26130.0, 0.055724043
26140.0, 0.055722967
26150.0, 0.055721898
26160.0, 0.055720825
26170.0, 0.05571976
26180.0, 0.055718694
26190.0, 0.055717632
26200.0, 0.05571657
26210.0, 0.05571551
26220.0, 0.055714455
26230.0, 0.0557134
26240.0, 0.055712346
26250.0, 0.055711295
26260.0, 0.05571025
26270.0, 0.0557092
26280.0, 0.055708155
26290.0, 0.055707116
26300.0, 0.055706073
26310.0, 0.055705037
26320.0, 0.055704
26330.0, 0.055702966
26340.0, 0.055701934
26350.0, 0.055700906
26360.0, 0.055699877
26370.0, 0.055698853
26380.0, 0.05569783
26390.0, 0.055696808
26400.0, 0.055695787
26410.0, 0.05569477
26420.0, 0.055693753
26430.0, 0.05569274
26440.0, 0.05569173
26450.0, 0.05569072
26460.0, 0.05568971
26470.0, 0.055688705
26480.0, 0.055687703
26490.0, 0.0556867
26500.0, 0.055685703
26510.0, 0.055684704
26520.0, 0.05568371
26530.0, 0.05568272
26540.0, 0.055681724
26550.0, 0.055680737
26560.0, 0.05567975
26570.0, 0.055678762
26580.0, 0.05567778
26590.0, 0.0556768
26600.0, 0.05567582
26610.0, 0.05567484
26620.0, 0.055673867
26630.0, 0.05567289
26640.0, 0.05567192
26650.0, 0.05567095
26660.0, 0.055669982
26670.0, 0.055669017
26680.0, 0.055668052
26690.0, 0.05566709
26700.0, 0.05566613
26710.0, 0.055665173
26720.0, 0.055664215
26730.0, 0.05566326
26740.0, 0.055662308
26750.0, 0.055661358
26760.0, 0.05566041
26770.0, 0.05565946
26780.0, 0.05565852
26790.0, 0.055657577
26800.0, 0.055656634
26810.0, 0.055655695
26820.0, 0.055654757
26830.0, 0.05565382
26840.0, 0.055652887
26850.0, 0.055651955
26860.0, 0.055651028
26870.0, 0.0556501
26880.0, 0.055649173
26890.0, 0.05564825
26900.0, 0.055647325
26910.0, 0.055646405
26920.0, 0.055645484
26930.0, 0.055644568
26940.0, 0.055643655
26950.0, 0.055642743
26960.0, 0.05564183
26970.0, 0.05564092
26980.0, 0.055640012
26990.0, 0.055639107
27000.0, 0.0556382
27010.0, 0.0556373
27020.0, 0.0556364
27030.0, 0.0556355
27040.0, 0.055634603
27050.0, 0.05563371
27060.0, 0.055632815
27070.0, 0.05563192
27080.0, 0.055631034
27090.0, 0.055630144
27100.0, 0.055629257
27110.0, 0.055628374
27120.0, 0.05562749
27130.0, 0.05562661
27140.0, 0.05562573
27150.0, 0.055624854
27160.0, 0.05562398
27170.0, 0.055623103
27180.0, 0.05562223
27190.0, 0.05562136
27200.0, 0.05562049
27210.0, 0.055619624
27220.0, 0.05561876
27230.0, 0.055617895
27240.0, 0.055617034
27250.0, 0.055616174
27260.0, 0.055615317
27270.0, 0.05561446
27280.0, 0.055613603
27290.0, 0.05561275
27300.0, 0.0556119
27310.0, 0.055611048
27320.0, 0.055610202
27330.0, 0.055609353
27340.0, 0.05560851
27350.0, 0.055607665
27360.0, 0.055606827
27370.0, 0.055605985
27380.0, 0.055605147
27390.0, 0.055604313
27400.0, 0.055603478
27410.0, 0.055602644
27420.0, 0.055601813
27430.0, 0.055600982
27440.0, 0.055600155
27450.0, 0.055599328
27460.0, 0.055598505
27470.0, 0.05559768
27480.0, 0.05559686
27490.0, 0.05559604
27500.0, 0.05559522
27510.0, 0.055594403
27520.0, 0.055593587
27530.0, 0.055592775
27540.0, 0.055591963
27550.0, 0.055591155
27560.0, 0.055590346
27570.0, 0.055589538
27580.0, 0.055588733
27590.0, 0.05558793
27600.0, 0.055587128
27610.0, 0.055586327
27620.0, 0.05558553
27630.0, 0.055584732
27640.0, 0.055583935
27650.0, 0.05558314
27660.0, 0.05558235
27670.0, 0.05558156
27680.0, 0.05558077
27690.0, 0.055579983
27700.0, 0.055579197
27710.0, 0.05557841
27720.0, 0.05557763
27730.0, 0.055576846
27740.0, 0.055576067
27750.0, 0.05557529
27760.0, 0.055574514
27770.0, 0.05557374
27780.0, 0.055572964
27790.0, 0.055572193
27800.0, 0.055571422
27810.0, 0.05557065
27820.0, 0.055569883
27830.0, 0.05556912
27840.0, 0.055568356
27850.0, 0.055567592
27860.0, 0.05556683
27870.0, 0.05556607
27880.0, 0.055565313
27890.0, 0.055564556
27900.0, 0.0555638
27910.0, 0.055563048
27920.0, 0.055562295
27930.0, 0.055561543
27940.0, 0.055560794
27950.0, 0.055560045
27960.0, 0.0555593
27970.0, 0.055558555
27980.0, 0.055557813
27990.0, 0.05555707
28000.0, 0.05555633
28010.0, 0.05555559
28020.0, 0.055554856
28030.0, 0.055554118
28040.0, 0.055553384
28050.0, 0.05555265
28060.0, 0.05555192
28070.0, 0.05555119
28080.0, 0.05555046
28090.0, 0.055549733
28100.0, 0.055549007
28110.0, 0.055548284
28120.0, 0.05554756
28130.0, 0.05554684
28140.0, 0.05554612
28150.0, 0.0555454
28160.0, 0.055544686
28170.0, 0.05554397
28180.0, 0.055543255
28190.0, 0.055542544
28200.0, 0.055541832
28210.0, 0.05554112
28220.0, 0.055540413
28230.0, 0.055539705
28240.0, 0.055539
28250.0, 0.055538297
28260.0, 0.055537593
28270.0, 0.055536892
28280.0, 0.055536192
28290.0, 0.05553549
28300.0, 0.055534795
28310.0, 0.0555341
28320.0, 0.055533405
28330.0, 0.055532712
28340.0, 0.05553202
28350.0, 0.05553133
28360.0, 0.05553064
28370.0, 0.055529952
28380.0, 0.055529267
28390.0, 0.05552858
28400.0, 0.0555279
28410.0, 0.055527218
28420.0, 0.055526536
28430.0, 0.055525858
28440.0, 0.05552518
28450.0, 0.055524502
28460.0, 0.055523828
28470.0, 0.055523153
28480.0, 0.055522483
28490.0, 0.05552181
28500.0, 0.05552114
28510.0, 0.05552047
28520.0, 0.055519804
28530.0, 0.055519138
28540.0, 0.055518474
28550.0, 0.05551781
28560.0, 0.05551715
28570.0, 0.05551649
28580.0, 0.05551583
28590.0, 0.05551517
28600.0, 0.055514514
28610.0, 0.05551386
28620.0, 0.055513207
28630.0, 0.05551255
28640.0, 0.055511903
28650.0, 0.05551125
28660.0, 0.055510603
28670.0, 0.055509955
28680.0, 0.05550931
28690.0, 0.055508666
28700.0, 0.05550802
28710.0, 0.055507377
28720.0, 0.055506736
28730.0, 0.0555061
28740.0, 0.05550546
28750.0, 0.05550482
28760.0, 0.055504184
28770.0, 0.05550355
28780.0, 0.055502918
28790.0, 0.055502284
28800.0, 0.055501655
28810.0, 0.055501025
28820.0, 0.055500396
28830.0, 0.05549977
28840.0, 0.055499144
28850.0, 0.055498518
28860.0, 0.055497896
28870.0, 0.055497274
28880.0, 0.05549665
28890.0, 0.055496033
28900.0, 0.055495415
28910.0, 0.055494796
28920.0, 0.05549418
28930.0, 0.055493567
28940.0, 0.055492952
28950.0, 0.05549234
28960.0, 0.05549173
28970.0, 0.05549112
28980.0, 0.055490512
28990.0, 0.055489905
29000.0, 0.055489298
29010.0, 0.055488694
29020.0, 0.05548809
29030.0, 0.055487487
29040.0, 0.055486888
29050.0, 0.055486288
29060.0, 0.05548569
29070.0, 0.05548509
29080.0, 0.055484492
29090.0, 0.0554839
29100.0, 0.055483304
29110.0, 0.05548271
29120.0, 0.05548212
29130.0, 0.05548153
29140.0, 0.05548094
29150.0, 0.05548035
29160.0, 0.055479765
29170.0, 0.05547918
29180.0, 0.055478595
29190.0, 0.05547801
29200.0, 0.05547743
29210.0, 0.055476848
29220.0, 0.055476267
29230.0, 0.05547569
29240.0, 0.05547511
29250.0, 0.055474535
29260.0, 0.055473957
29270.0, 0.055473384
29280.0, 0.05547281
29290.0, 0.05547224
29300.0, 0.055471666
29310.0, 0.0554711
29320.0, 0.05547053
29330.0, 0.055469964
29340.0, 0.055469397
29350.0, 0.05546883
29360.0, 0.05546827
29370.0, 0.055467702
29380.0, 0.055467144
29390.0, 0.05546658
29400.0, 0.055466022
29410.0, 0.055465464
29420.0, 0.055464905
29430.0, 0.05546435
29440.0, 0.055463795
29450.0, 0.05546324
29460.0, 0.05546269
29470.0, 0.055462137
29480.0, 0.055461586
29490.0, 0.055461038
29500.0, 0.055460487
29510.0, 0.05545994
29520.0, 0.055459395
29530.0, 0.05545885
29540.0, 0.055458304
29550.0, 0.055457763
29560.0, 0.05545722
29570.0, 0.05545668
29580.0, 0.05545614
29590.0, 0.055455603
29600.0, 0.055455063
29610.0, 0.055454526
29620.0, 0.055453993
29630.0, 0.055453457
29640.0, 0.055452924
29650.0, 0.05545239
29660.0, 0.05545186
29670.0, 0.05545133
29680.0, 0.0554508
29690.0, 0.05545027
29700.0, 0.055449747
29710.0, 0.05544922
29720.0, 0.055448696
29730.0, 0.05544817
29740.0, 0.05544765
29750.0, 0.055447128
29760.0, 0.055446606
29770.0, 0.05544609
29780.0, 0.05544557
29790.0, 0.055445053
29800.0, 0.055444535
29810.0, 0.05544402
29820.0, 0.055443507
29830.0, 0.055442993
29840.0, 0.05544248
29850.0, 0.05544197
29860.0, 0.055441458
29870.0, 0.055440947
29880.0, 0.05544044
29890.0, 0.055439934
29900.0, 0.055439427
29910.0, 0.05543892
29920.0, 0.055438418
29930.0, 0.055437915
29940.0, 0.055437412
29950.0, 0.05543691
29960.0, 0.05543641
29970.0, 0.05543591
29980.0, 0.05543541
29990.0, 0.055434916
30000.0, 0.055434417
