Energy (in eV), backscattering yield of material gr2k-NASCAP at incidence 60.0 degree
   X,       Y
0.0, 0.0
10.0, 0.0
20.0, 0.0
30.0, 0.0
40.0, 0.0
50.0, 0.0
60.0, 0.10010637
70.0, 0.13591167
80.0, 0.160536
90.0, 0.1794203
100.0, 0.19472183
110.0, 0.20755412
120.0, 0.21857631
130.0, 0.22821356
140.0, 0.23675701
150.0, 0.24441501
160.0, 0.25134197
170.0, 0.25765556
180.0, 0.2634473
190.0, 0.26879007
200.0, 0.2737426
210.0, 0.27835292
220.0, 0.28266096
230.0, 0.28670007
240.0, 0.2904985
250.0, 0.29408032
260.0, 0.29746625
270.0, 0.3006742
280.0, 0.3037198
290.0, 0.30661675
300.0, 0.3093771
310.0, 0.31201154
320.0, 0.31452954
330.0, 0.31693956
340.0, 0.31924933
350.0, 0.32146555
360.0, 0.32359448
370.0, 0.32564175
380.0, 0.32761234
390.0, 0.329511
400.0, 0.33134192
410.0, 0.33310902
420.0, 0.33481583
430.0, 0.33646566
440.0, 0.33806145
450.0, 0.33960617
460.0, 0.3411022
470.0, 0.34255213
480.0, 0.3439581
490.0, 0.34532222
500.0, 0.34664643
510.0, 0.3479325
520.0, 0.34918213
530.0, 0.35039696
540.0, 0.3515784
550.0, 0.35272792
560.0, 0.3538468
570.0, 0.3549362
580.0, 0.35599747
590.0, 0.35703152
600.0, 0.3580395
610.0, 0.35902232
620.0, 0.35998094
630.0, 0.36091626
640.0, 0.36182907
650.0, 0.3627202
660.0, 0.3635904
670.0, 0.36444032
680.0, 0.3652707
690.0, 0.3660822
700.0, 0.36687538
710.0, 0.36765084
720.0, 0.3684092
730.0, 0.36915085
740.0, 0.3698765
750.0, 0.3705865
760.0, 0.37128136
770.0, 0.3719615
780.0, 0.37262744
790.0, 0.37327945
800.0, 0.37391803
810.0, 0.37454352
820.0, 0.37515628
830.0, 0.37575668
840.0, 0.37634504
850.0, 0.37692165
860.0, 0.3774869
870.0, 0.378041
880.0, 0.37858433
890.0, 0.37911707
900.0, 0.37963957
910.0, 0.38015202
920.0, 0.3806547
930.0, 0.38114783
940.0, 0.38163164
950.0, 0.38210642
960.0, 0.38257232
970.0, 0.38302958
980.0, 0.38347837
990.0, 0.3839189
1000.0, 0.38435134
1010.0, 0.3841385
1020.0, 0.38392594
1030.0, 0.3837137
1040.0, 0.38350174
1050.0, 0.3832901
1060.0, 0.38307878
1070.0, 0.38286778
1080.0, 0.38265705
1090.0, 0.38244665
1100.0, 0.38223654
1110.0, 0.38202673
1120.0, 0.38181722
1130.0, 0.38160804
1140.0, 0.38139915
1150.0, 0.38119057
1160.0, 0.38098228
1170.0, 0.38077432
1180.0, 0.38056663
1190.0, 0.38035923
1200.0, 0.38015217
1210.0, 0.3799454
1220.0, 0.37973893
1230.0, 0.37953275
1240.0, 0.37932688
1250.0, 0.3791213
1260.0, 0.37891603
1270.0, 0.37871107
1280.0, 0.3785064
1290.0, 0.378302
1300.0, 0.37809792
1310.0, 0.37789413
1320.0, 0.37769067
1330.0, 0.37748748
1340.0, 0.3772846
1350.0, 0.377082
1360.0, 0.37687972
1370.0, 0.3766777
1380.0, 0.37647602
1390.0, 0.3762746
1400.0, 0.37607348
1410.0, 0.37587264
1420.0, 0.37567213
1430.0, 0.3754719
1440.0, 0.37527195
1450.0, 0.37507233
1460.0, 0.37487295
1470.0, 0.3746739
1480.0, 0.37447512
1490.0, 0.37427667
1500.0, 0.37407848
1510.0, 0.3738806
1520.0, 0.37368298
1530.0, 0.37348565
1540.0, 0.37328863
1550.0, 0.3730919
1560.0, 0.37289548
1570.0, 0.37269932
1580.0, 0.37250346
1590.0, 0.3723079
1600.0, 0.3721126
1610.0, 0.3719176
1620.0, 0.37172288
1630.0, 0.37152848
1640.0, 0.37133434
1650.0, 0.37114048
1660.0, 0.3709469
1670.0, 0.37075365
1680.0, 0.37056065
1690.0, 0.37036794
1700.0, 0.3701755
1710.0, 0.36998338
1720.0, 0.36979154
1730.0, 0.36959997
1740.0, 0.3694087
1750.0, 0.3692177
1760.0, 0.36902696
1770.0, 0.36883652
1780.0, 0.36864635
1790.0, 0.36845648
1800.0, 0.3682669
1810.0, 0.3680776
1820.0, 0.36788857
1830.0, 0.36769983
1840.0, 0.36751136
1850.0, 0.3673232
1860.0, 0.36713526
1870.0, 0.36694765
1880.0, 0.3667603
1890.0, 0.3665732
1900.0, 0.36638644
1910.0, 0.36619994
1920.0, 0.3660137
1930.0, 0.36582774
1940.0, 0.36564207
1950.0, 0.36545667
1960.0, 0.36527154
1970.0, 0.3650867
1980.0, 0.3649021
1990.0, 0.3647178
2000.0, 0.3645338
2010.0, 0.36435005
2020.0, 0.3641666
2030.0, 0.3639834
2040.0, 0.36380047
2050.0, 0.3636178
2060.0, 0.36343542
2070.0, 0.36325333
2080.0, 0.3630715
2090.0, 0.36288995
2100.0, 0.36270866
2110.0, 0.36252764
2120.0, 0.36234692
2130.0, 0.36216643
2140.0, 0.36198622
2150.0, 0.3618063
2160.0, 0.36162665
2170.0, 0.36144724
2180.0, 0.3612681
2190.0, 0.36108926
2200.0, 0.3609107
2210.0, 0.36073238
2220.0, 0.36055434
2230.0, 0.36037657
2240.0, 0.36019903
2250.0, 0.3600218
2260.0, 0.35984483
2270.0, 0.3596681
2280.0, 0.35949168
2290.0, 0.3593155
2300.0, 0.3591396
2310.0, 0.35896397
2320.0, 0.35878858
2330.0, 0.35861346
2340.0, 0.3584386
2350.0, 0.35826403
2360.0, 0.3580897
2370.0, 0.35791564
2380.0, 0.35774186
2390.0, 0.35756832
2400.0, 0.35739505
2410.0, 0.35722205
2420.0, 0.3570493
2430.0, 0.35687682
2440.0, 0.3567046
2450.0, 0.35653263
2460.0, 0.35636094
2470.0, 0.3561895
2480.0, 0.35601833
2490.0, 0.3558474
2500.0, 0.35567677
2510.0, 0.35550636
2520.0, 0.35533622
2530.0, 0.35516635
2540.0, 0.3549967
2550.0, 0.35482734
2560.0, 0.35465822
2570.0, 0.3544894
2580.0, 0.3543208
2590.0, 0.35415247
2600.0, 0.3539844
2610.0, 0.35381657
2620.0, 0.353649
2630.0, 0.35348168
2640.0, 0.3533146
2650.0, 0.35314783
2660.0, 0.35298127
2670.0, 0.35281497
2680.0, 0.35264894
2690.0, 0.35248315
2700.0, 0.35231763
2710.0, 0.35215235
2720.0, 0.35198733
2730.0, 0.35182256
2740.0, 0.35165805
2750.0, 0.35149378
2760.0, 0.35132974
2770.0, 0.35116598
2780.0, 0.35100248
2790.0, 0.3508392
2800.0, 0.35067618
2810.0, 0.35051343
2820.0, 0.35035092
2830.0, 0.35018864
2840.0, 0.35002664
2850.0, 0.34986487
2860.0, 0.34970334
2870.0, 0.34954208
2880.0, 0.34938106
2890.0, 0.3492203
2900.0, 0.34905976
2910.0, 0.34889948
2920.0, 0.34873945
2930.0, 0.34857967
2940.0, 0.34842014
2950.0, 0.34826085
2960.0, 0.3481018
2970.0, 0.347943
2980.0, 0.34778443
2990.0, 0.34762612
3000.0, 0.34746805
3010.0, 0.34731022
3020.0, 0.34715265
3030.0, 0.34699532
3040.0, 0.34683824
3050.0, 0.34668136
3060.0, 0.34652478
3070.0, 0.3463684
3080.0, 0.34621227
3090.0, 0.34605637
3100.0, 0.34590074
3110.0, 0.34574535
3120.0, 0.3455902
3130.0, 0.34543526
3140.0, 0.3452806
3150.0, 0.34512615
3160.0, 0.34497195
3170.0, 0.344818
3180.0, 0.34466428
3190.0, 0.3445108
3200.0, 0.34435755
3210.0, 0.34420455
3220.0, 0.34405178
3230.0, 0.34389925
3240.0, 0.34374696
3250.0, 0.3435949
3260.0, 0.3434431
3270.0, 0.34329152
3280.0, 0.34314016
3290.0, 0.34298906
3300.0, 0.3428382
3310.0, 0.34268755
3320.0, 0.34253713
3330.0, 0.34238696
3340.0, 0.34223703
3350.0, 0.34208733
3360.0, 0.34193787
3370.0, 0.34178865
3380.0, 0.34163964
3390.0, 0.34149086
3400.0, 0.34134233
3410.0, 0.34119403
3420.0, 0.34104595
3430.0, 0.34089813
3440.0, 0.34075052
3450.0, 0.34060314
3460.0, 0.34045598
3470.0, 0.34030905
3480.0, 0.34016237
3490.0, 0.34001592
3500.0, 0.3398697
3510.0, 0.3397237
3520.0, 0.33957794
3530.0, 0.3394324
3540.0, 0.3392871
3550.0, 0.339142
3560.0, 0.33899716
3570.0, 0.33885252
3580.0, 0.33870813
3590.0, 0.33856398
3600.0, 0.33842003
3610.0, 0.3382763
3620.0, 0.33813283
3630.0, 0.33798954
3640.0, 0.33784652
3650.0, 0.3377037
3660.0, 0.3375611
3670.0, 0.33741874
3680.0, 0.3372766
3690.0, 0.3371347
3700.0, 0.33699298
3710.0, 0.3368515
3720.0, 0.33671027
3730.0, 0.33656925
3740.0, 0.33642846
3750.0, 0.3362879
3760.0, 0.33614752
3770.0, 0.3360074
3780.0, 0.3358675
3790.0, 0.33572778
3800.0, 0.33558834
3810.0, 0.3354491
3820.0, 0.33531007
3830.0, 0.33517125
3840.0, 0.33503267
3850.0, 0.3348943
3860.0, 0.33475614
3870.0, 0.33461824
3880.0, 0.33448052
3890.0, 0.33434302
3900.0, 0.33420575
3910.0, 0.3340687
3920.0, 0.33393186
3930.0, 0.33379525
3940.0, 0.33365884
3950.0, 0.33352265
3960.0, 0.3333867
3970.0, 0.33325094
3980.0, 0.3331154
3990.0, 0.33298007
4000.0, 0.33284497
4010.0, 0.3327101
4020.0, 0.3325754
4030.0, 0.33244094
4040.0, 0.3323067
4050.0, 0.3321727
4060.0, 0.33203888
4070.0, 0.33190528
4080.0, 0.33177188
4090.0, 0.3316387
4100.0, 0.33150572
4110.0, 0.33137298
4120.0, 0.33124045
4130.0, 0.33110812
4140.0, 0.330976
4150.0, 0.3308441
4160.0, 0.3307124
4170.0, 0.33058092
4180.0, 0.33044964
4190.0, 0.33031857
4200.0, 0.33018774
4210.0, 0.33005708
4220.0, 0.32992664
4230.0, 0.32979643
4240.0, 0.3296664
4250.0, 0.32953662
4260.0, 0.329407
4270.0, 0.32927763
4280.0, 0.32914844
4290.0, 0.32901946
4300.0, 0.3288907
4310.0, 0.32876214
4320.0, 0.3286338
4330.0, 0.32850564
4340.0, 0.3283777
4350.0, 0.32824996
4360.0, 0.32812244
4370.0, 0.32799512
4380.0, 0.32786798
4390.0, 0.3277411
4400.0, 0.32761437
4410.0, 0.32748786
4420.0, 0.32736158
4430.0, 0.32723546
4440.0, 0.32710958
4450.0, 0.3269839
4460.0, 0.3268584
4470.0, 0.3267331
4480.0, 0.32660803
4490.0, 0.32648316
4500.0, 0.32635847
4510.0, 0.32623398
4520.0, 0.3261097
4530.0, 0.32598564
4540.0, 0.32586175
4550.0, 0.3257381
4560.0, 0.32561463
4570.0, 0.32549134
4580.0, 0.3253683
4590.0, 0.3252454
4600.0, 0.32512274
4610.0, 0.32500026
4620.0, 0.32487798
4630.0, 0.3247559
4640.0, 0.32463402
4650.0, 0.32451233
4660.0, 0.32439086
4670.0, 0.32426956
4680.0, 0.32414848
4690.0, 0.32402757
4700.0, 0.3239069
4710.0, 0.32378638
4720.0, 0.32366607
4730.0, 0.32354596
4740.0, 0.32342607
4750.0, 0.32330635
4760.0, 0.3231868
4770.0, 0.3230675
4780.0, 0.32294834
4790.0, 0.3228294
4800.0, 0.32271066
4810.0, 0.3225921
4820.0, 0.32247376
4830.0, 0.3223556
4840.0, 0.3222376
4850.0, 0.32211983
4860.0, 0.32200223
4870.0, 0.32188484
4880.0, 0.32176766
4890.0, 0.32165065
4900.0, 0.32153383
4910.0, 0.32141718
4920.0, 0.32130075
4930.0, 0.3211845
4940.0, 0.32106844
4950.0, 0.32095256
4960.0, 0.3208369
4970.0, 0.3207214
4980.0, 0.3206061
4990.0, 0.320491
5000.0, 0.32037607
5010.0, 0.32026133
5020.0, 0.3201468
5030.0, 0.32003245
5040.0, 0.31991827
5050.0, 0.31980428
5060.0, 0.3196905
5070.0, 0.3195769
5080.0, 0.31946346
5090.0, 0.3193502
5100.0, 0.31923717
5110.0, 0.3191243
5120.0, 0.31901163
5130.0, 0.31889915
5140.0, 0.31878686
5150.0, 0.3186747
5160.0, 0.31856278
5170.0, 0.31845102
5180.0, 0.31833947
5190.0, 0.31822807
5200.0, 0.31811687
5210.0, 0.31800586
5220.0, 0.31789503
5230.0, 0.31778437
5240.0, 0.31767392
5250.0, 0.31756362
5260.0, 0.31745353
5270.0, 0.3173436
5280.0, 0.31723386
5290.0, 0.3171243
5300.0, 0.31701493
5310.0, 0.31690574
5320.0, 0.31679672
5330.0, 0.31668788
5340.0, 0.31657922
5350.0, 0.31647074
5360.0, 0.31636247
5370.0, 0.31625435
5380.0, 0.3161464
5390.0, 0.31603864
5400.0, 0.31593108
5410.0, 0.31582367
5420.0, 0.31571645
5430.0, 0.3156094
5440.0, 0.31550252
5450.0, 0.31539583
5460.0, 0.31528932
5470.0, 0.31518298
5480.0, 0.31507683
5490.0, 0.31497085
5500.0, 0.31486505
5510.0, 0.3147594
5520.0, 0.31465393
5530.0, 0.31454867
5540.0, 0.31444356
5550.0, 0.31433862
5560.0, 0.31423387
5570.0, 0.3141293
5580.0, 0.3140249
5590.0, 0.31392068
5600.0, 0.3138166
5610.0, 0.31371272
5620.0, 0.313609
5630.0, 0.31350547
5640.0, 0.31340212
5650.0, 0.3132989
5660.0, 0.31319588
5670.0, 0.31309304
5680.0, 0.31299037
5690.0, 0.31288785
5700.0, 0.31278554
5710.0, 0.31268337
5720.0, 0.31258136
5730.0, 0.31247956
5740.0, 0.3123779
5750.0, 0.31227642
5760.0, 0.3121751
5770.0, 0.31207398
5780.0, 0.311973
5790.0, 0.31187218
5800.0, 0.31177154
5810.0, 0.31167108
5820.0, 0.3115708
5830.0, 0.31147066
5840.0, 0.3113707
5850.0, 0.3112709
5860.0, 0.3111713
5870.0, 0.3110718
5880.0, 0.31097254
5890.0, 0.31087342
5900.0, 0.31077445
5910.0, 0.31067565
5920.0, 0.31057703
5930.0, 0.31047857
5940.0, 0.31038028
5950.0, 0.31028214
5960.0, 0.31018418
5970.0, 0.31008637
5980.0, 0.30998874
5990.0, 0.30989128
6000.0, 0.30979398
6010.0, 0.30969682
6020.0, 0.30959985
6030.0, 0.30950305
6040.0, 0.30940637
6050.0, 0.3093099
6060.0, 0.30921358
6070.0, 0.3091174
6080.0, 0.3090214
6090.0, 0.30892557
6100.0, 0.3088299
6110.0, 0.3087344
6120.0, 0.30863902
6130.0, 0.30854383
6140.0, 0.3084488
6150.0, 0.30835393
6160.0, 0.30825922
6170.0, 0.30816466
6180.0, 0.30807027
6190.0, 0.30797604
6200.0, 0.30788198
6210.0, 0.30778804
6220.0, 0.30769432
6230.0, 0.3076007
6240.0, 0.30750728
6250.0, 0.307414
6260.0, 0.30732086
6270.0, 0.3072279
6280.0, 0.3071351
6290.0, 0.30704245
6300.0, 0.30694997
6310.0, 0.30685765
6320.0, 0.30676547
6330.0, 0.30667344
6340.0, 0.3065816
6350.0, 0.30648988
6360.0, 0.30639833
6370.0, 0.30630693
6380.0, 0.3062157
6390.0, 0.3061246
6400.0, 0.30603367
6410.0, 0.3059429
6420.0, 0.3058523
6430.0, 0.3057618
6440.0, 0.3056715
6450.0, 0.30558133
6460.0, 0.30549136
6470.0, 0.30540147
6480.0, 0.3053118
6490.0, 0.30522224
6500.0, 0.30513287
6510.0, 0.3050436
6520.0, 0.30495453
6530.0, 0.3048656
6540.0, 0.30477682
6550.0, 0.3046882
6560.0, 0.3045997
6570.0, 0.30451137
6580.0, 0.30442318
6590.0, 0.30433518
6600.0, 0.3042473
6610.0, 0.30415955
6620.0, 0.304072
6630.0, 0.30398455
6640.0, 0.3038973
6650.0, 0.30381015
6660.0, 0.3037232
6670.0, 0.30363634
6680.0, 0.30354965
6690.0, 0.30346313
6700.0, 0.30337676
6710.0, 0.30329052
6720.0, 0.30320442
6730.0, 0.30311847
6740.0, 0.3030327
6750.0, 0.30294704
6760.0, 0.30286154
6770.0, 0.3027762
6780.0, 0.30269098
6790.0, 0.30260593
6800.0, 0.30252102
6810.0, 0.30243623
6820.0, 0.30235162
6830.0, 0.30226713
6840.0, 0.3021828
6850.0, 0.30209863
6860.0, 0.3020146
6870.0, 0.30193067
6880.0, 0.30184692
6890.0, 0.30176333
6900.0, 0.30167985
6910.0, 0.30159652
6920.0, 0.30151337
6930.0, 0.30143034
6940.0, 0.30134743
6950.0, 0.3012647
6960.0, 0.3011821
6970.0, 0.30109963
6980.0, 0.3010173
6990.0, 0.30093512
7000.0, 0.30085307
7010.0, 0.30077118
7020.0, 0.30068943
7030.0, 0.30060783
7040.0, 0.30052635
7050.0, 0.30044502
7060.0, 0.30036384
7070.0, 0.30028278
7080.0, 0.30020186
7090.0, 0.3001211
7100.0, 0.30004048
7110.0, 0.29996
7120.0, 0.29987964
7130.0, 0.2997994
7140.0, 0.29971933
7150.0, 0.2996394
7160.0, 0.29955962
7170.0, 0.29947996
7180.0, 0.29940045
7190.0, 0.29932106
7200.0, 0.2992418
7210.0, 0.2991627
7220.0, 0.29908374
7230.0, 0.29900488
7240.0, 0.2989262
7250.0, 0.29884765
7260.0, 0.2987692
7270.0, 0.29869092
7280.0, 0.29861277
7290.0, 0.29853475
7300.0, 0.29845688
7310.0, 0.29837912
7320.0, 0.29830152
7330.0, 0.29822406
7340.0, 0.2981467
7350.0, 0.2980695
7360.0, 0.29799244
7370.0, 0.2979155
7380.0, 0.2978387
7390.0, 0.29776204
7400.0, 0.2976855
7410.0, 0.2976091
7420.0, 0.29753283
7430.0, 0.29745668
7440.0, 0.2973807
7450.0, 0.2973048
7460.0, 0.29722905
7470.0, 0.29715347
7480.0, 0.29707798
7490.0, 0.29700264
7500.0, 0.29692742
7510.0, 0.29685235
7520.0, 0.2967774
7530.0, 0.2967026
7540.0, 0.29662788
7550.0, 0.29655334
7560.0, 0.2964789
7570.0, 0.2964046
7580.0, 0.29633045
7590.0, 0.29625642
7600.0, 0.2961825
7610.0, 0.29610872
7620.0, 0.29603505
7630.0, 0.29596156
7640.0, 0.29588816
7650.0, 0.2958149
7660.0, 0.29574174
7670.0, 0.29566875
7680.0, 0.29559588
7690.0, 0.2955231
7700.0, 0.29545048
7710.0, 0.295378
7720.0, 0.2953056
7730.0, 0.29523337
7740.0, 0.29516128
7750.0, 0.29508927
7760.0, 0.29501742
7770.0, 0.29494566
7780.0, 0.29487407
7790.0, 0.29480258
7800.0, 0.2947312
7810.0, 0.29465997
7820.0, 0.29458886
7830.0, 0.29451787
7840.0, 0.29444703
7850.0, 0.29437628
7860.0, 0.29430568
7870.0, 0.2942352
7880.0, 0.29416484
7890.0, 0.2940946
7900.0, 0.29402447
7910.0, 0.2939545
7920.0, 0.2938846
7930.0, 0.29381487
7940.0, 0.29374525
7950.0, 0.29367575
7960.0, 0.29360637
7970.0, 0.2935371
7980.0, 0.29346797
7990.0, 0.29339898
8000.0, 0.29333007
8010.0, 0.29326132
8020.0, 0.29319265
8030.0, 0.29312414
8040.0, 0.29305574
8050.0, 0.29298744
8060.0, 0.29291928
8070.0, 0.29285124
8080.0, 0.29278332
8090.0, 0.29271552
8100.0, 0.29264784
8110.0, 0.29258028
8120.0, 0.29251283
8130.0, 0.2924455
8140.0, 0.29237828
8150.0, 0.2923112
8160.0, 0.29224423
8170.0, 0.29217738
8180.0, 0.29211065
8190.0, 0.29204404
8200.0, 0.29197755
8210.0, 0.29191118
8220.0, 0.2918449
8230.0, 0.29177877
8240.0, 0.29171273
8250.0, 0.29164684
8260.0, 0.29158103
8270.0, 0.29151535
8280.0, 0.29144982
8290.0, 0.29138437
8300.0, 0.29131904
8310.0, 0.29125383
8320.0, 0.29118872
8330.0, 0.29112375
8340.0, 0.2910589
8350.0, 0.29099414
8360.0, 0.2909295
8370.0, 0.290865
8380.0, 0.2908006
8390.0, 0.2907363
8400.0, 0.29067212
8410.0, 0.29060805
8420.0, 0.29054412
8430.0, 0.2904803
8440.0, 0.29041657
8450.0, 0.29035294
8460.0, 0.29028946
8470.0, 0.29022607
8480.0, 0.2901628
8490.0, 0.29009965
8500.0, 0.29003662
8510.0, 0.28997368
8520.0, 0.28991085
8530.0, 0.28984815
8540.0, 0.28978556
8550.0, 0.28972307
8560.0, 0.2896607
8570.0, 0.28959844
8580.0, 0.2895363
8590.0, 0.28947425
8600.0, 0.28941232
8610.0, 0.2893505
8620.0, 0.2892888
8630.0, 0.28922722
8640.0, 0.2891657
8650.0, 0.28910434
8660.0, 0.28904307
8670.0, 0.2889819
8680.0, 0.28892088
8690.0, 0.28885993
8700.0, 0.2887991
8710.0, 0.2887384
8720.0, 0.28867778
8730.0, 0.28861725
8740.0, 0.28855687
8750.0, 0.28849658
8760.0, 0.2884364
8770.0, 0.28837633
8780.0, 0.28831637
8790.0, 0.2882565
8800.0, 0.28819677
8810.0, 0.2881371
8820.0, 0.28807756
8830.0, 0.28801814
8840.0, 0.28795883
8850.0, 0.2878996
8860.0, 0.2878405
8870.0, 0.28778148
8880.0, 0.2877226
8890.0, 0.2876638
8900.0, 0.2876051
8910.0, 0.28754652
8920.0, 0.28748804
8930.0, 0.2874297
8940.0, 0.2873714
8950.0, 0.28731325
8960.0, 0.2872552
8970.0, 0.28719723
8980.0, 0.2871394
8990.0, 0.28708163
9000.0, 0.287024
9010.0, 0.28696644
9020.0, 0.286909
9030.0, 0.28685167
9040.0, 0.28679445
9050.0, 0.28673732
9060.0, 0.2866803
9070.0, 0.2866234
9080.0, 0.28656656
9090.0, 0.28650984
9100.0, 0.28645325
9110.0, 0.2863967
9120.0, 0.28634033
9130.0, 0.286284
9140.0, 0.2862278
9150.0, 0.2861717
9160.0, 0.28611568
9170.0, 0.2860598
9180.0, 0.28600398
9190.0, 0.28594828
9200.0, 0.2858927
9210.0, 0.28583717
9220.0, 0.28578177
9230.0, 0.2857265
9240.0, 0.28567126
9250.0, 0.28561616
9260.0, 0.28556117
9270.0, 0.28550628
9280.0, 0.28545147
9290.0, 0.28539675
9300.0, 0.28534216
9310.0, 0.28528765
9320.0, 0.28523323
9330.0, 0.28517893
9340.0, 0.28512472
9350.0, 0.2850706
9360.0, 0.2850166
9370.0, 0.28496265
9380.0, 0.28490886
9390.0, 0.28485513
9400.0, 0.28480148
9410.0, 0.28474796
9420.0, 0.28469455
9430.0, 0.2846412
9440.0, 0.28458795
9450.0, 0.2845348
9460.0, 0.28448176
9470.0, 0.28442883
9480.0, 0.28437597
9490.0, 0.28432322
9500.0, 0.28427055
9510.0, 0.28421798
9520.0, 0.2841655
9530.0, 0.28411314
9540.0, 0.28406087
9550.0, 0.28400865
9560.0, 0.2839566
9570.0, 0.28390458
9580.0, 0.28385267
9590.0, 0.28380087
9600.0, 0.28374913
9610.0, 0.28369752
9620.0, 0.283646
9630.0, 0.28359458
9640.0, 0.28354323
9650.0, 0.28349197
9660.0, 0.28344083
9670.0, 0.28338978
9680.0, 0.2833388
9690.0, 0.2832879
9700.0, 0.28323713
9710.0, 0.28318647
9720.0, 0.28313586
9730.0, 0.28308535
9740.0, 0.28303492
9750.0, 0.2829846
9760.0, 0.28293437
9770.0, 0.28288424
9780.0, 0.2828342
9790.0, 0.28278422
9800.0, 0.28273436
9810.0, 0.2826846
9820.0, 0.2826349
9830.0, 0.28258532
9840.0, 0.28253582
9850.0, 0.2824864
9860.0, 0.2824371
9870.0, 0.28238785
9880.0, 0.2823387
9890.0, 0.28228965
9900.0, 0.2822407
9910.0, 0.2821918
9920.0, 0.28214303
9930.0, 0.28209433
9940.0, 0.28204572
9950.0, 0.2819972
9960.0, 0.28194878
9970.0, 0.28190044
9980.0, 0.2818522
9990.0, 0.28180403
10000.0, 0.28175595
10010.0, 0.28170794
10020.0, 0.28166005
10030.0, 0.28161225
10040.0, 0.2815645
10050.0, 0.28151688
10060.0, 0.28146932
10070.0, 0.28142187
10080.0, 0.28137448
10090.0, 0.2813272
10100.0, 0.28127998
10110.0, 0.28123286
10120.0, 0.28118584
10130.0, 0.2811389
10140.0, 0.28109202
10150.0, 0.28104526
10160.0, 0.28099856
10170.0, 0.28095195
10180.0, 0.28090546
10190.0, 0.280859
10200.0, 0.28081265
10210.0, 0.2807664
10220.0, 0.28072023
10230.0, 0.28067413
10240.0, 0.28062811
10250.0, 0.2805822
10260.0, 0.28053635
10270.0, 0.2804906
10280.0, 0.28044492
10290.0, 0.28039935
10300.0, 0.28035384
10310.0, 0.28030843
10320.0, 0.2802631
10330.0, 0.28021783
10340.0, 0.28017268
10350.0, 0.28012758
10360.0, 0.28008258
10370.0, 0.28003764
10380.0, 0.27999282
10390.0, 0.27994806
10400.0, 0.27990338
10410.0, 0.2798588
10420.0, 0.27981427
10430.0, 0.27976984
10440.0, 0.27972552
10450.0, 0.27968124
10460.0, 0.27963704
10470.0, 0.27959296
10480.0, 0.2795489
10490.0, 0.27950498
10500.0, 0.27946115
10510.0, 0.27941737
10520.0, 0.27937365
10530.0, 0.27933004
10540.0, 0.2792865
10550.0, 0.27924305
10560.0, 0.27919966
10570.0, 0.27915636
10580.0, 0.27911314
10590.0, 0.27907002
10600.0, 0.27902696
10610.0, 0.27898398
10620.0, 0.2789411
10630.0, 0.27889827
10640.0, 0.27885553
10650.0, 0.27881286
10660.0, 0.27877027
10670.0, 0.27872777
10680.0, 0.27868533
10690.0, 0.278643
10700.0, 0.27860072
10710.0, 0.27855852
10720.0, 0.2785164
10730.0, 0.2784744
10740.0, 0.27843243
10750.0, 0.27839056
10760.0, 0.27834874
10770.0, 0.27830702
10780.0, 0.27826536
10790.0, 0.2782238
10800.0, 0.2781823
10810.0, 0.27814087
10820.0, 0.27809954
10830.0, 0.2780583
10840.0, 0.2780171
10850.0, 0.27797598
10860.0, 0.27793494
10870.0, 0.277894
10880.0, 0.2778531
10890.0, 0.2778123
10900.0, 0.27777153
10910.0, 0.27773088
10920.0, 0.27769032
10930.0, 0.2776498
10940.0, 0.27760938
10950.0, 0.27756903
10960.0, 0.27752873
10970.0, 0.27748853
10980.0, 0.2774484
10990.0, 0.27740833
11000.0, 0.27736834
11010.0, 0.27732843
11020.0, 0.2772886
11030.0, 0.27724883
11040.0, 0.27720913
11050.0, 0.27716953
11060.0, 0.27712998
11070.0, 0.27709052
11080.0, 0.27705112
11090.0, 0.2770118
11100.0, 0.27697253
11110.0, 0.27693337
11120.0, 0.27689427
11130.0, 0.27685523
11140.0, 0.27681628
11150.0, 0.2767774
11160.0, 0.27673858
11170.0, 0.27669984
11180.0, 0.27666116
11190.0, 0.27662256
11200.0, 0.27658403
11210.0, 0.27654558
11220.0, 0.2765072
11230.0, 0.2764689
11240.0, 0.27643064
11250.0, 0.2763925
11260.0, 0.2763544
11270.0, 0.27631634
11280.0, 0.2762784
11290.0, 0.27624053
11300.0, 0.2762027
11310.0, 0.27616495
11320.0, 0.27612728
11330.0, 0.27608967
11340.0, 0.27605215
11350.0, 0.27601466
11360.0, 0.27597728
11370.0, 0.27593994
11380.0, 0.2759027
11390.0, 0.2758655
11400.0, 0.2758284
11410.0, 0.27579135
11420.0, 0.27575436
11430.0, 0.27571747
11440.0, 0.2756806
11450.0, 0.27564386
11460.0, 0.27560714
11470.0, 0.2755705
11480.0, 0.27553394
11490.0, 0.27549744
11500.0, 0.27546102
11510.0, 0.27542463
11520.0, 0.27538836
11530.0, 0.27535212
11540.0, 0.27531597
11550.0, 0.27527988
11560.0, 0.27524385
11570.0, 0.27520788
11580.0, 0.275172
11590.0, 0.27513617
11600.0, 0.2751004
11610.0, 0.27506474
11620.0, 0.27502912
11630.0, 0.27499354
11640.0, 0.27495804
11650.0, 0.27492264
11660.0, 0.2748873
11670.0, 0.27485198
11680.0, 0.27481675
11690.0, 0.2747816
11700.0, 0.2747465
11710.0, 0.2747115
11720.0, 0.27467653
11730.0, 0.27464163
11740.0, 0.2746068
11750.0, 0.274572
11760.0, 0.27453732
11770.0, 0.2745027
11780.0, 0.27446812
11790.0, 0.2744336
11800.0, 0.27439916
11810.0, 0.2743648
11820.0, 0.27433047
11830.0, 0.27429622
11840.0, 0.27426204
11850.0, 0.27422792
11860.0, 0.27419388
11870.0, 0.27415988
11880.0, 0.27412593
11890.0, 0.27409208
11900.0, 0.27405828
11910.0, 0.27402455
11920.0, 0.27399087
11930.0, 0.27395725
11940.0, 0.2739237
11950.0, 0.2738902
11960.0, 0.2738568
11970.0, 0.27382344
11980.0, 0.27379012
11990.0, 0.2737569
12000.0, 0.27372372
12010.0, 0.2736906
12020.0, 0.27365756
12030.0, 0.27362457
12040.0, 0.27359164
12050.0, 0.2735588
12060.0, 0.27352598
12070.0, 0.27349326
12080.0, 0.27346057
12090.0, 0.27342796
12100.0, 0.2733954
12110.0, 0.2733629
12120.0, 0.27333048
12130.0, 0.27329808
12140.0, 0.27326578
12150.0, 0.27323353
12160.0, 0.27320135
12170.0, 0.27316922
12180.0, 0.27313715
12190.0, 0.27310514
12200.0, 0.2730732
12210.0, 0.2730413
12220.0, 0.27300948
12230.0, 0.2729777
12240.0, 0.272946
12250.0, 0.27291435
12260.0, 0.27288276
12270.0, 0.27285123
12280.0, 0.27281976
12290.0, 0.27278835
12300.0, 0.272757
12310.0, 0.2727257
12320.0, 0.27269447
12330.0, 0.2726633
12340.0, 0.27263218
12350.0, 0.2726011
12360.0, 0.2725701
12370.0, 0.27253917
12380.0, 0.2725083
12390.0, 0.27247745
12400.0, 0.2724467
12410.0, 0.272416
12420.0, 0.27238533
12430.0, 0.27235475
12440.0, 0.2723242
12450.0, 0.27229372
12460.0, 0.27226332
12470.0, 0.27223295
12480.0, 0.27220264
12490.0, 0.2721724
12500.0, 0.2721422
12510.0, 0.27211207
12520.0, 0.272082
12530.0, 0.27205196
12540.0, 0.272022
12550.0, 0.2719921
12560.0, 0.27196226
12570.0, 0.27193245
12580.0, 0.2719027
12590.0, 0.27187303
12600.0, 0.2718434
12610.0, 0.27181384
12620.0, 0.27178434
12630.0, 0.27175486
12640.0, 0.27172548
12650.0, 0.27169612
12660.0, 0.27166682
12670.0, 0.2716376
12680.0, 0.2716084
12690.0, 0.2715793
12700.0, 0.2715502
12710.0, 0.2715212
12720.0, 0.27149224
12730.0, 0.27146333
12740.0, 0.2714345
12750.0, 0.2714057
12760.0, 0.27137694
12770.0, 0.27134827
12780.0, 0.27131963
12790.0, 0.27129105
12800.0, 0.27126253
12810.0, 0.27123404
12820.0, 0.27120563
12830.0, 0.27117726
12840.0, 0.27114895
12850.0, 0.2711207
12860.0, 0.2710925
12870.0, 0.27106434
12880.0, 0.27103624
12890.0, 0.27100822
12900.0, 0.2709802
12910.0, 0.27095228
12920.0, 0.2709244
12930.0, 0.27089658
12940.0, 0.27086878
12950.0, 0.27084106
12960.0, 0.2708134
12970.0, 0.27078578
12980.0, 0.2707582
12990.0, 0.27073067
13000.0, 0.27070323
13010.0, 0.2706758
13020.0, 0.27064845
13030.0, 0.27062115
13040.0, 0.27059388
13050.0, 0.27056667
13060.0, 0.27053955
13070.0, 0.27051246
13080.0, 0.27048537
13090.0, 0.2704584
13100.0, 0.27043146
13110.0, 0.27040455
13120.0, 0.2703777
13130.0, 0.2703509
13140.0, 0.27032417
13150.0, 0.27029747
13160.0, 0.27027082
13170.0, 0.27024424
13180.0, 0.27021772
13190.0, 0.27019122
13200.0, 0.2701648
13210.0, 0.27013838
13220.0, 0.27011207
13230.0, 0.27008575
13240.0, 0.27005953
13250.0, 0.27003333
13260.0, 0.2700072
13270.0, 0.26998112
13280.0, 0.26995507
13290.0, 0.26992908
13300.0, 0.26990315
13310.0, 0.26987725
13320.0, 0.26985142
13330.0, 0.2698256
13340.0, 0.26979986
13350.0, 0.26977417
13360.0, 0.26974854
13370.0, 0.26972294
13380.0, 0.26969737
13390.0, 0.2696719
13400.0, 0.26964644
13410.0, 0.269621
13420.0, 0.26959568
13430.0, 0.26957038
13440.0, 0.2695451
13450.0, 0.2695199
13460.0, 0.26949474
13470.0, 0.26946962
13480.0, 0.26944456
13490.0, 0.26941952
13500.0, 0.26939458
13510.0, 0.26936963
13520.0, 0.26934478
13530.0, 0.26931995
13540.0, 0.26929516
13550.0, 0.26927042
13560.0, 0.26924574
13570.0, 0.2692211
13580.0, 0.2691965
13590.0, 0.26917195
13600.0, 0.26914746
13610.0, 0.26912302
13620.0, 0.2690986
13630.0, 0.26907423
13640.0, 0.2690499
13650.0, 0.26902565
13660.0, 0.26900145
13670.0, 0.26897728
13680.0, 0.26895314
13690.0, 0.26892906
13700.0, 0.26890504
13710.0, 0.26888102
13720.0, 0.2688571
13730.0, 0.2688332
13740.0, 0.26880935
13750.0, 0.26878554
13760.0, 0.26876178
13770.0, 0.26873806
13780.0, 0.2687144
13790.0, 0.26869076
13800.0, 0.2686672
13810.0, 0.26864365
13820.0, 0.26862016
13830.0, 0.2685967
13840.0, 0.2685733
13850.0, 0.26854998
13860.0, 0.26852664
13870.0, 0.26850337
13880.0, 0.26848015
13890.0, 0.26845697
13900.0, 0.26843384
13910.0, 0.26841077
13920.0, 0.2683877
13930.0, 0.2683647
13940.0, 0.26834175
13950.0, 0.26831883
13960.0, 0.26829597
13970.0, 0.26827314
13980.0, 0.26825038
13990.0, 0.26822764
14000.0, 0.26820493
14010.0, 0.26818228
14020.0, 0.2681597
14030.0, 0.2681371
14040.0, 0.2681146
14050.0, 0.2680921
14060.0, 0.26806968
14070.0, 0.26804727
14080.0, 0.26802492
14090.0, 0.26800263
14100.0, 0.26798037
14110.0, 0.26795813
14120.0, 0.26793596
14130.0, 0.26791382
14140.0, 0.26789173
14150.0, 0.26786968
14160.0, 0.26784766
14170.0, 0.26782572
14180.0, 0.2678038
14190.0, 0.26778188
14200.0, 0.26776007
14210.0, 0.26773825
14220.0, 0.2677165
14230.0, 0.2676948
14240.0, 0.2676731
14250.0, 0.26765147
14260.0, 0.2676299
14270.0, 0.26760834
14280.0, 0.26758683
14290.0, 0.26756537
14300.0, 0.26754394
14310.0, 0.26752254
14320.0, 0.2675012
14330.0, 0.2674799
14340.0, 0.26745865
14350.0, 0.26743743
14360.0, 0.26741624
14370.0, 0.2673951
14380.0, 0.267374
14390.0, 0.26735294
14400.0, 0.26733193
14410.0, 0.26731095
14420.0, 0.26729
14430.0, 0.2672691
14440.0, 0.26724824
14450.0, 0.26722744
14460.0, 0.26720664
14470.0, 0.26718593
14480.0, 0.2671652
14490.0, 0.26714456
14500.0, 0.26712394
14510.0, 0.26710337
14520.0, 0.26708284
14530.0, 0.26706234
14540.0, 0.26704186
14550.0, 0.26702145
14560.0, 0.26700106
14570.0, 0.26698074
14580.0, 0.2669604
14590.0, 0.26694015
14600.0, 0.26691994
14610.0, 0.26689973
14620.0, 0.2668796
14630.0, 0.2668595
14640.0, 0.2668394
14650.0, 0.2668194
14660.0, 0.2667994
14670.0, 0.26677942
14680.0, 0.2667595
14690.0, 0.26673964
14700.0, 0.2667198
14710.0, 0.2667
14720.0, 0.26668024
14730.0, 0.2666605
14740.0, 0.26664084
14750.0, 0.26662117
14760.0, 0.26660156
14770.0, 0.26658198
14780.0, 0.26656246
14790.0, 0.26654297
14800.0, 0.26652348
14810.0, 0.26650408
14820.0, 0.26648468
14830.0, 0.26646534
14840.0, 0.26644602
14850.0, 0.26642674
14860.0, 0.26640752
14870.0, 0.2663883
14880.0, 0.26636913
14890.0, 0.26635003
14900.0, 0.26633093
14910.0, 0.26631188
14920.0, 0.26629287
14930.0, 0.2662739
14940.0, 0.26625493
14950.0, 0.26623604
14960.0, 0.26621717
14970.0, 0.26619834
14980.0, 0.26617953
14990.0, 0.26616076
15000.0, 0.26614204
15010.0, 0.26612335
15020.0, 0.2661047
15030.0, 0.2660861
15040.0, 0.2660675
15050.0, 0.26604897
15060.0, 0.26603043
15070.0, 0.26601198
15080.0, 0.26599354
15090.0, 0.26597515
15100.0, 0.26595676
15110.0, 0.26593843
15120.0, 0.26592013
15130.0, 0.26590186
15140.0, 0.26588365
15150.0, 0.26586547
15160.0, 0.2658473
15170.0, 0.26582918
15180.0, 0.26581112
15190.0, 0.26579306
15200.0, 0.26577505
15210.0, 0.26575705
15220.0, 0.2657391
15230.0, 0.2657212
15240.0, 0.26570332
15250.0, 0.26568547
15260.0, 0.26566768
15270.0, 0.26564988
15280.0, 0.26563215
15290.0, 0.26561445
15300.0, 0.26559678
15310.0, 0.26557913
15320.0, 0.26556155
15330.0, 0.26554397
15340.0, 0.26552644
15350.0, 0.26550895
15360.0, 0.2654915
15370.0, 0.26547402
15380.0, 0.26545665
15390.0, 0.26543927
15400.0, 0.26542193
15410.0, 0.26540464
15420.0, 0.2653874
15430.0, 0.26537013
15440.0, 0.26535293
15450.0, 0.26533577
15460.0, 0.26531863
15470.0, 0.26530156
15480.0, 0.26528448
15490.0, 0.26526746
15500.0, 0.26525044
15510.0, 0.2652335
15520.0, 0.26521656
15530.0, 0.26519966
15540.0, 0.2651828
15550.0, 0.26516593
15560.0, 0.26514915
15570.0, 0.26513237
15580.0, 0.26511562
15590.0, 0.26509893
15600.0, 0.26508224
15610.0, 0.2650656
15620.0, 0.26504898
15630.0, 0.2650324
15640.0, 0.26501587
15650.0, 0.26499936
15660.0, 0.26498288
15670.0, 0.26496643
15680.0, 0.26495
15690.0, 0.26493362
15700.0, 0.26491725
15710.0, 0.26490095
15720.0, 0.26488465
15730.0, 0.2648684
15740.0, 0.26485217
15750.0, 0.26483598
15760.0, 0.2648198
15770.0, 0.26480368
15780.0, 0.26478755
15790.0, 0.2647715
15800.0, 0.26475546
15810.0, 0.26473945
15820.0, 0.26472348
15830.0, 0.26470754
15840.0, 0.26469162
15850.0, 0.26467574
15860.0, 0.26465988
15870.0, 0.26464406
15880.0, 0.26462826
15890.0, 0.2646125
15900.0, 0.26459676
15910.0, 0.26458105
15920.0, 0.2645654
15930.0, 0.26454976
15940.0, 0.26453415
15950.0, 0.26451856
15960.0, 0.264503
15970.0, 0.26448748
15980.0, 0.264472
15990.0, 0.26445654
16000.0, 0.2644411
16010.0, 0.2644257
16020.0, 0.26441035
16030.0, 0.264395
16040.0, 0.26437968
16050.0, 0.26436442
16060.0, 0.26434916
16070.0, 0.26433393
16080.0, 0.26431876
16090.0, 0.2643036
16100.0, 0.26428846
16110.0, 0.26427335
16120.0, 0.26425827
16130.0, 0.26424322
16140.0, 0.26422822
16150.0, 0.26421323
16160.0, 0.26419827
16170.0, 0.26418334
16180.0, 0.26416844
16190.0, 0.26415357
16200.0, 0.26413873
16210.0, 0.26412392
16220.0, 0.26410913
16230.0, 0.26409438
16240.0, 0.26407966
16250.0, 0.26406497
16260.0, 0.26405028
16270.0, 0.26403564
16280.0, 0.26402104
16290.0, 0.26400644
16300.0, 0.2639919
16310.0, 0.26397735
16320.0, 0.26396286
16330.0, 0.2639484
16340.0, 0.26393396
16350.0, 0.26391953
16360.0, 0.26390517
16370.0, 0.2638908
16380.0, 0.26387647
16390.0, 0.26386216
16400.0, 0.2638479
16410.0, 0.26383364
16420.0, 0.26381943
16430.0, 0.2638052
16440.0, 0.26379105
16450.0, 0.26377693
16460.0, 0.2637628
16470.0, 0.26374874
16480.0, 0.26373467
16490.0, 0.26372066
16500.0, 0.26370665
16510.0, 0.26369268
16520.0, 0.26367873
16530.0, 0.2636648
16540.0, 0.26365092
16550.0, 0.26363707
16560.0, 0.2636232
16570.0, 0.2636094
16580.0, 0.2635956
16590.0, 0.26358187
16600.0, 0.26356813
16610.0, 0.26355442
16620.0, 0.26354077
16630.0, 0.2635271
16640.0, 0.26351348
16650.0, 0.2634999
16660.0, 0.26348633
16670.0, 0.26347277
16680.0, 0.26345927
16690.0, 0.26344576
16700.0, 0.2634323
16710.0, 0.26341885
16720.0, 0.26340544
16730.0, 0.26339206
16740.0, 0.26337868
16750.0, 0.26336536
16760.0, 0.26335207
16770.0, 0.26333877
16780.0, 0.2633255
16790.0, 0.26331228
16800.0, 0.26329908
16810.0, 0.2632859
16820.0, 0.26327273
16830.0, 0.26325962
16840.0, 0.2632465
16850.0, 0.26323342
16860.0, 0.2632204
16870.0, 0.26320738
16880.0, 0.26319435
16890.0, 0.2631814
16900.0, 0.26316845
16910.0, 0.26315552
16920.0, 0.26314262
16930.0, 0.26312974
16940.0, 0.2631169
16950.0, 0.26310408
16960.0, 0.26309127
16970.0, 0.26307848
16980.0, 0.26306573
16990.0, 0.26305303
17000.0, 0.2630403
17010.0, 0.26302764
17020.0, 0.263015
17030.0, 0.26300237
17040.0, 0.26298976
17050.0, 0.26297718
17060.0, 0.26296464
17070.0, 0.26295212
17080.0, 0.2629396
17090.0, 0.26292711
17100.0, 0.26291466
17110.0, 0.26290223
17120.0, 0.26288983
17130.0, 0.26287746
17140.0, 0.2628651
17150.0, 0.26285276
17160.0, 0.26284045
17170.0, 0.26282817
17180.0, 0.2628159
17190.0, 0.26280367
17200.0, 0.26279145
17210.0, 0.26277927
17220.0, 0.2627671
17230.0, 0.26275495
17240.0, 0.26274285
17250.0, 0.26273075
17260.0, 0.26271868
17270.0, 0.2627066
17280.0, 0.2626946
17290.0, 0.2626826
17300.0, 0.26267064
17310.0, 0.2626587
17320.0, 0.26264673
17330.0, 0.26263484
17340.0, 0.26262295
17350.0, 0.2626111
17360.0, 0.26259926
17370.0, 0.26258743
17380.0, 0.26257566
17390.0, 0.26256388
17400.0, 0.26255214
17410.0, 0.2625404
17420.0, 0.26252872
17430.0, 0.26251704
17440.0, 0.26250538
17450.0, 0.26249373
17460.0, 0.26248214
17470.0, 0.26247054
17480.0, 0.26245898
17490.0, 0.26244745
17500.0, 0.26243594
17510.0, 0.26242444
17520.0, 0.26241297
17530.0, 0.26240152
17540.0, 0.26239008
17550.0, 0.2623787
17560.0, 0.26236728
17570.0, 0.26235592
17580.0, 0.2623446
17590.0, 0.26233327
17600.0, 0.26232198
17610.0, 0.2623107
17620.0, 0.26229945
17630.0, 0.26228824
17640.0, 0.26227704
17650.0, 0.26226583
17660.0, 0.2622547
17670.0, 0.26224354
17680.0, 0.26223242
17690.0, 0.2622213
17700.0, 0.26221025
17710.0, 0.2621992
17720.0, 0.26218817
17730.0, 0.26217714
17740.0, 0.26216617
17750.0, 0.26215518
17760.0, 0.26214424
17770.0, 0.26213333
17780.0, 0.26212242
17790.0, 0.26211154
17800.0, 0.26210067
17810.0, 0.26208982
17820.0, 0.262079
17830.0, 0.2620682
17840.0, 0.26205745
17850.0, 0.2620467
17860.0, 0.26203597
17870.0, 0.26202524
17880.0, 0.26201454
17890.0, 0.26200387
17900.0, 0.26199323
17910.0, 0.2619826
17920.0, 0.26197198
17930.0, 0.2619614
17940.0, 0.26195085
17950.0, 0.26194027
17960.0, 0.26192975
17970.0, 0.26191926
17980.0, 0.26190877
17990.0, 0.2618983
18000.0, 0.26188785
18010.0, 0.26187745
18020.0, 0.26186705
18030.0, 0.26185668
18040.0, 0.2618463
18050.0, 0.26183593
18060.0, 0.26182562
18070.0, 0.26181534
18080.0, 0.26180506
18090.0, 0.26179478
18100.0, 0.26178455
18110.0, 0.26177433
18120.0, 0.26176414
18130.0, 0.26175395
18140.0, 0.26174378
18150.0, 0.26173365
18160.0, 0.26172352
18170.0, 0.26171342
18180.0, 0.26170334
18190.0, 0.26169327
18200.0, 0.26168326
18210.0, 0.2616732
18220.0, 0.2616632
18230.0, 0.26165324
18240.0, 0.26164326
18250.0, 0.26163334
18260.0, 0.2616234
18270.0, 0.2616135
18280.0, 0.2616036
18290.0, 0.26159373
18300.0, 0.2615839
18310.0, 0.26157406
18320.0, 0.26156425
18330.0, 0.26155445
18340.0, 0.26154467
18350.0, 0.26153496
18360.0, 0.2615252
18370.0, 0.2615155
18380.0, 0.2615058
18390.0, 0.26149613
18400.0, 0.26148647
18410.0, 0.26147684
18420.0, 0.26146722
18430.0, 0.26145762
18440.0, 0.26144806
18450.0, 0.2614385
18460.0, 0.26142892
18470.0, 0.26141942
18480.0, 0.2614099
18490.0, 0.26140043
18500.0, 0.26139095
18510.0, 0.2613815
18520.0, 0.26137206
18530.0, 0.26136267
18540.0, 0.26135328
18550.0, 0.2613439
18560.0, 0.26133454
18570.0, 0.2613252
18580.0, 0.26131588
18590.0, 0.26130658
18600.0, 0.2612973
18610.0, 0.26128802
18620.0, 0.26127878
18630.0, 0.26126957
18640.0, 0.26126036
18650.0, 0.26125115
18660.0, 0.26124197
18670.0, 0.26123282
18680.0, 0.26122367
18690.0, 0.26121455
18700.0, 0.26120546
18710.0, 0.26119637
18720.0, 0.26118731
18730.0, 0.26117826
18740.0, 0.26116922
18750.0, 0.2611602
18760.0, 0.26115122
18770.0, 0.26114222
18780.0, 0.26113328
18790.0, 0.2611243
18800.0, 0.2611154
18810.0, 0.2611065
18820.0, 0.2610976
18830.0, 0.26108873
18840.0, 0.26107988
18850.0, 0.26107103
18860.0, 0.2610622
18870.0, 0.2610534
18880.0, 0.26104462
18890.0, 0.26103586
18900.0, 0.2610271
18910.0, 0.26101837
18920.0, 0.26100966
18930.0, 0.26100096
18940.0, 0.26099226
18950.0, 0.26098362
18960.0, 0.26097494
18970.0, 0.26096633
18980.0, 0.2609577
18990.0, 0.2609491
19000.0, 0.26094052
19010.0, 0.26093197
19020.0, 0.26092342
19030.0, 0.2609149
19040.0, 0.26090637
19050.0, 0.26089787
19060.0, 0.26088938
19070.0, 0.26088092
19080.0, 0.26087248
19090.0, 0.26086405
19100.0, 0.26085562
19110.0, 0.26084724
19120.0, 0.26083887
19130.0, 0.2608305
19140.0, 0.26082215
19150.0, 0.2608138
19160.0, 0.2608055
19170.0, 0.2607972
19180.0, 0.26078892
19190.0, 0.26078063
19200.0, 0.2607724
19210.0, 0.26076415
19220.0, 0.26075593
19230.0, 0.26074773
19240.0, 0.26073956
19250.0, 0.26073137
19260.0, 0.26072323
19270.0, 0.2607151
19280.0, 0.26070696
19290.0, 0.26069888
19300.0, 0.26069078
19310.0, 0.2606827
19320.0, 0.26067466
19330.0, 0.2606666
19340.0, 0.26065856
19350.0, 0.26065058
19360.0, 0.26064256
19370.0, 0.2606346
19380.0, 0.2606266
19390.0, 0.2606187
19400.0, 0.26061076
19410.0, 0.26060283
19420.0, 0.26059493
19430.0, 0.26058704
19440.0, 0.26057917
19450.0, 0.26057133
19460.0, 0.2605635
19470.0, 0.26055565
19480.0, 0.26054785
19490.0, 0.26054007
19500.0, 0.2605323
19510.0, 0.2605245
19520.0, 0.26051676
19530.0, 0.26050904
19540.0, 0.26050133
19550.0, 0.26049364
19560.0, 0.26048595
19570.0, 0.2604783
19580.0, 0.26047063
19590.0, 0.26046297
19600.0, 0.26045534
19610.0, 0.26044774
19620.0, 0.26044014
19630.0, 0.26043257
19640.0, 0.260425
19650.0, 0.26041743
19660.0, 0.26040992
19670.0, 0.26040238
19680.0, 0.26039487
19690.0, 0.2603874
19700.0, 0.2603799
19710.0, 0.26037246
19720.0, 0.260365
19730.0, 0.2603576
19740.0, 0.26035017
19750.0, 0.26034275
19760.0, 0.26033536
19770.0, 0.260328
19780.0, 0.26032063
19790.0, 0.2603133
19800.0, 0.26030594
19810.0, 0.26029864
19820.0, 0.26029134
19830.0, 0.26028407
19840.0, 0.2602768
19850.0, 0.26026952
19860.0, 0.26026228
19870.0, 0.26025504
19880.0, 0.26024783
19890.0, 0.2602406
19900.0, 0.26023343
19910.0, 0.26022628
19920.0, 0.26021913
19930.0, 0.26021197
19940.0, 0.26020485
19950.0, 0.2601977
19960.0, 0.2601906
19970.0, 0.2601835
19980.0, 0.26017645
19990.0, 0.2601694
20000.0, 0.26016235
20010.0, 0.26015532
20020.0, 0.2601483
20030.0, 0.26014128
20040.0, 0.26013428
20050.0, 0.2601273
20060.0, 0.26012036
20070.0, 0.2601134
20080.0, 0.26010647
20090.0, 0.26009956
20100.0, 0.26009262
20110.0, 0.26008573
20120.0, 0.26007885
20130.0, 0.260072
20140.0, 0.26006514
20150.0, 0.26005828
20160.0, 0.26005146
20170.0, 0.26004463
20180.0, 0.26003784
20190.0, 0.26003107
20200.0, 0.26002428
20210.0, 0.2600175
20220.0, 0.26001078
20230.0, 0.26000404
20240.0, 0.2599973
20250.0, 0.2599906
20260.0, 0.2599839
20270.0, 0.25997722
20280.0, 0.25997058
20290.0, 0.2599639
20300.0, 0.25995728
20310.0, 0.25995064
20320.0, 0.25994402
20330.0, 0.25993744
20340.0, 0.25993082
20350.0, 0.25992426
20360.0, 0.25991768
20370.0, 0.25991115
20380.0, 0.2599046
20390.0, 0.25989807
20400.0, 0.25989157
20410.0, 0.25988507
20420.0, 0.25987858
20430.0, 0.2598721
20440.0, 0.25986564
20450.0, 0.2598592
20460.0, 0.25985277
20470.0, 0.25984633
20480.0, 0.25983992
20490.0, 0.25983354
20500.0, 0.25982714
20510.0, 0.2598208
20520.0, 0.2598144
20530.0, 0.25980806
20540.0, 0.25980175
20550.0, 0.25979543
20560.0, 0.2597891
20570.0, 0.25978282
20580.0, 0.25977653
20590.0, 0.25977024
20600.0, 0.259764
20610.0, 0.25975776
20620.0, 0.2597515
20630.0, 0.25974527
20640.0, 0.25973907
20650.0, 0.25973287
20660.0, 0.2597267
20670.0, 0.25972053
20680.0, 0.25971437
20690.0, 0.2597082
20700.0, 0.25970206
20710.0, 0.25969595
20720.0, 0.25968984
20730.0, 0.25968373
20740.0, 0.25967765
20750.0, 0.25967157
20760.0, 0.2596655
20770.0, 0.25965944
20780.0, 0.2596534
20790.0, 0.25964737
20800.0, 0.25964138
20810.0, 0.25963536
20820.0, 0.25962937
20830.0, 0.25962338
20840.0, 0.25961742
20850.0, 0.25961146
20860.0, 0.2596055
20870.0, 0.25959957
20880.0, 0.25959367
20890.0, 0.25958773
20900.0, 0.25958183
20910.0, 0.25957593
20920.0, 0.25957006
20930.0, 0.25956422
20940.0, 0.25955838
20950.0, 0.2595525
20960.0, 0.25954667
20970.0, 0.25954086
20980.0, 0.25953504
20990.0, 0.25952926
21000.0, 0.25952348
21010.0, 0.25951773
21020.0, 0.25951195
21030.0, 0.2595062
21040.0, 0.25950047
21050.0, 0.25949472
21060.0, 0.25948903
21070.0, 0.2594833
21080.0, 0.25947762
21090.0, 0.25947192
21100.0, 0.25946626
21110.0, 0.2594606
21120.0, 0.25945497
21130.0, 0.25944933
21140.0, 0.2594437
21150.0, 0.25943807
21160.0, 0.25943246
21170.0, 0.2594269
21180.0, 0.25942132
21190.0, 0.25941575
21200.0, 0.25941017
21210.0, 0.25940463
21220.0, 0.2593991
21230.0, 0.25939357
21240.0, 0.25938806
21250.0, 0.25938255
21260.0, 0.25937703
21270.0, 0.25937158
21280.0, 0.2593661
21290.0, 0.25936064
21300.0, 0.2593552
21310.0, 0.25934973
21320.0, 0.2593443
21330.0, 0.2593389
21340.0, 0.2593335
21350.0, 0.2593281
21360.0, 0.2593227
21370.0, 0.25931734
21380.0, 0.25931197
21390.0, 0.2593066
21400.0, 0.25930128
21410.0, 0.25929594
21420.0, 0.2592906
21430.0, 0.2592853
21440.0, 0.25928
21450.0, 0.25927472
21460.0, 0.25926942
21470.0, 0.25926417
21480.0, 0.2592589
21490.0, 0.25925365
21500.0, 0.2592484
21510.0, 0.2592432
21520.0, 0.25923797
21530.0, 0.25923276
21540.0, 0.25922757
21550.0, 0.25922236
21560.0, 0.25921717
21570.0, 0.25921202
21580.0, 0.25920686
21590.0, 0.25920174
21600.0, 0.25919658
21610.0, 0.25919145
21620.0, 0.25918633
21630.0, 0.25918123
21640.0, 0.25917614
21650.0, 0.25917104
21660.0, 0.25916597
21670.0, 0.2591609
21680.0, 0.25915587
21690.0, 0.2591508
21700.0, 0.25914577
21710.0, 0.25914076
21720.0, 0.25913572
21730.0, 0.25913072
21740.0, 0.25912574
21750.0, 0.25912076
21760.0, 0.2591158
21770.0, 0.2591108
21780.0, 0.25910586
21790.0, 0.2591009
21800.0, 0.25909597
21810.0, 0.25909102
21820.0, 0.2590861
21830.0, 0.2590812
21840.0, 0.25907633
21850.0, 0.25907144
21860.0, 0.25906655
21870.0, 0.2590617
21880.0, 0.25905684
21890.0, 0.25905198
21900.0, 0.25904712
21910.0, 0.2590423
21920.0, 0.2590375
21930.0, 0.25903267
21940.0, 0.25902787
21950.0, 0.25902307
21960.0, 0.2590183
21970.0, 0.25901353
21980.0, 0.25900877
21990.0, 0.259004
22000.0, 0.25899926
22010.0, 0.25899452
22020.0, 0.25898978
22030.0, 0.25898507
22040.0, 0.25898036
22050.0, 0.25897568
22060.0, 0.25897098
22070.0, 0.2589663
22080.0, 0.25896165
22090.0, 0.25895697
22100.0, 0.25895232
22110.0, 0.25894767
22120.0, 0.25894302
22130.0, 0.25893843
22140.0, 0.2589338
22150.0, 0.2589292
22160.0, 0.2589246
22170.0, 0.25892
22180.0, 0.25891542
22190.0, 0.25891086
22200.0, 0.2589063
22210.0, 0.25890175
22220.0, 0.25889722
22230.0, 0.2588927
22240.0, 0.25888816
22250.0, 0.25888366
22260.0, 0.25887913
22270.0, 0.25887462
22280.0, 0.25887015
22290.0, 0.25886565
22300.0, 0.25886118
22310.0, 0.25885674
22320.0, 0.25885227
22330.0, 0.25884783
22340.0, 0.2588434
22350.0, 0.25883898
22360.0, 0.25883454
22370.0, 0.25883013
22380.0, 0.25882575
22390.0, 0.25882137
22400.0, 0.25881696
22410.0, 0.25881258
22420.0, 0.25880823
22430.0, 0.25880387
22440.0, 0.25879952
22450.0, 0.25879517
22460.0, 0.25879085
22470.0, 0.25878653
22480.0, 0.2587822
22490.0, 0.2587779
22500.0, 0.2587736
22510.0, 0.2587693
22520.0, 0.25876504
22530.0, 0.25876078
22540.0, 0.25875652
22550.0, 0.25875226
22560.0, 0.258748
22570.0, 0.25874376
22580.0, 0.25873953
22590.0, 0.2587353
22600.0, 0.2587311
22610.0, 0.2587269
22620.0, 0.2587227
22630.0, 0.25871852
22640.0, 0.25871435
22650.0, 0.25871015
22660.0, 0.258706
22670.0, 0.25870186
22680.0, 0.2586977
22690.0, 0.25869355
22700.0, 0.25868943
22710.0, 0.2586853
22720.0, 0.2586812
22730.0, 0.2586771
22740.0, 0.25867298
22750.0, 0.2586689
22760.0, 0.25866482
22770.0, 0.25866073
22780.0, 0.25865668
22790.0, 0.25865263
22800.0, 0.25864857
22810.0, 0.25864452
22820.0, 0.2586405
22830.0, 0.25863647
22840.0, 0.25863245
22850.0, 0.25862846
22860.0, 0.25862446
22870.0, 0.25862047
22880.0, 0.25861648
22890.0, 0.25861248
22900.0, 0.25860852
22910.0, 0.25860456
22920.0, 0.25860062
22930.0, 0.25859666
22940.0, 0.25859272
22950.0, 0.2585888
22960.0, 0.2585849
22970.0, 0.25858095
22980.0, 0.25857705
22990.0, 0.25857314
23000.0, 0.25856927
23010.0, 0.25856537
23020.0, 0.2585615
23030.0, 0.25855765
23040.0, 0.25855377
23050.0, 0.25854993
23060.0, 0.25854608
23070.0, 0.25854224
23080.0, 0.25853842
23090.0, 0.25853458
23100.0, 0.25853077
23110.0, 0.25852695
23120.0, 0.25852317
23130.0, 0.25851935
23140.0, 0.2585156
23150.0, 0.2585118
23160.0, 0.25850803
23170.0, 0.25850427
23180.0, 0.25850052
23190.0, 0.25849676
23200.0, 0.25849304
23210.0, 0.2584893
23220.0, 0.2584856
23230.0, 0.25848186
23240.0, 0.25847816
23250.0, 0.25847444
23260.0, 0.25847074
23270.0, 0.25846708
23280.0, 0.25846338
23290.0, 0.25845972
23300.0, 0.25845605
23310.0, 0.2584524
23320.0, 0.25844872
23330.0, 0.25844508
23340.0, 0.25844145
23350.0, 0.2584378
23360.0, 0.2584342
23370.0, 0.25843057
23380.0, 0.258427
23390.0, 0.2584234
23400.0, 0.25841978
23410.0, 0.2584162
23420.0, 0.2584126
23430.0, 0.25840902
23440.0, 0.25840548
23450.0, 0.2584019
23460.0, 0.25839835
23470.0, 0.2583948
23480.0, 0.2583913
23490.0, 0.25838774
23500.0, 0.25838423
23510.0, 0.2583807
23520.0, 0.2583772
23530.0, 0.2583737
23540.0, 0.25837022
23550.0, 0.2583667
23560.0, 0.25836322
23570.0, 0.25835976
23580.0, 0.2583563
23590.0, 0.25835285
23600.0, 0.25834936
23610.0, 0.25834593
23620.0, 0.25834247
23630.0, 0.25833905
23640.0, 0.25833562
23650.0, 0.2583322
23660.0, 0.2583288
23670.0, 0.2583254
23680.0, 0.258322
23690.0, 0.25831857
23700.0, 0.2583152
23710.0, 0.2583118
23720.0, 0.25830844
23730.0, 0.25830507
23740.0, 0.25830173
23750.0, 0.25829837
23760.0, 0.25829503
23770.0, 0.2582917
23780.0, 0.25828835
23790.0, 0.25828502
23800.0, 0.2582817
23810.0, 0.2582784
23820.0, 0.2582751
23830.0, 0.25827178
23840.0, 0.2582685
23850.0, 0.2582652
23860.0, 0.25826192
23870.0, 0.25825867
23880.0, 0.2582554
23890.0, 0.2582521
23900.0, 0.25824887
23910.0, 0.25824562
23920.0, 0.2582424
23930.0, 0.25823915
23940.0, 0.25823593
23950.0, 0.25823268
23960.0, 0.2582295
23970.0, 0.25822628
23980.0, 0.25822306
23990.0, 0.25821987
24000.0, 0.25821668
24010.0, 0.2582135
24020.0, 0.2582103
24030.0, 0.25820714
24040.0, 0.25820398
24050.0, 0.25820082
24060.0, 0.25819767
24070.0, 0.25819454
24080.0, 0.25819138
24090.0, 0.25818825
24100.0, 0.25818512
24110.0, 0.25818202
24120.0, 0.2581789
24130.0, 0.25817576
24140.0, 0.25817266
24150.0, 0.2581696
24160.0, 0.2581665
24170.0, 0.25816342
24180.0, 0.25816032
24190.0, 0.25815725
24200.0, 0.25815418
24210.0, 0.2581511
24220.0, 0.25814807
24230.0, 0.25814503
24240.0, 0.258142
24250.0, 0.25813895
24260.0, 0.2581359
24270.0, 0.2581329
24280.0, 0.2581299
24290.0, 0.25812685
24300.0, 0.25812387
24310.0, 0.25812086
24320.0, 0.25811785
24330.0, 0.25811487
24340.0, 0.2581119
24350.0, 0.2581089
24360.0, 0.25810596
24370.0, 0.25810298
24380.0, 0.25810003
24390.0, 0.25809708
24400.0, 0.25809413
24410.0, 0.25809118
24420.0, 0.25808826
24430.0, 0.25808534
24440.0, 0.2580824
24450.0, 0.25807947
24460.0, 0.25807658
24470.0, 0.25807366
24480.0, 0.25807077
24490.0, 0.25806788
24500.0, 0.258065
24510.0, 0.2580621
24520.0, 0.25805923
24530.0, 0.25805637
24540.0, 0.25805348
24550.0, 0.25805062
24560.0, 0.2580478
24570.0, 0.25804493
24580.0, 0.25804207
24590.0, 0.25803927
24600.0, 0.25803643
24610.0, 0.2580336
24620.0, 0.25803077
24630.0, 0.25802797
24640.0, 0.25802514
24650.0, 0.25802234
24660.0, 0.25801954
24670.0, 0.25801677
24680.0, 0.25801396
24690.0, 0.2580112
24700.0, 0.25800842
24710.0, 0.25800565
24720.0, 0.25800288
24730.0, 0.2580001
24740.0, 0.25799736
24750.0, 0.25799462
24760.0, 0.25799185
24770.0, 0.25798914
24780.0, 0.2579864
24790.0, 0.25798368
24800.0, 0.25798094
24810.0, 0.25797823
24820.0, 0.25797552
24830.0, 0.2579728
24840.0, 0.25797012
24850.0, 0.25796744
24860.0, 0.25796476
24870.0, 0.25796205
24880.0, 0.25795937
24890.0, 0.2579567
24900.0, 0.25795403
24910.0, 0.25795138
24920.0, 0.25794873
24930.0, 0.25794607
24940.0, 0.25794342
24950.0, 0.2579408
24960.0, 0.25793815
24970.0, 0.25793552
24980.0, 0.2579329
24990.0, 0.25793028
25000.0, 0.25792766
25010.0, 0.25792503
25020.0, 0.25792244
25030.0, 0.25791985
25040.0, 0.25791726
25050.0, 0.25791466
25060.0, 0.25791207
25070.0, 0.25790948
25080.0, 0.2579069
25090.0, 0.25790435
25100.0, 0.2579018
25110.0, 0.25789922
25120.0, 0.25789666
25130.0, 0.25789413
25140.0, 0.2578916
25150.0, 0.25788906
25160.0, 0.25788653
25170.0, 0.257884
25180.0, 0.25788146
25190.0, 0.25787896
25200.0, 0.25787643
25210.0, 0.25787392
25220.0, 0.25787142
25230.0, 0.25786892
25240.0, 0.2578664
25250.0, 0.25786394
25260.0, 0.25786147
25270.0, 0.257859
25280.0, 0.25785652
25290.0, 0.25785404
25300.0, 0.25785157
25310.0, 0.25784913
25320.0, 0.25784665
25330.0, 0.2578442
25340.0, 0.25784177
25350.0, 0.25783935
25360.0, 0.2578369
25370.0, 0.25783446
25380.0, 0.25783205
25390.0, 0.25782964
25400.0, 0.25782722
25410.0, 0.2578248
25420.0, 0.2578224
25430.0, 0.25781998
25440.0, 0.2578176
25450.0, 0.2578152
25460.0, 0.25781283
25470.0, 0.25781044
25480.0, 0.25780806
25490.0, 0.2578057
25500.0, 0.25780332
25510.0, 0.25780097
25520.0, 0.2577986
25530.0, 0.25779626
25540.0, 0.2577939
25550.0, 0.25779155
25560.0, 0.25778922
25570.0, 0.2577869
25580.0, 0.25778455
25590.0, 0.25778222
25600.0, 0.2577799
25610.0, 0.2577776
25620.0, 0.25777528
25630.0, 0.25777298
25640.0, 0.25777066
25650.0, 0.25776836
25660.0, 0.2577661
25670.0, 0.2577638
25680.0, 0.2577615
25690.0, 0.25775924
25700.0, 0.25775695
25710.0, 0.25775468
25720.0, 0.25775242
25730.0, 0.25775015
25740.0, 0.25774792
25750.0, 0.25774565
25760.0, 0.2577434
25770.0, 0.25774115
25780.0, 0.25773892
25790.0, 0.25773668
25800.0, 0.25773445
25810.0, 0.2577322
25820.0, 0.25773
25830.0, 0.2577278
25840.0, 0.25772557
25850.0, 0.2577234
25860.0, 0.25772116
25870.0, 0.25771898
25880.0, 0.25771677
25890.0, 0.2577146
25900.0, 0.2577124
25910.0, 0.25771022
25920.0, 0.25770804
25930.0, 0.25770587
25940.0, 0.2577037
25950.0, 0.25770155
25960.0, 0.25769937
25970.0, 0.25769722
25980.0, 0.25769505
25990.0, 0.25769293
26000.0, 0.2576908
26010.0, 0.25768864
26020.0, 0.2576865
26030.0, 0.25768438
26040.0, 0.25768226
26050.0, 0.25768012
26060.0, 0.257678
26070.0, 0.2576759
26080.0, 0.25767377
26090.0, 0.25767168
26100.0, 0.25766957
26110.0, 0.25766748
26120.0, 0.2576654
26130.0, 0.2576633
26140.0, 0.25766122
26150.0, 0.25765914
26160.0, 0.25765708
26170.0, 0.257655
26180.0, 0.25765294
26190.0, 0.25765085
26200.0, 0.2576488
26210.0, 0.25764674
26220.0, 0.25764468
26230.0, 0.25764266
26240.0, 0.2576406
26250.0, 0.25763857
26260.0, 0.25763655
26270.0, 0.2576345
26280.0, 0.25763246
26290.0, 0.25763044
26300.0, 0.25762844
26310.0, 0.2576264
26320.0, 0.25762442
26330.0, 0.25762242
26340.0, 0.2576204
26350.0, 0.2576184
26360.0, 0.2576164
26370.0, 0.2576144
26380.0, 0.25761244
26390.0, 0.25761044
26400.0, 0.25760847
26410.0, 0.25760648
26420.0, 0.2576045
26430.0, 0.25760254
26440.0, 0.25760058
26450.0, 0.25759864
26460.0, 0.25759667
26470.0, 0.25759473
26480.0, 0.25759277
26490.0, 0.25759083
26500.0, 0.2575889
26510.0, 0.25758696
26520.0, 0.25758502
26530.0, 0.2575831
26540.0, 0.25758117
26550.0, 0.25757927
26560.0, 0.25757733
26570.0, 0.25757542
26580.0, 0.25757352
26590.0, 0.2575716
26600.0, 0.2575697
26610.0, 0.25756782
26620.0, 0.25756592
26630.0, 0.25756404
26640.0, 0.25756216
26650.0, 0.25756025
26660.0, 0.25755838
26670.0, 0.2575565
26680.0, 0.25755465
26690.0, 0.25755277
26700.0, 0.2575509
26710.0, 0.25754905
26720.0, 0.2575472
26730.0, 0.25754535
26740.0, 0.25754347
26750.0, 0.25754163
26760.0, 0.2575398
26770.0, 0.25753796
26780.0, 0.2575361
26790.0, 0.2575343
26800.0, 0.25753248
26810.0, 0.25753063
26820.0, 0.2575288
26830.0, 0.25752702
26840.0, 0.25752518
26850.0, 0.2575234
26860.0, 0.25752157
26870.0, 0.25751978
26880.0, 0.257518
26890.0, 0.25751618
26900.0, 0.2575144
26910.0, 0.2575126
26920.0, 0.2575108
26930.0, 0.25750905
26940.0, 0.25750726
26950.0, 0.25750548
26960.0, 0.25750372
26970.0, 0.25750196
26980.0, 0.2575002
26990.0, 0.2574984
27000.0, 0.25749668
27010.0, 0.25749493
27020.0, 0.25749317
27030.0, 0.2574914
27040.0, 0.25748968
27050.0, 0.25748795
27060.0, 0.25748622
27070.0, 0.25748447
27080.0, 0.25748277
27090.0, 0.25748104
27100.0, 0.2574793
27110.0, 0.25747758
27120.0, 0.25747588
27130.0, 0.25747415
27140.0, 0.25747246
27150.0, 0.25747076
27160.0, 0.25746906
27170.0, 0.25746736
27180.0, 0.25746566
27190.0, 0.257464
27200.0, 0.2574623
27210.0, 0.2574606
27220.0, 0.25745893
27230.0, 0.25745726
27240.0, 0.25745556
27250.0, 0.25745392
27260.0, 0.25745222
27270.0, 0.25745055
27280.0, 0.2574489
27290.0, 0.25744724
27300.0, 0.2574456
27310.0, 0.25744396
27320.0, 0.2574423
27330.0, 0.25744066
27340.0, 0.25743902
27350.0, 0.25743738
27360.0, 0.25743574
27370.0, 0.2574341
27380.0, 0.2574325
27390.0, 0.25743085
27400.0, 0.25742924
27410.0, 0.25742763
27420.0, 0.257426
27430.0, 0.2574244
27440.0, 0.25742278
27450.0, 0.2574212
27460.0, 0.2574196
27470.0, 0.25741798
27480.0, 0.2574164
27490.0, 0.2574148
27500.0, 0.2574132
27510.0, 0.25741163
27520.0, 0.25741002
27530.0, 0.25740844
27540.0, 0.2574069
27550.0, 0.2574053
27560.0, 0.25740373
27570.0, 0.25740218
27580.0, 0.2574006
27590.0, 0.25739905
27600.0, 0.25739747
27610.0, 0.25739592
27620.0, 0.25739437
27630.0, 0.25739282
27640.0, 0.25739127
27650.0, 0.25738975
27660.0, 0.2573882
27670.0, 0.25738668
27680.0, 0.25738513
27690.0, 0.2573836
27700.0, 0.25738207
27710.0, 0.25738055
27720.0, 0.25737903
27730.0, 0.2573775
27740.0, 0.25737602
27750.0, 0.2573745
27760.0, 0.25737298
27770.0, 0.2573715
27780.0, 0.25736997
27790.0, 0.25736848
27800.0, 0.25736699
27810.0, 0.2573655
27820.0, 0.257364
27830.0, 0.25736248
27840.0, 0.257361
27850.0, 0.25735953
27860.0, 0.25735804
27870.0, 0.25735658
27880.0, 0.2573551
27890.0, 0.25735363
27900.0, 0.25735217
27910.0, 0.2573507
27920.0, 0.25734925
27930.0, 0.2573478
27940.0, 0.25734633
27950.0, 0.25734487
27960.0, 0.2573434
27970.0, 0.25734198
27980.0, 0.25734052
27990.0, 0.2573391
28000.0, 0.25733766
28010.0, 0.2573362
28020.0, 0.25733477
28030.0, 0.25733337
28040.0, 0.25733194
28050.0, 0.2573305
28060.0, 0.25732908
28070.0, 0.25732765
28080.0, 0.25732625
28090.0, 0.25732484
28100.0, 0.2573234
28110.0, 0.257322
28120.0, 0.2573206
28130.0, 0.2573192
28140.0, 0.2573178
28150.0, 0.2573164
28160.0, 0.257315
28170.0, 0.25731364
28180.0, 0.25731224
28190.0, 0.25731087
28200.0, 0.25730947
28210.0, 0.2573081
28220.0, 0.25730672
28230.0, 0.25730535
28240.0, 0.25730398
28250.0, 0.2573026
28260.0, 0.25730124
28270.0, 0.25729987
28280.0, 0.2572985
28290.0, 0.25729716
28300.0, 0.25729582
28310.0, 0.25729445
28320.0, 0.2572931
28330.0, 0.25729176
28340.0, 0.25729042
28350.0, 0.25728908
28360.0, 0.25728774
28370.0, 0.2572864
28380.0, 0.25728506
28390.0, 0.25728372
28400.0, 0.2572824
28410.0, 0.2572811
28420.0, 0.25727975
28430.0, 0.25727844
28440.0, 0.2572771
28450.0, 0.25727582
28460.0, 0.25727448
28470.0, 0.2572732
28480.0, 0.25727186
28490.0, 0.25727057
28500.0, 0.25726926
28510.0, 0.25726798
28520.0, 0.25726667
28530.0, 0.2572654
28540.0, 0.25726408
28550.0, 0.2572628
28560.0, 0.2572615
28570.0, 0.25726023
28580.0, 0.25725895
28590.0, 0.25725767
28600.0, 0.2572564
28610.0, 0.2572551
28620.0, 0.25725386
28630.0, 0.25725257
28640.0, 0.25725132
28650.0, 0.25725004
28660.0, 0.2572488
28670.0, 0.25724754
28680.0, 0.25724626
28690.0, 0.25724503
28700.0, 0.25724375
28710.0, 0.25724253
28720.0, 0.25724128
28730.0, 0.25724003
28740.0, 0.2572388
28750.0, 0.25723755
28760.0, 0.25723633
28770.0, 0.25723508
28780.0, 0.25723386
28790.0, 0.25723264
28800.0, 0.25723138
28810.0, 0.2572302
28820.0, 0.25722894
28830.0, 0.25722772
28840.0, 0.25722653
28850.0, 0.2572253
28860.0, 0.25722408
28870.0, 0.2572229
28880.0, 0.25722167
28890.0, 0.25722048
28900.0, 0.25721928
28910.0, 0.25721806
28920.0, 0.25721687
28930.0, 0.25721568
28940.0, 0.2572145
28950.0, 0.2572133
28960.0, 0.2572121
28970.0, 0.2572109
28980.0, 0.25720975
28990.0, 0.25720856
29000.0, 0.2572074
29010.0, 0.2572062
29020.0, 0.257205
29030.0, 0.25720388
29040.0, 0.25720268
29050.0, 0.25720152
29060.0, 0.25720036
29070.0, 0.2571992
29080.0, 0.25719804
29090.0, 0.25719687
29100.0, 0.2571957
29110.0, 0.25719458
29120.0, 0.25719342
29130.0, 0.25719228
29140.0, 0.25719112
29150.0, 0.25719
29160.0, 0.25718886
29170.0, 0.2571877
29180.0, 0.25718656
29190.0, 0.25718543
29200.0, 0.2571843
29210.0, 0.25718316
29220.0, 0.25718206
29230.0, 0.25718093
29240.0, 0.2571798
29250.0, 0.25717866
29260.0, 0.25717756
29270.0, 0.25717646
29280.0, 0.25717533
29290.0, 0.25717422
29300.0, 0.2571731
29310.0, 0.257172
29320.0, 0.2571709
29330.0, 0.25716978
29340.0, 0.25716868
29350.0, 0.25716758
29360.0, 0.2571665
29370.0, 0.2571654
29380.0, 0.2571643
29390.0, 0.25716323
29400.0, 0.25716212
29410.0, 0.25716105
29420.0, 0.25715995
29430.0, 0.25715888
29440.0, 0.2571578
29450.0, 0.2571567
29460.0, 0.25715566
29470.0, 0.25715458
29480.0, 0.2571535
29490.0, 0.25715244
29500.0, 0.25715137
29510.0, 0.2571503
29520.0, 0.25714925
29530.0, 0.25714818
29540.0, 0.25714713
29550.0, 0.25714606
29560.0, 0.25714502
29570.0, 0.25714397
29580.0, 0.2571429
29590.0, 0.25714186
29600.0, 0.25714082
29610.0, 0.25713977
29620.0, 0.25713873
29630.0, 0.2571377
29640.0, 0.25713667
29650.0, 0.25713563
29660.0, 0.2571346
29670.0, 0.25713357
29680.0, 0.25713253
29690.0, 0.25713152
29700.0, 0.25713047
29710.0, 0.25712946
29720.0, 0.25712845
29730.0, 0.25712743
29740.0, 0.25712642
29750.0, 0.2571254
29760.0, 0.25712436
29770.0, 0.25712335
29780.0, 0.25712234
29790.0, 0.25712135
29800.0, 0.25712034
29810.0, 0.25711933
29820.0, 0.25711834
29830.0, 0.25711733
29840.0, 0.25711635
29850.0, 0.25711536
29860.0, 0.25711435
29870.0, 0.25711337
29880.0, 0.25711238
29890.0, 0.2571114
29900.0, 0.25711042
29910.0, 0.25710943
29920.0, 0.25710845
29930.0, 0.25710747
29940.0, 0.25710648
29950.0, 0.25710553
29960.0, 0.25710455
29970.0, 0.25710356
29980.0, 0.2571026
29990.0, 0.25710163
30000.0, 0.25710067
