Energy (in eV), backscattering yield of material sc2k-NASCAP at incidence 50.000004 degree
   X,       Y
0.0, 0.6404742
10.0, 0.33677712
20.0, 0.17708568
30.0, 0.09311601
40.0, 0.04896269
50.0, 0.025745787
60.0, 0.06368399
70.0, 0.08994255
80.0, 0.11040723
90.0, 0.12709753
100.0, 0.14112511
110.0, 0.15318404
120.0, 0.1637349
130.0, 0.17309672
140.0, 0.18149836
150.0, 0.18910903
160.0, 0.19605711
170.0, 0.20244235
180.0, 0.20834358
190.0, 0.21382435
200.0, 0.21893652
210.0, 0.22372296
220.0, 0.22821961
230.0, 0.23245677
240.0, 0.2364603
250.0, 0.24025242
260.0, 0.24385232
270.0, 0.24727677
280.0, 0.25054044
290.0, 0.25365624
300.0, 0.25663567
310.0, 0.25948885
320.0, 0.26222497
330.0, 0.2648521
340.0, 0.26737767
350.0, 0.26980826
360.0, 0.27214995
370.0, 0.2744082
380.0, 0.2765879
390.0, 0.27869377
400.0, 0.2807299
410.0, 0.28270012
420.0, 0.28460804
430.0, 0.28645688
440.0, 0.28824964
450.0, 0.28998917
460.0, 0.29167798
470.0, 0.2933186
480.0, 0.2949132
490.0, 0.29646394
500.0, 0.29797268
510.0, 0.29944134
520.0, 0.30087158
530.0, 0.3022651
540.0, 0.30362332
550.0, 0.3049477
560.0, 0.3062396
570.0, 0.30750027
580.0, 0.3087309
590.0, 0.30993262
600.0, 0.3111065
610.0, 0.31225356
620.0, 0.31337473
630.0, 0.31447095
640.0, 0.31554306
650.0, 0.3165919
660.0, 0.31761825
670.0, 0.3186228
680.0, 0.31960633
690.0, 0.32056946
700.0, 0.32151288
710.0, 0.32243714
720.0, 0.3233429
730.0, 0.32423064
740.0, 0.325101
750.0, 0.32595438
760.0, 0.32679135
770.0, 0.3276123
780.0, 0.32841778
790.0, 0.3292082
800.0, 0.32998395
810.0, 0.3307454
820.0, 0.33149296
830.0, 0.33222705
840.0, 0.33294794
850.0, 0.33365604
860.0, 0.33435163
870.0, 0.33503506
880.0, 0.33570665
890.0, 0.3363666
900.0, 0.3370153
910.0, 0.33765298
920.0, 0.33827993
930.0, 0.3388964
940.0, 0.33950254
950.0, 0.34009874
960.0, 0.34068513
970.0, 0.34126198
980.0, 0.34182954
990.0, 0.3423879
1000.0, 0.34293735
1010.0, 0.34274673
1020.0, 0.34255642
1030.0, 0.34236646
1040.0, 0.3421768
1050.0, 0.3419875
1060.0, 0.34179845
1070.0, 0.34160978
1080.0, 0.3414214
1090.0, 0.34123334
1100.0, 0.3410456
1110.0, 0.3408582
1120.0, 0.3406711
1130.0, 0.3404843
1140.0, 0.34029782
1150.0, 0.3401117
1160.0, 0.33992586
1170.0, 0.33974034
1180.0, 0.3395551
1190.0, 0.33937022
1200.0, 0.33918566
1210.0, 0.3390014
1220.0, 0.33881742
1230.0, 0.33863378
1240.0, 0.33845046
1250.0, 0.33826745
1260.0, 0.33808473
1270.0, 0.33790234
1280.0, 0.33772025
1290.0, 0.33753848
1300.0, 0.33735698
1310.0, 0.33717585
1320.0, 0.33699498
1330.0, 0.33681443
1340.0, 0.33663422
1350.0, 0.33645427
1360.0, 0.33627465
1370.0, 0.33609533
1380.0, 0.3359163
1390.0, 0.33573762
1400.0, 0.33555922
1410.0, 0.3353811
1420.0, 0.3352033
1430.0, 0.33502582
1440.0, 0.3348486
1450.0, 0.33467174
1460.0, 0.33449516
1470.0, 0.33431885
1480.0, 0.33414286
1490.0, 0.33396718
1500.0, 0.3337918
1510.0, 0.3336167
1520.0, 0.3334419
1530.0, 0.33326742
1540.0, 0.33309323
1550.0, 0.33291933
1560.0, 0.33274576
1570.0, 0.33257243
1580.0, 0.33239943
1590.0, 0.33222672
1600.0, 0.33205432
1610.0, 0.3318822
1620.0, 0.33171037
1630.0, 0.33153883
1640.0, 0.3313676
1650.0, 0.33119667
1660.0, 0.33102602
1670.0, 0.33085564
1680.0, 0.3306856
1690.0, 0.3305158
1700.0, 0.33034635
1710.0, 0.33017713
1720.0, 0.33000824
1730.0, 0.32983962
1740.0, 0.3296713
1750.0, 0.32950327
1760.0, 0.3293355
1770.0, 0.32916805
1780.0, 0.32900086
1790.0, 0.328834
1800.0, 0.32866737
1810.0, 0.32850108
1820.0, 0.32833505
1830.0, 0.3281693
1840.0, 0.32800385
1850.0, 0.32783866
1860.0, 0.3276738
1870.0, 0.32750916
1880.0, 0.32734483
1890.0, 0.3271808
1900.0, 0.32701704
1910.0, 0.32685357
1920.0, 0.32669038
1930.0, 0.32652748
1940.0, 0.32636482
1950.0, 0.32620248
1960.0, 0.3260404
1970.0, 0.3258786
1980.0, 0.3257171
1990.0, 0.32555583
2000.0, 0.32539487
2010.0, 0.3252342
2020.0, 0.3250738
2030.0, 0.32491368
2040.0, 0.32475382
2050.0, 0.32459423
2060.0, 0.32443494
2070.0, 0.3242759
2080.0, 0.32411715
2090.0, 0.32395867
2100.0, 0.32380047
2110.0, 0.32364252
2120.0, 0.32348487
2130.0, 0.32332748
2140.0, 0.3231704
2150.0, 0.32301354
2160.0, 0.32285696
2170.0, 0.32270065
2180.0, 0.32254463
2190.0, 0.3223889
2200.0, 0.32223338
2210.0, 0.32207817
2220.0, 0.3219232
2230.0, 0.32176852
2240.0, 0.32161412
2250.0, 0.32145995
2260.0, 0.32130608
2270.0, 0.32115245
2280.0, 0.32099912
2290.0, 0.32084602
2300.0, 0.32069322
2310.0, 0.32054064
2320.0, 0.32038838
2330.0, 0.32023636
2340.0, 0.32008457
2350.0, 0.3199331
2360.0, 0.31978184
2370.0, 0.31963086
2380.0, 0.31948015
2390.0, 0.3193297
2400.0, 0.31917953
2410.0, 0.3190296
2420.0, 0.31887993
2430.0, 0.31873053
2440.0, 0.31858137
2450.0, 0.3184325
2460.0, 0.3182839
2470.0, 0.3181355
2480.0, 0.31798738
2490.0, 0.31783953
2500.0, 0.31769192
2510.0, 0.3175446
2520.0, 0.3173975
2530.0, 0.3172507
2540.0, 0.3171041
2550.0, 0.3169578
2560.0, 0.31681174
2570.0, 0.31666592
2580.0, 0.3165204
2590.0, 0.31637508
2600.0, 0.31623003
2610.0, 0.31608525
2620.0, 0.3159407
2630.0, 0.31579643
2640.0, 0.31565237
2650.0, 0.3155086
2660.0, 0.31536508
2670.0, 0.3152218
2680.0, 0.31507874
2690.0, 0.31493595
2700.0, 0.31479344
2710.0, 0.31465113
2720.0, 0.3145091
2730.0, 0.31436732
2740.0, 0.3142258
2750.0, 0.31408447
2760.0, 0.31394345
2770.0, 0.31380266
2780.0, 0.31366208
2790.0, 0.31352177
2800.0, 0.31338173
2810.0, 0.3132419
2820.0, 0.31310233
2830.0, 0.312963
2840.0, 0.31282392
2850.0, 0.3126851
2860.0, 0.3125465
2870.0, 0.31240815
2880.0, 0.31227005
2890.0, 0.31213215
2900.0, 0.31199452
2910.0, 0.31185716
2920.0, 0.31171998
2930.0, 0.3115831
2940.0, 0.31144646
2950.0, 0.31131002
2960.0, 0.31117383
2970.0, 0.3110379
2980.0, 0.31090218
2990.0, 0.31076673
3000.0, 0.31063148
3010.0, 0.3104965
3020.0, 0.31036174
3030.0, 0.31022722
3040.0, 0.31009293
3050.0, 0.3099589
3060.0, 0.30982506
3070.0, 0.3096915
3080.0, 0.30955815
3090.0, 0.30942506
3100.0, 0.3092922
3110.0, 0.30915955
3120.0, 0.30902714
3130.0, 0.30889496
3140.0, 0.30876303
3150.0, 0.30863133
3160.0, 0.30849987
3170.0, 0.30836862
3180.0, 0.30823758
3190.0, 0.30810684
3200.0, 0.30797628
3210.0, 0.30784595
3220.0, 0.30771586
3230.0, 0.30758598
3240.0, 0.30745637
3250.0, 0.30732697
3260.0, 0.30719778
3270.0, 0.30706885
3280.0, 0.3069401
3290.0, 0.30681163
3300.0, 0.30668336
3310.0, 0.30655533
3320.0, 0.30642754
3330.0, 0.30629995
3340.0, 0.30617258
3350.0, 0.30604544
3360.0, 0.30591854
3370.0, 0.30579185
3380.0, 0.3056654
3390.0, 0.30553913
3400.0, 0.30541313
3410.0, 0.30528733
3420.0, 0.30516177
3430.0, 0.30503643
3440.0, 0.30491132
3450.0, 0.30478638
3460.0, 0.3046617
3470.0, 0.30453727
3480.0, 0.304413
3490.0, 0.30428898
3500.0, 0.30416518
3510.0, 0.3040416
3520.0, 0.30391824
3530.0, 0.3037951
3540.0, 0.30367216
3550.0, 0.30354947
3560.0, 0.30342698
3570.0, 0.3033047
3580.0, 0.30318263
3590.0, 0.3030608
3600.0, 0.30293918
3610.0, 0.30281776
3620.0, 0.3026966
3630.0, 0.30257562
3640.0, 0.30245486
3650.0, 0.3023343
3660.0, 0.30221397
3670.0, 0.30209386
3680.0, 0.30197394
3690.0, 0.30185425
3700.0, 0.30173478
3710.0, 0.3016155
3720.0, 0.30149645
3730.0, 0.3013776
3740.0, 0.30125898
3750.0, 0.30114058
3760.0, 0.30102235
3770.0, 0.30090436
3780.0, 0.30078655
3790.0, 0.30066898
3800.0, 0.30055162
3810.0, 0.30043444
3820.0, 0.3003175
3830.0, 0.30020076
3840.0, 0.30008423
3850.0, 0.2999679
3860.0, 0.2998518
3870.0, 0.29973587
3880.0, 0.29962015
3890.0, 0.29950467
3900.0, 0.29938936
3910.0, 0.2992743
3920.0, 0.2991594
3930.0, 0.29904473
3940.0, 0.29893026
3950.0, 0.298816
3960.0, 0.2987019
3970.0, 0.29858807
3980.0, 0.2984744
3990.0, 0.29836094
4000.0, 0.2982477
4010.0, 0.29813465
4020.0, 0.29802182
4030.0, 0.29790917
4040.0, 0.29779673
4050.0, 0.2976845
4060.0, 0.29757243
4070.0, 0.29746062
4080.0, 0.29734895
4090.0, 0.29723752
4100.0, 0.2971263
4110.0, 0.29701525
4120.0, 0.29690439
4130.0, 0.29679376
4140.0, 0.2966833
4150.0, 0.29657304
4160.0, 0.296463
4170.0, 0.29635316
4180.0, 0.2962435
4190.0, 0.29613402
4200.0, 0.29602477
4210.0, 0.29591572
4220.0, 0.29580685
4230.0, 0.29569817
4240.0, 0.29558966
4250.0, 0.29548138
4260.0, 0.2953733
4270.0, 0.29526538
4280.0, 0.29515767
4290.0, 0.29505017
4300.0, 0.29494286
4310.0, 0.29483575
4320.0, 0.29472882
4330.0, 0.29462206
4340.0, 0.29451552
4350.0, 0.29440916
4360.0, 0.294303
4370.0, 0.294197
4380.0, 0.29409122
4390.0, 0.29398564
4400.0, 0.29388022
4410.0, 0.29377502
4420.0, 0.29367
4430.0, 0.29356515
4440.0, 0.2934605
4450.0, 0.29335606
4460.0, 0.29325178
4470.0, 0.29314768
4480.0, 0.2930438
4490.0, 0.29294008
4500.0, 0.29283658
4510.0, 0.29273322
4520.0, 0.29263008
4530.0, 0.2925271
4540.0, 0.29242432
4550.0, 0.29232174
4560.0, 0.29221934
4570.0, 0.29211712
4580.0, 0.29201508
4590.0, 0.2919132
4600.0, 0.29181156
4610.0, 0.29171005
4620.0, 0.29160878
4630.0, 0.29150763
4640.0, 0.2914067
4650.0, 0.29130596
4660.0, 0.29120538
4670.0, 0.29110497
4680.0, 0.29100478
4690.0, 0.29090473
4700.0, 0.2908049
4710.0, 0.29070523
4720.0, 0.29060572
4730.0, 0.29050642
4740.0, 0.2904073
4750.0, 0.29030836
4760.0, 0.29020956
4770.0, 0.29011098
4780.0, 0.29001257
4790.0, 0.28991434
4800.0, 0.28981626
4810.0, 0.2897184
4820.0, 0.2896207
4830.0, 0.28952315
4840.0, 0.28942582
4850.0, 0.28932866
4860.0, 0.28923166
4870.0, 0.28913483
4880.0, 0.28903818
4890.0, 0.2889417
4900.0, 0.28884542
4910.0, 0.2887493
4920.0, 0.28865334
4930.0, 0.2885576
4940.0, 0.28846198
4950.0, 0.28836656
4960.0, 0.2882713
4970.0, 0.28817624
4980.0, 0.28808132
4990.0, 0.28798658
5000.0, 0.28789204
5010.0, 0.28779763
5020.0, 0.28770342
5030.0, 0.28760937
5040.0, 0.2875155
5050.0, 0.2874218
5060.0, 0.28732824
5070.0, 0.2872349
5080.0, 0.28714168
5090.0, 0.28704867
5100.0, 0.2869558
5110.0, 0.28686312
5120.0, 0.28677058
5130.0, 0.28667822
5140.0, 0.28658605
5150.0, 0.28649405
5160.0, 0.2864022
5170.0, 0.28631052
5180.0, 0.286219
5190.0, 0.28612766
5200.0, 0.28603646
5210.0, 0.28594548
5220.0, 0.2858546
5230.0, 0.28576392
5240.0, 0.2856734
5250.0, 0.28558305
5260.0, 0.28549287
5270.0, 0.28540283
5280.0, 0.28531298
5290.0, 0.28522328
5300.0, 0.28513375
5310.0, 0.28504437
5320.0, 0.28495517
5330.0, 0.28486612
5340.0, 0.28477722
5350.0, 0.28468853
5360.0, 0.28459996
5370.0, 0.28451157
5380.0, 0.28442332
5390.0, 0.28433526
5400.0, 0.28424737
5410.0, 0.2841596
5420.0, 0.284072
5430.0, 0.28398457
5440.0, 0.2838973
5450.0, 0.28381017
5460.0, 0.28372324
5470.0, 0.28363645
5480.0, 0.28354982
5490.0, 0.28346333
5500.0, 0.28337702
5510.0, 0.28329086
5520.0, 0.28320485
5530.0, 0.283119
5540.0, 0.2830333
5550.0, 0.28294778
5560.0, 0.28286242
5570.0, 0.2827772
5580.0, 0.2826921
5590.0, 0.28260723
5600.0, 0.28252247
5610.0, 0.2824379
5620.0, 0.28235343
5630.0, 0.28226915
5640.0, 0.282185
5650.0, 0.28210104
5660.0, 0.2820172
5670.0, 0.28193352
5680.0, 0.28185
5690.0, 0.28176665
5700.0, 0.28168344
5710.0, 0.2816004
5720.0, 0.28151748
5730.0, 0.2814347
5740.0, 0.2813521
5750.0, 0.28126967
5760.0, 0.2811874
5770.0, 0.28110522
5780.0, 0.28102323
5790.0, 0.2809414
5800.0, 0.28085968
5810.0, 0.28077814
5820.0, 0.28069675
5830.0, 0.28061548
5840.0, 0.2805344
5850.0, 0.28045344
5860.0, 0.28037265
5870.0, 0.280292
5880.0, 0.28021148
5890.0, 0.28013113
5900.0, 0.28005093
5910.0, 0.27997085
5920.0, 0.27989095
5930.0, 0.2798112
5940.0, 0.27973157
5950.0, 0.2796521
5960.0, 0.27957278
5970.0, 0.2794936
5980.0, 0.27941456
5990.0, 0.27933568
6000.0, 0.27925694
6010.0, 0.27917832
6020.0, 0.27909988
6030.0, 0.2790216
6040.0, 0.2789434
6050.0, 0.2788654
6060.0, 0.27878752
6070.0, 0.27870977
6080.0, 0.2786322
6090.0, 0.27855474
6100.0, 0.27847743
6110.0, 0.27840027
6120.0, 0.27832326
6130.0, 0.27824637
6140.0, 0.27816963
6150.0, 0.27809304
6160.0, 0.2780166
6170.0, 0.2779403
6180.0, 0.2778641
6190.0, 0.27778807
6200.0, 0.2777122
6210.0, 0.27763644
6220.0, 0.27756083
6230.0, 0.27748537
6240.0, 0.27741003
6250.0, 0.27733484
6260.0, 0.2772598
6270.0, 0.27718487
6280.0, 0.2771101
6290.0, 0.27703547
6300.0, 0.27696097
6310.0, 0.2768866
6320.0, 0.2768124
6330.0, 0.27673832
6340.0, 0.27666435
6350.0, 0.27659053
6360.0, 0.27651685
6370.0, 0.2764433
6380.0, 0.27636993
6390.0, 0.27629665
6400.0, 0.27622354
6410.0, 0.27615052
6420.0, 0.27607766
6430.0, 0.27600494
6440.0, 0.27593234
6450.0, 0.2758599
6460.0, 0.27578756
6470.0, 0.27571535
6480.0, 0.27564332
6490.0, 0.27557138
6500.0, 0.2754996
6510.0, 0.27542794
6520.0, 0.27535644
6530.0, 0.27528504
6540.0, 0.27521378
6550.0, 0.27514267
6560.0, 0.27507165
6570.0, 0.27500078
6580.0, 0.27493006
6590.0, 0.27485946
6600.0, 0.27478898
6610.0, 0.27471867
6620.0, 0.27464846
6630.0, 0.27457836
6640.0, 0.27450845
6650.0, 0.27443862
6660.0, 0.2743689
6670.0, 0.27429935
6680.0, 0.27422994
6690.0, 0.27416062
6700.0, 0.27409145
6710.0, 0.27402243
6720.0, 0.2739535
6730.0, 0.27388474
6740.0, 0.27381608
6750.0, 0.27374753
6760.0, 0.27367914
6770.0, 0.27361086
6780.0, 0.27354273
6790.0, 0.2734747
6800.0, 0.2734068
6810.0, 0.27333903
6820.0, 0.27327138
6830.0, 0.27320388
6840.0, 0.2731365
6850.0, 0.2730692
6860.0, 0.2730021
6870.0, 0.27293506
6880.0, 0.27286816
6890.0, 0.2728014
6900.0, 0.27273476
6910.0, 0.27266824
6920.0, 0.27260184
6930.0, 0.27253556
6940.0, 0.27246943
6950.0, 0.27240342
6960.0, 0.2723375
6970.0, 0.27227172
6980.0, 0.27220607
6990.0, 0.27214053
7000.0, 0.27207512
7010.0, 0.27200985
7020.0, 0.27194467
7030.0, 0.2718796
7040.0, 0.2718147
7050.0, 0.2717499
7060.0, 0.2716852
7070.0, 0.27162066
7080.0, 0.27155623
7090.0, 0.27149191
7100.0, 0.2714277
7110.0, 0.27136362
7120.0, 0.27129966
7130.0, 0.27123582
7140.0, 0.27117208
7150.0, 0.27110848
7160.0, 0.271045
7170.0, 0.27098164
7180.0, 0.2709184
7190.0, 0.27085525
7200.0, 0.27079225
7210.0, 0.27072936
7220.0, 0.2706666
7230.0, 0.27060392
7240.0, 0.27054137
7250.0, 0.27047896
7260.0, 0.27041665
7270.0, 0.27035445
7280.0, 0.2702924
7290.0, 0.2702304
7300.0, 0.27016857
7310.0, 0.27010685
7320.0, 0.27004522
7330.0, 0.26998374
7340.0, 0.26992238
7350.0, 0.2698611
7360.0, 0.26979995
7370.0, 0.2697389
7380.0, 0.269678
7390.0, 0.26961717
7400.0, 0.26955646
7410.0, 0.2694959
7420.0, 0.26943544
7430.0, 0.2693751
7440.0, 0.26931486
7450.0, 0.2692547
7460.0, 0.2691947
7470.0, 0.2691348
7480.0, 0.269075
7490.0, 0.26901534
7500.0, 0.26895577
7510.0, 0.2688963
7520.0, 0.26883695
7530.0, 0.26877773
7540.0, 0.26871863
7550.0, 0.2686596
7560.0, 0.2686007
7570.0, 0.2685419
7580.0, 0.26848322
7590.0, 0.26842466
7600.0, 0.2683662
7610.0, 0.26830786
7620.0, 0.2682496
7630.0, 0.2681915
7640.0, 0.26813346
7650.0, 0.26807556
7660.0, 0.26801777
7670.0, 0.26796004
7680.0, 0.26790246
7690.0, 0.26784497
7700.0, 0.26778764
7710.0, 0.26773039
7720.0, 0.26767322
7730.0, 0.26761615
7740.0, 0.2675592
7750.0, 0.2675024
7760.0, 0.26744565
7770.0, 0.26738906
7780.0, 0.26733252
7790.0, 0.2672761
7800.0, 0.2672198
7810.0, 0.26716363
7820.0, 0.26710755
7830.0, 0.26705155
7840.0, 0.2669957
7850.0, 0.2669399
7860.0, 0.26688424
7870.0, 0.2668287
7880.0, 0.26677322
7890.0, 0.26671788
7900.0, 0.2666626
7910.0, 0.26660746
7920.0, 0.26655242
7930.0, 0.2664975
7940.0, 0.26644266
7950.0, 0.2663879
7960.0, 0.26633328
7970.0, 0.26627877
7980.0, 0.26622435
7990.0, 0.26617002
8000.0, 0.2661158
8010.0, 0.2660617
8020.0, 0.2660077
8030.0, 0.26595378
8040.0, 0.26589996
8050.0, 0.26584625
8060.0, 0.26579267
8070.0, 0.26573914
8080.0, 0.26568574
8090.0, 0.26563242
8100.0, 0.26557922
8110.0, 0.26552612
8120.0, 0.26547313
8130.0, 0.26542023
8140.0, 0.26536742
8150.0, 0.26531473
8160.0, 0.26526213
8170.0, 0.26520962
8180.0, 0.2651572
8190.0, 0.2651049
8200.0, 0.2650527
8210.0, 0.26500058
8220.0, 0.26494858
8230.0, 0.26489666
8240.0, 0.26484483
8250.0, 0.26479313
8260.0, 0.2647415
8270.0, 0.26468998
8280.0, 0.26463857
8290.0, 0.26458722
8300.0, 0.26453602
8310.0, 0.26448488
8320.0, 0.26443383
8330.0, 0.2643829
8340.0, 0.26433206
8350.0, 0.2642813
8360.0, 0.26423064
8370.0, 0.2641801
8380.0, 0.26412964
8390.0, 0.26407927
8400.0, 0.264029
8410.0, 0.26397884
8420.0, 0.26392874
8430.0, 0.26387876
8440.0, 0.26382887
8450.0, 0.26377907
8460.0, 0.2637294
8470.0, 0.26367977
8480.0, 0.26363027
8490.0, 0.26358086
8500.0, 0.26353154
8510.0, 0.2634823
8520.0, 0.26343316
8530.0, 0.2633841
8540.0, 0.26333517
8550.0, 0.26328632
8560.0, 0.26323754
8570.0, 0.26318887
8580.0, 0.2631403
8590.0, 0.2630918
8600.0, 0.26304337
8610.0, 0.2629951
8620.0, 0.26294687
8630.0, 0.26289874
8640.0, 0.2628507
8650.0, 0.26280278
8660.0, 0.26275492
8670.0, 0.26270717
8680.0, 0.26265952
8690.0, 0.26261193
8700.0, 0.26256445
8710.0, 0.26251704
8720.0, 0.26246974
8730.0, 0.2624225
8740.0, 0.26237538
8750.0, 0.26232836
8760.0, 0.2622814
8770.0, 0.26223454
8780.0, 0.26218778
8790.0, 0.26214108
8800.0, 0.2620945
8810.0, 0.26204798
8820.0, 0.26200157
8830.0, 0.26195523
8840.0, 0.261909
8850.0, 0.26186284
8860.0, 0.26181677
8870.0, 0.2617708
8880.0, 0.26172492
8890.0, 0.2616791
8900.0, 0.2616334
8910.0, 0.26158777
8920.0, 0.26154223
8930.0, 0.26149675
8940.0, 0.2614514
8950.0, 0.26140612
8960.0, 0.2613609
8970.0, 0.2613158
8980.0, 0.2612708
8990.0, 0.26122582
9000.0, 0.261181
9010.0, 0.2611362
9020.0, 0.26109153
9030.0, 0.26104695
9040.0, 0.26100242
9050.0, 0.260958
9060.0, 0.26091364
9070.0, 0.26086938
9080.0, 0.26082522
9090.0, 0.2607811
9100.0, 0.26073712
9110.0, 0.2606932
9120.0, 0.26064935
9130.0, 0.2606056
9140.0, 0.2605619
9150.0, 0.26051834
9160.0, 0.26047483
9170.0, 0.2604314
9180.0, 0.26038808
9190.0, 0.2603448
9200.0, 0.26030162
9210.0, 0.26025853
9220.0, 0.26021552
9230.0, 0.2601726
9240.0, 0.26012975
9250.0, 0.26008698
9260.0, 0.2600443
9270.0, 0.2600017
9280.0, 0.25995916
9290.0, 0.25991672
9300.0, 0.25987437
9310.0, 0.25983208
9320.0, 0.25978988
9330.0, 0.25974777
9340.0, 0.25970572
9350.0, 0.25966376
9360.0, 0.2596219
9370.0, 0.2595801
9380.0, 0.25953838
9390.0, 0.25949675
9400.0, 0.25945517
9410.0, 0.2594137
9420.0, 0.25937232
9430.0, 0.259331
9440.0, 0.25928974
9450.0, 0.25924858
9460.0, 0.2592075
9470.0, 0.2591665
9480.0, 0.25912556
9490.0, 0.25908473
9500.0, 0.25904393
9510.0, 0.25900325
9520.0, 0.25896263
9530.0, 0.2589221
9540.0, 0.25888163
9550.0, 0.25884125
9560.0, 0.25880095
9570.0, 0.25876072
9580.0, 0.25872058
9590.0, 0.2586805
9600.0, 0.2586405
9610.0, 0.25860056
9620.0, 0.25856072
9630.0, 0.25852096
9640.0, 0.25848126
9650.0, 0.25844166
9660.0, 0.2584021
9670.0, 0.25836262
9680.0, 0.25832325
9690.0, 0.25828394
9700.0, 0.2582447
9710.0, 0.25820553
9720.0, 0.25816643
9730.0, 0.25812742
9740.0, 0.25808847
9750.0, 0.2580496
9760.0, 0.25801083
9770.0, 0.2579721
9780.0, 0.25793347
9790.0, 0.25789487
9800.0, 0.2578564
9810.0, 0.25781798
9820.0, 0.25777963
9830.0, 0.25774136
9840.0, 0.25770316
9850.0, 0.257665
9860.0, 0.25762695
9870.0, 0.25758898
9880.0, 0.25755107
9890.0, 0.25751323
9900.0, 0.25747547
9910.0, 0.2574378
9920.0, 0.25740016
9930.0, 0.2573626
9940.0, 0.25732514
9950.0, 0.25728774
9960.0, 0.2572504
9970.0, 0.25721315
9980.0, 0.25717595
9990.0, 0.25713885
10000.0, 0.2571018
10010.0, 0.25706482
10020.0, 0.25702792
10030.0, 0.2569911
10040.0, 0.2569543
10050.0, 0.25691763
10060.0, 0.256881
10070.0, 0.25684446
10080.0, 0.25680795
10090.0, 0.25677156
10100.0, 0.2567352
10110.0, 0.25669894
10120.0, 0.25666273
10130.0, 0.2566266
10140.0, 0.25659055
10150.0, 0.25655454
10160.0, 0.25651863
10170.0, 0.25648278
10180.0, 0.256447
10190.0, 0.25641125
10200.0, 0.2563756
10210.0, 0.25634003
10220.0, 0.2563045
10230.0, 0.25626907
10240.0, 0.2562337
10250.0, 0.25619838
10260.0, 0.25616315
10270.0, 0.25612798
10280.0, 0.25609288
10290.0, 0.25605783
10300.0, 0.25602287
10310.0, 0.25598797
10320.0, 0.25595313
10330.0, 0.25591835
10340.0, 0.25588366
10350.0, 0.255849
10360.0, 0.25581446
10370.0, 0.25577995
10380.0, 0.2557455
10390.0, 0.25571114
10400.0, 0.25567684
10410.0, 0.2556426
10420.0, 0.25560844
10430.0, 0.25557432
10440.0, 0.25554028
10450.0, 0.2555063
10460.0, 0.2554724
10470.0, 0.25543854
10480.0, 0.25540477
10490.0, 0.25537106
10500.0, 0.25533742
10510.0, 0.25530383
10520.0, 0.2552703
10530.0, 0.25523683
10540.0, 0.25520346
10550.0, 0.25517014
10560.0, 0.25513688
10570.0, 0.25510368
10580.0, 0.25507054
10590.0, 0.25503746
10600.0, 0.25500447
10610.0, 0.2549715
10620.0, 0.25493863
10630.0, 0.25490582
10640.0, 0.25487307
10650.0, 0.25484037
10660.0, 0.25480774
10670.0, 0.25477517
10680.0, 0.25474268
10690.0, 0.25471023
10700.0, 0.25467786
10710.0, 0.25464556
10720.0, 0.25461328
10730.0, 0.2545811
10740.0, 0.25454897
10750.0, 0.2545169
10760.0, 0.25448492
10770.0, 0.25445297
10780.0, 0.2544211
10790.0, 0.25438926
10800.0, 0.25435752
10810.0, 0.2543258
10820.0, 0.2542942
10830.0, 0.2542626
10840.0, 0.2542311
10850.0, 0.25419965
10860.0, 0.25416824
10870.0, 0.25413692
10880.0, 0.25410563
10890.0, 0.25407442
10900.0, 0.25404328
10910.0, 0.2540122
10920.0, 0.25398117
10930.0, 0.25395018
10940.0, 0.25391927
10950.0, 0.25388843
10960.0, 0.25385764
10970.0, 0.25382692
10980.0, 0.25379622
10990.0, 0.2537656
11000.0, 0.25373507
11010.0, 0.25370458
11020.0, 0.25367415
11030.0, 0.25364375
11040.0, 0.25361344
11050.0, 0.2535832
11060.0, 0.25355297
11070.0, 0.25352284
11080.0, 0.25349274
11090.0, 0.25346273
11100.0, 0.25343275
11110.0, 0.25340283
11120.0, 0.253373
11130.0, 0.2533432
11140.0, 0.25331345
11150.0, 0.25328377
11160.0, 0.25325415
11170.0, 0.25322458
11180.0, 0.25319508
11190.0, 0.25316563
11200.0, 0.25313622
11210.0, 0.2531069
11220.0, 0.2530776
11230.0, 0.2530484
11240.0, 0.2530192
11250.0, 0.2529901
11260.0, 0.25296107
11270.0, 0.25293204
11280.0, 0.2529031
11290.0, 0.25287423
11300.0, 0.2528454
11310.0, 0.25281662
11320.0, 0.2527879
11330.0, 0.25275925
11340.0, 0.25273064
11350.0, 0.25270206
11360.0, 0.25267357
11370.0, 0.25264513
11380.0, 0.25261673
11390.0, 0.25258842
11400.0, 0.25256014
11410.0, 0.25253192
11420.0, 0.25250375
11430.0, 0.25247562
11440.0, 0.25244758
11450.0, 0.25241956
11460.0, 0.2523916
11470.0, 0.2523637
11480.0, 0.25233588
11490.0, 0.25230807
11500.0, 0.25228035
11510.0, 0.25225267
11520.0, 0.25222504
11530.0, 0.25219747
11540.0, 0.25216994
11550.0, 0.2521425
11560.0, 0.25211507
11570.0, 0.2520877
11580.0, 0.25206038
11590.0, 0.25203314
11600.0, 0.25200593
11610.0, 0.25197878
11620.0, 0.2519517
11630.0, 0.25192463
11640.0, 0.25189766
11650.0, 0.25187072
11660.0, 0.25184384
11670.0, 0.251817
11680.0, 0.2517902
11690.0, 0.2517635
11700.0, 0.2517368
11710.0, 0.25171018
11720.0, 0.2516836
11730.0, 0.25165707
11740.0, 0.2516306
11750.0, 0.25160417
11760.0, 0.2515778
11770.0, 0.25155148
11780.0, 0.25152522
11790.0, 0.251499
11800.0, 0.25147283
11810.0, 0.25144672
11820.0, 0.25142065
11830.0, 0.25139463
11840.0, 0.25136867
11850.0, 0.25134277
11860.0, 0.2513169
11870.0, 0.2512911
11880.0, 0.25126532
11890.0, 0.2512396
11900.0, 0.25121394
11910.0, 0.25118834
11920.0, 0.25116277
11930.0, 0.25113726
11940.0, 0.2511118
11950.0, 0.25108635
11960.0, 0.251061
11970.0, 0.2510357
11980.0, 0.25101042
11990.0, 0.2509852
12000.0, 0.25096002
12010.0, 0.25093493
12020.0, 0.25090984
12030.0, 0.25088483
12040.0, 0.25085986
12050.0, 0.2508349
12060.0, 0.25081006
12070.0, 0.25078523
12080.0, 0.25076044
12090.0, 0.2507357
12100.0, 0.25071102
12110.0, 0.25068638
12120.0, 0.2506618
12130.0, 0.25063726
12140.0, 0.25061277
12150.0, 0.25058833
12160.0, 0.25056392
12170.0, 0.25053957
12180.0, 0.25051528
12190.0, 0.25049102
12200.0, 0.2504668
12210.0, 0.25044262
12220.0, 0.2504185
12230.0, 0.25039446
12240.0, 0.25037044
12250.0, 0.25034645
12260.0, 0.25032252
12270.0, 0.25029865
12280.0, 0.2502748
12290.0, 0.25025102
12300.0, 0.25022727
12310.0, 0.25020358
12320.0, 0.25017995
12330.0, 0.25015634
12340.0, 0.25013277
12350.0, 0.25010926
12360.0, 0.2500858
12370.0, 0.25006238
12380.0, 0.250039
12390.0, 0.25001568
12400.0, 0.2499924
12410.0, 0.24996915
12420.0, 0.24994595
12430.0, 0.24992281
12440.0, 0.24989972
12450.0, 0.24987665
12460.0, 0.24985364
12470.0, 0.24983068
12480.0, 0.24980775
12490.0, 0.24978486
12500.0, 0.24976203
12510.0, 0.24973924
12520.0, 0.2497165
12530.0, 0.2496938
12540.0, 0.24967113
12550.0, 0.24964853
12560.0, 0.24962595
12570.0, 0.24960344
12580.0, 0.24958095
12590.0, 0.24955851
12600.0, 0.24953611
12610.0, 0.24951376
12620.0, 0.24949147
12630.0, 0.2494692
12640.0, 0.24944697
12650.0, 0.2494248
12660.0, 0.24940267
12670.0, 0.24938059
12680.0, 0.24935853
12690.0, 0.24933653
12700.0, 0.24931456
12710.0, 0.24929266
12720.0, 0.24927078
12730.0, 0.24924894
12740.0, 0.24922715
12750.0, 0.24920541
12760.0, 0.2491837
12770.0, 0.24916203
12780.0, 0.24914041
12790.0, 0.24911883
12800.0, 0.24909729
12810.0, 0.2490758
12820.0, 0.24905434
12830.0, 0.24903293
12840.0, 0.24901158
12850.0, 0.24899024
12860.0, 0.24896896
12870.0, 0.24894771
12880.0, 0.2489265
12890.0, 0.24890535
12900.0, 0.24888423
12910.0, 0.24886315
12920.0, 0.2488421
12930.0, 0.24882111
12940.0, 0.24880016
12950.0, 0.24877925
12960.0, 0.24875838
12970.0, 0.24873753
12980.0, 0.24871674
12990.0, 0.24869598
13000.0, 0.24867529
13010.0, 0.2486546
13020.0, 0.24863398
13030.0, 0.24861339
13040.0, 0.24859282
13050.0, 0.24857233
13060.0, 0.24855186
13070.0, 0.24853143
13080.0, 0.24851103
13090.0, 0.24849068
13100.0, 0.24847037
13110.0, 0.2484501
13120.0, 0.24842986
13130.0, 0.24840967
13140.0, 0.24838953
13150.0, 0.24836941
13160.0, 0.24834932
13170.0, 0.2483293
13180.0, 0.2483093
13190.0, 0.24828935
13200.0, 0.24826942
13210.0, 0.24824956
13220.0, 0.24822971
13230.0, 0.24820991
13240.0, 0.24819015
13250.0, 0.24817042
13260.0, 0.24815074
13270.0, 0.2481311
13280.0, 0.24811149
13290.0, 0.2480919
13300.0, 0.24807239
13310.0, 0.24805288
13320.0, 0.24803343
13330.0, 0.24801402
13340.0, 0.24799463
13350.0, 0.24797529
13360.0, 0.247956
13370.0, 0.24793673
13380.0, 0.24791749
13390.0, 0.2478983
13400.0, 0.24787915
13410.0, 0.24786003
13420.0, 0.24784096
13430.0, 0.24782191
13440.0, 0.24780291
13450.0, 0.24778394
13460.0, 0.24776502
13470.0, 0.24774611
13480.0, 0.24772726
13490.0, 0.24770844
13500.0, 0.24768966
13510.0, 0.2476709
13520.0, 0.2476522
13530.0, 0.24763353
13540.0, 0.24761489
13550.0, 0.2475963
13560.0, 0.24757773
13570.0, 0.2475592
13580.0, 0.24754071
13590.0, 0.24752226
13600.0, 0.24750385
13610.0, 0.24748546
13620.0, 0.24746712
13630.0, 0.24744882
13640.0, 0.24743053
13650.0, 0.2474123
13660.0, 0.24739408
13670.0, 0.24737594
13680.0, 0.2473578
13690.0, 0.2473397
13700.0, 0.24732164
13710.0, 0.24730362
13720.0, 0.24728562
13730.0, 0.24726766
13740.0, 0.24724975
13750.0, 0.24723187
13760.0, 0.247214
13770.0, 0.2471962
13780.0, 0.24717842
13790.0, 0.24716067
13800.0, 0.24714296
13810.0, 0.24712528
13820.0, 0.24710764
13830.0, 0.24709004
13840.0, 0.24707247
13850.0, 0.24705493
13860.0, 0.24703743
13870.0, 0.24701996
13880.0, 0.24700253
13890.0, 0.24698512
13900.0, 0.24696775
13910.0, 0.24695043
13920.0, 0.24693312
13930.0, 0.24691586
13940.0, 0.24689864
13950.0, 0.24688144
13960.0, 0.24686427
13970.0, 0.24684714
13980.0, 0.24683005
13990.0, 0.24681298
14000.0, 0.24679595
14010.0, 0.24677896
14020.0, 0.246762
14030.0, 0.24674506
14040.0, 0.24672817
14050.0, 0.2467113
14060.0, 0.24669448
14070.0, 0.24667768
14080.0, 0.24666092
14090.0, 0.24664418
14100.0, 0.2466275
14110.0, 0.24661084
14120.0, 0.24659419
14130.0, 0.24657759
14140.0, 0.24656102
14150.0, 0.2465445
14160.0, 0.24652798
14170.0, 0.24651152
14180.0, 0.24649508
14190.0, 0.24647868
14200.0, 0.2464623
14210.0, 0.24644595
14220.0, 0.24642964
14230.0, 0.24641337
14240.0, 0.24639712
14250.0, 0.24638091
14260.0, 0.24636473
14270.0, 0.24634857
14280.0, 0.24633247
14290.0, 0.24631637
14300.0, 0.24630031
14310.0, 0.24628429
14320.0, 0.2462683
14330.0, 0.24625234
14340.0, 0.24623641
14350.0, 0.24622051
14360.0, 0.24620464
14370.0, 0.2461888
14380.0, 0.246173
14390.0, 0.24615723
14400.0, 0.2461415
14410.0, 0.24612577
14420.0, 0.2461101
14430.0, 0.24609445
14440.0, 0.24607882
14450.0, 0.24606323
14460.0, 0.24604768
14470.0, 0.24603215
14480.0, 0.24601665
14490.0, 0.24600118
14500.0, 0.24598575
14510.0, 0.24597034
14520.0, 0.24595496
14530.0, 0.24593961
14540.0, 0.2459243
14550.0, 0.245909
14560.0, 0.24589376
14570.0, 0.24587853
14580.0, 0.24586333
14590.0, 0.24584816
14600.0, 0.24583302
14610.0, 0.24581793
14620.0, 0.24580285
14630.0, 0.2457878
14640.0, 0.24577278
14650.0, 0.24575779
14660.0, 0.24574284
14670.0, 0.2457279
14680.0, 0.24571301
14690.0, 0.24569814
14700.0, 0.2456833
14710.0, 0.24566849
14720.0, 0.2456537
14730.0, 0.24563895
14740.0, 0.24562423
14750.0, 0.24560952
14760.0, 0.24559486
14770.0, 0.24558023
14780.0, 0.24556561
14790.0, 0.24555103
14800.0, 0.24553648
14810.0, 0.24552195
14820.0, 0.24550745
14830.0, 0.245493
14840.0, 0.24547854
14850.0, 0.24546415
14860.0, 0.24544975
14870.0, 0.2454354
14880.0, 0.24542108
14890.0, 0.24540678
14900.0, 0.2453925
14910.0, 0.24537827
14920.0, 0.24536406
14930.0, 0.24534987
14940.0, 0.24533571
14950.0, 0.24532159
14960.0, 0.24530749
14970.0, 0.24529341
14980.0, 0.24527937
14990.0, 0.24526535
15000.0, 0.24525136
15010.0, 0.2452374
15020.0, 0.24522346
15030.0, 0.24520954
15040.0, 0.24519567
15050.0, 0.24518181
15060.0, 0.24516799
15070.0, 0.24515419
15080.0, 0.24514042
15090.0, 0.24512666
15100.0, 0.24511294
15110.0, 0.24509926
15120.0, 0.2450856
15130.0, 0.24507195
15140.0, 0.24505834
15150.0, 0.24504477
15160.0, 0.2450312
15170.0, 0.24501768
15180.0, 0.24500418
15190.0, 0.24499069
15200.0, 0.24497725
15210.0, 0.24496382
15220.0, 0.24495043
15230.0, 0.24493705
15240.0, 0.24492371
15250.0, 0.24491037
15260.0, 0.24489708
15270.0, 0.24488382
15280.0, 0.24487059
15290.0, 0.24485737
15300.0, 0.24484418
15310.0, 0.24483101
15320.0, 0.24481788
15330.0, 0.24480477
15340.0, 0.24479169
15350.0, 0.24477863
15360.0, 0.2447656
15370.0, 0.24475259
15380.0, 0.2447396
15390.0, 0.24472664
15400.0, 0.24471371
15410.0, 0.24470082
15420.0, 0.24468793
15430.0, 0.24467507
15440.0, 0.24466224
15450.0, 0.24464944
15460.0, 0.24463665
15470.0, 0.2446239
15480.0, 0.24461117
15490.0, 0.24459848
15500.0, 0.2445858
15510.0, 0.24457315
15520.0, 0.24456051
15530.0, 0.24454792
15540.0, 0.24453533
15550.0, 0.24452277
15560.0, 0.24451025
15570.0, 0.24449775
15580.0, 0.24448526
15590.0, 0.24447282
15600.0, 0.24446037
15610.0, 0.24444798
15620.0, 0.24443558
15630.0, 0.24442323
15640.0, 0.2444109
15650.0, 0.2443986
15660.0, 0.2443863
15670.0, 0.24437405
15680.0, 0.2443618
15690.0, 0.24434958
15700.0, 0.2443374
15710.0, 0.24432524
15720.0, 0.24431309
15730.0, 0.24430098
15740.0, 0.24428889
15750.0, 0.24427682
15760.0, 0.24426478
15770.0, 0.24425276
15780.0, 0.24424076
15790.0, 0.24422878
15800.0, 0.24421683
15810.0, 0.24420491
15820.0, 0.244193
15830.0, 0.24418113
15840.0, 0.24416927
15850.0, 0.24415743
15860.0, 0.24414562
15870.0, 0.24413383
15880.0, 0.24412207
15890.0, 0.24411033
15900.0, 0.24409862
15910.0, 0.24408692
15920.0, 0.24407525
15930.0, 0.2440636
15940.0, 0.24405198
15950.0, 0.24404037
15960.0, 0.24402879
15970.0, 0.24401724
15980.0, 0.2440057
15990.0, 0.24399419
16000.0, 0.24398272
16010.0, 0.24397124
16020.0, 0.2439598
16030.0, 0.24394839
16040.0, 0.24393699
16050.0, 0.2439256
16060.0, 0.24391426
16070.0, 0.24390292
16080.0, 0.24389163
16090.0, 0.24388033
16100.0, 0.24386907
16110.0, 0.24385783
16120.0, 0.24384661
16130.0, 0.2438354
16140.0, 0.24382423
16150.0, 0.24381308
16160.0, 0.24380195
16170.0, 0.24379085
16180.0, 0.24377975
16190.0, 0.24376869
16200.0, 0.24375764
16210.0, 0.24374662
16220.0, 0.24373563
16230.0, 0.24372464
16240.0, 0.24371369
16250.0, 0.24370275
16260.0, 0.24369185
16270.0, 0.24368095
16280.0, 0.24367008
16290.0, 0.24365923
16300.0, 0.24364841
16310.0, 0.24363759
16320.0, 0.24362682
16330.0, 0.24361606
16340.0, 0.2436053
16350.0, 0.24359459
16360.0, 0.24358389
16370.0, 0.24357322
16380.0, 0.24356256
16390.0, 0.24355192
16400.0, 0.2435413
16410.0, 0.2435307
16420.0, 0.24352013
16430.0, 0.24350958
16440.0, 0.24349904
16450.0, 0.24348854
16460.0, 0.24347804
16470.0, 0.24346758
16480.0, 0.24345712
16490.0, 0.24344671
16500.0, 0.24343629
16510.0, 0.2434259
16520.0, 0.24341555
16530.0, 0.2434052
16540.0, 0.24339487
16550.0, 0.24338455
16560.0, 0.24337427
16570.0, 0.24336402
16580.0, 0.24335377
16590.0, 0.24334355
16600.0, 0.24333334
16610.0, 0.24332316
16620.0, 0.243313
16630.0, 0.24330285
16640.0, 0.24329272
16650.0, 0.24328262
16660.0, 0.24327254
16670.0, 0.24326248
16680.0, 0.24325244
16690.0, 0.24324241
16700.0, 0.2432324
16710.0, 0.24322242
16720.0, 0.24321246
16730.0, 0.24320251
16740.0, 0.24319258
16750.0, 0.24318267
16760.0, 0.2431728
16770.0, 0.24316293
16780.0, 0.24315308
16790.0, 0.24314325
16800.0, 0.24313344
16810.0, 0.24312365
16820.0, 0.24311388
16830.0, 0.24310413
16840.0, 0.2430944
16850.0, 0.24308468
16860.0, 0.243075
16870.0, 0.24306533
16880.0, 0.24305567
16890.0, 0.24304603
16900.0, 0.24303642
16910.0, 0.24302682
16920.0, 0.24301724
16930.0, 0.24300767
16940.0, 0.24299814
16950.0, 0.24298862
16960.0, 0.24297912
16970.0, 0.24296963
16980.0, 0.24296017
16990.0, 0.24295072
17000.0, 0.24294129
17010.0, 0.24293189
17020.0, 0.2429225
17030.0, 0.24291311
17040.0, 0.24290377
17050.0, 0.24289443
17060.0, 0.24288511
17070.0, 0.24287581
17080.0, 0.24286653
17090.0, 0.24285726
17100.0, 0.24284802
17110.0, 0.2428388
17120.0, 0.2428296
17130.0, 0.24282041
17140.0, 0.24281125
17150.0, 0.2428021
17160.0, 0.24279295
17170.0, 0.24278383
17180.0, 0.24277474
17190.0, 0.24276567
17200.0, 0.24275659
17210.0, 0.24274756
17220.0, 0.24273852
17230.0, 0.24272951
17240.0, 0.24272053
17250.0, 0.24271156
17260.0, 0.2427026
17270.0, 0.24269366
17280.0, 0.24268474
17290.0, 0.24267584
17300.0, 0.24266696
17310.0, 0.2426581
17320.0, 0.24264924
17330.0, 0.2426404
17340.0, 0.24263158
17350.0, 0.2426228
17360.0, 0.24261402
17370.0, 0.24260525
17380.0, 0.2425965
17390.0, 0.24258777
17400.0, 0.24257907
17410.0, 0.24257037
17420.0, 0.2425617
17430.0, 0.24255304
17440.0, 0.2425444
17450.0, 0.24253577
17460.0, 0.24252717
17470.0, 0.24251857
17480.0, 0.24251
17490.0, 0.24250145
17500.0, 0.24249291
17510.0, 0.24248439
17520.0, 0.24247588
17530.0, 0.24246739
17540.0, 0.24245892
17550.0, 0.24245046
17560.0, 0.24244203
17570.0, 0.24243361
17580.0, 0.2424252
17590.0, 0.24241681
17600.0, 0.24240844
17610.0, 0.24240008
17620.0, 0.24239175
17630.0, 0.24238342
17640.0, 0.24237512
17650.0, 0.24236682
17660.0, 0.24235855
17670.0, 0.2423503
17680.0, 0.24234205
17690.0, 0.24233383
17700.0, 0.24232563
17710.0, 0.24231744
17720.0, 0.24230926
17730.0, 0.24230109
17740.0, 0.24229296
17750.0, 0.24228483
17760.0, 0.24227671
17770.0, 0.24226862
17780.0, 0.24226055
17790.0, 0.24225248
17800.0, 0.24224444
17810.0, 0.2422364
17820.0, 0.24222839
17830.0, 0.24222039
17840.0, 0.24221241
17850.0, 0.24220444
17860.0, 0.24219649
17870.0, 0.24218854
17880.0, 0.24218063
17890.0, 0.24217273
17900.0, 0.24216484
17910.0, 0.24215697
17920.0, 0.2421491
17930.0, 0.24214126
17940.0, 0.24213344
17950.0, 0.24212563
17960.0, 0.24211784
17970.0, 0.24211004
17980.0, 0.24210228
17990.0, 0.24209455
18000.0, 0.2420868
18010.0, 0.2420791
18020.0, 0.24207138
18030.0, 0.2420637
18040.0, 0.24205601
18050.0, 0.24204835
18060.0, 0.24204072
18070.0, 0.2420331
18080.0, 0.24202548
18090.0, 0.24201788
18100.0, 0.24201031
18110.0, 0.24200273
18120.0, 0.24199519
18130.0, 0.24198765
18140.0, 0.24198012
18150.0, 0.24197261
18160.0, 0.24196512
18170.0, 0.24195763
18180.0, 0.24195018
18190.0, 0.24194273
18200.0, 0.2419353
18210.0, 0.24192788
18220.0, 0.24192047
18230.0, 0.24191308
18240.0, 0.2419057
18250.0, 0.24189836
18260.0, 0.24189101
18270.0, 0.24188368
18280.0, 0.24187636
18290.0, 0.24186906
18300.0, 0.24186178
18310.0, 0.24185449
18320.0, 0.24184723
18330.0, 0.24183999
18340.0, 0.24183276
18350.0, 0.24182555
18360.0, 0.24181835
18370.0, 0.24181116
18380.0, 0.24180397
18390.0, 0.24179682
18400.0, 0.24178968
18410.0, 0.24178255
18420.0, 0.24177544
18430.0, 0.24176833
18440.0, 0.24176125
18450.0, 0.24175417
18460.0, 0.24174711
18470.0, 0.24174006
18480.0, 0.24173303
18490.0, 0.24172601
18500.0, 0.24171901
18510.0, 0.24171202
18520.0, 0.24170505
18530.0, 0.24169809
18540.0, 0.24169114
18550.0, 0.2416842
18560.0, 0.24167728
18570.0, 0.24167037
18580.0, 0.24166347
18590.0, 0.2416566
18600.0, 0.24164973
18610.0, 0.24164288
18620.0, 0.24163604
18630.0, 0.24162921
18640.0, 0.2416224
18650.0, 0.24161561
18660.0, 0.24160883
18670.0, 0.24160205
18680.0, 0.2415953
18690.0, 0.24158855
18700.0, 0.24158181
18710.0, 0.24157509
18720.0, 0.24156839
18730.0, 0.2415617
18740.0, 0.24155502
18750.0, 0.24154834
18760.0, 0.2415417
18770.0, 0.24153505
18780.0, 0.24152844
18790.0, 0.24152182
18800.0, 0.24151523
18810.0, 0.24150863
18820.0, 0.24150206
18830.0, 0.2414955
18840.0, 0.24148896
18850.0, 0.24148242
18860.0, 0.24147591
18870.0, 0.2414694
18880.0, 0.2414629
18890.0, 0.24145642
18900.0, 0.24144995
18910.0, 0.2414435
18920.0, 0.24143705
18930.0, 0.24143061
18940.0, 0.2414242
18950.0, 0.2414178
18960.0, 0.2414114
18970.0, 0.24140503
18980.0, 0.24139865
18990.0, 0.2413923
19000.0, 0.24138595
19010.0, 0.24137962
19020.0, 0.2413733
19030.0, 0.24136701
19040.0, 0.24136071
19050.0, 0.24135442
19060.0, 0.24134816
19070.0, 0.24134192
19080.0, 0.24133566
19090.0, 0.24132945
19100.0, 0.24132322
19110.0, 0.24131702
19120.0, 0.24131082
19130.0, 0.24130464
19140.0, 0.24129847
19150.0, 0.24129231
19160.0, 0.24128617
19170.0, 0.24128003
19180.0, 0.24127392
19190.0, 0.24126782
19200.0, 0.24126172
19210.0, 0.24125563
19220.0, 0.24124956
19230.0, 0.2412435
19240.0, 0.24123746
19250.0, 0.24123141
19260.0, 0.2412254
19270.0, 0.24121939
19280.0, 0.2412134
19290.0, 0.2412074
19300.0, 0.24120142
19310.0, 0.24119547
19320.0, 0.24118951
19330.0, 0.24118356
19340.0, 0.24117763
19350.0, 0.24117172
19360.0, 0.24116582
19370.0, 0.24115992
19380.0, 0.24115404
19390.0, 0.24114817
19400.0, 0.24114232
19410.0, 0.24113646
19420.0, 0.24113064
19430.0, 0.24112481
19440.0, 0.241119
19450.0, 0.2411132
19460.0, 0.2411074
19470.0, 0.24110164
19480.0, 0.24109587
19490.0, 0.24109012
19500.0, 0.24108437
19510.0, 0.24107864
19520.0, 0.24107292
19530.0, 0.24106722
19540.0, 0.24106151
19550.0, 0.24105583
19560.0, 0.24105015
19570.0, 0.24104449
19580.0, 0.24103884
19590.0, 0.2410332
19600.0, 0.24102756
19610.0, 0.24102195
19620.0, 0.24101634
19630.0, 0.24101074
19640.0, 0.24100515
19650.0, 0.24099958
19660.0, 0.24099402
19670.0, 0.24098846
19680.0, 0.24098292
19690.0, 0.2409774
19700.0, 0.24097188
19710.0, 0.24096638
19720.0, 0.24096088
19730.0, 0.2409554
19740.0, 0.24094991
19750.0, 0.24094445
19760.0, 0.24093899
19770.0, 0.24093355
19780.0, 0.24092813
19790.0, 0.2409227
19800.0, 0.24091728
19810.0, 0.24091189
19820.0, 0.2409065
19830.0, 0.24090113
19840.0, 0.24089576
19850.0, 0.2408904
19860.0, 0.24088505
19870.0, 0.24087971
19880.0, 0.2408744
19890.0, 0.24086908
19900.0, 0.24086377
19910.0, 0.24085848
19920.0, 0.24085319
19930.0, 0.24084793
19940.0, 0.24084267
19950.0, 0.24083741
19960.0, 0.24083216
19970.0, 0.24082693
19980.0, 0.24082172
19990.0, 0.2408165
20000.0, 0.2408113
20010.0, 0.24080612
20020.0, 0.24080095
20030.0, 0.24079576
20040.0, 0.2407906
20050.0, 0.24078546
20060.0, 0.24078032
20070.0, 0.2407752
20080.0, 0.24077009
20090.0, 0.24076498
20100.0, 0.24075988
20110.0, 0.2407548
20120.0, 0.24074972
20130.0, 0.24074465
20140.0, 0.24073958
20150.0, 0.24073455
20160.0, 0.24072951
20170.0, 0.24072447
20180.0, 0.24071947
20190.0, 0.24071446
20200.0, 0.24070945
20210.0, 0.24070448
20220.0, 0.2406995
20230.0, 0.24069452
20240.0, 0.24068958
20250.0, 0.24068463
20260.0, 0.2406797
20270.0, 0.24067475
20280.0, 0.24066985
20290.0, 0.24066493
20300.0, 0.24066003
20310.0, 0.24065514
20320.0, 0.24065027
20330.0, 0.2406454
20340.0, 0.24064054
20350.0, 0.24063568
20360.0, 0.24063084
20370.0, 0.240626
20380.0, 0.2406212
20390.0, 0.24061638
20400.0, 0.24061158
20410.0, 0.24060678
20420.0, 0.240602
20430.0, 0.24059723
20440.0, 0.24059246
20450.0, 0.24058771
20460.0, 0.24058297
20470.0, 0.24057823
20480.0, 0.24057351
20490.0, 0.24056879
20500.0, 0.24056408
20510.0, 0.24055938
20520.0, 0.24055469
20530.0, 0.24055001
20540.0, 0.24054535
20550.0, 0.24054068
20560.0, 0.24053603
20570.0, 0.24053138
20580.0, 0.24052677
20590.0, 0.24052213
20600.0, 0.24051753
20610.0, 0.24051291
20620.0, 0.24050832
20630.0, 0.24050373
20640.0, 0.24049914
20650.0, 0.24049458
20660.0, 0.24049002
20670.0, 0.24048547
20680.0, 0.24048093
20690.0, 0.24047638
20700.0, 0.24047187
20710.0, 0.24046735
20720.0, 0.24046284
20730.0, 0.24045835
20740.0, 0.24045387
20750.0, 0.24044938
20760.0, 0.24044491
20770.0, 0.24044046
20780.0, 0.240436
20790.0, 0.24043156
20800.0, 0.24042712
20810.0, 0.2404227
20820.0, 0.24041827
20830.0, 0.24041387
20840.0, 0.24040948
20850.0, 0.24040508
20860.0, 0.2404007
20870.0, 0.24039632
20880.0, 0.24039197
20890.0, 0.2403876
20900.0, 0.24038327
20910.0, 0.24037892
20920.0, 0.2403746
20930.0, 0.24037026
20940.0, 0.24036597
20950.0, 0.24036166
20960.0, 0.24035735
20970.0, 0.24035306
20980.0, 0.24034879
20990.0, 0.24034452
21000.0, 0.24034026
21010.0, 0.240336
21020.0, 0.24033175
21030.0, 0.24032752
21040.0, 0.24032329
21050.0, 0.24031907
21060.0, 0.24031487
21070.0, 0.24031067
21080.0, 0.24030647
21090.0, 0.24030228
21100.0, 0.24029809
21110.0, 0.24029393
21120.0, 0.24028978
21130.0, 0.24028562
21140.0, 0.24028148
21150.0, 0.24027734
21160.0, 0.2402732
21170.0, 0.2402691
21180.0, 0.24026498
21190.0, 0.24026087
21200.0, 0.24025679
21210.0, 0.2402527
21220.0, 0.24024862
21230.0, 0.24024454
21240.0, 0.24024048
21250.0, 0.24023643
21260.0, 0.24023238
21270.0, 0.24022834
21280.0, 0.24022432
21290.0, 0.24022028
21300.0, 0.24021627
21310.0, 0.24021226
21320.0, 0.24020827
21330.0, 0.24020427
21340.0, 0.2402003
21350.0, 0.24019632
21360.0, 0.24019235
21370.0, 0.24018839
21380.0, 0.24018444
21390.0, 0.2401805
21400.0, 0.24017657
21410.0, 0.24017262
21420.0, 0.24016872
21430.0, 0.2401648
21440.0, 0.2401609
21450.0, 0.24015701
21460.0, 0.2401531
21470.0, 0.24014923
21480.0, 0.24014536
21490.0, 0.2401415
21500.0, 0.24013764
21510.0, 0.24013379
21520.0, 0.24012995
21530.0, 0.2401261
21540.0, 0.24012229
21550.0, 0.24011846
21560.0, 0.24011464
21570.0, 0.24011084
21580.0, 0.24010704
21590.0, 0.24010326
21600.0, 0.24009947
21610.0, 0.2400957
21620.0, 0.24009193
21630.0, 0.24008818
21640.0, 0.24008442
21650.0, 0.24008067
21660.0, 0.24007694
21670.0, 0.24007322
21680.0, 0.2400695
21690.0, 0.24006577
21700.0, 0.24006207
21710.0, 0.24005836
21720.0, 0.24005467
21730.0, 0.24005099
21740.0, 0.24004732
21750.0, 0.24004364
21760.0, 0.24003997
21770.0, 0.24003632
21780.0, 0.24003267
21790.0, 0.24002904
21800.0, 0.2400254
21810.0, 0.24002178
21820.0, 0.24001816
21830.0, 0.24001454
21840.0, 0.24001093
21850.0, 0.24000734
21860.0, 0.24000373
21870.0, 0.24000016
21880.0, 0.23999658
21890.0, 0.23999302
21900.0, 0.23998944
21910.0, 0.2399859
21920.0, 0.23998235
21930.0, 0.2399788
21940.0, 0.23997527
21950.0, 0.23997174
21960.0, 0.23996823
21970.0, 0.23996471
21980.0, 0.2399612
21990.0, 0.2399577
22000.0, 0.2399542
22010.0, 0.23995073
22020.0, 0.23994724
22030.0, 0.23994377
22040.0, 0.23994032
22050.0, 0.23993686
22060.0, 0.2399334
22070.0, 0.23992996
22080.0, 0.23992653
22090.0, 0.23992309
22100.0, 0.23991966
22110.0, 0.23991625
22120.0, 0.23991285
22130.0, 0.23990944
22140.0, 0.23990604
22150.0, 0.23990265
22160.0, 0.23989928
22170.0, 0.2398959
22180.0, 0.23989253
22190.0, 0.23988916
22200.0, 0.2398858
22210.0, 0.23988247
22220.0, 0.23987912
22230.0, 0.23987578
22240.0, 0.23987244
22250.0, 0.23986913
22260.0, 0.23986581
22270.0, 0.2398625
22280.0, 0.2398592
22290.0, 0.2398559
22300.0, 0.2398526
22310.0, 0.23984933
22320.0, 0.23984605
22330.0, 0.23984279
22340.0, 0.23983951
22350.0, 0.23983626
22360.0, 0.23983301
22370.0, 0.23982978
22380.0, 0.23982653
22390.0, 0.2398233
22400.0, 0.23982008
22410.0, 0.23981686
22420.0, 0.23981364
22430.0, 0.23981044
22440.0, 0.23980723
22450.0, 0.23980406
22460.0, 0.23980087
22470.0, 0.23979768
22480.0, 0.23979451
22490.0, 0.23979135
22500.0, 0.23978817
22510.0, 0.23978502
22520.0, 0.23978187
22530.0, 0.23977873
22540.0, 0.2397756
22550.0, 0.23977247
22560.0, 0.23976934
22570.0, 0.23976623
22580.0, 0.23976311
22590.0, 0.23976001
22600.0, 0.23975691
22610.0, 0.23975383
22620.0, 0.23975073
22630.0, 0.23974764
22640.0, 0.23974457
22650.0, 0.2397415
22660.0, 0.23973845
22670.0, 0.2397354
22680.0, 0.23973234
22690.0, 0.23972929
22700.0, 0.23972626
22710.0, 0.23972322
22720.0, 0.23972021
22730.0, 0.23971719
22740.0, 0.23971416
22750.0, 0.23971117
22760.0, 0.23970816
22770.0, 0.23970516
22780.0, 0.23970218
22790.0, 0.23969918
22800.0, 0.23969622
22810.0, 0.23969324
22820.0, 0.23969027
22830.0, 0.23968731
22840.0, 0.23968436
22850.0, 0.23968142
22860.0, 0.23967847
22870.0, 0.23967554
22880.0, 0.2396726
22890.0, 0.23966968
22900.0, 0.23966676
22910.0, 0.23966384
22920.0, 0.23966093
22930.0, 0.23965804
22940.0, 0.23965515
22950.0, 0.23965225
22960.0, 0.23964937
22970.0, 0.2396465
22980.0, 0.23964362
22990.0, 0.23964074
23000.0, 0.23963788
23010.0, 0.23963502
23020.0, 0.23963217
23030.0, 0.23962934
23040.0, 0.2396265
23050.0, 0.23962367
23060.0, 0.23962085
23070.0, 0.23961802
23080.0, 0.2396152
23090.0, 0.23961239
23100.0, 0.23960958
23110.0, 0.23960678
23120.0, 0.239604
23130.0, 0.2396012
23140.0, 0.23959842
23150.0, 0.23959565
23160.0, 0.23959287
23170.0, 0.23959011
23180.0, 0.23958735
23190.0, 0.2395846
23200.0, 0.23958184
23210.0, 0.2395791
23220.0, 0.23957637
23230.0, 0.23957363
23240.0, 0.2395709
23250.0, 0.23956817
23260.0, 0.23956546
23270.0, 0.23956275
23280.0, 0.23956005
23290.0, 0.23955734
23300.0, 0.23955464
23310.0, 0.23955195
23320.0, 0.23954928
23330.0, 0.2395466
23340.0, 0.23954391
23350.0, 0.23954125
23360.0, 0.2395386
23370.0, 0.23953593
23380.0, 0.23953328
23390.0, 0.23953064
23400.0, 0.23952799
23410.0, 0.23952536
23420.0, 0.23952271
23430.0, 0.23952009
23440.0, 0.23951747
23450.0, 0.23951486
23460.0, 0.23951225
23470.0, 0.23950964
23480.0, 0.23950705
23490.0, 0.23950444
23500.0, 0.23950185
23510.0, 0.23949927
23520.0, 0.2394967
23530.0, 0.23949412
23540.0, 0.23949155
23550.0, 0.23948899
23560.0, 0.23948643
23570.0, 0.23948386
23580.0, 0.23948133
23590.0, 0.23947878
23600.0, 0.23947623
23610.0, 0.2394737
23620.0, 0.23947117
23630.0, 0.23946865
23640.0, 0.23946615
23650.0, 0.23946361
23660.0, 0.23946111
23670.0, 0.23945862
23680.0, 0.23945612
23690.0, 0.23945363
23700.0, 0.23945113
23710.0, 0.23944864
23720.0, 0.23944616
23730.0, 0.23944369
23740.0, 0.23944122
23750.0, 0.23943876
23760.0, 0.2394363
23770.0, 0.23943384
23780.0, 0.2394314
23790.0, 0.23942895
23800.0, 0.23942651
23810.0, 0.23942408
23820.0, 0.23942165
23830.0, 0.23941922
23840.0, 0.23941681
23850.0, 0.23941438
23860.0, 0.23941198
23870.0, 0.23940957
23880.0, 0.23940717
23890.0, 0.23940477
23900.0, 0.23940238
23910.0, 0.2394
23920.0, 0.23939762
23930.0, 0.23939525
23940.0, 0.23939286
23950.0, 0.23939049
23960.0, 0.23938814
23970.0, 0.23938577
23980.0, 0.23938343
23990.0, 0.23938107
24000.0, 0.23937872
24010.0, 0.2393764
24020.0, 0.23937406
24030.0, 0.23937173
24040.0, 0.23936939
24050.0, 0.23936708
24060.0, 0.23936477
24070.0, 0.23936245
24080.0, 0.23936014
24090.0, 0.23935784
24100.0, 0.23935555
24110.0, 0.23935325
24120.0, 0.23935096
24130.0, 0.23934868
24140.0, 0.2393464
24150.0, 0.23934412
24160.0, 0.23934186
24170.0, 0.23933959
24180.0, 0.23933733
24190.0, 0.23933508
24200.0, 0.23933281
24210.0, 0.23933057
24220.0, 0.23932832
24230.0, 0.23932609
24240.0, 0.23932385
24250.0, 0.23932162
24260.0, 0.2393194
24270.0, 0.23931718
24280.0, 0.23931496
24290.0, 0.23931275
24300.0, 0.23931055
24310.0, 0.23930834
24320.0, 0.23930614
24330.0, 0.23930395
24340.0, 0.23930176
24350.0, 0.23929957
24360.0, 0.23929739
24370.0, 0.23929521
24380.0, 0.23929304
24390.0, 0.23929086
24400.0, 0.2392887
24410.0, 0.23928654
24420.0, 0.23928438
24430.0, 0.23928224
24440.0, 0.23928009
24450.0, 0.23927794
24460.0, 0.23927581
24470.0, 0.23927367
24480.0, 0.23927155
24490.0, 0.23926942
24500.0, 0.23926729
24510.0, 0.23926517
24520.0, 0.23926306
24530.0, 0.23926096
24540.0, 0.23925886
24550.0, 0.23925674
24560.0, 0.23925465
24570.0, 0.23925255
24580.0, 0.23925048
24590.0, 0.2392484
24600.0, 0.23924631
24610.0, 0.23924424
24620.0, 0.23924217
24630.0, 0.2392401
24640.0, 0.23923802
24650.0, 0.23923597
24660.0, 0.23923391
24670.0, 0.23923187
24680.0, 0.23922983
24690.0, 0.23922777
24700.0, 0.23922575
24710.0, 0.2392237
24720.0, 0.23922168
24730.0, 0.23921965
24740.0, 0.23921762
24750.0, 0.2392156
24760.0, 0.2392136
24770.0, 0.23921159
24780.0, 0.23920958
24790.0, 0.23920758
24800.0, 0.23920557
24810.0, 0.23920357
24820.0, 0.23920159
24830.0, 0.2391996
24840.0, 0.23919761
24850.0, 0.23919564
24860.0, 0.23919368
24870.0, 0.2391917
24880.0, 0.23918973
24890.0, 0.23918776
24900.0, 0.23918581
24910.0, 0.23918386
24920.0, 0.2391819
24930.0, 0.23917995
24940.0, 0.23917802
24950.0, 0.23917608
24960.0, 0.23917414
24970.0, 0.2391722
24980.0, 0.23917028
24990.0, 0.23916836
25000.0, 0.23916644
25010.0, 0.23916452
25020.0, 0.23916261
25030.0, 0.2391607
25040.0, 0.2391588
25050.0, 0.23915689
25060.0, 0.239155
25070.0, 0.2391531
25080.0, 0.23915121
25090.0, 0.23914932
25100.0, 0.23914744
25110.0, 0.23914556
25120.0, 0.23914368
25130.0, 0.23914182
25140.0, 0.23913996
25150.0, 0.23913808
25160.0, 0.23913623
25170.0, 0.23913437
25180.0, 0.23913252
25190.0, 0.23913068
25200.0, 0.23912883
25210.0, 0.23912698
25220.0, 0.23912515
25230.0, 0.23912331
25240.0, 0.23912148
25250.0, 0.23911965
25260.0, 0.23911783
25270.0, 0.23911601
25280.0, 0.2391142
25290.0, 0.23911239
25300.0, 0.23911057
25310.0, 0.23910877
25320.0, 0.23910697
25330.0, 0.23910518
25340.0, 0.23910338
25350.0, 0.23910159
25360.0, 0.2390998
25370.0, 0.23909801
25380.0, 0.23909624
25390.0, 0.23909447
25400.0, 0.2390927
25410.0, 0.23909092
25420.0, 0.23908916
25430.0, 0.23908739
25440.0, 0.23908564
25450.0, 0.23908387
25460.0, 0.23908213
25470.0, 0.23908037
25480.0, 0.23907864
25490.0, 0.2390769
25500.0, 0.23907515
25510.0, 0.23907341
25520.0, 0.23907168
25530.0, 0.23906995
25540.0, 0.23906824
25550.0, 0.23906653
25560.0, 0.2390648
25570.0, 0.23906308
25580.0, 0.23906137
25590.0, 0.23905967
25600.0, 0.23905796
25610.0, 0.23905626
25620.0, 0.23905456
25630.0, 0.23905288
25640.0, 0.23905118
25650.0, 0.2390495
25660.0, 0.23904783
25670.0, 0.23904613
25680.0, 0.23904446
25690.0, 0.23904279
25700.0, 0.23904112
25710.0, 0.23903945
25720.0, 0.23903778
25730.0, 0.23903613
25740.0, 0.23903447
25750.0, 0.23903282
25760.0, 0.23903117
25770.0, 0.23902953
25780.0, 0.23902787
25790.0, 0.23902625
25800.0, 0.2390246
25810.0, 0.23902297
25820.0, 0.23902135
25830.0, 0.2390197
25840.0, 0.23901808
25850.0, 0.23901647
25860.0, 0.23901485
25870.0, 0.23901324
25880.0, 0.23901163
25890.0, 0.23901002
25900.0, 0.23900841
25910.0, 0.2390068
25920.0, 0.23900521
25930.0, 0.23900363
25940.0, 0.23900203
25950.0, 0.23900044
25960.0, 0.23899885
25970.0, 0.23899727
25980.0, 0.23899569
25990.0, 0.23899412
26000.0, 0.23899254
26010.0, 0.23899098
26020.0, 0.23898941
26030.0, 0.23898785
26040.0, 0.23898628
26050.0, 0.23898473
26060.0, 0.23898317
26070.0, 0.23898162
26080.0, 0.23898007
26090.0, 0.23897853
26100.0, 0.238977
26110.0, 0.23897545
26120.0, 0.23897392
26130.0, 0.23897238
26140.0, 0.23897085
26150.0, 0.23896933
26160.0, 0.2389678
26170.0, 0.23896629
26180.0, 0.23896477
26190.0, 0.23896325
26200.0, 0.23896174
26210.0, 0.23896022
26220.0, 0.23895872
26230.0, 0.23895723
26240.0, 0.23895574
26250.0, 0.23895423
26260.0, 0.23895274
26270.0, 0.23895124
26280.0, 0.23894976
26290.0, 0.23894827
26300.0, 0.2389468
26310.0, 0.2389453
26320.0, 0.23894383
26330.0, 0.23894237
26340.0, 0.2389409
26350.0, 0.23893943
26360.0, 0.23893797
26370.0, 0.2389365
26380.0, 0.23893505
26390.0, 0.2389336
26400.0, 0.23893215
26410.0, 0.23893069
26420.0, 0.23892924
26430.0, 0.2389278
26440.0, 0.23892637
26450.0, 0.23892492
26460.0, 0.23892349
26470.0, 0.23892206
26480.0, 0.23892063
26490.0, 0.23891921
26500.0, 0.23891778
26510.0, 0.23891637
26520.0, 0.23891494
26530.0, 0.23891354
26540.0, 0.23891212
26550.0, 0.2389107
26560.0, 0.23890929
26570.0, 0.23890789
26580.0, 0.23890649
26590.0, 0.23890509
26600.0, 0.2389037
26610.0, 0.23890232
26620.0, 0.23890093
26630.0, 0.23889953
26640.0, 0.23889816
26650.0, 0.23889677
26660.0, 0.23889539
26670.0, 0.23889402
26680.0, 0.23889264
26690.0, 0.23889127
26700.0, 0.2388899
26710.0, 0.23888853
26720.0, 0.23888718
26730.0, 0.23888582
26740.0, 0.23888446
26750.0, 0.23888311
26760.0, 0.23888175
26770.0, 0.23888041
26780.0, 0.23887905
26790.0, 0.23887771
26800.0, 0.23887637
26810.0, 0.23887505
26820.0, 0.2388737
26830.0, 0.23887238
26840.0, 0.23887104
26850.0, 0.23886971
26860.0, 0.23886839
26870.0, 0.23886707
26880.0, 0.23886575
26890.0, 0.23886444
26900.0, 0.23886313
26910.0, 0.2388618
26920.0, 0.2388605
26930.0, 0.23885919
26940.0, 0.2388579
26950.0, 0.23885658
26960.0, 0.23885529
26970.0, 0.23885399
26980.0, 0.2388527
26990.0, 0.2388514
27000.0, 0.23885012
27010.0, 0.23884884
27020.0, 0.23884755
27030.0, 0.23884627
27040.0, 0.23884499
27050.0, 0.23884372
27060.0, 0.23884244
27070.0, 0.23884118
27080.0, 0.23883991
27090.0, 0.23883864
27100.0, 0.23883739
27110.0, 0.23883612
27120.0, 0.23883487
27130.0, 0.2388336
27140.0, 0.23883235
27150.0, 0.2388311
27160.0, 0.23882987
27170.0, 0.23882861
27180.0, 0.23882738
27190.0, 0.23882613
27200.0, 0.23882489
27210.0, 0.23882367
27220.0, 0.23882243
27230.0, 0.2388212
27240.0, 0.23881997
27250.0, 0.23881875
27260.0, 0.23881751
27270.0, 0.23881629
27280.0, 0.23881508
27290.0, 0.23881386
27300.0, 0.23881266
27310.0, 0.23881145
27320.0, 0.23881023
27330.0, 0.23880902
27340.0, 0.23880783
27350.0, 0.23880662
27360.0, 0.23880543
27370.0, 0.23880422
27380.0, 0.23880304
27390.0, 0.23880184
27400.0, 0.23880064
27410.0, 0.23879947
27420.0, 0.23879828
27430.0, 0.2387971
27440.0, 0.23879592
27450.0, 0.23879474
27460.0, 0.23879357
27470.0, 0.23879239
27480.0, 0.23879123
27490.0, 0.23879005
27500.0, 0.23878889
27510.0, 0.23878773
27520.0, 0.23878656
27530.0, 0.2387854
27540.0, 0.23878425
27550.0, 0.2387831
27560.0, 0.23878194
27570.0, 0.2387808
27580.0, 0.23877965
27590.0, 0.2387785
27600.0, 0.23877735
27610.0, 0.23877622
27620.0, 0.23877509
27630.0, 0.23877396
27640.0, 0.23877281
27650.0, 0.23877168
27660.0, 0.23877056
27670.0, 0.23876943
27680.0, 0.23876831
27690.0, 0.23876718
27700.0, 0.23876606
27710.0, 0.23876494
27720.0, 0.23876382
27730.0, 0.2387627
27740.0, 0.2387616
27750.0, 0.23876049
27760.0, 0.23875938
27770.0, 0.23875828
27780.0, 0.23875718
27790.0, 0.23875608
27800.0, 0.23875499
27810.0, 0.23875389
27820.0, 0.2387528
27830.0, 0.23875171
27840.0, 0.2387506
27850.0, 0.23874952
27860.0, 0.23874845
27870.0, 0.23874736
27880.0, 0.23874627
27890.0, 0.2387452
27900.0, 0.23874412
27910.0, 0.23874305
27920.0, 0.23874198
27930.0, 0.2387409
27940.0, 0.23873985
27950.0, 0.23873878
27960.0, 0.23873772
27970.0, 0.23873664
27980.0, 0.23873559
27990.0, 0.23873454
28000.0, 0.23873347
28010.0, 0.23873243
28020.0, 0.23873137
28030.0, 0.23873033
28040.0, 0.23872928
28050.0, 0.23872824
28060.0, 0.2387272
28070.0, 0.23872615
28080.0, 0.23872513
28090.0, 0.23872408
28100.0, 0.23872305
28110.0, 0.23872201
28120.0, 0.23872098
28130.0, 0.23871996
28140.0, 0.23871893
28150.0, 0.23871791
28160.0, 0.23871689
28170.0, 0.23871586
28180.0, 0.23871484
28190.0, 0.23871383
28200.0, 0.23871282
28210.0, 0.2387118
28220.0, 0.2387108
28230.0, 0.23870979
28240.0, 0.23870878
28250.0, 0.23870778
28260.0, 0.23870678
28270.0, 0.23870578
28280.0, 0.23870479
28290.0, 0.23870379
28300.0, 0.23870279
28310.0, 0.2387018
28320.0, 0.23870082
28330.0, 0.23869984
28340.0, 0.23869884
28350.0, 0.23869786
28360.0, 0.23869687
28370.0, 0.23869589
28380.0, 0.23869492
28390.0, 0.23869394
28400.0, 0.23869297
28410.0, 0.238692
28420.0, 0.23869103
28430.0, 0.23869006
28440.0, 0.2386891
28450.0, 0.23868813
28460.0, 0.23868716
28470.0, 0.2386862
28480.0, 0.23868525
28490.0, 0.23868428
28500.0, 0.23868333
28510.0, 0.23868239
28520.0, 0.23868144
28530.0, 0.23868048
28540.0, 0.23867954
28550.0, 0.23867859
28560.0, 0.23867765
28570.0, 0.23867671
28580.0, 0.23867577
28590.0, 0.23867483
28600.0, 0.2386739
28610.0, 0.23867296
28620.0, 0.23867202
28630.0, 0.2386711
28640.0, 0.23867017
28650.0, 0.23866925
28660.0, 0.23866832
28670.0, 0.2386674
28680.0, 0.23866647
28690.0, 0.23866555
28700.0, 0.23866464
28710.0, 0.23866372
28720.0, 0.23866281
28730.0, 0.2386619
28740.0, 0.23866099
28750.0, 0.23866008
28760.0, 0.23865917
28770.0, 0.23865828
28780.0, 0.23865737
28790.0, 0.23865648
28800.0, 0.23865557
28810.0, 0.23865467
28820.0, 0.23865378
28830.0, 0.23865288
28840.0, 0.23865199
28850.0, 0.2386511
28860.0, 0.23865022
28870.0, 0.23864932
28880.0, 0.23864844
28890.0, 0.23864757
28900.0, 0.23864669
28910.0, 0.23864579
28920.0, 0.23864491
28930.0, 0.23864405
28940.0, 0.23864317
28950.0, 0.23864229
28960.0, 0.23864143
28970.0, 0.23864055
28980.0, 0.2386397
28990.0, 0.23863882
29000.0, 0.23863797
29010.0, 0.2386371
29020.0, 0.23863624
29030.0, 0.23863538
29040.0, 0.23863453
29050.0, 0.23863366
29060.0, 0.23863281
29070.0, 0.23863196
29080.0, 0.23863111
29090.0, 0.23863026
29100.0, 0.23862942
29110.0, 0.23862858
29120.0, 0.23862773
29130.0, 0.23862688
29140.0, 0.23862605
29150.0, 0.23862521
29160.0, 0.23862436
29170.0, 0.23862353
29180.0, 0.23862271
29190.0, 0.23862188
29200.0, 0.23862104
29210.0, 0.2386202
29220.0, 0.23861939
29230.0, 0.23861857
29240.0, 0.23861773
29250.0, 0.23861691
29260.0, 0.2386161
29270.0, 0.23861527
29280.0, 0.23861447
29290.0, 0.23861365
29300.0, 0.23861283
29310.0, 0.23861203
29320.0, 0.2386112
29330.0, 0.2386104
29340.0, 0.23860958
29350.0, 0.23860879
29360.0, 0.23860799
29370.0, 0.23860718
29380.0, 0.23860638
29390.0, 0.23860559
29400.0, 0.23860478
29410.0, 0.238604
29420.0, 0.23860319
29430.0, 0.2386024
29440.0, 0.23860161
29450.0, 0.23860082
29460.0, 0.23860003
29470.0, 0.23859924
29480.0, 0.23859847
29490.0, 0.23859768
29500.0, 0.2385969
29510.0, 0.23859611
29520.0, 0.23859534
29530.0, 0.23859456
29540.0, 0.23859379
29550.0, 0.23859301
29560.0, 0.23859224
29570.0, 0.23859148
29580.0, 0.2385907
29590.0, 0.23858993
29600.0, 0.23858917
29610.0, 0.23858841
29620.0, 0.23858763
29630.0, 0.23858687
29640.0, 0.23858611
29650.0, 0.23858535
29660.0, 0.23858461
29670.0, 0.23858385
29680.0, 0.23858309
29690.0, 0.23858234
29700.0, 0.23858158
29710.0, 0.23858084
29720.0, 0.2385801
29730.0, 0.23857935
29740.0, 0.2385786
29750.0, 0.23857786
29760.0, 0.23857711
29770.0, 0.23857637
29780.0, 0.23857562
29790.0, 0.23857489
29800.0, 0.23857416
29810.0, 0.23857342
29820.0, 0.23857269
29830.0, 0.23857196
29840.0, 0.23857123
29850.0, 0.2385705
29860.0, 0.23856978
29870.0, 0.23856904
29880.0, 0.23856832
29890.0, 0.23856759
29900.0, 0.23856688
29910.0, 0.23856616
29920.0, 0.23856543
29930.0, 0.23856471
29940.0, 0.238564
29950.0, 0.23856328
29960.0, 0.23856257
29970.0, 0.23856187
29980.0, 0.23856115
29990.0, 0.23856044
30000.0, 0.23855974
