Energy (in eV), backscattering yield of material te2k-NASCAP at incidence 30.0 degree
   X,       Y
0.0, 0.5486563
10.0, 0.23077585
20.0, 0.097068936
30.0, 0.04082914
40.0, 0.017173555
50.0, 0.007223541
60.0, 0.021550305
70.0, 0.03394351
80.0, 0.044638254
90.0, 0.053923067
100.0, 0.062072437
110.0, 0.069309026
120.0, 0.07580423
130.0, 0.08168858
140.0, 0.08706218
150.0, 0.092002735
160.0, 0.09657163
170.0, 0.100818105
180.0, 0.10478218
190.0, 0.10849686
200.0, 0.111989714
210.0, 0.115283914
220.0, 0.11839925
230.0, 0.12135258
240.0, 0.124158636
250.0, 0.12683012
260.0, 0.12937815
270.0, 0.13181265
280.0, 0.13414222
290.0, 0.13637467
300.0, 0.13851687
310.0, 0.14057507
320.0, 0.14255482
330.0, 0.14446117
340.0, 0.14629872
350.0, 0.1480716
360.0, 0.14978366
370.0, 0.15143836
380.0, 0.15303883
390.0, 0.15458804
400.0, 0.15608871
410.0, 0.1575433
420.0, 0.15895414
430.0, 0.16032335
440.0, 0.16165292
450.0, 0.1629447
460.0, 0.16420041
470.0, 0.16542168
480.0, 0.16660997
490.0, 0.16776673
500.0, 0.16889326
510.0, 0.16999081
520.0, 0.17106053
530.0, 0.17210355
540.0, 0.17312086
550.0, 0.17411347
560.0, 0.1750823
570.0, 0.17602818
580.0, 0.176952
590.0, 0.1778545
600.0, 0.17873642
610.0, 0.1795985
620.0, 0.18044136
630.0, 0.18126568
640.0, 0.18207206
650.0, 0.18286105
660.0, 0.18363322
670.0, 0.18438908
680.0, 0.18512917
690.0, 0.18585393
700.0, 0.18656383
710.0, 0.18725929
720.0, 0.18794078
730.0, 0.18860862
740.0, 0.18926328
750.0, 0.18990506
760.0, 0.19053437
770.0, 0.1911515
780.0, 0.19175684
790.0, 0.19235066
800.0, 0.19293326
810.0, 0.19350494
820.0, 0.19406597
830.0, 0.19461663
840.0, 0.19515719
850.0, 0.19568788
860.0, 0.19620897
870.0, 0.19672064
880.0, 0.19722317
890.0, 0.19771674
900.0, 0.19820161
910.0, 0.1986779
920.0, 0.1991459
930.0, 0.19960572
940.0, 0.20005758
950.0, 0.20050167
960.0, 0.20093814
970.0, 0.20136715
980.0, 0.2017889
990.0, 0.2022035
1000.0, 0.2026111
1010.0, 0.20242976
1020.0, 0.20224872
1030.0, 0.20206803
1040.0, 0.20188767
1050.0, 0.20170765
1060.0, 0.20152797
1070.0, 0.20134862
1080.0, 0.2011696
1090.0, 0.20099092
1100.0, 0.20081256
1110.0, 0.20063454
1120.0, 0.20045684
1130.0, 0.20027949
1140.0, 0.20010246
1150.0, 0.19992577
1160.0, 0.1997494
1170.0, 0.19957335
1180.0, 0.19939764
1190.0, 0.19922225
1200.0, 0.1990472
1210.0, 0.19887246
1220.0, 0.19869806
1230.0, 0.19852397
1240.0, 0.1983502
1250.0, 0.19817677
1260.0, 0.19800365
1270.0, 0.19783087
1280.0, 0.1976584
1290.0, 0.19748625
1300.0, 0.19731443
1310.0, 0.19714291
1320.0, 0.19697173
1330.0, 0.19680087
1340.0, 0.19663033
1350.0, 0.19646008
1360.0, 0.19629018
1370.0, 0.19612058
1380.0, 0.19595131
1390.0, 0.19578233
1400.0, 0.19561368
1410.0, 0.19544534
1420.0, 0.19527733
1430.0, 0.19510962
1440.0, 0.19494222
1450.0, 0.19477515
1460.0, 0.19460838
1470.0, 0.19444191
1480.0, 0.19427577
1490.0, 0.19410993
1500.0, 0.1939444
1510.0, 0.19377919
1520.0, 0.19361427
1530.0, 0.19344966
1540.0, 0.19328538
1550.0, 0.19312139
1560.0, 0.19295768
1570.0, 0.19279432
1580.0, 0.19263123
1590.0, 0.19246848
1600.0, 0.19230601
1610.0, 0.19214386
1620.0, 0.191982
1630.0, 0.19182043
1640.0, 0.19165918
1650.0, 0.19149823
1660.0, 0.19133757
1670.0, 0.19117722
1680.0, 0.19101717
1690.0, 0.19085743
1700.0, 0.19069795
1710.0, 0.1905388
1720.0, 0.19037995
1730.0, 0.19022138
1740.0, 0.19006312
1750.0, 0.18990515
1760.0, 0.18974747
1770.0, 0.18959008
1780.0, 0.189433
1790.0, 0.1892762
1800.0, 0.18911971
1810.0, 0.1889635
1820.0, 0.18880759
1830.0, 0.18865198
1840.0, 0.18849665
1850.0, 0.1883416
1860.0, 0.18818685
1870.0, 0.18803239
1880.0, 0.18787822
1890.0, 0.18772434
1900.0, 0.18757075
1910.0, 0.18741743
1920.0, 0.18726441
1930.0, 0.18711168
1940.0, 0.18695922
1950.0, 0.18680707
1960.0, 0.1866552
1970.0, 0.1865036
1980.0, 0.1863523
1990.0, 0.18620126
2000.0, 0.18605052
2010.0, 0.18590006
2020.0, 0.18574987
2030.0, 0.18559998
2040.0, 0.18545036
2050.0, 0.18530104
2060.0, 0.18515196
2070.0, 0.18500319
2080.0, 0.1848547
2090.0, 0.18470646
2100.0, 0.18455853
2110.0, 0.18441087
2120.0, 0.18426348
2130.0, 0.18411636
2140.0, 0.18396953
2150.0, 0.18382296
2160.0, 0.18367669
2170.0, 0.18353067
2180.0, 0.18338493
2190.0, 0.18323946
2200.0, 0.18309428
2210.0, 0.18294935
2220.0, 0.1828047
2230.0, 0.18266033
2240.0, 0.18251622
2250.0, 0.18237238
2260.0, 0.18222882
2270.0, 0.18208551
2280.0, 0.1819425
2290.0, 0.18179974
2300.0, 0.18165724
2310.0, 0.18151502
2320.0, 0.18137306
2330.0, 0.18123136
2340.0, 0.18108995
2350.0, 0.1809488
2360.0, 0.18080789
2370.0, 0.18066728
2380.0, 0.18052691
2390.0, 0.18038681
2400.0, 0.18024696
2410.0, 0.18010738
2420.0, 0.17996807
2430.0, 0.17982902
2440.0, 0.17969023
2450.0, 0.1795517
2460.0, 0.17941344
2470.0, 0.17927542
2480.0, 0.17913768
2490.0, 0.1790002
2500.0, 0.17886296
2510.0, 0.17872597
2520.0, 0.17858927
2530.0, 0.1784528
2540.0, 0.17831661
2550.0, 0.17818065
2560.0, 0.17804496
2570.0, 0.17790952
2580.0, 0.17777434
2590.0, 0.17763942
2600.0, 0.17750473
2610.0, 0.17737032
2620.0, 0.17723615
2630.0, 0.17710222
2640.0, 0.17696856
2650.0, 0.17683515
2660.0, 0.176702
2670.0, 0.17656909
2680.0, 0.17643642
2690.0, 0.17630401
2700.0, 0.17617185
2710.0, 0.17603995
2720.0, 0.17590828
2730.0, 0.17577685
2740.0, 0.17564568
2750.0, 0.17551477
2760.0, 0.17538409
2770.0, 0.17525367
2780.0, 0.17512347
2790.0, 0.17499354
2800.0, 0.17486385
2810.0, 0.17473438
2820.0, 0.17460519
2830.0, 0.17447622
2840.0, 0.1743475
2850.0, 0.17421903
2860.0, 0.1740908
2870.0, 0.1739628
2880.0, 0.17383504
2890.0, 0.17370754
2900.0, 0.17358027
2910.0, 0.17345324
2920.0, 0.17332645
2930.0, 0.1731999
2940.0, 0.17307357
2950.0, 0.17294751
2960.0, 0.17282167
2970.0, 0.17269605
2980.0, 0.17257069
2990.0, 0.17244557
3000.0, 0.1723207
3010.0, 0.17219603
3020.0, 0.1720716
3030.0, 0.17194742
3040.0, 0.17182346
3050.0, 0.17169975
3060.0, 0.17157628
3070.0, 0.17145301
3080.0, 0.17133
3090.0, 0.17120722
3100.0, 0.17108464
3110.0, 0.17096232
3120.0, 0.17084025
3130.0, 0.17071839
3140.0, 0.17059675
3150.0, 0.17047533
3160.0, 0.17035416
3170.0, 0.17023322
3180.0, 0.17011252
3190.0, 0.16999201
3200.0, 0.16987176
3210.0, 0.16975173
3220.0, 0.16963193
3230.0, 0.16951235
3240.0, 0.16939299
3250.0, 0.16927385
3260.0, 0.16915494
3270.0, 0.16903628
3280.0, 0.16891782
3290.0, 0.16879958
3300.0, 0.16868158
3310.0, 0.1685638
3320.0, 0.16844623
3330.0, 0.1683289
3340.0, 0.16821177
3350.0, 0.16809487
3360.0, 0.1679782
3370.0, 0.16786174
3380.0, 0.16774552
3390.0, 0.1676295
3400.0, 0.1675137
3410.0, 0.16739811
3420.0, 0.16728276
3430.0, 0.16716762
3440.0, 0.1670527
3450.0, 0.16693799
3460.0, 0.16682352
3470.0, 0.16670924
3480.0, 0.16659519
3490.0, 0.16648136
3500.0, 0.16636772
3510.0, 0.16625431
3520.0, 0.16614112
3530.0, 0.16602816
3540.0, 0.16591538
3550.0, 0.16580284
3560.0, 0.1656905
3570.0, 0.16557837
3580.0, 0.16546646
3590.0, 0.16535474
3600.0, 0.16524325
3610.0, 0.16513199
3620.0, 0.16502091
3630.0, 0.16491005
3640.0, 0.1647994
3650.0, 0.16468897
3660.0, 0.16457874
3670.0, 0.16446872
3680.0, 0.1643589
3690.0, 0.1642493
3700.0, 0.16413991
3710.0, 0.16403072
3720.0, 0.16392174
3730.0, 0.16381297
3740.0, 0.1637044
3750.0, 0.16359602
3760.0, 0.16348787
3770.0, 0.16337992
3780.0, 0.16327217
3790.0, 0.16316463
3800.0, 0.16305728
3810.0, 0.16295016
3820.0, 0.16284323
3830.0, 0.16273649
3840.0, 0.16262996
3850.0, 0.16252364
3860.0, 0.1624175
3870.0, 0.16231158
3880.0, 0.16220587
3890.0, 0.16210034
3900.0, 0.16199502
3910.0, 0.1618899
3920.0, 0.16178499
3930.0, 0.16168027
3940.0, 0.16157573
3950.0, 0.16147141
3960.0, 0.16136728
3970.0, 0.16126335
3980.0, 0.16115962
3990.0, 0.16105609
4000.0, 0.16095275
4010.0, 0.1608496
4020.0, 0.16074666
4030.0, 0.1606439
4040.0, 0.16054136
4050.0, 0.160439
4060.0, 0.16033682
4070.0, 0.16023485
4080.0, 0.16013308
4090.0, 0.1600315
4100.0, 0.1599301
4110.0, 0.1598289
4120.0, 0.15972789
4130.0, 0.15962708
4140.0, 0.15952645
4150.0, 0.15942602
4160.0, 0.15932578
4170.0, 0.15922573
4180.0, 0.15912586
4190.0, 0.15902619
4200.0, 0.15892671
4210.0, 0.15882742
4220.0, 0.15872832
4230.0, 0.1586294
4240.0, 0.15853068
4250.0, 0.15843214
4260.0, 0.1583338
4270.0, 0.15823562
4280.0, 0.15813765
4290.0, 0.15803985
4300.0, 0.15794225
4310.0, 0.15784483
4320.0, 0.1577476
4330.0, 0.15765055
4340.0, 0.15755369
4350.0, 0.157457
4360.0, 0.1573605
4370.0, 0.15726419
4380.0, 0.15716806
4390.0, 0.15707211
4400.0, 0.15697636
4410.0, 0.15688078
4420.0, 0.15678537
4430.0, 0.15669015
4440.0, 0.15659511
4450.0, 0.15650027
4460.0, 0.15640558
4470.0, 0.1563111
4480.0, 0.15621677
4490.0, 0.15612264
4500.0, 0.15602869
4510.0, 0.15593491
4520.0, 0.1558413
4530.0, 0.15574789
4540.0, 0.15565465
4550.0, 0.15556158
4560.0, 0.1554687
4570.0, 0.15537599
4580.0, 0.15528347
4590.0, 0.15519111
4600.0, 0.15509893
4610.0, 0.15500693
4620.0, 0.1549151
4630.0, 0.15482344
4640.0, 0.15473196
4650.0, 0.15464066
4660.0, 0.15454952
4670.0, 0.15445857
4680.0, 0.15436777
4690.0, 0.15427718
4700.0, 0.15418674
4710.0, 0.15409647
4720.0, 0.15400638
4730.0, 0.15391645
4740.0, 0.15382671
4750.0, 0.15373713
4760.0, 0.15364772
4770.0, 0.15355848
4780.0, 0.15346943
4790.0, 0.15338051
4800.0, 0.15329179
4810.0, 0.15320323
4820.0, 0.15311486
4830.0, 0.15302664
4840.0, 0.15293857
4850.0, 0.1528507
4860.0, 0.15276298
4870.0, 0.15267543
4880.0, 0.15258805
4890.0, 0.15250084
4900.0, 0.1524138
4910.0, 0.15232691
4920.0, 0.1522402
4930.0, 0.15215364
4940.0, 0.15206727
4950.0, 0.15198106
4960.0, 0.15189499
4970.0, 0.15180911
4980.0, 0.15172338
4990.0, 0.15163782
5000.0, 0.15155242
5010.0, 0.15146719
5020.0, 0.15138212
5030.0, 0.1512972
5040.0, 0.15121245
5050.0, 0.15112787
5060.0, 0.15104344
5070.0, 0.15095918
5080.0, 0.15087508
5090.0, 0.15079114
5100.0, 0.15070736
5110.0, 0.15062374
5120.0, 0.15054028
5130.0, 0.15045698
5140.0, 0.15037385
5150.0, 0.15029086
5160.0, 0.15020804
5170.0, 0.15012538
5180.0, 0.15004286
5190.0, 0.14996052
5200.0, 0.14987832
5210.0, 0.14979629
5220.0, 0.14971441
5230.0, 0.14963269
5240.0, 0.14955114
5250.0, 0.14946973
5260.0, 0.14938848
5270.0, 0.14930739
5280.0, 0.14922644
5290.0, 0.14914565
5300.0, 0.14906502
5310.0, 0.14898454
5320.0, 0.14890422
5330.0, 0.14882405
5340.0, 0.14874403
5350.0, 0.14866418
5360.0, 0.14858447
5370.0, 0.14850491
5380.0, 0.1484255
5390.0, 0.14834626
5400.0, 0.14826715
5410.0, 0.1481882
5420.0, 0.1481094
5430.0, 0.14803076
5440.0, 0.14795226
5450.0, 0.14787391
5460.0, 0.14779572
5470.0, 0.14771768
5480.0, 0.14763978
5490.0, 0.14756203
5500.0, 0.14748444
5510.0, 0.14740698
5520.0, 0.14732969
5530.0, 0.14725253
5540.0, 0.14717554
5550.0, 0.14709868
5560.0, 0.14702196
5570.0, 0.1469454
5580.0, 0.14686899
5590.0, 0.14679271
5600.0, 0.1467166
5610.0, 0.14664061
5620.0, 0.14656478
5630.0, 0.1464891
5640.0, 0.14641356
5650.0, 0.14633816
5660.0, 0.14626291
5670.0, 0.14618781
5680.0, 0.14611284
5690.0, 0.14603803
5700.0, 0.14596336
5710.0, 0.14588882
5720.0, 0.14581443
5730.0, 0.14574018
5740.0, 0.1456661
5750.0, 0.14559212
5760.0, 0.1455183
5770.0, 0.14544463
5780.0, 0.1453711
5790.0, 0.14529769
5800.0, 0.14522444
5810.0, 0.14515133
5820.0, 0.14507835
5830.0, 0.14500552
5840.0, 0.14493284
5850.0, 0.14486028
5860.0, 0.14478786
5870.0, 0.14471559
5880.0, 0.14464346
5890.0, 0.14457145
5900.0, 0.1444996
5910.0, 0.14442788
5920.0, 0.1443563
5930.0, 0.14428484
5940.0, 0.14421354
5950.0, 0.14414237
5960.0, 0.14407134
5970.0, 0.14400044
5980.0, 0.14392968
5990.0, 0.14385904
6000.0, 0.14378856
6010.0, 0.14371821
6020.0, 0.14364798
6030.0, 0.1435779
6040.0, 0.14350796
6050.0, 0.14343815
6060.0, 0.14336845
6070.0, 0.14329891
6080.0, 0.1432295
6090.0, 0.14316022
6100.0, 0.14309108
6110.0, 0.14302206
6120.0, 0.14295317
6130.0, 0.14288443
6140.0, 0.14281581
6150.0, 0.14274733
6160.0, 0.14267899
6170.0, 0.14261076
6180.0, 0.14254268
6190.0, 0.14247473
6200.0, 0.1424069
6210.0, 0.1423392
6220.0, 0.14227162
6230.0, 0.1422042
6240.0, 0.14213689
6250.0, 0.14206971
6260.0, 0.14200266
6270.0, 0.14193574
6280.0, 0.14186895
6290.0, 0.14180228
6300.0, 0.14173576
6310.0, 0.14166936
6320.0, 0.14160307
6330.0, 0.14153692
6340.0, 0.14147091
6350.0, 0.14140502
6360.0, 0.14133924
6370.0, 0.1412736
6380.0, 0.14120808
6390.0, 0.1411427
6400.0, 0.14107744
6410.0, 0.1410123
6420.0, 0.1409473
6430.0, 0.1408824
6440.0, 0.14081764
6450.0, 0.14075302
6460.0, 0.1406885
6470.0, 0.14062412
6480.0, 0.14055985
6490.0, 0.1404957
6500.0, 0.14043169
6510.0, 0.1403678
6520.0, 0.14030403
6530.0, 0.14024039
6540.0, 0.14017686
6550.0, 0.14011346
6560.0, 0.14005019
6570.0, 0.13998702
6580.0, 0.13992399
6590.0, 0.13986108
6600.0, 0.13979828
6610.0, 0.13973561
6620.0, 0.13967307
6630.0, 0.13961065
6640.0, 0.13954833
6650.0, 0.13948613
6660.0, 0.13942407
6670.0, 0.13936213
6680.0, 0.1393003
6690.0, 0.1392386
6700.0, 0.139177
6710.0, 0.13911553
6720.0, 0.13905416
6730.0, 0.13899294
6740.0, 0.13893181
6750.0, 0.13887082
6760.0, 0.13880995
6770.0, 0.13874917
6780.0, 0.13868852
6790.0, 0.138628
6800.0, 0.13856758
6810.0, 0.13850729
6820.0, 0.1384471
6830.0, 0.13838705
6840.0, 0.13832709
6850.0, 0.13826728
6860.0, 0.13820755
6870.0, 0.13814795
6880.0, 0.13808846
6890.0, 0.1380291
6900.0, 0.13796985
6910.0, 0.1379107
6920.0, 0.13785167
6930.0, 0.13779277
6940.0, 0.13773397
6950.0, 0.13767529
6960.0, 0.13761671
6970.0, 0.13755824
6980.0, 0.1374999
6990.0, 0.13744166
7000.0, 0.13738355
7010.0, 0.13732554
7020.0, 0.13726763
7030.0, 0.13720986
7040.0, 0.1371522
7050.0, 0.13709462
7060.0, 0.13703717
7070.0, 0.13697983
7080.0, 0.13692261
7090.0, 0.13686548
7100.0, 0.13680848
7110.0, 0.13675159
7120.0, 0.1366948
7130.0, 0.13663812
7140.0, 0.13658156
7150.0, 0.13652511
7160.0, 0.13646875
7170.0, 0.1364125
7180.0, 0.13635638
7190.0, 0.13630037
7200.0, 0.13624445
7210.0, 0.13618864
7220.0, 0.13613294
7230.0, 0.13607734
7240.0, 0.13602187
7250.0, 0.1359665
7260.0, 0.13591123
7270.0, 0.13585606
7280.0, 0.13580102
7290.0, 0.13574606
7300.0, 0.13569123
7310.0, 0.13563648
7320.0, 0.13558187
7330.0, 0.13552734
7340.0, 0.13547291
7350.0, 0.13541861
7360.0, 0.1353644
7370.0, 0.13531029
7380.0, 0.1352563
7390.0, 0.13520241
7400.0, 0.13514861
7410.0, 0.13509493
7420.0, 0.13504136
7430.0, 0.13498788
7440.0, 0.1349345
7450.0, 0.13488123
7460.0, 0.13482806
7470.0, 0.13477501
7480.0, 0.13472204
7490.0, 0.13466918
7500.0, 0.13461643
7510.0, 0.13456377
7520.0, 0.13451123
7530.0, 0.13445878
7540.0, 0.13440643
7550.0, 0.13435417
7560.0, 0.13430203
7570.0, 0.13425
7580.0, 0.13419804
7590.0, 0.13414621
7600.0, 0.13409446
7610.0, 0.13404283
7620.0, 0.13399127
7630.0, 0.13393985
7640.0, 0.1338885
7650.0, 0.13383725
7660.0, 0.13378611
7670.0, 0.13373506
7680.0, 0.13368413
7690.0, 0.13363329
7700.0, 0.13358253
7710.0, 0.13353188
7720.0, 0.13348132
7730.0, 0.13343088
7740.0, 0.13338052
7750.0, 0.13333027
7760.0, 0.1332801
7770.0, 0.13323003
7780.0, 0.13318007
7790.0, 0.13313021
7800.0, 0.13308044
7810.0, 0.13303076
7820.0, 0.13298118
7830.0, 0.1329317
7840.0, 0.13288231
7850.0, 0.13283302
7860.0, 0.13278383
7870.0, 0.13273473
7880.0, 0.13268572
7890.0, 0.13263682
7900.0, 0.132588
7910.0, 0.13253927
7920.0, 0.13249065
7930.0, 0.13244212
7940.0, 0.13239369
7950.0, 0.13234535
7960.0, 0.1322971
7970.0, 0.13224894
7980.0, 0.13220088
7990.0, 0.13215292
8000.0, 0.13210504
8010.0, 0.13205726
8020.0, 0.13200957
8030.0, 0.13196197
8040.0, 0.13191447
8050.0, 0.13186705
8060.0, 0.13181973
8070.0, 0.1317725
8080.0, 0.13172537
8090.0, 0.13167833
8100.0, 0.13163137
8110.0, 0.13158451
8120.0, 0.13153775
8130.0, 0.13149107
8140.0, 0.13144448
8150.0, 0.13139798
8160.0, 0.13135158
8170.0, 0.13130525
8180.0, 0.13125902
8190.0, 0.13121289
8200.0, 0.13116685
8210.0, 0.13112088
8220.0, 0.13107501
8230.0, 0.13102923
8240.0, 0.13098353
8250.0, 0.13093793
8260.0, 0.13089243
8270.0, 0.13084699
8280.0, 0.13080166
8290.0, 0.13075641
8300.0, 0.13071126
8310.0, 0.13066618
8320.0, 0.1306212
8330.0, 0.1305763
8340.0, 0.13053147
8350.0, 0.13048676
8360.0, 0.13044213
8370.0, 0.13039757
8380.0, 0.13035311
8390.0, 0.13030873
8400.0, 0.13026445
8410.0, 0.13022023
8420.0, 0.13017613
8430.0, 0.1301321
8440.0, 0.13008815
8450.0, 0.13004428
8460.0, 0.13000052
8470.0, 0.12995681
8480.0, 0.12991321
8490.0, 0.12986968
8500.0, 0.12982625
8510.0, 0.1297829
8520.0, 0.12973964
8530.0, 0.12969646
8540.0, 0.12965335
8550.0, 0.12961034
8560.0, 0.12956741
8570.0, 0.12952456
8580.0, 0.1294818
8590.0, 0.12943912
8600.0, 0.12939653
8610.0, 0.12935401
8620.0, 0.12931158
8630.0, 0.12926923
8640.0, 0.12922695
8650.0, 0.12918478
8660.0, 0.12914267
8670.0, 0.12910065
8680.0, 0.12905872
8690.0, 0.12901686
8700.0, 0.1289751
8710.0, 0.1289334
8720.0, 0.12889178
8730.0, 0.12885025
8740.0, 0.1288088
8750.0, 0.12876743
8760.0, 0.12872614
8770.0, 0.12868492
8780.0, 0.1286438
8790.0, 0.12860276
8800.0, 0.12856178
8810.0, 0.12852089
8820.0, 0.12848009
8830.0, 0.12843935
8840.0, 0.1283987
8850.0, 0.12835814
8860.0, 0.12831765
8870.0, 0.12827724
8880.0, 0.12823689
8890.0, 0.12819664
8900.0, 0.12815647
8910.0, 0.12811637
8920.0, 0.12807634
8930.0, 0.12803641
8940.0, 0.12799653
8950.0, 0.12795676
8960.0, 0.12791705
8970.0, 0.12787741
8980.0, 0.12783787
8990.0, 0.12779838
9000.0, 0.127759
9010.0, 0.12771966
9020.0, 0.12768042
9030.0, 0.12764125
9040.0, 0.12760216
9050.0, 0.12756313
9060.0, 0.1275242
9070.0, 0.12748533
9080.0, 0.12744655
9090.0, 0.12740782
9100.0, 0.12736918
9110.0, 0.12733062
9120.0, 0.12729214
9130.0, 0.12725373
9140.0, 0.12721539
9150.0, 0.12717712
9160.0, 0.12713893
9170.0, 0.12710083
9180.0, 0.12706278
9190.0, 0.12702483
9200.0, 0.12698694
9210.0, 0.12694912
9220.0, 0.12691137
9230.0, 0.1268737
9240.0, 0.1268361
9250.0, 0.12679859
9260.0, 0.12676114
9270.0, 0.12672375
9280.0, 0.12668645
9290.0, 0.12664922
9300.0, 0.12661207
9310.0, 0.126575
9320.0, 0.12653796
9330.0, 0.12650102
9340.0, 0.12646416
9350.0, 0.12642737
9360.0, 0.12639064
9370.0, 0.12635398
9380.0, 0.12631741
9390.0, 0.1262809
9400.0, 0.12624446
9410.0, 0.1262081
9420.0, 0.1261718
9430.0, 0.12613557
9440.0, 0.12609942
9450.0, 0.12606333
9460.0, 0.12602733
9470.0, 0.12599139
9480.0, 0.1259555
9490.0, 0.12591971
9500.0, 0.12588398
9510.0, 0.12584831
9520.0, 0.12581272
9530.0, 0.1257772
9540.0, 0.12574175
9550.0, 0.12570636
9560.0, 0.12567104
9570.0, 0.1256358
9580.0, 0.12560062
9590.0, 0.12556551
9600.0, 0.12553047
9610.0, 0.1254955
9620.0, 0.1254606
9630.0, 0.12542576
9640.0, 0.12539099
9650.0, 0.1253563
9660.0, 0.12532166
9670.0, 0.1252871
9680.0, 0.1252526
9690.0, 0.12521818
9700.0, 0.1251838
9710.0, 0.12514952
9720.0, 0.1251153
9730.0, 0.12508114
9740.0, 0.12504704
9750.0, 0.12501302
9760.0, 0.124979064
9770.0, 0.124945164
9780.0, 0.12491134
9790.0, 0.12487757
9800.0, 0.12484388
9810.0, 0.124810256
9820.0, 0.12477669
9830.0, 0.12474319
9840.0, 0.12470976
9850.0, 0.1246764
9860.0, 0.124643095
9870.0, 0.12460986
9880.0, 0.12457669
9890.0, 0.124543585
9900.0, 0.12451054
9910.0, 0.124477565
9920.0, 0.124444656
9930.0, 0.12441181
9940.0, 0.124379024
9950.0, 0.12434631
9960.0, 0.124313645
9970.0, 0.12428105
9980.0, 0.12424853
9990.0, 0.12421607
10000.0, 0.12418366
10010.0, 0.12415133
10020.0, 0.12411906
10030.0, 0.12408684
10040.0, 0.1240547
10050.0, 0.12402261
10060.0, 0.123990595
10070.0, 0.12395863
10080.0, 0.12392674
10090.0, 0.12389491
10100.0, 0.12386313
10110.0, 0.12383143
10120.0, 0.12379977
10130.0, 0.12376819
10140.0, 0.123736665
10150.0, 0.12370521
10160.0, 0.123673804
10170.0, 0.12364247
10180.0, 0.12361119
10190.0, 0.12357997
10200.0, 0.12354882
10210.0, 0.12351774
10220.0, 0.123486705
10230.0, 0.12345573
10240.0, 0.12342481
10250.0, 0.12339396
10260.0, 0.123363174
10270.0, 0.12333245
10280.0, 0.123301774
10290.0, 0.12327117
10300.0, 0.12324062
10310.0, 0.123210125
10320.0, 0.1231797
10330.0, 0.12314933
10340.0, 0.12311902
10350.0, 0.12308877
10360.0, 0.12305858
10370.0, 0.12302845
10380.0, 0.122998364
10390.0, 0.122968346
10400.0, 0.1229384
10410.0, 0.122908495
10420.0, 0.12287866
10430.0, 0.12284888
10440.0, 0.12281916
10450.0, 0.122789495
10460.0, 0.122759886
10470.0, 0.122730345
10480.0, 0.122700855
10490.0, 0.12267142
10500.0, 0.122642055
10510.0, 0.12261274
10520.0, 0.12258348
10530.0, 0.12255428
10540.0, 0.12252513
10550.0, 0.122496046
10560.0, 0.12246702
10570.0, 0.12243804
10580.0, 0.12240913
10590.0, 0.122380264
10600.0, 0.12235147
10610.0, 0.12232272
10620.0, 0.12229403
10630.0, 0.1222654
10640.0, 0.12223682
10650.0, 0.122208305
10660.0, 0.122179836
10670.0, 0.12215143
10680.0, 0.12212307
10690.0, 0.12209478
10700.0, 0.12206653
10710.0, 0.12203834
10720.0, 0.12201021
10730.0, 0.121982135
10740.0, 0.12195412
10750.0, 0.12192615
10760.0, 0.12189824
10770.0, 0.121870376
10780.0, 0.12184258
10790.0, 0.12181483
10800.0, 0.12178714
10810.0, 0.121759504
10820.0, 0.121731915
10830.0, 0.121704385
10840.0, 0.121676914
10850.0, 0.12164949
10860.0, 0.12162212
10870.0, 0.1215948
10880.0, 0.12156754
10890.0, 0.12154034
10900.0, 0.12151318
10910.0, 0.12148608
10920.0, 0.12145904
10930.0, 0.121432036
10940.0, 0.121405095
10950.0, 0.12137821
10960.0, 0.121351376
10970.0, 0.121324584
10980.0, 0.12129786
10990.0, 0.121271186
11000.0, 0.12124455
11010.0, 0.12121798
11020.0, 0.121191464
11030.0, 0.12116499
11040.0, 0.12113858
11050.0, 0.12111221
11060.0, 0.1210859
11070.0, 0.121059634
11080.0, 0.12103342
11090.0, 0.12100727
11100.0, 0.12098116
11110.0, 0.1209551
11120.0, 0.1209291
11130.0, 0.12090314
11140.0, 0.12087724
11150.0, 0.1208514
11160.0, 0.12082559
11170.0, 0.12079984
11180.0, 0.12077414
11190.0, 0.12074849
11200.0, 0.12072289
11210.0, 0.12069735
11220.0, 0.120671846
11230.0, 0.1206464
11240.0, 0.120621
11250.0, 0.12059566
11260.0, 0.12057036
11270.0, 0.12054511
11280.0, 0.120519914
11290.0, 0.12049476
11300.0, 0.12046966
11310.0, 0.12044461
11320.0, 0.12041961
11330.0, 0.120394655
11340.0, 0.12036975
11350.0, 0.1203449
11360.0, 0.1203201
11370.0, 0.12029534
11380.0, 0.120270625
11390.0, 0.12024596
11400.0, 0.12022136
11410.0, 0.1201968
11420.0, 0.120172285
11430.0, 0.12014782
11440.0, 0.1201234
11450.0, 0.12009903
11460.0, 0.120074704
11470.0, 0.12005043
11480.0, 0.1200262
11490.0, 0.12000203
11500.0, 0.1199779
11510.0, 0.11995381
11520.0, 0.119929776
11530.0, 0.119905785
11540.0, 0.11988185
11550.0, 0.11985796
11560.0, 0.11983411
11570.0, 0.119810306
11580.0, 0.11978655
11590.0, 0.119762845
11600.0, 0.11973918
11610.0, 0.11971557
11620.0, 0.119692005
11630.0, 0.119668484
11640.0, 0.11964501
11650.0, 0.119621575
11660.0, 0.119598195
11670.0, 0.11957486
11680.0, 0.11955157
11690.0, 0.11952833
11700.0, 0.11950512
11710.0, 0.11948197
11720.0, 0.11945886
11730.0, 0.1194358
11740.0, 0.11941278
11750.0, 0.11938982
11760.0, 0.119366884
11770.0, 0.119344
11780.0, 0.119321175
11790.0, 0.11929838
11800.0, 0.11927563
11810.0, 0.11925293
11820.0, 0.11923027
11830.0, 0.11920766
11840.0, 0.1191851
11850.0, 0.119162574
11860.0, 0.119140096
11870.0, 0.119117655
11880.0, 0.119095266
11890.0, 0.119072914
11900.0, 0.119050615
11910.0, 0.11902837
11920.0, 0.11900615
11930.0, 0.11898398
11940.0, 0.11896185
11950.0, 0.11893976
11960.0, 0.11891772
11970.0, 0.118895724
11980.0, 0.118873775
11990.0, 0.11885186
12000.0, 0.11882999
12010.0, 0.11880817
12020.0, 0.118786395
12030.0, 0.118764654
12040.0, 0.11874295
12050.0, 0.11872131
12060.0, 0.1186997
12070.0, 0.11867813
12080.0, 0.118656605
12090.0, 0.11863512
12100.0, 0.118613675
12110.0, 0.118592285
12120.0, 0.118570924
12130.0, 0.118549615
12140.0, 0.118528344
12150.0, 0.11850711
12160.0, 0.11848592
12170.0, 0.118464775
12180.0, 0.118443675
12190.0, 0.11842261
12200.0, 0.11840159
12210.0, 0.118380606
12220.0, 0.11835967
12230.0, 0.11833877
12240.0, 0.11831791
12250.0, 0.1182971
12260.0, 0.11827632
12270.0, 0.11825559
12280.0, 0.1182349
12290.0, 0.11821425
12300.0, 0.118193634
12310.0, 0.11817307
12320.0, 0.118152544
12330.0, 0.118132055
12340.0, 0.118111596
12350.0, 0.11809119
12360.0, 0.11807082
12370.0, 0.11805049
12380.0, 0.118030205
12390.0, 0.118009955
12400.0, 0.11798975
12410.0, 0.11796958
12420.0, 0.11794945
12430.0, 0.11792936
12440.0, 0.11790931
12450.0, 0.1178893
12460.0, 0.11786934
12470.0, 0.1178494
12480.0, 0.11782952
12490.0, 0.11780966
12500.0, 0.11778985
12510.0, 0.117770076
12520.0, 0.11775034
12530.0, 0.11773064
12540.0, 0.117710985
12550.0, 0.11769136
12560.0, 0.11767179
12570.0, 0.117652245
12580.0, 0.11763274
12590.0, 0.11761328
12600.0, 0.117593855
12610.0, 0.11757447
12620.0, 0.11755512
12630.0, 0.11753581
12640.0, 0.11751653
12650.0, 0.117497295
12660.0, 0.1174781
12670.0, 0.11745895
12680.0, 0.11743982
12690.0, 0.11742074
12700.0, 0.1174017
12710.0, 0.11738268
12720.0, 0.11736371
12730.0, 0.117344774
12740.0, 0.11732588
12750.0, 0.11730702
12760.0, 0.1172882
12770.0, 0.11726941
12780.0, 0.11725067
12790.0, 0.117231965
12800.0, 0.11721329
12810.0, 0.117194645
12820.0, 0.11717605
12830.0, 0.11715749
12840.0, 0.11713896
12850.0, 0.11712047
12860.0, 0.11710202
12870.0, 0.1170836
12880.0, 0.11706521
12890.0, 0.11704687
12900.0, 0.117028564
12910.0, 0.117010295
12920.0, 0.11699206
12930.0, 0.116973855
12940.0, 0.11695569
12950.0, 0.11693757
12960.0, 0.11691947
12970.0, 0.11690141
12980.0, 0.11688339
12990.0, 0.116865404
13000.0, 0.11684746
13010.0, 0.116829544
13020.0, 0.11681166
13030.0, 0.11679382
13040.0, 0.11677601
13050.0, 0.11675824
13060.0, 0.1167405
13070.0, 0.1167228
13080.0, 0.116705135
13090.0, 0.11668749
13100.0, 0.11666989
13110.0, 0.11665233
13120.0, 0.1166348
13130.0, 0.116617315
13140.0, 0.11659985
13150.0, 0.11658242
13160.0, 0.11656503
13170.0, 0.116547674
13180.0, 0.11653035
13190.0, 0.116513066
13200.0, 0.11649581
13210.0, 0.11647859
13220.0, 0.1164614
13230.0, 0.11644425
13240.0, 0.11642714
13250.0, 0.11641005
13260.0, 0.116393
13270.0, 0.11637598
13280.0, 0.116359
13290.0, 0.116342045
13300.0, 0.11632513
13310.0, 0.11630825
13320.0, 0.116291404
13330.0, 0.11627459
13340.0, 0.1162578
13350.0, 0.116241045
13360.0, 0.11622433
13370.0, 0.11620765
13380.0, 0.116191
13390.0, 0.11617438
13400.0, 0.1161578
13410.0, 0.116141245
13420.0, 0.11612472
13430.0, 0.11610824
13440.0, 0.11609178
13450.0, 0.11607536
13460.0, 0.116058975
13470.0, 0.116042614
13480.0, 0.11602629
13490.0, 0.11601
13500.0, 0.11599374
13510.0, 0.11597751
13520.0, 0.11596131
13530.0, 0.11594515
13540.0, 0.115929015
13550.0, 0.11591292
13560.0, 0.11589684
13570.0, 0.11588082
13580.0, 0.115864806
13590.0, 0.11584883
13600.0, 0.115832895
13610.0, 0.11581698
13620.0, 0.1158011
13630.0, 0.115785256
13640.0, 0.115769446
13650.0, 0.11575365
13660.0, 0.1157379
13670.0, 0.11572218
13680.0, 0.11570649
13690.0, 0.11569083
13700.0, 0.115675196
13710.0, 0.1156596
13720.0, 0.11564402
13730.0, 0.115628496
13740.0, 0.11561299
13750.0, 0.11559752
13760.0, 0.11558207
13770.0, 0.115566656
13780.0, 0.11555127
13790.0, 0.115535915
13800.0, 0.11552059
13810.0, 0.1155053
13820.0, 0.115490034
13830.0, 0.115474805
13840.0, 0.115459606
13850.0, 0.11544443
13860.0, 0.11542928
13870.0, 0.11541417
13880.0, 0.1153991
13890.0, 0.11538404
13900.0, 0.115369014
13910.0, 0.11535403
13920.0, 0.11533906
13930.0, 0.115324125
13940.0, 0.11530923
13950.0, 0.11529435
13960.0, 0.1152795
13970.0, 0.115264684
13980.0, 0.1152499
13990.0, 0.11523514
14000.0, 0.11522041
14010.0, 0.11520572
14020.0, 0.11519104
14030.0, 0.11517641
14040.0, 0.11516179
14050.0, 0.11514721
14060.0, 0.11513266
14070.0, 0.11511814
14080.0, 0.11510364
14090.0, 0.11508917
14100.0, 0.11507473
14110.0, 0.11506032
14120.0, 0.115045935
14130.0, 0.11503158
14140.0, 0.11501725
14150.0, 0.11500296
14160.0, 0.11498869
14170.0, 0.114974454
14180.0, 0.11496024
14190.0, 0.11494606
14200.0, 0.114931904
14210.0, 0.11491777
14220.0, 0.114903666
14230.0, 0.1148896
14240.0, 0.11487555
14250.0, 0.11486153
14260.0, 0.11484755
14270.0, 0.114833586
14280.0, 0.11481965
14290.0, 0.11480575
14300.0, 0.11479187
14310.0, 0.11477802
14320.0, 0.11476419
14330.0, 0.1147504
14340.0, 0.114736624
14350.0, 0.11472289
14360.0, 0.11470917
14370.0, 0.11469549
14380.0, 0.114681825
14390.0, 0.11466819
14400.0, 0.114654586
14410.0, 0.114641
14420.0, 0.11462746
14430.0, 0.114613935
14440.0, 0.11460043
14450.0, 0.11458696
14460.0, 0.114573516
14470.0, 0.11456009
14480.0, 0.1145467
14490.0, 0.114533335
14500.0, 0.11452
14510.0, 0.114506684
14520.0, 0.1144934
14530.0, 0.11448014
14540.0, 0.1144669
14550.0, 0.11445369
14560.0, 0.114440516
14570.0, 0.114427365
14580.0, 0.11441423
14590.0, 0.11440113
14600.0, 0.11438805
14610.0, 0.114374995
14620.0, 0.11436198
14630.0, 0.11434897
14640.0, 0.114336
14650.0, 0.11432306
14660.0, 0.11431013
14670.0, 0.11429723
14680.0, 0.11428436
14690.0, 0.114271514
14700.0, 0.11425869
14710.0, 0.1142459
14720.0, 0.11423313
14730.0, 0.11422038
14740.0, 0.11420766
14750.0, 0.11419497
14760.0, 0.1141823
14770.0, 0.11416966
14780.0, 0.114157036
14790.0, 0.114144444
14800.0, 0.11413187
14810.0, 0.11411933
14820.0, 0.11410681
14830.0, 0.11409432
14840.0, 0.11408185
14850.0, 0.1140694
14860.0, 0.11405698
14870.0, 0.114044584
14880.0, 0.11403222
14890.0, 0.11401986
14900.0, 0.11400755
14910.0, 0.11399525
14920.0, 0.113982975
14930.0, 0.11397072
14940.0, 0.1139585
14950.0, 0.113946296
14960.0, 0.11393413
14970.0, 0.11392197
14980.0, 0.11390985
14990.0, 0.11389774
15000.0, 0.113885656
15010.0, 0.1138736
15020.0, 0.113861576
15030.0, 0.113849565
15040.0, 0.11383758
15050.0, 0.11382561
15060.0, 0.11381368
15070.0, 0.11380176
15080.0, 0.11378988
15090.0, 0.11377801
15100.0, 0.11376616
15110.0, 0.11375435
15120.0, 0.11374255
15130.0, 0.11373077
15140.0, 0.113719024
15150.0, 0.113707304
15160.0, 0.1136956
15170.0, 0.11368392
15180.0, 0.113672264
15190.0, 0.11366063
15200.0, 0.113649026
15210.0, 0.11363743
15220.0, 0.11362587
15230.0, 0.11361433
15240.0, 0.11360281
15250.0, 0.11359131
15260.0, 0.11357984
15270.0, 0.113568395
15280.0, 0.113556966
15290.0, 0.11354557
15300.0, 0.11353418
15310.0, 0.11352281
15320.0, 0.11351148
15330.0, 0.11350016
15340.0, 0.113488875
15350.0, 0.1134776
15360.0, 0.11346636
15370.0, 0.11345513
15380.0, 0.11344393
15390.0, 0.11343274
15400.0, 0.11342159
15410.0, 0.11341046
15420.0, 0.11339934
15430.0, 0.11338825
15440.0, 0.113377176
15450.0, 0.113366134
15460.0, 0.1133551
15470.0, 0.1133441
15480.0, 0.11333311
15490.0, 0.11332215
15500.0, 0.113311216
15510.0, 0.1133003
15520.0, 0.1132894
15530.0, 0.11327853
15540.0, 0.113267675
15550.0, 0.11325685
15560.0, 0.11324603
15570.0, 0.11323525
15580.0, 0.113224484
15590.0, 0.11321374
15600.0, 0.11320301
15610.0, 0.113192305
15620.0, 0.11318162
15630.0, 0.11317097
15640.0, 0.11316033
15650.0, 0.11314971
15660.0, 0.113139115
15670.0, 0.113128535
15680.0, 0.11311798
15690.0, 0.11310745
15700.0, 0.11309694
15710.0, 0.11308644
15720.0, 0.113075964
15730.0, 0.11306551
15740.0, 0.11305509
15750.0, 0.11304467
15760.0, 0.113034286
15770.0, 0.11302392
15780.0, 0.11301357
15790.0, 0.11300324
15800.0, 0.112992935
15810.0, 0.11298265
15820.0, 0.112972386
15830.0, 0.11296214
15840.0, 0.11295192
15850.0, 0.112941705
15860.0, 0.11293153
15870.0, 0.112921365
15880.0, 0.11291122
15890.0, 0.11290109
15900.0, 0.11289099
15910.0, 0.11288091
15920.0, 0.11287084
15930.0, 0.1128608
15940.0, 0.11285077
15950.0, 0.11284077
15960.0, 0.11283079
15970.0, 0.11282082
15980.0, 0.11281087
15990.0, 0.112800956
16000.0, 0.112791054
16010.0, 0.11278117
16020.0, 0.1127713
16030.0, 0.11276145
16040.0, 0.11275162
16050.0, 0.11274181
16060.0, 0.11273203
16070.0, 0.11272226
16080.0, 0.11271251
16090.0, 0.11270278
16100.0, 0.112693064
16110.0, 0.11268338
16120.0, 0.112673715
16130.0, 0.11266405
16140.0, 0.11265442
16150.0, 0.11264481
16160.0, 0.11263522
16170.0, 0.112625636
16180.0, 0.11261608
16190.0, 0.11260654
16200.0, 0.112597026
16210.0, 0.11258752
16220.0, 0.112578034
16230.0, 0.11256857
16240.0, 0.11255913
16250.0, 0.11254971
16260.0, 0.1125403
16270.0, 0.11253092
16280.0, 0.112521544
16290.0, 0.112512186
16300.0, 0.11250286
16310.0, 0.11249355
16320.0, 0.11248425
16330.0, 0.11247498
16340.0, 0.112465724
16350.0, 0.11245647
16360.0, 0.112447254
16370.0, 0.11243805
16380.0, 0.11242887
16390.0, 0.1124197
16400.0, 0.11241055
16410.0, 0.11240142
16420.0, 0.11239231
16430.0, 0.11238321
16440.0, 0.112374134
16450.0, 0.11236508
16460.0, 0.11235604
16470.0, 0.112347014
16480.0, 0.112338014
16490.0, 0.11232903
16500.0, 0.11232006
16510.0, 0.11231111
16520.0, 0.11230218
16530.0, 0.112293266
16540.0, 0.11228437
16550.0, 0.11227548
16560.0, 0.11226662
16570.0, 0.11225778
16580.0, 0.11224896
16590.0, 0.11224014
16600.0, 0.11223135
16610.0, 0.112222575
16620.0, 0.11221382
16630.0, 0.11220508
16640.0, 0.112196356
16650.0, 0.112187654
16660.0, 0.11217897
16670.0, 0.112170294
16680.0, 0.112161644
16690.0, 0.11215301
16700.0, 0.11214438
16710.0, 0.11213578
16720.0, 0.1121272
16730.0, 0.11211863
16740.0, 0.112110086
16750.0, 0.11210155
16760.0, 0.11209303
16770.0, 0.11208453
16780.0, 0.11207605
16790.0, 0.11206759
16800.0, 0.11205913
16810.0, 0.112050705
16820.0, 0.112042286
16830.0, 0.11203389
16840.0, 0.11202551
16850.0, 0.11201714
16860.0, 0.11200879
16870.0, 0.11200046
16880.0, 0.111992136
16890.0, 0.11198384
16900.0, 0.11197556
16910.0, 0.111967295
16920.0, 0.11195905
16930.0, 0.11195081
16940.0, 0.1119426
16950.0, 0.11193439
16960.0, 0.111926205
16970.0, 0.11191804
16980.0, 0.11190988
16990.0, 0.11190175
17000.0, 0.11189363
17010.0, 0.111885525
17020.0, 0.11187744
17030.0, 0.11186937
17040.0, 0.11186131
17050.0, 0.11185327
17060.0, 0.11184525
17070.0, 0.111837246
17080.0, 0.11182925
17090.0, 0.11182127
17100.0, 0.111813314
17110.0, 0.11180537
17120.0, 0.111797445
17130.0, 0.11178953
17140.0, 0.111781634
17150.0, 0.11177375
17160.0, 0.111765884
17170.0, 0.111758046
17180.0, 0.1117502
17190.0, 0.111742385
17200.0, 0.111734584
17210.0, 0.1117268
17220.0, 0.11171903
17230.0, 0.11171126
17240.0, 0.11170352
17250.0, 0.111695796
17260.0, 0.111688085
17270.0, 0.11168039
17280.0, 0.111672714
17290.0, 0.11166505
17300.0, 0.1116574
17310.0, 0.11164977
17320.0, 0.11164215
17330.0, 0.11163454
17340.0, 0.11162695
17350.0, 0.111619376
17360.0, 0.11161182
17370.0, 0.11160427
17380.0, 0.11159675
17390.0, 0.11158924
17400.0, 0.11158174
17410.0, 0.111574255
17420.0, 0.11156678
17430.0, 0.11155933
17440.0, 0.11155189
17450.0, 0.11154446
17460.0, 0.111537054
17470.0, 0.11152966
17480.0, 0.11152229
17490.0, 0.11151491
17500.0, 0.111507565
17510.0, 0.111500226
17520.0, 0.11149291
17530.0, 0.1114856
17540.0, 0.111478314
17550.0, 0.11147103
17560.0, 0.11146376
17570.0, 0.11145651
17580.0, 0.11144928
17590.0, 0.11144206
17600.0, 0.11143486
17610.0, 0.111427665
17620.0, 0.11142049
17630.0, 0.11141332
17640.0, 0.11140617
17650.0, 0.11139904
17660.0, 0.11139192
17670.0, 0.11138481
17680.0, 0.11137772
17690.0, 0.111370645
17700.0, 0.111363575
17710.0, 0.11135653
17720.0, 0.111349486
17730.0, 0.11134246
17740.0, 0.11133546
17750.0, 0.11132846
17760.0, 0.11132149
17770.0, 0.11131452
17780.0, 0.11130757
17790.0, 0.111300625
17800.0, 0.1112937
17810.0, 0.11128679
17820.0, 0.11127989
17830.0, 0.11127301
17840.0, 0.11126614
17850.0, 0.11125928
17860.0, 0.11125244
17870.0, 0.11124562
17880.0, 0.11123879
17890.0, 0.111232
17900.0, 0.11122521
17910.0, 0.11121843
17920.0, 0.111211665
17930.0, 0.11120492
17940.0, 0.11119819
17950.0, 0.11119147
17960.0, 0.11118475
17970.0, 0.111178055
17980.0, 0.11117138
17990.0, 0.11116472
18000.0, 0.11115806
18010.0, 0.11115142
18020.0, 0.11114479
18030.0, 0.11113818
18040.0, 0.11113157
18050.0, 0.11112498
18060.0, 0.111118406
18070.0, 0.11111185
18080.0, 0.11110529
18090.0, 0.11109876
18100.0, 0.11109224
18110.0, 0.11108572
18120.0, 0.11107923
18130.0, 0.11107274
18140.0, 0.11106627
18150.0, 0.111059815
18160.0, 0.11105337
18170.0, 0.11104693
18180.0, 0.11104052
18190.0, 0.1110341
18200.0, 0.11102772
18210.0, 0.11102133
18220.0, 0.11101496
18230.0, 0.11100861
18240.0, 0.11100226
18250.0, 0.110995926
18260.0, 0.11098961
18270.0, 0.1109833
18280.0, 0.11097701
18290.0, 0.11097073
18300.0, 0.11096446
18310.0, 0.1109582
18320.0, 0.11095196
18330.0, 0.11094573
18340.0, 0.11093951
18350.0, 0.1109333
18360.0, 0.110927105
18370.0, 0.11092092
18380.0, 0.11091476
18390.0, 0.11090859
18400.0, 0.11090245
18410.0, 0.11089631
18420.0, 0.110890195
18430.0, 0.11088409
18440.0, 0.11087799
18450.0, 0.1108719
18460.0, 0.11086584
18470.0, 0.110859774
18480.0, 0.110853724
18490.0, 0.1108477
18500.0, 0.11084166
18510.0, 0.11083566
18520.0, 0.11082966
18530.0, 0.11082367
18540.0, 0.110817686
18550.0, 0.110811725
18560.0, 0.11080577
18570.0, 0.110799834
18580.0, 0.1107939
18590.0, 0.11078799
18600.0, 0.11078208
18610.0, 0.11077619
18620.0, 0.11077031
18630.0, 0.11076444
18640.0, 0.11075858
18650.0, 0.11075273
18660.0, 0.1107469
18670.0, 0.11074107
18680.0, 0.11073527
18690.0, 0.110729456
18700.0, 0.110723674
18710.0, 0.11071789
18720.0, 0.110712126
18730.0, 0.11070638
18740.0, 0.11070063
18750.0, 0.11069489
18760.0, 0.11068918
18770.0, 0.11068347
18780.0, 0.11067777
18790.0, 0.11067209
18800.0, 0.11066642
18810.0, 0.11066075
18820.0, 0.1106551
18830.0, 0.11064945
18840.0, 0.110643834
18850.0, 0.11063821
18860.0, 0.1106326
18870.0, 0.110627
18880.0, 0.110621415
18890.0, 0.11061585
18900.0, 0.11061029
18910.0, 0.11060473
18920.0, 0.1105992
18930.0, 0.11059366
18940.0, 0.11058815
18950.0, 0.11058264
18960.0, 0.110577144
18970.0, 0.11057165
18980.0, 0.11056618
18990.0, 0.110560715
19000.0, 0.11055526
19010.0, 0.11054982
19020.0, 0.11054438
19030.0, 0.11053897
19040.0, 0.110533565
19050.0, 0.110528156
19060.0, 0.11052278
19070.0, 0.1105174
19080.0, 0.110512026
19090.0, 0.110506676
19100.0, 0.11050133
19110.0, 0.110496
19120.0, 0.11049067
19130.0, 0.11048535
19140.0, 0.110480055
19150.0, 0.11047476
19160.0, 0.110469475
19170.0, 0.11046421
19180.0, 0.11045894
19190.0, 0.11045369
19200.0, 0.11044846
19210.0, 0.11044322
19220.0, 0.110438004
19230.0, 0.110432796
19240.0, 0.110427596
19250.0, 0.11042241
19260.0, 0.11041723
19270.0, 0.11041206
19280.0, 0.11040691
19290.0, 0.110401765
19300.0, 0.11039663
19310.0, 0.110391505
19320.0, 0.11038639
19330.0, 0.110381275
19340.0, 0.11037618
19350.0, 0.1103711
19360.0, 0.110366024
19370.0, 0.11036095
19380.0, 0.1103559
19390.0, 0.110350855
19400.0, 0.11034582
19410.0, 0.1103408
19420.0, 0.11033578
19430.0, 0.11033077
19440.0, 0.11032578
19450.0, 0.11032079
19460.0, 0.110315815
19470.0, 0.11031085
19480.0, 0.1103059
19490.0, 0.11030095
19500.0, 0.11029602
19510.0, 0.110291086
19520.0, 0.11028617
19530.0, 0.110281266
19540.0, 0.11027637
19550.0, 0.11027148
19560.0, 0.1102666
19570.0, 0.11026174
19580.0, 0.11025688
19590.0, 0.11025203
19600.0, 0.110247195
19610.0, 0.11024236
19620.0, 0.110237546
19630.0, 0.11023273
19640.0, 0.110227935
19650.0, 0.11022315
19660.0, 0.11021837
19670.0, 0.11021359
19680.0, 0.11020883
19690.0, 0.11020408
19700.0, 0.11019933
19710.0, 0.11019461
19720.0, 0.11018988
19730.0, 0.11018517
19740.0, 0.11018046
19750.0, 0.110175766
19760.0, 0.11017108
19770.0, 0.1101664
19780.0, 0.11016173
19790.0, 0.11015707
19800.0, 0.110152416
19810.0, 0.11014778
19820.0, 0.110143155
19830.0, 0.110138535
19840.0, 0.11013392
19850.0, 0.11012932
19860.0, 0.110124715
19870.0, 0.11012013
19880.0, 0.11011556
19890.0, 0.11011099
19900.0, 0.11010644
19910.0, 0.110101886
19920.0, 0.11009735
19930.0, 0.11009282
19940.0, 0.110088296
19950.0, 0.11008379
19960.0, 0.11007927
19970.0, 0.11007478
19980.0, 0.110070296
19990.0, 0.110065825
20000.0, 0.110061355
20010.0, 0.1100569
20020.0, 0.11005245
20030.0, 0.110048
20040.0, 0.11004357
20050.0, 0.11003915
20060.0, 0.11003474
20070.0, 0.11003033
20080.0, 0.110025935
20090.0, 0.11002155
20100.0, 0.110017166
20110.0, 0.1100128
20120.0, 0.11000843
20130.0, 0.11000408
20140.0, 0.10999973
20150.0, 0.1099954
20160.0, 0.10999107
20170.0, 0.10998675
20180.0, 0.109982446
20190.0, 0.10997815
20200.0, 0.10997385
20210.0, 0.109969564
20220.0, 0.10996529
20230.0, 0.109961025
20240.0, 0.10995676
20250.0, 0.10995252
20260.0, 0.10994828
20270.0, 0.10994404
20280.0, 0.10993981
20290.0, 0.1099356
20300.0, 0.10993139
20310.0, 0.109927185
20320.0, 0.109923
20330.0, 0.10991881
20340.0, 0.10991464
20350.0, 0.109910466
20360.0, 0.10990631
20370.0, 0.10990216
20380.0, 0.109898016
20390.0, 0.10989389
20400.0, 0.10988977
20410.0, 0.10988564
20420.0, 0.10988154
20430.0, 0.10987744
20440.0, 0.10987335
20450.0, 0.109869264
20460.0, 0.10986519
20470.0, 0.10986112
20480.0, 0.10985706
20490.0, 0.10985301
20500.0, 0.10984896
20510.0, 0.10984493
20520.0, 0.10984089
20530.0, 0.109836884
20540.0, 0.10983287
20550.0, 0.10982887
20560.0, 0.109824866
20570.0, 0.10982088
20580.0, 0.1098169
20590.0, 0.10981293
20600.0, 0.10980897
20610.0, 0.10980501
20620.0, 0.109801054
20630.0, 0.10979713
20640.0, 0.10979319
20650.0, 0.10978926
20660.0, 0.10978535
20670.0, 0.109781444
20680.0, 0.10977754
20690.0, 0.10977364
20700.0, 0.10976976
20710.0, 0.10976589
20720.0, 0.109762006
20730.0, 0.109758146
20740.0, 0.109754294
20750.0, 0.10975045
20760.0, 0.109746605
20770.0, 0.109742776
20780.0, 0.109738946
20790.0, 0.10973513
20800.0, 0.10973133
20810.0, 0.109727524
20820.0, 0.109723724
20830.0, 0.10971995
20840.0, 0.10971617
20850.0, 0.10971239
20860.0, 0.10970863
20870.0, 0.109704874
20880.0, 0.109701134
20890.0, 0.10969739
20900.0, 0.109693654
20910.0, 0.10968992
20920.0, 0.10968621
20930.0, 0.10968249
20940.0, 0.1096788
20950.0, 0.1096751
20960.0, 0.10967141
20970.0, 0.109667726
20980.0, 0.10966405
20990.0, 0.10966039
21000.0, 0.10965673
21010.0, 0.10965308
21020.0, 0.10964942
21030.0, 0.10964579
21040.0, 0.109642155
21050.0, 0.109638534
21060.0, 0.10963491
21070.0, 0.109631315
21080.0, 0.10962771
21090.0, 0.10962411
21100.0, 0.10962052
21110.0, 0.10961694
21120.0, 0.109613374
21130.0, 0.109609805
21140.0, 0.10960625
21150.0, 0.1096027
21160.0, 0.10959914
21170.0, 0.10959561
21180.0, 0.10959208
21190.0, 0.109588556
21200.0, 0.10958504
21210.0, 0.10958153
21220.0, 0.10957803
21230.0, 0.10957453
21240.0, 0.10957104
21250.0, 0.10956756
21260.0, 0.10956408
21270.0, 0.109560624
21280.0, 0.10955716
21290.0, 0.1095537
21300.0, 0.10955025
21310.0, 0.10954681
21320.0, 0.10954338
21330.0, 0.109539956
21340.0, 0.109536536
21350.0, 0.10953312
21360.0, 0.10952972
21370.0, 0.10952632
21380.0, 0.109522924
21390.0, 0.10951954
21400.0, 0.10951616
21410.0, 0.10951278
21420.0, 0.10950942
21430.0, 0.10950606
21440.0, 0.10950271
21450.0, 0.109499365
21460.0, 0.10949603
21470.0, 0.1094927
21480.0, 0.109489374
21490.0, 0.10948604
21500.0, 0.109482735
21510.0, 0.109479435
21520.0, 0.109476134
21530.0, 0.10947283
21540.0, 0.109469555
21550.0, 0.10946628
21560.0, 0.109463
21570.0, 0.109459735
21580.0, 0.10945647
21590.0, 0.109453216
21600.0, 0.109449975
21610.0, 0.109446734
21620.0, 0.1094435
21630.0, 0.109440275
21640.0, 0.10943705
21650.0, 0.10943383
21660.0, 0.109430626
21670.0, 0.10942742
21680.0, 0.109424226
21690.0, 0.10942104
21700.0, 0.109417856
21710.0, 0.109414674
21720.0, 0.10941151
21730.0, 0.10940834
21740.0, 0.10940519
21750.0, 0.10940204
21760.0, 0.109398894
21770.0, 0.10939575
21780.0, 0.10939263
21790.0, 0.1093895
21800.0, 0.10938638
21810.0, 0.10938327
21820.0, 0.109380156
21830.0, 0.10937705
21840.0, 0.109373964
21850.0, 0.10937087
21860.0, 0.10936778
21870.0, 0.10936471
21880.0, 0.10936164
21890.0, 0.10935858
21900.0, 0.10935552
21910.0, 0.10935246
21920.0, 0.10934942
21930.0, 0.109346375
21940.0, 0.10934335
21950.0, 0.10934031
21960.0, 0.1093373
21970.0, 0.10933428
21980.0, 0.10933127
21990.0, 0.10932826
22000.0, 0.10932527
22010.0, 0.10932227
22020.0, 0.109319285
22030.0, 0.10931631
22040.0, 0.10931333
22050.0, 0.10931037
22060.0, 0.10930741
22070.0, 0.10930444
22080.0, 0.1093015
22090.0, 0.10929856
22100.0, 0.109295614
22110.0, 0.109292686
22120.0, 0.10928976
22130.0, 0.10928684
22140.0, 0.10928392
22150.0, 0.10928101
22160.0, 0.10927811
22170.0, 0.109275214
22180.0, 0.10927232
22190.0, 0.10926943
22200.0, 0.10926655
22210.0, 0.10926368
22220.0, 0.109260805
22230.0, 0.109257944
22240.0, 0.10925509
22250.0, 0.10925224
22260.0, 0.10924939
22270.0, 0.109246545
22280.0, 0.10924371
22290.0, 0.10924088
22300.0, 0.10923806
22310.0, 0.10923524
22320.0, 0.10923243
22330.0, 0.109229624
22340.0, 0.109226815
22350.0, 0.10922403
22360.0, 0.109221235
22370.0, 0.109218456
22380.0, 0.10921568
22390.0, 0.109212905
22400.0, 0.109210126
22410.0, 0.10920737
22420.0, 0.10920461
22430.0, 0.109201856
22440.0, 0.109199114
22450.0, 0.10919638
22460.0, 0.109193645
22470.0, 0.1091909
22480.0, 0.10918819
22490.0, 0.10918547
22500.0, 0.10918275
22510.0, 0.10918005
22520.0, 0.10917734
22530.0, 0.10917465
22540.0, 0.10917196
22550.0, 0.10916927
22560.0, 0.10916659
22570.0, 0.10916391
22580.0, 0.10916124
22590.0, 0.109158576
22600.0, 0.10915592
22610.0, 0.10915327
22620.0, 0.10915061
22630.0, 0.109147966
22640.0, 0.109145336
22650.0, 0.1091427
22660.0, 0.10914007
22670.0, 0.10913745
22680.0, 0.10913484
22690.0, 0.109132215
22700.0, 0.109129615
22710.0, 0.10912701
22720.0, 0.109124415
22730.0, 0.10912183
22740.0, 0.10911924
22750.0, 0.10911666
22760.0, 0.10911408
22770.0, 0.10911151
22780.0, 0.10910895
22790.0, 0.109106384
22800.0, 0.10910383
22810.0, 0.10910127
22820.0, 0.10909873
22830.0, 0.10909619
22840.0, 0.10909366
22850.0, 0.10909113
22860.0, 0.1090886
22870.0, 0.10908609
22880.0, 0.10908357
22890.0, 0.10908106
22900.0, 0.10907856
22910.0, 0.10907606
22920.0, 0.10907356
22930.0, 0.10907107
22940.0, 0.10906859
22950.0, 0.10906611
22960.0, 0.10906363
22970.0, 0.10906116
22980.0, 0.10905869
22990.0, 0.109056234
23000.0, 0.109053776
23010.0, 0.10905133
23020.0, 0.10904889
23030.0, 0.109046444
23040.0, 0.10904401
23050.0, 0.10904158
23060.0, 0.10903915
23070.0, 0.10903672
23080.0, 0.109034315
23090.0, 0.10903189
23100.0, 0.109029494
23110.0, 0.10902709
23120.0, 0.109024696
23130.0, 0.109022304
23140.0, 0.10901991
23150.0, 0.10901753
23160.0, 0.10901515
23170.0, 0.109012775
23180.0, 0.10901041
23190.0, 0.10900805
23200.0, 0.10900569
23210.0, 0.10900333
23220.0, 0.10900099
23230.0, 0.10899864
23240.0, 0.108996294
23250.0, 0.108993955
23260.0, 0.10899163
23270.0, 0.108989306
23280.0, 0.10898698
23290.0, 0.108984664
23300.0, 0.10898235
23310.0, 0.10898004
23320.0, 0.108977735
23330.0, 0.10897544
23340.0, 0.108973145
23350.0, 0.10897086
23360.0, 0.10896857
23370.0, 0.10896629
23380.0, 0.10896402
23390.0, 0.108961746
23400.0, 0.10895947
23410.0, 0.108957216
23420.0, 0.10895495
23430.0, 0.1089527
23440.0, 0.10895045
23450.0, 0.10894821
23460.0, 0.10894597
23470.0, 0.10894374
23480.0, 0.10894151
23490.0, 0.10893928
23500.0, 0.108937055
23510.0, 0.108934835
23520.0, 0.10893262
23530.0, 0.10893042
23540.0, 0.10892821
23550.0, 0.10892601
23560.0, 0.108923815
23570.0, 0.108921625
23580.0, 0.10891944
23590.0, 0.10891726
23600.0, 0.108915076
23610.0, 0.1089129
23620.0, 0.10891073
23630.0, 0.108908564
23640.0, 0.10890641
23650.0, 0.10890426
23660.0, 0.108902104
23670.0, 0.10889996
23680.0, 0.10889781
23690.0, 0.108895674
23700.0, 0.108893536
23710.0, 0.1088914
23720.0, 0.10888928
23730.0, 0.10888715
23740.0, 0.108885035
23750.0, 0.10888293
23760.0, 0.10888082
23770.0, 0.1088787
23780.0, 0.1088766
23790.0, 0.10887451
23800.0, 0.10887241
23810.0, 0.10887033
23820.0, 0.10886824
23830.0, 0.10886616
23840.0, 0.108864084
23850.0, 0.10886201
23860.0, 0.10885995
23870.0, 0.108857885
23880.0, 0.10885582
23890.0, 0.108853765
23900.0, 0.108851716
23910.0, 0.10884967
23920.0, 0.108847626
23930.0, 0.108845584
23940.0, 0.10884355
23950.0, 0.10884152
23960.0, 0.1088395
23970.0, 0.10883747
23980.0, 0.10883545
23990.0, 0.10883344
24000.0, 0.10883142
24010.0, 0.10882942
24020.0, 0.10882741
24030.0, 0.108825415
24040.0, 0.10882342
24050.0, 0.10882143
24060.0, 0.10881944
24070.0, 0.10881746
24080.0, 0.10881548
24090.0, 0.1088135
24100.0, 0.108811535
24110.0, 0.10880957
24120.0, 0.1088076
24130.0, 0.10880565
24140.0, 0.10880369
24150.0, 0.10880174
24160.0, 0.10879979
24170.0, 0.10879785
24180.0, 0.10879591
24190.0, 0.108793974
24200.0, 0.10879204
24210.0, 0.10879011
24220.0, 0.108788185
24230.0, 0.10878626
24240.0, 0.10878435
24250.0, 0.10878243
24260.0, 0.10878052
24270.0, 0.10877862
24280.0, 0.10877672
24290.0, 0.10877482
24300.0, 0.108772926
24310.0, 0.10877103
24320.0, 0.108769156
24330.0, 0.10876727
24340.0, 0.108765386
24350.0, 0.108763516
24360.0, 0.10876164
24370.0, 0.108759776
24380.0, 0.10875791
24390.0, 0.10875605
24400.0, 0.108754195
24410.0, 0.10875234
24420.0, 0.10875049
24430.0, 0.108748645
24440.0, 0.10874681
24450.0, 0.108744964
24460.0, 0.10874313
24470.0, 0.1087413
24480.0, 0.10873948
24490.0, 0.10873765
24500.0, 0.10873583
24510.0, 0.10873401
24520.0, 0.1087322
24530.0, 0.10873039
24540.0, 0.10872859
24550.0, 0.108726785
24560.0, 0.10872499
24570.0, 0.108723186
24580.0, 0.108721405
24590.0, 0.10871962
24600.0, 0.10871783
24610.0, 0.10871605
24620.0, 0.108714275
24630.0, 0.1087125
24640.0, 0.10871073
24650.0, 0.10870896
24660.0, 0.1087072
24670.0, 0.108705446
24680.0, 0.10870369
24690.0, 0.10870194
24700.0, 0.108700186
24710.0, 0.10869844
24720.0, 0.10869671
24730.0, 0.10869496
24740.0, 0.10869323
24750.0, 0.1086915
24760.0, 0.10868977
24770.0, 0.10868804
24780.0, 0.10868633
24790.0, 0.10868461
24800.0, 0.10868289
24810.0, 0.10868118
24820.0, 0.10867947
24830.0, 0.10867777
24840.0, 0.108676076
24850.0, 0.10867438
24860.0, 0.108672686
24870.0, 0.10867099
24880.0, 0.10866931
24890.0, 0.10866762
24900.0, 0.10866594
24910.0, 0.10866426
24920.0, 0.10866258
24930.0, 0.10866092
24940.0, 0.10865926
24950.0, 0.10865759
24960.0, 0.10865593
24970.0, 0.108654276
24980.0, 0.108652614
24990.0, 0.10865097
25000.0, 0.10864932
25010.0, 0.10864768
25020.0, 0.10864604
25030.0, 0.1086444
25040.0, 0.108642764
25050.0, 0.10864114
25060.0, 0.10863951
25070.0, 0.10863789
25080.0, 0.10863626
25090.0, 0.10863465
25100.0, 0.108633034
25110.0, 0.108631425
25120.0, 0.108629815
25130.0, 0.10862821
25140.0, 0.10862661
25150.0, 0.10862501
25160.0, 0.108623415
25170.0, 0.10862183
25180.0, 0.108620234
25190.0, 0.108618654
25200.0, 0.10861707
25210.0, 0.10861549
25220.0, 0.108613916
25230.0, 0.108612336
25240.0, 0.108610764
25250.0, 0.1086092
25260.0, 0.108607635
25270.0, 0.10860608
25280.0, 0.10860453
25290.0, 0.10860297
25300.0, 0.10860141
25310.0, 0.10859987
25320.0, 0.10859832
25330.0, 0.10859679
25340.0, 0.108595245
25350.0, 0.10859371
25360.0, 0.108592175
25370.0, 0.10859065
25380.0, 0.10858911
25390.0, 0.1085876
25400.0, 0.10858608
25410.0, 0.10858456
25420.0, 0.10858305
25430.0, 0.10858153
25440.0, 0.10858003
25450.0, 0.10857852
25460.0, 0.10857702
25470.0, 0.108575515
25480.0, 0.108574025
25490.0, 0.108572535
25500.0, 0.10857104
25510.0, 0.10856955
25520.0, 0.108568065
25530.0, 0.10856658
25540.0, 0.10856511
25550.0, 0.10856363
25560.0, 0.108562164
25570.0, 0.10856069
25580.0, 0.10855922
25590.0, 0.10855776
25600.0, 0.10855629
25610.0, 0.10855484
25620.0, 0.10855338
25630.0, 0.108551934
25640.0, 0.10855048
25650.0, 0.108549036
25660.0, 0.1085476
25670.0, 0.10854615
25680.0, 0.108544715
25690.0, 0.108543284
25700.0, 0.10854185
25710.0, 0.108540416
25720.0, 0.10853899
25730.0, 0.10853757
25740.0, 0.108536154
25750.0, 0.10853473
25760.0, 0.108533315
25770.0, 0.10853191
25780.0, 0.10853049
25790.0, 0.10852909
25800.0, 0.10852768
25810.0, 0.10852628
25820.0, 0.10852489
25830.0, 0.10852349
25840.0, 0.108522095
25850.0, 0.10852072
25860.0, 0.10851932
25870.0, 0.10851794
25880.0, 0.10851656
25890.0, 0.10851518
25900.0, 0.1085138
25910.0, 0.10851244
25920.0, 0.10851106
25930.0, 0.1085097
25940.0, 0.10850833
25950.0, 0.10850697
25960.0, 0.1085056
25970.0, 0.10850425
25980.0, 0.108502895
25990.0, 0.108501546
26000.0, 0.1085002
26010.0, 0.10849885
26020.0, 0.10849751
26030.0, 0.10849617
26040.0, 0.10849483
26050.0, 0.10849349
26060.0, 0.108492166
26070.0, 0.108490825
26080.0, 0.1084895
26090.0, 0.10848818
26100.0, 0.10848686
26110.0, 0.10848554
26120.0, 0.10848422
26130.0, 0.108482905
26140.0, 0.10848159
26150.0, 0.10848028
26160.0, 0.108478986
26170.0, 0.10847768
26180.0, 0.10847638
26190.0, 0.10847508
26200.0, 0.10847378
26210.0, 0.10847249
26220.0, 0.10847119
26230.0, 0.10846991
26240.0, 0.10846863
26250.0, 0.10846735
26260.0, 0.10846606
26270.0, 0.10846478
26280.0, 0.1084635
26290.0, 0.10846223
26300.0, 0.10846097
26310.0, 0.1084597
26320.0, 0.10845843
26330.0, 0.10845717
26340.0, 0.10845591
26350.0, 0.10845465
26360.0, 0.1084534
26370.0, 0.10845214
26380.0, 0.1084509
26390.0, 0.10844965
26400.0, 0.1084484
26410.0, 0.108447164
26420.0, 0.10844592
26430.0, 0.10844468
26440.0, 0.10844345
26450.0, 0.10844222
26460.0, 0.10844099
26470.0, 0.10843976
26480.0, 0.10843853
26490.0, 0.108437315
26500.0, 0.10843609
26510.0, 0.10843487
26520.0, 0.10843366
26530.0, 0.10843244
26540.0, 0.108431235
26550.0, 0.10843002
26560.0, 0.10842882
26570.0, 0.108427614
26580.0, 0.108426414
26590.0, 0.10842522
26600.0, 0.108424015
26610.0, 0.10842282
26620.0, 0.10842163
26630.0, 0.10842044
26640.0, 0.10841926
26650.0, 0.10841808
26660.0, 0.10841689
26670.0, 0.10841571
26680.0, 0.10841454
26690.0, 0.10841336
26700.0, 0.10841219
26710.0, 0.108411014
26720.0, 0.10840985
26730.0, 0.10840869
26740.0, 0.10840752
26750.0, 0.10840636
26760.0, 0.1084052
26770.0, 0.10840405
26780.0, 0.10840289
26790.0, 0.10840174
26800.0, 0.10840059
26810.0, 0.10839944
26820.0, 0.108398296
26830.0, 0.108397156
26840.0, 0.10839601
26850.0, 0.108394876
26860.0, 0.10839374
26870.0, 0.10839261
26880.0, 0.10839148
26890.0, 0.10839035
26900.0, 0.10838922
26910.0, 0.108388096
26920.0, 0.10838698
26930.0, 0.10838585
26940.0, 0.108384736
26950.0, 0.10838362
26960.0, 0.10838251
26970.0, 0.1083814
26980.0, 0.10838029
26990.0, 0.108379185
27000.0, 0.108378075
27010.0, 0.10837697
27020.0, 0.10837588
27030.0, 0.10837478
27040.0, 0.10837368
27050.0, 0.10837259
27060.0, 0.108371496
27070.0, 0.10837041
27080.0, 0.10836932
27090.0, 0.10836824
27100.0, 0.10836716
27110.0, 0.10836607
27120.0, 0.108365
27130.0, 0.10836392
27140.0, 0.108362846
27150.0, 0.10836178
27160.0, 0.10836071
27170.0, 0.10835964
27180.0, 0.10835858
27190.0, 0.10835751
27200.0, 0.108356446
27210.0, 0.10835539
27220.0, 0.10835434
27230.0, 0.10835328
27240.0, 0.10835222
27250.0, 0.10835118
27260.0, 0.10835012
27270.0, 0.10834908
27280.0, 0.10834804
27290.0, 0.10834699
27300.0, 0.108345956
27310.0, 0.10834492
27320.0, 0.10834388
27330.0, 0.10834284
27340.0, 0.10834181
27350.0, 0.108340785
27360.0, 0.10833976
27370.0, 0.10833873
27380.0, 0.10833771
27390.0, 0.10833668
27400.0, 0.10833566
27410.0, 0.10833465
27420.0, 0.10833363
27430.0, 0.10833263
27440.0, 0.10833161
27450.0, 0.1083306
27460.0, 0.108329594
27470.0, 0.10832858
27480.0, 0.10832758
27490.0, 0.108326584
27500.0, 0.10832558
27510.0, 0.10832459
27520.0, 0.10832359
27530.0, 0.1083226
27540.0, 0.1083216
27550.0, 0.10832062
27560.0, 0.108319625
27570.0, 0.10831864
27580.0, 0.108317666
27590.0, 0.10831668
27600.0, 0.1083157
27610.0, 0.10831472
27620.0, 0.10831375
27630.0, 0.10831278
27640.0, 0.1083118
27650.0, 0.108310826
27660.0, 0.108309865
27670.0, 0.1083089
27680.0, 0.108307935
27690.0, 0.10830697
27700.0, 0.10830601
27710.0, 0.10830505
27720.0, 0.10830409
27730.0, 0.10830314
27740.0, 0.10830219
27750.0, 0.10830124
27760.0, 0.10830029
27770.0, 0.108299345
27780.0, 0.1082984
27790.0, 0.10829745
27800.0, 0.10829651
27810.0, 0.108295575
27820.0, 0.108294636
27830.0, 0.108293705
27840.0, 0.108292766
27850.0, 0.108291835
27860.0, 0.10829091
27870.0, 0.10828998
27880.0, 0.10828905
27890.0, 0.10828813
27900.0, 0.1082872
27910.0, 0.108286284
27920.0, 0.10828537
27930.0, 0.10828444
27940.0, 0.108283535
27950.0, 0.10828262
27960.0, 0.10828171
27970.0, 0.10828079
27980.0, 0.108279884
27990.0, 0.10827898
28000.0, 0.10827808
28010.0, 0.10827717
28020.0, 0.10827627
28030.0, 0.10827538
28040.0, 0.10827448
28050.0, 0.10827359
28060.0, 0.10827269
28070.0, 0.10827181
28080.0, 0.10827091
28090.0, 0.10827002
28100.0, 0.10826914
28110.0, 0.10826825
28120.0, 0.108267374
28130.0, 0.10826649
28140.0, 0.10826561
28150.0, 0.10826474
28160.0, 0.10826385
28170.0, 0.10826298
28180.0, 0.108262114
28190.0, 0.108261235
28200.0, 0.10826036
28210.0, 0.1082595
28220.0, 0.108258635
28230.0, 0.10825777
28240.0, 0.108256906
28250.0, 0.10825605
28260.0, 0.10825519
28270.0, 0.10825433
28280.0, 0.10825349
28290.0, 0.10825263
28300.0, 0.10825177
28310.0, 0.10825092
28320.0, 0.10825008
28330.0, 0.10824923
28340.0, 0.10824839
28350.0, 0.10824754
28360.0, 0.10824671
28370.0, 0.10824586
28380.0, 0.10824502
28390.0, 0.10824418
28400.0, 0.10824335
28410.0, 0.10824252
28420.0, 0.10824169
28430.0, 0.10824086
28440.0, 0.10824003
28450.0, 0.1082392
28460.0, 0.10823838
28470.0, 0.10823756
28480.0, 0.10823673
28490.0, 0.10823591
28500.0, 0.10823509
28510.0, 0.10823428
28520.0, 0.10823346
28530.0, 0.108232655
28540.0, 0.10823184
28550.0, 0.10823103
28560.0, 0.10823022
28570.0, 0.10822941
28580.0, 0.10822861
28590.0, 0.108227804
28600.0, 0.108227
28610.0, 0.1082262
28620.0, 0.1082254
28630.0, 0.10822461
28640.0, 0.1082238
28650.0, 0.10822301
28660.0, 0.108222224
28670.0, 0.10822143
28680.0, 0.10822064
28690.0, 0.108219855
28700.0, 0.10821907
28710.0, 0.10821828
28720.0, 0.1082175
28730.0, 0.10821672
28740.0, 0.10821594
28750.0, 0.10821516
28760.0, 0.108214386
28770.0, 0.10821361
28780.0, 0.108212836
28790.0, 0.10821206
28800.0, 0.108211294
28810.0, 0.10821053
28820.0, 0.10820975
28830.0, 0.10820899
28840.0, 0.108208224
28850.0, 0.10820746
28860.0, 0.108206704
28870.0, 0.10820594
28880.0, 0.108205184
28890.0, 0.108204424
28900.0, 0.10820367
28910.0, 0.10820292
28920.0, 0.10820216
28930.0, 0.108201414
28940.0, 0.10820066
28950.0, 0.10819992
28960.0, 0.108199164
28970.0, 0.10819842
28980.0, 0.10819768
28990.0, 0.10819694
29000.0, 0.1081962
29010.0, 0.10819546
29020.0, 0.108194724
29030.0, 0.108193986
29040.0, 0.10819325
29050.0, 0.10819251
29060.0, 0.10819179
29070.0, 0.10819106
29080.0, 0.10819033
29090.0, 0.1081896
29100.0, 0.108188875
29110.0, 0.10818815
29120.0, 0.10818742
29130.0, 0.10818671
29140.0, 0.108185984
29150.0, 0.10818527
29160.0, 0.108184546
29170.0, 0.10818383
29180.0, 0.10818312
29190.0, 0.10818241
29200.0, 0.10818169
29210.0, 0.108180985
29220.0, 0.10818028
29230.0, 0.10817957
29240.0, 0.10817886
29250.0, 0.10817816
29260.0, 0.10817746
29270.0, 0.10817676
29280.0, 0.10817606
29290.0, 0.10817536
29300.0, 0.10817466
29310.0, 0.10817397
29320.0, 0.10817327
29330.0, 0.10817257
29340.0, 0.10817188
29350.0, 0.108171195
29360.0, 0.1081705
29370.0, 0.10816982
29380.0, 0.10816913
29390.0, 0.108168446
29400.0, 0.10816777
29410.0, 0.10816708
29420.0, 0.1081664
29430.0, 0.10816572
29440.0, 0.10816504
29450.0, 0.10816436
29460.0, 0.108163685
29470.0, 0.108163014
29480.0, 0.10816234
29490.0, 0.108161665
29500.0, 0.108161
29510.0, 0.10816033
29520.0, 0.10815966
29530.0, 0.108159
29540.0, 0.108158335
29550.0, 0.10815767
29560.0, 0.10815701
29570.0, 0.10815635
29580.0, 0.10815569
29590.0, 0.108155034
29600.0, 0.10815438
29610.0, 0.10815372
29620.0, 0.10815307
29630.0, 0.10815241
29640.0, 0.10815176
29650.0, 0.10815111
29660.0, 0.10815046
29670.0, 0.10814982
29680.0, 0.10814917
29690.0, 0.10814852
29700.0, 0.108147874
29710.0, 0.10814724
29720.0, 0.10814659
29730.0, 0.10814596
29740.0, 0.10814532
29750.0, 0.10814468
29760.0, 0.108144045
29770.0, 0.108143404
29780.0, 0.10814277
29790.0, 0.108142145
29800.0, 0.10814151
29810.0, 0.10814088
29820.0, 0.108140245
29830.0, 0.10813962
29840.0, 0.108139
29850.0, 0.108138375
29860.0, 0.10813776
29870.0, 0.10813712
29880.0, 0.108136505
29890.0, 0.10813589
29900.0, 0.10813527
29910.0, 0.10813465
29920.0, 0.10813403
29930.0, 0.10813342
29940.0, 0.10813281
29950.0, 0.10813219
29960.0, 0.10813158
29970.0, 0.10813098
29980.0, 0.108130366
29990.0, 0.108129755
30000.0, 0.10812915
