Energy (in eV), backscattering yield of material bk2k-NASCAP at incidence 50.000004 degree
   X,       Y
0.0, 0.0
10.0, 0.0
20.0, 0.0
30.0, 0.0
40.0, 0.0
50.0, 0.0
60.0, 0.049696147
70.0, 0.07362368
80.0, 0.09119302
90.0, 0.105203584
100.0, 0.11686932
110.0, 0.12685546
120.0, 0.13557358
130.0, 0.14329839
140.0, 0.1502234
150.0, 0.1564903
160.0, 0.16220616
170.0, 0.16745396
180.0, 0.17229925
190.0, 0.17679481
200.0, 0.1809838
210.0, 0.18490179
220.0, 0.1885787
230.0, 0.19203964
240.0, 0.19530618
250.0, 0.19839673
260.0, 0.20132726
270.0, 0.20411174
280.0, 0.20676234
290.0, 0.20928985
300.0, 0.21170373
310.0, 0.2140125
320.0, 0.2162237
330.0, 0.21834415
340.0, 0.22038
350.0, 0.22233666
360.0, 0.22421925
370.0, 0.22603229
380.0, 0.22777991
390.0, 0.22946593
400.0, 0.23109384
410.0, 0.23266682
420.0, 0.23418784
430.0, 0.2356596
440.0, 0.23708458
450.0, 0.23846519
460.0, 0.23980351
470.0, 0.24110161
480.0, 0.24236135
490.0, 0.24358447
500.0, 0.24477258
510.0, 0.24592726
520.0, 0.2470499
530.0, 0.24814187
540.0, 0.24920438
550.0, 0.2502387
560.0, 0.2512459
570.0, 0.252227
580.0, 0.2531831
590.0, 0.25411505
600.0, 0.25502375
610.0, 0.25591004
620.0, 0.25677478
630.0, 0.2576187
640.0, 0.25844243
650.0, 0.2592468
660.0, 0.2600324
670.0, 0.2607998
680.0, 0.26154962
690.0, 0.26228246
700.0, 0.26299882
710.0, 0.2636992
720.0, 0.26438415
730.0, 0.26505405
740.0, 0.26570943
750.0, 0.2663507
760.0, 0.2669782
770.0, 0.26759237
780.0, 0.26819363
790.0, 0.26878232
800.0, 0.26935872
810.0, 0.26992327
820.0, 0.2704762
830.0, 0.27101785
840.0, 0.27154854
850.0, 0.27206853
860.0, 0.27257812
870.0, 0.27307752
880.0, 0.27356702
890.0, 0.2740469
900.0, 0.27451736
910.0, 0.2749786
920.0, 0.27543095
930.0, 0.2758745
940.0, 0.27630946
950.0, 0.27673614
960.0, 0.27715465
970.0, 0.2775652
980.0, 0.277968
990.0, 0.2783631
1000.0, 0.2787508
1010.0, 0.27853692
1020.0, 0.27832338
1030.0, 0.27811015
1040.0, 0.27789724
1050.0, 0.2776847
1060.0, 0.27747247
1070.0, 0.2772606
1080.0, 0.27704903
1090.0, 0.27683783
1100.0, 0.27662694
1110.0, 0.2764164
1120.0, 0.27620617
1130.0, 0.27599627
1140.0, 0.27578673
1150.0, 0.2755775
1160.0, 0.2753686
1170.0, 0.27516
1180.0, 0.2749518
1190.0, 0.27474385
1200.0, 0.27453628
1210.0, 0.27432904
1220.0, 0.2741221
1230.0, 0.27391547
1240.0, 0.2737092
1250.0, 0.27350327
1260.0, 0.27329764
1270.0, 0.27309236
1280.0, 0.27288738
1290.0, 0.27268273
1300.0, 0.2724784
1310.0, 0.27227437
1320.0, 0.2720707
1330.0, 0.27186736
1340.0, 0.27166432
1350.0, 0.2714616
1360.0, 0.27125922
1370.0, 0.27105713
1380.0, 0.2708554
1390.0, 0.27065396
1400.0, 0.27045283
1410.0, 0.27025205
1420.0, 0.27005157
1430.0, 0.26985142
1440.0, 0.26965156
1450.0, 0.26945207
1460.0, 0.26925284
1470.0, 0.26905397
1480.0, 0.2688554
1490.0, 0.26865712
1500.0, 0.26845917
1510.0, 0.26826155
1520.0, 0.26806423
1530.0, 0.26786724
1540.0, 0.26767054
1550.0, 0.26747417
1560.0, 0.2672781
1570.0, 0.26708236
1580.0, 0.26688692
1590.0, 0.2666918
1600.0, 0.266497
1610.0, 0.26630247
1620.0, 0.26610827
1630.0, 0.26591438
1640.0, 0.2657208
1650.0, 0.26552755
1660.0, 0.26533458
1670.0, 0.26514193
1680.0, 0.2649496
1690.0, 0.26475754
1700.0, 0.26456583
1710.0, 0.26437438
1720.0, 0.26418328
1730.0, 0.26399246
1740.0, 0.26380193
1750.0, 0.26361173
1760.0, 0.26342183
1770.0, 0.26323223
1780.0, 0.26304293
1790.0, 0.26285395
1800.0, 0.26266524
1810.0, 0.26247686
1820.0, 0.26228878
1830.0, 0.262101
1840.0, 0.2619135
1850.0, 0.26172632
1860.0, 0.26153943
1870.0, 0.26135284
1880.0, 0.26116654
1890.0, 0.26098058
1900.0, 0.26079488
1910.0, 0.26060948
1920.0, 0.26042438
1930.0, 0.2602396
1940.0, 0.2600551
1950.0, 0.2598709
1960.0, 0.25968698
1970.0, 0.25950333
1980.0, 0.25932002
1990.0, 0.259137
2000.0, 0.2589543
2010.0, 0.25877184
2020.0, 0.25858968
2030.0, 0.25840783
2040.0, 0.25822628
2050.0, 0.25804502
2060.0, 0.25786403
2070.0, 0.25768334
2080.0, 0.25750294
2090.0, 0.25732285
2100.0, 0.25714305
2110.0, 0.25696352
2120.0, 0.25678426
2130.0, 0.25660533
2140.0, 0.25642666
2150.0, 0.2562483
2160.0, 0.25607023
2170.0, 0.25589243
2180.0, 0.25571492
2190.0, 0.2555377
2200.0, 0.25536075
2210.0, 0.2551841
2220.0, 0.25500774
2230.0, 0.25483167
2240.0, 0.25465587
2250.0, 0.25448036
2260.0, 0.25430512
2270.0, 0.25413018
2280.0, 0.2539555
2290.0, 0.25378114
2300.0, 0.25360703
2310.0, 0.2534332
2320.0, 0.2532597
2330.0, 0.25308642
2340.0, 0.25291345
2350.0, 0.25274074
2360.0, 0.25256833
2370.0, 0.2523962
2380.0, 0.25222436
2390.0, 0.25205278
2400.0, 0.25188148
2410.0, 0.25171044
2420.0, 0.2515397
2430.0, 0.25136924
2440.0, 0.25119904
2450.0, 0.25102913
2460.0, 0.25085947
2470.0, 0.2506901
2480.0, 0.25052103
2490.0, 0.2503522
2500.0, 0.25018367
2510.0, 0.2500154
2520.0, 0.24984741
2530.0, 0.24967968
2540.0, 0.24951224
2550.0, 0.24934508
2560.0, 0.24917816
2570.0, 0.24901153
2580.0, 0.24884517
2590.0, 0.24867907
2600.0, 0.24851327
2610.0, 0.24834771
2620.0, 0.24818243
2630.0, 0.24801742
2640.0, 0.24785268
2650.0, 0.2476882
2660.0, 0.247524
2670.0, 0.24736005
2680.0, 0.24719639
2690.0, 0.24703299
2700.0, 0.24686985
2710.0, 0.24670698
2720.0, 0.24654438
2730.0, 0.24638204
2740.0, 0.24621996
2750.0, 0.24605815
2760.0, 0.24589661
2770.0, 0.24573532
2780.0, 0.24557431
2790.0, 0.24541354
2800.0, 0.24525306
2810.0, 0.24509282
2820.0, 0.24493285
2830.0, 0.24477315
2840.0, 0.2446137
2850.0, 0.24445452
2860.0, 0.2442956
2870.0, 0.24413694
2880.0, 0.24397853
2890.0, 0.2438204
2900.0, 0.2436625
2910.0, 0.24350488
2920.0, 0.24334751
2930.0, 0.24319041
2940.0, 0.24303354
2950.0, 0.24287696
2960.0, 0.24272062
2970.0, 0.24256454
2980.0, 0.24240872
2990.0, 0.24225314
3000.0, 0.24209784
3010.0, 0.24194278
3020.0, 0.24178797
3030.0, 0.24163343
3040.0, 0.24147913
3050.0, 0.24132508
3060.0, 0.2411713
3070.0, 0.24101776
3080.0, 0.24086449
3090.0, 0.24071145
3100.0, 0.24055867
3110.0, 0.24040614
3120.0, 0.24025387
3130.0, 0.24010184
3140.0, 0.23995008
3150.0, 0.23979855
3160.0, 0.23964727
3170.0, 0.23949623
3180.0, 0.23934546
3190.0, 0.23919493
3200.0, 0.23904467
3210.0, 0.23889461
3220.0, 0.23874484
3230.0, 0.2385953
3240.0, 0.23844601
3250.0, 0.23829696
3260.0, 0.23814817
3270.0, 0.23799962
3280.0, 0.2378513
3290.0, 0.23770325
3300.0, 0.23755543
3310.0, 0.23740785
3320.0, 0.23726054
3330.0, 0.23711345
3340.0, 0.23696661
3350.0, 0.23682
3360.0, 0.23667364
3370.0, 0.23652753
3380.0, 0.23638166
3390.0, 0.23623604
3400.0, 0.23609065
3410.0, 0.2359455
3420.0, 0.23580058
3430.0, 0.23565592
3440.0, 0.23551148
3450.0, 0.2353673
3460.0, 0.23522335
3470.0, 0.23507963
3480.0, 0.23493616
3490.0, 0.23479293
3500.0, 0.23464994
3510.0, 0.23450717
3520.0, 0.23436466
3530.0, 0.23422237
3540.0, 0.23408033
3550.0, 0.23393852
3560.0, 0.23379694
3570.0, 0.23365559
3580.0, 0.23351449
3590.0, 0.23337361
3600.0, 0.23323298
3610.0, 0.23309258
3620.0, 0.2329524
3630.0, 0.23281246
3640.0, 0.23267277
3650.0, 0.23253329
3660.0, 0.23239405
3670.0, 0.23225504
3680.0, 0.23211627
3690.0, 0.23197773
3700.0, 0.23183942
3710.0, 0.23170133
3720.0, 0.23156348
3730.0, 0.23142587
3740.0, 0.23128846
3750.0, 0.2311513
3760.0, 0.23101437
3770.0, 0.23087767
3780.0, 0.23074119
3790.0, 0.23060493
3800.0, 0.23046891
3810.0, 0.23033312
3820.0, 0.23019756
3830.0, 0.2300622
3840.0, 0.2299271
3850.0, 0.22979221
3860.0, 0.22965755
3870.0, 0.2295231
3880.0, 0.2293889
3890.0, 0.2292549
3900.0, 0.22912115
3910.0, 0.2289876
3920.0, 0.2288543
3930.0, 0.2287212
3940.0, 0.22858833
3950.0, 0.22845568
3960.0, 0.22832325
3970.0, 0.22819105
3980.0, 0.22805907
3990.0, 0.2279273
4000.0, 0.22779576
4010.0, 0.22766444
4020.0, 0.22753336
4030.0, 0.22740248
4040.0, 0.22727183
4050.0, 0.22714138
4060.0, 0.22701116
4070.0, 0.22688116
4080.0, 0.22675137
4090.0, 0.22662182
4100.0, 0.22649246
4110.0, 0.22636333
4120.0, 0.22623444
4130.0, 0.22610573
4140.0, 0.22597726
4150.0, 0.22584899
4160.0, 0.22572096
4170.0, 0.2255931
4180.0, 0.2254655
4190.0, 0.2253381
4200.0, 0.22521092
4210.0, 0.22508395
4220.0, 0.22495718
4230.0, 0.22483064
4240.0, 0.22470431
4250.0, 0.2245782
4260.0, 0.22445229
4270.0, 0.2243266
4280.0, 0.22420113
4290.0, 0.22407585
4300.0, 0.2239508
4310.0, 0.22382595
4320.0, 0.22370131
4330.0, 0.22357689
4340.0, 0.22345267
4350.0, 0.22332866
4360.0, 0.22320488
4370.0, 0.22308129
4380.0, 0.22295792
4390.0, 0.22283475
4400.0, 0.22271179
4410.0, 0.22258903
4420.0, 0.22246648
4430.0, 0.22234416
4440.0, 0.22222203
4450.0, 0.22210011
4460.0, 0.2219784
4470.0, 0.22185689
4480.0, 0.22173558
4490.0, 0.22161448
4500.0, 0.22149359
4510.0, 0.2213729
4520.0, 0.22125241
4530.0, 0.22113214
4540.0, 0.22101207
4550.0, 0.22089219
4560.0, 0.22077253
4570.0, 0.22065307
4580.0, 0.2205338
4590.0, 0.22041474
4600.0, 0.22029589
4610.0, 0.22017723
4620.0, 0.22005878
4630.0, 0.21994053
4640.0, 0.21982248
4650.0, 0.21970463
4660.0, 0.21958698
4670.0, 0.21946953
4680.0, 0.21935228
4690.0, 0.21923523
4700.0, 0.21911839
4710.0, 0.21900173
4720.0, 0.21888527
4730.0, 0.21876901
4740.0, 0.21865296
4750.0, 0.2185371
4760.0, 0.21842144
4770.0, 0.21830598
4780.0, 0.2181907
4790.0, 0.21807563
4800.0, 0.21796076
4810.0, 0.21784608
4820.0, 0.2177316
4830.0, 0.21761732
4840.0, 0.21750322
4850.0, 0.21738933
4860.0, 0.21727562
4870.0, 0.21716212
4880.0, 0.21704881
4890.0, 0.21693568
4900.0, 0.21682274
4910.0, 0.21671002
4920.0, 0.21659747
4930.0, 0.21648511
4940.0, 0.21637297
4950.0, 0.21626098
4960.0, 0.21614923
4970.0, 0.21603763
4980.0, 0.21592624
4990.0, 0.21581505
5000.0, 0.21570404
5010.0, 0.2155932
5020.0, 0.21548258
5030.0, 0.21537215
5040.0, 0.21526189
5050.0, 0.21515183
5060.0, 0.21504195
5070.0, 0.21493226
5080.0, 0.21482277
5090.0, 0.21471345
5100.0, 0.21460433
5110.0, 0.2144954
5120.0, 0.21438664
5130.0, 0.21427809
5140.0, 0.21416971
5150.0, 0.21406153
5160.0, 0.21395352
5170.0, 0.2138457
5180.0, 0.21373807
5190.0, 0.21363062
5200.0, 0.21352336
5210.0, 0.21341628
5220.0, 0.21330939
5230.0, 0.21320267
5240.0, 0.21309614
5250.0, 0.2129898
5260.0, 0.21288365
5270.0, 0.21277767
5280.0, 0.21267188
5290.0, 0.21256626
5300.0, 0.21246083
5310.0, 0.21235558
5320.0, 0.21225052
5330.0, 0.21214563
5340.0, 0.21204093
5350.0, 0.2119364
5360.0, 0.21183206
5370.0, 0.2117279
5380.0, 0.2116239
5390.0, 0.2115201
5400.0, 0.21141647
5410.0, 0.21131302
5420.0, 0.21120976
5430.0, 0.21110667
5440.0, 0.21100375
5450.0, 0.21090102
5460.0, 0.21079846
5470.0, 0.21069607
5480.0, 0.21059388
5490.0, 0.21049185
5500.0, 0.21039
5510.0, 0.21028833
5520.0, 0.21018682
5530.0, 0.2100855
5540.0, 0.20998436
5550.0, 0.20988339
5560.0, 0.20978259
5570.0, 0.20968197
5580.0, 0.20958152
5590.0, 0.20948124
5600.0, 0.20938115
5610.0, 0.20928122
5620.0, 0.20918147
5630.0, 0.20908189
5640.0, 0.20898248
5650.0, 0.20888324
5660.0, 0.20878418
5670.0, 0.20868528
5680.0, 0.20858656
5690.0, 0.20848802
5700.0, 0.20838964
5710.0, 0.20829143
5720.0, 0.20819339
5730.0, 0.20809554
5740.0, 0.20799783
5750.0, 0.2079003
5760.0, 0.20780295
5770.0, 0.20770577
5780.0, 0.20760874
5790.0, 0.20751189
5800.0, 0.20741522
5810.0, 0.20731871
5820.0, 0.20722236
5830.0, 0.20712619
5840.0, 0.20703018
5850.0, 0.20693433
5860.0, 0.20683865
5870.0, 0.20674315
5880.0, 0.2066478
5890.0, 0.20655262
5900.0, 0.20645761
5910.0, 0.20636277
5920.0, 0.20626809
5930.0, 0.20617357
5940.0, 0.20607923
5950.0, 0.20598504
5960.0, 0.20589101
5970.0, 0.20579715
5980.0, 0.20570347
5990.0, 0.20560993
6000.0, 0.20551658
6010.0, 0.20542337
6020.0, 0.20533033
6030.0, 0.20523745
6040.0, 0.20514473
6050.0, 0.20505218
6060.0, 0.20495978
6070.0, 0.20486756
6080.0, 0.2047755
6090.0, 0.20468359
6100.0, 0.20459183
6110.0, 0.20450024
6120.0, 0.20440881
6130.0, 0.20431755
6140.0, 0.20422643
6150.0, 0.20413549
6160.0, 0.20404471
6170.0, 0.20395407
6180.0, 0.2038636
6190.0, 0.2037733
6200.0, 0.20368314
6210.0, 0.20359313
6220.0, 0.20350331
6230.0, 0.20341362
6240.0, 0.2033241
6250.0, 0.20323473
6260.0, 0.20314553
6270.0, 0.20305647
6280.0, 0.20296757
6290.0, 0.20287883
6300.0, 0.20279025
6310.0, 0.20270182
6320.0, 0.20261355
6330.0, 0.20252544
6340.0, 0.20243748
6350.0, 0.20234966
6360.0, 0.202262
6370.0, 0.2021745
6380.0, 0.20208715
6390.0, 0.20199996
6400.0, 0.20191292
6410.0, 0.20182604
6420.0, 0.2017393
6430.0, 0.2016527
6440.0, 0.2015663
6450.0, 0.20148
6460.0, 0.20139389
6470.0, 0.20130791
6480.0, 0.20122209
6490.0, 0.20113641
6500.0, 0.20105089
6510.0, 0.20096554
6520.0, 0.20088032
6530.0, 0.20079525
6540.0, 0.20071033
6550.0, 0.20062555
6560.0, 0.20054093
6570.0, 0.20045647
6580.0, 0.20037214
6590.0, 0.20028798
6600.0, 0.20020396
6610.0, 0.20012008
6620.0, 0.20003635
6630.0, 0.19995278
6640.0, 0.19986933
6650.0, 0.19978605
6660.0, 0.19970292
6670.0, 0.19961993
6680.0, 0.19953708
6690.0, 0.19945438
6700.0, 0.19937184
6710.0, 0.19928944
6720.0, 0.19920717
6730.0, 0.19912505
6740.0, 0.1990431
6750.0, 0.19896126
6760.0, 0.19887958
6770.0, 0.19879805
6780.0, 0.19871667
6790.0, 0.19863543
6800.0, 0.19855432
6810.0, 0.19847336
6820.0, 0.19839254
6830.0, 0.19831188
6840.0, 0.19823134
6850.0, 0.19815096
6860.0, 0.19807072
6870.0, 0.19799061
6880.0, 0.19791067
6890.0, 0.19783086
6900.0, 0.19775118
6910.0, 0.19767164
6920.0, 0.19759224
6930.0, 0.197513
6940.0, 0.19743387
6950.0, 0.19735493
6960.0, 0.19727609
6970.0, 0.1971974
6980.0, 0.19711885
6990.0, 0.19704044
7000.0, 0.19696216
7010.0, 0.19688404
7020.0, 0.19680604
7030.0, 0.19672818
7040.0, 0.19665046
7050.0, 0.1965729
7060.0, 0.19649546
7070.0, 0.19641815
7080.0, 0.196341
7090.0, 0.19626397
7100.0, 0.19618708
7110.0, 0.19611032
7120.0, 0.1960337
7130.0, 0.19595723
7140.0, 0.19588089
7150.0, 0.19580467
7160.0, 0.1957286
7170.0, 0.19565266
7180.0, 0.19557686
7190.0, 0.1955012
7200.0, 0.19542567
7210.0, 0.19535027
7220.0, 0.19527501
7230.0, 0.19519989
7240.0, 0.19512491
7250.0, 0.19505005
7260.0, 0.19497532
7270.0, 0.19490072
7280.0, 0.19482626
7290.0, 0.19475193
7300.0, 0.19467776
7310.0, 0.19460368
7320.0, 0.19452976
7330.0, 0.19445597
7340.0, 0.1943823
7350.0, 0.19430877
7360.0, 0.19423537
7370.0, 0.1941621
7380.0, 0.19408897
7390.0, 0.19401596
7400.0, 0.19394308
7410.0, 0.19387034
7420.0, 0.19379772
7430.0, 0.19372523
7440.0, 0.19365288
7450.0, 0.19358064
7460.0, 0.19350855
7470.0, 0.1934366
7480.0, 0.19336474
7490.0, 0.19329304
7500.0, 0.19322145
7510.0, 0.19315
7520.0, 0.19307868
7530.0, 0.19300748
7540.0, 0.1929364
7550.0, 0.19286546
7560.0, 0.19279465
7570.0, 0.19272397
7580.0, 0.1926534
7590.0, 0.19258298
7600.0, 0.19251266
7610.0, 0.19244249
7620.0, 0.19237243
7630.0, 0.1923025
7640.0, 0.19223268
7650.0, 0.192163
7660.0, 0.19209346
7670.0, 0.19202404
7680.0, 0.19195472
7690.0, 0.19188555
7700.0, 0.1918165
7710.0, 0.19174756
7720.0, 0.19167875
7730.0, 0.19161007
7740.0, 0.19154152
7750.0, 0.19147308
7760.0, 0.19140477
7770.0, 0.19133657
7780.0, 0.1912685
7790.0, 0.19120057
7800.0, 0.19113274
7810.0, 0.19106504
7820.0, 0.19099747
7830.0, 0.19093001
7840.0, 0.19086269
7850.0, 0.19079547
7860.0, 0.19072838
7870.0, 0.1906614
7880.0, 0.19059455
7890.0, 0.19052783
7900.0, 0.1904612
7910.0, 0.19039473
7920.0, 0.19032836
7930.0, 0.19026211
7940.0, 0.19019598
7950.0, 0.19012997
7960.0, 0.19006407
7970.0, 0.1899983
7980.0, 0.18993266
7990.0, 0.18986712
8000.0, 0.18980171
8010.0, 0.1897364
8020.0, 0.18967122
8030.0, 0.18960617
8040.0, 0.18954122
8050.0, 0.1894764
8060.0, 0.18941167
8070.0, 0.18934709
8080.0, 0.18928261
8090.0, 0.18921825
8100.0, 0.18915401
8110.0, 0.18908988
8120.0, 0.18902586
8130.0, 0.18896198
8140.0, 0.18889819
8150.0, 0.18883453
8160.0, 0.188771
8170.0, 0.18870756
8180.0, 0.18864425
8190.0, 0.18858103
8200.0, 0.18851794
8210.0, 0.18845497
8220.0, 0.1883921
8230.0, 0.18832937
8240.0, 0.18826672
8250.0, 0.18820421
8260.0, 0.18814181
8270.0, 0.18807952
8280.0, 0.18801734
8290.0, 0.18795528
8300.0, 0.18789332
8310.0, 0.18783148
8320.0, 0.18776974
8330.0, 0.18770814
8340.0, 0.18764661
8350.0, 0.18758523
8360.0, 0.18752395
8370.0, 0.18746278
8380.0, 0.18740173
8390.0, 0.18734077
8400.0, 0.18727994
8410.0, 0.1872192
8420.0, 0.18715858
8430.0, 0.18709809
8440.0, 0.18703769
8450.0, 0.1869774
8460.0, 0.18691722
8470.0, 0.18685715
8480.0, 0.1867972
8490.0, 0.18673734
8500.0, 0.1866776
8510.0, 0.18661797
8520.0, 0.18655846
8530.0, 0.18649904
8540.0, 0.18643974
8550.0, 0.18638054
8560.0, 0.18632145
8570.0, 0.18626246
8580.0, 0.18620358
8590.0, 0.18614481
8600.0, 0.18608616
8610.0, 0.18602762
8620.0, 0.18596916
8630.0, 0.18591082
8640.0, 0.18585259
8650.0, 0.18579447
8660.0, 0.18573643
8670.0, 0.18567853
8680.0, 0.18562071
8690.0, 0.18556301
8700.0, 0.1855054
8710.0, 0.18544792
8720.0, 0.18539053
8730.0, 0.18533325
8740.0, 0.18527606
8750.0, 0.18521899
8760.0, 0.18516202
8770.0, 0.18510514
8780.0, 0.1850484
8790.0, 0.18499173
8800.0, 0.18493518
8810.0, 0.18487872
8820.0, 0.18482237
8830.0, 0.18476613
8840.0, 0.18471
8850.0, 0.18465395
8860.0, 0.18459801
8870.0, 0.18454218
8880.0, 0.18448645
8890.0, 0.18443082
8900.0, 0.18437529
8910.0, 0.18431985
8920.0, 0.18426454
8930.0, 0.18420932
8940.0, 0.18415418
8950.0, 0.18409917
8960.0, 0.18404424
8970.0, 0.18398942
8980.0, 0.1839347
8990.0, 0.18388008
9000.0, 0.18382557
9010.0, 0.18377115
9020.0, 0.18371682
9030.0, 0.18366261
9040.0, 0.18360849
9050.0, 0.18355446
9060.0, 0.18350053
9070.0, 0.18344672
9080.0, 0.18339299
9090.0, 0.18333936
9100.0, 0.18328583
9110.0, 0.1832324
9120.0, 0.18317908
9130.0, 0.18312584
9140.0, 0.1830727
9150.0, 0.18301967
9160.0, 0.18296672
9170.0, 0.18291388
9180.0, 0.18286113
9190.0, 0.18280849
9200.0, 0.18275595
9210.0, 0.18270348
9220.0, 0.18265112
9230.0, 0.18259887
9240.0, 0.18254669
9250.0, 0.18249463
9260.0, 0.18244265
9270.0, 0.18239076
9280.0, 0.182339
9290.0, 0.18228729
9300.0, 0.1822357
9310.0, 0.1821842
9320.0, 0.1821328
9330.0, 0.18208149
9340.0, 0.18203029
9350.0, 0.18197915
9360.0, 0.18192813
9370.0, 0.1818772
9380.0, 0.18182637
9390.0, 0.18177561
9400.0, 0.18172497
9410.0, 0.1816744
9420.0, 0.18162394
9430.0, 0.18157358
9440.0, 0.1815233
9450.0, 0.1814731
9460.0, 0.18142302
9470.0, 0.18137303
9480.0, 0.18132311
9490.0, 0.18127328
9500.0, 0.18122357
9510.0, 0.18117395
9520.0, 0.1811244
9530.0, 0.18107495
9540.0, 0.1810256
9550.0, 0.18097633
9560.0, 0.18092716
9570.0, 0.18087807
9580.0, 0.18082906
9590.0, 0.18078016
9600.0, 0.18073136
9610.0, 0.18068263
9620.0, 0.180634
9630.0, 0.18058546
9640.0, 0.180537
9650.0, 0.18048865
9660.0, 0.18044035
9670.0, 0.18039218
9680.0, 0.18034409
9690.0, 0.18029608
9700.0, 0.18024816
9710.0, 0.18020034
9720.0, 0.1801526
9730.0, 0.18010493
9740.0, 0.18005738
9750.0, 0.1800099
9760.0, 0.1799625
9770.0, 0.1799152
9780.0, 0.179868
9790.0, 0.17982087
9800.0, 0.17977382
9810.0, 0.17972688
9820.0, 0.17968002
9830.0, 0.17963324
9840.0, 0.17958654
9850.0, 0.17953995
9860.0, 0.17949343
9870.0, 0.179447
9880.0, 0.17940065
9890.0, 0.17935438
9900.0, 0.1793082
9910.0, 0.17926213
9920.0, 0.17921613
9930.0, 0.1791702
9940.0, 0.17912439
9950.0, 0.17907862
9960.0, 0.17903298
9970.0, 0.17898738
9980.0, 0.1789419
9990.0, 0.17889649
10000.0, 0.17885117
10010.0, 0.17880593
10020.0, 0.17876078
10030.0, 0.1787157
10040.0, 0.17867072
10050.0, 0.17862582
10060.0, 0.178581
10070.0, 0.17853627
10080.0, 0.1784916
10090.0, 0.17844704
10100.0, 0.17840254
10110.0, 0.17835815
10120.0, 0.17831382
10130.0, 0.17826958
10140.0, 0.17822541
10150.0, 0.17818135
10160.0, 0.17813735
10170.0, 0.17809343
10180.0, 0.17804961
10190.0, 0.17800586
10200.0, 0.17796218
10210.0, 0.1779186
10220.0, 0.1778751
10230.0, 0.17783168
10240.0, 0.17778833
10250.0, 0.17774507
10260.0, 0.17770189
10270.0, 0.1776588
10280.0, 0.17761578
10290.0, 0.17757283
10300.0, 0.17752998
10310.0, 0.1774872
10320.0, 0.1774445
10330.0, 0.17740189
10340.0, 0.17735933
10350.0, 0.17731686
10360.0, 0.1772745
10370.0, 0.17723218
10380.0, 0.17718996
10390.0, 0.1771478
10400.0, 0.17710574
10410.0, 0.17706375
10420.0, 0.17702185
10430.0, 0.17698002
10440.0, 0.17693827
10450.0, 0.17689659
10460.0, 0.17685498
10470.0, 0.17681347
10480.0, 0.17677201
10490.0, 0.17673065
10500.0, 0.17668937
10510.0, 0.17664815
10520.0, 0.17660703
10530.0, 0.17656596
10540.0, 0.17652498
10550.0, 0.17648408
10560.0, 0.17644325
10570.0, 0.1764025
10580.0, 0.17636183
10590.0, 0.17632122
10600.0, 0.1762807
10610.0, 0.17624025
10620.0, 0.17619988
10630.0, 0.17615958
10640.0, 0.17611937
10650.0, 0.17607923
10660.0, 0.17603916
10670.0, 0.17599915
10680.0, 0.17595923
10690.0, 0.1759194
10700.0, 0.17587961
10710.0, 0.17583993
10720.0, 0.1758003
10730.0, 0.17576076
10740.0, 0.17572127
10750.0, 0.17568187
10760.0, 0.17564256
10770.0, 0.1756033
10780.0, 0.17556413
10790.0, 0.17552502
10800.0, 0.17548598
10810.0, 0.17544702
10820.0, 0.17540814
10830.0, 0.17536934
10840.0, 0.1753306
10850.0, 0.17529193
10860.0, 0.17525333
10870.0, 0.1752148
10880.0, 0.17517635
10890.0, 0.17513798
10900.0, 0.17509967
10910.0, 0.17506143
10920.0, 0.17502326
10930.0, 0.17498519
10940.0, 0.17494716
10950.0, 0.17490922
10960.0, 0.17487133
10970.0, 0.17483352
10980.0, 0.17479579
10990.0, 0.17475814
11000.0, 0.17472054
11010.0, 0.17468302
11020.0, 0.17464556
11030.0, 0.17460819
11040.0, 0.17457087
11050.0, 0.17453364
11060.0, 0.17449646
11070.0, 0.17445937
11080.0, 0.17442232
11090.0, 0.17438537
11100.0, 0.17434847
11110.0, 0.17431165
11120.0, 0.17427489
11130.0, 0.17423822
11140.0, 0.1742016
11150.0, 0.17416506
11160.0, 0.17412858
11170.0, 0.17409216
11180.0, 0.17405581
11190.0, 0.17401956
11200.0, 0.17398335
11210.0, 0.1739472
11220.0, 0.17391114
11230.0, 0.17387515
11240.0, 0.17383921
11250.0, 0.17380334
11260.0, 0.17376755
11270.0, 0.17373183
11280.0, 0.17369616
11290.0, 0.17366056
11300.0, 0.17362504
11310.0, 0.17358959
11320.0, 0.17355418
11330.0, 0.17351887
11340.0, 0.1734836
11350.0, 0.1734484
11360.0, 0.17341328
11370.0, 0.17337821
11380.0, 0.17334321
11390.0, 0.17330828
11400.0, 0.17327343
11410.0, 0.17323864
11420.0, 0.1732039
11430.0, 0.17316924
11440.0, 0.17313462
11450.0, 0.1731001
11460.0, 0.17306562
11470.0, 0.17303121
11480.0, 0.17299686
11490.0, 0.1729626
11500.0, 0.1729284
11510.0, 0.17289424
11520.0, 0.17286016
11530.0, 0.17282614
11540.0, 0.1727922
11550.0, 0.1727583
11560.0, 0.17272449
11570.0, 0.17269072
11580.0, 0.17265701
11590.0, 0.17262338
11600.0, 0.17258981
11610.0, 0.17255631
11620.0, 0.17252286
11630.0, 0.17248948
11640.0, 0.17245616
11650.0, 0.17242292
11660.0, 0.17238972
11670.0, 0.17235659
11680.0, 0.17232352
11690.0, 0.17229053
11700.0, 0.17225757
11710.0, 0.1722247
11720.0, 0.17219189
11730.0, 0.17215914
11740.0, 0.17212644
11750.0, 0.17209381
11760.0, 0.17206123
11770.0, 0.17202874
11780.0, 0.1719963
11790.0, 0.1719639
11800.0, 0.17193158
11810.0, 0.17189932
11820.0, 0.17186712
11830.0, 0.17183498
11840.0, 0.1718029
11850.0, 0.17177089
11860.0, 0.17173894
11870.0, 0.17170703
11880.0, 0.17167519
11890.0, 0.17164342
11900.0, 0.1716117
11910.0, 0.17158005
11920.0, 0.17154846
11930.0, 0.17151691
11940.0, 0.17148544
11950.0, 0.17145403
11960.0, 0.17142268
11970.0, 0.17139138
11980.0, 0.17136014
11990.0, 0.17132896
12000.0, 0.17129783
12010.0, 0.17126678
12020.0, 0.17123578
12030.0, 0.17120485
12040.0, 0.17117395
12050.0, 0.17114313
12060.0, 0.17111236
12070.0, 0.17108166
12080.0, 0.17105101
12090.0, 0.17102042
12100.0, 0.17098987
12110.0, 0.17095941
12120.0, 0.17092898
12130.0, 0.17089863
12140.0, 0.17086832
12150.0, 0.17083809
12160.0, 0.1708079
12170.0, 0.17077777
12180.0, 0.17074768
12190.0, 0.17071769
12200.0, 0.17068772
12210.0, 0.17065781
12220.0, 0.17062798
12230.0, 0.1705982
12240.0, 0.17056845
12250.0, 0.17053877
12260.0, 0.17050916
12270.0, 0.17047961
12280.0, 0.17045009
12290.0, 0.17042065
12300.0, 0.17039125
12310.0, 0.17036192
12320.0, 0.17033263
12330.0, 0.1703034
12340.0, 0.17027424
12350.0, 0.17024513
12360.0, 0.17021607
12370.0, 0.17018706
12380.0, 0.1701581
12390.0, 0.17012921
12400.0, 0.17010038
12410.0, 0.17007159
12420.0, 0.17004286
12430.0, 0.17001419
12440.0, 0.16998556
12450.0, 0.169957
12460.0, 0.16992849
12470.0, 0.16990004
12480.0, 0.16987163
12490.0, 0.16984329
12500.0, 0.169815
12510.0, 0.16978675
12520.0, 0.16975857
12530.0, 0.16973044
12540.0, 0.16970235
12550.0, 0.16967432
12560.0, 0.16964635
12570.0, 0.16961844
12580.0, 0.16959056
12590.0, 0.16956276
12600.0, 0.169535
12610.0, 0.1695073
12620.0, 0.16947964
12630.0, 0.16945204
12640.0, 0.16942449
12650.0, 0.169397
12660.0, 0.16936956
12670.0, 0.16934218
12680.0, 0.16931483
12690.0, 0.16928755
12700.0, 0.1692603
12710.0, 0.16923311
12720.0, 0.169206
12730.0, 0.1691789
12740.0, 0.16915189
12750.0, 0.16912492
12760.0, 0.16909799
12770.0, 0.16907111
12780.0, 0.1690443
12790.0, 0.16901752
12800.0, 0.1689908
12810.0, 0.16896413
12820.0, 0.16893752
12830.0, 0.16891095
12840.0, 0.16888444
12850.0, 0.16885798
12860.0, 0.16883157
12870.0, 0.1688052
12880.0, 0.16877888
12890.0, 0.16875263
12900.0, 0.16872641
12910.0, 0.16870025
12920.0, 0.16867414
12930.0, 0.16864808
12940.0, 0.16862206
12950.0, 0.16859609
12960.0, 0.16857019
12970.0, 0.16854432
12980.0, 0.16851851
12990.0, 0.16849273
13000.0, 0.16846703
13010.0, 0.16844137
13020.0, 0.16841574
13030.0, 0.16839017
13040.0, 0.16836466
13050.0, 0.16833918
13060.0, 0.16831376
13070.0, 0.1682884
13080.0, 0.16826308
13090.0, 0.16823779
13100.0, 0.16821256
13110.0, 0.16818738
13120.0, 0.16816226
13130.0, 0.16813718
13140.0, 0.16811214
13150.0, 0.16808715
13160.0, 0.16806221
13170.0, 0.16803733
13180.0, 0.16801248
13190.0, 0.16798767
13200.0, 0.16796294
13210.0, 0.16793823
13220.0, 0.16791359
13230.0, 0.16788897
13240.0, 0.16786441
13250.0, 0.1678399
13260.0, 0.16781545
13270.0, 0.16779102
13280.0, 0.16776665
13290.0, 0.16774233
13300.0, 0.16771805
13310.0, 0.16769382
13320.0, 0.16766964
13330.0, 0.1676455
13340.0, 0.1676214
13350.0, 0.16759735
13360.0, 0.16757336
13370.0, 0.1675494
13380.0, 0.1675255
13390.0, 0.16750163
13400.0, 0.16747782
13410.0, 0.16745405
13420.0, 0.16743033
13430.0, 0.16740663
13440.0, 0.16738302
13450.0, 0.16735943
13460.0, 0.16733587
13470.0, 0.16731238
13480.0, 0.16728893
13490.0, 0.16726552
13500.0, 0.16724215
13510.0, 0.16721883
13520.0, 0.16719557
13530.0, 0.16717233
13540.0, 0.16714916
13550.0, 0.16712601
13560.0, 0.16710292
13570.0, 0.16707987
13580.0, 0.16705686
13590.0, 0.1670339
13600.0, 0.16701098
13610.0, 0.1669881
13620.0, 0.16696528
13630.0, 0.16694249
13640.0, 0.16691975
13650.0, 0.16689706
13660.0, 0.1668744
13670.0, 0.16685179
13680.0, 0.16682921
13690.0, 0.1668067
13700.0, 0.16678421
13710.0, 0.16676177
13720.0, 0.16673939
13730.0, 0.16671702
13740.0, 0.16669472
13750.0, 0.16667245
13760.0, 0.16665024
13770.0, 0.16662805
13780.0, 0.16660592
13790.0, 0.16658382
13800.0, 0.16656177
13810.0, 0.16653976
13820.0, 0.1665178
13830.0, 0.16649586
13840.0, 0.16647398
13850.0, 0.16645214
13860.0, 0.16643034
13870.0, 0.16640858
13880.0, 0.16638687
13890.0, 0.16636519
13900.0, 0.16634357
13910.0, 0.16632198
13920.0, 0.16630043
13930.0, 0.16627891
13940.0, 0.16625746
13950.0, 0.16623603
13960.0, 0.16621464
13970.0, 0.1661933
13980.0, 0.16617201
13990.0, 0.16615075
14000.0, 0.16612953
14010.0, 0.16610835
14020.0, 0.16608721
14030.0, 0.16606613
14040.0, 0.16604507
14050.0, 0.16602404
14060.0, 0.16600308
14070.0, 0.16598214
14080.0, 0.16596125
14090.0, 0.1659404
14100.0, 0.16591959
14110.0, 0.16589881
14120.0, 0.16587807
14130.0, 0.16585739
14140.0, 0.16583674
14150.0, 0.16581613
14160.0, 0.16579555
14170.0, 0.16577502
14180.0, 0.16575453
14190.0, 0.16573407
14200.0, 0.16571365
14210.0, 0.16569328
14220.0, 0.16567294
14230.0, 0.16565265
14240.0, 0.16563238
14250.0, 0.16561218
14260.0, 0.16559198
14270.0, 0.16557185
14280.0, 0.16555175
14290.0, 0.16553168
14300.0, 0.16551167
14310.0, 0.16549167
14320.0, 0.16547173
14330.0, 0.16545182
14340.0, 0.16543195
14350.0, 0.16541213
14360.0, 0.16539232
14370.0, 0.16537257
14380.0, 0.16535287
14390.0, 0.16533318
14400.0, 0.16531354
14410.0, 0.16529393
14420.0, 0.16527437
14430.0, 0.16525485
14440.0, 0.16523536
14450.0, 0.16521591
14460.0, 0.1651965
14470.0, 0.1651771
14480.0, 0.16515777
14490.0, 0.16513847
14500.0, 0.1651192
14510.0, 0.16509998
14520.0, 0.16508079
14530.0, 0.16506164
14540.0, 0.16504252
14550.0, 0.16502345
14560.0, 0.1650044
14570.0, 0.1649854
14580.0, 0.16496643
14590.0, 0.1649475
14600.0, 0.1649286
14610.0, 0.16490975
14620.0, 0.16489093
14630.0, 0.16487214
14640.0, 0.16485338
14650.0, 0.16483468
14660.0, 0.16481599
14670.0, 0.16479737
14680.0, 0.16477875
14690.0, 0.16476019
14700.0, 0.16474165
14710.0, 0.16472316
14720.0, 0.1647047
14730.0, 0.16468626
14740.0, 0.16466787
14750.0, 0.16464953
14760.0, 0.1646312
14770.0, 0.16461293
14780.0, 0.16459468
14790.0, 0.16457647
14800.0, 0.16455829
14810.0, 0.16454014
14820.0, 0.16452204
14830.0, 0.16450396
14840.0, 0.16448593
14850.0, 0.16446793
14860.0, 0.16444996
14870.0, 0.16443203
14880.0, 0.16441414
14890.0, 0.16439627
14900.0, 0.16437845
14910.0, 0.16436066
14920.0, 0.1643429
14930.0, 0.16432516
14940.0, 0.16430749
14950.0, 0.16428983
14960.0, 0.1642722
14970.0, 0.16425462
14980.0, 0.16423707
14990.0, 0.16421954
15000.0, 0.16420205
15010.0, 0.1641846
15020.0, 0.1641672
15030.0, 0.1641498
15040.0, 0.16413246
15050.0, 0.16411515
15060.0, 0.16409786
15070.0, 0.1640806
15080.0, 0.1640634
15090.0, 0.16404621
15100.0, 0.16402906
15110.0, 0.16401194
15120.0, 0.16399486
15130.0, 0.16397782
15140.0, 0.1639608
15150.0, 0.16394381
15160.0, 0.16392687
15170.0, 0.16390996
15180.0, 0.16389307
15190.0, 0.16387622
15200.0, 0.1638594
15210.0, 0.1638426
15220.0, 0.16382585
15230.0, 0.16380914
15240.0, 0.16379245
15250.0, 0.16377579
15260.0, 0.16375916
15270.0, 0.16374257
15280.0, 0.16372602
15290.0, 0.16370949
15300.0, 0.16369298
15310.0, 0.16367653
15320.0, 0.1636601
15330.0, 0.16364369
15340.0, 0.16362733
15350.0, 0.163611
15360.0, 0.1635947
15370.0, 0.16357842
15380.0, 0.16356218
15390.0, 0.16354597
15400.0, 0.16352978
15410.0, 0.16351363
15420.0, 0.16349752
15430.0, 0.16348144
15440.0, 0.1634654
15450.0, 0.16344938
15460.0, 0.16343337
15470.0, 0.16341741
15480.0, 0.16340148
15490.0, 0.1633856
15500.0, 0.16336973
15510.0, 0.16335389
15520.0, 0.1633381
15530.0, 0.16332231
15540.0, 0.16330658
15550.0, 0.16329086
15560.0, 0.16327518
15570.0, 0.16325952
15580.0, 0.1632439
15590.0, 0.16322832
15600.0, 0.16321276
15610.0, 0.16319723
15620.0, 0.16318172
15630.0, 0.16316625
15640.0, 0.16315082
15650.0, 0.16313541
15660.0, 0.16312003
15670.0, 0.16310468
15680.0, 0.16308936
15690.0, 0.16307408
15700.0, 0.16305882
15710.0, 0.16304357
15720.0, 0.16302839
15730.0, 0.1630132
15740.0, 0.16299807
15750.0, 0.16298296
15760.0, 0.16296788
15770.0, 0.16295283
15780.0, 0.16293779
15790.0, 0.1629228
15800.0, 0.16290784
15810.0, 0.1628929
15820.0, 0.16287799
15830.0, 0.16286312
15840.0, 0.16284826
15850.0, 0.16283344
15860.0, 0.16281866
15870.0, 0.16280389
15880.0, 0.16278915
15890.0, 0.16277444
15900.0, 0.16275977
15910.0, 0.16274512
15920.0, 0.1627305
15930.0, 0.16271591
15940.0, 0.16270135
15950.0, 0.16268681
15960.0, 0.16267231
15970.0, 0.16265783
15980.0, 0.16264339
15990.0, 0.16262896
16000.0, 0.16261457
16010.0, 0.1626002
16020.0, 0.16258587
16030.0, 0.16257156
16040.0, 0.16255727
16050.0, 0.16254303
16060.0, 0.1625288
16070.0, 0.1625146
16080.0, 0.16250043
16090.0, 0.16248628
16100.0, 0.16247217
16110.0, 0.16245808
16120.0, 0.16244403
16130.0, 0.16242999
16140.0, 0.16241598
16150.0, 0.16240202
16160.0, 0.16238806
16170.0, 0.16237414
16180.0, 0.16236024
16190.0, 0.16234636
16200.0, 0.16233253
16210.0, 0.1623187
16220.0, 0.16230492
16230.0, 0.16229117
16240.0, 0.16227743
16250.0, 0.16226372
16260.0, 0.16225004
16270.0, 0.16223638
16280.0, 0.16222276
16290.0, 0.16220915
16300.0, 0.16219558
16310.0, 0.16218203
16320.0, 0.16216852
16330.0, 0.16215502
16340.0, 0.16214155
16350.0, 0.1621281
16360.0, 0.1621147
16370.0, 0.1621013
16380.0, 0.16208793
16390.0, 0.1620746
16400.0, 0.16206129
16410.0, 0.162048
16420.0, 0.16203475
16430.0, 0.1620215
16440.0, 0.1620083
16450.0, 0.16199511
16460.0, 0.16198196
16470.0, 0.16196883
16480.0, 0.16195573
16490.0, 0.16194265
16500.0, 0.16192959
16510.0, 0.16191657
16520.0, 0.16190356
16530.0, 0.16189058
16540.0, 0.16187763
16550.0, 0.1618647
16560.0, 0.1618518
16570.0, 0.16183892
16580.0, 0.16182607
16590.0, 0.16181324
16600.0, 0.16180044
16610.0, 0.16178766
16620.0, 0.16177492
16630.0, 0.1617622
16640.0, 0.16174948
16650.0, 0.16173682
16660.0, 0.16172417
16670.0, 0.16171153
16680.0, 0.16169892
16690.0, 0.16168635
16700.0, 0.1616738
16710.0, 0.16166127
16720.0, 0.16164877
16730.0, 0.16163628
16740.0, 0.16162384
16750.0, 0.1616114
16760.0, 0.161599
16770.0, 0.16158661
16780.0, 0.16157426
16790.0, 0.16156192
16800.0, 0.16154961
16810.0, 0.16153732
16820.0, 0.16152506
16830.0, 0.16151282
16840.0, 0.1615006
16850.0, 0.16148841
16860.0, 0.16147625
16870.0, 0.16146411
16880.0, 0.161452
16890.0, 0.1614399
16900.0, 0.16142783
16910.0, 0.16141577
16920.0, 0.16140376
16930.0, 0.16139175
16940.0, 0.16137977
16950.0, 0.16136782
16960.0, 0.16135588
16970.0, 0.16134398
16980.0, 0.1613321
16990.0, 0.16132024
17000.0, 0.16130841
17010.0, 0.16129659
17020.0, 0.1612848
17030.0, 0.16127303
17040.0, 0.16126129
17050.0, 0.16124956
17060.0, 0.16123787
17070.0, 0.16122618
17080.0, 0.16121453
17090.0, 0.16120291
17100.0, 0.1611913
17110.0, 0.1611797
17120.0, 0.16116816
17130.0, 0.16115661
17140.0, 0.16114509
17150.0, 0.1611336
17160.0, 0.16112213
17170.0, 0.16111068
17180.0, 0.16109926
17190.0, 0.16108786
17200.0, 0.16107647
17210.0, 0.1610651
17220.0, 0.16105378
17230.0, 0.16104245
17240.0, 0.16103116
17250.0, 0.16101989
17260.0, 0.16100864
17270.0, 0.16099742
17280.0, 0.16098621
17290.0, 0.16097502
17300.0, 0.16096386
17310.0, 0.16095273
17320.0, 0.16094162
17330.0, 0.16093051
17340.0, 0.16091944
17350.0, 0.16090839
17360.0, 0.16089736
17370.0, 0.16088635
17380.0, 0.16087537
17390.0, 0.1608644
17400.0, 0.16085345
17410.0, 0.16084254
17420.0, 0.16083163
17430.0, 0.16082075
17440.0, 0.16080989
17450.0, 0.16079906
17460.0, 0.16078824
17470.0, 0.16077743
17480.0, 0.16076668
17490.0, 0.16075592
17500.0, 0.16074519
17510.0, 0.16073447
17520.0, 0.16072379
17530.0, 0.16071312
17540.0, 0.16070247
17550.0, 0.16069184
17560.0, 0.16068123
17570.0, 0.16067065
17580.0, 0.16066009
17590.0, 0.16064954
17600.0, 0.16063902
17610.0, 0.16062851
17620.0, 0.16061804
17630.0, 0.16060758
17640.0, 0.16059713
17650.0, 0.16058671
17660.0, 0.16057631
17670.0, 0.16056594
17680.0, 0.16055557
17690.0, 0.16054524
17700.0, 0.16053492
17710.0, 0.16052462
17720.0, 0.16051434
17730.0, 0.16050409
17740.0, 0.16049385
17750.0, 0.16048363
17760.0, 0.16047344
17770.0, 0.16046326
17780.0, 0.1604531
17790.0, 0.16044296
17800.0, 0.16043285
17810.0, 0.16042274
17820.0, 0.16041267
17830.0, 0.16040261
17840.0, 0.16039257
17850.0, 0.16038255
17860.0, 0.16037256
17870.0, 0.16036257
17880.0, 0.16035262
17890.0, 0.16034268
17900.0, 0.16033275
17910.0, 0.16032286
17920.0, 0.16031297
17930.0, 0.1603031
17940.0, 0.16029327
17950.0, 0.16028345
17960.0, 0.16027364
17970.0, 0.16026385
17980.0, 0.16025409
17990.0, 0.16024435
18000.0, 0.16023462
18010.0, 0.1602249
18020.0, 0.16021521
18030.0, 0.16020554
18040.0, 0.16019589
18050.0, 0.16018626
18060.0, 0.16017665
18070.0, 0.16016705
18080.0, 0.16015749
18090.0, 0.16014792
18100.0, 0.16013838
18110.0, 0.16012886
18120.0, 0.16011937
18130.0, 0.16010988
18140.0, 0.16010042
18150.0, 0.16009097
18160.0, 0.16008155
18170.0, 0.16007215
18180.0, 0.16006275
18190.0, 0.16005339
18200.0, 0.16004403
18210.0, 0.1600347
18220.0, 0.16002539
18230.0, 0.16001607
18240.0, 0.1600068
18250.0, 0.15999754
18260.0, 0.1599883
18270.0, 0.15997908
18280.0, 0.15996987
18290.0, 0.15996069
18300.0, 0.15995151
18310.0, 0.15994236
18320.0, 0.15993322
18330.0, 0.1599241
18340.0, 0.15991502
18350.0, 0.15990593
18360.0, 0.15989687
18370.0, 0.15988782
18380.0, 0.1598788
18390.0, 0.15986979
18400.0, 0.15986079
18410.0, 0.15985182
18420.0, 0.15984286
18430.0, 0.15983394
18440.0, 0.15982501
18450.0, 0.1598161
18460.0, 0.15980722
18470.0, 0.15979835
18480.0, 0.1597895
18490.0, 0.15978067
18500.0, 0.15977184
18510.0, 0.15976305
18520.0, 0.15975428
18530.0, 0.15974551
18540.0, 0.15973677
18550.0, 0.15972804
18560.0, 0.15971932
18570.0, 0.15971063
18580.0, 0.15970194
18590.0, 0.15969329
18600.0, 0.15968464
18610.0, 0.15967602
18620.0, 0.1596674
18630.0, 0.1596588
18640.0, 0.15965024
18650.0, 0.15964168
18660.0, 0.15963313
18670.0, 0.1596246
18680.0, 0.1596161
18690.0, 0.1596076
18700.0, 0.15959913
18710.0, 0.15959068
18720.0, 0.15958223
18730.0, 0.15957381
18740.0, 0.1595654
18750.0, 0.159557
18760.0, 0.15954863
18770.0, 0.15954027
18780.0, 0.15953192
18790.0, 0.15952359
18800.0, 0.15951529
18810.0, 0.15950699
18820.0, 0.15949872
18830.0, 0.15949045
18840.0, 0.15948221
18850.0, 0.15947399
18860.0, 0.15946577
18870.0, 0.15945758
18880.0, 0.1594494
18890.0, 0.15944123
18900.0, 0.15943308
18910.0, 0.15942495
18920.0, 0.15941684
18930.0, 0.15940873
18940.0, 0.15940066
18950.0, 0.15939258
18960.0, 0.15938453
18970.0, 0.1593765
18980.0, 0.15936849
18990.0, 0.15936047
19000.0, 0.15935248
19010.0, 0.15934451
19020.0, 0.15933655
19030.0, 0.15932861
19040.0, 0.15932068
19050.0, 0.15931278
19060.0, 0.15930489
19070.0, 0.159297
19080.0, 0.15928914
19090.0, 0.15928128
19100.0, 0.15927346
19110.0, 0.15926564
19120.0, 0.15925784
19130.0, 0.15925005
19140.0, 0.15924229
19150.0, 0.15923452
19160.0, 0.15922679
19170.0, 0.15921906
19180.0, 0.15921135
19190.0, 0.15920366
19200.0, 0.15919597
19210.0, 0.15918832
19220.0, 0.15918066
19230.0, 0.15917303
19240.0, 0.15916541
19250.0, 0.15915781
19260.0, 0.15915021
19270.0, 0.15914264
19280.0, 0.15913507
19290.0, 0.15912753
19300.0, 0.15912001
19310.0, 0.1591125
19320.0, 0.15910499
19330.0, 0.15909751
19340.0, 0.15909004
19350.0, 0.15908258
19360.0, 0.15907514
19370.0, 0.1590677
19380.0, 0.1590603
19390.0, 0.15905291
19400.0, 0.15904552
19410.0, 0.15903816
19420.0, 0.1590308
19430.0, 0.15902346
19440.0, 0.15901613
19450.0, 0.15900883
19460.0, 0.15900153
19470.0, 0.15899426
19480.0, 0.15898699
19490.0, 0.15897973
19500.0, 0.1589725
19510.0, 0.15896527
19520.0, 0.15895806
19530.0, 0.15895087
19540.0, 0.15894368
19550.0, 0.15893652
19560.0, 0.15892936
19570.0, 0.15892223
19580.0, 0.1589151
19590.0, 0.158908
19600.0, 0.15890089
19610.0, 0.15889381
19620.0, 0.15888675
19630.0, 0.15887968
19640.0, 0.15887265
19650.0, 0.15886563
19660.0, 0.15885861
19670.0, 0.15885161
19680.0, 0.15884462
19690.0, 0.15883765
19700.0, 0.1588307
19710.0, 0.15882376
19720.0, 0.15881681
19730.0, 0.1588099
19740.0, 0.158803
19750.0, 0.15879612
19760.0, 0.15878923
19770.0, 0.15878238
19780.0, 0.15877552
19790.0, 0.15876868
19800.0, 0.15876187
19810.0, 0.15875506
19820.0, 0.15874827
19830.0, 0.15874149
19840.0, 0.15873472
19850.0, 0.15872796
19860.0, 0.15872122
19870.0, 0.15871449
19880.0, 0.15870778
19890.0, 0.15870108
19900.0, 0.15869439
19910.0, 0.15868771
19920.0, 0.15868105
19930.0, 0.1586744
19940.0, 0.15866777
19950.0, 0.15866114
19960.0, 0.15865454
19970.0, 0.15864794
19980.0, 0.15864135
19990.0, 0.15863478
20000.0, 0.15862824
20010.0, 0.15862168
20020.0, 0.15861516
20030.0, 0.15860865
20040.0, 0.15860213
20050.0, 0.15859564
20060.0, 0.15858915
20070.0, 0.15858269
20080.0, 0.15857624
20090.0, 0.1585698
20100.0, 0.15856336
20110.0, 0.15855695
20120.0, 0.15855055
20130.0, 0.15854415
20140.0, 0.15853778
20150.0, 0.15853141
20160.0, 0.15852506
20170.0, 0.15851872
20180.0, 0.1585124
20190.0, 0.15850608
20200.0, 0.15849978
20210.0, 0.15849349
20220.0, 0.1584872
20230.0, 0.15848094
20240.0, 0.15847468
20250.0, 0.15846844
20260.0, 0.15846221
20270.0, 0.158456
20280.0, 0.1584498
20290.0, 0.1584436
20300.0, 0.15843743
20310.0, 0.15843126
20320.0, 0.15842511
20330.0, 0.15841897
20340.0, 0.15841283
20350.0, 0.15840672
20360.0, 0.15840061
20370.0, 0.15839452
20380.0, 0.15838842
20390.0, 0.15838236
20400.0, 0.15837629
20410.0, 0.15837026
20420.0, 0.15836422
20430.0, 0.1583582
20440.0, 0.15835218
20450.0, 0.15834619
20460.0, 0.1583402
20470.0, 0.15833423
20480.0, 0.15832826
20490.0, 0.1583223
20500.0, 0.15831637
20510.0, 0.15831044
20520.0, 0.15830453
20530.0, 0.15829863
20540.0, 0.15829273
20550.0, 0.15828685
20560.0, 0.15828098
20570.0, 0.15827513
20580.0, 0.15826927
20590.0, 0.15826343
20600.0, 0.15825762
20610.0, 0.1582518
20620.0, 0.15824601
20630.0, 0.15824021
20640.0, 0.15823443
20650.0, 0.15822867
20660.0, 0.15822291
20670.0, 0.15821718
20680.0, 0.15821144
20690.0, 0.15820572
20700.0, 0.15820001
20710.0, 0.15819432
20720.0, 0.15818863
20730.0, 0.15818295
20740.0, 0.15817729
20750.0, 0.15817164
20760.0, 0.15816599
20770.0, 0.15816037
20780.0, 0.15815474
20790.0, 0.15814914
20800.0, 0.15814354
20810.0, 0.15813795
20820.0, 0.15813237
20830.0, 0.15812682
20840.0, 0.15812126
20850.0, 0.15811571
20860.0, 0.15811019
20870.0, 0.15810467
20880.0, 0.15809916
20890.0, 0.15809366
20900.0, 0.15808818
20910.0, 0.1580827
20920.0, 0.15807723
20930.0, 0.15807179
20940.0, 0.15806633
20950.0, 0.1580609
20960.0, 0.15805548
20970.0, 0.15805006
20980.0, 0.15804467
20990.0, 0.15803927
21000.0, 0.15803389
21010.0, 0.15802853
21020.0, 0.15802316
21030.0, 0.15801781
21040.0, 0.15801248
21050.0, 0.15800714
21060.0, 0.15800184
21070.0, 0.15799654
21080.0, 0.15799123
21090.0, 0.15798596
21100.0, 0.15798068
21110.0, 0.1579754
21120.0, 0.15797016
21130.0, 0.15796492
21140.0, 0.15795968
21150.0, 0.15795447
21160.0, 0.15794925
21170.0, 0.15794405
21180.0, 0.15793885
21190.0, 0.15793368
21200.0, 0.15792851
21210.0, 0.15792334
21220.0, 0.1579182
21230.0, 0.15791306
21240.0, 0.15790792
21250.0, 0.1579028
21260.0, 0.1578977
21270.0, 0.1578926
21280.0, 0.1578875
21290.0, 0.15788244
21300.0, 0.15787736
21310.0, 0.1578723
21320.0, 0.15786725
21330.0, 0.15786222
21340.0, 0.15785718
21350.0, 0.15785216
21360.0, 0.15784715
21370.0, 0.15784214
21380.0, 0.15783717
21390.0, 0.15783219
21400.0, 0.15782721
21410.0, 0.15782225
21420.0, 0.1578173
21430.0, 0.15781236
21440.0, 0.15780742
21450.0, 0.1578025
21460.0, 0.1577976
21470.0, 0.1577927
21480.0, 0.15778781
21490.0, 0.15778293
21500.0, 0.15777805
21510.0, 0.15777318
21520.0, 0.15776834
21530.0, 0.1577635
21540.0, 0.15775867
21550.0, 0.15775384
21560.0, 0.15774903
21570.0, 0.15774421
21580.0, 0.15773942
21590.0, 0.15773463
21600.0, 0.15772986
21610.0, 0.1577251
21620.0, 0.15772034
21630.0, 0.15771559
21640.0, 0.15771085
21650.0, 0.15770613
21660.0, 0.1577014
21670.0, 0.1576967
21680.0, 0.15769199
21690.0, 0.15768729
21700.0, 0.15768261
21710.0, 0.15767793
21720.0, 0.15767327
21730.0, 0.15766862
21740.0, 0.15766397
21750.0, 0.15765934
21760.0, 0.1576547
21770.0, 0.1576501
21780.0, 0.15764548
21790.0, 0.15764089
21800.0, 0.15763628
21810.0, 0.15763171
21820.0, 0.15762714
21830.0, 0.15762258
21840.0, 0.15761802
21850.0, 0.15761347
21860.0, 0.15760894
21870.0, 0.15760441
21880.0, 0.1575999
21890.0, 0.15759538
21900.0, 0.15759088
21910.0, 0.15758638
21920.0, 0.15758191
21930.0, 0.15757744
21940.0, 0.15757297
21950.0, 0.15756851
21960.0, 0.15756406
21970.0, 0.15755963
21980.0, 0.1575552
21990.0, 0.15755078
22000.0, 0.15754636
22010.0, 0.15754196
22020.0, 0.15753756
22030.0, 0.15753318
22040.0, 0.1575288
22050.0, 0.15752444
22060.0, 0.15752007
22070.0, 0.15751572
22080.0, 0.15751138
22090.0, 0.15750705
22100.0, 0.15750271
22110.0, 0.1574984
22120.0, 0.1574941
22130.0, 0.15748979
22140.0, 0.1574855
22150.0, 0.15748122
22160.0, 0.15747695
22170.0, 0.15747268
22180.0, 0.15746842
22190.0, 0.15746418
22200.0, 0.15745993
22210.0, 0.1574557
22220.0, 0.15745148
22230.0, 0.15744726
22240.0, 0.15744306
22250.0, 0.15743886
22260.0, 0.15743467
22270.0, 0.15743048
22280.0, 0.15742631
22290.0, 0.15742214
22300.0, 0.157418
22310.0, 0.15741384
22320.0, 0.1574097
22330.0, 0.15740557
22340.0, 0.15740144
22350.0, 0.15739733
22360.0, 0.15739322
22370.0, 0.15738912
22380.0, 0.15738502
22390.0, 0.15738094
22400.0, 0.15737687
22410.0, 0.1573728
22420.0, 0.15736875
22430.0, 0.1573647
22440.0, 0.15736064
22450.0, 0.15735662
22460.0, 0.15735258
22470.0, 0.15734856
22480.0, 0.15734455
22490.0, 0.15734056
22500.0, 0.15733656
22510.0, 0.15733257
22520.0, 0.15732859
22530.0, 0.15732461
22540.0, 0.15732066
22550.0, 0.1573167
22560.0, 0.15731275
22570.0, 0.15730882
22580.0, 0.15730488
22590.0, 0.15730095
22600.0, 0.15729704
22610.0, 0.15729313
22620.0, 0.15728922
22630.0, 0.15728533
22640.0, 0.15728144
22650.0, 0.15727757
22660.0, 0.1572737
22670.0, 0.15726984
22680.0, 0.15726598
22690.0, 0.15726213
22700.0, 0.1572583
22710.0, 0.15725447
22720.0, 0.15725064
22730.0, 0.15724683
22740.0, 0.15724301
22750.0, 0.15723921
22760.0, 0.15723541
22770.0, 0.15723163
22780.0, 0.15722784
22790.0, 0.15722407
22800.0, 0.15722032
22810.0, 0.15721656
22820.0, 0.15721281
22830.0, 0.15720907
22840.0, 0.15720533
22850.0, 0.1572016
22860.0, 0.1571979
22870.0, 0.15719417
22880.0, 0.15719047
22890.0, 0.15718678
22900.0, 0.15718308
22910.0, 0.1571794
22920.0, 0.15717572
22930.0, 0.15717205
22940.0, 0.15716839
22950.0, 0.15716474
22960.0, 0.1571611
22970.0, 0.15715747
22980.0, 0.15715382
22990.0, 0.1571502
23000.0, 0.15714659
23010.0, 0.15714297
23020.0, 0.15713938
23030.0, 0.15713577
23040.0, 0.15713218
23050.0, 0.1571286
23060.0, 0.15712503
23070.0, 0.15712146
23080.0, 0.1571179
23090.0, 0.15711434
23100.0, 0.1571108
23110.0, 0.15710726
23120.0, 0.15710373
23130.0, 0.1571002
23140.0, 0.15709668
23150.0, 0.15709317
23160.0, 0.15708967
23170.0, 0.15708618
23180.0, 0.15708268
23190.0, 0.1570792
23200.0, 0.15707572
23210.0, 0.15707226
23220.0, 0.15706879
23230.0, 0.15706533
23240.0, 0.15706189
23250.0, 0.15705845
23260.0, 0.157055
23270.0, 0.15705158
23280.0, 0.15704815
23290.0, 0.15704474
23300.0, 0.15704133
23310.0, 0.15703793
23320.0, 0.15703455
23330.0, 0.15703115
23340.0, 0.15702777
23350.0, 0.1570244
23360.0, 0.15702103
23370.0, 0.15701766
23380.0, 0.15701431
23390.0, 0.15701096
23400.0, 0.15700762
23410.0, 0.1570043
23420.0, 0.15700096
23430.0, 0.15699764
23440.0, 0.15699433
23450.0, 0.15699102
23460.0, 0.15698773
23470.0, 0.15698442
23480.0, 0.15698114
23490.0, 0.15697785
23500.0, 0.15697457
23510.0, 0.1569713
23520.0, 0.15696804
23530.0, 0.1569648
23540.0, 0.15696155
23550.0, 0.1569583
23560.0, 0.15695506
23570.0, 0.15695183
23580.0, 0.15694861
23590.0, 0.15694539
23600.0, 0.15694217
23610.0, 0.15693897
23620.0, 0.15693578
23630.0, 0.15693258
23640.0, 0.1569294
23650.0, 0.15692623
23660.0, 0.15692304
23670.0, 0.15691988
23680.0, 0.15691672
23690.0, 0.15691356
23700.0, 0.15691042
23710.0, 0.15690729
23720.0, 0.15690415
23730.0, 0.15690102
23740.0, 0.15689789
23750.0, 0.15689477
23760.0, 0.15689166
23770.0, 0.15688856
23780.0, 0.15688546
23790.0, 0.15688238
23800.0, 0.15687929
23810.0, 0.1568762
23820.0, 0.15687314
23830.0, 0.15687007
23840.0, 0.15686701
23850.0, 0.15686394
23860.0, 0.1568609
23870.0, 0.15685786
23880.0, 0.15685482
23890.0, 0.1568518
23900.0, 0.15684876
23910.0, 0.15684575
23920.0, 0.15684274
23930.0, 0.15683973
23940.0, 0.15683673
23950.0, 0.15683374
23960.0, 0.15683074
23970.0, 0.15682776
23980.0, 0.15682478
23990.0, 0.15682182
24000.0, 0.15681885
24010.0, 0.15681589
24020.0, 0.15681294
24030.0, 0.15680999
24040.0, 0.15680705
24050.0, 0.15680411
24060.0, 0.15680118
24070.0, 0.15679826
24080.0, 0.15679534
24090.0, 0.15679243
24100.0, 0.15678951
24110.0, 0.15678662
24120.0, 0.15678373
24130.0, 0.15678084
24140.0, 0.15677795
24150.0, 0.15677507
24160.0, 0.1567722
24170.0, 0.15676934
24180.0, 0.15676647
24190.0, 0.15676361
24200.0, 0.15676077
24210.0, 0.15675792
24220.0, 0.15675509
24230.0, 0.15675226
24240.0, 0.15674943
24250.0, 0.1567466
24260.0, 0.1567438
24270.0, 0.15674098
24280.0, 0.15673818
24290.0, 0.15673538
24300.0, 0.15673257
24310.0, 0.1567298
24320.0, 0.15672702
24330.0, 0.15672423
24340.0, 0.15672147
24350.0, 0.1567187
24360.0, 0.15671594
24370.0, 0.15671319
24380.0, 0.15671043
24390.0, 0.15670769
24400.0, 0.15670495
24410.0, 0.15670222
24420.0, 0.1566995
24430.0, 0.15669677
24440.0, 0.15669405
24450.0, 0.15669134
24460.0, 0.15668863
24470.0, 0.15668593
24480.0, 0.15668324
24490.0, 0.15668055
24500.0, 0.15667787
24510.0, 0.15667519
24520.0, 0.15667252
24530.0, 0.15666984
24540.0, 0.15666719
24550.0, 0.15666452
24560.0, 0.15666187
24570.0, 0.15665923
24580.0, 0.15665658
24590.0, 0.15665394
24600.0, 0.15665132
24610.0, 0.15664868
24620.0, 0.15664606
24630.0, 0.15664345
24640.0, 0.15664084
24650.0, 0.15663823
24660.0, 0.15663563
24670.0, 0.15663305
24680.0, 0.15663046
24690.0, 0.15662786
24700.0, 0.15662529
24710.0, 0.15662271
24720.0, 0.15662014
24730.0, 0.15661758
24740.0, 0.15661502
24750.0, 0.15661247
24760.0, 0.15660992
24770.0, 0.15660737
24780.0, 0.15660483
24790.0, 0.15660231
24800.0, 0.15659977
24810.0, 0.15659724
24820.0, 0.15659472
24830.0, 0.15659222
24840.0, 0.1565897
24850.0, 0.1565872
24860.0, 0.1565847
24870.0, 0.1565822
24880.0, 0.15657972
24890.0, 0.15657724
24900.0, 0.15657476
24910.0, 0.15657228
24920.0, 0.15656982
24930.0, 0.15656735
24940.0, 0.15656489
24950.0, 0.15656243
24960.0, 0.15655999
24970.0, 0.15655755
24980.0, 0.1565551
24990.0, 0.15655267
25000.0, 0.15655024
25010.0, 0.15654781
25020.0, 0.15654539
25030.0, 0.15654297
25040.0, 0.15654057
25050.0, 0.15653816
25060.0, 0.15653576
25070.0, 0.15653336
25080.0, 0.15653098
25090.0, 0.15652859
25100.0, 0.15652621
25110.0, 0.15652382
25120.0, 0.15652145
25130.0, 0.15651909
25140.0, 0.15651672
25150.0, 0.15651436
25160.0, 0.156512
25170.0, 0.15650965
25180.0, 0.15650731
25190.0, 0.15650497
25200.0, 0.15650263
25210.0, 0.15650031
25220.0, 0.15649799
25230.0, 0.15649566
25240.0, 0.15649335
25250.0, 0.15649104
25260.0, 0.15648873
25270.0, 0.15648642
25280.0, 0.15648413
25290.0, 0.15648183
25300.0, 0.15647954
25310.0, 0.15647726
25320.0, 0.15647498
25330.0, 0.1564727
25340.0, 0.15647043
25350.0, 0.15646817
25360.0, 0.1564659
25370.0, 0.15646365
25380.0, 0.1564614
25390.0, 0.15645915
25400.0, 0.1564569
25410.0, 0.15645467
25420.0, 0.15645243
25430.0, 0.1564502
25440.0, 0.15644798
25450.0, 0.15644576
25460.0, 0.15644354
25470.0, 0.15644132
25480.0, 0.15643911
25490.0, 0.1564369
25500.0, 0.1564347
25510.0, 0.15643251
25520.0, 0.15643032
25530.0, 0.15642813
25540.0, 0.15642595
25550.0, 0.15642378
25560.0, 0.1564216
25570.0, 0.15641943
25580.0, 0.15641727
25590.0, 0.1564151
25600.0, 0.15641296
25610.0, 0.1564108
25620.0, 0.15640865
25630.0, 0.1564065
25640.0, 0.15640436
25650.0, 0.15640223
25660.0, 0.1564001
25670.0, 0.15639797
25680.0, 0.15639585
25690.0, 0.15639374
25700.0, 0.15639162
25710.0, 0.15638952
25720.0, 0.1563874
25730.0, 0.1563853
25740.0, 0.1563832
25750.0, 0.15638112
25760.0, 0.15637903
25770.0, 0.15637694
25780.0, 0.15637486
25790.0, 0.15637279
25800.0, 0.15637071
25810.0, 0.15636864
25820.0, 0.15636659
25830.0, 0.15636453
25840.0, 0.15636246
25850.0, 0.15636042
25860.0, 0.15635836
25870.0, 0.15635632
25880.0, 0.15635428
25890.0, 0.15635225
25900.0, 0.15635023
25910.0, 0.1563482
25920.0, 0.15634617
25930.0, 0.15634415
25940.0, 0.15634213
25950.0, 0.15634012
25960.0, 0.15633813
25970.0, 0.15633611
25980.0, 0.15633412
25990.0, 0.15633212
26000.0, 0.15633012
26010.0, 0.15632814
26020.0, 0.15632616
26030.0, 0.15632418
26040.0, 0.1563222
26050.0, 0.15632023
26060.0, 0.15631826
26070.0, 0.1563163
26080.0, 0.15631434
26090.0, 0.15631239
26100.0, 0.15631044
26110.0, 0.15630849
26120.0, 0.15630654
26130.0, 0.15630461
26140.0, 0.15630266
26150.0, 0.15630074
26160.0, 0.1562988
26170.0, 0.15629688
26180.0, 0.15629496
26190.0, 0.15629305
26200.0, 0.15629113
26210.0, 0.15628922
26220.0, 0.15628731
26230.0, 0.15628542
26240.0, 0.15628351
26250.0, 0.15628162
26260.0, 0.15627973
26270.0, 0.15627785
26280.0, 0.15627596
26290.0, 0.15627408
26300.0, 0.1562722
26310.0, 0.15627034
26320.0, 0.15626846
26330.0, 0.1562666
26340.0, 0.15626474
26350.0, 0.15626289
26360.0, 0.15626103
26370.0, 0.15625918
26380.0, 0.15625733
26390.0, 0.1562555
26400.0, 0.15625365
26410.0, 0.15625182
26420.0, 0.15624999
26430.0, 0.15624817
26440.0, 0.15624633
26450.0, 0.15624452
26460.0, 0.1562427
26470.0, 0.15624088
26480.0, 0.15623908
26490.0, 0.15623727
26500.0, 0.15623547
26510.0, 0.15623367
26520.0, 0.15623188
26530.0, 0.15623009
26540.0, 0.15622829
26550.0, 0.15622652
26560.0, 0.15622473
26570.0, 0.15622295
26580.0, 0.15622118
26590.0, 0.15621941
26600.0, 0.15621765
26610.0, 0.15621588
26620.0, 0.15621412
26630.0, 0.15621236
26640.0, 0.15621062
26650.0, 0.15620886
26660.0, 0.15620711
26670.0, 0.15620537
26680.0, 0.15620364
26690.0, 0.1562019
26700.0, 0.15620017
26710.0, 0.15619844
26720.0, 0.15619671
26730.0, 0.156195
26740.0, 0.15619327
26750.0, 0.15619156
26760.0, 0.15618986
26770.0, 0.15618815
26780.0, 0.15618645
26790.0, 0.15618475
26800.0, 0.15618303
26810.0, 0.15618135
26820.0, 0.15617965
26830.0, 0.15617797
26840.0, 0.15617628
26850.0, 0.1561746
26860.0, 0.15617293
26870.0, 0.15617125
26880.0, 0.15616958
26890.0, 0.15616791
26900.0, 0.15616626
26910.0, 0.15616459
26920.0, 0.15616293
26930.0, 0.15616128
26940.0, 0.15615962
26950.0, 0.15615799
26960.0, 0.15615633
26970.0, 0.15615469
26980.0, 0.15615305
26990.0, 0.15615143
27000.0, 0.15614979
27010.0, 0.15614817
27020.0, 0.15614654
27030.0, 0.15614492
27040.0, 0.1561433
27050.0, 0.15614168
27060.0, 0.15614007
27070.0, 0.15613846
27080.0, 0.15613686
27090.0, 0.15613526
27100.0, 0.15613365
27110.0, 0.15613206
27120.0, 0.15613046
27130.0, 0.15612887
27140.0, 0.15612729
27150.0, 0.15612571
27160.0, 0.15612413
27170.0, 0.15612255
27180.0, 0.15612099
27190.0, 0.1561194
27200.0, 0.15611784
27210.0, 0.15611628
27220.0, 0.15611471
27230.0, 0.15611315
27240.0, 0.1561116
27250.0, 0.15611005
27260.0, 0.1561085
27270.0, 0.15610696
27280.0, 0.15610541
27290.0, 0.15610388
27300.0, 0.15610234
27310.0, 0.1561008
27320.0, 0.15609927
27330.0, 0.15609774
27340.0, 0.15609622
27350.0, 0.1560947
27360.0, 0.15609318
27370.0, 0.15609166
27380.0, 0.15609016
27390.0, 0.15608865
27400.0, 0.15608715
27410.0, 0.15608564
27420.0, 0.15608414
27430.0, 0.15608265
27440.0, 0.15608114
27450.0, 0.15607965
27460.0, 0.15607817
27470.0, 0.15607668
27480.0, 0.1560752
27490.0, 0.15607372
27500.0, 0.15607224
27510.0, 0.15607077
27520.0, 0.1560693
27530.0, 0.15606783
27540.0, 0.15606636
27550.0, 0.15606491
27560.0, 0.15606345
27570.0, 0.15606199
27580.0, 0.15606053
27590.0, 0.15605909
27600.0, 0.15605764
27610.0, 0.1560562
27620.0, 0.15605475
27630.0, 0.15605332
27640.0, 0.15605187
27650.0, 0.15605044
27660.0, 0.15604901
27670.0, 0.15604758
27680.0, 0.15604617
27690.0, 0.15604475
27700.0, 0.15604332
27710.0, 0.1560419
27720.0, 0.15604049
27730.0, 0.15603909
27740.0, 0.15603767
27750.0, 0.15603627
27760.0, 0.15603487
27770.0, 0.15603347
27780.0, 0.15603207
27790.0, 0.15603068
27800.0, 0.1560293
27810.0, 0.1560279
27820.0, 0.15602651
27830.0, 0.15602514
27840.0, 0.15602376
27850.0, 0.15602238
27860.0, 0.156021
27870.0, 0.15601963
27880.0, 0.15601827
27890.0, 0.1560169
27900.0, 0.15601555
27910.0, 0.15601417
27920.0, 0.15601282
27930.0, 0.15601146
27940.0, 0.1560101
27950.0, 0.15600877
27960.0, 0.15600741
27970.0, 0.15600607
27980.0, 0.15600473
27990.0, 0.15600339
28000.0, 0.15600206
28010.0, 0.15600072
28020.0, 0.15599939
28030.0, 0.15599807
28040.0, 0.15599674
28050.0, 0.15599541
28060.0, 0.1559941
28070.0, 0.15599278
28080.0, 0.15599146
28090.0, 0.15599015
28100.0, 0.15598884
28110.0, 0.15598753
28120.0, 0.15598623
28130.0, 0.15598492
28140.0, 0.15598363
28150.0, 0.15598233
28160.0, 0.15598103
28170.0, 0.15597975
28180.0, 0.15597846
28190.0, 0.15597717
28200.0, 0.1559759
28210.0, 0.1559746
28220.0, 0.15597333
28230.0, 0.15597205
28240.0, 0.15597078
28250.0, 0.1559695
28260.0, 0.15596823
28270.0, 0.15596697
28280.0, 0.1559657
28290.0, 0.15596443
28300.0, 0.15596318
28310.0, 0.15596193
28320.0, 0.15596068
28330.0, 0.15595943
28340.0, 0.15595818
28350.0, 0.15595692
28360.0, 0.15595569
28370.0, 0.15595444
28380.0, 0.1559532
28390.0, 0.15595196
28400.0, 0.15595074
28410.0, 0.1559495
28420.0, 0.15594827
28430.0, 0.15594704
28440.0, 0.15594582
28450.0, 0.1559446
28460.0, 0.15594338
28470.0, 0.15594217
28480.0, 0.15594095
28490.0, 0.15593974
28500.0, 0.15593854
28510.0, 0.15593733
28520.0, 0.15593612
28530.0, 0.15593491
28540.0, 0.15593372
28550.0, 0.15593252
28560.0, 0.15593132
28570.0, 0.15593013
28580.0, 0.15592894
28590.0, 0.15592775
28600.0, 0.15592657
28610.0, 0.1559254
28620.0, 0.15592422
28630.0, 0.15592302
28640.0, 0.15592186
28650.0, 0.15592068
28660.0, 0.1559195
28670.0, 0.15591834
28680.0, 0.15591717
28690.0, 0.155916
28700.0, 0.15591484
28710.0, 0.15591368
28720.0, 0.15591253
28730.0, 0.15591137
28740.0, 0.15591022
28750.0, 0.15590908
28760.0, 0.15590791
28770.0, 0.15590678
28780.0, 0.15590563
28790.0, 0.15590449
28800.0, 0.15590335
28810.0, 0.15590222
28820.0, 0.15590107
28830.0, 0.15589994
28840.0, 0.15589882
28850.0, 0.15589769
28860.0, 0.15589656
28870.0, 0.15589544
28880.0, 0.15589432
28890.0, 0.1558932
28900.0, 0.15589209
28910.0, 0.15589097
28920.0, 0.15588985
28930.0, 0.15588875
28940.0, 0.15588763
28950.0, 0.15588653
28960.0, 0.15588543
28970.0, 0.15588433
28980.0, 0.15588324
28990.0, 0.15588214
29000.0, 0.15588105
29010.0, 0.15587994
29020.0, 0.15587886
29030.0, 0.15587777
29040.0, 0.15587668
29050.0, 0.15587561
29060.0, 0.15587452
29070.0, 0.15587343
29080.0, 0.15587236
29090.0, 0.15587129
29100.0, 0.15587021
29110.0, 0.15586914
29120.0, 0.15586808
29130.0, 0.15586701
29140.0, 0.15586594
29150.0, 0.15586488
29160.0, 0.15586382
29170.0, 0.15586276
29180.0, 0.15586172
29190.0, 0.15586066
29200.0, 0.1558596
29210.0, 0.15585856
29220.0, 0.1558575
29230.0, 0.15585646
29240.0, 0.15585542
29250.0, 0.15585437
29260.0, 0.15585333
29270.0, 0.1558523
29280.0, 0.15585126
29290.0, 0.15585023
29300.0, 0.1558492
29310.0, 0.15584818
29320.0, 0.15584715
29330.0, 0.15584612
29340.0, 0.1558451
29350.0, 0.15584408
29360.0, 0.15584306
29370.0, 0.15584204
29380.0, 0.15584104
29390.0, 0.15584002
29400.0, 0.15583901
29410.0, 0.155838
29420.0, 0.15583698
29430.0, 0.15583599
29440.0, 0.15583499
29450.0, 0.15583399
29460.0, 0.15583299
29470.0, 0.155832
29480.0, 0.155831
29490.0, 0.15583001
29500.0, 0.15582901
29510.0, 0.15582801
29520.0, 0.15582705
29530.0, 0.15582606
29540.0, 0.15582506
29550.0, 0.1558241
29560.0, 0.15582311
29570.0, 0.15582213
29580.0, 0.15582116
29590.0, 0.15582019
29600.0, 0.1558192
29610.0, 0.15581824
29620.0, 0.15581729
29630.0, 0.15581632
29640.0, 0.15581535
29650.0, 0.1558144
29660.0, 0.15581343
29670.0, 0.15581247
29680.0, 0.15581152
29690.0, 0.15581056
29700.0, 0.15580961
29710.0, 0.15580866
29720.0, 0.15580772
29730.0, 0.15580676
29740.0, 0.15580583
29750.0, 0.15580489
29760.0, 0.15580393
29770.0, 0.15580301
29780.0, 0.15580207
29790.0, 0.15580113
29800.0, 0.1558002
29810.0, 0.15579927
29820.0, 0.15579835
29830.0, 0.1557974
29840.0, 0.15579648
29850.0, 0.15579556
29860.0, 0.15579464
29870.0, 0.15579371
29880.0, 0.1557928
29890.0, 0.1557919
29900.0, 0.15579097
29910.0, 0.15579006
29920.0, 0.15578915
29930.0, 0.15578824
29940.0, 0.15578733
29950.0, 0.15578642
29960.0, 0.15578552
29970.0, 0.15578462
29980.0, 0.15578371
29990.0, 0.15578282
30000.0, 0.15578192
