Energy (in eV), backscattering yield of material te2k-NASCAP at incidence 50.000004 degree
   X,       Y
0.0, 0.6404742
10.0, 0.33677712
20.0, 0.17708568
30.0, 0.09311601
40.0, 0.04896269
50.0, 0.025745787
60.0, 0.05794872
70.0, 0.08118723
80.0, 0.09948921
90.0, 0.11446919
100.0, 0.12707399
110.0, 0.1379122
120.0, 0.1473934
130.0, 0.1558033
140.0, 0.16334757
150.0, 0.17017852
160.0, 0.17641185
170.0, 0.18213744
180.0, 0.18742637
190.0, 0.19233592
200.0, 0.1969129
210.0, 0.20119596
220.0, 0.20521751
230.0, 0.20900482
240.0, 0.2125813
250.0, 0.21596695
260.0, 0.21917906
270.0, 0.22223283
280.0, 0.22514142
290.0, 0.22791654
300.0, 0.2305685
310.0, 0.2331065
320.0, 0.23553875
330.0, 0.23787262
340.0, 0.24011475
350.0, 0.24227111
360.0, 0.24434717
370.0, 0.24634786
380.0, 0.24827765
390.0, 0.2501407
400.0, 0.25194073
410.0, 0.25368127
420.0, 0.25536552
430.0, 0.2569964
440.0, 0.2585766
450.0, 0.2601087
460.0, 0.26159498
470.0, 0.26303774
480.0, 0.2644389
490.0, 0.2658004
500.0, 0.267124
510.0, 0.26841134
520.0, 0.269664
530.0, 0.27088344
540.0, 0.27207097
550.0, 0.27322796
560.0, 0.2743556
570.0, 0.27545497
580.0, 0.27652723
590.0, 0.27757335
600.0, 0.2785943
610.0, 0.279591
620.0, 0.28056434
630.0, 0.2815151
640.0, 0.2824441
650.0, 0.28335202
660.0, 0.28423962
670.0, 0.28510755
680.0, 0.28595647
690.0, 0.28678697
700.0, 0.28759962
710.0, 0.288395
720.0, 0.2891736
730.0, 0.28993595
740.0, 0.29068258
750.0, 0.29141387
760.0, 0.29213032
770.0, 0.29283231
780.0, 0.29352033
790.0, 0.29419473
800.0, 0.29485583
810.0, 0.29550406
820.0, 0.29613975
830.0, 0.2967632
840.0, 0.29737478
850.0, 0.29797477
860.0, 0.2985635
870.0, 0.2991412
880.0, 0.29970822
890.0, 0.30026472
900.0, 0.30081108
910.0, 0.30134746
920.0, 0.30187416
930.0, 0.30239135
940.0, 0.3028993
950.0, 0.3033982
960.0, 0.3038883
970.0, 0.30436972
980.0, 0.30484274
990.0, 0.3053075
1000.0, 0.3057642
1010.0, 0.30556104
1020.0, 0.3053582
1030.0, 0.3051557
1040.0, 0.3049535
1050.0, 0.30475163
1060.0, 0.30455014
1070.0, 0.30434895
1080.0, 0.30414805
1090.0, 0.3039475
1100.0, 0.30374733
1110.0, 0.3035474
1120.0, 0.30334786
1130.0, 0.30314863
1140.0, 0.30294973
1150.0, 0.30275115
1160.0, 0.3025529
1170.0, 0.30235496
1180.0, 0.30215734
1190.0, 0.30196005
1200.0, 0.30176312
1210.0, 0.30156645
1220.0, 0.30137014
1230.0, 0.30117416
1240.0, 0.30097845
1250.0, 0.30078313
1260.0, 0.30058807
1270.0, 0.30039337
1280.0, 0.30019897
1290.0, 0.30000487
1300.0, 0.29981112
1310.0, 0.29961768
1320.0, 0.29942456
1330.0, 0.29923174
1340.0, 0.29903927
1350.0, 0.29884708
1360.0, 0.2986552
1370.0, 0.29846367
1380.0, 0.29827243
1390.0, 0.29808152
1400.0, 0.2978909
1410.0, 0.2977006
1420.0, 0.29751065
1430.0, 0.29732096
1440.0, 0.29713163
1450.0, 0.2969426
1460.0, 0.29675385
1470.0, 0.29656544
1480.0, 0.29637733
1490.0, 0.29618952
1500.0, 0.29600203
1510.0, 0.29581484
1520.0, 0.29562798
1530.0, 0.29544142
1540.0, 0.29525515
1550.0, 0.29506922
1560.0, 0.29488355
1570.0, 0.29469824
1580.0, 0.29451317
1590.0, 0.29432845
1600.0, 0.29414403
1610.0, 0.29395992
1620.0, 0.2937761
1630.0, 0.2935926
1640.0, 0.29340938
1650.0, 0.29322648
1660.0, 0.29304385
1670.0, 0.29286158
1680.0, 0.29267958
1690.0, 0.29249787
1700.0, 0.29231647
1710.0, 0.29213536
1720.0, 0.29195458
1730.0, 0.29177406
1740.0, 0.29159388
1750.0, 0.29141396
1760.0, 0.29123434
1770.0, 0.29105505
1780.0, 0.29087603
1790.0, 0.29069734
1800.0, 0.2905189
1810.0, 0.29034078
1820.0, 0.29016295
1830.0, 0.28998542
1840.0, 0.28980818
1850.0, 0.28963125
1860.0, 0.28945458
1870.0, 0.28927824
1880.0, 0.2891022
1890.0, 0.2889264
1900.0, 0.28875095
1910.0, 0.28857574
1920.0, 0.28840083
1930.0, 0.28822625
1940.0, 0.2880519
1950.0, 0.2878779
1960.0, 0.28770417
1970.0, 0.28753072
1980.0, 0.28735754
1990.0, 0.2871847
2000.0, 0.2870121
2010.0, 0.28683978
2020.0, 0.2866678
2030.0, 0.28649607
2040.0, 0.28632462
2050.0, 0.2861535
2060.0, 0.2859826
2070.0, 0.28581205
2080.0, 0.28564173
2090.0, 0.2854717
2100.0, 0.28530198
2110.0, 0.28513256
2120.0, 0.2849634
2130.0, 0.2847945
2140.0, 0.28462592
2150.0, 0.2844576
2160.0, 0.28428954
2170.0, 0.28412178
2180.0, 0.28395432
2190.0, 0.2837871
2200.0, 0.2836202
2210.0, 0.28345355
2220.0, 0.2832872
2230.0, 0.28312114
2240.0, 0.28295532
2250.0, 0.2827898
2260.0, 0.28262454
2270.0, 0.2824596
2280.0, 0.2822949
2290.0, 0.28213048
2300.0, 0.28196633
2310.0, 0.28180248
2320.0, 0.28163886
2330.0, 0.28147554
2340.0, 0.2813125
2350.0, 0.28114974
2360.0, 0.2809872
2370.0, 0.280825
2380.0, 0.28066304
2390.0, 0.28050137
2400.0, 0.28033993
2410.0, 0.2801788
2420.0, 0.28001794
2430.0, 0.27985734
2440.0, 0.279697
2450.0, 0.27953693
2460.0, 0.27937713
2470.0, 0.27921763
2480.0, 0.27905837
2490.0, 0.2788994
2500.0, 0.27874067
2510.0, 0.27858222
2520.0, 0.27842402
2530.0, 0.2782661
2540.0, 0.27810845
2550.0, 0.27795106
2560.0, 0.27779394
2570.0, 0.2776371
2580.0, 0.27748048
2590.0, 0.27732417
2600.0, 0.2771681
2610.0, 0.2770123
2620.0, 0.27685675
2630.0, 0.27670145
2640.0, 0.27654645
2650.0, 0.27639169
2660.0, 0.2762372
2670.0, 0.27608296
2680.0, 0.27592897
2690.0, 0.27577528
2700.0, 0.27562183
2710.0, 0.27546862
2720.0, 0.2753157
2730.0, 0.275163
2740.0, 0.2750106
2750.0, 0.27485844
2760.0, 0.27470654
2770.0, 0.2745549
2780.0, 0.27440348
2790.0, 0.27425236
2800.0, 0.27410147
2810.0, 0.27395085
2820.0, 0.2738005
2830.0, 0.27365038
2840.0, 0.2735005
2850.0, 0.27335092
2860.0, 0.27320158
2870.0, 0.27305245
2880.0, 0.27290362
2890.0, 0.27275503
2900.0, 0.2726067
2910.0, 0.27245858
2920.0, 0.27231076
2930.0, 0.27216318
2940.0, 0.27201584
2950.0, 0.27186877
2960.0, 0.2717219
2970.0, 0.27157533
2980.0, 0.27142897
2990.0, 0.27128288
3000.0, 0.27113706
3010.0, 0.27099144
3020.0, 0.2708461
3030.0, 0.27070102
3040.0, 0.27055615
3050.0, 0.27041155
3060.0, 0.27026722
3070.0, 0.2701231
3080.0, 0.26997924
3090.0, 0.2698356
3100.0, 0.2696922
3110.0, 0.26954907
3120.0, 0.2694062
3130.0, 0.26926354
3140.0, 0.26912114
3150.0, 0.26897898
3160.0, 0.26883706
3170.0, 0.26869538
3180.0, 0.26855394
3190.0, 0.26841274
3200.0, 0.2682718
3210.0, 0.26813108
3220.0, 0.26799062
3230.0, 0.2678504
3240.0, 0.2677104
3250.0, 0.26757064
3260.0, 0.2674311
3270.0, 0.26729184
3280.0, 0.26715282
3290.0, 0.267014
3300.0, 0.26687545
3310.0, 0.26673713
3320.0, 0.266599
3330.0, 0.26646116
3340.0, 0.26632354
3350.0, 0.26618615
3360.0, 0.26604903
3370.0, 0.26591212
3380.0, 0.26577544
3390.0, 0.265639
3400.0, 0.26550278
3410.0, 0.2653668
3420.0, 0.26523104
3430.0, 0.26509553
3440.0, 0.26496026
3450.0, 0.26482522
3460.0, 0.2646904
3470.0, 0.2645558
3480.0, 0.2644215
3490.0, 0.26428735
3500.0, 0.26415345
3510.0, 0.2640198
3520.0, 0.26388636
3530.0, 0.26375318
3540.0, 0.2636202
3550.0, 0.26348746
3560.0, 0.26335493
3570.0, 0.26322263
3580.0, 0.26309058
3590.0, 0.26295874
3600.0, 0.26282713
3610.0, 0.26269576
3620.0, 0.2625646
3630.0, 0.26243368
3640.0, 0.26230296
3650.0, 0.2621725
3660.0, 0.26204222
3670.0, 0.2619122
3680.0, 0.26178238
3690.0, 0.2616528
3700.0, 0.26152346
3710.0, 0.26139432
3720.0, 0.2612654
3730.0, 0.2611367
3740.0, 0.26100823
3750.0, 0.26088
3760.0, 0.26075196
3770.0, 0.26062417
3780.0, 0.2604966
3790.0, 0.2603692
3800.0, 0.26024207
3810.0, 0.26011515
3820.0, 0.25998843
3830.0, 0.25986195
3840.0, 0.25973567
3850.0, 0.25960964
3860.0, 0.25948378
3870.0, 0.2593582
3880.0, 0.2592328
3890.0, 0.25910762
3900.0, 0.25898266
3910.0, 0.2588579
3920.0, 0.25873336
3930.0, 0.25860906
3940.0, 0.25848496
3950.0, 0.25836107
3960.0, 0.2582374
3970.0, 0.25811392
3980.0, 0.2579907
3990.0, 0.25786766
4000.0, 0.25774485
4010.0, 0.25762224
4020.0, 0.25749984
4030.0, 0.25737768
4040.0, 0.2572557
4050.0, 0.25713396
4060.0, 0.25701243
4070.0, 0.25689107
4080.0, 0.25676996
4090.0, 0.25664905
4100.0, 0.25652835
4110.0, 0.25640786
4120.0, 0.25628757
4130.0, 0.2561675
4140.0, 0.25604764
4150.0, 0.25592798
4160.0, 0.25580853
4170.0, 0.2556893
4180.0, 0.25557026
4190.0, 0.25545144
4200.0, 0.25533283
4210.0, 0.2552144
4220.0, 0.2550962
4230.0, 0.25497818
4240.0, 0.2548604
4250.0, 0.25474283
4260.0, 0.25462544
4270.0, 0.25450826
4280.0, 0.25439128
4290.0, 0.2542745
4300.0, 0.25415793
4310.0, 0.25404155
4320.0, 0.2539254
4330.0, 0.25380945
4340.0, 0.2536937
4350.0, 0.25357813
4360.0, 0.25346276
4370.0, 0.25334764
4380.0, 0.2532327
4390.0, 0.25311792
4400.0, 0.2530034
4410.0, 0.25288904
4420.0, 0.25277486
4430.0, 0.25266093
4440.0, 0.25254717
4450.0, 0.25243363
4460.0, 0.25232026
4470.0, 0.2522071
4480.0, 0.25209415
4490.0, 0.2519814
4500.0, 0.2518688
4510.0, 0.25175646
4520.0, 0.25164428
4530.0, 0.25153232
4540.0, 0.25142056
4550.0, 0.25130895
4560.0, 0.25119758
4570.0, 0.25108638
4580.0, 0.2509754
4590.0, 0.2508646
4600.0, 0.250754
4610.0, 0.25064358
4620.0, 0.25053334
4630.0, 0.25042334
4640.0, 0.2503135
4650.0, 0.25020385
4660.0, 0.2500944
4670.0, 0.24998516
4680.0, 0.2498761
4690.0, 0.24976723
4700.0, 0.24965854
4710.0, 0.24955004
4720.0, 0.24944176
4730.0, 0.24933363
4740.0, 0.24922574
4750.0, 0.249118
4760.0, 0.24901046
4770.0, 0.24890311
4780.0, 0.24879596
4790.0, 0.24868897
4800.0, 0.24858218
4810.0, 0.2484756
4820.0, 0.24836919
4830.0, 0.24826297
4840.0, 0.24815692
4850.0, 0.24805108
4860.0, 0.24794541
4870.0, 0.24783994
4880.0, 0.24773465
4890.0, 0.24762955
4900.0, 0.24752463
4910.0, 0.2474199
4920.0, 0.24731535
4930.0, 0.24721098
4940.0, 0.2471068
4950.0, 0.24700281
4960.0, 0.246899
4970.0, 0.24679537
4980.0, 0.24669191
4990.0, 0.24658865
5000.0, 0.24648558
5010.0, 0.24638267
5020.0, 0.24627995
5030.0, 0.24617742
5040.0, 0.24607506
5050.0, 0.24597289
5060.0, 0.24587089
5070.0, 0.24576907
5080.0, 0.24566744
5090.0, 0.24556598
5100.0, 0.24546471
5110.0, 0.24536362
5120.0, 0.2452627
5130.0, 0.24516197
5140.0, 0.24506141
5150.0, 0.24496102
5160.0, 0.24486081
5170.0, 0.2447608
5180.0, 0.24466094
5190.0, 0.24456128
5200.0, 0.24446177
5210.0, 0.24436246
5220.0, 0.24426332
5230.0, 0.24416435
5240.0, 0.24406557
5250.0, 0.24396695
5260.0, 0.2438685
5270.0, 0.24377024
5280.0, 0.24367213
5290.0, 0.24357422
5300.0, 0.24347648
5310.0, 0.2433789
5320.0, 0.24328151
5330.0, 0.24318428
5340.0, 0.24308723
5350.0, 0.24299036
5360.0, 0.24289365
5370.0, 0.24279712
5380.0, 0.24270076
5390.0, 0.24260455
5400.0, 0.24250855
5410.0, 0.24241269
5420.0, 0.242317
5430.0, 0.2422215
5440.0, 0.24212615
5450.0, 0.24203098
5460.0, 0.24193598
5470.0, 0.24184115
5480.0, 0.24174649
5490.0, 0.241652
5500.0, 0.24155767
5510.0, 0.24146351
5520.0, 0.24136953
5530.0, 0.2412757
5540.0, 0.24118204
5550.0, 0.24108855
5560.0, 0.24099523
5570.0, 0.24090208
5580.0, 0.24080908
5590.0, 0.24071626
5600.0, 0.24062361
5610.0, 0.24053112
5620.0, 0.24043879
5630.0, 0.24034663
5640.0, 0.24025464
5650.0, 0.2401628
5660.0, 0.24007113
5670.0, 0.23997962
5680.0, 0.23988828
5690.0, 0.2397971
5700.0, 0.23970608
5710.0, 0.23961523
5720.0, 0.23952454
5730.0, 0.23943402
5740.0, 0.23934364
5750.0, 0.23925343
5760.0, 0.2391634
5770.0, 0.23907351
5780.0, 0.2389838
5790.0, 0.23889422
5800.0, 0.23880483
5810.0, 0.23871559
5820.0, 0.23862651
5830.0, 0.23853758
5840.0, 0.23844883
5850.0, 0.23836023
5860.0, 0.23827177
5870.0, 0.2381835
5880.0, 0.23809536
5890.0, 0.2380074
5900.0, 0.23791958
5910.0, 0.23783194
5920.0, 0.23774444
5930.0, 0.2376571
5940.0, 0.23756991
5950.0, 0.23748288
5960.0, 0.23739602
5970.0, 0.23730929
5980.0, 0.23722275
5990.0, 0.23713633
6000.0, 0.23705009
6010.0, 0.23696399
6020.0, 0.23687805
6030.0, 0.23679227
6040.0, 0.23670663
6050.0, 0.23662117
6060.0, 0.23653583
6070.0, 0.23645067
6080.0, 0.23636566
6090.0, 0.2362808
6100.0, 0.23619609
6110.0, 0.23611152
6120.0, 0.2360271
6130.0, 0.23594287
6140.0, 0.23585875
6150.0, 0.23577482
6160.0, 0.23569101
6170.0, 0.23560736
6180.0, 0.23552386
6190.0, 0.23544052
6200.0, 0.23535731
6210.0, 0.23527427
6220.0, 0.23519138
6230.0, 0.23510863
6240.0, 0.23502602
6250.0, 0.23494358
6260.0, 0.23486127
6270.0, 0.23477912
6280.0, 0.23469712
6290.0, 0.23461525
6300.0, 0.23453356
6310.0, 0.234452
6320.0, 0.23437057
6330.0, 0.2342893
6340.0, 0.23420818
6350.0, 0.23412721
6360.0, 0.23404638
6370.0, 0.23396571
6380.0, 0.23388517
6390.0, 0.23380478
6400.0, 0.23372453
6410.0, 0.23364443
6420.0, 0.23356448
6430.0, 0.23348467
6440.0, 0.233405
6450.0, 0.23332548
6460.0, 0.2332461
6470.0, 0.23316687
6480.0, 0.23308776
6490.0, 0.23300882
6500.0, 0.23293
6510.0, 0.23285136
6520.0, 0.23277283
6530.0, 0.23269446
6540.0, 0.23261622
6550.0, 0.23253812
6560.0, 0.23246017
6570.0, 0.23238236
6580.0, 0.23230469
6590.0, 0.23222716
6600.0, 0.23214976
6610.0, 0.23207252
6620.0, 0.23199542
6630.0, 0.23191844
6640.0, 0.23184161
6650.0, 0.23176493
6660.0, 0.23168838
6670.0, 0.23161197
6680.0, 0.23153569
6690.0, 0.23145956
6700.0, 0.23138356
6710.0, 0.2313077
6720.0, 0.23123197
6730.0, 0.2311564
6740.0, 0.23108095
6750.0, 0.23100564
6760.0, 0.23093048
6770.0, 0.23085544
6780.0, 0.23078053
6790.0, 0.23070577
6800.0, 0.23063114
6810.0, 0.23055665
6820.0, 0.2304823
6830.0, 0.23040807
6840.0, 0.23033398
6850.0, 0.23026004
6860.0, 0.23018622
6870.0, 0.23011254
6880.0, 0.230039
6890.0, 0.22996558
6900.0, 0.22989231
6910.0, 0.22981916
6920.0, 0.22974615
6930.0, 0.22967327
6940.0, 0.22960052
6950.0, 0.2295279
6960.0, 0.22945543
6970.0, 0.22938307
6980.0, 0.22931086
6990.0, 0.22923876
7000.0, 0.22916682
7010.0, 0.22909498
7020.0, 0.2290233
7030.0, 0.22895174
7040.0, 0.22888032
7050.0, 0.228809
7060.0, 0.22873783
7070.0, 0.2286668
7080.0, 0.22859588
7090.0, 0.2285251
7100.0, 0.22845444
7110.0, 0.22838391
7120.0, 0.22831352
7130.0, 0.22824326
7140.0, 0.22817312
7150.0, 0.22810312
7160.0, 0.22803323
7170.0, 0.22796348
7180.0, 0.22789386
7190.0, 0.22782436
7200.0, 0.22775498
7210.0, 0.22768575
7220.0, 0.22761662
7230.0, 0.22754763
7240.0, 0.22747877
7250.0, 0.22741003
7260.0, 0.22734141
7270.0, 0.22727293
7280.0, 0.22720456
7290.0, 0.22713633
7300.0, 0.22706822
7310.0, 0.22700022
7320.0, 0.22693236
7330.0, 0.22686462
7340.0, 0.226797
7350.0, 0.22672951
7360.0, 0.22666214
7370.0, 0.22659491
7380.0, 0.2265278
7390.0, 0.2264608
7400.0, 0.22639392
7410.0, 0.22632717
7420.0, 0.22626054
7430.0, 0.22619404
7440.0, 0.22612765
7450.0, 0.22606139
7460.0, 0.22599524
7470.0, 0.22592923
7480.0, 0.22586332
7490.0, 0.22579755
7500.0, 0.2257319
7510.0, 0.22566636
7520.0, 0.22560094
7530.0, 0.22553565
7540.0, 0.22547047
7550.0, 0.22540541
7560.0, 0.22534047
7570.0, 0.22527567
7580.0, 0.22521096
7590.0, 0.22514638
7600.0, 0.22508192
7610.0, 0.22501759
7620.0, 0.22495335
7630.0, 0.22488926
7640.0, 0.22482528
7650.0, 0.2247614
7660.0, 0.22469765
7670.0, 0.224634
7680.0, 0.2245705
7690.0, 0.22450711
7700.0, 0.22444381
7710.0, 0.22438064
7720.0, 0.2243176
7730.0, 0.22425467
7740.0, 0.22419184
7750.0, 0.22412914
7760.0, 0.22406656
7770.0, 0.22400407
7780.0, 0.22394171
7790.0, 0.22387949
7800.0, 0.22381735
7810.0, 0.22375534
7820.0, 0.22369345
7830.0, 0.22363167
7840.0, 0.22356999
7850.0, 0.22350845
7860.0, 0.223447
7870.0, 0.22338568
7880.0, 0.22332445
7890.0, 0.22326335
7900.0, 0.22320236
7910.0, 0.22314148
7920.0, 0.22308071
7930.0, 0.22302006
7940.0, 0.22295952
7950.0, 0.2228991
7960.0, 0.22283877
7970.0, 0.22277857
7980.0, 0.22271848
7990.0, 0.2226585
8000.0, 0.22259863
8010.0, 0.22253887
8020.0, 0.22247921
8030.0, 0.22241968
8040.0, 0.22236024
8050.0, 0.22230092
8060.0, 0.2222417
8070.0, 0.2221826
8080.0, 0.22212362
8090.0, 0.22206473
8100.0, 0.22200596
8110.0, 0.2219473
8120.0, 0.22188874
8130.0, 0.2218303
8140.0, 0.22177196
8150.0, 0.22171372
8160.0, 0.22165559
8170.0, 0.22159758
8180.0, 0.22153968
8190.0, 0.22148187
8200.0, 0.22142418
8210.0, 0.22136658
8220.0, 0.22130911
8230.0, 0.22125173
8240.0, 0.22119446
8250.0, 0.2211373
8260.0, 0.22108026
8270.0, 0.2210233
8280.0, 0.22096646
8290.0, 0.22090971
8300.0, 0.22085309
8310.0, 0.22079656
8320.0, 0.22074012
8330.0, 0.22068381
8340.0, 0.2206276
8350.0, 0.22057149
8360.0, 0.22051549
8370.0, 0.2204596
8380.0, 0.22040379
8390.0, 0.2203481
8400.0, 0.22029251
8410.0, 0.22023702
8420.0, 0.22018163
8430.0, 0.22012636
8440.0, 0.22007118
8450.0, 0.2200161
8460.0, 0.21996114
8470.0, 0.21990626
8480.0, 0.2198515
8490.0, 0.21979682
8500.0, 0.21974225
8510.0, 0.21968779
8520.0, 0.21963343
8530.0, 0.21957918
8540.0, 0.21952501
8550.0, 0.21947095
8560.0, 0.21941699
8570.0, 0.21936312
8580.0, 0.21930937
8590.0, 0.21925572
8600.0, 0.21920216
8610.0, 0.2191487
8620.0, 0.21909533
8630.0, 0.2190421
8640.0, 0.21898891
8650.0, 0.21893586
8660.0, 0.2188829
8670.0, 0.21883003
8680.0, 0.21877727
8690.0, 0.21872461
8700.0, 0.21867204
8710.0, 0.21861957
8720.0, 0.2185672
8730.0, 0.21851492
8740.0, 0.21846274
8750.0, 0.21841066
8760.0, 0.21835868
8770.0, 0.2183068
8780.0, 0.21825501
8790.0, 0.21820332
8800.0, 0.21815172
8810.0, 0.21810022
8820.0, 0.21804883
8830.0, 0.2179975
8840.0, 0.21794629
8850.0, 0.21789518
8860.0, 0.21784417
8870.0, 0.21779324
8880.0, 0.2177424
8890.0, 0.21769167
8900.0, 0.21764104
8910.0, 0.21759048
8920.0, 0.21754004
8930.0, 0.21748969
8940.0, 0.21743941
8950.0, 0.21738924
8960.0, 0.21733917
8970.0, 0.2172892
8980.0, 0.2172393
8990.0, 0.2171895
9000.0, 0.21713981
9010.0, 0.2170902
9020.0, 0.21704069
9030.0, 0.21699126
9040.0, 0.21694194
9050.0, 0.21689269
9060.0, 0.21684356
9070.0, 0.2167945
9080.0, 0.21674554
9090.0, 0.21669666
9100.0, 0.2166479
9110.0, 0.2165992
9120.0, 0.2165506
9130.0, 0.2165021
9140.0, 0.21645369
9150.0, 0.21640536
9160.0, 0.21635713
9170.0, 0.216309
9180.0, 0.21626094
9190.0, 0.21621299
9200.0, 0.21616511
9210.0, 0.21611732
9220.0, 0.21606964
9230.0, 0.21602203
9240.0, 0.21597451
9250.0, 0.2159271
9260.0, 0.21587977
9270.0, 0.2158325
9280.0, 0.21578535
9290.0, 0.21573828
9300.0, 0.2156913
9310.0, 0.21564442
9320.0, 0.2155976
9330.0, 0.21555088
9340.0, 0.21550426
9350.0, 0.21545771
9360.0, 0.21541126
9370.0, 0.21536489
9380.0, 0.21531862
9390.0, 0.21527243
9400.0, 0.21522631
9410.0, 0.2151803
9420.0, 0.21513437
9430.0, 0.21508852
9440.0, 0.21504276
9450.0, 0.21499708
9460.0, 0.2149515
9470.0, 0.21490599
9480.0, 0.21486057
9490.0, 0.21481524
9500.0, 0.21477
9510.0, 0.21472484
9520.0, 0.21467976
9530.0, 0.21463476
9540.0, 0.21458986
9550.0, 0.21454504
9560.0, 0.2145003
9570.0, 0.21445565
9580.0, 0.21441108
9590.0, 0.21436659
9600.0, 0.2143222
9610.0, 0.21427786
9620.0, 0.21423364
9630.0, 0.21418948
9640.0, 0.2141454
9650.0, 0.21410143
9660.0, 0.21405752
9670.0, 0.21401371
9680.0, 0.21396998
9690.0, 0.21392632
9700.0, 0.21388273
9710.0, 0.21383925
9720.0, 0.21379584
9730.0, 0.21375251
9740.0, 0.21370928
9750.0, 0.21366611
9760.0, 0.21362303
9770.0, 0.21358003
9780.0, 0.21353711
9790.0, 0.21349427
9800.0, 0.2134515
9810.0, 0.21340883
9820.0, 0.21336624
9830.0, 0.21332373
9840.0, 0.21328129
9850.0, 0.21323892
9860.0, 0.21319665
9870.0, 0.21315446
9880.0, 0.21311234
9890.0, 0.2130703
9900.0, 0.21302836
9910.0, 0.21298647
9920.0, 0.21294467
9930.0, 0.21290295
9940.0, 0.21286131
9950.0, 0.21281976
9960.0, 0.21277826
9970.0, 0.21273685
9980.0, 0.21269552
9990.0, 0.21265428
10000.0, 0.2126131
10010.0, 0.21257201
10020.0, 0.212531
10030.0, 0.21249005
10040.0, 0.21244921
10050.0, 0.21240841
10060.0, 0.21236771
10070.0, 0.21232708
10080.0, 0.21228653
10090.0, 0.21224606
10100.0, 0.21220565
10110.0, 0.21216533
10120.0, 0.21212508
10130.0, 0.2120849
10140.0, 0.21204482
10150.0, 0.2120048
10160.0, 0.21196486
10170.0, 0.21192499
10180.0, 0.2118852
10190.0, 0.21184549
10200.0, 0.21180584
10210.0, 0.21176629
10220.0, 0.2117268
10230.0, 0.21168739
10240.0, 0.21164803
10250.0, 0.21160877
10260.0, 0.21156958
10270.0, 0.21153046
10280.0, 0.2114914
10290.0, 0.21145244
10300.0, 0.21141355
10310.0, 0.21137473
10320.0, 0.21133597
10330.0, 0.2112973
10340.0, 0.2112587
10350.0, 0.21122018
10360.0, 0.21118172
10370.0, 0.21114334
10380.0, 0.21110502
10390.0, 0.21106678
10400.0, 0.21102862
10410.0, 0.21099053
10420.0, 0.21095252
10430.0, 0.21091457
10440.0, 0.21087669
10450.0, 0.21083888
10460.0, 0.21080115
10470.0, 0.21076348
10480.0, 0.2107259
10490.0, 0.21068838
10500.0, 0.21065094
10510.0, 0.21061356
10520.0, 0.21057627
10530.0, 0.21053903
10540.0, 0.21050186
10550.0, 0.21046478
10560.0, 0.21042776
10570.0, 0.2103908
10580.0, 0.21035393
10590.0, 0.2103171
10600.0, 0.21028037
10610.0, 0.2102437
10620.0, 0.2102071
10630.0, 0.21017058
10640.0, 0.2101341
10650.0, 0.21009772
10660.0, 0.2100614
10670.0, 0.21002515
10680.0, 0.20998895
10690.0, 0.20995285
10700.0, 0.20991679
10710.0, 0.20988081
10720.0, 0.2098449
10730.0, 0.20980906
10740.0, 0.20977329
10750.0, 0.20973758
10760.0, 0.20970194
10770.0, 0.20966637
10780.0, 0.20963086
10790.0, 0.20959544
10800.0, 0.20956007
10810.0, 0.20952477
10820.0, 0.20948954
10830.0, 0.20945437
10840.0, 0.20941928
10850.0, 0.20938425
10860.0, 0.20934927
10870.0, 0.20931438
10880.0, 0.20927954
10890.0, 0.20924479
10900.0, 0.20921008
10910.0, 0.20917545
10920.0, 0.20914088
10930.0, 0.20910637
10940.0, 0.20907195
10950.0, 0.20903757
10960.0, 0.20900327
10970.0, 0.20896903
10980.0, 0.20893486
10990.0, 0.20890075
11000.0, 0.2088667
11010.0, 0.20883273
11020.0, 0.20879883
11030.0, 0.20876497
11040.0, 0.20873119
11050.0, 0.20869747
11060.0, 0.2086638
11070.0, 0.20863022
11080.0, 0.20859669
11090.0, 0.20856322
11100.0, 0.20852983
11110.0, 0.2084965
11120.0, 0.20846322
11130.0, 0.20843
11140.0, 0.20839687
11150.0, 0.20836379
11160.0, 0.20833077
11170.0, 0.2082978
11180.0, 0.20826492
11190.0, 0.20823209
11200.0, 0.20819932
11210.0, 0.20816663
11220.0, 0.20813398
11230.0, 0.2081014
11240.0, 0.20806888
11250.0, 0.20803642
11260.0, 0.20800404
11270.0, 0.2079717
11280.0, 0.20793945
11290.0, 0.20790723
11300.0, 0.20787509
11310.0, 0.207843
11320.0, 0.20781098
11330.0, 0.20777902
11340.0, 0.20774712
11350.0, 0.20771527
11360.0, 0.2076835
11370.0, 0.20765178
11380.0, 0.20762011
11390.0, 0.20758852
11400.0, 0.207557
11410.0, 0.20752552
11420.0, 0.20749411
11430.0, 0.20746276
11440.0, 0.20743145
11450.0, 0.20740022
11460.0, 0.20736903
11470.0, 0.20733792
11480.0, 0.20730686
11490.0, 0.20727587
11500.0, 0.20724493
11510.0, 0.20721406
11520.0, 0.20718324
11530.0, 0.20715247
11540.0, 0.20712177
11550.0, 0.20709114
11560.0, 0.20706056
11570.0, 0.20703003
11580.0, 0.20699956
11590.0, 0.20696916
11600.0, 0.2069388
11610.0, 0.20690851
11620.0, 0.20687827
11630.0, 0.2068481
11640.0, 0.20681798
11650.0, 0.20678793
11660.0, 0.20675792
11670.0, 0.20672798
11680.0, 0.20669809
11690.0, 0.20666826
11700.0, 0.20663849
11710.0, 0.20660877
11720.0, 0.20657912
11730.0, 0.20654951
11740.0, 0.20651996
11750.0, 0.20649049
11760.0, 0.20646104
11770.0, 0.20643167
11780.0, 0.20640236
11790.0, 0.2063731
11800.0, 0.20634387
11810.0, 0.20631473
11820.0, 0.20628564
11830.0, 0.2062566
11840.0, 0.20622763
11850.0, 0.20619869
11860.0, 0.20616981
11870.0, 0.20614101
11880.0, 0.20611224
11890.0, 0.20608354
11900.0, 0.20605488
11910.0, 0.2060263
11920.0, 0.20599775
11930.0, 0.20596927
11940.0, 0.20594084
11950.0, 0.20591246
11960.0, 0.20588413
11970.0, 0.20585588
11980.0, 0.20582767
11990.0, 0.2057995
12000.0, 0.20577139
12010.0, 0.20574334
12020.0, 0.20571534
12030.0, 0.2056874
12040.0, 0.20565951
12050.0, 0.20563167
12060.0, 0.2056039
12070.0, 0.20557617
12080.0, 0.2055485
12090.0, 0.20552087
12100.0, 0.2054933
12110.0, 0.2054658
12120.0, 0.20543833
12130.0, 0.20541091
12140.0, 0.20538357
12150.0, 0.20535626
12160.0, 0.205329
12170.0, 0.2053018
12180.0, 0.20527466
12190.0, 0.20524757
12200.0, 0.20522052
12210.0, 0.20519352
12220.0, 0.2051666
12230.0, 0.2051397
12240.0, 0.20511286
12250.0, 0.20508608
12260.0, 0.20505935
12270.0, 0.20503266
12280.0, 0.20500603
12290.0, 0.20497946
12300.0, 0.20495293
12310.0, 0.20492646
12320.0, 0.20490004
12330.0, 0.20487367
12340.0, 0.20484734
12350.0, 0.20482107
12360.0, 0.20479484
12370.0, 0.20476867
12380.0, 0.20474255
12390.0, 0.20471647
12400.0, 0.20469046
12410.0, 0.20466448
12420.0, 0.20463857
12430.0, 0.2046127
12440.0, 0.20458688
12450.0, 0.20456111
12460.0, 0.2045354
12470.0, 0.20450972
12480.0, 0.2044841
12490.0, 0.20445852
12500.0, 0.20443301
12510.0, 0.20440754
12520.0, 0.2043821
12530.0, 0.20435673
12540.0, 0.20433141
12550.0, 0.20430613
12560.0, 0.2042809
12570.0, 0.20425572
12580.0, 0.20423059
12590.0, 0.20420551
12600.0, 0.20418046
12610.0, 0.20415549
12620.0, 0.20413055
12630.0, 0.20410566
12640.0, 0.20408082
12650.0, 0.20405602
12660.0, 0.20403129
12670.0, 0.20400658
12680.0, 0.20398194
12690.0, 0.20395733
12700.0, 0.20393278
12710.0, 0.20390826
12720.0, 0.20388381
12730.0, 0.20385939
12740.0, 0.20383503
12750.0, 0.2038107
12760.0, 0.20378643
12770.0, 0.2037622
12780.0, 0.20373803
12790.0, 0.20371391
12800.0, 0.20368981
12810.0, 0.20366578
12820.0, 0.20364179
12830.0, 0.20361784
12840.0, 0.20359394
12850.0, 0.20357008
12860.0, 0.20354629
12870.0, 0.20352252
12880.0, 0.2034988
12890.0, 0.20347513
12900.0, 0.20345151
12910.0, 0.20342793
12920.0, 0.2034044
12930.0, 0.20338091
12940.0, 0.20335747
12950.0, 0.20333408
12960.0, 0.20331073
12970.0, 0.20328742
12980.0, 0.20326416
12990.0, 0.20324095
13000.0, 0.20321777
13010.0, 0.20319465
13020.0, 0.20317157
13030.0, 0.20314853
13040.0, 0.20312554
13050.0, 0.2031026
13060.0, 0.2030797
13070.0, 0.20305684
13080.0, 0.20303403
13090.0, 0.20301124
13100.0, 0.20298852
13110.0, 0.20296584
13120.0, 0.20294319
13130.0, 0.20292062
13140.0, 0.20289806
13150.0, 0.20287554
13160.0, 0.20285308
13170.0, 0.20283066
13180.0, 0.20280829
13190.0, 0.20278595
13200.0, 0.20276366
13210.0, 0.20274143
13220.0, 0.20271923
13230.0, 0.20269705
13240.0, 0.20267494
13250.0, 0.20265287
13260.0, 0.20263083
13270.0, 0.20260885
13280.0, 0.2025869
13290.0, 0.20256498
13300.0, 0.20254314
13310.0, 0.20252131
13320.0, 0.20249954
13330.0, 0.20247781
13340.0, 0.2024561
13350.0, 0.20243445
13360.0, 0.20241284
13370.0, 0.20239128
13380.0, 0.20236976
13390.0, 0.20234828
13400.0, 0.20232683
13410.0, 0.20230544
13420.0, 0.20228408
13430.0, 0.20226276
13440.0, 0.20224148
13450.0, 0.20222025
13460.0, 0.20219906
13470.0, 0.2021779
13480.0, 0.2021568
13490.0, 0.20213573
13500.0, 0.2021147
13510.0, 0.20209372
13520.0, 0.20207275
13530.0, 0.20205185
13540.0, 0.20203099
13550.0, 0.20201017
13560.0, 0.20198937
13570.0, 0.20196864
13580.0, 0.20194793
13590.0, 0.20192726
13600.0, 0.20190664
13610.0, 0.20188606
13620.0, 0.20186551
13630.0, 0.201845
13640.0, 0.20182455
13650.0, 0.20180412
13660.0, 0.20178373
13670.0, 0.20176339
13680.0, 0.20174308
13690.0, 0.2017228
13700.0, 0.20170258
13710.0, 0.2016824
13720.0, 0.20166224
13730.0, 0.20164214
13740.0, 0.20162207
13750.0, 0.20160203
13760.0, 0.20158204
13770.0, 0.20156209
13780.0, 0.20154217
13790.0, 0.20152229
13800.0, 0.20150246
13810.0, 0.20148265
13820.0, 0.2014629
13830.0, 0.20144318
13840.0, 0.2014235
13850.0, 0.20140384
13860.0, 0.20138423
13870.0, 0.20136467
13880.0, 0.20134513
13890.0, 0.20132564
13900.0, 0.20130618
13910.0, 0.20128678
13920.0, 0.20126738
13930.0, 0.20124803
13940.0, 0.20122874
13950.0, 0.20120947
13960.0, 0.20119025
13970.0, 0.20117106
13980.0, 0.20115189
13990.0, 0.20113277
14000.0, 0.20111369
14010.0, 0.20109466
14020.0, 0.20107564
14030.0, 0.20105667
14040.0, 0.20103775
14050.0, 0.20101884
14060.0, 0.20099999
14070.0, 0.20098117
14080.0, 0.2009624
14090.0, 0.20094363
14100.0, 0.20092492
14110.0, 0.20090625
14120.0, 0.2008876
14130.0, 0.200869
14140.0, 0.20085043
14150.0, 0.2008319
14160.0, 0.20081341
14170.0, 0.20079495
14180.0, 0.20077653
14190.0, 0.20075814
14200.0, 0.2007398
14210.0, 0.20072147
14220.0, 0.20070319
14230.0, 0.20068495
14240.0, 0.20066674
14250.0, 0.20064858
14260.0, 0.20063043
14270.0, 0.20061234
14280.0, 0.20059426
14290.0, 0.20057623
14300.0, 0.20055823
14310.0, 0.20054027
14320.0, 0.20052233
14330.0, 0.20050445
14340.0, 0.20048659
14350.0, 0.20046878
14360.0, 0.20045099
14370.0, 0.20043324
14380.0, 0.2004155
14390.0, 0.20039783
14400.0, 0.20038018
14410.0, 0.20036256
14420.0, 0.20034498
14430.0, 0.20032744
14440.0, 0.20030992
14450.0, 0.20029245
14460.0, 0.200275
14470.0, 0.20025758
14480.0, 0.20024022
14490.0, 0.20022286
14500.0, 0.20020556
14510.0, 0.2001883
14520.0, 0.20017105
14530.0, 0.20015384
14540.0, 0.20013666
14550.0, 0.20011953
14560.0, 0.20010243
14570.0, 0.20008536
14580.0, 0.20006831
14590.0, 0.20005131
14600.0, 0.20003432
14610.0, 0.2000174
14620.0, 0.20000048
14630.0, 0.19998361
14640.0, 0.19996676
14650.0, 0.19994996
14660.0, 0.19993319
14670.0, 0.19991644
14680.0, 0.19989972
14690.0, 0.19988304
14700.0, 0.1998664
14710.0, 0.1998498
14720.0, 0.19983321
14730.0, 0.19981666
14740.0, 0.19980015
14750.0, 0.19978367
14760.0, 0.19976722
14770.0, 0.1997508
14780.0, 0.1997344
14790.0, 0.19971806
14800.0, 0.19970173
14810.0, 0.19968544
14820.0, 0.19966918
14830.0, 0.19965295
14840.0, 0.19963676
14850.0, 0.19962059
14860.0, 0.19960445
14870.0, 0.19958836
14880.0, 0.19957228
14890.0, 0.19955625
14900.0, 0.19954024
14910.0, 0.19952425
14920.0, 0.19950832
14930.0, 0.1994924
14940.0, 0.19947653
14950.0, 0.19946067
14960.0, 0.19944486
14970.0, 0.19942906
14980.0, 0.19941331
14990.0, 0.19939758
15000.0, 0.19938187
15010.0, 0.19936621
15020.0, 0.19935058
15030.0, 0.19933496
15040.0, 0.19931939
15050.0, 0.19930385
15060.0, 0.19928834
15070.0, 0.19927286
15080.0, 0.1992574
15090.0, 0.19924198
15100.0, 0.19922657
15110.0, 0.19921122
15120.0, 0.19919589
15130.0, 0.19918059
15140.0, 0.19916531
15150.0, 0.19915007
15160.0, 0.19913486
15170.0, 0.19911967
15180.0, 0.19910452
15190.0, 0.1990894
15200.0, 0.1990743
15210.0, 0.19905923
15220.0, 0.1990442
15230.0, 0.19902919
15240.0, 0.19901422
15250.0, 0.19899927
15260.0, 0.19898434
15270.0, 0.19896947
15280.0, 0.1989546
15290.0, 0.19893977
15300.0, 0.19892497
15310.0, 0.19891019
15320.0, 0.19889545
15330.0, 0.19888073
15340.0, 0.19886605
15350.0, 0.19885139
15360.0, 0.19883676
15370.0, 0.19882217
15380.0, 0.1988076
15390.0, 0.19879304
15400.0, 0.19877852
15410.0, 0.19876406
15420.0, 0.19874959
15430.0, 0.19873516
15440.0, 0.19872075
15450.0, 0.19870639
15460.0, 0.19869204
15470.0, 0.19867773
15480.0, 0.19866343
15490.0, 0.19864917
15500.0, 0.19863494
15510.0, 0.19862074
15520.0, 0.19860655
15530.0, 0.19859241
15540.0, 0.19857828
15550.0, 0.1985642
15560.0, 0.19855012
15570.0, 0.19853608
15580.0, 0.19852208
15590.0, 0.1985081
15600.0, 0.19849414
15610.0, 0.1984802
15620.0, 0.1984663
15630.0, 0.19845243
15640.0, 0.19843858
15650.0, 0.19842476
15660.0, 0.19841097
15670.0, 0.1983972
15680.0, 0.19838347
15690.0, 0.19836976
15700.0, 0.19835606
15710.0, 0.19834241
15720.0, 0.19832876
15730.0, 0.19831516
15740.0, 0.1983016
15750.0, 0.19828804
15760.0, 0.19827451
15770.0, 0.19826101
15780.0, 0.19824754
15790.0, 0.1982341
15800.0, 0.19822067
15810.0, 0.19820729
15820.0, 0.19819391
15830.0, 0.19818057
15840.0, 0.19816725
15850.0, 0.19815396
15860.0, 0.19814071
15870.0, 0.19812746
15880.0, 0.19811426
15890.0, 0.19810107
15900.0, 0.19808792
15910.0, 0.19807479
15920.0, 0.19806167
15930.0, 0.19804859
15940.0, 0.19803552
15950.0, 0.1980225
15960.0, 0.1980095
15970.0, 0.19799653
15980.0, 0.19798356
15990.0, 0.19797064
16000.0, 0.19795774
16010.0, 0.19794486
16020.0, 0.197932
16030.0, 0.19791918
16040.0, 0.19790637
16050.0, 0.1978936
16060.0, 0.19788085
16070.0, 0.19786812
16080.0, 0.19785543
16090.0, 0.19784275
16100.0, 0.19783008
16110.0, 0.19781746
16120.0, 0.19780487
16130.0, 0.19779228
16140.0, 0.19777973
16150.0, 0.1977672
16160.0, 0.1977547
16170.0, 0.19774222
16180.0, 0.19772975
16190.0, 0.19771734
16200.0, 0.19770493
16210.0, 0.19769254
16220.0, 0.19768019
16230.0, 0.19766785
16240.0, 0.19765554
16250.0, 0.19764327
16260.0, 0.197631
16270.0, 0.19761877
16280.0, 0.19760655
16290.0, 0.19759436
16300.0, 0.1975822
16310.0, 0.19757007
16320.0, 0.19755794
16330.0, 0.19754586
16340.0, 0.19753379
16350.0, 0.19752173
16360.0, 0.1975097
16370.0, 0.19749771
16380.0, 0.19748574
16390.0, 0.1974738
16400.0, 0.19746186
16410.0, 0.19744995
16420.0, 0.19743808
16430.0, 0.19742621
16440.0, 0.19741438
16450.0, 0.19740257
16460.0, 0.19739078
16470.0, 0.19737902
16480.0, 0.19736728
16490.0, 0.19735555
16500.0, 0.19734386
16510.0, 0.19733219
16520.0, 0.19732055
16530.0, 0.19730891
16540.0, 0.19729732
16550.0, 0.19728573
16560.0, 0.19727418
16570.0, 0.19726264
16580.0, 0.19725113
16590.0, 0.19723964
16600.0, 0.19722816
16610.0, 0.19721672
16620.0, 0.1972053
16630.0, 0.1971939
16640.0, 0.19718252
16650.0, 0.19717117
16660.0, 0.19715984
16670.0, 0.19714853
16680.0, 0.19713724
16690.0, 0.19712597
16700.0, 0.19711472
16710.0, 0.1971035
16720.0, 0.19709231
16730.0, 0.19708112
16740.0, 0.19706997
16750.0, 0.19705884
16760.0, 0.19704773
16770.0, 0.19703664
16780.0, 0.19702557
16790.0, 0.19701453
16800.0, 0.19700348
16810.0, 0.19699249
16820.0, 0.1969815
16830.0, 0.19697055
16840.0, 0.19695961
16850.0, 0.19694869
16860.0, 0.1969378
16870.0, 0.19692692
16880.0, 0.19691607
16890.0, 0.19690524
16900.0, 0.19689444
16910.0, 0.19688365
16920.0, 0.19687288
16930.0, 0.19686213
16940.0, 0.1968514
16950.0, 0.1968407
16960.0, 0.19683002
16970.0, 0.19681937
16980.0, 0.19680871
16990.0, 0.1967981
17000.0, 0.19678749
17010.0, 0.19677691
17020.0, 0.19676636
17030.0, 0.19675583
17040.0, 0.1967453
17050.0, 0.19673482
17060.0, 0.19672434
17070.0, 0.19671388
17080.0, 0.19670345
17090.0, 0.19669303
17100.0, 0.19668263
17110.0, 0.19667228
17120.0, 0.19666192
17130.0, 0.1966516
17140.0, 0.19664128
17150.0, 0.196631
17160.0, 0.19662072
17170.0, 0.19661048
17180.0, 0.19660023
17190.0, 0.19659004
17200.0, 0.19657984
17210.0, 0.19656968
17220.0, 0.19655953
17230.0, 0.19654939
17240.0, 0.19653928
17250.0, 0.1965292
17260.0, 0.19651912
17270.0, 0.19650906
17280.0, 0.19649905
17290.0, 0.19648904
17300.0, 0.19647905
17310.0, 0.19646907
17320.0, 0.19645913
17330.0, 0.19644919
17340.0, 0.19643927
17350.0, 0.19642939
17360.0, 0.1964195
17370.0, 0.19640966
17380.0, 0.19639982
17390.0, 0.19639002
17400.0, 0.19638021
17410.0, 0.19637044
17420.0, 0.19636068
17430.0, 0.19635095
17440.0, 0.19634123
17450.0, 0.19633152
17460.0, 0.19632185
17470.0, 0.19631219
17480.0, 0.19630255
17490.0, 0.19629292
17500.0, 0.19628331
17510.0, 0.19627373
17520.0, 0.19626416
17530.0, 0.19625463
17540.0, 0.19624509
17550.0, 0.19623558
17560.0, 0.19622608
17570.0, 0.19621661
17580.0, 0.19620717
17590.0, 0.19619773
17600.0, 0.19618832
17610.0, 0.19617891
17620.0, 0.19616954
17630.0, 0.19616017
17640.0, 0.19615082
17650.0, 0.19614151
17660.0, 0.1961322
17670.0, 0.19612291
17680.0, 0.19611365
17690.0, 0.19610439
17700.0, 0.19609517
17710.0, 0.19608594
17720.0, 0.19607675
17730.0, 0.19606757
17740.0, 0.1960584
17750.0, 0.19604927
17760.0, 0.19604015
17770.0, 0.19603103
17780.0, 0.19602196
17790.0, 0.19601288
17800.0, 0.19600382
17810.0, 0.1959948
17820.0, 0.19598578
17830.0, 0.19597678
17840.0, 0.19596781
17850.0, 0.19595884
17860.0, 0.1959499
17870.0, 0.19594097
17880.0, 0.19593205
17890.0, 0.19592316
17900.0, 0.19591428
17910.0, 0.19590543
17920.0, 0.19589658
17930.0, 0.19588777
17940.0, 0.19587897
17950.0, 0.19587018
17960.0, 0.1958614
17970.0, 0.19585265
17980.0, 0.1958439
17990.0, 0.1958352
18000.0, 0.19582649
18010.0, 0.19581781
18020.0, 0.19580914
18030.0, 0.1958005
18040.0, 0.19579186
18050.0, 0.19578324
18060.0, 0.19577464
18070.0, 0.19576606
18080.0, 0.1957575
18090.0, 0.19574896
18100.0, 0.19574043
18110.0, 0.19573191
18120.0, 0.19572341
18130.0, 0.19571492
18140.0, 0.19570646
18150.0, 0.19569802
18160.0, 0.19568959
18170.0, 0.19568117
18180.0, 0.19567278
18190.0, 0.19566439
18200.0, 0.19565603
18210.0, 0.19564769
18220.0, 0.19563936
18230.0, 0.19563104
18240.0, 0.19562274
18250.0, 0.19561446
18260.0, 0.19560619
18270.0, 0.19559793
18280.0, 0.1955897
18290.0, 0.1955815
18300.0, 0.1955733
18310.0, 0.1955651
18320.0, 0.19555694
18330.0, 0.19554879
18340.0, 0.19554065
18350.0, 0.19553253
18360.0, 0.19552442
18370.0, 0.19551633
18380.0, 0.19550827
18390.0, 0.19550021
18400.0, 0.19549218
18410.0, 0.19548415
18420.0, 0.19547613
18430.0, 0.19546814
18440.0, 0.19546017
18450.0, 0.1954522
18460.0, 0.19544427
18470.0, 0.19543633
18480.0, 0.19542842
18490.0, 0.19542052
18500.0, 0.19541264
18510.0, 0.19540477
18520.0, 0.19539693
18530.0, 0.19538908
18540.0, 0.19538125
18550.0, 0.19537345
18560.0, 0.19536567
18570.0, 0.19535789
18580.0, 0.19535013
18590.0, 0.19534239
18600.0, 0.19533466
18610.0, 0.19532695
18620.0, 0.19531925
18630.0, 0.19531158
18640.0, 0.1953039
18650.0, 0.19529624
18660.0, 0.19528861
18670.0, 0.19528098
18680.0, 0.19527338
18690.0, 0.19526578
18700.0, 0.19525822
18710.0, 0.19525066
18720.0, 0.1952431
18730.0, 0.19523558
18740.0, 0.19522806
18750.0, 0.19522054
18760.0, 0.19521306
18770.0, 0.19520558
18780.0, 0.19519813
18790.0, 0.19519068
18800.0, 0.19518326
18810.0, 0.19517584
18820.0, 0.19516845
18830.0, 0.19516106
18840.0, 0.1951537
18850.0, 0.19514634
18860.0, 0.195139
18870.0, 0.19513167
18880.0, 0.19512436
18890.0, 0.19511707
18900.0, 0.19510978
18910.0, 0.19510251
18920.0, 0.19509526
18930.0, 0.19508801
18940.0, 0.1950808
18950.0, 0.19507359
18960.0, 0.19506639
18970.0, 0.19505921
18980.0, 0.19505203
18990.0, 0.19504488
19000.0, 0.19503774
19010.0, 0.19503061
19020.0, 0.19502349
19030.0, 0.1950164
19040.0, 0.19500932
19050.0, 0.19500224
19060.0, 0.1949952
19070.0, 0.19498816
19080.0, 0.19498113
19090.0, 0.19497411
19100.0, 0.19496712
19110.0, 0.19496013
19120.0, 0.19495316
19130.0, 0.1949462
19140.0, 0.19493926
19150.0, 0.19493231
19160.0, 0.1949254
19170.0, 0.1949185
19180.0, 0.1949116
19190.0, 0.19490473
19200.0, 0.19489788
19210.0, 0.194891
19220.0, 0.19488418
19230.0, 0.19487736
19240.0, 0.19487055
19250.0, 0.19486375
19260.0, 0.19485697
19270.0, 0.1948502
19280.0, 0.19484346
19290.0, 0.1948367
19300.0, 0.19482999
19310.0, 0.19482327
19320.0, 0.19481657
19330.0, 0.19480987
19340.0, 0.1948032
19350.0, 0.19479653
19360.0, 0.1947899
19370.0, 0.19478326
19380.0, 0.19477662
19390.0, 0.19477002
19400.0, 0.19476342
19410.0, 0.19475685
19420.0, 0.19475028
19430.0, 0.19474371
19440.0, 0.19473717
19450.0, 0.19473064
19460.0, 0.19472411
19470.0, 0.19471762
19480.0, 0.19471112
19490.0, 0.19470464
19500.0, 0.19469817
19510.0, 0.19469172
19520.0, 0.19468528
19530.0, 0.19467886
19540.0, 0.19467244
19550.0, 0.19466604
19560.0, 0.19465964
19570.0, 0.19465327
19580.0, 0.19464691
19590.0, 0.19464055
19600.0, 0.1946342
19610.0, 0.19462788
19620.0, 0.19462156
19630.0, 0.19461526
19640.0, 0.19460897
19650.0, 0.1946027
19660.0, 0.19459642
19670.0, 0.19459018
19680.0, 0.19458394
19690.0, 0.19457771
19700.0, 0.1945715
19710.0, 0.1945653
19720.0, 0.1945591
19730.0, 0.19455293
19740.0, 0.19454674
19750.0, 0.1945406
19760.0, 0.19453447
19770.0, 0.19452833
19780.0, 0.19452222
19790.0, 0.1945161
19800.0, 0.19451
19810.0, 0.19450392
19820.0, 0.19449785
19830.0, 0.1944918
19840.0, 0.19448575
19850.0, 0.19447973
19860.0, 0.1944737
19870.0, 0.1944677
19880.0, 0.19446169
19890.0, 0.19445571
19900.0, 0.19444974
19910.0, 0.19444378
19920.0, 0.19443782
19930.0, 0.19443189
19940.0, 0.19442596
19950.0, 0.19442004
19960.0, 0.19441414
19970.0, 0.19440824
19980.0, 0.19440237
19990.0, 0.1943965
20000.0, 0.19439064
20010.0, 0.1943848
20020.0, 0.19437897
20030.0, 0.19437313
20040.0, 0.19436733
20050.0, 0.19436154
20060.0, 0.19435574
20070.0, 0.19434996
20080.0, 0.19434421
20090.0, 0.19433846
20100.0, 0.1943327
20110.0, 0.19432698
20120.0, 0.19432126
20130.0, 0.19431555
20140.0, 0.19430985
20150.0, 0.19430417
20160.0, 0.19429849
20170.0, 0.19429283
20180.0, 0.1942872
20190.0, 0.19428155
20200.0, 0.19427592
20210.0, 0.1942703
20220.0, 0.1942647
20230.0, 0.19425909
20240.0, 0.1942535
20250.0, 0.19424795
20260.0, 0.19424237
20270.0, 0.19423681
20280.0, 0.19423129
20290.0, 0.19422576
20300.0, 0.19422023
20310.0, 0.19421472
20320.0, 0.19420923
20330.0, 0.19420375
20340.0, 0.19419827
20350.0, 0.1941928
20360.0, 0.19418734
20370.0, 0.1941819
20380.0, 0.19417648
20390.0, 0.19417106
20400.0, 0.19416565
20410.0, 0.19416025
20420.0, 0.19415486
20430.0, 0.19414948
20440.0, 0.19414413
20450.0, 0.19413877
20460.0, 0.19413342
20470.0, 0.19412808
20480.0, 0.19412276
20490.0, 0.19411744
20500.0, 0.19411214
20510.0, 0.19410685
20520.0, 0.19410156
20530.0, 0.1940963
20540.0, 0.19409104
20550.0, 0.19408578
20560.0, 0.19408053
20570.0, 0.1940753
20580.0, 0.19407009
20590.0, 0.19406487
20600.0, 0.19405968
20610.0, 0.19405448
20620.0, 0.1940493
20630.0, 0.19404414
20640.0, 0.19403899
20650.0, 0.19403383
20660.0, 0.19402869
20670.0, 0.19402358
20680.0, 0.19401845
20690.0, 0.19401334
20700.0, 0.19400826
20710.0, 0.19400316
20720.0, 0.19399808
20730.0, 0.19399302
20740.0, 0.19398797
20750.0, 0.19398291
20760.0, 0.19397788
20770.0, 0.19397284
20780.0, 0.19396783
20790.0, 0.19396283
20800.0, 0.19395784
20810.0, 0.19395284
20820.0, 0.19394787
20830.0, 0.1939429
20840.0, 0.19393794
20850.0, 0.193933
20860.0, 0.19392806
20870.0, 0.19392312
20880.0, 0.19391821
20890.0, 0.19391331
20900.0, 0.19390841
20910.0, 0.1939035
20920.0, 0.19389863
20930.0, 0.19389376
20940.0, 0.1938889
20950.0, 0.19388406
20960.0, 0.1938792
20970.0, 0.19387439
20980.0, 0.19386956
20990.0, 0.19386475
21000.0, 0.19385995
21010.0, 0.19385515
21020.0, 0.19385037
21030.0, 0.1938456
21040.0, 0.19384083
21050.0, 0.19383608
21060.0, 0.19383134
21070.0, 0.1938266
21080.0, 0.19382186
21090.0, 0.19381715
21100.0, 0.19381244
21110.0, 0.19380774
21120.0, 0.19380306
21130.0, 0.19379838
21140.0, 0.19379371
21150.0, 0.19378905
21160.0, 0.19378439
21170.0, 0.19377975
21180.0, 0.19377512
21190.0, 0.19377048
21200.0, 0.19376588
21210.0, 0.19376127
21220.0, 0.19375667
21230.0, 0.19375208
21240.0, 0.1937475
21250.0, 0.19374295
21260.0, 0.19373837
21270.0, 0.19373383
21280.0, 0.19372928
21290.0, 0.19372475
21300.0, 0.19372022
21310.0, 0.1937157
21320.0, 0.1937112
21330.0, 0.1937067
21340.0, 0.19370222
21350.0, 0.19369774
21360.0, 0.19369327
21370.0, 0.19368881
21380.0, 0.19368435
21390.0, 0.19367991
21400.0, 0.19367547
21410.0, 0.19367103
21420.0, 0.19366662
21430.0, 0.19366221
21440.0, 0.19365782
21450.0, 0.19365342
21460.0, 0.19364905
21470.0, 0.19364467
21480.0, 0.1936403
21490.0, 0.19363594
21500.0, 0.1936316
21510.0, 0.19362727
21520.0, 0.19362293
21530.0, 0.1936186
21540.0, 0.19361429
21550.0, 0.19361
21560.0, 0.19360569
21570.0, 0.1936014
21580.0, 0.19359712
21590.0, 0.19359285
21600.0, 0.1935886
21610.0, 0.19358434
21620.0, 0.19358009
21630.0, 0.19357586
21640.0, 0.19357163
21650.0, 0.1935674
21660.0, 0.1935632
21670.0, 0.19355899
21680.0, 0.19355479
21690.0, 0.1935506
21700.0, 0.19354643
21710.0, 0.19354226
21720.0, 0.19353808
21730.0, 0.19353394
21740.0, 0.1935298
21750.0, 0.19352566
21760.0, 0.19352153
21770.0, 0.1935174
21780.0, 0.1935133
21790.0, 0.19350919
21800.0, 0.1935051
21810.0, 0.19350101
21820.0, 0.19349693
21830.0, 0.19349284
21840.0, 0.19348879
21850.0, 0.19348474
21860.0, 0.19348069
21870.0, 0.19347665
21880.0, 0.19347261
21890.0, 0.19346859
21900.0, 0.19346458
21910.0, 0.19346057
21920.0, 0.19345656
21930.0, 0.19345257
21940.0, 0.19344859
21950.0, 0.19344461
21960.0, 0.19344065
21970.0, 0.19343668
21980.0, 0.19343273
21990.0, 0.19342878
22000.0, 0.19342485
22010.0, 0.19342092
22020.0, 0.193417
22030.0, 0.1934131
22040.0, 0.19340917
22050.0, 0.19340529
22060.0, 0.1934014
22070.0, 0.1933975
22080.0, 0.19339365
22090.0, 0.19338977
22100.0, 0.19338591
22110.0, 0.19338207
22120.0, 0.19337822
22130.0, 0.19337438
22140.0, 0.19337055
22150.0, 0.19336672
22160.0, 0.19336292
22170.0, 0.1933591
22180.0, 0.19335532
22190.0, 0.19335152
22200.0, 0.19334774
22210.0, 0.19334397
22220.0, 0.1933402
22230.0, 0.19333644
22240.0, 0.19333269
22250.0, 0.19332893
22260.0, 0.1933252
22270.0, 0.19332147
22280.0, 0.19331774
22290.0, 0.19331403
22300.0, 0.19331032
22310.0, 0.19330661
22320.0, 0.19330293
22330.0, 0.19329923
22340.0, 0.19329555
22350.0, 0.19329189
22360.0, 0.19328822
22370.0, 0.19328457
22380.0, 0.19328092
22390.0, 0.19327727
22400.0, 0.19327363
22410.0, 0.19327
22420.0, 0.19326639
22430.0, 0.19326277
22440.0, 0.19325916
22450.0, 0.19325557
22460.0, 0.19325198
22470.0, 0.19324838
22480.0, 0.19324481
22490.0, 0.19324124
22500.0, 0.19323768
22510.0, 0.19323412
22520.0, 0.19323057
22530.0, 0.19322702
22540.0, 0.19322349
22550.0, 0.19321996
22560.0, 0.19321644
22570.0, 0.19321293
22580.0, 0.19320941
22590.0, 0.19320591
22600.0, 0.19320242
22610.0, 0.19319893
22620.0, 0.19319545
22630.0, 0.19319198
22640.0, 0.19318852
22650.0, 0.19318505
22660.0, 0.1931816
22670.0, 0.19317816
22680.0, 0.19317472
22690.0, 0.19317128
22700.0, 0.19316787
22710.0, 0.19316444
22720.0, 0.19316104
22730.0, 0.19315763
22740.0, 0.19315423
22750.0, 0.19315083
22760.0, 0.19314745
22770.0, 0.19314407
22780.0, 0.1931407
22790.0, 0.19313733
22800.0, 0.19313398
22810.0, 0.19313063
22820.0, 0.19312729
22830.0, 0.19312395
22840.0, 0.19312061
22850.0, 0.1931173
22860.0, 0.19311398
22870.0, 0.19311067
22880.0, 0.19310737
22890.0, 0.19310406
22900.0, 0.19310078
22910.0, 0.1930975
22920.0, 0.19309421
22930.0, 0.19309093
22940.0, 0.19308768
22950.0, 0.19308442
22960.0, 0.19308117
22970.0, 0.19307792
22980.0, 0.19307467
22990.0, 0.19307144
23000.0, 0.19306822
23010.0, 0.193065
23020.0, 0.19306178
23030.0, 0.19305858
23040.0, 0.19305538
23050.0, 0.19305219
23060.0, 0.193049
23070.0, 0.19304581
23080.0, 0.19304264
23090.0, 0.19303946
23100.0, 0.1930363
23110.0, 0.19303314
23120.0, 0.19303
23130.0, 0.19302686
23140.0, 0.19302371
23150.0, 0.19302058
23160.0, 0.19301745
23170.0, 0.19301434
23180.0, 0.19301124
23190.0, 0.19300812
23200.0, 0.19300503
23210.0, 0.19300193
23220.0, 0.19299884
23230.0, 0.19299576
23240.0, 0.19299267
23250.0, 0.1929896
23260.0, 0.19298655
23270.0, 0.1929835
23280.0, 0.19298044
23290.0, 0.1929774
23300.0, 0.19297434
23310.0, 0.19297132
23320.0, 0.1929683
23330.0, 0.19296527
23340.0, 0.19296226
23350.0, 0.19295925
23360.0, 0.19295624
23370.0, 0.19295324
23380.0, 0.19295026
23390.0, 0.19294727
23400.0, 0.19294429
23410.0, 0.19294132
23420.0, 0.19293834
23430.0, 0.19293538
23440.0, 0.19293243
23450.0, 0.19292948
23460.0, 0.19292654
23470.0, 0.1929236
23480.0, 0.19292067
23490.0, 0.19291775
23500.0, 0.19291481
23510.0, 0.1929119
23520.0, 0.192909
23530.0, 0.1929061
23540.0, 0.1929032
23550.0, 0.1929003
23560.0, 0.19289741
23570.0, 0.19289453
23580.0, 0.19289167
23590.0, 0.1928888
23600.0, 0.19288594
23610.0, 0.19288307
23620.0, 0.19288021
23630.0, 0.19287737
23640.0, 0.19287454
23650.0, 0.1928717
23660.0, 0.19286887
23670.0, 0.19286606
23680.0, 0.19286323
23690.0, 0.19286042
23700.0, 0.19285761
23710.0, 0.1928548
23720.0, 0.19285202
23730.0, 0.19284922
23740.0, 0.19284643
23750.0, 0.19284366
23760.0, 0.19284089
23770.0, 0.19283812
23780.0, 0.19283536
23790.0, 0.19283259
23800.0, 0.19282985
23810.0, 0.1928271
23820.0, 0.19282436
23830.0, 0.19282164
23840.0, 0.1928189
23850.0, 0.19281617
23860.0, 0.19281346
23870.0, 0.19281074
23880.0, 0.19280803
23890.0, 0.19280533
23900.0, 0.19280264
23910.0, 0.19279996
23920.0, 0.19279726
23930.0, 0.19279458
23940.0, 0.19279191
23950.0, 0.19278924
23960.0, 0.19278657
23970.0, 0.1927839
23980.0, 0.19278125
23990.0, 0.1927786
24000.0, 0.19277595
24010.0, 0.19277333
24020.0, 0.19277069
24030.0, 0.19276807
24040.0, 0.19276543
24050.0, 0.19276282
24060.0, 0.19276021
24070.0, 0.1927576
24080.0, 0.192755
24090.0, 0.1927524
24100.0, 0.19274981
24110.0, 0.19274722
24120.0, 0.19274464
24130.0, 0.19274206
24140.0, 0.1927395
24150.0, 0.19273692
24160.0, 0.19273438
24170.0, 0.19273181
24180.0, 0.19272926
24190.0, 0.19272672
24200.0, 0.19272417
24210.0, 0.19272164
24220.0, 0.19271912
24230.0, 0.19271658
24240.0, 0.19271407
24250.0, 0.19271155
24260.0, 0.19270903
24270.0, 0.19270654
24280.0, 0.19270404
24290.0, 0.19270153
24300.0, 0.19269904
24310.0, 0.19269656
24320.0, 0.19269408
24330.0, 0.19269161
24340.0, 0.19268914
24350.0, 0.19268668
24360.0, 0.1926842
24370.0, 0.19268176
24380.0, 0.1926793
24390.0, 0.19267686
24400.0, 0.19267441
24410.0, 0.19267197
24420.0, 0.19266954
24430.0, 0.19266711
24440.0, 0.1926647
24450.0, 0.19266227
24460.0, 0.19265987
24470.0, 0.19265746
24480.0, 0.19265506
24490.0, 0.19265266
24500.0, 0.19265027
24510.0, 0.19264787
24520.0, 0.19264549
24530.0, 0.19264312
24540.0, 0.19264075
24550.0, 0.19263837
24560.0, 0.19263601
24570.0, 0.19263364
24580.0, 0.1926313
24590.0, 0.19262893
24600.0, 0.1926266
24610.0, 0.19262426
24620.0, 0.19262192
24630.0, 0.19261959
24640.0, 0.19261725
24650.0, 0.19261494
24660.0, 0.19261262
24670.0, 0.19261031
24680.0, 0.192608
24690.0, 0.19260569
24700.0, 0.1926034
24710.0, 0.1926011
24720.0, 0.1925988
24730.0, 0.19259652
24740.0, 0.19259425
24750.0, 0.19259197
24760.0, 0.1925897
24770.0, 0.19258742
24780.0, 0.19258517
24790.0, 0.1925829
24800.0, 0.19258066
24810.0, 0.19257839
24820.0, 0.19257616
24830.0, 0.1925739
24840.0, 0.19257168
24850.0, 0.19256945
24860.0, 0.19256721
24870.0, 0.192565
24880.0, 0.19256279
24890.0, 0.19256055
24900.0, 0.19255835
24910.0, 0.19255614
24920.0, 0.19255394
24930.0, 0.19255175
24940.0, 0.19254956
24950.0, 0.19254737
24960.0, 0.19254519
24970.0, 0.192543
24980.0, 0.19254082
24990.0, 0.19253866
25000.0, 0.1925365
25010.0, 0.19253433
25020.0, 0.19253218
25030.0, 0.19253002
25040.0, 0.19252788
25050.0, 0.19252573
25060.0, 0.19252358
25070.0, 0.19252145
25080.0, 0.19251932
25090.0, 0.1925172
25100.0, 0.19251508
25110.0, 0.19251296
25120.0, 0.19251083
25130.0, 0.19250873
25140.0, 0.19250663
25150.0, 0.19250451
25160.0, 0.19250242
25170.0, 0.19250032
25180.0, 0.19249824
25190.0, 0.19249615
25200.0, 0.19249406
25210.0, 0.192492
25220.0, 0.19248992
25230.0, 0.19248785
25240.0, 0.19248578
25250.0, 0.19248372
25260.0, 0.19248167
25270.0, 0.19247961
25280.0, 0.19247757
25290.0, 0.19247553
25300.0, 0.19247347
25310.0, 0.19247144
25320.0, 0.1924694
25330.0, 0.19246739
25340.0, 0.19246536
25350.0, 0.19246334
25360.0, 0.19246133
25370.0, 0.19245932
25380.0, 0.1924573
25390.0, 0.1924553
25400.0, 0.19245331
25410.0, 0.1924513
25420.0, 0.19244932
25430.0, 0.19244732
25440.0, 0.19244534
25450.0, 0.19244336
25460.0, 0.19244139
25470.0, 0.1924394
25480.0, 0.19243744
25490.0, 0.19243549
25500.0, 0.19243352
25510.0, 0.19243155
25520.0, 0.1924296
25530.0, 0.19242766
25540.0, 0.19242571
25550.0, 0.19242378
25560.0, 0.19242184
25570.0, 0.1924199
25580.0, 0.19241798
25590.0, 0.19241604
25600.0, 0.19241412
25610.0, 0.19241221
25620.0, 0.19241029
25630.0, 0.19240838
25640.0, 0.19240648
25650.0, 0.19240457
25660.0, 0.19240268
25670.0, 0.19240078
25680.0, 0.19239889
25690.0, 0.19239701
25700.0, 0.19239512
25710.0, 0.19239324
25720.0, 0.19239135
25730.0, 0.19238949
25740.0, 0.19238763
25750.0, 0.19238576
25760.0, 0.19238389
25770.0, 0.19238204
25780.0, 0.19238017
25790.0, 0.19237834
25800.0, 0.19237648
25810.0, 0.19237463
25820.0, 0.1923728
25830.0, 0.19237097
25840.0, 0.19236913
25850.0, 0.19236732
25860.0, 0.19236548
25870.0, 0.19236366
25880.0, 0.19236185
25890.0, 0.19236003
25900.0, 0.19235821
25910.0, 0.19235642
25920.0, 0.1923546
25930.0, 0.19235282
25940.0, 0.19235101
25950.0, 0.19234923
25960.0, 0.19234742
25970.0, 0.19234565
25980.0, 0.19234386
25990.0, 0.19234209
26000.0, 0.19234031
26010.0, 0.19233854
26020.0, 0.19233678
26030.0, 0.19233501
26040.0, 0.19233325
26050.0, 0.1923315
26060.0, 0.19232975
26070.0, 0.19232799
26080.0, 0.19232625
26090.0, 0.1923245
26100.0, 0.19232278
26110.0, 0.19232103
26120.0, 0.1923193
26130.0, 0.19231756
26140.0, 0.19231583
26150.0, 0.19231412
26160.0, 0.1923124
26170.0, 0.19231069
26180.0, 0.19230898
26190.0, 0.19230726
26200.0, 0.19230555
26210.0, 0.19230385
26220.0, 0.19230215
26230.0, 0.19230047
26240.0, 0.19229878
26250.0, 0.19229709
26260.0, 0.1922954
26270.0, 0.19229372
26280.0, 0.19229203
26290.0, 0.19229037
26300.0, 0.1922887
26310.0, 0.19228703
26320.0, 0.19228536
26330.0, 0.1922837
26340.0, 0.19228204
26350.0, 0.19228038
26360.0, 0.19227874
26370.0, 0.19227709
26380.0, 0.19227545
26390.0, 0.19227381
26400.0, 0.19227216
26410.0, 0.19227053
26420.0, 0.1922689
26430.0, 0.19226727
26440.0, 0.19226564
26450.0, 0.19226402
26460.0, 0.19226241
26470.0, 0.19226079
26480.0, 0.19225918
26490.0, 0.19225757
26500.0, 0.19225596
26510.0, 0.19225436
26520.0, 0.19225276
26530.0, 0.19225116
26540.0, 0.19224957
26550.0, 0.19224797
26560.0, 0.19224639
26570.0, 0.1922448
26580.0, 0.19224322
26590.0, 0.19224165
26600.0, 0.19224007
26610.0, 0.19223851
26620.0, 0.19223693
26630.0, 0.19223537
26640.0, 0.19223382
26650.0, 0.19223225
26660.0, 0.1922307
26670.0, 0.19222914
26680.0, 0.1922276
26690.0, 0.19222605
26700.0, 0.1922245
26710.0, 0.19222297
26720.0, 0.19222143
26730.0, 0.1922199
26740.0, 0.19221836
26750.0, 0.19221683
26760.0, 0.19221531
26770.0, 0.19221379
26780.0, 0.19221227
26790.0, 0.19221075
26800.0, 0.19220924
26810.0, 0.19220772
26820.0, 0.19220622
26830.0, 0.19220473
26840.0, 0.19220321
26850.0, 0.19220172
26860.0, 0.19220023
26870.0, 0.19219874
26880.0, 0.19219725
26890.0, 0.19219577
26900.0, 0.19219428
26910.0, 0.1921928
26920.0, 0.19219132
26930.0, 0.19218986
26940.0, 0.19218838
26950.0, 0.1921869
26960.0, 0.19218545
26970.0, 0.19218399
26980.0, 0.19218253
26990.0, 0.19218107
27000.0, 0.1921796
27010.0, 0.19217816
27020.0, 0.19217671
27030.0, 0.19217527
27040.0, 0.19217382
27050.0, 0.1921724
27060.0, 0.19217095
27070.0, 0.19216952
27080.0, 0.19216809
27090.0, 0.19216667
27100.0, 0.19216524
27110.0, 0.19216381
27120.0, 0.1921624
27130.0, 0.19216098
27140.0, 0.19215956
27150.0, 0.19215816
27160.0, 0.19215675
27170.0, 0.19215535
27180.0, 0.19215395
27190.0, 0.19215254
27200.0, 0.19215114
27210.0, 0.19214976
27220.0, 0.19214836
27230.0, 0.19214697
27240.0, 0.19214559
27250.0, 0.19214422
27260.0, 0.19214281
27270.0, 0.19214144
27280.0, 0.19214007
27290.0, 0.1921387
27300.0, 0.19213733
27310.0, 0.19213597
27320.0, 0.1921346
27330.0, 0.19213323
27340.0, 0.19213188
27350.0, 0.19213054
27360.0, 0.19212918
27370.0, 0.19212782
27380.0, 0.19212648
27390.0, 0.19212513
27400.0, 0.19212379
27410.0, 0.19212246
27420.0, 0.19212112
27430.0, 0.19211979
27440.0, 0.19211845
27450.0, 0.19211712
27460.0, 0.1921158
27470.0, 0.19211447
27480.0, 0.19211315
27490.0, 0.19211183
27500.0, 0.19211051
27510.0, 0.19210921
27520.0, 0.19210789
27530.0, 0.19210659
27540.0, 0.19210528
27550.0, 0.19210398
27560.0, 0.19210269
27570.0, 0.19210139
27580.0, 0.1921001
27590.0, 0.1920988
27600.0, 0.1920975
27610.0, 0.19209622
27620.0, 0.19209494
27630.0, 0.19209366
27640.0, 0.19209237
27650.0, 0.19209109
27660.0, 0.19208983
27670.0, 0.19208856
27680.0, 0.1920873
27690.0, 0.19208601
27700.0, 0.19208476
27710.0, 0.1920835
27720.0, 0.19208223
27730.0, 0.19208097
27740.0, 0.19207972
27750.0, 0.19207847
27760.0, 0.19207722
27770.0, 0.19207598
27780.0, 0.19207473
27790.0, 0.19207348
27800.0, 0.19207226
27810.0, 0.19207102
27820.0, 0.19206978
27830.0, 0.19206855
27840.0, 0.19206731
27850.0, 0.19206609
27860.0, 0.19206487
27870.0, 0.19206364
27880.0, 0.19206242
27890.0, 0.19206122
27900.0, 0.19206
27910.0, 0.19205879
27920.0, 0.19205758
27930.0, 0.19205637
27940.0, 0.19205517
27950.0, 0.19205396
27960.0, 0.19205277
27970.0, 0.19205156
27980.0, 0.19205037
27990.0, 0.19204918
28000.0, 0.192048
28010.0, 0.19204679
28020.0, 0.19204561
28030.0, 0.19204444
28040.0, 0.19204324
28050.0, 0.19204207
28060.0, 0.19204089
28070.0, 0.19203973
28080.0, 0.19203855
28090.0, 0.19203737
28100.0, 0.19203621
28110.0, 0.19203505
28120.0, 0.19203389
28130.0, 0.19203272
28140.0, 0.19203156
28150.0, 0.19203041
28160.0, 0.19202925
28170.0, 0.1920281
28180.0, 0.19202697
28190.0, 0.19202581
28200.0, 0.19202466
28210.0, 0.19202353
28220.0, 0.19202238
28230.0, 0.19202125
28240.0, 0.19202012
28250.0, 0.19201899
28260.0, 0.19201785
28270.0, 0.19201672
28280.0, 0.1920156
28290.0, 0.19201449
28300.0, 0.19201335
28310.0, 0.19201224
28320.0, 0.19201113
28330.0, 0.19201002
28340.0, 0.1920089
28350.0, 0.19200778
28360.0, 0.19200668
28370.0, 0.19200556
28380.0, 0.19200446
28390.0, 0.19200335
28400.0, 0.19200227
28410.0, 0.19200116
28420.0, 0.19200008
28430.0, 0.19199899
28440.0, 0.1919979
28450.0, 0.19199681
28460.0, 0.19199571
28470.0, 0.19199464
28480.0, 0.19199355
28490.0, 0.19199248
28500.0, 0.19199139
28510.0, 0.19199033
28520.0, 0.19198924
28530.0, 0.19198819
28540.0, 0.19198711
28550.0, 0.19198604
28560.0, 0.19198498
28570.0, 0.19198391
28580.0, 0.19198287
28590.0, 0.19198179
28600.0, 0.19198073
28610.0, 0.19197968
28620.0, 0.19197863
28630.0, 0.19197759
28640.0, 0.19197653
28650.0, 0.19197549
28660.0, 0.19197445
28670.0, 0.1919734
28680.0, 0.19197236
28690.0, 0.19197133
28700.0, 0.1919703
28710.0, 0.19196926
28720.0, 0.19196823
28730.0, 0.1919672
28740.0, 0.19196618
28750.0, 0.19196515
28760.0, 0.19196413
28770.0, 0.1919631
28780.0, 0.1919621
28790.0, 0.19196108
28800.0, 0.19196005
28810.0, 0.19195905
28820.0, 0.19195803
28830.0, 0.19195703
28840.0, 0.19195601
28850.0, 0.19195502
28860.0, 0.19195402
28870.0, 0.191953
28880.0, 0.19195202
28890.0, 0.19195102
28900.0, 0.19195002
28910.0, 0.19194902
28920.0, 0.19194804
28930.0, 0.19194706
28940.0, 0.19194606
28950.0, 0.19194508
28960.0, 0.19194409
28970.0, 0.19194311
28980.0, 0.19194214
28990.0, 0.19194116
29000.0, 0.19194019
29010.0, 0.19193922
29020.0, 0.19193824
29030.0, 0.19193727
29040.0, 0.1919363
29050.0, 0.19193533
29060.0, 0.19193438
29070.0, 0.19193341
29080.0, 0.19193245
29090.0, 0.1919315
29100.0, 0.19193053
29110.0, 0.1919296
29120.0, 0.19192863
29130.0, 0.19192769
29140.0, 0.19192673
29150.0, 0.1919258
29160.0, 0.19192484
29170.0, 0.1919239
29180.0, 0.19192296
29190.0, 0.19192202
29200.0, 0.19192109
29210.0, 0.19192015
29220.0, 0.19191922
29230.0, 0.19191828
29240.0, 0.19191736
29250.0, 0.19191644
29260.0, 0.19191551
29270.0, 0.19191459
29280.0, 0.19191366
29290.0, 0.19191274
29300.0, 0.19191182
29310.0, 0.19191091
29320.0, 0.19191
29330.0, 0.19190907
29340.0, 0.19190817
29350.0, 0.19190726
29360.0, 0.19190635
29370.0, 0.19190544
29380.0, 0.19190454
29390.0, 0.19190364
29400.0, 0.19190274
29410.0, 0.19190185
29420.0, 0.19190094
29430.0, 0.19190004
29440.0, 0.19189917
29450.0, 0.19189826
29460.0, 0.19189738
29470.0, 0.19189648
29480.0, 0.1918956
29490.0, 0.19189471
29500.0, 0.19189383
29510.0, 0.19189295
29520.0, 0.19189207
29530.0, 0.1918912
29540.0, 0.19189033
29550.0, 0.19188945
29560.0, 0.19188857
29570.0, 0.1918877
29580.0, 0.19188684
29590.0, 0.19188598
29600.0, 0.19188511
29610.0, 0.19188425
29620.0, 0.19188339
29630.0, 0.19188252
29640.0, 0.19188167
29650.0, 0.1918808
29660.0, 0.19187996
29670.0, 0.19187911
29680.0, 0.19187826
29690.0, 0.19187741
29700.0, 0.19187656
29710.0, 0.19187571
29720.0, 0.19187486
29730.0, 0.19187403
29740.0, 0.19187318
29750.0, 0.19187234
29760.0, 0.19187151
29770.0, 0.19187067
29780.0, 0.19186983
29790.0, 0.191869
29800.0, 0.19186817
29810.0, 0.19186734
29820.0, 0.1918665
29830.0, 0.19186568
29840.0, 0.19186486
29850.0, 0.19186404
29860.0, 0.19186322
29870.0, 0.19186239
29880.0, 0.19186158
29890.0, 0.19186077
29900.0, 0.19185995
29910.0, 0.19185914
29920.0, 0.19185832
29930.0, 0.19185752
29940.0, 0.19185671
29950.0, 0.19185589
29960.0, 0.1918551
29970.0, 0.1918543
29980.0, 0.1918535
29990.0, 0.19185269
30000.0, 0.1918519
