Energy (in eV), backscattering yield of material bk2k-NASCAP at incidence 40.0 degree
   X,       Y
0.0, 0.0
10.0, 0.0
20.0, 0.0
30.0, 0.0
40.0, 0.0
50.0, 0.0
60.0, 0.02794717
70.0, 0.04464409
80.0, 0.05761432
90.0, 0.06831268
100.0, 0.07743347
110.0, 0.08538183
120.0, 0.09242011
130.0, 0.09872963
140.0, 0.104441725
150.0, 0.109654754
160.0, 0.11444449
170.0, 0.11887062
180.0, 0.122980975
190.0, 0.12681454
200.0, 0.13040355
210.0, 0.13377483
220.0, 0.13695116
230.0, 0.1399518
240.0, 0.14279342
250.0, 0.14549035
260.0, 0.1480551
270.0, 0.15049867
280.0, 0.1528307
290.0, 0.15505977
300.0, 0.15719347
310.0, 0.15923862
320.0, 0.16120131
330.0, 0.16308708
340.0, 0.1649009
350.0, 0.16664723
360.0, 0.16833021
370.0, 0.16995357
380.0, 0.17152075
390.0, 0.17303485
400.0, 0.17449881
410.0, 0.17591524
420.0, 0.17728664
430.0, 0.17861524
440.0, 0.17990313
450.0, 0.18115236
460.0, 0.18236461
470.0, 0.18354169
480.0, 0.18468514
490.0, 0.18579645
500.0, 0.18687698
510.0, 0.18792807
520.0, 0.18895088
530.0, 0.18994662
540.0, 0.19091631
550.0, 0.191861
560.0, 0.19278169
570.0, 0.19367918
580.0, 0.19455442
590.0, 0.19540818
600.0, 0.19624123
610.0, 0.1970543
620.0, 0.1978481
630.0, 0.19862325
640.0, 0.1993804
650.0, 0.20012015
660.0, 0.20084305
670.0, 0.20154963
680.0, 0.20224042
690.0, 0.20291592
700.0, 0.2035766
710.0, 0.20422286
720.0, 0.20485517
730.0, 0.20547393
740.0, 0.20607956
750.0, 0.2066724
760.0, 0.20725282
770.0, 0.20782115
780.0, 0.20837776
790.0, 0.20892297
800.0, 0.20945702
810.0, 0.20998031
820.0, 0.21049303
830.0, 0.2109955
840.0, 0.21148796
850.0, 0.21197069
860.0, 0.21244393
870.0, 0.21290787
880.0, 0.2133628
890.0, 0.2138089
900.0, 0.2142464
910.0, 0.21467549
920.0, 0.21509638
930.0, 0.21550925
940.0, 0.21591428
950.0, 0.21631168
960.0, 0.21670161
970.0, 0.21708421
980.0, 0.21745968
990.0, 0.21782812
1000.0, 0.21818975
1010.0, 0.21799022
1020.0, 0.21779107
1030.0, 0.21759224
1040.0, 0.21739374
1050.0, 0.2171956
1060.0, 0.21699779
1070.0, 0.21680033
1080.0, 0.21660319
1090.0, 0.21640642
1100.0, 0.21620996
1110.0, 0.21601385
1120.0, 0.21581808
1130.0, 0.21562265
1140.0, 0.21542755
1150.0, 0.21523279
1160.0, 0.21503836
1170.0, 0.21484426
1180.0, 0.21465051
1190.0, 0.21445708
1200.0, 0.21426399
1210.0, 0.21407123
1220.0, 0.21387881
1230.0, 0.2136867
1240.0, 0.21349496
1250.0, 0.21330352
1260.0, 0.21311241
1270.0, 0.21292165
1280.0, 0.21273121
1290.0, 0.21254109
1300.0, 0.2123513
1310.0, 0.21216184
1320.0, 0.21197271
1330.0, 0.2117839
1340.0, 0.21159542
1350.0, 0.21140727
1360.0, 0.21121946
1370.0, 0.21103194
1380.0, 0.21084477
1390.0, 0.21065791
1400.0, 0.21047138
1410.0, 0.21028516
1420.0, 0.21009928
1430.0, 0.2099137
1440.0, 0.20972845
1450.0, 0.20954353
1460.0, 0.20935892
1470.0, 0.20917463
1480.0, 0.20899065
1490.0, 0.208807
1500.0, 0.20862366
1510.0, 0.20844066
1520.0, 0.20825796
1530.0, 0.20807557
1540.0, 0.20789349
1550.0, 0.20771174
1560.0, 0.2075303
1570.0, 0.20734918
1580.0, 0.20716837
1590.0, 0.20698789
1600.0, 0.2068077
1610.0, 0.20662782
1620.0, 0.20644826
1630.0, 0.20626901
1640.0, 0.20609008
1650.0, 0.20591146
1660.0, 0.20573312
1670.0, 0.20555513
1680.0, 0.20537743
1690.0, 0.20520003
1700.0, 0.20502295
1710.0, 0.20484616
1720.0, 0.2046697
1730.0, 0.20449352
1740.0, 0.20431767
1750.0, 0.20414211
1760.0, 0.20396686
1770.0, 0.20379192
1780.0, 0.20361727
1790.0, 0.20344295
1800.0, 0.20326892
1810.0, 0.20309517
1820.0, 0.20292175
1830.0, 0.20274863
1840.0, 0.20257579
1850.0, 0.20240326
1860.0, 0.20223103
1870.0, 0.2020591
1880.0, 0.20188747
1890.0, 0.20171615
1900.0, 0.2015451
1910.0, 0.20137438
1920.0, 0.20120394
1930.0, 0.2010338
1940.0, 0.20086396
1950.0, 0.2006944
1960.0, 0.20052515
1970.0, 0.20035619
1980.0, 0.20018752
1990.0, 0.20001915
2000.0, 0.19985107
2010.0, 0.19968328
2020.0, 0.19951579
2030.0, 0.19934858
2040.0, 0.19918168
2050.0, 0.19901505
2060.0, 0.19884872
2070.0, 0.19868268
2080.0, 0.19851694
2090.0, 0.19835147
2100.0, 0.19818631
2110.0, 0.19802141
2120.0, 0.19785681
2130.0, 0.19769251
2140.0, 0.19752848
2150.0, 0.19736475
2160.0, 0.1972013
2170.0, 0.19703813
2180.0, 0.19687524
2190.0, 0.19671266
2200.0, 0.19655034
2210.0, 0.1963883
2220.0, 0.19622657
2230.0, 0.1960651
2240.0, 0.19590391
2250.0, 0.19574302
2260.0, 0.1955824
2270.0, 0.19542207
2280.0, 0.195262
2290.0, 0.19510223
2300.0, 0.19494273
2310.0, 0.19478351
2320.0, 0.19462457
2330.0, 0.1944659
2340.0, 0.19430752
2350.0, 0.19414942
2360.0, 0.19399157
2370.0, 0.19383402
2380.0, 0.19367675
2390.0, 0.19351974
2400.0, 0.19336301
2410.0, 0.19320656
2420.0, 0.19305037
2430.0, 0.19289447
2440.0, 0.19273883
2450.0, 0.19258347
2460.0, 0.19242838
2470.0, 0.19227357
2480.0, 0.19211902
2490.0, 0.19196475
2500.0, 0.19181074
2510.0, 0.191657
2520.0, 0.19150354
2530.0, 0.19135034
2540.0, 0.19119741
2550.0, 0.19104476
2560.0, 0.19089237
2570.0, 0.19074024
2580.0, 0.19058838
2590.0, 0.1904368
2600.0, 0.19028547
2610.0, 0.19013442
2620.0, 0.18998362
2630.0, 0.18983309
2640.0, 0.18968284
2650.0, 0.18953283
2660.0, 0.18938309
2670.0, 0.18923362
2680.0, 0.18908441
2690.0, 0.18893547
2700.0, 0.18878677
2710.0, 0.18863836
2720.0, 0.1884902
2730.0, 0.18834229
2740.0, 0.18819465
2750.0, 0.18804726
2760.0, 0.18790014
2770.0, 0.18775328
2780.0, 0.18760666
2790.0, 0.18746032
2800.0, 0.18731423
2810.0, 0.18716839
2820.0, 0.1870228
2830.0, 0.1868775
2840.0, 0.18673243
2850.0, 0.18658762
2860.0, 0.18644306
2870.0, 0.18629877
2880.0, 0.18615472
2890.0, 0.18601093
2900.0, 0.18586738
2910.0, 0.18572411
2920.0, 0.18558107
2930.0, 0.18543829
2940.0, 0.18529576
2950.0, 0.18515348
2960.0, 0.18501146
2970.0, 0.18486969
2980.0, 0.18472816
2990.0, 0.18458688
3000.0, 0.18444586
3010.0, 0.18430509
3020.0, 0.18416455
3030.0, 0.18402427
3040.0, 0.18388423
3050.0, 0.18374445
3060.0, 0.18360493
3070.0, 0.18346563
3080.0, 0.18332657
3090.0, 0.18318777
3100.0, 0.18304923
3110.0, 0.18291092
3120.0, 0.18277285
3130.0, 0.18263502
3140.0, 0.18249746
3150.0, 0.18236011
3160.0, 0.18222302
3170.0, 0.18208617
3180.0, 0.18194956
3190.0, 0.1818132
3200.0, 0.18167707
3210.0, 0.18154119
3220.0, 0.18140554
3230.0, 0.18127015
3240.0, 0.18113498
3250.0, 0.18100005
3260.0, 0.18086538
3270.0, 0.18073092
3280.0, 0.18059671
3290.0, 0.18046275
3300.0, 0.18032902
3310.0, 0.18019551
3320.0, 0.18006226
3330.0, 0.17992924
3340.0, 0.17979646
3350.0, 0.1796639
3360.0, 0.17953157
3370.0, 0.17939949
3380.0, 0.17926766
3390.0, 0.17913604
3400.0, 0.17900467
3410.0, 0.17887351
3420.0, 0.1787426
3430.0, 0.17861192
3440.0, 0.17848146
3450.0, 0.17835125
3460.0, 0.17822126
3470.0, 0.1780915
3480.0, 0.17796198
3490.0, 0.17783268
3500.0, 0.17770362
3510.0, 0.17757478
3520.0, 0.17744617
3530.0, 0.1773178
3540.0, 0.17718965
3550.0, 0.17706172
3560.0, 0.17693402
3570.0, 0.17680655
3580.0, 0.17667931
3590.0, 0.1765523
3600.0, 0.1764255
3610.0, 0.17629895
3620.0, 0.17617261
3630.0, 0.17604649
3640.0, 0.1759206
3650.0, 0.17579493
3660.0, 0.17566949
3670.0, 0.17554428
3680.0, 0.17541927
3690.0, 0.1752945
3700.0, 0.17516996
3710.0, 0.17504562
3720.0, 0.17492151
3730.0, 0.17479764
3740.0, 0.17467397
3750.0, 0.17455052
3760.0, 0.1744273
3770.0, 0.17430429
3780.0, 0.1741815
3790.0, 0.17405893
3800.0, 0.17393659
3810.0, 0.17381446
3820.0, 0.17369255
3830.0, 0.17357086
3840.0, 0.17344937
3850.0, 0.17332812
3860.0, 0.17320707
3870.0, 0.17308624
3880.0, 0.17296563
3890.0, 0.17284523
3900.0, 0.17272505
3910.0, 0.17260508
3920.0, 0.17248534
3930.0, 0.1723658
3940.0, 0.17224646
3950.0, 0.17212735
3960.0, 0.17200845
3970.0, 0.17188977
3980.0, 0.17177129
3990.0, 0.17165302
4000.0, 0.17153499
4010.0, 0.17141713
4020.0, 0.1712995
4030.0, 0.17118208
4040.0, 0.17106488
4050.0, 0.17094788
4060.0, 0.1708311
4070.0, 0.17071451
4080.0, 0.17059813
4090.0, 0.17048198
4100.0, 0.17036602
4110.0, 0.17025027
4120.0, 0.17013472
4130.0, 0.17001939
4140.0, 0.16990426
4150.0, 0.16978934
4160.0, 0.16967463
4170.0, 0.16956012
4180.0, 0.16944581
4190.0, 0.16933171
4200.0, 0.16921782
4210.0, 0.16910413
4220.0, 0.16899064
4230.0, 0.16887736
4240.0, 0.16876428
4250.0, 0.1686514
4260.0, 0.16853873
4270.0, 0.16842626
4280.0, 0.168314
4290.0, 0.16820191
4300.0, 0.16809005
4310.0, 0.16797838
4320.0, 0.16786692
4330.0, 0.16775565
4340.0, 0.16764458
4350.0, 0.16753371
4360.0, 0.16742304
4370.0, 0.16731258
4380.0, 0.16720231
4390.0, 0.16709223
4400.0, 0.16698235
4410.0, 0.16687268
4420.0, 0.1667632
4430.0, 0.16665392
4440.0, 0.16654482
4450.0, 0.16643594
4460.0, 0.16632724
4470.0, 0.16621874
4480.0, 0.16611044
4490.0, 0.16600233
4500.0, 0.16589442
4510.0, 0.1657867
4520.0, 0.16567917
4530.0, 0.16557184
4540.0, 0.1654647
4550.0, 0.16535775
4560.0, 0.165251
4570.0, 0.16514444
4580.0, 0.16503808
4590.0, 0.1649319
4600.0, 0.16482592
4610.0, 0.16472012
4620.0, 0.1646145
4630.0, 0.16450909
4640.0, 0.16440387
4650.0, 0.16429883
4660.0, 0.16419399
4670.0, 0.16408934
4680.0, 0.16398486
4690.0, 0.16388059
4700.0, 0.1637765
4710.0, 0.16367258
4720.0, 0.16356887
4730.0, 0.16346534
4740.0, 0.16336201
4750.0, 0.16325885
4760.0, 0.16315588
4770.0, 0.1630531
4780.0, 0.1629505
4790.0, 0.16284809
4800.0, 0.16274586
4810.0, 0.16264382
4820.0, 0.16254196
4830.0, 0.1624403
4840.0, 0.1623388
4850.0, 0.1622375
4860.0, 0.16213636
4870.0, 0.16203544
4880.0, 0.16193467
4890.0, 0.1618341
4900.0, 0.1617337
4910.0, 0.16163349
4920.0, 0.16153346
4930.0, 0.1614336
4940.0, 0.16133395
4950.0, 0.16123445
4960.0, 0.16113514
4970.0, 0.16103601
4980.0, 0.16093707
4990.0, 0.16083829
5000.0, 0.1607397
5010.0, 0.16064128
5020.0, 0.16054305
5030.0, 0.160445
5040.0, 0.16034712
5050.0, 0.16024941
5060.0, 0.1601519
5070.0, 0.16005455
5080.0, 0.15995738
5090.0, 0.15986037
5100.0, 0.15976356
5110.0, 0.15966691
5120.0, 0.15957044
5130.0, 0.15947415
5140.0, 0.15937804
5150.0, 0.15928209
5160.0, 0.15918632
5170.0, 0.15909073
5180.0, 0.1589953
5190.0, 0.15890005
5200.0, 0.15880498
5210.0, 0.15871006
5220.0, 0.15861534
5230.0, 0.15852077
5240.0, 0.15842639
5250.0, 0.15833217
5260.0, 0.15823813
5270.0, 0.15814425
5280.0, 0.15805055
5290.0, 0.15795702
5300.0, 0.15786366
5310.0, 0.15777045
5320.0, 0.15767744
5330.0, 0.15758458
5340.0, 0.1574919
5350.0, 0.15739937
5360.0, 0.15730703
5370.0, 0.15721485
5380.0, 0.15712284
5390.0, 0.15703098
5400.0, 0.1569393
5410.0, 0.1568478
5420.0, 0.15675645
5430.0, 0.15666528
5440.0, 0.15657425
5450.0, 0.15648341
5460.0, 0.15639272
5470.0, 0.1563022
5480.0, 0.15621185
5490.0, 0.15612167
5500.0, 0.15603165
5510.0, 0.15594178
5520.0, 0.15585208
5530.0, 0.15576255
5540.0, 0.15567319
5550.0, 0.15558398
5560.0, 0.15549494
5570.0, 0.15540606
5580.0, 0.15531734
5590.0, 0.15522878
5600.0, 0.15514039
5610.0, 0.15505216
5620.0, 0.15496409
5630.0, 0.15487617
5640.0, 0.15478842
5650.0, 0.15470082
5660.0, 0.15461339
5670.0, 0.15452611
5680.0, 0.154439
5690.0, 0.15435205
5700.0, 0.15426527
5710.0, 0.15417862
5720.0, 0.15409215
5730.0, 0.15400583
5740.0, 0.15391965
5750.0, 0.15383366
5760.0, 0.15374781
5770.0, 0.15366212
5780.0, 0.15357658
5790.0, 0.1534912
5800.0, 0.153406
5810.0, 0.15332092
5820.0, 0.153236
5830.0, 0.15315126
5840.0, 0.15306666
5850.0, 0.1529822
5860.0, 0.15289792
5870.0, 0.15281379
5880.0, 0.15272981
5890.0, 0.15264598
5900.0, 0.1525623
5910.0, 0.15247878
5920.0, 0.15239541
5930.0, 0.15231219
5940.0, 0.15222913
5950.0, 0.15214622
5960.0, 0.15206346
5970.0, 0.15198085
5980.0, 0.15189838
5990.0, 0.15181608
6000.0, 0.15173393
6010.0, 0.15165193
6020.0, 0.15157008
6030.0, 0.15148836
6040.0, 0.15140681
6050.0, 0.15132542
6060.0, 0.15124416
6070.0, 0.15116306
6080.0, 0.1510821
6090.0, 0.15100129
6100.0, 0.15092063
6110.0, 0.15084012
6120.0, 0.15075974
6130.0, 0.15067953
6140.0, 0.15059946
6150.0, 0.15051953
6160.0, 0.15043977
6170.0, 0.15036014
6180.0, 0.15028065
6190.0, 0.15020132
6200.0, 0.15012212
6210.0, 0.15004307
6220.0, 0.14996418
6230.0, 0.14988542
6240.0, 0.14980681
6250.0, 0.14972834
6260.0, 0.14965002
6270.0, 0.14957185
6280.0, 0.1494938
6290.0, 0.14941591
6300.0, 0.14933817
6310.0, 0.14926057
6320.0, 0.1491831
6330.0, 0.14910579
6340.0, 0.14902861
6350.0, 0.14895158
6360.0, 0.14887469
6370.0, 0.14879793
6380.0, 0.14872132
6390.0, 0.14864485
6400.0, 0.14856853
6410.0, 0.14849234
6420.0, 0.14841628
6430.0, 0.14834037
6440.0, 0.1482646
6450.0, 0.14818898
6460.0, 0.14811349
6470.0, 0.14803813
6480.0, 0.14796293
6490.0, 0.14788786
6500.0, 0.14781292
6510.0, 0.14773813
6520.0, 0.14766347
6530.0, 0.14758895
6540.0, 0.14751457
6550.0, 0.14744033
6560.0, 0.14736621
6570.0, 0.14729224
6580.0, 0.1472184
6590.0, 0.1471447
6600.0, 0.14707115
6610.0, 0.14699772
6620.0, 0.14692444
6630.0, 0.14685127
6640.0, 0.14677826
6650.0, 0.14670536
6660.0, 0.14663261
6670.0, 0.14656
6680.0, 0.1464875
6690.0, 0.14641516
6700.0, 0.14634295
6710.0, 0.14627087
6720.0, 0.14619891
6730.0, 0.14612709
6740.0, 0.14605542
6750.0, 0.14598386
6760.0, 0.14591244
6770.0, 0.14584115
6780.0, 0.14577
6790.0, 0.14569898
6800.0, 0.14562808
6810.0, 0.14555733
6820.0, 0.1454867
6830.0, 0.1454162
6840.0, 0.14534582
6850.0, 0.1452756
6860.0, 0.14520548
6870.0, 0.14513549
6880.0, 0.14506565
6890.0, 0.14499594
6900.0, 0.14492634
6910.0, 0.14485689
6920.0, 0.14478755
6930.0, 0.14471835
6940.0, 0.14464927
6950.0, 0.14458032
6960.0, 0.14451149
6970.0, 0.1444428
6980.0, 0.14437424
6990.0, 0.1443058
7000.0, 0.14423749
7010.0, 0.1441693
7020.0, 0.14410123
7030.0, 0.14403331
7040.0, 0.1439655
7050.0, 0.14389782
7060.0, 0.14383027
7070.0, 0.14376283
7080.0, 0.14369553
7090.0, 0.14362834
7100.0, 0.14356129
7110.0, 0.14349435
7120.0, 0.14342755
7130.0, 0.14336087
7140.0, 0.14329432
7150.0, 0.14322788
7160.0, 0.14316157
7170.0, 0.14309537
7180.0, 0.1430293
7190.0, 0.14296336
7200.0, 0.14289755
7210.0, 0.14283183
7220.0, 0.14276627
7230.0, 0.1427008
7240.0, 0.14263548
7250.0, 0.14257027
7260.0, 0.14250517
7270.0, 0.1424402
7280.0, 0.14237535
7290.0, 0.14231062
7300.0, 0.14224602
7310.0, 0.14218153
7320.0, 0.14211717
7330.0, 0.14205292
7340.0, 0.14198878
7350.0, 0.14192478
7360.0, 0.14186089
7370.0, 0.14179713
7380.0, 0.14173347
7390.0, 0.14166993
7400.0, 0.14160651
7410.0, 0.14154321
7420.0, 0.14148004
7430.0, 0.14141698
7440.0, 0.14135402
7450.0, 0.1412912
7460.0, 0.14122848
7470.0, 0.1411659
7480.0, 0.14110342
7490.0, 0.14104106
7500.0, 0.14097881
7510.0, 0.14091669
7520.0, 0.14085467
7530.0, 0.14079277
7540.0, 0.14073099
7550.0, 0.14066933
7560.0, 0.14060777
7570.0, 0.14054634
7580.0, 0.14048502
7590.0, 0.14042382
7600.0, 0.14036272
7610.0, 0.14030173
7620.0, 0.14024086
7630.0, 0.14018011
7640.0, 0.14011948
7650.0, 0.14005895
7660.0, 0.13999854
7670.0, 0.13993824
7680.0, 0.13987805
7690.0, 0.13981797
7700.0, 0.139758
7710.0, 0.13969816
7720.0, 0.13963842
7730.0, 0.13957879
7740.0, 0.13951927
7750.0, 0.13945988
7760.0, 0.13940059
7770.0, 0.13934138
7780.0, 0.13928232
7790.0, 0.13922337
7800.0, 0.1391645
7810.0, 0.13910577
7820.0, 0.13904713
7830.0, 0.1389886
7840.0, 0.1389302
7850.0, 0.1388719
7860.0, 0.1388137
7870.0, 0.13875562
7880.0, 0.13869764
7890.0, 0.13863976
7900.0, 0.13858199
7910.0, 0.13852435
7920.0, 0.1384668
7930.0, 0.13840936
7940.0, 0.13835204
7950.0, 0.13829482
7960.0, 0.1382377
7970.0, 0.13818069
7980.0, 0.1381238
7990.0, 0.13806699
8000.0, 0.13801031
8010.0, 0.13795371
8020.0, 0.13789724
8030.0, 0.13784088
8040.0, 0.13778462
8050.0, 0.13772845
8060.0, 0.1376724
8070.0, 0.13761646
8080.0, 0.1375606
8090.0, 0.13750486
8100.0, 0.13744922
8110.0, 0.1373937
8120.0, 0.13733827
8130.0, 0.13728295
8140.0, 0.13722771
8150.0, 0.13717261
8160.0, 0.1371176
8170.0, 0.13706268
8180.0, 0.13700788
8190.0, 0.13695318
8200.0, 0.13689858
8210.0, 0.13684408
8220.0, 0.13678968
8230.0, 0.1367354
8240.0, 0.1366812
8250.0, 0.13662711
8260.0, 0.13657312
8270.0, 0.13651924
8280.0, 0.13646545
8290.0, 0.13641176
8300.0, 0.13635817
8310.0, 0.13630469
8320.0, 0.1362513
8330.0, 0.13619803
8340.0, 0.13614485
8350.0, 0.13609175
8360.0, 0.13603878
8370.0, 0.1359859
8380.0, 0.13593312
8390.0, 0.13588043
8400.0, 0.13582784
8410.0, 0.13577536
8420.0, 0.13572297
8430.0, 0.13567068
8440.0, 0.13561848
8450.0, 0.13556638
8460.0, 0.13551438
8470.0, 0.1354625
8480.0, 0.1354107
8490.0, 0.13535899
8500.0, 0.13530739
8510.0, 0.13525587
8520.0, 0.13520446
8530.0, 0.13515316
8540.0, 0.13510193
8550.0, 0.13505082
8560.0, 0.13499978
8570.0, 0.13494885
8580.0, 0.13489802
8590.0, 0.13484728
8600.0, 0.13479665
8610.0, 0.1347461
8620.0, 0.13469565
8630.0, 0.1346453
8640.0, 0.13459502
8650.0, 0.13454486
8660.0, 0.13449478
8670.0, 0.13444482
8680.0, 0.13439493
8690.0, 0.13434514
8700.0, 0.13429545
8710.0, 0.13424584
8720.0, 0.13419634
8730.0, 0.13414691
8740.0, 0.13409759
8750.0, 0.13404837
8760.0, 0.13399924
8770.0, 0.13395019
8780.0, 0.13390124
8790.0, 0.13385238
8800.0, 0.13380362
8810.0, 0.13375494
8820.0, 0.13370636
8830.0, 0.13365787
8840.0, 0.13360947
8850.0, 0.13356116
8860.0, 0.13351294
8870.0, 0.13346483
8880.0, 0.13341679
8890.0, 0.13336885
8900.0, 0.13332099
8910.0, 0.13327323
8920.0, 0.13322556
8930.0, 0.13317798
8940.0, 0.13313048
8950.0, 0.13308308
8960.0, 0.13303576
8970.0, 0.13298853
8980.0, 0.13294141
8990.0, 0.13289435
9000.0, 0.1328474
9010.0, 0.13280053
9020.0, 0.13275374
9030.0, 0.13270706
9040.0, 0.13266046
9050.0, 0.13261394
9060.0, 0.13256751
9070.0, 0.13252118
9080.0, 0.13247491
9090.0, 0.13242877
9100.0, 0.13238268
9110.0, 0.13233669
9120.0, 0.1322908
9130.0, 0.13224497
9140.0, 0.13219924
9150.0, 0.13215362
9160.0, 0.13210805
9170.0, 0.13206258
9180.0, 0.1320172
9190.0, 0.1319719
9200.0, 0.13192669
9210.0, 0.13188156
9220.0, 0.13183652
9230.0, 0.13179158
9240.0, 0.1317467
9250.0, 0.13170192
9260.0, 0.13165721
9270.0, 0.1316126
9280.0, 0.13156807
9290.0, 0.13152362
9300.0, 0.13147925
9310.0, 0.13143498
9320.0, 0.13139078
9330.0, 0.13134667
9340.0, 0.13130265
9350.0, 0.1312587
9360.0, 0.13121484
9370.0, 0.13117106
9380.0, 0.13112737
9390.0, 0.13108376
9400.0, 0.13104023
9410.0, 0.13099678
9420.0, 0.13095342
9430.0, 0.13091014
9440.0, 0.13086694
9450.0, 0.13082382
9460.0, 0.13078079
9470.0, 0.13073784
9480.0, 0.13069497
9490.0, 0.13065217
9500.0, 0.13060947
9510.0, 0.13056684
9520.0, 0.1305243
9530.0, 0.13048182
9540.0, 0.13043943
9550.0, 0.13039713
9560.0, 0.13035491
9570.0, 0.13031276
9580.0, 0.13027069
9590.0, 0.1302287
9600.0, 0.13018681
9610.0, 0.13014497
9620.0, 0.13010323
9630.0, 0.13006157
9640.0, 0.13001998
9650.0, 0.12997848
9660.0, 0.12993704
9670.0, 0.12989569
9680.0, 0.12985441
9690.0, 0.12981322
9700.0, 0.1297721
9710.0, 0.12973107
9720.0, 0.12969011
9730.0, 0.12964922
9740.0, 0.12960842
9750.0, 0.1295677
9760.0, 0.12952705
9770.0, 0.12948649
9780.0, 0.12944598
9790.0, 0.12940556
9800.0, 0.12936522
9810.0, 0.12932496
9820.0, 0.12928477
9830.0, 0.12924467
9840.0, 0.12920463
9850.0, 0.12916468
9860.0, 0.12912479
9870.0, 0.12908499
9880.0, 0.12904526
9890.0, 0.1290056
9900.0, 0.12896602
9910.0, 0.12892652
9920.0, 0.12888709
9930.0, 0.12884773
9940.0, 0.12880847
9950.0, 0.12876925
9960.0, 0.12873013
9970.0, 0.12869108
9980.0, 0.1286521
9990.0, 0.12861319
10000.0, 0.12857436
10010.0, 0.1285356
10020.0, 0.12849692
10030.0, 0.1284583
10040.0, 0.12841977
10050.0, 0.12838131
10060.0, 0.12834293
10070.0, 0.1283046
10080.0, 0.12826636
10090.0, 0.1282282
10100.0, 0.1281901
10110.0, 0.12815207
10120.0, 0.12811412
10130.0, 0.12807624
10140.0, 0.12803844
10150.0, 0.12800069
10160.0, 0.12796304
10170.0, 0.12792544
10180.0, 0.12788792
10190.0, 0.12785047
10200.0, 0.1278131
10210.0, 0.12777579
10220.0, 0.12773855
10230.0, 0.12770139
10240.0, 0.1276643
10250.0, 0.12762728
10260.0, 0.12759034
10270.0, 0.12755346
10280.0, 0.12751664
10290.0, 0.1274799
10300.0, 0.12744324
10310.0, 0.12740664
10320.0, 0.12737012
10330.0, 0.12733366
10340.0, 0.12729727
10350.0, 0.12726094
10360.0, 0.1272247
10370.0, 0.1271885
10380.0, 0.1271524
10390.0, 0.12711635
10400.0, 0.12708038
10410.0, 0.12704447
10420.0, 0.12700865
10430.0, 0.12697287
10440.0, 0.12693718
10450.0, 0.12690154
10460.0, 0.12686598
10470.0, 0.12683049
10480.0, 0.12679505
10490.0, 0.1267597
10500.0, 0.1267244
10510.0, 0.12668918
10520.0, 0.12665403
10530.0, 0.12661894
10540.0, 0.12658392
10550.0, 0.12654896
10560.0, 0.12651408
10570.0, 0.12647925
10580.0, 0.12644449
10590.0, 0.1264098
10600.0, 0.12637518
10610.0, 0.12634063
10620.0, 0.12630613
10630.0, 0.12627171
10640.0, 0.12623735
10650.0, 0.12620306
10660.0, 0.12616883
10670.0, 0.12613466
10680.0, 0.12610057
10690.0, 0.12606655
10700.0, 0.12603258
10710.0, 0.12599869
10720.0, 0.12596485
10730.0, 0.12593108
10740.0, 0.12589738
10750.0, 0.12586373
10760.0, 0.12583016
10770.0, 0.12579665
10780.0, 0.1257632
10790.0, 0.12572981
10800.0, 0.1256965
10810.0, 0.12566324
10820.0, 0.12563005
10830.0, 0.12559693
10840.0, 0.12556386
10850.0, 0.12553085
10860.0, 0.12549792
10870.0, 0.12546504
10880.0, 0.12543222
10890.0, 0.12539949
10900.0, 0.12536679
10910.0, 0.12533417
10920.0, 0.1253016
10930.0, 0.12526911
10940.0, 0.12523668
10950.0, 0.12520431
10960.0, 0.12517199
10970.0, 0.12513974
10980.0, 0.12510756
10990.0, 0.12507543
11000.0, 0.12504336
11010.0, 0.12501137
11020.0, 0.124979414
11030.0, 0.12494754
11040.0, 0.12491572
11050.0, 0.12488397
11060.0, 0.12485227
11070.0, 0.124820635
11080.0, 0.12478906
11090.0, 0.12475755
11100.0, 0.12472609
11110.0, 0.124694705
11120.0, 0.12466337
11130.0, 0.12463209
11140.0, 0.12460088
11150.0, 0.12456974
11160.0, 0.12453864
11170.0, 0.1245076
11180.0, 0.12447663
11190.0, 0.124445714
11200.0, 0.12441486
11210.0, 0.12438406
11220.0, 0.12435333
11230.0, 0.12432266
11240.0, 0.12429204
11250.0, 0.124261476
11260.0, 0.12423097
11270.0, 0.12420054
11280.0, 0.12417015
11290.0, 0.12413983
11300.0, 0.124109566
11310.0, 0.12407936
11320.0, 0.12404921
11330.0, 0.124019116
11340.0, 0.12398908
11350.0, 0.1239591
11360.0, 0.123929195
11370.0, 0.12389933
11380.0, 0.12386952
11390.0, 0.12383977
11400.0, 0.12381009
11410.0, 0.12378046
11420.0, 0.12375089
11430.0, 0.12372137
11440.0, 0.1236919
11450.0, 0.1236625
11460.0, 0.123633154
11470.0, 0.123603866
11480.0, 0.12357462
11490.0, 0.12354545
11500.0, 0.12351633
11510.0, 0.12348726
11520.0, 0.12345825
11530.0, 0.1234293
11540.0, 0.123400405
11550.0, 0.12337156
11560.0, 0.123342775
11570.0, 0.12331404
11580.0, 0.12328537
11590.0, 0.12325674
11600.0, 0.12322818
11610.0, 0.12319967
11620.0, 0.12317122
11630.0, 0.12314281
11640.0, 0.12311446
11650.0, 0.12308618
11660.0, 0.12305794
11670.0, 0.12302975
11680.0, 0.12300163
11690.0, 0.12297356
11700.0, 0.12294553
11710.0, 0.12291757
11720.0, 0.12288965
11730.0, 0.122861795
11740.0, 0.12283399
11750.0, 0.12280624
11760.0, 0.12277854
11770.0, 0.12275091
11780.0, 0.12272332
11790.0, 0.122695774
11800.0, 0.12266829
11810.0, 0.122640856
11820.0, 0.12261348
11830.0, 0.12258615
11840.0, 0.122558884
11850.0, 0.122531675
11860.0, 0.1225045
11870.0, 0.12247739
11880.0, 0.12245032
11890.0, 0.12242331
11900.0, 0.12239635
11910.0, 0.122369446
11920.0, 0.122342594
11930.0, 0.12231579
11940.0, 0.12228904
11950.0, 0.122262344
11960.0, 0.1222357
11970.0, 0.1222091
11980.0, 0.122182555
11990.0, 0.12215607
12000.0, 0.12212962
12010.0, 0.12210323
12020.0, 0.1220769
12030.0, 0.12205061
12040.0, 0.122024365
12050.0, 0.12199818
12060.0, 0.12197204
12070.0, 0.12194596
12080.0, 0.12191992
12090.0, 0.12189394
12100.0, 0.121868
12110.0, 0.12184212
12120.0, 0.121816285
12130.0, 0.1217905
12140.0, 0.12176476
12150.0, 0.121739075
12160.0, 0.12171344
12170.0, 0.12168786
12180.0, 0.12166231
12190.0, 0.12163684
12200.0, 0.121611394
12210.0, 0.121586
12220.0, 0.12156067
12230.0, 0.121535376
12240.0, 0.12151013
12250.0, 0.121484935
12260.0, 0.12145979
12270.0, 0.1214347
12280.0, 0.121409655
12290.0, 0.12138466
12300.0, 0.121359706
12310.0, 0.121334806
12320.0, 0.12130994
12330.0, 0.12128514
12340.0, 0.12126038
12350.0, 0.121235676
12360.0, 0.121211015
12370.0, 0.1211864
12380.0, 0.12116183
12390.0, 0.12113731
12400.0, 0.121112846
12410.0, 0.121088415
12420.0, 0.121064045
12430.0, 0.12103971
12440.0, 0.12101544
12450.0, 0.12099119
12460.0, 0.120967016
12470.0, 0.12094287
12480.0, 0.12091877
12490.0, 0.12089472
12500.0, 0.12087073
12510.0, 0.12084676
12520.0, 0.12082287
12530.0, 0.120799
12540.0, 0.120775186
12550.0, 0.12075141
12560.0, 0.12072769
12570.0, 0.12070401
12580.0, 0.12068038
12590.0, 0.120656796
12600.0, 0.12063325
12610.0, 0.12060976
12620.0, 0.12058631
12630.0, 0.12056291
12640.0, 0.120539546
12650.0, 0.12051624
12660.0, 0.12049297
12670.0, 0.12046975
12680.0, 0.12044657
12690.0, 0.12042344
12700.0, 0.12040035
12710.0, 0.1203773
12720.0, 0.12035431
12730.0, 0.120331354
12740.0, 0.120308444
12750.0, 0.120285586
12760.0, 0.120262764
12770.0, 0.12023998
12780.0, 0.120217256
12790.0, 0.12019456
12800.0, 0.12017192
12810.0, 0.12014932
12820.0, 0.12012676
12830.0, 0.12010425
12840.0, 0.12008179
12850.0, 0.120059356
12860.0, 0.12003698
12870.0, 0.12001464
12880.0, 0.119992346
12890.0, 0.1199701
12900.0, 0.11994789
12910.0, 0.11992572
12920.0, 0.1199036
12930.0, 0.11988152
12940.0, 0.11985949
12950.0, 0.119837485
12960.0, 0.11981554
12970.0, 0.11979364
12980.0, 0.11977177
12990.0, 0.11974994
13000.0, 0.11972817
13010.0, 0.11970643
13020.0, 0.11968473
13030.0, 0.119663075
13040.0, 0.11964146
13050.0, 0.11961989
13060.0, 0.11959837
13070.0, 0.11957688
13080.0, 0.11955544
13090.0, 0.11953404
13100.0, 0.11951268
13110.0, 0.11949135
13120.0, 0.119470075
13130.0, 0.11944884
13140.0, 0.11942764
13150.0, 0.11940649
13160.0, 0.119385384
13170.0, 0.119364314
13180.0, 0.11934327
13190.0, 0.119322285
13200.0, 0.119301334
13210.0, 0.11928043
13220.0, 0.11925956
13230.0, 0.119238734
13240.0, 0.11921795
13250.0, 0.1191972
13260.0, 0.1191765
13270.0, 0.11915583
13280.0, 0.1191352
13290.0, 0.119114615
13300.0, 0.119094074
13310.0, 0.11907357
13320.0, 0.1190531
13330.0, 0.11903267
13340.0, 0.11901229
13350.0, 0.11899194
13360.0, 0.11897164
13370.0, 0.11895137
13380.0, 0.118931144
13390.0, 0.11891095
13400.0, 0.11889081
13410.0, 0.1188707
13420.0, 0.118850626
13430.0, 0.11883059
13440.0, 0.1188106
13450.0, 0.11879065
13460.0, 0.11877073
13470.0, 0.118750855
13480.0, 0.11873102
13490.0, 0.11871122
13500.0, 0.11869146
13510.0, 0.11867174
13520.0, 0.11865206
13530.0, 0.118632406
13540.0, 0.1186128
13550.0, 0.11859324
13560.0, 0.1185737
13570.0, 0.11855421
13580.0, 0.11853476
13590.0, 0.11851534
13600.0, 0.11849596
13610.0, 0.11847662
13620.0, 0.11845732
13630.0, 0.11843805
13640.0, 0.11841883
13650.0, 0.118399635
13660.0, 0.11838048
13670.0, 0.11836136
13680.0, 0.11834229
13690.0, 0.118323244
13700.0, 0.11830424
13710.0, 0.118285276
13720.0, 0.118266344
13730.0, 0.11824745
13740.0, 0.11822859
13750.0, 0.11820977
13760.0, 0.11819099
13770.0, 0.11817224
13780.0, 0.118153535
13790.0, 0.11813486
13800.0, 0.11811622
13810.0, 0.118097626
13820.0, 0.11807906
13830.0, 0.11806053
13840.0, 0.11804204
13850.0, 0.11802358
13860.0, 0.118005164
13870.0, 0.117986776
13880.0, 0.117968425
13890.0, 0.11795011
13900.0, 0.117931835
13910.0, 0.1179136
13920.0, 0.11789539
13930.0, 0.11787722
13940.0, 0.11785909
13950.0, 0.11784099
13960.0, 0.11782292
13970.0, 0.11780489
13980.0, 0.1177869
13990.0, 0.11776894
14000.0, 0.117751025
14010.0, 0.11773313
14020.0, 0.11771528
14030.0, 0.11769746
14040.0, 0.11767968
14050.0, 0.11766192
14060.0, 0.11764421
14070.0, 0.11762653
14080.0, 0.11760889
14090.0, 0.11759128
14100.0, 0.1175737
14110.0, 0.11755616
14120.0, 0.117538646
14130.0, 0.117521174
14140.0, 0.11750374
14150.0, 0.11748633
14160.0, 0.11746896
14170.0, 0.11745162
14180.0, 0.117434315
14190.0, 0.11741705
14200.0, 0.11739981
14210.0, 0.11738261
14220.0, 0.11736544
14230.0, 0.117348306
14240.0, 0.1173312
14250.0, 0.11731414
14260.0, 0.1172971
14270.0, 0.117280096
14280.0, 0.11726313
14290.0, 0.117246196
14300.0, 0.11722929
14310.0, 0.11721242
14320.0, 0.117195584
14330.0, 0.11717878
14340.0, 0.11716201
14350.0, 0.11714527
14360.0, 0.117128566
14370.0, 0.11711189
14380.0, 0.117095254
14390.0, 0.11707865
14400.0, 0.11706207
14410.0, 0.11704553
14420.0, 0.11702902
14430.0, 0.117012545
14440.0, 0.116996095
14450.0, 0.11697969
14460.0, 0.116963305
14470.0, 0.11694695
14480.0, 0.116930634
14490.0, 0.11691435
14500.0, 0.11689809
14510.0, 0.11688187
14520.0, 0.11686568
14530.0, 0.11684953
14540.0, 0.116833396
14550.0, 0.1168173
14560.0, 0.11680124
14570.0, 0.116785206
14580.0, 0.1167692
14590.0, 0.116753235
14600.0, 0.11673729
14610.0, 0.11672139
14620.0, 0.116705514
14630.0, 0.11668967
14640.0, 0.11667385
14650.0, 0.11665807
14660.0, 0.11664232
14670.0, 0.1166266
14680.0, 0.1166109
14690.0, 0.116595246
14700.0, 0.116579615
14710.0, 0.11656401
14720.0, 0.11654845
14730.0, 0.11653291
14740.0, 0.1165174
14750.0, 0.11650192
14760.0, 0.116486475
14770.0, 0.11647107
14780.0, 0.116455674
14790.0, 0.11644032
14800.0, 0.11642499
14810.0, 0.1164097
14820.0, 0.11639443
14830.0, 0.116379194
14840.0, 0.11636399
14850.0, 0.11634881
14860.0, 0.11633366
14870.0, 0.116318546
14880.0, 0.11630346
14890.0, 0.1162884
14900.0, 0.11627337
14910.0, 0.116258375
14920.0, 0.11624341
14930.0, 0.11622846
14940.0, 0.11621355
14950.0, 0.11619867
14960.0, 0.11618382
14970.0, 0.11616899
14980.0, 0.116154194
14990.0, 0.116139434
15000.0, 0.11612469
15010.0, 0.11610998
15020.0, 0.116095304
15030.0, 0.11608066
15040.0, 0.11606603
15050.0, 0.11605144
15060.0, 0.11603688
15070.0, 0.11602234
15080.0, 0.116007835
15090.0, 0.11599335
15100.0, 0.115978904
15110.0, 0.11596448
15120.0, 0.115950085
15130.0, 0.11593572
15140.0, 0.115921386
15150.0, 0.11590707
15160.0, 0.1158928
15170.0, 0.115878545
15180.0, 0.115864314
15190.0, 0.11585012
15200.0, 0.11583595
15210.0, 0.1158218
15220.0, 0.11580769
15230.0, 0.11579361
15240.0, 0.11577955
15250.0, 0.11576551
15260.0, 0.115751505
15270.0, 0.11573753
15280.0, 0.11572359
15290.0, 0.11570966
15300.0, 0.11569577
15310.0, 0.1156819
15320.0, 0.115668066
15330.0, 0.11565425
15340.0, 0.11564046
15350.0, 0.1156267
15360.0, 0.115612976
15370.0, 0.11559927
15380.0, 0.11558559
15390.0, 0.11557194
15400.0, 0.11555831
15410.0, 0.115544714
15420.0, 0.11553115
15430.0, 0.1155176
15440.0, 0.115504086
15450.0, 0.11549059
15460.0, 0.11547713
15470.0, 0.1154637
15480.0, 0.11545028
15490.0, 0.11543689
15500.0, 0.11542353
15510.0, 0.1154102
15520.0, 0.115396895
15530.0, 0.11538361
15540.0, 0.11537036
15550.0, 0.11535713
15560.0, 0.11534393
15570.0, 0.11533075
15580.0, 0.115317605
15590.0, 0.11530448
15600.0, 0.11529138
15610.0, 0.1152783
15620.0, 0.11526526
15630.0, 0.115252234
15640.0, 0.11523923
15650.0, 0.11522627
15660.0, 0.11521332
15670.0, 0.1152004
15680.0, 0.11518751
15690.0, 0.115174636
15700.0, 0.11516179
15710.0, 0.11514897
15720.0, 0.115136184
15730.0, 0.115123406
15740.0, 0.115110666
15750.0, 0.11509795
15760.0, 0.11508525
15770.0, 0.115072586
15780.0, 0.11505994
15790.0, 0.11504732
15800.0, 0.11503473
15810.0, 0.11502216
15820.0, 0.11500961
15830.0, 0.1149971
15840.0, 0.1149846
15850.0, 0.11497212
15860.0, 0.11495968
15870.0, 0.11494726
15880.0, 0.11493486
15890.0, 0.114922486
15900.0, 0.11491013
15910.0, 0.11489782
15920.0, 0.11488552
15930.0, 0.11487324
15940.0, 0.11486099
15950.0, 0.114848755
15960.0, 0.11483655
15970.0, 0.11482438
15980.0, 0.11481222
15990.0, 0.11480009
16000.0, 0.11478797
16010.0, 0.114775896
16020.0, 0.11476383
16030.0, 0.1147518
16040.0, 0.11473978
16050.0, 0.114727795
16060.0, 0.11471582
16070.0, 0.114703886
16080.0, 0.114691965
16090.0, 0.11468007
16100.0, 0.11466819
16110.0, 0.114656344
16120.0, 0.11464452
16130.0, 0.11463272
16140.0, 0.11462094
16150.0, 0.11460919
16160.0, 0.11459745
16170.0, 0.11458574
16180.0, 0.11457405
16190.0, 0.114562385
16200.0, 0.11455075
16210.0, 0.11453913
16220.0, 0.11452754
16230.0, 0.11451597
16240.0, 0.11450441
16250.0, 0.114492886
16260.0, 0.11448138
16270.0, 0.1144699
16280.0, 0.11445844
16290.0, 0.114447005
16300.0, 0.11443559
16310.0, 0.1144242
16320.0, 0.11441283
16330.0, 0.11440148
16340.0, 0.114390165
16350.0, 0.114378855
16360.0, 0.11436758
16370.0, 0.11435632
16380.0, 0.11434508
16390.0, 0.114333875
16400.0, 0.114322685
16410.0, 0.11431152
16420.0, 0.11430037
16430.0, 0.11428924
16440.0, 0.11427813
16450.0, 0.11426705
16460.0, 0.114255995
16470.0, 0.11424495
16480.0, 0.11423394
16490.0, 0.114222944
16500.0, 0.11421198
16510.0, 0.114201024
16520.0, 0.114190094
16530.0, 0.11417918
16540.0, 0.114168294
16550.0, 0.11415743
16560.0, 0.11414659
16570.0, 0.114135765
16580.0, 0.11412496
16590.0, 0.11411418
16600.0, 0.11410342
16610.0, 0.114092685
16620.0, 0.11408197
16630.0, 0.11407128
16640.0, 0.1140606
16650.0, 0.11404995
16660.0, 0.11403932
16670.0, 0.1140287
16680.0, 0.11401811
16690.0, 0.11400755
16700.0, 0.113997
16710.0, 0.11398647
16720.0, 0.11397596
16730.0, 0.113965474
16740.0, 0.113955006
16750.0, 0.11394456
16760.0, 0.11393414
16770.0, 0.113923736
16780.0, 0.11391335
16790.0, 0.113902986
16800.0, 0.113892645
16810.0, 0.113882326
16820.0, 0.11387202
16830.0, 0.11386174
16840.0, 0.11385148
16850.0, 0.113841236
16860.0, 0.11383101
16870.0, 0.11382081
16880.0, 0.113810636
16890.0, 0.11380047
16900.0, 0.11379033
16910.0, 0.11378021
16920.0, 0.11377011
16930.0, 0.11376003
16940.0, 0.113749966
16950.0, 0.11373992
16960.0, 0.1137299
16970.0, 0.1137199
16980.0, 0.11370992
16990.0, 0.11369996
17000.0, 0.11369002
17010.0, 0.113680094
17020.0, 0.11367019
17030.0, 0.113660306
17040.0, 0.11365044
17050.0, 0.1136406
17060.0, 0.11363077
17070.0, 0.11362097
17080.0, 0.11361118
17090.0, 0.11360142
17100.0, 0.11359166
17110.0, 0.11358193
17120.0, 0.113572225
17130.0, 0.11356253
17140.0, 0.11355286
17150.0, 0.113543205
17160.0, 0.11353357
17170.0, 0.11352396
17180.0, 0.113514364
17190.0, 0.11350479
17200.0, 0.11349523
17210.0, 0.113485694
17220.0, 0.11347617
17230.0, 0.11346667
17240.0, 0.11345719
17250.0, 0.11344772
17260.0, 0.11343828
17270.0, 0.11342885
17280.0, 0.11341944
17290.0, 0.113410056
17300.0, 0.11340068
17310.0, 0.11339133
17320.0, 0.113382
17330.0, 0.11337268
17340.0, 0.113363385
17350.0, 0.1133541
17360.0, 0.11334485
17370.0, 0.1133356
17380.0, 0.11332638
17390.0, 0.11331718
17400.0, 0.11330798
17410.0, 0.11329882
17420.0, 0.11328967
17430.0, 0.11328053
17440.0, 0.113271415
17450.0, 0.11326232
17460.0, 0.11325324
17470.0, 0.113244176
17480.0, 0.11323514
17490.0, 0.11322611
17500.0, 0.1132171
17510.0, 0.11320811
17520.0, 0.11319914
17530.0, 0.11319018
17540.0, 0.11318125
17550.0, 0.11317232
17560.0, 0.11316343
17570.0, 0.11315454
17580.0, 0.11314567
17590.0, 0.11313682
17600.0, 0.11312799
17610.0, 0.11311918
17620.0, 0.113110386
17630.0, 0.1131016
17640.0, 0.11309284
17650.0, 0.1130841
17660.0, 0.11307537
17670.0, 0.11306666
17680.0, 0.11305796
17690.0, 0.11304929
17700.0, 0.11304063
17710.0, 0.11303198
17720.0, 0.11302336
17730.0, 0.11301476
17740.0, 0.11300617
17750.0, 0.11299759
17760.0, 0.11298904
17770.0, 0.11298049
17780.0, 0.11297198
17790.0, 0.11296347
17800.0, 0.112954974
17810.0, 0.1129465
17820.0, 0.11293805
17830.0, 0.112929605
17840.0, 0.112921186
17850.0, 0.11291278
17860.0, 0.11290439
17870.0, 0.11289602
17880.0, 0.112887666
17890.0, 0.11287933
17900.0, 0.112871006
17910.0, 0.1128627
17920.0, 0.1128544
17930.0, 0.11284613
17940.0, 0.11283787
17950.0, 0.11282963
17960.0, 0.11282141
17970.0, 0.1128132
17980.0, 0.112805
17990.0, 0.11279683
18000.0, 0.11278867
18010.0, 0.11278053
18020.0, 0.1127724
18030.0, 0.112764284
18040.0, 0.112756185
18050.0, 0.11274811
18060.0, 0.11274005
18070.0, 0.112732
18080.0, 0.11272397
18090.0, 0.112715945
18100.0, 0.11270795
18110.0, 0.11269996
18120.0, 0.112692
18130.0, 0.11268404
18140.0, 0.1126761
18150.0, 0.11266818
18160.0, 0.112660274
18170.0, 0.112652384
18180.0, 0.11264451
18190.0, 0.112636656
18200.0, 0.11262881
18210.0, 0.11262098
18220.0, 0.11261317
18230.0, 0.11260537
18240.0, 0.11259759
18250.0, 0.11258982
18260.0, 0.11258207
18270.0, 0.11257434
18280.0, 0.11256661
18290.0, 0.11255891
18300.0, 0.11255122
18310.0, 0.112543546
18320.0, 0.11253589
18330.0, 0.11252824
18340.0, 0.11252061
18350.0, 0.112513
18360.0, 0.1125054
18370.0, 0.112497814
18380.0, 0.11249025
18390.0, 0.1124827
18400.0, 0.11247516
18410.0, 0.112467624
18420.0, 0.11246012
18430.0, 0.112452626
18440.0, 0.112445146
18450.0, 0.11243768
18460.0, 0.11243023
18470.0, 0.112422794
18480.0, 0.11241537
18490.0, 0.11240797
18500.0, 0.11240058
18510.0, 0.1123932
18520.0, 0.11238584
18530.0, 0.11237849
18540.0, 0.112371154
18550.0, 0.11236384
18560.0, 0.112356536
18570.0, 0.11234925
18580.0, 0.11234197
18590.0, 0.112334706
18600.0, 0.112327464
18610.0, 0.11232023
18620.0, 0.11231302
18630.0, 0.112305805
18640.0, 0.112298615
18650.0, 0.11229145
18660.0, 0.11228428
18670.0, 0.112277135
18680.0, 0.112270005
18690.0, 0.11226289
18700.0, 0.11225578
18710.0, 0.11224869
18720.0, 0.11224162
18730.0, 0.112234555
18740.0, 0.11222751
18750.0, 0.11222047
18760.0, 0.11221345
18770.0, 0.112206444
18780.0, 0.11219945
18790.0, 0.11219247
18800.0, 0.11218551
18810.0, 0.11217856
18820.0, 0.11217162
18830.0, 0.11216469
18840.0, 0.112157784
18850.0, 0.112150885
18860.0, 0.11214401
18870.0, 0.11213714
18880.0, 0.11213028
18890.0, 0.11212344
18900.0, 0.11211661
18910.0, 0.112109795
18920.0, 0.11210299
18930.0, 0.112096205
18940.0, 0.112089425
18950.0, 0.11208267
18960.0, 0.11207592
18970.0, 0.11206919
18980.0, 0.11206247
18990.0, 0.112055756
19000.0, 0.112049066
19010.0, 0.11204238
19020.0, 0.11203572
19030.0, 0.11202906
19040.0, 0.11202242
19050.0, 0.11201579
19060.0, 0.112009175
19070.0, 0.112002574
19080.0, 0.11199598
19090.0, 0.11198941
19100.0, 0.111982845
19110.0, 0.111976296
19120.0, 0.111969754
19130.0, 0.111963235
19140.0, 0.11195672
19150.0, 0.111950226
19160.0, 0.111943744
19170.0, 0.11193727
19180.0, 0.11193081
19190.0, 0.111924365
19200.0, 0.11191792
19210.0, 0.111911505
19220.0, 0.11190509
19230.0, 0.1118987
19240.0, 0.11189231
19250.0, 0.11188595
19260.0, 0.11187959
19270.0, 0.11187324
19280.0, 0.11186691
19290.0, 0.11186059
19300.0, 0.11185428
19310.0, 0.11184798
19320.0, 0.1118417
19330.0, 0.111835435
19340.0, 0.11182918
19350.0, 0.11182293
19360.0, 0.1118167
19370.0, 0.11181047
19380.0, 0.11180426
19390.0, 0.11179807
19400.0, 0.11179188
19410.0, 0.11178571
19420.0, 0.11177955
19430.0, 0.1117734
19440.0, 0.11176727
19450.0, 0.111761145
19460.0, 0.111755036
19470.0, 0.11174894
19480.0, 0.11174285
19490.0, 0.111736774
19500.0, 0.11173072
19510.0, 0.11172466
19520.0, 0.111718625
19530.0, 0.1117126
19540.0, 0.111706585
19550.0, 0.11170058
19560.0, 0.11169459
19570.0, 0.111688614
19580.0, 0.11168264
19590.0, 0.111676686
19600.0, 0.11167074
19610.0, 0.11166481
19620.0, 0.11165889
19630.0, 0.111652985
19640.0, 0.111647084
19650.0, 0.111641206
19660.0, 0.11163533
19670.0, 0.11162947
19680.0, 0.111623615
19690.0, 0.111617774
19700.0, 0.111611955
19710.0, 0.111606136
19720.0, 0.11160033
19730.0, 0.11159454
19740.0, 0.11158876
19750.0, 0.11158299
19760.0, 0.111577235
19770.0, 0.11157148
19780.0, 0.111565754
19790.0, 0.111560024
19800.0, 0.11155432
19810.0, 0.11154861
19820.0, 0.111542925
19830.0, 0.11153724
19840.0, 0.11153158
19850.0, 0.11152592
19860.0, 0.11152028
19870.0, 0.11151464
19880.0, 0.11150902
19890.0, 0.111503415
19900.0, 0.11149781
19910.0, 0.111492224
19920.0, 0.11148664
19930.0, 0.11148108
19940.0, 0.11147552
19950.0, 0.11146998
19960.0, 0.11146444
19970.0, 0.11145892
19980.0, 0.11145341
19990.0, 0.11144791
20000.0, 0.11144242
20010.0, 0.11143693
20020.0, 0.11143147
20030.0, 0.11142602
20040.0, 0.111420564
20050.0, 0.11141513
20060.0, 0.1114097
20070.0, 0.111404285
20080.0, 0.11139889
20090.0, 0.1113935
20100.0, 0.11138811
20110.0, 0.11138274
20120.0, 0.11137738
20130.0, 0.11137203
20140.0, 0.11136669
20150.0, 0.11136136
20160.0, 0.11135604
20170.0, 0.11135073
20180.0, 0.11134544
20190.0, 0.11134015
20200.0, 0.111334875
20210.0, 0.11132961
20220.0, 0.111324355
20230.0, 0.11131911
20240.0, 0.11131388
20250.0, 0.11130865
20260.0, 0.111303434
20270.0, 0.11129823
20280.0, 0.11129304
20290.0, 0.111287855
20300.0, 0.111282684
20310.0, 0.11127752
20320.0, 0.111272365
20330.0, 0.111267224
20340.0, 0.11126209
20350.0, 0.11125698
20360.0, 0.11125186
20370.0, 0.111246765
20380.0, 0.11124167
20390.0, 0.11123659
20400.0, 0.11123151
20410.0, 0.11122646
20420.0, 0.11122141
20430.0, 0.11121637
20440.0, 0.11121134
20450.0, 0.111206315
20460.0, 0.11120131
20470.0, 0.1111963
20480.0, 0.11119131
20490.0, 0.11118633
20500.0, 0.111181356
20510.0, 0.1111764
20520.0, 0.11117145
20530.0, 0.11116651
20540.0, 0.111161575
20550.0, 0.11115665
20560.0, 0.11115174
20570.0, 0.11114684
20580.0, 0.11114194
20590.0, 0.11113706
20600.0, 0.11113219
20610.0, 0.111127324
20620.0, 0.111122474
20630.0, 0.111117624
20640.0, 0.111112796
20650.0, 0.11110796
20660.0, 0.11110315
20670.0, 0.11109834
20680.0, 0.11109355
20690.0, 0.11108876
20700.0, 0.111083984
20710.0, 0.111079216
20720.0, 0.111074455
20730.0, 0.11106971
20740.0, 0.11106497
20750.0, 0.11106024
20760.0, 0.111055516
20770.0, 0.11105081
20780.0, 0.1110461
20790.0, 0.11104141
20800.0, 0.111036725
20810.0, 0.111032054
20820.0, 0.11102739
20830.0, 0.11102273
20840.0, 0.111018084
20850.0, 0.11101344
20860.0, 0.11100882
20870.0, 0.1110042
20880.0, 0.11099959
20890.0, 0.11099499
20900.0, 0.1109904
20910.0, 0.11098582
20920.0, 0.11098125
20930.0, 0.11097668
20940.0, 0.11097213
20950.0, 0.11096758
20960.0, 0.11096305
20970.0, 0.11095852
20980.0, 0.110953994
20990.0, 0.11094949
21000.0, 0.11094498
21010.0, 0.11094049
21020.0, 0.11093601
21030.0, 0.11093153
21040.0, 0.11092707
21050.0, 0.11092261
21060.0, 0.110918164
21070.0, 0.11091372
21080.0, 0.1109093
21090.0, 0.11090488
21100.0, 0.11090046
21110.0, 0.11089606
21120.0, 0.11089167
21130.0, 0.110887274
21140.0, 0.1108829
21150.0, 0.110878535
21160.0, 0.11087417
21170.0, 0.11086982
21180.0, 0.11086548
21190.0, 0.110861145
21200.0, 0.110856816
21210.0, 0.1108525
21220.0, 0.110848196
21230.0, 0.11084389
21240.0, 0.1108396
21250.0, 0.11083532
21260.0, 0.110831045
21270.0, 0.110826775
21280.0, 0.11082252
21290.0, 0.110818274
21300.0, 0.110814035
21310.0, 0.110809796
21320.0, 0.11080557
21330.0, 0.11080136
21340.0, 0.11079715
21350.0, 0.11079296
21360.0, 0.11078877
21370.0, 0.11078458
21380.0, 0.11078041
21390.0, 0.110776246
21400.0, 0.11077209
21410.0, 0.11076794
21420.0, 0.1107638
21430.0, 0.11075967
21440.0, 0.11075554
21450.0, 0.11075143
21460.0, 0.11074732
21470.0, 0.11074322
21480.0, 0.11073913
21490.0, 0.110735044
21500.0, 0.11073097
21510.0, 0.1107269
21520.0, 0.11072284
21530.0, 0.110718794
21540.0, 0.11071475
21550.0, 0.11071072
21560.0, 0.110706694
21570.0, 0.11070267
21580.0, 0.11069866
21590.0, 0.11069466
21600.0, 0.11069066
21610.0, 0.110686675
21620.0, 0.110682696
21630.0, 0.110678725
21640.0, 0.11067476
21650.0, 0.110670805
21660.0, 0.110666856
21670.0, 0.11066292
21680.0, 0.11065899
21690.0, 0.11065506
21700.0, 0.11065115
21710.0, 0.11064724
21720.0, 0.11064334
21730.0, 0.110639445
21740.0, 0.11063556
21750.0, 0.11063168
21760.0, 0.110627815
21770.0, 0.110623956
21780.0, 0.1106201
21790.0, 0.11061625
21800.0, 0.11061241
21810.0, 0.11060858
21820.0, 0.110604756
21830.0, 0.11060094
21840.0, 0.11059713
21850.0, 0.11059333
21860.0, 0.11058954
21870.0, 0.11058575
21880.0, 0.11058197
21890.0, 0.1105782
21900.0, 0.11057444
21910.0, 0.110570684
21920.0, 0.11056694
21930.0, 0.110563196
21940.0, 0.11055946
21950.0, 0.11055574
21960.0, 0.11055201
21970.0, 0.1105483
21980.0, 0.1105446
21990.0, 0.110540904
22000.0, 0.11053721
22010.0, 0.110533535
22020.0, 0.11052986
22030.0, 0.11052619
22040.0, 0.11052253
22050.0, 0.11051887
22060.0, 0.11051523
22070.0, 0.11051159
22080.0, 0.11050796
22090.0, 0.11050434
22100.0, 0.110500716
22110.0, 0.11049711
22120.0, 0.11049351
22130.0, 0.11048991
22140.0, 0.11048632
22150.0, 0.110482745
22160.0, 0.11047917
22170.0, 0.11047561
22180.0, 0.110472046
22190.0, 0.1104685
22200.0, 0.11046495
22210.0, 0.11046141
22220.0, 0.11045788
22230.0, 0.11045436
22240.0, 0.11045084
22250.0, 0.110447325
22260.0, 0.11044382
22270.0, 0.11044033
22280.0, 0.11043684
22290.0, 0.110433355
22300.0, 0.11042988
22310.0, 0.11042641
22320.0, 0.110422954
22330.0, 0.1104195
22340.0, 0.11041605
22350.0, 0.11041261
22360.0, 0.11040918
22370.0, 0.11040574
22380.0, 0.11040232
22390.0, 0.11039891
22400.0, 0.110395506
22410.0, 0.1103921
22420.0, 0.11038871
22430.0, 0.11038532
22440.0, 0.110381946
22450.0, 0.11037857
22460.0, 0.1103752
22470.0, 0.11037184
22480.0, 0.11036849
22490.0, 0.110365145
22500.0, 0.11036181
22510.0, 0.11035847
22520.0, 0.110355146
22530.0, 0.11035182
22540.0, 0.110348515
22550.0, 0.11034521
22560.0, 0.11034191
22570.0, 0.11033861
22580.0, 0.11033533
22590.0, 0.11033204
22600.0, 0.11032877
22610.0, 0.1103255
22620.0, 0.110322244
22630.0, 0.11031899
22640.0, 0.11031574
22650.0, 0.1103125
22660.0, 0.11030926
22670.0, 0.11030603
22680.0, 0.11030281
22690.0, 0.110299595
22700.0, 0.11029638
22710.0, 0.11029319
22720.0, 0.11028998
22730.0, 0.110286795
22740.0, 0.11028361
22750.0, 0.11028043
22760.0, 0.11027726
22770.0, 0.1102741
22780.0, 0.11027094
22790.0, 0.11026779
22800.0, 0.110264644
22810.0, 0.11026151
22820.0, 0.11025837
22830.0, 0.11025524
22840.0, 0.11025212
22850.0, 0.110249005
22860.0, 0.1102459
22870.0, 0.11024279
22880.0, 0.1102397
22890.0, 0.11023661
22900.0, 0.11023352
22910.0, 0.110230446
22920.0, 0.110227376
22930.0, 0.11022431
22940.0, 0.110221244
22950.0, 0.1102182
22960.0, 0.11021514
22970.0, 0.1102121
22980.0, 0.11020907
22990.0, 0.11020604
23000.0, 0.11020302
23010.0, 0.1102
23020.0, 0.11019699
23030.0, 0.11019398
23040.0, 0.11019098
23050.0, 0.11018799
23060.0, 0.110185
23070.0, 0.110182025
23080.0, 0.110179044
23090.0, 0.11017607
23100.0, 0.11017311
23110.0, 0.110170156
23120.0, 0.110167205
23130.0, 0.110164255
23140.0, 0.11016132
23150.0, 0.110158384
23160.0, 0.110155456
23170.0, 0.11015253
23180.0, 0.110149615
23190.0, 0.1101467
23200.0, 0.110143796
23210.0, 0.1101409
23220.0, 0.11013801
23230.0, 0.110135116
23240.0, 0.11013223
23250.0, 0.11012936
23260.0, 0.11012649
23270.0, 0.11012363
23280.0, 0.110120766
23290.0, 0.110117905
23300.0, 0.11011506
23310.0, 0.11011222
23320.0, 0.11010938
23330.0, 0.11010655
23340.0, 0.11010373
23350.0, 0.11010091
23360.0, 0.110098094
23370.0, 0.110095285
23380.0, 0.11009248
23390.0, 0.11008968
23400.0, 0.110086896
23410.0, 0.11008411
23420.0, 0.11008132
23430.0, 0.11007855
23440.0, 0.11007578
23450.0, 0.110073015
23460.0, 0.11007026
23470.0, 0.11006751
23480.0, 0.11006476
23490.0, 0.11006201
23500.0, 0.110059276
23510.0, 0.11005655
23520.0, 0.11005382
23530.0, 0.1100511
23540.0, 0.11004838
23550.0, 0.11004567
23560.0, 0.110042974
23570.0, 0.11004027
23580.0, 0.11003758
23590.0, 0.11003489
23600.0, 0.11003221
23610.0, 0.11002953
23620.0, 0.11002686
23630.0, 0.11002419
23640.0, 0.11002153
23650.0, 0.11001888
23660.0, 0.11001622
23670.0, 0.11001358
23680.0, 0.11001094
23690.0, 0.11000831
23700.0, 0.11000567
23710.0, 0.110003054
23720.0, 0.11000043
23730.0, 0.10999782
23740.0, 0.10999521
23750.0, 0.1099926
23760.0, 0.10999
23770.0, 0.10998741
23780.0, 0.10998482
23790.0, 0.109982245
23800.0, 0.10997966
23810.0, 0.10997709
23820.0, 0.10997452
23830.0, 0.10997196
23840.0, 0.1099694
23850.0, 0.109966844
23860.0, 0.1099643
23870.0, 0.10996176
23880.0, 0.10995922
23890.0, 0.1099567
23900.0, 0.10995416
23910.0, 0.10995164
23920.0, 0.10994913
23930.0, 0.10994661
23940.0, 0.109944105
23950.0, 0.1099416
23960.0, 0.109939106
23970.0, 0.10993662
23980.0, 0.10993413
23990.0, 0.10993165
24000.0, 0.109929174
24010.0, 0.10992669
24020.0, 0.10992423
24030.0, 0.10992177
24040.0, 0.10991931
24050.0, 0.10991685
24060.0, 0.10991441
24070.0, 0.10991196
24080.0, 0.10990953
24090.0, 0.1099071
24100.0, 0.10990467
24110.0, 0.10990225
24120.0, 0.10989983
24130.0, 0.10989741
24140.0, 0.109895006
24150.0, 0.1098926
24160.0, 0.1098902
24170.0, 0.10988781
24180.0, 0.10988541
24190.0, 0.109883025
24200.0, 0.10988065
24210.0, 0.10987827
24220.0, 0.1098759
24230.0, 0.10987354
24240.0, 0.10987117
24250.0, 0.10986882
24260.0, 0.10986647
24270.0, 0.10986412
24280.0, 0.109861776
24290.0, 0.10985944
24300.0, 0.109857105
24310.0, 0.10985477
24320.0, 0.10985245
24330.0, 0.10985013
24340.0, 0.10984782
24350.0, 0.109845504
24360.0, 0.1098432
24370.0, 0.1098409
24380.0, 0.109838605
24390.0, 0.10983631
24400.0, 0.10983402
24410.0, 0.10983174
24420.0, 0.10982946
24430.0, 0.10982719
24440.0, 0.10982492
24450.0, 0.10982266
24460.0, 0.109820396
24470.0, 0.109818146
24480.0, 0.10981589
24490.0, 0.109813645
24500.0, 0.1098114
24510.0, 0.10980916
24520.0, 0.10980693
24530.0, 0.1098047
24540.0, 0.10980248
24550.0, 0.10980026
24560.0, 0.10979804
24570.0, 0.10979583
24580.0, 0.109793626
24590.0, 0.10979142
24600.0, 0.10978922
24610.0, 0.10978703
24620.0, 0.10978484
24630.0, 0.10978265
24640.0, 0.109780475
24650.0, 0.1097783
24660.0, 0.109776124
24670.0, 0.10977396
24680.0, 0.109771796
24690.0, 0.109769635
24700.0, 0.10976748
24710.0, 0.109765336
24720.0, 0.10976318
24730.0, 0.109761044
24740.0, 0.109758906
24750.0, 0.109756775
24760.0, 0.109754644
24770.0, 0.10975252
24780.0, 0.1097504
24790.0, 0.10974829
24800.0, 0.10974617
24810.0, 0.109744065
24820.0, 0.109741956
24830.0, 0.10973986
24840.0, 0.10973777
24850.0, 0.109735675
24860.0, 0.10973359
24870.0, 0.10973151
24880.0, 0.10972943
24890.0, 0.10972735
24900.0, 0.10972528
24910.0, 0.10972322
24920.0, 0.109721154
24930.0, 0.1097191
24940.0, 0.10971704
24950.0, 0.10971499
24960.0, 0.10971294
24970.0, 0.10971091
24980.0, 0.10970887
24990.0, 0.109706834
25000.0, 0.1097048
25010.0, 0.10970278
25020.0, 0.109700754
25030.0, 0.10969874
25040.0, 0.10969673
25050.0, 0.10969472
25060.0, 0.109692715
25070.0, 0.10969071
25080.0, 0.109688714
25090.0, 0.109686725
25100.0, 0.109684736
25110.0, 0.109682746
25120.0, 0.109680764
25130.0, 0.10967879
25140.0, 0.109676816
25150.0, 0.10967485
25160.0, 0.10967288
25170.0, 0.109670915
25180.0, 0.10966896
25190.0, 0.109667
25200.0, 0.10966505
25210.0, 0.10966311
25220.0, 0.10966117
25230.0, 0.10965923
25240.0, 0.109657295
25250.0, 0.109655365
25260.0, 0.109653436
25270.0, 0.10965151
25280.0, 0.1096496
25290.0, 0.10964768
25300.0, 0.10964577
25310.0, 0.10964386
25320.0, 0.109641954
25330.0, 0.109640054
25340.0, 0.10963816
25350.0, 0.10963626
25360.0, 0.10963438
25370.0, 0.10963249
25380.0, 0.109630615
25390.0, 0.10962874
25400.0, 0.10962686
25410.0, 0.10962499
25420.0, 0.10962313
25430.0, 0.109621264
25440.0, 0.1096194
25450.0, 0.109617546
25460.0, 0.1096157
25470.0, 0.10961385
25480.0, 0.109612
25490.0, 0.10961016
25500.0, 0.10960832
25510.0, 0.10960649
25520.0, 0.109604664
25530.0, 0.10960284
25540.0, 0.10960101
25550.0, 0.1095992
25560.0, 0.109597385
25570.0, 0.109595574
25580.0, 0.109593764
25590.0, 0.10959196
25600.0, 0.109590165
25610.0, 0.10958836
25620.0, 0.10958657
25630.0, 0.10958478
25640.0, 0.10958299
25650.0, 0.10958121
25660.0, 0.10957943
25670.0, 0.109577656
25680.0, 0.10957588
25690.0, 0.10957412
25700.0, 0.10957235
25710.0, 0.10957059
25720.0, 0.10956883
25730.0, 0.10956708
25740.0, 0.109565325
25750.0, 0.10956358
25760.0, 0.10956184
25770.0, 0.109560095
25780.0, 0.10955836
25790.0, 0.10955662
25800.0, 0.109554894
25810.0, 0.10955317
25820.0, 0.109551445
25830.0, 0.10954973
25840.0, 0.109548
25850.0, 0.1095463
25860.0, 0.10954458
25870.0, 0.109542884
25880.0, 0.10954118
25890.0, 0.10953948
25900.0, 0.10953779
25910.0, 0.10953609
25920.0, 0.109534405
25930.0, 0.109532714
25940.0, 0.10953103
25950.0, 0.10952935
25960.0, 0.10952768
25970.0, 0.109526
25980.0, 0.10952434
25990.0, 0.10952267
26000.0, 0.10952101
26010.0, 0.10951935
26020.0, 0.10951769
26030.0, 0.10951604
26040.0, 0.10951439
26050.0, 0.10951275
26060.0, 0.10951111
26070.0, 0.10950946
26080.0, 0.10950783
26090.0, 0.10950619
26100.0, 0.109504566
26110.0, 0.10950294
26120.0, 0.10950132
26130.0, 0.1094997
26140.0, 0.109498076
26150.0, 0.10949647
26160.0, 0.10949486
26170.0, 0.10949325
26180.0, 0.10949165
26190.0, 0.109490044
26200.0, 0.10948845
26210.0, 0.10948685
26220.0, 0.10948526
26230.0, 0.109483674
26240.0, 0.10948209
26250.0, 0.10948051
26260.0, 0.109478936
26270.0, 0.109477356
26280.0, 0.109475784
26290.0, 0.10947422
26300.0, 0.10947265
26310.0, 0.10947109
26320.0, 0.109469526
26330.0, 0.10946797
26340.0, 0.10946642
26350.0, 0.10946487
26360.0, 0.10946332
26370.0, 0.10946178
26380.0, 0.109460235
26390.0, 0.1094587
26400.0, 0.109457165
26410.0, 0.10945563
26420.0, 0.1094541
26430.0, 0.109452575
26440.0, 0.109451056
26450.0, 0.109449536
26460.0, 0.109448016
26470.0, 0.1094465
26480.0, 0.10944499
26490.0, 0.109443486
26500.0, 0.10944198
26510.0, 0.109440476
26520.0, 0.10943898
26530.0, 0.10943749
26540.0, 0.10943599
26550.0, 0.1094345
26560.0, 0.10943302
26570.0, 0.10943153
26580.0, 0.10943005
26590.0, 0.10942858
26600.0, 0.1094271
26610.0, 0.10942563
26620.0, 0.10942416
26630.0, 0.10942269
26640.0, 0.10942123
26650.0, 0.10941977
26660.0, 0.10941831
26670.0, 0.10941686
26680.0, 0.109415404
26690.0, 0.10941396
26700.0, 0.10941251
26710.0, 0.10941107
26720.0, 0.10940963
26730.0, 0.10940819
26740.0, 0.109406754
26750.0, 0.109405324
26760.0, 0.1094039
26770.0, 0.10940247
26780.0, 0.109401055
26790.0, 0.10939963
26800.0, 0.109398216
26810.0, 0.1093968
26820.0, 0.109395385
26830.0, 0.10939398
26840.0, 0.10939257
26850.0, 0.10939117
26860.0, 0.109389775
26870.0, 0.109388374
26880.0, 0.10938698
26890.0, 0.10938559
26900.0, 0.109384194
26910.0, 0.10938281
26920.0, 0.10938142
26930.0, 0.109380044
26940.0, 0.10937867
26950.0, 0.109377295
26960.0, 0.109375924
26970.0, 0.10937455
26980.0, 0.10937318
26990.0, 0.10937182
27000.0, 0.109370455
27010.0, 0.1093691
27020.0, 0.10936774
27030.0, 0.10936639
27040.0, 0.10936504
27050.0, 0.10936369
27060.0, 0.10936235
27070.0, 0.109361
27080.0, 0.10935967
27090.0, 0.109358326
27100.0, 0.10935699
27110.0, 0.10935566
27120.0, 0.10935433
27130.0, 0.109353
27140.0, 0.10935167
27150.0, 0.10935036
27160.0, 0.10934904
27170.0, 0.10934772
27180.0, 0.109346405
27190.0, 0.10934509
27200.0, 0.10934379
27210.0, 0.10934248
27220.0, 0.10934118
27230.0, 0.10933988
27240.0, 0.10933858
27250.0, 0.109337285
27260.0, 0.109335996
27270.0, 0.10933471
27280.0, 0.10933342
27290.0, 0.10933213
27300.0, 0.10933085
27310.0, 0.10932957
27320.0, 0.10932829
27330.0, 0.10932701
27340.0, 0.109325744
27350.0, 0.10932447
27360.0, 0.10932321
27370.0, 0.109321944
27380.0, 0.10932068
27390.0, 0.10931942
27400.0, 0.10931817
27410.0, 0.10931691
27420.0, 0.109315656
27430.0, 0.109314404
27440.0, 0.10931316
27450.0, 0.109311916
27460.0, 0.10931067
27470.0, 0.109309435
27480.0, 0.1093082
27490.0, 0.10930696
27500.0, 0.109305725
27510.0, 0.109304495
27520.0, 0.109303266
27530.0, 0.109302044
27540.0, 0.10930082
27550.0, 0.10929961
27560.0, 0.109298386
27570.0, 0.10929717
27580.0, 0.10929596
27590.0, 0.10929475
27600.0, 0.10929354
27610.0, 0.109292336
27620.0, 0.109291136
27630.0, 0.10928993
27640.0, 0.10928873
27650.0, 0.10928754
27660.0, 0.10928634
27670.0, 0.10928515
27680.0, 0.10928396
27690.0, 0.10928278
27700.0, 0.10928159
27710.0, 0.10928041
27720.0, 0.10927923
27730.0, 0.10927805
27740.0, 0.10927688
27750.0, 0.109275706
27760.0, 0.109274544
27770.0, 0.109273374
27780.0, 0.109272204
27790.0, 0.10927104
27800.0, 0.10926989
27810.0, 0.109268725
27820.0, 0.10926756
27830.0, 0.109266415
27840.0, 0.10926527
27850.0, 0.10926411
27860.0, 0.109262966
27870.0, 0.10926182
27880.0, 0.10926068
27890.0, 0.10925954
27900.0, 0.109258406
27910.0, 0.109257266
27920.0, 0.10925613
27930.0, 0.109255
27940.0, 0.109253876
27950.0, 0.10925274
27960.0, 0.109251626
27970.0, 0.1092505
27980.0, 0.10924938
27990.0, 0.109248266
28000.0, 0.10924715
28010.0, 0.10924604
28020.0, 0.10924493
28030.0, 0.10924382
28040.0, 0.109242715
28050.0, 0.109241605
28060.0, 0.10924051
28070.0, 0.10923941
28080.0, 0.109238304
28090.0, 0.10923722
28100.0, 0.10923612
28110.0, 0.10923503
28120.0, 0.10923394
28130.0, 0.10923285
28140.0, 0.10923177
28150.0, 0.10923069
28160.0, 0.10922961
28170.0, 0.10922853
28180.0, 0.109227456
28190.0, 0.10922638
28200.0, 0.10922531
28210.0, 0.10922424
28220.0, 0.10922317
28230.0, 0.10922211
28240.0, 0.10922105
28250.0, 0.10921998
28260.0, 0.109218925
28270.0, 0.10921787
28280.0, 0.10921682
28290.0, 0.10921576
28300.0, 0.10921471
28310.0, 0.10921366
28320.0, 0.109212615
28330.0, 0.10921157
28340.0, 0.10921053
28350.0, 0.10920949
28360.0, 0.10920845
28370.0, 0.109207414
28380.0, 0.10920638
28390.0, 0.10920535
28400.0, 0.10920432
28410.0, 0.109203294
28420.0, 0.109202266
28430.0, 0.109201245
28440.0, 0.109200224
28450.0, 0.1091992
28460.0, 0.10919818
28470.0, 0.10919717
28480.0, 0.10919616
28490.0, 0.10919514
28500.0, 0.10919414
28510.0, 0.10919313
28520.0, 0.109192125
28530.0, 0.10919112
28540.0, 0.10919012
28550.0, 0.10918912
28560.0, 0.109188125
28570.0, 0.109187126
28580.0, 0.109186135
28590.0, 0.109185144
28600.0, 0.10918415
28610.0, 0.10918317
28620.0, 0.10918219
28630.0, 0.109181195
28640.0, 0.10918022
28650.0, 0.109179236
28660.0, 0.10917826
28670.0, 0.109177284
28680.0, 0.109176315
28690.0, 0.10917535
28700.0, 0.10917437
28710.0, 0.1091734
28720.0, 0.10917243
28730.0, 0.10917147
28740.0, 0.10917051
28750.0, 0.10916955
28760.0, 0.10916859
28770.0, 0.109167635
28780.0, 0.10916668
28790.0, 0.10916573
28800.0, 0.10916478
28810.0, 0.10916383
28820.0, 0.10916288
28830.0, 0.10916194
28840.0, 0.109161
28850.0, 0.10916005
28860.0, 0.10915912
28870.0, 0.10915818
28880.0, 0.10915724
28890.0, 0.10915631
28900.0, 0.10915538
28910.0, 0.10915445
28920.0, 0.10915352
28930.0, 0.10915259
28940.0, 0.10915167
28950.0, 0.109150745
28960.0, 0.10914983
28970.0, 0.109148905
28980.0, 0.10914799
28990.0, 0.10914708
29000.0, 0.10914616
29010.0, 0.109145254
29020.0, 0.109144345
29030.0, 0.109143436
29040.0, 0.10914253
29050.0, 0.109141625
29060.0, 0.109140724
29070.0, 0.109139815
29080.0, 0.10913892
29090.0, 0.10913803
29100.0, 0.10913713
29110.0, 0.10913624
29120.0, 0.109135345
29130.0, 0.10913446
29140.0, 0.109133564
29150.0, 0.10913268
29160.0, 0.1091318
29170.0, 0.10913092
29180.0, 0.10913003
29190.0, 0.10912915
29200.0, 0.109128274
29210.0, 0.1091274
29220.0, 0.10912652
29230.0, 0.10912566
29240.0, 0.10912478
29250.0, 0.109123915
29260.0, 0.10912304
29270.0, 0.10912218
29280.0, 0.109121315
29290.0, 0.10912046
29300.0, 0.109119594
29310.0, 0.10911874
29320.0, 0.10911788
29330.0, 0.10911702
29340.0, 0.109116174
29350.0, 0.10911532
29360.0, 0.109114476
29370.0, 0.10911362
29380.0, 0.10911278
29390.0, 0.10911193
29400.0, 0.109111086
29410.0, 0.10911024
29420.0, 0.1091094
29430.0, 0.10910857
29440.0, 0.10910773
29450.0, 0.10910689
29460.0, 0.109106064
29470.0, 0.10910523
29480.0, 0.1091044
29490.0, 0.109103575
29500.0, 0.10910275
29510.0, 0.10910192
29520.0, 0.1091011
29530.0, 0.10910028
29540.0, 0.109099455
29550.0, 0.10909864
29560.0, 0.10909782
29570.0, 0.10909701
29580.0, 0.10909619
29590.0, 0.10909539
29600.0, 0.109094575
29610.0, 0.10909376
29620.0, 0.10909296
29630.0, 0.10909215
29640.0, 0.10909135
29650.0, 0.109090544
29660.0, 0.10908975
29670.0, 0.10908895
29680.0, 0.10908815
29690.0, 0.109087355
29700.0, 0.10908656
29710.0, 0.10908577
29720.0, 0.10908498
29730.0, 0.10908419
29740.0, 0.1090834
29750.0, 0.10908262
29760.0, 0.10908183
29770.0, 0.109081045
29780.0, 0.10908027
29790.0, 0.10907949
29800.0, 0.109078705
29810.0, 0.10907793
29820.0, 0.109077156
29830.0, 0.10907638
29840.0, 0.109075606
29850.0, 0.10907484
29860.0, 0.10907407
29870.0, 0.109073296
29880.0, 0.109072536
29890.0, 0.10907177
29900.0, 0.10907101
29910.0, 0.10907025
29920.0, 0.10906949
29930.0, 0.10906873
29940.0, 0.10906797
29950.0, 0.10906722
29960.0, 0.109066464
29970.0, 0.10906571
29980.0, 0.10906496
29990.0, 0.10906421
30000.0, 0.109063454
