Energy (in eV), SEEE yield of material te2k-NASCAP at isotropic incidence
   X,       Y
0.0, 0.0
10.0, 0.21638493
20.0, 0.4272009
30.0, 0.6334364
40.0, 0.83498156
50.0, 1.0315671
60.0, 1.2228796
70.0, 1.4086047
80.0, 1.5884687
90.0, 1.7622099
100.0, 1.9296118
110.0, 2.0904944
120.0, 2.24471
130.0, 2.39215
140.0, 2.5327415
150.0, 2.6664433
160.0, 2.7932487
170.0, 2.9131804
180.0, 3.026288
190.0, 3.1326494
200.0, 3.2323642
210.0, 3.3255546
220.0, 3.412362
230.0, 3.4929435
240.0, 3.567473
250.0, 3.6361353
260.0, 3.6991258
270.0, 3.756649
280.0, 3.8089166
290.0, 3.8561432
300.0, 3.898549
310.0, 3.9363542
320.0, 3.9697804
330.0, 3.9990475
340.0, 4.0243745
350.0, 4.0459757
360.0, 4.064062
370.0, 4.078841
380.0, 4.090513
390.0, 4.099273
400.0, 4.1053095
410.0, 4.108805
420.0, 4.109934
430.0, 4.1088634
440.0, 4.1057534
450.0, 4.1007566
460.0, 4.0940175
470.0, 4.0856752
480.0, 4.0758586
490.0, 4.064691
500.0, 4.052289
510.0, 4.0387597
520.0, 4.024207
530.0, 4.008727
540.0, 3.992409
550.0, 3.9753366
560.0, 3.957589
570.0, 3.939237
580.0, 3.9203496
590.0, 3.9009895
600.0, 3.8812141
610.0, 3.861078
620.0, 3.8406296
630.0, 3.8199167
640.0, 3.79898
650.0, 3.7778585
660.0, 3.7565887
670.0, 3.7352023
680.0, 3.7137306
690.0, 3.6922004
700.0, 3.6706362
710.0, 3.6490617
720.0, 3.6274972
730.0, 3.6059632
740.0, 3.584475
750.0, 3.563049
760.0, 3.5416994
770.0, 3.5204391
780.0, 3.4992797
790.0, 3.4782302
800.0, 3.4573016
810.0, 3.436502
820.0, 3.4158373
830.0, 3.3953152
840.0, 3.374941
850.0, 3.3547206
860.0, 3.3346577
870.0, 3.3147557
880.0, 3.295019
890.0, 3.2754502
900.0, 3.2560508
910.0, 3.2368236
920.0, 3.2177696
930.0, 3.1988907
940.0, 3.1801877
950.0, 3.161661
960.0, 3.14331
970.0, 3.1251366
980.0, 3.1071403
990.0, 3.0893202
1000.0, 3.071676
1010.0, 3.054208
1020.0, 3.0369143
1030.0, 3.019795
1040.0, 3.0028486
1050.0, 2.986074
1060.0, 2.96947
1070.0, 2.9530356
1080.0, 2.9367697
1090.0, 2.9206703
1100.0, 2.9047368
1110.0, 2.8889666
1120.0, 2.8733594
1130.0, 2.8579123
1140.0, 2.8426247
1150.0, 2.8274946
1160.0, 2.8125198
1170.0, 2.7977004
1180.0, 2.7830324
1190.0, 2.7685156
1200.0, 2.754148
1210.0, 2.739928
1220.0, 2.7258532
1230.0, 2.7119226
1240.0, 2.6981337
1250.0, 2.6844862
1260.0, 2.6709764
1270.0, 2.6576042
1280.0, 2.6443677
1290.0, 2.6312642
1300.0, 2.6182933
1310.0, 2.6054523
1320.0, 2.5927405
1330.0, 2.580155
1340.0, 2.5676954
1350.0, 2.5553594
1360.0, 2.5431454
1370.0, 2.5310526
1380.0, 2.519079
1390.0, 2.5072222
1400.0, 2.4954817
1410.0, 2.4838557
1420.0, 2.472343
1430.0, 2.4609413
1440.0, 2.44965
1450.0, 2.438467
1460.0, 2.4273918
1470.0, 2.416422
1480.0, 2.4055567
1490.0, 2.3947945
1500.0, 2.3841338
1510.0, 2.3735735
1520.0, 2.3631124
1530.0, 2.352749
1540.0, 2.3424823
1550.0, 2.3323107
1560.0, 2.3222334
1570.0, 2.3122482
1580.0, 2.3023553
1590.0, 2.2925527
1600.0, 2.2828393
1610.0, 2.2732139
1620.0, 2.2636755
1630.0, 2.2542229
1640.0, 2.244855
1650.0, 2.235571
1660.0, 2.2263696
1670.0, 2.2172494
1680.0, 2.2082098
1690.0, 2.1992495
1700.0, 2.190368
1710.0, 2.181564
1720.0, 2.172836
1730.0, 2.1641843
1740.0, 2.1556065
1750.0, 2.147103
1760.0, 2.1386719
1770.0, 2.1303124
1780.0, 2.1220248
1790.0, 2.1138067
1800.0, 2.1056576
1810.0, 2.0975769
1820.0, 2.0895638
1830.0, 2.0816178
1840.0, 2.073737
1850.0, 2.0659213
1860.0, 2.0581706
1870.0, 2.050483
1880.0, 2.0428581
1890.0, 2.0352955
1900.0, 2.027794
1910.0, 2.020353
1920.0, 2.0129716
1930.0, 2.0056498
1940.0, 1.998386
1950.0, 1.9911797
1960.0, 1.984031
1970.0, 1.9769385
1980.0, 1.9699013
1990.0, 1.9629197
2000.0, 1.9559925
2010.0, 1.9491187
2020.0, 1.9422982
2030.0, 1.9355302
2040.0, 1.9288144
2050.0, 1.9221497
2060.0, 1.9155358
2070.0, 1.9089721
2080.0, 1.902458
2090.0, 1.8959931
2100.0, 1.8895768
2110.0, 1.8832082
2120.0, 1.8768873
2130.0, 1.8706131
2140.0, 1.8643855
2150.0, 1.8582032
2160.0, 1.852067
2170.0, 1.8459754
2180.0, 1.8399278
2190.0, 1.8339243
2200.0, 1.8279644
2210.0, 1.8220475
2220.0, 1.816173
2230.0, 1.8103404
2240.0, 1.8045495
2250.0, 1.7987995
2260.0, 1.7930901
2270.0, 1.7874215
2280.0, 1.7817923
2290.0, 1.7762026
2300.0, 1.7706518
2310.0, 1.7651393
2320.0, 1.7596654
2330.0, 1.7542291
2340.0, 1.7488304
2350.0, 1.7434685
2360.0, 1.738143
2370.0, 1.732854
2380.0, 1.7276007
2390.0, 1.7223829
2400.0, 1.7172003
2410.0, 1.7120525
2420.0, 1.7069391
2430.0, 1.7018596
2440.0, 1.6968141
2450.0, 1.6918017
2460.0, 1.6868227
2470.0, 1.6818758
2480.0, 1.6769617
2490.0, 1.6720798
2500.0, 1.6672294
2510.0, 1.6624105
2520.0, 1.6576228
2530.0, 1.6528658
2540.0, 1.6481394
2550.0, 1.6434431
2560.0, 1.638777
2570.0, 1.6341404
2580.0, 1.6295328
2590.0, 1.6249547
2600.0, 1.6204052
2610.0, 1.6158848
2620.0, 1.6113918
2630.0, 1.606927
2640.0, 1.6024902
2650.0, 1.5980805
2660.0, 1.5936981
2670.0, 1.5893428
2680.0, 1.585014
2690.0, 1.5807118
2700.0, 1.5764357
2710.0, 1.5721858
2720.0, 1.5679611
2730.0, 1.5637621
2740.0, 1.5595884
2750.0, 1.5554395
2760.0, 1.5513157
2770.0, 1.5472163
2780.0, 1.5431409
2790.0, 1.5390899
2800.0, 1.5350629
2810.0, 1.5310595
2820.0, 1.5270795
2830.0, 1.5231227
2840.0, 1.5191889
2850.0, 1.515278
2860.0, 1.5113896
2870.0, 1.5075237
2880.0, 1.5036801
2890.0, 1.4998586
2900.0, 1.4960591
2910.0, 1.4922808
2920.0, 1.4885242
2930.0, 1.484789
2940.0, 1.4810747
2950.0, 1.4773813
2960.0, 1.4737087
2970.0, 1.4700569
2980.0, 1.466425
2990.0, 1.4628137
3000.0, 1.4592221
3010.0, 1.4556507
3020.0, 1.4520986
3030.0, 1.4485662
3040.0, 1.4450535
3050.0, 1.4415597
3060.0, 1.4380847
3070.0, 1.4346287
3080.0, 1.4311917
3090.0, 1.427773
3100.0, 1.4243728
3110.0, 1.420991
3120.0, 1.4176272
3130.0, 1.4142812
3140.0, 1.4109529
3150.0, 1.4076427
3160.0, 1.4043498
3170.0, 1.4010744
3180.0, 1.3978162
3190.0, 1.394575
3200.0, 1.3913506
3210.0, 1.3881432
3220.0, 1.3849525
3230.0, 1.3817785
3240.0, 1.378621
3250.0, 1.3754795
3260.0, 1.3723543
3270.0, 1.3692449
3280.0, 1.3661518
3290.0, 1.3630741
3300.0, 1.3600122
3310.0, 1.3569659
3320.0, 1.353935
3330.0, 1.3509195
3340.0, 1.3479191
3350.0, 1.3449335
3360.0, 1.3419634
3370.0, 1.3390077
3380.0, 1.3360668
3390.0, 1.3331405
3400.0, 1.3302288
3410.0, 1.3273311
3420.0, 1.3244483
3430.0, 1.3215792
3440.0, 1.3187243
3450.0, 1.3158834
3460.0, 1.3130563
3470.0, 1.3102427
3480.0, 1.3074431
3490.0, 1.304657
3500.0, 1.3018843
3510.0, 1.2991247
3520.0, 1.2963787
3530.0, 1.2936456
3540.0, 1.2909255
3550.0, 1.2882183
3560.0, 1.2855242
3570.0, 1.2828428
3580.0, 1.2801739
3590.0, 1.2775178
3600.0, 1.2748741
3610.0, 1.2722428
3620.0, 1.2696236
3630.0, 1.2670166
3640.0, 1.264422
3650.0, 1.2618393
3660.0, 1.2592688
3670.0, 1.2567098
3680.0, 1.2541627
3690.0, 1.2516272
3700.0, 1.2491034
3710.0, 1.2465912
3720.0, 1.2440907
3730.0, 1.2416012
3740.0, 1.2391229
3750.0, 1.2366561
3760.0, 1.2342001
3770.0, 1.2317556
3780.0, 1.2293218
3790.0, 1.2268989
3800.0, 1.2244871
3810.0, 1.2220856
3820.0, 1.2196951
3830.0, 1.2173151
3840.0, 1.2149457
3850.0, 1.2125868
3860.0, 1.210238
3870.0, 1.2078996
3880.0, 1.2055715
3890.0, 1.2032537
3900.0, 1.200946
3910.0, 1.1986483
3920.0, 1.1963605
3930.0, 1.1940829
3940.0, 1.191815
3950.0, 1.1895565
3960.0, 1.1873081
3970.0, 1.1850692
3980.0, 1.18284
3990.0, 1.1806203
4000.0, 1.17841
4010.0, 1.176209
4020.0, 1.1740173
4030.0, 1.1718351
4040.0, 1.1696621
4050.0, 1.1674981
4060.0, 1.1653433
4070.0, 1.1631975
4080.0, 1.1610606
4090.0, 1.1589327
4100.0, 1.1568137
4110.0, 1.1547031
4120.0, 1.1526018
4130.0, 1.150509
4140.0, 1.1484249
4150.0, 1.1463492
4160.0, 1.144282
4170.0, 1.1422234
4180.0, 1.1401732
4190.0, 1.1381311
4200.0, 1.1360979
4210.0, 1.1340725
4220.0, 1.1320554
4230.0, 1.1300462
4240.0, 1.1280456
4250.0, 1.1260527
4260.0, 1.1240679
4270.0, 1.122091
4280.0, 1.1201221
4290.0, 1.1181611
4300.0, 1.1162075
4310.0, 1.1142622
4320.0, 1.1123244
4330.0, 1.1103944
4340.0, 1.1084719
4350.0, 1.1065568
4360.0, 1.1046494
4370.0, 1.1027493
4380.0, 1.1008567
4390.0, 1.0989717
4400.0, 1.0970937
4410.0, 1.0952234
4420.0, 1.09336
4430.0, 1.0915039
4440.0, 1.0896549
4450.0, 1.0878131
4460.0, 1.0859786
4470.0, 1.0841509
4480.0, 1.0823303
4490.0, 1.0805166
4500.0, 1.0787098
4510.0, 1.0769098
4520.0, 1.0751169
4530.0, 1.0733305
4540.0, 1.0715511
4550.0, 1.0697781
4560.0, 1.0680121
4570.0, 1.0662525
4580.0, 1.0644996
4590.0, 1.0627532
4600.0, 1.0610135
4610.0, 1.05928
4620.0, 1.057553
4630.0, 1.0558326
4640.0, 1.0541186
4650.0, 1.0524106
4660.0, 1.0507092
4670.0, 1.049014
4680.0, 1.047325
4690.0, 1.045642
4700.0, 1.0439655
4710.0, 1.0422949
4720.0, 1.0406305
4730.0, 1.038972
4740.0, 1.0373197
4750.0, 1.0356731
4760.0, 1.0340327
4770.0, 1.0323981
4780.0, 1.0307696
4790.0, 1.0291468
4800.0, 1.0275297
4810.0, 1.0259186
4820.0, 1.0243131
4830.0, 1.0227133
4840.0, 1.0211194
4850.0, 1.019531
4860.0, 1.0179483
4870.0, 1.0163713
4880.0, 1.0147995
4890.0, 1.0132333
4900.0, 1.0116729
4910.0, 1.0101178
4920.0, 1.0085683
4930.0, 1.007024
4940.0, 1.0054852
4950.0, 1.0039518
4960.0, 1.0024234
4970.0, 1.0009007
4980.0, 0.99938315
4990.0, 0.9978709
5000.0, 0.99636376
5010.0, 0.9948618
5020.0, 0.99336493
5030.0, 0.99187344
5040.0, 0.99038684
5050.0, 0.9889054
5060.0, 0.987429
5070.0, 0.9859575
5080.0, 0.9844912
5090.0, 0.9830298
5100.0, 0.9815734
5110.0, 0.98012185
5120.0, 0.9786751
5130.0, 0.97723335
5140.0, 0.97579646
5150.0, 0.9743643
5160.0, 0.97293687
5170.0, 0.9715144
5180.0, 0.9700966
5190.0, 0.96868336
5200.0, 0.967275
5210.0, 0.9658712
5220.0, 0.9644722
5230.0, 0.96307755
5240.0, 0.9616878
5250.0, 0.96030253
5260.0, 0.95892155
5270.0, 0.9575454
5280.0, 0.95617366
5290.0, 0.9548064
5300.0, 0.95344365
5310.0, 0.9520853
5320.0, 0.9507313
5330.0, 0.9493817
5340.0, 0.9480365
5350.0, 0.94669574
5360.0, 0.9453591
5370.0, 0.94402707
5380.0, 0.94269913
5390.0, 0.9413753
5400.0, 0.94005597
5410.0, 0.93874073
5420.0, 0.93742955
5430.0, 0.9361228
5440.0, 0.93482006
5450.0, 0.9335216
5460.0, 0.93222713
5470.0, 0.9309369
5480.0, 0.9296506
5490.0, 0.92836845
5500.0, 0.92709017
5510.0, 0.92581594
5520.0, 0.9245459
5530.0, 0.9232795
5540.0, 0.9220175
5550.0, 0.9207591
5560.0, 0.91950476
5570.0, 0.9182543
5580.0, 0.9170076
5590.0, 0.9157649
5600.0, 0.91452616
5610.0, 0.91329086
5620.0, 0.91205966
5630.0, 0.91083217
5640.0, 0.90960854
5650.0, 0.9083885
5660.0, 0.90717226
5670.0, 0.9059599
5680.0, 0.90475094
5690.0, 0.90354574
5700.0, 0.9023444
5710.0, 0.90114665
5720.0, 0.8999525
5730.0, 0.89876187
5740.0, 0.89757484
5750.0, 0.8963915
5760.0, 0.89521164
5770.0, 0.8940352
5780.0, 0.89286256
5790.0, 0.8916933
5800.0, 0.8905275
5810.0, 0.88936526
5820.0, 0.8882064
5830.0, 0.887051
5840.0, 0.885899
5850.0, 0.8847505
5860.0, 0.88360554
5870.0, 0.8824637
5880.0, 0.88132524
5890.0, 0.8801904
5900.0, 0.87905854
5910.0, 0.8779302
5920.0, 0.8768052
5930.0, 0.8756834
5940.0, 0.87456495
5950.0, 0.8734497
5960.0, 0.87233776
5970.0, 0.871229
5980.0, 0.87012345
5990.0, 0.86902106
6000.0, 0.86792207
6010.0, 0.8668261
6020.0, 0.86573327
6030.0, 0.8646437
6040.0, 0.86355704
6050.0, 0.86247367
6060.0, 0.8613934
6070.0, 0.860316
6080.0, 0.859242
6090.0, 0.858171
6100.0, 0.85710305
6110.0, 0.8560379
6120.0, 0.85497606
6130.0, 0.8539171
6140.0, 0.852861
6150.0, 0.8518081
6160.0, 0.8507581
6170.0, 0.84971106
6180.0, 0.84866697
6190.0, 0.84762573
6200.0, 0.8465874
6210.0, 0.84555215
6220.0, 0.8445197
6230.0, 0.84349006
6240.0, 0.8424635
6250.0, 0.84143955
6260.0, 0.8404186
6270.0, 0.8394004
6280.0, 0.83838487
6290.0, 0.8373725
6300.0, 0.83636254
6310.0, 0.83535564
6320.0, 0.8343514
6330.0, 0.83335
6340.0, 0.83235127
6350.0, 0.8313552
6360.0, 0.83036196
6370.0, 0.8293715
6380.0, 0.8283836
6390.0, 0.82739836
6400.0, 0.82641596
6410.0, 0.8254362
6420.0, 0.8244589
6430.0, 0.82348454
6440.0, 0.8225126
6450.0, 0.82154346
6460.0, 0.8205767
6470.0, 0.8196126
6480.0, 0.8186513
6490.0, 0.81769234
6500.0, 0.816736
6510.0, 0.8157821
6520.0, 0.814831
6530.0, 0.81388235
6540.0, 0.8129361
6550.0, 0.81199247
6560.0, 0.8110514
6570.0, 0.8101127
6580.0, 0.8091765
6590.0, 0.808243
6600.0, 0.8073117
6610.0, 0.8063828
6620.0, 0.8054566
6630.0, 0.80453265
6640.0, 0.8036113
6650.0, 0.8026922
6660.0, 0.8017754
6670.0, 0.8008611
6680.0, 0.7999492
6690.0, 0.7990398
6700.0, 0.7981326
6710.0, 0.79722774
6720.0, 0.7963254
6730.0, 0.79542536
6740.0, 0.7945274
6750.0, 0.7936319
6760.0, 0.79273885
6770.0, 0.7918479
6780.0, 0.7909593
6790.0, 0.7900731
6800.0, 0.78918904
6810.0, 0.78830725
6820.0, 0.78742766
6830.0, 0.78655046
6840.0, 0.7856754
6850.0, 0.78480256
6860.0, 0.783932
6870.0, 0.78306365
6880.0, 0.78219736
6890.0, 0.7813334
6900.0, 0.78047156
6910.0, 0.7796119
6920.0, 0.7787545
6930.0, 0.7778991
6940.0, 0.7770459
6950.0, 0.77619505
6960.0, 0.775346
6970.0, 0.7744993
6980.0, 0.7736545
6990.0, 0.772812
7000.0, 0.7719716
7010.0, 0.77113307
7020.0, 0.7702969
7030.0, 0.7694626
7040.0, 0.7686305
7050.0, 0.76780033
7060.0, 0.7669724
7070.0, 0.76614636
7080.0, 0.7653223
7090.0, 0.76450056
7100.0, 0.7636806
7110.0, 0.7628626
7120.0, 0.76204675
7130.0, 0.76123285
7140.0, 0.7604209
7150.0, 0.7596109
7160.0, 0.758803
7170.0, 0.75799704
7180.0, 0.75719297
7190.0, 0.75639087
7200.0, 0.75559074
7210.0, 0.75479245
7220.0, 0.7539962
7230.0, 0.75320184
7240.0, 0.75240934
7250.0, 0.75161886
7260.0, 0.7508301
7270.0, 0.75004345
7280.0, 0.7492585
7290.0, 0.74847555
7300.0, 0.74769443
7310.0, 0.7469151
7320.0, 0.746138
7330.0, 0.74536234
7340.0, 0.7445887
7350.0, 0.74381673
7360.0, 0.7430467
7370.0, 0.7422785
7380.0, 0.7415121
7390.0, 0.7407476
7400.0, 0.73998475
7410.0, 0.73922384
7420.0, 0.73846453
7430.0, 0.73770726
7440.0, 0.73695165
7450.0, 0.73619765
7460.0, 0.7354456
7470.0, 0.73469526
7480.0, 0.7339467
7490.0, 0.7331999
7500.0, 0.7324547
7510.0, 0.7317114
7520.0, 0.73096967
7530.0, 0.7302298
7540.0, 0.72949165
7550.0, 0.7287551
7560.0, 0.7280203
7570.0, 0.7272872
7580.0, 0.7265558
7590.0, 0.725826
7600.0, 0.7250981
7610.0, 0.7243716
7620.0, 0.72364694
7630.0, 0.7229239
7640.0, 0.72220254
7650.0, 0.7214827
7660.0, 0.7207646
7670.0, 0.7200481
7680.0, 0.71933323
7690.0, 0.71861994
7700.0, 0.7179085
7710.0, 0.7171984
7720.0, 0.7164901
7730.0, 0.7157832
7740.0, 0.715078
7750.0, 0.7143745
7760.0, 0.7136723
7770.0, 0.71297204
7780.0, 0.712273
7790.0, 0.71157575
7800.0, 0.71088004
7810.0, 0.7101859
7820.0, 0.7094932
7830.0, 0.70880216
7840.0, 0.7081126
7850.0, 0.7074246
7860.0, 0.7067381
7870.0, 0.70605326
7880.0, 0.7053698
7890.0, 0.70468783
7900.0, 0.7040074
7910.0, 0.70332855
7920.0, 0.702651
7930.0, 0.7019752
7940.0, 0.7013007
7950.0, 0.70062774
7960.0, 0.6999563
7970.0, 0.69928634
7980.0, 0.6986178
7990.0, 0.6979507
8000.0, 0.6972851
8010.0, 0.6966208
8020.0, 0.6959582
8030.0, 0.695297
8040.0, 0.6946371
8050.0, 0.6939788
8060.0, 0.6933217
8070.0, 0.69266635
8080.0, 0.69201225
8090.0, 0.6913594
8100.0, 0.69070816
8110.0, 0.6900583
8120.0, 0.6894098
8130.0, 0.6887626
8140.0, 0.6881169
8150.0, 0.68747264
8160.0, 0.6868297
8170.0, 0.68618816
8180.0, 0.68554795
8190.0, 0.6849091
8200.0, 0.68427163
8210.0, 0.6836356
8220.0, 0.68300074
8230.0, 0.68236744
8240.0, 0.6817354
8250.0, 0.6811046
8260.0, 0.6804752
8270.0, 0.6798471
8280.0, 0.67922044
8290.0, 0.6785951
8300.0, 0.67797095
8310.0, 0.67734814
8320.0, 0.67672676
8330.0, 0.6761066
8340.0, 0.6754877
8350.0, 0.6748703
8360.0, 0.6742539
8370.0, 0.67363894
8380.0, 0.6730252
8390.0, 0.67241275
8400.0, 0.67180175
8410.0, 0.6711919
8420.0, 0.67058325
8430.0, 0.669976
8440.0, 0.66936994
8450.0, 0.66876507
8460.0, 0.66816145
8470.0, 0.66755915
8480.0, 0.66695815
8490.0, 0.66635823
8500.0, 0.66575974
8510.0, 0.66516227
8520.0, 0.66456616
8530.0, 0.66397125
8540.0, 0.6633775
8550.0, 0.66278505
8560.0, 0.6621937
8570.0, 0.66160375
8580.0, 0.66101485
8590.0, 0.66042715
8600.0, 0.65984064
8610.0, 0.6592555
8620.0, 0.6586714
8630.0, 0.65808845
8640.0, 0.6575067
8650.0, 0.6569262
8660.0, 0.6563469
8670.0, 0.6557687
8680.0, 0.6551917
8690.0, 0.6546158
8700.0, 0.6540411
8710.0, 0.6534675
8720.0, 0.6528951
8730.0, 0.6523239
8740.0, 0.6517537
8750.0, 0.6511848
8760.0, 0.65061694
8770.0, 0.6500503
8780.0, 0.64948475
8790.0, 0.6489203
8800.0, 0.648357
8810.0, 0.6477947
8820.0, 0.6472338
8830.0, 0.64667374
8840.0, 0.6461149
8850.0, 0.64555717
8860.0, 0.64500046
8870.0, 0.64444494
8880.0, 0.64389056
8890.0, 0.6433372
8900.0, 0.6427849
8910.0, 0.64223367
8920.0, 0.6416836
8930.0, 0.6411346
8940.0, 0.6405867
8950.0, 0.64003974
8960.0, 0.63949394
8970.0, 0.63894916
8980.0, 0.6384055
8990.0, 0.6378629
9000.0, 0.63732135
9010.0, 0.6367808
9020.0, 0.6362414
9030.0, 0.63570297
9040.0, 0.6351657
9050.0, 0.63462937
9060.0, 0.634094
9070.0, 0.63355976
9080.0, 0.6330266
9090.0, 0.6324944
9100.0, 0.63196313
9110.0, 0.63143307
9120.0, 0.6309039
9130.0, 0.6303758
9140.0, 0.6298486
9150.0, 0.6293226
9160.0, 0.6287975
9170.0, 0.6282734
9180.0, 0.62775034
9190.0, 0.62722826
9200.0, 0.62670726
9210.0, 0.626187
9220.0, 0.6256679
9230.0, 0.62514985
9240.0, 0.62463266
9250.0, 0.62411654
9260.0, 0.6236013
9270.0, 0.6230871
9280.0, 0.6225739
9290.0, 0.6220616
9300.0, 0.6215503
9310.0, 0.6210399
9320.0, 0.62053066
9330.0, 0.62002224
9340.0, 0.6195147
9350.0, 0.6190082
9360.0, 0.6185027
9370.0, 0.6179981
9380.0, 0.6174943
9390.0, 0.61699164
9400.0, 0.61648977
9410.0, 0.615989
9420.0, 0.61548895
9430.0, 0.61499006
9440.0, 0.61449194
9450.0, 0.6139948
9460.0, 0.6134985
9470.0, 0.61300313
9480.0, 0.61250883
9490.0, 0.61201537
9500.0, 0.6115227
9510.0, 0.6110311
9520.0, 0.61054033
9530.0, 0.6100505
9540.0, 0.6095615
9550.0, 0.60907346
9560.0, 0.6085863
9570.0, 0.60810006
9580.0, 0.6076147
9590.0, 0.60713017
9600.0, 0.60664654
9610.0, 0.6061638
9620.0, 0.60568196
9630.0, 0.60520107
9640.0, 0.60472095
9650.0, 0.6042417
9660.0, 0.60376334
9670.0, 0.6032859
9680.0, 0.60280925
9690.0, 0.60233355
9700.0, 0.6018587
9710.0, 0.6013846
9720.0, 0.60091144
9730.0, 0.6004391
9740.0, 0.5999676
9750.0, 0.599497
9760.0, 0.5990272
9770.0, 0.5985582
9780.0, 0.5980901
9790.0, 0.5976229
9800.0, 0.5971565
9810.0, 0.59669095
9820.0, 0.59622616
9830.0, 0.5957622
9840.0, 0.5952991
9850.0, 0.5948368
9860.0, 0.59437543
9870.0, 0.5939148
9880.0, 0.5934549
9890.0, 0.5929959
9900.0, 0.5925378
9910.0, 0.5920805
9920.0, 0.5916238
9930.0, 0.59116805
9940.0, 0.59071314
9950.0, 0.590259
9960.0, 0.5898056
9970.0, 0.5893531
9980.0, 0.5889013
9990.0, 0.5884503
10000.0, 0.5880001
10010.0, 0.5875508
10020.0, 0.58710223
10030.0, 0.58665437
10040.0, 0.58620733
10050.0, 0.58576113
10060.0, 0.5853157
10070.0, 0.584871
10080.0, 0.584427
10090.0, 0.58398384
10100.0, 0.5835415
10110.0, 0.5830999
10120.0, 0.5826591
10130.0, 0.58221895
10140.0, 0.5817797
10150.0, 0.58134115
10160.0, 0.5809033
10170.0, 0.5804663
10180.0, 0.58002996
10190.0, 0.57959443
10200.0, 0.5791596
10210.0, 0.57872564
10220.0, 0.5782923
10230.0, 0.5778598
10240.0, 0.5774279
10250.0, 0.57699686
10260.0, 0.5765666
10270.0, 0.5761369
10280.0, 0.57570815
10290.0, 0.5752799
10300.0, 0.5748525
10310.0, 0.5744258
10320.0, 0.5739999
10330.0, 0.5735747
10340.0, 0.57315016
10350.0, 0.57272637
10360.0, 0.5723033
10370.0, 0.571881
10380.0, 0.57145935
10390.0, 0.5710385
10400.0, 0.5706182
10410.0, 0.57019866
10420.0, 0.56978
10430.0, 0.56936187
10440.0, 0.5689445
10450.0, 0.5685278
10460.0, 0.5681118
10470.0, 0.56769645
10480.0, 0.56728184
10490.0, 0.566868
10500.0, 0.56645477
10510.0, 0.56604224
10520.0, 0.5656304
10530.0, 0.5652193
10540.0, 0.5648089
10550.0, 0.5643991
10560.0, 0.56398994
10570.0, 0.5635815
10580.0, 0.56317383
10590.0, 0.5627668
10600.0, 0.56236035
10610.0, 0.5619547
10620.0, 0.56154954
10630.0, 0.56114525
10640.0, 0.5607415
10650.0, 0.56033856
10660.0, 0.5599362
10670.0, 0.55953443
10680.0, 0.55913335
10690.0, 0.558733
10700.0, 0.55833334
10710.0, 0.55793417
10720.0, 0.5575357
10730.0, 0.557138
10740.0, 0.5567408
10750.0, 0.5563444
10760.0, 0.55594856
10770.0, 0.55555344
10780.0, 0.55515885
10790.0, 0.554765
10800.0, 0.5543717
10810.0, 0.55397904
10820.0, 0.55358714
10830.0, 0.5531957
10840.0, 0.55280507
10850.0, 0.5524149
10860.0, 0.5520255
10870.0, 0.5516367
10880.0, 0.55124855
10890.0, 0.5508609
10900.0, 0.55047405
10910.0, 0.55008775
10920.0, 0.549702
10930.0, 0.54931694
10940.0, 0.54893243
10950.0, 0.54854864
10960.0, 0.5481654
10970.0, 0.54778284
10980.0, 0.5474009
10990.0, 0.5470194
11000.0, 0.5466386
11010.0, 0.5462585
11020.0, 0.54587895
11030.0, 0.54550004
11040.0, 0.54512167
11050.0, 0.5447439
11060.0, 0.54436666
11070.0, 0.54399014
11080.0, 0.54361427
11090.0, 0.5432388
11100.0, 0.54286414
11110.0, 0.5424899
11120.0, 0.54211634
11130.0, 0.54174334
11140.0, 0.5413709
11150.0, 0.5409991
11160.0, 0.54062784
11170.0, 0.5402573
11180.0, 0.5398872
11190.0, 0.5395177
11200.0, 0.5391488
11210.0, 0.53878045
11220.0, 0.53841275
11230.0, 0.5380455
11240.0, 0.53767896
11250.0, 0.5373129
11260.0, 0.5369474
11270.0, 0.5365826
11280.0, 0.53621817
11290.0, 0.5358545
11300.0, 0.53549135
11310.0, 0.5351287
11320.0, 0.5347666
11330.0, 0.5344051
11340.0, 0.53404427
11350.0, 0.5336838
11360.0, 0.533324
11370.0, 0.53296477
11380.0, 0.53260607
11390.0, 0.53224784
11400.0, 0.5318903
11410.0, 0.53153324
11420.0, 0.53117675
11430.0, 0.5308208
11440.0, 0.5304654
11450.0, 0.53011054
11460.0, 0.5297562
11470.0, 0.52940243
11480.0, 0.52904916
11490.0, 0.52869654
11500.0, 0.5283444
11510.0, 0.5279927
11520.0, 0.5276416
11530.0, 0.52729106
11540.0, 0.5269412
11550.0, 0.5265916
11560.0, 0.5262427
11570.0, 0.5258943
11580.0, 0.52554643
11590.0, 0.525199
11600.0, 0.52485216
11610.0, 0.52450585
11620.0, 0.52416
11630.0, 0.52381486
11640.0, 0.5234701
11650.0, 0.5231259
11660.0, 0.52278215
11670.0, 0.52243894
11680.0, 0.5220964
11690.0, 0.5217542
11700.0, 0.52141255
11710.0, 0.5210714
11720.0, 0.5207308
11730.0, 0.52039075
11740.0, 0.5200512
11750.0, 0.51971203
11760.0, 0.5193735
11770.0, 0.51903546
11780.0, 0.5186978
11790.0, 0.51836073
11800.0, 0.5180242
11810.0, 0.5176881
11820.0, 0.5173526
11830.0, 0.51701754
11840.0, 0.5166829
11850.0, 0.51634884
11860.0, 0.5160153
11870.0, 0.5156823
11880.0, 0.5153496
11890.0, 0.51501757
11900.0, 0.514686
11910.0, 0.5143549
11920.0, 0.5140243
11930.0, 0.5136941
11940.0, 0.51336443
11950.0, 0.51303536
11960.0, 0.51270664
11970.0, 0.51237845
11980.0, 0.51205075
11990.0, 0.51172346
12000.0, 0.5113967
12010.0, 0.51107043
12020.0, 0.51074463
12030.0, 0.51041937
12040.0, 0.5100944
12050.0, 0.5097701
12060.0, 0.5094462
12070.0, 0.5091227
12080.0, 0.5087998
12090.0, 0.5084774
12100.0, 0.50815535
12110.0, 0.5078338
12120.0, 0.5075126
12130.0, 0.507192
12140.0, 0.5068719
12150.0, 0.50655234
12160.0, 0.506233
12170.0, 0.5059142
12180.0, 0.50559586
12190.0, 0.50527805
12200.0, 0.5049607
12210.0, 0.5046438
12220.0, 0.5043273
12230.0, 0.5040113
12240.0, 0.5036957
12250.0, 0.50338054
12260.0, 0.5030659
12270.0, 0.5027516
12280.0, 0.50243795
12290.0, 0.50212467
12300.0, 0.50181174
12310.0, 0.50149935
12320.0, 0.50118744
12330.0, 0.50087583
12340.0, 0.5005648
12350.0, 0.50025403
12360.0, 0.49994388
12370.0, 0.49963415
12380.0, 0.49932483
12390.0, 0.49901602
12400.0, 0.49870753
12410.0, 0.49839956
12420.0, 0.498092
12430.0, 0.49778488
12440.0, 0.49747822
12450.0, 0.49717194
12460.0, 0.49686608
12470.0, 0.49656066
12480.0, 0.4962558
12490.0, 0.49595124
12500.0, 0.495647
12510.0, 0.49534336
12520.0, 0.49504018
12530.0, 0.49473736
12540.0, 0.49443486
12550.0, 0.49413294
12560.0, 0.49383134
12570.0, 0.49353027
12580.0, 0.49322957
12590.0, 0.49292925
12600.0, 0.49262938
12610.0, 0.49232993
12620.0, 0.4920309
12630.0, 0.4917322
12640.0, 0.49143398
12650.0, 0.49113622
12660.0, 0.4908389
12670.0, 0.49054193
12680.0, 0.4902454
12690.0, 0.48994923
12700.0, 0.48965353
12710.0, 0.4893582
12720.0, 0.48906323
12730.0, 0.4887688
12740.0, 0.48847467
12750.0, 0.488181
12760.0, 0.4878877
12770.0, 0.4875948
12780.0, 0.48730233
12790.0, 0.4870103
12800.0, 0.48671854
12810.0, 0.4864273
12820.0, 0.48613644
12830.0, 0.48584598
12840.0, 0.4855559
12850.0, 0.48526615
12860.0, 0.48497692
12870.0, 0.48468807
12880.0, 0.48439956
12890.0, 0.4841114
12900.0, 0.48382375
12910.0, 0.48353642
12920.0, 0.48324952
12930.0, 0.48296294
12940.0, 0.4826768
12950.0, 0.48239115
12960.0, 0.48210567
12970.0, 0.48182067
12980.0, 0.48153612
12990.0, 0.48125198
13000.0, 0.48096806
13010.0, 0.48068467
13020.0, 0.4804016
13030.0, 0.48011887
13040.0, 0.47983667
13050.0, 0.4795547
13060.0, 0.47927317
13070.0, 0.47899204
13080.0, 0.47871128
13090.0, 0.4784309
13100.0, 0.47815084
13110.0, 0.47787127
13120.0, 0.47759193
13130.0, 0.47731304
13140.0, 0.47703454
13150.0, 0.47675636
13160.0, 0.47647858
13170.0, 0.4762012
13180.0, 0.47592416
13190.0, 0.47564754
13200.0, 0.47537124
13210.0, 0.4750953
13220.0, 0.47481972
13230.0, 0.47454458
13240.0, 0.47426972
13250.0, 0.47399527
13260.0, 0.47372112
13270.0, 0.4734474
13280.0, 0.47317407
13290.0, 0.47290105
13300.0, 0.47262844
13310.0, 0.47235608
13320.0, 0.47208416
13330.0, 0.47181264
13340.0, 0.4715414
13350.0, 0.47127053
13360.0, 0.47100005
13370.0, 0.4707299
13380.0, 0.47046018
13390.0, 0.47019067
13400.0, 0.4699216
13410.0, 0.46965292
13420.0, 0.46938458
13430.0, 0.46911657
13440.0, 0.46884885
13450.0, 0.46858153
13460.0, 0.46831465
13470.0, 0.46804804
13480.0, 0.46778172
13490.0, 0.46751574
13500.0, 0.4672502
13510.0, 0.46698496
13520.0, 0.46672013
13530.0, 0.4664556
13540.0, 0.46619132
13550.0, 0.4659275
13560.0, 0.46566397
13570.0, 0.4654009
13580.0, 0.46513802
13590.0, 0.46487552
13600.0, 0.46461344
13610.0, 0.4643515
13620.0, 0.46409008
13630.0, 0.463829
13640.0, 0.46356818
13650.0, 0.46330774
13660.0, 0.46304756
13670.0, 0.46278784
13680.0, 0.46252838
13690.0, 0.46226922
13700.0, 0.4620105
13710.0, 0.46175197
13720.0, 0.4614939
13730.0, 0.46123612
13740.0, 0.46097866
13750.0, 0.46072155
13760.0, 0.4604647
13770.0, 0.4602082
13780.0, 0.45995215
13790.0, 0.45969635
13800.0, 0.4594408
13810.0, 0.4591856
13820.0, 0.4589308
13830.0, 0.45867622
13840.0, 0.45842203
13850.0, 0.4581682
13860.0, 0.4579147
13870.0, 0.45766148
13880.0, 0.45740855
13890.0, 0.45715594
13900.0, 0.4569037
13910.0, 0.45665175
13920.0, 0.45640013
13930.0, 0.4561488
13940.0, 0.4558978
13950.0, 0.45564717
13960.0, 0.4553968
13970.0, 0.4551468
13980.0, 0.45489705
13990.0, 0.4546477
14000.0, 0.45439857
14010.0, 0.45414975
14020.0, 0.45390126
14030.0, 0.45365307
14040.0, 0.45340532
14050.0, 0.45315775
14060.0, 0.4529105
14070.0, 0.45266366
14080.0, 0.452417
14090.0, 0.4521707
14100.0, 0.45192465
14110.0, 0.45167902
14120.0, 0.45143366
14130.0, 0.4511886
14140.0, 0.45094377
14150.0, 0.45069936
14160.0, 0.45045513
14170.0, 0.45021135
14180.0, 0.44996777
14190.0, 0.44972453
14200.0, 0.4494815
14210.0, 0.4492389
14220.0, 0.4489966
14230.0, 0.44875455
14240.0, 0.44851273
14250.0, 0.44827127
14260.0, 0.44803023
14270.0, 0.4477893
14280.0, 0.44754875
14290.0, 0.4473085
14300.0, 0.44706848
14310.0, 0.44682893
14320.0, 0.4465895
14330.0, 0.4463504
14340.0, 0.44611156
14350.0, 0.4458731
14360.0, 0.445635
14370.0, 0.44539702
14380.0, 0.44515944
14390.0, 0.44492203
14400.0, 0.44468507
14410.0, 0.44444832
14420.0, 0.44421184
14430.0, 0.4439757
14440.0, 0.4437398
14450.0, 0.44350418
14460.0, 0.44326892
14470.0, 0.44303387
14480.0, 0.44279915
14490.0, 0.4425647
14500.0, 0.44233057
14510.0, 0.44209665
14520.0, 0.44186306
14530.0, 0.44162977
14540.0, 0.44139674
14550.0, 0.44116396
14560.0, 0.4409315
14570.0, 0.44069934
14580.0, 0.4404674
14590.0, 0.44023582
14600.0, 0.44000444
14610.0, 0.43977344
14620.0, 0.4395426
14630.0, 0.43931207
14640.0, 0.4390819
14650.0, 0.43885192
14660.0, 0.43862224
14670.0, 0.4383928
14680.0, 0.43816373
14690.0, 0.4379349
14700.0, 0.43770626
14710.0, 0.43747798
14720.0, 0.43724993
14730.0, 0.4370222
14740.0, 0.4367947
14750.0, 0.43656752
14760.0, 0.43634057
14770.0, 0.4361138
14780.0, 0.43588752
14790.0, 0.43566132
14800.0, 0.43543547
14810.0, 0.43520987
14820.0, 0.43498453
14830.0, 0.43475947
14840.0, 0.43453473
14850.0, 0.43431014
14860.0, 0.4340859
14870.0, 0.4338619
14880.0, 0.43363824
14890.0, 0.43341467
14900.0, 0.43319154
14910.0, 0.4329686
14920.0, 0.43274593
14930.0, 0.43252352
14940.0, 0.43230137
14950.0, 0.43207946
14960.0, 0.43185788
14970.0, 0.43163654
14980.0, 0.43141544
14990.0, 0.43119454
15000.0, 0.43097395
15010.0, 0.43075365
15020.0, 0.43053356
15030.0, 0.4303138
15040.0, 0.43009415
15050.0, 0.4298749
15060.0, 0.42965588
15070.0, 0.42943707
15080.0, 0.42921865
15090.0, 0.4290003
15100.0, 0.42878225
15110.0, 0.42856452
15120.0, 0.42834705
15130.0, 0.42812976
15140.0, 0.42791277
15150.0, 0.42769605
15160.0, 0.42747954
15170.0, 0.42726326
15180.0, 0.4270473
15190.0, 0.4268315
15200.0, 0.42661604
15210.0, 0.4264008
15220.0, 0.4261858
15230.0, 0.42597112
15240.0, 0.42575654
15250.0, 0.4255424
15260.0, 0.42532834
15270.0, 0.42511457
15280.0, 0.42490104
15290.0, 0.4246878
15300.0, 0.42447487
15310.0, 0.424262
15320.0, 0.42404947
15330.0, 0.42383718
15340.0, 0.4236252
15350.0, 0.42341337
15360.0, 0.4232018
15370.0, 0.4229905
15380.0, 0.4227794
15390.0, 0.4225686
15400.0, 0.42235807
15410.0, 0.42214772
15420.0, 0.42193758
15430.0, 0.4217277
15440.0, 0.42151812
15450.0, 0.42130867
15460.0, 0.42109957
15470.0, 0.42089063
15480.0, 0.42068198
15490.0, 0.42047355
15500.0, 0.4202654
15510.0, 0.42005742
15520.0, 0.41984966
15530.0, 0.4196422
15540.0, 0.4194349
15550.0, 0.41922796
15560.0, 0.41902113
15570.0, 0.41881454
15580.0, 0.4186083
15590.0, 0.4184022
15600.0, 0.41819626
15610.0, 0.41799068
15620.0, 0.41778538
15630.0, 0.4175802
15640.0, 0.4173753
15650.0, 0.41717055
15660.0, 0.41696608
15670.0, 0.41676193
15680.0, 0.4165579
15690.0, 0.41635412
15700.0, 0.41615057
15710.0, 0.41594726
15720.0, 0.41574416
15730.0, 0.41554132
15740.0, 0.4153387
15750.0, 0.41513625
15760.0, 0.41493413
15770.0, 0.41473216
15780.0, 0.4145304
15790.0, 0.41432887
15800.0, 0.41412762
15810.0, 0.41392654
15820.0, 0.4137258
15830.0, 0.41352516
15840.0, 0.4133248
15850.0, 0.41312453
15860.0, 0.41292468
15870.0, 0.412725
15880.0, 0.41252545
15890.0, 0.41232616
15900.0, 0.4121271
15910.0, 0.41192833
15920.0, 0.4117297
15930.0, 0.4115313
15940.0, 0.41133314
15950.0, 0.4111352
15960.0, 0.41093746
15970.0, 0.41073993
15980.0, 0.41054267
15990.0, 0.41034558
16000.0, 0.41014874
16010.0, 0.409952
16020.0, 0.4097556
16030.0, 0.4095594
16040.0, 0.4093634
16050.0, 0.40916762
16060.0, 0.40897208
16070.0, 0.4087767
16080.0, 0.40858155
16090.0, 0.40838668
16100.0, 0.40819192
16110.0, 0.4079974
16120.0, 0.4078031
16130.0, 0.4076091
16140.0, 0.40741527
16150.0, 0.4072216
16160.0, 0.40702814
16170.0, 0.40683487
16180.0, 0.40664184
16190.0, 0.40644908
16200.0, 0.40625647
16210.0, 0.40606412
16220.0, 0.40587187
16230.0, 0.40567994
16240.0, 0.40548816
16250.0, 0.4052966
16260.0, 0.40510532
16270.0, 0.4049141
16280.0, 0.4047232
16290.0, 0.4045325
16300.0, 0.40434197
16310.0, 0.40415168
16320.0, 0.40396157
16330.0, 0.40377167
16340.0, 0.40358192
16350.0, 0.4033925
16360.0, 0.4032032
16370.0, 0.40301406
16380.0, 0.40282527
16390.0, 0.40263653
16400.0, 0.40244803
16410.0, 0.40225974
16420.0, 0.4020717
16430.0, 0.40188384
16440.0, 0.40169618
16450.0, 0.40150866
16460.0, 0.40132147
16470.0, 0.4011344
16480.0, 0.40094754
16490.0, 0.40076083
16500.0, 0.4005744
16510.0, 0.4003881
16520.0, 0.40020204
16530.0, 0.40001622
16540.0, 0.3998305
16550.0, 0.39964506
16560.0, 0.3994598
16570.0, 0.39927474
16580.0, 0.39908984
16590.0, 0.39890507
16600.0, 0.39872062
16610.0, 0.3985363
16620.0, 0.3983522
16630.0, 0.39816839
16640.0, 0.3979846
16650.0, 0.3978011
16660.0, 0.39761776
16670.0, 0.39743465
16680.0, 0.39725175
16690.0, 0.39706898
16700.0, 0.3968865
16710.0, 0.3967041
16720.0, 0.396522
16730.0, 0.39633998
16740.0, 0.3961582
16750.0, 0.39597666
16760.0, 0.3957952
16770.0, 0.395614
16780.0, 0.39543298
16790.0, 0.39525217
16800.0, 0.39507154
16810.0, 0.3948911
16820.0, 0.39471087
16830.0, 0.39453074
16840.0, 0.39435095
16850.0, 0.39417124
16860.0, 0.3939917
16870.0, 0.39381242
16880.0, 0.39363328
16890.0, 0.3934543
16900.0, 0.39327562
16910.0, 0.39309704
16920.0, 0.39291862
16930.0, 0.3927404
16940.0, 0.39256242
16950.0, 0.39238465
16960.0, 0.39220697
16970.0, 0.39202955
16980.0, 0.39185226
16990.0, 0.39167517
17000.0, 0.3914983
17010.0, 0.39132154
17020.0, 0.39114502
17030.0, 0.39096865
17040.0, 0.39079252
17050.0, 0.39061654
17060.0, 0.3904407
17070.0, 0.3902651
17080.0, 0.3900896
17090.0, 0.3899144
17100.0, 0.38973925
17110.0, 0.38956437
17120.0, 0.38938963
17130.0, 0.38921517
17140.0, 0.38904083
17150.0, 0.38886657
17160.0, 0.3886926
17170.0, 0.38851878
17180.0, 0.38834512
17190.0, 0.38817164
17200.0, 0.38799834
17210.0, 0.38782525
17220.0, 0.38765237
17230.0, 0.38747957
17240.0, 0.38730702
17250.0, 0.38713455
17260.0, 0.38696232
17270.0, 0.3867903
17280.0, 0.3866184
17290.0, 0.38644668
17300.0, 0.3862752
17310.0, 0.3861039
17320.0, 0.38593268
17330.0, 0.38576165
17340.0, 0.38559085
17350.0, 0.38542014
17360.0, 0.38524967
17370.0, 0.38507935
17380.0, 0.38490927
17390.0, 0.3847393
17400.0, 0.3845695
17410.0, 0.3843999
17420.0, 0.3842304
17430.0, 0.38406113
17440.0, 0.38389206
17450.0, 0.38372308
17460.0, 0.3835544
17470.0, 0.38338575
17480.0, 0.38321733
17490.0, 0.3830491
17500.0, 0.38288102
17510.0, 0.38271308
17520.0, 0.3825453
17530.0, 0.38237768
17540.0, 0.38221034
17550.0, 0.38204315
17560.0, 0.38187602
17570.0, 0.38170913
17580.0, 0.38154235
17590.0, 0.38137582
17600.0, 0.38120943
17610.0, 0.38104317
17620.0, 0.38087705
17630.0, 0.38071126
17640.0, 0.3805455
17650.0, 0.38037992
17660.0, 0.38021448
17670.0, 0.3800492
17680.0, 0.37988412
17690.0, 0.37971923
17700.0, 0.37955448
17710.0, 0.37938994
17720.0, 0.37922552
17730.0, 0.37906128
17740.0, 0.3788972
17750.0, 0.37873325
17760.0, 0.37856954
17770.0, 0.3784058
17780.0, 0.37824243
17790.0, 0.37807912
17800.0, 0.377916
17810.0, 0.37775308
17820.0, 0.37759027
17830.0, 0.37742767
17840.0, 0.37726516
17850.0, 0.37710285
17860.0, 0.37694073
17870.0, 0.37677866
17880.0, 0.37661693
17890.0, 0.37645522
17900.0, 0.37629366
17910.0, 0.37613234
17920.0, 0.37597117
17930.0, 0.37581012
17940.0, 0.37564918
17950.0, 0.37548852
17960.0, 0.37532797
17970.0, 0.37516755
17980.0, 0.37500733
17990.0, 0.37484717
18000.0, 0.37468725
18010.0, 0.37452745
18020.0, 0.37436786
18030.0, 0.37420845
18040.0, 0.37404904
18050.0, 0.37388992
18060.0, 0.37373093
18070.0, 0.37357208
18080.0, 0.37341347
18090.0, 0.37325487
18100.0, 0.3730965
18110.0, 0.37293828
18120.0, 0.37278017
18130.0, 0.3726223
18140.0, 0.3724645
18150.0, 0.3723069
18160.0, 0.37214947
18170.0, 0.37199217
18180.0, 0.37183502
18190.0, 0.37167796
18200.0, 0.37152115
18210.0, 0.37136447
18220.0, 0.37120792
18230.0, 0.37105155
18240.0, 0.37089524
18250.0, 0.37073922
18260.0, 0.37058327
18270.0, 0.3704275
18280.0, 0.3702718
18290.0, 0.37011632
18300.0, 0.36996105
18310.0, 0.36980584
18320.0, 0.36965075
18330.0, 0.3694959
18340.0, 0.36934116
18350.0, 0.36918655
18360.0, 0.3690321
18370.0, 0.3688778
18380.0, 0.3687237
18390.0, 0.36856973
18400.0, 0.36841583
18410.0, 0.3682621
18420.0, 0.3681086
18430.0, 0.36795512
18440.0, 0.36780187
18450.0, 0.36764884
18460.0, 0.36749586
18470.0, 0.36734304
18480.0, 0.3671903
18490.0, 0.3670378
18500.0, 0.36688542
18510.0, 0.36673316
18520.0, 0.36658108
18530.0, 0.36642912
18540.0, 0.3662773
18550.0, 0.3661257
18560.0, 0.3659741
18570.0, 0.36582276
18580.0, 0.36567155
18590.0, 0.36552048
18600.0, 0.36536944
18610.0, 0.36521867
18620.0, 0.36506805
18630.0, 0.36491752
18640.0, 0.36476716
18650.0, 0.3646169
18660.0, 0.36446682
18670.0, 0.36431688
18680.0, 0.3641671
18690.0, 0.3640174
18700.0, 0.3638679
18710.0, 0.36371854
18720.0, 0.36356932
18730.0, 0.3634202
18740.0, 0.36327124
18750.0, 0.36312237
18760.0, 0.36297372
18770.0, 0.36282519
18780.0, 0.3626768
18790.0, 0.36252853
18800.0, 0.36238042
18810.0, 0.36223242
18820.0, 0.36208463
18830.0, 0.36193687
18840.0, 0.36178932
18850.0, 0.36164182
18860.0, 0.36149463
18870.0, 0.3613474
18880.0, 0.36120045
18890.0, 0.3610536
18900.0, 0.3609068
18910.0, 0.3607602
18920.0, 0.3606137
18930.0, 0.3604674
18940.0, 0.36032116
18950.0, 0.3601751
18960.0, 0.36002925
18970.0, 0.35988343
18980.0, 0.3597378
18990.0, 0.3595923
19000.0, 0.35944688
19010.0, 0.35930163
19020.0, 0.35915652
19030.0, 0.3590116
19040.0, 0.3588667
19050.0, 0.35872203
19060.0, 0.35857746
19070.0, 0.35843298
19080.0, 0.3582887
19090.0, 0.3581445
19100.0, 0.3580005
19110.0, 0.3578566
19120.0, 0.35771278
19130.0, 0.35756916
19140.0, 0.35742566
19150.0, 0.35728225
19160.0, 0.35713905
19170.0, 0.3569959
19180.0, 0.3568529
19190.0, 0.35671005
19200.0, 0.35656735
19210.0, 0.3564248
19220.0, 0.3562823
19230.0, 0.35614002
19240.0, 0.3559978
19250.0, 0.35585576
19260.0, 0.3557138
19270.0, 0.35557196
19280.0, 0.35543028
19290.0, 0.35528874
19300.0, 0.35514733
19310.0, 0.35500607
19320.0, 0.35486495
19330.0, 0.3547239
19340.0, 0.354583
19350.0, 0.35444218
19360.0, 0.35430154
19370.0, 0.35416105
19380.0, 0.35402066
19390.0, 0.3538804
19400.0, 0.35374027
19410.0, 0.3536003
19420.0, 0.35346034
19430.0, 0.35332066
19440.0, 0.35318103
19450.0, 0.35304153
19460.0, 0.35290214
19470.0, 0.3527629
19480.0, 0.3526238
19490.0, 0.3524848
19500.0, 0.3523459
19510.0, 0.35220718
19520.0, 0.35206857
19530.0, 0.3519301
19540.0, 0.3517917
19550.0, 0.3516535
19560.0, 0.35151535
19570.0, 0.3513774
19580.0, 0.35123953
19590.0, 0.35110176
19600.0, 0.3509641
19610.0, 0.3508266
19620.0, 0.3506893
19630.0, 0.35055208
19640.0, 0.35041487
19650.0, 0.35027793
19660.0, 0.35014105
19670.0, 0.35000426
19680.0, 0.34986764
19690.0, 0.34973115
19700.0, 0.34959474
19710.0, 0.34945846
19720.0, 0.34932238
19730.0, 0.34918636
19740.0, 0.3490504
19750.0, 0.34891462
19760.0, 0.34877896
19770.0, 0.34864348
19780.0, 0.348508
19790.0, 0.3483727
19800.0, 0.34823757
19810.0, 0.3481025
19820.0, 0.3479676
19830.0, 0.34783274
19840.0, 0.34769806
19850.0, 0.3475635
19860.0, 0.34742907
19870.0, 0.34729472
19880.0, 0.34716046
19890.0, 0.3470264
19900.0, 0.34689245
19910.0, 0.34675854
19920.0, 0.3466248
19930.0, 0.3464912
19940.0, 0.3463577
19950.0, 0.34622434
19960.0, 0.34609103
19970.0, 0.34595793
19980.0, 0.34582487
19990.0, 0.34569198
20000.0, 0.34555918
20010.0, 0.34542644
20020.0, 0.34529394
20030.0, 0.34516144
20040.0, 0.34502912
20050.0, 0.3448969
20060.0, 0.34476483
20070.0, 0.34463286
20080.0, 0.34450096
20090.0, 0.3443692
20100.0, 0.3442376
20110.0, 0.34410605
20120.0, 0.34397465
20130.0, 0.34384343
20140.0, 0.34371224
20150.0, 0.34358117
20160.0, 0.34345022
20170.0, 0.34331936
20180.0, 0.34318864
20190.0, 0.34305808
20200.0, 0.34292755
20210.0, 0.34279725
20220.0, 0.34266695
20230.0, 0.3425368
20240.0, 0.3424068
20250.0, 0.34227687
20260.0, 0.34214702
20270.0, 0.34201738
20280.0, 0.34188777
20290.0, 0.34175834
20300.0, 0.341629
20310.0, 0.34149978
20320.0, 0.34137064
20330.0, 0.3412416
20340.0, 0.3411127
20350.0, 0.3409839
20360.0, 0.34085524
20370.0, 0.3407266
20380.0, 0.3405982
20390.0, 0.3404699
20400.0, 0.34034163
20410.0, 0.34021354
20420.0, 0.3400855
20430.0, 0.33995757
20440.0, 0.33982977
20450.0, 0.3397021
20460.0, 0.33957455
20470.0, 0.33944708
20480.0, 0.3393197
20490.0, 0.33919248
20500.0, 0.33906534
20510.0, 0.33893836
20520.0, 0.3388114
20530.0, 0.3386846
20540.0, 0.3385579
20550.0, 0.33843133
20560.0, 0.33830488
20570.0, 0.3381785
20580.0, 0.3380522
20590.0, 0.33792606
20600.0, 0.33780003
20610.0, 0.3376741
20620.0, 0.33754826
20630.0, 0.33742255
20640.0, 0.3372969
20650.0, 0.3371714
20660.0, 0.33704603
20670.0, 0.3369207
20680.0, 0.33679554
20690.0, 0.3366704
20700.0, 0.33654547
20710.0, 0.33642063
20720.0, 0.33629587
20730.0, 0.33617115
20740.0, 0.33604667
20750.0, 0.33592218
20760.0, 0.33579788
20770.0, 0.33567363
20780.0, 0.33554947
20790.0, 0.3354255
20800.0, 0.3353016
20810.0, 0.3351778
20820.0, 0.33505407
20830.0, 0.3349305
20840.0, 0.33480695
20850.0, 0.3346836
20860.0, 0.3345603
20870.0, 0.3344371
20880.0, 0.33431408
20890.0, 0.3341911
20900.0, 0.33406824
20910.0, 0.33394545
20920.0, 0.3338228
20930.0, 0.33370024
20940.0, 0.33357778
20950.0, 0.33345544
20960.0, 0.33333316
20970.0, 0.33321106
20980.0, 0.33308902
20990.0, 0.33296704
21000.0, 0.33284518
21010.0, 0.33272347
21020.0, 0.33260182
21030.0, 0.33248037
21040.0, 0.33235887
21050.0, 0.33223757
21060.0, 0.33211634
21070.0, 0.3319952
21080.0, 0.33187422
21090.0, 0.33175325
21100.0, 0.33163247
21110.0, 0.3315117
21120.0, 0.3313911
21130.0, 0.3312706
21140.0, 0.33115017
21150.0, 0.3310299
21160.0, 0.3309096
21170.0, 0.33078954
21180.0, 0.33066952
21190.0, 0.33054957
21200.0, 0.33042973
21210.0, 0.33031008
21220.0, 0.3301905
21230.0, 0.3300709
21240.0, 0.32995152
21250.0, 0.3298322
21260.0, 0.32971296
21270.0, 0.32959387
21280.0, 0.3294748
21290.0, 0.3293559
21300.0, 0.32923713
21310.0, 0.3291184
21320.0, 0.32899973
21330.0, 0.32888123
21340.0, 0.32876277
21350.0, 0.32864448
21360.0, 0.3285262
21370.0, 0.32840806
21380.0, 0.32829005
21390.0, 0.32817215
21400.0, 0.32805428
21410.0, 0.32793653
21420.0, 0.32781887
21430.0, 0.32770127
21440.0, 0.32758382
21450.0, 0.32746646
21460.0, 0.32734922
21470.0, 0.32723206
21480.0, 0.32711497
21490.0, 0.32699803
21500.0, 0.32688117
21510.0, 0.32676435
21520.0, 0.32664764
21530.0, 0.32653102
21540.0, 0.3264146
21550.0, 0.32629818
21560.0, 0.32618186
21570.0, 0.32606566
21580.0, 0.32594952
21590.0, 0.32583353
21600.0, 0.3257176
21610.0, 0.32560176
21620.0, 0.325486
21630.0, 0.32537034
21640.0, 0.3252549
21650.0, 0.32513934
21660.0, 0.325024
21670.0, 0.32490876
21680.0, 0.32479358
21690.0, 0.32467854
21700.0, 0.32456347
21710.0, 0.32444862
21720.0, 0.32433382
21730.0, 0.32421914
21740.0, 0.32410452
21750.0, 0.32399
21760.0, 0.32387558
21770.0, 0.32376125
21780.0, 0.32364702
21790.0, 0.32353285
21800.0, 0.3234188
21810.0, 0.32330483
21820.0, 0.32319096
21830.0, 0.32307717
21840.0, 0.3229635
21850.0, 0.3228499
21860.0, 0.3227364
21870.0, 0.32262298
21880.0, 0.3225097
21890.0, 0.3223965
21900.0, 0.32228333
21910.0, 0.3221703
21920.0, 0.32205734
21930.0, 0.32194448
21940.0, 0.32183167
21950.0, 0.321719
21960.0, 0.32160646
21970.0, 0.32149392
21980.0, 0.32138157
21990.0, 0.32126918
22000.0, 0.32115692
22010.0, 0.32104486
22020.0, 0.32093278
22030.0, 0.32082084
22040.0, 0.32070893
22050.0, 0.3205972
22060.0, 0.3204855
22070.0, 0.32037383
22080.0, 0.32026237
22090.0, 0.3201509
22100.0, 0.32003957
22110.0, 0.31992838
22120.0, 0.31981716
22130.0, 0.31970614
22140.0, 0.31959513
22150.0, 0.31948423
22160.0, 0.3193735
22170.0, 0.3192627
22180.0, 0.3191521
22190.0, 0.31904152
22200.0, 0.31893113
22210.0, 0.3188208
22220.0, 0.31871054
22230.0, 0.3186003
22240.0, 0.3184902
22250.0, 0.31838018
22260.0, 0.31827027
22270.0, 0.3181604
22280.0, 0.31805065
22290.0, 0.31794098
22300.0, 0.31783146
22310.0, 0.31772196
22320.0, 0.31761256
22330.0, 0.31750324
22340.0, 0.317394
22350.0, 0.31728482
22360.0, 0.31717578
22370.0, 0.31706682
22380.0, 0.31695792
22390.0, 0.31684914
22400.0, 0.31674045
22410.0, 0.31663182
22420.0, 0.31652325
22430.0, 0.31641483
22440.0, 0.3163064
22450.0, 0.3161981
22460.0, 0.31608993
22470.0, 0.3159818
22480.0, 0.31587383
22490.0, 0.31576583
22500.0, 0.31565797
22510.0, 0.31555018
22520.0, 0.3154425
22530.0, 0.31533492
22540.0, 0.31522736
22550.0, 0.31511992
22560.0, 0.31501257
22570.0, 0.31490532
22580.0, 0.31479812
22590.0, 0.31469098
22600.0, 0.314584
22610.0, 0.31447703
22620.0, 0.31437016
22630.0, 0.31426343
22640.0, 0.31415674
22650.0, 0.3140501
22660.0, 0.31394362
22670.0, 0.31383723
22680.0, 0.31373084
22690.0, 0.31362453
22700.0, 0.31351832
22710.0, 0.3134122
22720.0, 0.31330624
22730.0, 0.3132003
22740.0, 0.31309444
22750.0, 0.31298864
22760.0, 0.3128829
22770.0, 0.31277734
22780.0, 0.3126718
22790.0, 0.3125663
22800.0, 0.312461
22810.0, 0.3123557
22820.0, 0.31225052
22830.0, 0.31214535
22840.0, 0.31204033
22850.0, 0.31193537
22860.0, 0.31183046
22870.0, 0.31172565
22880.0, 0.31162095
22890.0, 0.3115163
22900.0, 0.31141177
22910.0, 0.31130728
22920.0, 0.31120288
22930.0, 0.31109855
22940.0, 0.31099433
22950.0, 0.31089017
22960.0, 0.31078607
22970.0, 0.31068212
22980.0, 0.31057817
22990.0, 0.31047437
23000.0, 0.3103706
23010.0, 0.3102669
23020.0, 0.31016335
23030.0, 0.3100598
23040.0, 0.30995634
23050.0, 0.30985296
23060.0, 0.30974972
23070.0, 0.30964655
23080.0, 0.3095434
23090.0, 0.3094404
23100.0, 0.30933738
23110.0, 0.3092345
23120.0, 0.30913168
23130.0, 0.309029
23140.0, 0.30892634
23150.0, 0.30882376
23160.0, 0.30872124
23170.0, 0.3086189
23180.0, 0.30851653
23190.0, 0.30841425
23200.0, 0.3083121
23210.0, 0.30821
23220.0, 0.30810794
23230.0, 0.308006
23240.0, 0.30790412
23250.0, 0.3078023
23260.0, 0.30770063
23270.0, 0.30759898
23280.0, 0.3074974
23290.0, 0.30739594
23300.0, 0.30729452
23310.0, 0.3071932
23320.0, 0.30709192
23330.0, 0.30699077
23340.0, 0.30688965
23350.0, 0.30678865
23360.0, 0.30668768
23370.0, 0.30658683
23380.0, 0.306486
23390.0, 0.3063853
23400.0, 0.3062846
23410.0, 0.30618408
23420.0, 0.3060836
23430.0, 0.30598316
23440.0, 0.30588287
23450.0, 0.3057826
23460.0, 0.30568242
23470.0, 0.30558226
23480.0, 0.3054822
23490.0, 0.30538228
23500.0, 0.30528238
23510.0, 0.30518255
23520.0, 0.3050828
23530.0, 0.30498314
23540.0, 0.30488357
23550.0, 0.30478406
23560.0, 0.30468464
23570.0, 0.30458525
23580.0, 0.30448598
23590.0, 0.30438673
23600.0, 0.3042876
23610.0, 0.30418852
23620.0, 0.3040895
23630.0, 0.30399066
23640.0, 0.30389178
23650.0, 0.30379298
23660.0, 0.30369428
23670.0, 0.3035957
23680.0, 0.3034971
23690.0, 0.30339867
23700.0, 0.3033002
23710.0, 0.3032019
23720.0, 0.3031037
23730.0, 0.30300552
23740.0, 0.30290738
23750.0, 0.30280933
23760.0, 0.30271137
23770.0, 0.30261347
23780.0, 0.30251563
23790.0, 0.30241784
23800.0, 0.30232018
23810.0, 0.30222258
23820.0, 0.3021251
23830.0, 0.3020276
23840.0, 0.30193025
23850.0, 0.3018329
23860.0, 0.30173567
23870.0, 0.30163848
23880.0, 0.30154142
23890.0, 0.30144438
23900.0, 0.30134743
23910.0, 0.30125058
23920.0, 0.30115375
23930.0, 0.30105704
23940.0, 0.30096033
23950.0, 0.3008637
23960.0, 0.3007672
23970.0, 0.30067077
23980.0, 0.3005744
23990.0, 0.30047804
24000.0, 0.3003818
24010.0, 0.30028567
24020.0, 0.30018955
24030.0, 0.30009353
24040.0, 0.29999754
24050.0, 0.2999017
24060.0, 0.29980585
24070.0, 0.29971012
24080.0, 0.2996144
24090.0, 0.29951876
24100.0, 0.29942328
24110.0, 0.2993278
24120.0, 0.2992324
24130.0, 0.29913712
24140.0, 0.2990418
24150.0, 0.29894665
24160.0, 0.2988515
24170.0, 0.29875645
24180.0, 0.29866147
24190.0, 0.29856655
24200.0, 0.29847175
24210.0, 0.29837698
24220.0, 0.29828227
24230.0, 0.29818764
24240.0, 0.29809302
24250.0, 0.29799858
24260.0, 0.2979041
24270.0, 0.29780978
24280.0, 0.29771543
24290.0, 0.29762125
24300.0, 0.29752716
24310.0, 0.29743302
24320.0, 0.29733902
24330.0, 0.29724506
24340.0, 0.29715118
24350.0, 0.29705736
24360.0, 0.2969636
24370.0, 0.29686993
24380.0, 0.29677635
24390.0, 0.2966828
24400.0, 0.29658934
24410.0, 0.2964959
24420.0, 0.2964026
24430.0, 0.29630926
24440.0, 0.2962161
24450.0, 0.29612294
24460.0, 0.2960299
24470.0, 0.2959369
24480.0, 0.29584396
24490.0, 0.2957511
24500.0, 0.2956583
24510.0, 0.29556558
24520.0, 0.29547292
24530.0, 0.2953803
24540.0, 0.29528776
24550.0, 0.29519528
24560.0, 0.2951029
24570.0, 0.2950106
24580.0, 0.2949183
24590.0, 0.29482612
24600.0, 0.29473397
24610.0, 0.29464188
24620.0, 0.2945499
24630.0, 0.29445797
24640.0, 0.2943661
24650.0, 0.29427427
24660.0, 0.29418254
24670.0, 0.2940909
24680.0, 0.29399925
24690.0, 0.2939077
24700.0, 0.29381624
24710.0, 0.29372486
24720.0, 0.2936335
24730.0, 0.2935422
24740.0, 0.29345098
24750.0, 0.29335982
24760.0, 0.2932688
24770.0, 0.29317775
24780.0, 0.2930868
24790.0, 0.2929959
24800.0, 0.29290503
24810.0, 0.2928143
24820.0, 0.2927236
24830.0, 0.29263297
24840.0, 0.2925424
24850.0, 0.29245192
24860.0, 0.29236147
24870.0, 0.29227108
24880.0, 0.2921808
24890.0, 0.29209056
24900.0, 0.29200035
24910.0, 0.29191026
24920.0, 0.29182017
24930.0, 0.29173017
24940.0, 0.29164022
24950.0, 0.29155043
24960.0, 0.29146057
24970.0, 0.2913709
24980.0, 0.2912812
24990.0, 0.29119158
25000.0, 0.29110202
25010.0, 0.29101253
25020.0, 0.29092315
25030.0, 0.29083374
25040.0, 0.2907445
25050.0, 0.29065526
25060.0, 0.29056612
25070.0, 0.29047698
25080.0, 0.29038793
25090.0, 0.29029894
25100.0, 0.29021
25110.0, 0.29012117
25120.0, 0.29003236
25130.0, 0.28994367
25140.0, 0.28985503
25150.0, 0.28976637
25160.0, 0.28967786
25170.0, 0.28958938
25180.0, 0.28950095
25190.0, 0.28941256
25200.0, 0.28932428
25210.0, 0.28923607
25220.0, 0.28914788
25230.0, 0.28905982
25240.0, 0.28897175
25250.0, 0.28888375
25260.0, 0.28879583
25270.0, 0.28870794
25280.0, 0.28862014
25290.0, 0.2885324
25300.0, 0.28844476
25310.0, 0.28835714
25320.0, 0.28826958
25330.0, 0.28818208
25340.0, 0.28809464
25350.0, 0.2880073
25360.0, 0.28791994
25370.0, 0.2878327
25380.0, 0.2877455
25390.0, 0.2876584
25400.0, 0.28757134
25410.0, 0.2874843
25420.0, 0.28739738
25430.0, 0.28731048
25440.0, 0.28722364
25450.0, 0.28713685
25460.0, 0.28705013
25470.0, 0.28696352
25480.0, 0.28687695
25490.0, 0.28679037
25500.0, 0.2867039
25510.0, 0.28661755
25520.0, 0.28653118
25530.0, 0.28644487
25540.0, 0.28635862
25550.0, 0.28627253
25560.0, 0.28618637
25570.0, 0.2861003
25580.0, 0.28601435
25590.0, 0.28592837
25600.0, 0.2858425
25610.0, 0.28575674
25620.0, 0.28567097
25630.0, 0.2855853
25640.0, 0.28549966
25650.0, 0.2854141
25660.0, 0.28532854
25670.0, 0.2852431
25680.0, 0.28515768
25690.0, 0.28507233
25700.0, 0.2849871
25710.0, 0.28490186
25720.0, 0.28481674
25730.0, 0.2847316
25740.0, 0.28464654
25750.0, 0.28456154
25760.0, 0.2844766
25770.0, 0.28439173
25780.0, 0.2843069
25790.0, 0.28422216
25800.0, 0.28413746
25810.0, 0.28405285
25820.0, 0.28396824
25830.0, 0.2838837
25840.0, 0.28379923
25850.0, 0.28371483
25860.0, 0.28363046
25870.0, 0.28354618
25880.0, 0.28346196
25890.0, 0.28337777
25900.0, 0.28329366
25910.0, 0.2832096
25920.0, 0.2831256
25930.0, 0.2830416
25940.0, 0.28295773
25950.0, 0.2828739
25960.0, 0.28279015
25970.0, 0.28270638
25980.0, 0.28262278
25990.0, 0.2825391
26000.0, 0.28245553
26010.0, 0.28237212
26020.0, 0.28228864
26030.0, 0.28220525
26040.0, 0.28212196
26050.0, 0.28203866
26060.0, 0.28195545
26070.0, 0.2818723
26080.0, 0.28178918
26090.0, 0.28170615
26100.0, 0.28162318
26110.0, 0.28154024
26120.0, 0.28145736
26130.0, 0.28137454
26140.0, 0.28129178
26150.0, 0.28120905
26160.0, 0.28112638
26170.0, 0.28104383
26180.0, 0.28096125
26190.0, 0.28087884
26200.0, 0.28079638
26210.0, 0.280714
26220.0, 0.28063172
26230.0, 0.2805494
26240.0, 0.2804672
26250.0, 0.28038505
26260.0, 0.28030303
26270.0, 0.28022093
26280.0, 0.28013897
26290.0, 0.28005698
26300.0, 0.27997515
26310.0, 0.27989334
26320.0, 0.27981156
26330.0, 0.27972984
26340.0, 0.2796482
26350.0, 0.2795666
26360.0, 0.2794851
26370.0, 0.2794036
26380.0, 0.27932218
26390.0, 0.27924073
26400.0, 0.2791594
26410.0, 0.2790781
26420.0, 0.27899688
26430.0, 0.27891573
26440.0, 0.2788346
26450.0, 0.2787536
26460.0, 0.27867264
26470.0, 0.27859166
26480.0, 0.27851075
26490.0, 0.2784299
26500.0, 0.27834916
26510.0, 0.27826837
26520.0, 0.2781877
26530.0, 0.27810702
26540.0, 0.2780265
26550.0, 0.27794603
26560.0, 0.27786556
26570.0, 0.27778512
26580.0, 0.27770475
26590.0, 0.27762443
26600.0, 0.27754423
26610.0, 0.277464
26620.0, 0.27738383
26630.0, 0.27730373
26640.0, 0.27722377
26650.0, 0.27714378
26660.0, 0.27706388
26670.0, 0.27698398
26680.0, 0.2769041
26690.0, 0.27682433
26700.0, 0.27674463
26710.0, 0.27666497
26720.0, 0.27658537
26730.0, 0.27650577
26740.0, 0.2764263
26750.0, 0.2763468
26760.0, 0.27626744
26770.0, 0.27618808
26780.0, 0.27610877
26790.0, 0.27602953
26800.0, 0.27595034
26810.0, 0.27587116
26820.0, 0.2757921
26830.0, 0.27571303
26840.0, 0.27563408
26850.0, 0.27555516
26860.0, 0.27547628
26870.0, 0.27539742
26880.0, 0.27531862
26890.0, 0.27523986
26900.0, 0.27516124
26910.0, 0.27508262
26920.0, 0.27500406
26930.0, 0.2749255
26940.0, 0.27484706
26950.0, 0.27476865
26960.0, 0.2746903
26970.0, 0.27461198
26980.0, 0.27453366
26990.0, 0.27445546
27000.0, 0.27437732
27010.0, 0.27429923
27020.0, 0.27422112
27030.0, 0.2741431
27040.0, 0.2740652
27050.0, 0.27398726
27060.0, 0.27390942
27070.0, 0.2738316
27080.0, 0.27375382
27090.0, 0.27367613
27100.0, 0.27359852
27110.0, 0.27352092
27120.0, 0.27344334
27130.0, 0.27336586
27140.0, 0.2732884
27150.0, 0.27321097
27160.0, 0.27313364
27170.0, 0.27305636
27180.0, 0.27297905
27190.0, 0.27290186
27200.0, 0.27282476
27210.0, 0.27274767
27220.0, 0.27267057
27230.0, 0.27259362
27240.0, 0.27251664
27250.0, 0.27243975
27260.0, 0.27236292
27270.0, 0.27228606
27280.0, 0.27220938
27290.0, 0.27213266
27300.0, 0.272056
27310.0, 0.27197945
27320.0, 0.27190286
27330.0, 0.27182636
27340.0, 0.2717499
27350.0, 0.27167353
27360.0, 0.27159715
27370.0, 0.27152082
27380.0, 0.27144465
27390.0, 0.27136835
27400.0, 0.27129224
27410.0, 0.27121612
27420.0, 0.27114007
27430.0, 0.27106404
27440.0, 0.27098808
27450.0, 0.27091217
27460.0, 0.27083632
27470.0, 0.27076054
27480.0, 0.27068475
27490.0, 0.27060905
27500.0, 0.27053338
27510.0, 0.27045777
27520.0, 0.27038217
27530.0, 0.27030668
27540.0, 0.27023113
27550.0, 0.27015576
27560.0, 0.2700804
27570.0, 0.27000505
27580.0, 0.2699298
27590.0, 0.26985458
27600.0, 0.26977932
27610.0, 0.26970416
27620.0, 0.26962912
27630.0, 0.26955408
27640.0, 0.2694791
27650.0, 0.26940414
27660.0, 0.26932922
27670.0, 0.26925442
27680.0, 0.26917964
27690.0, 0.26910484
27700.0, 0.26903015
27710.0, 0.26895553
27720.0, 0.26888084
27730.0, 0.26880634
27740.0, 0.26873177
27750.0, 0.26865733
27760.0, 0.26858288
27770.0, 0.26850855
27780.0, 0.2684342
27790.0, 0.26835993
27800.0, 0.26828575
27810.0, 0.2682115
27820.0, 0.2681374
27830.0, 0.2680633
27840.0, 0.26798925
27850.0, 0.26791522
27860.0, 0.2678413
27870.0, 0.26776743
27880.0, 0.26769355
27890.0, 0.26761976
27900.0, 0.26754603
27910.0, 0.26747227
27920.0, 0.26739857
27930.0, 0.26732498
27940.0, 0.2672514
27950.0, 0.2671779
27960.0, 0.26710442
27970.0, 0.26703098
27980.0, 0.26695758
27990.0, 0.26688424
28000.0, 0.26681098
28010.0, 0.26673767
28020.0, 0.26666448
28030.0, 0.26659134
28040.0, 0.2665182
28050.0, 0.26644516
28060.0, 0.26637214
28070.0, 0.2662992
28080.0, 0.26622623
28090.0, 0.26615334
28100.0, 0.2660805
28110.0, 0.2660077
28120.0, 0.26593494
28130.0, 0.2658623
28140.0, 0.26578963
28150.0, 0.26571703
28160.0, 0.26564443
28170.0, 0.26557192
28180.0, 0.2654995
28190.0, 0.26542705
28200.0, 0.26535466
28210.0, 0.2652823
28220.0, 0.26521
28230.0, 0.2651378
28240.0, 0.26506564
28250.0, 0.26499346
28260.0, 0.26492134
28270.0, 0.26484928
28280.0, 0.26477724
28290.0, 0.26470527
28300.0, 0.26463333
28310.0, 0.26456147
28320.0, 0.2644896
28330.0, 0.26441783
28340.0, 0.2643461
28350.0, 0.26427436
28360.0, 0.2642027
28370.0, 0.26413104
28380.0, 0.26405954
28390.0, 0.26398802
28400.0, 0.26391652
28410.0, 0.2638451
28420.0, 0.26377374
28430.0, 0.26370233
28440.0, 0.26363102
28450.0, 0.26355973
28460.0, 0.26348853
28470.0, 0.2634174
28480.0, 0.26334623
28490.0, 0.26327518
28500.0, 0.2632041
28510.0, 0.2631331
28520.0, 0.2630622
28530.0, 0.2629913
28540.0, 0.26292044
28550.0, 0.2628496
28560.0, 0.26277882
28570.0, 0.2627081
28580.0, 0.26263738
28590.0, 0.26256675
28600.0, 0.26249614
28610.0, 0.26242563
28620.0, 0.26235512
28630.0, 0.26228464
28640.0, 0.2622142
28650.0, 0.26214382
28660.0, 0.2620735
28670.0, 0.26200318
28680.0, 0.26193294
28690.0, 0.26186273
28700.0, 0.2617925
28710.0, 0.26172245
28720.0, 0.26165238
28730.0, 0.26158234
28740.0, 0.26151234
28750.0, 0.26144236
28760.0, 0.26137245
28770.0, 0.2613026
28780.0, 0.26123276
28790.0, 0.26116297
28800.0, 0.26109326
28810.0, 0.26102355
28820.0, 0.2609539
28830.0, 0.2608843
28840.0, 0.26081476
28850.0, 0.26074523
28860.0, 0.2606757
28870.0, 0.2606063
28880.0, 0.2605369
28890.0, 0.26046753
28900.0, 0.26039827
28910.0, 0.26032898
28920.0, 0.26025972
28930.0, 0.26019055
28940.0, 0.26012138
28950.0, 0.26005226
28960.0, 0.25998324
28970.0, 0.25991425
28980.0, 0.25984526
28990.0, 0.25977635
29000.0, 0.25970745
29010.0, 0.2596386
29020.0, 0.2595698
29030.0, 0.25950104
29040.0, 0.2594323
29050.0, 0.25936362
29060.0, 0.25929502
29070.0, 0.2592264
29080.0, 0.25915784
29090.0, 0.25908932
29100.0, 0.25902084
29110.0, 0.25895244
29120.0, 0.25888407
29130.0, 0.2588157
29140.0, 0.2587474
29150.0, 0.25867912
29160.0, 0.2586109
29170.0, 0.25854272
29180.0, 0.25847462
29190.0, 0.2584065
29200.0, 0.25833842
29210.0, 0.2582704
29220.0, 0.25820246
29230.0, 0.2581345
29240.0, 0.2580666
29250.0, 0.25799873
29260.0, 0.25793093
29270.0, 0.2578632
29280.0, 0.25779548
29290.0, 0.25772774
29300.0, 0.2576601
29310.0, 0.25759253
29320.0, 0.25752497
29330.0, 0.25745744
29340.0, 0.25738993
29350.0, 0.2573225
29360.0, 0.2572551
29370.0, 0.25718772
29380.0, 0.25712043
29390.0, 0.2570531
29400.0, 0.2569859
29410.0, 0.25691867
29420.0, 0.25685155
29430.0, 0.25678438
29440.0, 0.2567173
29450.0, 0.25665027
29460.0, 0.2565833
29470.0, 0.25651634
29480.0, 0.25644937
29490.0, 0.25638252
29500.0, 0.2563157
29510.0, 0.2562489
29520.0, 0.25618213
29530.0, 0.25611538
29540.0, 0.2560487
29550.0, 0.25598213
29560.0, 0.25591552
29570.0, 0.25584894
29580.0, 0.2557824
29590.0, 0.25571594
29600.0, 0.25564948
29610.0, 0.2555831
29620.0, 0.2555167
29630.0, 0.25545043
29640.0, 0.25538415
29650.0, 0.2553179
29660.0, 0.2552517
29670.0, 0.25518554
29680.0, 0.25511938
29690.0, 0.25505334
29700.0, 0.25498724
29710.0, 0.2549213
29720.0, 0.2548553
29730.0, 0.25478935
29740.0, 0.2547235
29750.0, 0.25465766
29760.0, 0.25459182
29770.0, 0.25452608
29780.0, 0.2544603
29790.0, 0.25439462
29800.0, 0.254329
29810.0, 0.25426337
29820.0, 0.2541978
29830.0, 0.25413224
29840.0, 0.25406677
29850.0, 0.25400126
29860.0, 0.25393587
29870.0, 0.2538705
29880.0, 0.25380513
29890.0, 0.25373986
29900.0, 0.25367457
29910.0, 0.25360936
29920.0, 0.25354415
29930.0, 0.25347897
29940.0, 0.2534139
29950.0, 0.2533488
29960.0, 0.25328377
29970.0, 0.2532188
29980.0, 0.25315383
29990.0, 0.2530889
30000.0, 0.25302404
