Energy (in eV), SEEE yield of material osr2k-NASCAP at incidence 90.0 degree
   X,       Y
0.0, 0.0
10.0, 0.14895272
20.0, 0.29607302
30.0, 0.4414823
40.0, 0.58518034
50.0, 0.7271398
60.0, 0.8673173
70.0, 1.0056653
80.0, 1.1421334
90.0, 1.2766697
100.0, 1.4092242
110.0, 1.539748
120.0, 1.6681918
130.0, 1.7945117
140.0, 1.9186627
150.0, 2.0406055
160.0, 2.1602995
170.0, 2.2777107
180.0, 2.392805
190.0, 2.5055532
200.0, 2.615927
210.0, 2.723901
220.0, 2.829455
230.0, 2.9325688
240.0, 3.0332263
250.0, 3.1314135
260.0, 3.2271194
270.0, 3.3203356
280.0, 3.4110565
290.0, 3.4992795
300.0, 3.5850034
310.0, 3.6682298
320.0, 3.7489629
330.0, 3.8272095
340.0, 3.9029782
350.0, 3.97628
360.0, 4.0471277
370.0, 4.115537
380.0, 4.1815233
390.0, 4.2451077
400.0, 4.3063097
410.0, 4.3651524
420.0, 4.4216595
430.0, 4.4758563
440.0, 4.52777
450.0, 4.5774307
460.0, 4.6248684
470.0, 4.670112
480.0, 4.7131953
490.0, 4.754153
500.0, 4.793018
510.0, 4.8298264
520.0, 4.864614
530.0, 4.897419
540.0, 4.9282784
550.0, 4.957232
560.0, 4.9843173
570.0, 5.0095744
580.0, 5.033045
590.0, 5.054766
600.0, 5.074782
610.0, 5.0931315
620.0, 5.109857
630.0, 5.124999
640.0, 5.1385994
650.0, 5.150699
660.0, 5.1613398
670.0, 5.1705627
680.0, 5.1784086
690.0, 5.184919
700.0, 5.190133
710.0, 5.194093
720.0, 5.196838
730.0, 5.1984086
740.0, 5.1988435
750.0, 5.1981807
760.0, 5.19646
770.0, 5.1937184
780.0, 5.1899934
790.0, 5.1853223
800.0, 5.179742
810.0, 5.173288
820.0, 5.165993
830.0, 5.1578946
840.0, 5.149025
850.0, 5.139417
860.0, 5.1291056
870.0, 5.1181192
880.0, 5.106491
890.0, 5.0942507
900.0, 5.081428
910.0, 5.0680513
920.0, 5.0541487
930.0, 5.03975
940.0, 5.0248795
950.0, 5.009564
960.0, 4.993829
970.0, 4.977698
980.0, 4.9611964
990.0, 4.944346
1000.0, 4.9271703
1010.0, 4.90969
1020.0, 4.891926
1030.0, 4.8738995
1040.0, 4.85563
1050.0, 4.8371353
1060.0, 4.818435
1070.0, 4.799546
1080.0, 4.780485
1090.0, 4.7612686
1100.0, 4.741913
1110.0, 4.7224326
1120.0, 4.7028418
1130.0, 4.6831555
1140.0, 4.663385
1150.0, 4.643545
1160.0, 4.623647
1170.0, 4.6037025
1180.0, 4.5837226
1190.0, 4.563718
1200.0, 4.5436983
1210.0, 4.523674
1220.0, 4.503654
1230.0, 4.4836464
1240.0, 4.463661
1250.0, 4.443704
1260.0, 4.423784
1270.0, 4.403907
1280.0, 4.38408
1290.0, 4.3643093
1300.0, 4.344601
1310.0, 4.3249607
1320.0, 4.3053927
1330.0, 4.285904
1340.0, 4.2664967
1350.0, 4.247177
1360.0, 4.2279477
1370.0, 4.208813
1380.0, 4.1897764
1390.0, 4.170841
1400.0, 4.15201
1410.0, 4.1332855
1420.0, 4.1146708
1430.0, 4.096167
1440.0, 4.0777774
1450.0, 4.0595036
1460.0, 4.041347
1470.0, 4.023309
1480.0, 4.0053916
1490.0, 3.987596
1500.0, 3.9699225
1510.0, 3.9523723
1520.0, 3.9349465
1530.0, 3.9176457
1540.0, 3.9004698
1550.0, 3.8834198
1560.0, 3.8664958
1570.0, 3.8496978
1580.0, 3.8330266
1590.0, 3.8164818
1600.0, 3.8000631
1610.0, 3.7837708
1620.0, 3.7676034
1630.0, 3.751562
1640.0, 3.7356467
1650.0, 3.7198553
1660.0, 3.704188
1670.0, 3.6886444
1680.0, 3.6732247
1690.0, 3.6579266
1700.0, 3.6427503
1710.0, 3.6276956
1720.0, 3.612761
1730.0, 3.597946
1740.0, 3.5832493
1750.0, 3.5686707
1760.0, 3.5542092
1770.0, 3.5398638
1780.0, 3.525633
1790.0, 3.5115173
1800.0, 3.4975142
1810.0, 3.483624
1820.0, 3.4698446
1830.0, 3.456175
1840.0, 3.4426162
1850.0, 3.4291644
1860.0, 3.4158213
1870.0, 3.4025834
1880.0, 3.3894513
1890.0, 3.376423
1900.0, 3.3634982
1910.0, 3.350676
1920.0, 3.3379548
1930.0, 3.3253336
1940.0, 3.3128119
1950.0, 3.300388
1960.0, 3.2880619
1970.0, 3.2758312
1980.0, 3.2636955
1990.0, 3.2516546
2000.0, 3.2397072
2010.0, 3.2278514
2020.0, 3.2160866
2030.0, 3.2044122
2040.0, 3.1928277
2050.0, 3.181331
2060.0, 3.1699219
2070.0, 3.158599
2080.0, 3.1473615
2090.0, 3.136209
2100.0, 3.1251402
2110.0, 3.1141536
2120.0, 3.1032493
2130.0, 3.092426
2140.0, 3.0816832
2150.0, 3.071019
2160.0, 3.0604336
2170.0, 3.049926
2180.0, 3.0394952
2190.0, 3.02914
2200.0, 3.0188599
2210.0, 3.0086544
2220.0, 2.9985228
2230.0, 2.9884634
2240.0, 2.9784758
2250.0, 2.96856
2260.0, 2.9587142
2270.0, 2.9489381
2280.0, 2.9392312
2290.0, 2.9295926
2300.0, 2.9200215
2310.0, 2.9105167
2320.0, 2.9010785
2330.0, 2.891706
2340.0, 2.8823977
2350.0, 2.873154
2360.0, 2.8639731
2370.0, 2.8548555
2380.0, 2.8457994
2390.0, 2.836805
2400.0, 2.827872
2410.0, 2.8189986
2420.0, 2.8101852
2430.0, 2.8014305
2440.0, 2.7927341
2450.0, 2.7840955
2460.0, 2.7755146
2470.0, 2.7669904
2480.0, 2.7585218
2490.0, 2.7501087
2500.0, 2.741751
2510.0, 2.7334476
2520.0, 2.7251978
2530.0, 2.7170017
2540.0, 2.7088585
2550.0, 2.700767
2560.0, 2.6927278
2570.0, 2.6847398
2580.0, 2.6768026
2590.0, 2.6689157
2600.0, 2.6610787
2610.0, 2.653291
2620.0, 2.6455522
2630.0, 2.6378615
2640.0, 2.630219
2650.0, 2.622624
2660.0, 2.615076
2670.0, 2.6075747
2680.0, 2.6001196
2690.0, 2.59271
2700.0, 2.5853455
2710.0, 2.5780265
2720.0, 2.5707517
2730.0, 2.5635207
2740.0, 2.5563335
2750.0, 2.5491893
2760.0, 2.5420885
2770.0, 2.53503
2780.0, 2.528013
2790.0, 2.521038
2800.0, 2.5141046
2810.0, 2.5072117
2820.0, 2.5003595
2830.0, 2.4935477
2840.0, 2.4867754
2850.0, 2.480043
2860.0, 2.4733493
2870.0, 2.4666946
2880.0, 2.4600782
2890.0, 2.4535
2900.0, 2.4469593
2910.0, 2.4404564
2920.0, 2.4339905
2930.0, 2.427561
2940.0, 2.4211686
2950.0, 2.4148118
2960.0, 2.4084914
2970.0, 2.402206
2980.0, 2.395956
2990.0, 2.389741
3000.0, 2.3835607
