Energy (in eV), SEEE yield of material np2k-NASCAP at incidence 0.0 degree
   X,       Y
0.0, 0.0
10.0, 0.0
20.0, 0.0
30.0, 0.9293513
40.0, 0.5913015
50.0, 0.7779864
60.0, 0.9320162
70.0, 1.0874496
80.0, 1.2423753
90.0, 1.3969938
100.0, 1.5501941
110.0, 1.7000027
120.0, 1.8419881
130.0, 1.9676359
140.0, 2.0617163
150.0, 2.1000001
160.0, 2.0501115
170.0, 1.8812962
180.0, 1.5877527
190.0, 1.214716
200.0, 0.85074204
210.0, 0.5683436
220.0, 0.3786123
230.0, 0.25607148
240.0, 0.17607908
250.0, 0.12294038
260.0, 0.08705651
270.0, 0.062454727
280.0, 0.045349855
290.0, 0.03330154
300.0, 0.024711516
310.0, 0.018517554
320.0, 0.01400383
330.0, 0.010681783
340.0, 0.00821395
350.0, 0.006364552
360.0, 0.004967117
370.0, 0.0039029354
380.0, 0.0030865334
390.0, 0.0024558292
400.0, 0.0019653442
410.0, 0.0015814981
420.0, 0.0012793015
430.0, 0.0010400256
440.0, 8.495384E-4
450.0, 6.971023E-4
460.0, 5.7450996E-4
470.0, 4.754506E-4
480.0, 3.9504244E-4
490.0, 3.2948903E-4
500.0, 2.75823E-4
510.0, 2.3171229E-4
520.0, 1.9531576E-4
530.0, 1.6517301E-4
540.0, 1.4012036E-4
550.0, 1.1922704E-4
560.0, 1.0174473E-4
570.0, 8.706985E-5
580.0, 7.471371E-5
590.0, 6.427898E-5
600.0, 5.5441553E-5
610.0, 4.793623E-5
620.0, 4.154508E-5
630.0, 3.6088575E-5
640.0, 3.1418313E-5
650.0, 2.7411266E-5
660.0, 2.3965127E-5
670.0, 2.0994627E-5
680.0, 1.8428418E-5
690.0, 1.6206697E-5
700.0, 1.4279199E-5
710.0, 1.26035575E-5
720.0, 1.1143981E-5
730.0, 9.870183E-6
740.0, 8.756435E-6
750.0, 7.780856E-6
760.0, 6.9247953E-6
770.0, 6.172317E-6
780.0, 5.509779E-6
790.0, 4.9254736E-6
800.0, 4.4093504E-6
810.0, 3.952741E-6
820.0, 3.5481717E-6
830.0, 3.1891823E-6
840.0, 2.8701786E-6
850.0, 2.5863058E-6
860.0, 2.333351E-6
870.0, 2.107643E-6
880.0, 1.9059828E-6
890.0, 1.7255776E-6
900.0, 1.5639847E-6
910.0, 1.4190645E-6
920.0, 1.2889424E-6
930.0, 1.17197E-6
940.0, 1.0666978E-6
950.0, 9.718491E-7
960.0, 8.862979E-7
970.0, 8.090495E-7
980.0, 7.392255E-7
990.0, 6.760468E-7
1000.0, 6.188231E-7
1010.0, 5.669417E-7
1020.0, 5.198584E-7
1030.0, 4.770886E-7
1040.0, 4.3820086E-7
1050.0, 4.0281054E-7
1060.0, 3.705741E-7
1070.0, 3.4118432E-7
1080.0, 3.143672E-7
1090.0, 2.898766E-7
1100.0, 2.6749197E-7
1110.0, 2.470155E-7
1120.0, 2.282695E-7
1130.0, 2.1109415E-7
1140.0, 1.9534569E-7
1150.0, 1.8089459E-7
1160.0, 1.6762404E-7
1170.0, 1.5542864E-7
1180.0, 1.4421319E-7
1190.0, 1.338915E-7
1200.0, 1.2438595E-7
1210.0, 1.15625895E-7
1220.0, 1.07547386E-7
1230.0, 1.0009247E-7
1240.0, 9.320852E-8
1250.0, 8.6847706E-8
1260.0, 8.0966565E-8
1270.0, 7.552553E-8
1280.0, 7.048858E-8
1290.0, 6.582291E-8
1300.0, 6.149858E-8
1310.0, 5.748827E-8
1320.0, 5.3766986E-8
1330.0, 5.0312032E-8
1340.0, 4.7102517E-8
1350.0, 4.4119364E-8
1360.0, 4.1345093E-8
1370.0, 3.8763723E-8
1380.0, 3.6360554E-8
1390.0, 3.4122138E-8
1400.0, 3.2036112E-8
1410.0, 3.009112E-8
1420.0, 2.8276727E-8
1430.0, 2.6583335E-8
1440.0, 2.5002093E-8
1450.0, 2.3524906E-8
1460.0, 2.2144263E-8
1470.0, 2.0853257E-8
1480.0, 1.964551E-8
1490.0, 1.851515E-8
1500.0, 1.7456749E-8
1510.0, 1.646529E-8
1520.0, 1.5536132E-8
1530.0, 1.4664995E-8
1540.0, 1.38479095E-8
1550.0, 1.3081201E-8
1560.0, 1.2361469E-8
1570.0, 1.1685556E-8
1580.0, 1.10505525E-8
1590.0, 1.0453739E-8
1600.0, 9.892602E-9
1610.0, 9.364804E-9
1620.0, 8.868176E-9
1630.0, 8.4007015E-9
1640.0, 7.960505E-9
1650.0, 7.545843E-9
1660.0, 7.1550934E-9
1670.0, 6.786746E-9
1680.0, 6.4393917E-9
1690.0, 6.1117182E-9
1700.0, 5.802509E-9
1710.0, 5.5106217E-9
1720.0, 5.2349924E-9
1730.0, 4.9746287E-9
1740.0, 4.728605E-9
1750.0, 4.4960546E-9
1760.0, 4.27617E-9
1770.0, 4.0681942E-9
1780.0, 3.871422E-9
1790.0, 3.6851895E-9
1800.0, 3.5088799E-9
1810.0, 3.3419127E-9
1820.0, 3.183744E-9
1830.0, 3.0338685E-9
1840.0, 2.8918083E-9
1850.0, 2.7571168E-9
1860.0, 2.629375E-9
1870.0, 2.508189E-9
1880.0, 2.393191E-9
1890.0, 2.284034E-9
1900.0, 2.180393E-9
1910.0, 2.0819622E-9
1920.0, 1.9884547E-9
1930.0, 1.8996003E-9
1940.0, 1.8151443E-9
1950.0, 1.7348494E-9
1960.0, 1.6584903E-9
1970.0, 1.5858553E-9
1980.0, 1.5167455E-9
1990.0, 1.4509729E-9
2000.0, 1.3883612E-9
2010.0, 1.3287433E-9
2020.0, 1.2719629E-9
2030.0, 1.2178712E-9
2040.0, 1.1663288E-9
2050.0, 1.1172042E-9
2060.0, 1.0703727E-9
2070.0, 1.0257167E-9
2080.0, 9.83126E-10
2090.0, 9.424955E-10
2100.0, 9.037261E-10
2110.0, 8.667243E-10
2120.0, 8.31402E-10
2130.0, 7.9767454E-10
2140.0, 7.654644E-10
2150.0, 7.346962E-10
2160.0, 7.05299E-10
2170.0, 6.772058E-10
2180.0, 6.50353E-10
2190.0, 6.2468075E-10
2200.0, 6.0013194E-10
2210.0, 5.7665267E-10
2220.0, 5.541919E-10
2230.0, 5.327011E-10
2240.0, 5.121343E-10
2250.0, 4.9244786E-10
2260.0, 4.736005E-10
2270.0, 4.5555298E-10
2280.0, 4.3826803E-10
2290.0, 4.2171036E-10
2300.0, 4.0584625E-10
2310.0, 3.9064393E-10
2320.0, 3.760731E-10
2330.0, 3.6210496E-10
2340.0, 3.487121E-10
2350.0, 3.3586858E-10
2360.0, 3.2354963E-10
2370.0, 3.1173183E-10
2380.0, 3.0039243E-10
2390.0, 2.8951078E-10
2400.0, 2.7906627E-10
2410.0, 2.6903968E-10
2420.0, 2.594126E-10
2430.0, 2.5016764E-10
2440.0, 2.4128807E-10
2450.0, 2.3275809E-10
2460.0, 2.2456259E-10
2470.0, 2.1668715E-10
2480.0, 2.0911808E-10
2490.0, 2.0184228E-10
2500.0, 1.9484726E-10
2510.0, 1.8812117E-10
2520.0, 1.8165262E-10
2530.0, 1.7543081E-10
2540.0, 1.6944539E-10
2550.0, 1.6368651E-10
2560.0, 1.5814476E-10
2570.0, 1.5281115E-10
2580.0, 1.4767708E-10
2590.0, 1.4273438E-10
2600.0, 1.3797523E-10
2610.0, 1.3339209E-10
2620.0, 1.2897786E-10
2630.0, 1.247256E-10
2640.0, 1.2062899E-10
2650.0, 1.1668165E-10
2660.0, 1.1287763E-10
2670.0, 1.092112E-10
2680.0, 1.0567692E-10
2690.0, 1.0226952E-10
2700.0, 9.898405E-11
2710.0, 9.5815675E-11
2720.0, 9.275985E-11
2730.0, 8.981215E-11
2740.0, 8.69684E-11
2750.0, 8.4224544E-11
2760.0, 8.157677E-11
2770.0, 7.902136E-11
2780.0, 7.655477E-11
2790.0, 7.417361E-11
2800.0, 7.187465E-11
2810.0, 6.9654775E-11
2820.0, 6.751096E-11
2830.0, 6.544039E-11
2840.0, 6.344028E-11
2850.0, 6.150802E-11
2860.0, 5.964107E-11
2870.0, 5.7837013E-11
2880.0, 5.6093474E-11
2890.0, 5.440831E-11
2900.0, 5.277933E-11
2910.0, 5.1204485E-11
2920.0, 4.9681786E-11
2930.0, 4.8209346E-11
2940.0, 4.678534E-11
2950.0, 4.540802E-11
2960.0, 4.4075705E-11
2970.0, 4.278678E-11
2980.0, 4.1539685E-11
2990.0, 4.0332945E-11
3000.0, 3.916511E-11
