Energy (in eV), SEEE yield of material np2k-NASCAP at isotropic incidence
   X,       Y
0.0, 0.0
10.0, 0.0
20.0, 0.0
30.0, 0.0
40.0, 0.0
50.0, 0.0
60.0, 0.0
70.0, 0.0
80.0, 1.485071
90.0, 1.3286167
100.0, 1.5561167
110.0, 1.7032079
120.0, 1.8495041
130.0, 1.9846976
140.0, 2.0986922
150.0, 2.173983
160.0, 2.185801
170.0, 2.1055067
180.0, 1.9133805
190.0, 1.6189839
200.0, 1.2722077
210.0, 0.94172186
220.0, 0.6734092
230.0, 0.47543445
240.0, 0.3355247
250.0, 0.23809633
260.0, 0.17035978
270.0, 0.12304932
280.0, 0.08975397
290.0, 0.06611069
300.0, 0.049160942
310.0, 0.036892686
320.0, 0.027928755
330.0, 0.021319045
340.0, 0.01640235
350.0, 0.0127142025
360.0, 0.009925409
370.0, 0.0078005698
380.0, 0.0061698384
390.0, 0.004909667
400.0, 0.0039294446
410.0, 0.0031622103
420.0, 0.002558101
430.0, 0.0020797276
440.0, 0.0016988658
450.0, 0.0013940656
460.0, 0.0011489276
470.0, 9.508393E-4
480.0, 7.9004304E-4
490.0, 6.5894955E-4
500.0, 5.5162644E-4
510.0, 4.6341104E-4
520.0, 3.9062204E-4
530.0, 3.3033936E-4
540.0, 2.8023607E-4
550.0, 2.3845075E-4
560.0, 2.0348706E-4
570.0, 1.74138E-4
580.0, 1.4942617E-4
590.0, 1.2855705E-4
600.0, 1.1088244E-4
610.0, 9.587198E-5
620.0, 8.30898E-5
630.0, 7.217688E-5
640.0, 6.283643E-5
650.0, 5.482238E-5
660.0, 4.7930145E-5
670.0, 4.1989166E-5
680.0, 3.6856774E-5
690.0, 3.2413343E-5
700.0, 2.8558356E-5
710.0, 2.5207086E-5
720.0, 2.228794E-5
730.0, 1.9740348E-5
740.0, 1.7512857E-5
750.0, 1.5561702E-5
760.0, 1.3849582E-5
770.0, 1.2344628E-5
780.0, 1.1019552E-5
790.0, 9.850943E-6
800.0, 8.818698E-6
810.0, 7.905478E-6
820.0, 7.0963406E-6
830.0, 6.3783627E-6
840.0, 5.740355E-6
850.0, 5.17261E-6
860.0, 4.666701E-6
870.0, 4.215285E-6
880.0, 3.8119654E-6
890.0, 3.4511547E-6
900.0, 3.1279687E-6
910.0, 2.8381287E-6
920.0, 2.5778845E-6
930.0, 2.3439397E-6
940.0, 2.1333956E-6
950.0, 1.943698E-6
960.0, 1.7725957E-6
970.0, 1.6180991E-6
980.0, 1.4784512E-6
990.0, 1.3520935E-6
1000.0, 1.2376461E-6
1010.0, 1.1338834E-6
1020.0, 1.0397168E-6
1030.0, 9.541772E-7
1040.0, 8.764016E-7
1050.0, 8.056211E-7
1060.0, 7.411482E-7
1070.0, 6.823686E-7
1080.0, 6.287344E-7
1090.0, 5.797532E-7
1100.0, 5.34984E-7
1110.0, 4.9403104E-7
1120.0, 4.56539E-7
1130.0, 4.221883E-7
1140.0, 3.9069138E-7
1150.0, 3.6178918E-7
1160.0, 3.352481E-7
1170.0, 3.1085725E-7
1180.0, 2.8842638E-7
1190.0, 2.6778304E-7
1200.0, 2.4877193E-7
1210.0, 2.312518E-7
1220.0, 2.1509477E-7
1230.0, 2.0018493E-7
1240.0, 1.8641703E-7
1250.0, 1.736954E-7
1260.0, 1.6193312E-7
1270.0, 1.5105105E-7
1280.0, 1.4097716E-7
1290.0, 1.3164582E-7
1300.0, 1.2299715E-7
1310.0, 1.1497653E-7
1320.0, 1.0753398E-7
1330.0, 1.00624064E-7
1340.0, 9.4205035E-8
1350.0, 8.8238735E-8
1360.0, 8.2690185E-8
1370.0, 7.7527446E-8
1380.0, 7.2721114E-8
1390.0, 6.8244276E-8
1400.0, 6.4072225E-8
1410.0, 6.018224E-8
1420.0, 5.655345E-8
1430.0, 5.316667E-8
1440.0, 5.0004186E-8
1450.0, 4.7049813E-8
1460.0, 4.4288523E-8
1470.0, 4.1706514E-8
1480.0, 3.929102E-8
1490.0, 3.7030297E-8
1500.0, 3.4913494E-8
1510.0, 3.2930576E-8
1520.0, 3.107226E-8
1530.0, 2.9329989E-8
1540.0, 2.7695817E-8
1550.0, 2.61624E-8
1560.0, 2.4722935E-8
1570.0, 2.3371111E-8
1580.0, 2.2101101E-8
1590.0, 2.0907478E-8
1600.0, 1.9785201E-8
1610.0, 1.8729608E-8
1620.0, 1.7736351E-8
1630.0, 1.6801403E-8
1640.0, 1.592101E-8
1650.0, 1.5091686E-8
1660.0, 1.4310186E-8
1670.0, 1.3573491E-8
1680.0, 1.28787825E-8
1690.0, 1.22234365E-8
1700.0, 1.1605017E-8
1710.0, 1.10212435E-8
1720.0, 1.0469985E-8
1730.0, 9.9492565E-9
1740.0, 9.45721E-9
1750.0, 8.992111E-9
1760.0, 8.552341E-9
1770.0, 8.136389E-9
1780.0, 7.742845E-9
1790.0, 7.3703794E-9
1800.0, 7.01776E-9
1810.0, 6.6838255E-9
1820.0, 6.367488E-9
1830.0, 6.0677374E-9
1840.0, 5.7836167E-9
1850.0, 5.5142335E-9
1860.0, 5.25875E-9
1870.0, 5.016378E-9
1880.0, 4.7863824E-9
1890.0, 4.5680677E-9
1900.0, 4.360786E-9
1910.0, 4.1639248E-9
1920.0, 3.9769095E-9
1930.0, 3.7992005E-9
1940.0, 3.6302883E-9
1950.0, 3.4696988E-9
1960.0, 3.3169807E-9
1970.0, 3.1717107E-9
1980.0, 3.0334908E-9
1990.0, 2.9019458E-9
2000.0, 2.7767226E-9
2010.0, 2.657487E-9
2020.0, 2.5439255E-9
2030.0, 2.4357425E-9
2040.0, 2.3326574E-9
2050.0, 2.2344084E-9
2060.0, 2.1407454E-9
2070.0, 2.0514335E-9
2080.0, 1.966252E-9
2090.0, 1.884991E-9
2100.0, 1.8074521E-9
2110.0, 1.7334487E-9
2120.0, 1.6628039E-9
2130.0, 1.595349E-9
2140.0, 1.5309288E-9
2150.0, 1.4693924E-9
2160.0, 1.410598E-9
2170.0, 1.3544114E-9
2180.0, 1.300706E-9
2190.0, 1.2493613E-9
2200.0, 1.200264E-9
2210.0, 1.1533056E-9
2220.0, 1.1083838E-9
2230.0, 1.0654022E-9
2240.0, 1.0242686E-9
2250.0, 9.848958E-10
2260.0, 9.47201E-10
2270.0, 9.1110597E-10
2280.0, 8.765361E-10
2290.0, 8.4342056E-10
2300.0, 8.1169255E-10
2310.0, 7.8128787E-10
2320.0, 7.5214623E-10
2330.0, 7.2420986E-10
2340.0, 6.9742423E-10
2350.0, 6.7173717E-10
2360.0, 6.4709926E-10
2370.0, 6.2346367E-10
2380.0, 6.0078487E-10
2390.0, 5.790215E-10
2400.0, 5.5813254E-10
2410.0, 5.380793E-10
2420.0, 5.1882526E-10
2430.0, 5.003353E-10
2440.0, 4.8257615E-10
2450.0, 4.6551615E-10
2460.0, 4.4912513E-10
2470.0, 4.333743E-10
2480.0, 4.1823617E-10
2490.0, 4.0368453E-10
2500.0, 3.8969453E-10
2510.0, 3.7624234E-10
2520.0, 3.6330525E-10
2530.0, 3.5086162E-10
2540.0, 3.388908E-10
2550.0, 3.2737305E-10
2560.0, 3.1628947E-10
2570.0, 3.0562225E-10
2580.0, 2.9535416E-10
2590.0, 2.8546876E-10
2600.0, 2.7595043E-10
2610.0, 2.6678418E-10
2620.0, 2.579557E-10
2630.0, 2.494512E-10
2640.0, 2.4125799E-10
2650.0, 2.3336327E-10
2660.0, 2.2575526E-10
2670.0, 2.1842238E-10
2680.0, 2.1135382E-10
2690.0, 2.0453905E-10
2700.0, 1.979681E-10
2710.0, 1.9163135E-10
2720.0, 1.8551968E-10
2730.0, 1.796243E-10
2740.0, 1.7393678E-10
2750.0, 1.684491E-10
2760.0, 1.6315355E-10
2770.0, 1.5804272E-10
2780.0, 1.5310954E-10
2790.0, 1.4834721E-10
2800.0, 1.437493E-10
2810.0, 1.3930954E-10
2820.0, 1.3502194E-10
2830.0, 1.3088079E-10
2840.0, 1.2688056E-10
2850.0, 1.2301603E-10
2860.0, 1.1928214E-10
2870.0, 1.15674026E-10
2880.0, 1.1218697E-10
2890.0, 1.08816615E-10
2900.0, 1.05558666E-10
2910.0, 1.0240896E-10
2920.0, 9.9363566E-11
2930.0, 9.641869E-11
2940.0, 9.357068E-11
2950.0, 9.081605E-11
2960.0, 8.815141E-11
2970.0, 8.5573555E-11
2980.0, 8.307937E-11
2990.0, 8.066589E-11
3000.0, 7.833022E-11
3010.0, 7.606962E-11
3020.0, 7.388143E-11
3030.0, 7.1763116E-11
3040.0, 6.9712215E-11
3050.0, 6.772637E-11
3060.0, 6.580333E-11
3070.0, 6.39409E-11
3080.0, 6.213698E-11
3090.0, 6.0389554E-11
3100.0, 5.8696686E-11
3110.0, 5.705649E-11
3120.0, 5.5467176E-11
3130.0, 5.3926977E-11
3140.0, 5.2434286E-11
3150.0, 5.0987457E-11
3160.0, 4.9584958E-11
3170.0, 4.8225278E-11
3180.0, 4.6906996E-11
3190.0, 4.5628723E-11
3200.0, 4.4389117E-11
3210.0, 4.3186902E-11
3220.0, 4.202083E-11
3230.0, 4.088972E-11
3240.0, 3.9792405E-11
3250.0, 3.8727795E-11
3260.0, 3.7694806E-11
3270.0, 3.6692403E-11
3280.0, 3.5719597E-11
3290.0, 3.477543E-11
3300.0, 3.3858975E-11
3310.0, 3.2969325E-11
3320.0, 3.210564E-11
3330.0, 3.126707E-11
3340.0, 3.0452824E-11
3350.0, 2.966212E-11
3360.0, 2.889421E-11
3370.0, 2.8148376E-11
3380.0, 2.7423903E-11
3390.0, 2.6720149E-11
3400.0, 2.6036453E-11
3410.0, 2.5372175E-11
3420.0, 2.4726724E-11
3430.0, 2.4099498E-11
3440.0, 2.3489946E-11
3450.0, 2.2897514E-11
3460.0, 2.2321672E-11
3470.0, 2.1761907E-11
3480.0, 2.1217736E-11
3490.0, 2.0688671E-11
3500.0, 2.0174258E-11
3510.0, 1.9674049E-11
3520.0, 1.9187615E-11
3530.0, 1.8714532E-11
3540.0, 1.8254407E-11
3550.0, 1.7806843E-11
3560.0, 1.7371465E-11
3570.0, 1.6947912E-11
3580.0, 1.6535825E-11
3590.0, 1.6134864E-11
3600.0, 1.5744704E-11
3610.0, 1.5365022E-11
3620.0, 1.4995505E-11
3630.0, 1.4635852E-11
3640.0, 1.4285784E-11
3650.0, 1.3945019E-11
3660.0, 1.3613279E-11
3670.0, 1.3290305E-11
3680.0, 1.2975843E-11
3690.0, 1.2669641E-11
3700.0, 1.2371465E-11
3710.0, 1.2081084E-11
3720.0, 1.1798273E-11
3730.0, 1.1522816E-11
3740.0, 1.1254501E-11
3750.0, 1.0993127E-11
3760.0, 1.0738493E-11
3770.0, 1.04904115E-11
3780.0, 1.0248694E-11
3790.0, 1.0013165E-11
3800.0, 9.783646E-12
3810.0, 9.559973E-12
3820.0, 9.341977E-12
3830.0, 9.129506E-12
3840.0, 8.922399E-12
3850.0, 8.720514E-12
3860.0, 8.5237E-12
3870.0, 8.331821E-12
3880.0, 8.1447375E-12
3890.0, 7.9623235E-12
3900.0, 7.784447E-12
3910.0, 7.610984E-12
3920.0, 7.441815E-12
3930.0, 7.276824E-12
3940.0, 7.1158955E-12
3950.0, 6.958921E-12
3960.0, 6.805792E-12
3970.0, 6.6564068E-12
3980.0, 6.510664E-12
3990.0, 6.3684665E-12
4000.0, 6.2297194E-12
4010.0, 6.094326E-12
4020.0, 5.962208E-12
4030.0, 5.8332657E-12
4040.0, 5.7074276E-12
4050.0, 5.584599E-12
4060.0, 5.464713E-12
4070.0, 5.3476798E-12
4080.0, 5.233437E-12
4090.0, 5.1219003E-12
4100.0, 5.0130087E-12
4110.0, 4.9066853E-12
4120.0, 4.802871E-12
4130.0, 4.7014927E-12
4140.0, 4.6024968E-12
4150.0, 4.5058115E-12
4160.0, 4.411387E-12
4170.0, 4.319157E-12
4180.0, 4.2290733E-12
4190.0, 4.1410733E-12
4200.0, 4.0551113E-12
4210.0, 3.9711277E-12
4220.0, 3.889081E-12
4230.0, 3.8089133E-12
4240.0, 3.7305857E-12
4250.0, 3.654044E-12
4260.0, 3.5792471E-12
4270.0, 3.5061546E-12
4280.0, 3.434717E-12
4290.0, 3.3649004E-12
4300.0, 3.296657E-12
4310.0, 3.2299543E-12
4320.0, 3.164749E-12
4330.0, 3.1010084E-12
4340.0, 3.0386913E-12
4350.0, 2.9777684E-12
4360.0, 2.9182004E-12
4370.0, 2.859959E-12
4380.0, 2.803006E-12
4390.0, 2.7473165E-12
4400.0, 2.6928538E-12
4410.0, 2.6395928E-12
4420.0, 2.5875003E-12
4430.0, 2.536552E-12
4440.0, 2.4867161E-12
4450.0, 2.4379702E-12
4460.0, 2.3902844E-12
4470.0, 2.3436372E-12
4480.0, 2.297999E-12
4490.0, 2.2533505E-12
4500.0, 2.209664E-12
4510.0, 2.1669186E-12
4520.0, 2.125094E-12
4530.0, 2.0841644E-12
4540.0, 2.044113E-12
4550.0, 2.0049147E-12
4560.0, 1.9665537E-12
4570.0, 1.9290064E-12
4580.0, 1.8922574E-12
4590.0, 1.8562847E-12
4600.0, 1.8210737E-12
4610.0, 1.7866032E-12
4620.0, 1.7528594E-12
4630.0, 1.7198222E-12
4640.0, 1.6874785E-12
4650.0, 1.6558093E-12
4660.0, 1.624802E-12
4670.0, 1.5944383E-12
4680.0, 1.5647069E-12
4690.0, 1.53559E-12
4700.0, 1.5070767E-12
4710.0, 1.4791504E-12
4720.0, 1.4518003E-12
4730.0, 1.4250114E-12
4740.0, 1.3987727E-12
4750.0, 1.3730697E-12
4760.0, 1.3478915E-12
4770.0, 1.3232278E-12
4780.0, 1.2990644E-12
4790.0, 1.2753926E-12
4800.0, 1.2521991E-12
4810.0, 1.2294751E-12
4820.0, 1.2072085E-12
4830.0, 1.185391E-12
4840.0, 1.1640109E-12
4850.0, 1.1430603E-12
4860.0, 1.1225277E-12
4870.0, 1.102406E-12
4880.0, 1.0826843E-12
4890.0, 1.0633555E-12
4900.0, 1.0444094E-12
4910.0, 1.0258395E-12
4920.0, 1.0076354E-12
4930.0, 9.897913E-13
4940.0, 9.722975E-13
4950.0, 9.551481E-13
4960.0, 9.383342E-13
4970.0, 9.2185E-13
4980.0, 9.0568693E-13
4990.0, 8.898396E-13
5000.0, 8.742995E-13
5010.0, 8.5906136E-13
5020.0, 8.4411883E-13
5030.0, 8.2946464E-13
5040.0, 8.15094E-13
5050.0, 8.009992E-13
5060.0, 7.8717604E-13
5070.0, 7.7361734E-13
5080.0, 7.6031884E-13
5090.0, 7.472737E-13
5100.0, 7.344781E-13
5110.0, 7.219254E-13
5120.0, 7.096117E-13
5130.0, 6.9753085E-13
5140.0, 6.856791E-13
5150.0, 6.740508E-13
5160.0, 6.6264214E-13
5170.0, 6.5144754E-13
5180.0, 6.4046376E-13
5190.0, 6.2968527E-13
5200.0, 6.19109E-13
5210.0, 6.0872943E-13
5220.0, 5.9854395E-13
5230.0, 5.885474E-13
5240.0, 5.787369E-13
5250.0, 5.6910764E-13
5260.0, 5.5965665E-13
5270.0, 5.503803E-13
5280.0, 5.4127465E-13
5290.0, 5.3233676E-13
5300.0, 5.2356253E-13
5310.0, 5.149494E-13
5320.0, 5.0649345E-13
5330.0, 4.981922E-13
5340.0, 4.900418E-13
5350.0, 4.8204E-13
5360.0, 4.741831E-13
5370.0, 4.664689E-13
5380.0, 4.588938E-13
5390.0, 4.514559E-13
5400.0, 4.4415155E-13
5410.0, 4.3697893E-13
5420.0, 4.299348E-13
5430.0, 4.2301712E-13
5440.0, 4.162229E-13
5450.0, 4.095503E-13
5460.0, 4.029963E-13
5470.0, 3.965592E-13
5480.0, 3.902361E-13
5490.0, 3.8402533E-13
5500.0, 3.7792417E-13
5510.0, 3.7193078E-13
5520.0, 3.6604332E-13
5530.0, 3.6025916E-13
5540.0, 3.5457688E-13
5550.0, 3.48994E-13
5560.0, 3.4350908E-13
5570.0, 3.381197E-13
5580.0, 3.3282462E-13
5590.0, 3.276215E-13
5600.0, 3.2250897E-13
5610.0, 3.1748492E-13
5620.0, 3.1254808E-13
5630.0, 3.076964E-13
5640.0, 3.029286E-13
5650.0, 2.9824274E-13
5660.0, 2.9363773E-13
5670.0, 2.8911148E-13
5680.0, 2.8466303E-13
5690.0, 2.8029047E-13
5700.0, 2.759928E-13
5710.0, 2.7176815E-13
5720.0, 2.6761557E-13
5730.0, 2.6353342E-13
5740.0, 2.5952062E-13
5750.0, 2.5557556E-13
5760.0, 2.5169715E-13
5770.0, 2.478844E-13
5780.0, 2.4413566E-13
5790.0, 2.404501E-13
5800.0, 2.3682626E-13
5810.0, 2.332633E-13
5820.0, 2.2975976E-13
5830.0, 2.2631486E-13
5840.0, 2.2292727E-13
5850.0, 2.1959616E-13
5860.0, 2.1632026E-13
5870.0, 2.1309884E-13
5880.0, 2.0993062E-13
5890.0, 2.068149E-13
5900.0, 2.0375044E-13
5910.0, 2.0073662E-13
5920.0, 1.9777219E-13
5930.0, 1.9485658E-13
5940.0, 1.9198866E-13
5950.0, 1.8916777E-13
5960.0, 1.8639284E-13
5970.0, 1.8366328E-13
5980.0, 1.8097805E-13
5990.0, 1.7833658E-13
6000.0, 1.7573786E-13
6010.0, 1.7318124E-13
6020.0, 1.7066608E-13
6030.0, 1.6819142E-13
6040.0, 1.6575677E-13
6050.0, 1.6336119E-13
6060.0, 1.610042E-13
6070.0, 1.5868491E-13
6080.0, 1.5640294E-13
6090.0, 1.541573E-13
6100.0, 1.5194759E-13
6110.0, 1.4977304E-13
6120.0, 1.4763315E-13
6130.0, 1.4552716E-13
6140.0, 1.4345469E-13
6150.0, 1.4141493E-13
6160.0, 1.3940749E-13
6170.0, 1.3743168E-13
6180.0, 1.3548707E-13
6190.0, 1.3357296E-13
6200.0, 1.3168903E-13
6210.0, 1.2983454E-13
6220.0, 1.2800916E-13
6230.0, 1.2621223E-13
6240.0, 1.2444346E-13
6250.0, 1.2270214E-13
6260.0, 1.2098792E-13
6270.0, 1.1930043E-13
6280.0, 1.17639E-13
6290.0, 1.1600338E-13
6300.0, 1.1439298E-13
6310.0, 1.12807496E-13
6320.0, 1.1124637E-13
6330.0, 1.0970937E-13
6340.0, 1.0819589E-13
6350.0, 1.0670568E-13
6360.0, 1.0523825E-13
6370.0, 1.0379332E-13
6380.0, 1.0237037E-13
6390.0, 1.0096919E-13
6400.0, 9.958926E-14
6410.0, 9.823035E-14
6420.0, 9.6892024E-14
6430.0, 9.557402E-14
6440.0, 9.4275885E-14
6450.0, 9.299743E-14
6460.0, 9.173818E-14
6470.0, 9.0497956E-14
6480.0, 8.9276304E-14
6490.0, 8.8073076E-14
6500.0, 8.68878E-14
6510.0, 8.5720256E-14
6520.0, 8.457022E-14
6530.0, 8.3437285E-14
6540.0, 8.232128E-14
6550.0, 8.122182E-14
6560.0, 8.013874E-14
6570.0, 7.9071684E-14
6580.0, 7.802046E-14
6590.0, 7.698473E-14
6600.0, 7.596433E-14
6610.0, 7.495893E-14
6620.0, 7.396837E-14
6630.0, 7.299232E-14
6640.0, 7.203064E-14
6650.0, 7.1083E-14
6660.0, 7.0149276E-14
6670.0, 6.922914E-14
6680.0, 6.8322464E-14
6690.0, 6.7428966E-14
6700.0, 6.654848E-14
6710.0, 6.5680744E-14
6720.0, 6.482564E-14
6730.0, 6.3982883E-14
6740.0, 6.3152324E-14
6750.0, 6.233373E-14
6760.0, 6.152693E-14
6770.0, 6.073179E-14
6780.0, 5.994802E-14
6790.0, 5.9175545E-14
6800.0, 5.841411E-14
6810.0, 5.76636E-14
6820.0, 5.692378E-14
6830.0, 5.6194554E-14
6840.0, 5.547567E-14
6850.0, 5.4767046E-14
6860.0, 5.4068464E-14
6870.0, 5.3379827E-14
6880.0, 5.27009E-14
6890.0, 5.2031608E-14
6900.0, 5.137174E-14
6910.0, 5.072121E-14
6920.0, 5.0079807E-14
6930.0, 4.9447463E-14
6940.0, 4.8823955E-14
6950.0, 4.8209226E-14
6960.0, 4.760308E-14
6970.0, 4.700543E-14
6980.0, 4.6416094E-14
6990.0, 4.583501E-14
7000.0, 4.526198E-14
7010.0, 4.4696926E-14
7020.0, 4.4139737E-14
7030.0, 4.3590247E-14
7040.0, 4.3048393E-14
7050.0, 4.2514003E-14
7060.0, 4.1987017E-14
7070.0, 4.146727E-14
7080.0, 4.0954694E-14
7090.0, 4.0449147E-14
7100.0, 3.9950563E-14
7110.0, 3.9458793E-14
7120.0, 3.897377E-14
7130.0, 3.8495364E-14
7140.0, 3.8023506E-14
7150.0, 3.755806E-14
7160.0, 3.7098966E-14
7170.0, 3.6646094E-14
7180.0, 3.6199393E-14
7190.0, 3.5758726E-14
7200.0, 3.532405E-14
7210.0, 3.4895226E-14
7220.0, 3.4472208E-14
7230.0, 3.405487E-14
7240.0, 3.3643183E-14
7250.0, 3.3237004E-14
7260.0, 3.2836283E-14
7270.0, 3.2440942E-14
7280.0, 3.205089E-14
7290.0, 3.1666066E-14
7300.0, 3.1286365E-14
7310.0, 3.0911742E-14
7320.0, 3.0542084E-14
7330.0, 3.017737E-14
7340.0, 2.9817477E-14
7350.0, 2.946238E-14
7360.0, 2.9111967E-14
7370.0, 2.8766198E-14
7380.0, 2.842499E-14
7390.0, 2.808829E-14
7400.0, 2.7756016E-14
7410.0, 2.7428128E-14
7420.0, 2.7104533E-14
7430.0, 2.6785196E-14
7440.0, 2.647003E-14
7450.0, 2.6159005E-14
7460.0, 2.5852028E-14
7470.0, 2.5549072E-14
7480.0, 2.525005E-14
7490.0, 2.495493E-14
7500.0, 2.466364E-14
7510.0, 2.437613E-14
7520.0, 2.4092358E-14
7530.0, 2.3812248E-14
7540.0, 2.3535773E-14
7550.0, 2.326286E-14
7560.0, 2.2993475E-14
7570.0, 2.2727544E-14
7580.0, 2.2465045E-14
7590.0, 2.2205912E-14
7600.0, 2.1950112E-14
7610.0, 2.1697577E-14
7620.0, 2.1448287E-14
7630.0, 2.120217E-14
7640.0, 2.0959207E-14
7650.0, 2.0719324E-14
7660.0, 2.0482514E-14
7670.0, 2.0248695E-14
7680.0, 2.001786E-14
7690.0, 1.9789942E-14
7700.0, 1.9564918E-14
7710.0, 1.9342727E-14
7720.0, 1.9123358E-14
7730.0, 1.8906744E-14
7740.0, 1.869287E-14
7750.0, 1.8481674E-14
7760.0, 1.8273135E-14
7770.0, 1.8067221E-14
7780.0, 1.7863877E-14
7790.0, 1.766309E-14
7800.0, 1.7464805E-14
7810.0, 1.7269001E-14
7820.0, 1.7075634E-14
7830.0, 1.6884682E-14
7840.0, 1.6696095E-14
7850.0, 1.6509858E-14
7860.0, 1.6325925E-14
7870.0, 1.6144282E-14
7880.0, 1.5964875E-14
7890.0, 1.5787695E-14
7900.0, 1.5612694E-14
7910.0, 1.5439859E-14
7920.0, 1.5269143E-14
7930.0, 1.5100536E-14
7940.0, 1.493399E-14
7950.0, 1.4769495E-14
7960.0, 1.4607009E-14
7970.0, 1.4446518E-14
7980.0, 1.428798E-14
7990.0, 1.4131386E-14
8000.0, 1.3976693E-14
8010.0, 1.3823884E-14
8020.0, 1.3672932E-14
8030.0, 1.3523827E-14
8040.0, 1.3376517E-14
8050.0, 1.32309934E-14
8060.0, 1.308723E-14
8070.0, 1.2945216E-14
8080.0, 1.28049045E-14
8090.0, 1.2666284E-14
8100.0, 1.25293325E-14
8110.0, 1.2394041E-14
8120.0, 1.226036E-14
8130.0, 1.2128286E-14
8140.0, 1.1997792E-14
8150.0, 1.1868875E-14
8160.0, 1.1741483E-14
8170.0, 1.16156135E-14
8180.0, 1.1491245E-14
8190.0, 1.136837E-14
8200.0, 1.12469424E-14
8210.0, 1.11269585E-14
8220.0, 1.1008399E-14
8230.0, 1.0891254E-14
8240.0, 1.0775488E-14
8250.0, 1.0661088E-14
8260.0, 1.05480395E-14
8270.0, 1.0436325E-14
8280.0, 1.03259356E-14
8290.0, 1.0216835E-14
8300.0, 1.0109018E-14
8310.0, 1.0002467E-14
8320.0, 9.897174E-15
8330.0, 9.793103E-15
8340.0, 9.690248E-15
8350.0, 9.588599E-15
8360.0, 9.488142E-15
8370.0, 9.388847E-15
8380.0, 9.290709E-15
8390.0, 9.193711E-15
8400.0, 9.09785E-15
8410.0, 9.00309E-15
8420.0, 8.909428E-15
8430.0, 8.8168515E-15
8440.0, 8.725352E-15
8450.0, 8.6349E-15
8460.0, 8.545492E-15
8470.0, 8.457114E-15
8480.0, 8.3697596E-15
8490.0, 8.283402E-15
8500.0, 8.198035E-15
8510.0, 8.1136464E-15
8520.0, 8.030223E-15
8530.0, 7.9477635E-15
8540.0, 7.866236E-15
8550.0, 7.785641E-15
8560.0, 7.7059636E-15
8570.0, 7.6272E-15
8580.0, 7.549326E-15
8590.0, 7.472336E-15
8600.0, 7.396219E-15
8610.0, 7.320971E-15
8620.0, 7.246568E-15
8630.0, 7.173007E-15
8640.0, 7.100276E-15
8650.0, 7.0283715E-15
8660.0, 6.9572716E-15
8670.0, 6.8869704E-15
8680.0, 6.8174594E-15
8690.0, 6.7487363E-15
8700.0, 6.680776E-15
8710.0, 6.6135786E-15
8720.0, 6.5471327E-15
8730.0, 6.4814343E-15
8740.0, 6.4164643E-15
8750.0, 6.3522177E-15
8760.0, 6.288688E-15
8770.0, 6.2258645E-15
8780.0, 6.1637457E-15
8790.0, 6.102309E-15
8800.0, 6.041555E-15
8810.0, 5.981473E-15
8820.0, 5.922061E-15
8830.0, 5.8633006E-15
8840.0, 5.8051886E-15
8850.0, 5.747717E-15
8860.0, 5.6908836E-15
8870.0, 5.6346703E-15
8880.0, 5.579075E-15
8890.0, 5.5240893E-15
8900.0, 5.469711E-15
8910.0, 5.4159244E-15
8920.0, 5.3627257E-15
8930.0, 5.3101076E-15
8940.0, 5.2580693E-15
8950.0, 5.2065942E-15
8960.0, 5.1556782E-15
8970.0, 5.1053166E-15
8980.0, 5.0555073E-15
8990.0, 5.0062337E-15
9000.0, 4.957495E-15
9010.0, 4.909283E-15
9020.0, 4.8615926E-15
9030.0, 4.8144226E-15
9040.0, 4.7677566E-15
9050.0, 4.721595E-15
9060.0, 4.6759298E-15
9070.0, 4.63076E-15
9080.0, 4.586072E-15
9090.0, 4.5418635E-15
9100.0, 4.4981287E-15
9110.0, 4.454867E-15
9120.0, 4.412064E-15
9130.0, 4.369718E-15
9140.0, 4.3278246E-15
9150.0, 4.2863814E-15
9160.0, 4.2453766E-15
9170.0, 4.2048075E-15
9180.0, 4.1646696E-15
9190.0, 4.1249628E-15
9200.0, 4.0856723E-15
9210.0, 4.0467977E-15
9220.0, 4.0083357E-15
9230.0, 3.9702836E-15
9240.0, 3.9326296E-15
9250.0, 3.8953737E-15
9260.0, 3.8585087E-15
9270.0, 3.822033E-15
9280.0, 3.7859446E-15
9290.0, 3.7502308E-15
9300.0, 3.714893E-15
9310.0, 3.6799245E-15
9320.0, 3.6453257E-15
9330.0, 3.611086E-15
9340.0, 3.577204E-15
9350.0, 3.5436756E-15
9360.0, 3.5105E-15
9370.0, 3.4776663E-15
9380.0, 3.4451748E-15
9390.0, 3.4130208E-15
9400.0, 3.3812037E-15
9410.0, 3.3497133E-15
9420.0, 3.31855E-15
9430.0, 3.2877084E-15
9440.0, 3.2571885E-15
9450.0, 3.2269814E-15
9460.0, 3.1970858E-15
9470.0, 3.167498E-15
9480.0, 3.1382181E-15
9490.0, 3.1092362E-15
9500.0, 3.0805523E-15
9510.0, 3.0521625E-15
9520.0, 3.024064E-15
9530.0, 2.9962556E-15
9540.0, 2.9687296E-15
9550.0, 2.9414843E-15
9560.0, 2.9145173E-15
9570.0, 2.8878284E-15
9580.0, 2.8614084E-15
9590.0, 2.8352575E-15
9600.0, 2.8093724E-15
9610.0, 2.7837524E-15
9620.0, 2.7583901E-15
9630.0, 2.7332851E-15
9640.0, 2.7084344E-15
9650.0, 2.6838366E-15
9660.0, 2.6594855E-15
9670.0, 2.6353804E-15
9680.0, 2.6115182E-15
9690.0, 2.5878983E-15
9700.0, 2.564514E-15
9710.0, 2.5413652E-15
9720.0, 2.518448E-15
9730.0, 2.4957637E-15
9740.0, 2.4733044E-15
9750.0, 2.4510696E-15
9760.0, 2.4290573E-15
9770.0, 2.4072653E-15
9780.0, 2.3856924E-15
9790.0, 2.3643328E-15
9800.0, 2.3431856E-15
9810.0, 2.3222495E-15
9820.0, 2.301523E-15
9830.0, 2.281E-15
9840.0, 2.2606816E-15
9850.0, 2.2405637E-15
9860.0, 2.2206472E-15
9870.0, 2.2009255E-15
9880.0, 2.181399E-15
9890.0, 2.1620652E-15
9900.0, 2.1429237E-15
9910.0, 2.1239694E-15
9920.0, 2.1052007E-15
9930.0, 2.086617E-15
9940.0, 2.0682177E-15
9950.0, 2.0499972E-15
9960.0, 2.0319552E-15
9970.0, 2.0140896E-15
9980.0, 1.9964008E-15
9990.0, 1.9788828E-15
10000.0, 1.961536E-15
10010.0, 1.944358E-15
10020.0, 1.927348E-15
10030.0, 1.910505E-15
10040.0, 1.8938242E-15
10050.0, 1.8773052E-15
10060.0, 1.8609464E-15
10070.0, 1.844748E-15
10080.0, 1.828705E-15
10090.0, 1.812817E-15
10100.0, 1.7970827E-15
10110.0, 1.7815015E-15
10120.0, 1.7660695E-15
10130.0, 1.7507862E-15
10140.0, 1.73565E-15
10150.0, 1.7206608E-15
10160.0, 1.7058141E-15
10170.0, 1.69111E-15
10180.0, 1.6765469E-15
10190.0, 1.6621248E-15
10200.0, 1.6478393E-15
10210.0, 1.6336902E-15
10220.0, 1.6196767E-15
10230.0, 1.6057979E-15
10240.0, 1.5920501E-15
10250.0, 1.5784334E-15
10260.0, 1.5649461E-15
10270.0, 1.5515873E-15
10280.0, 1.5383564E-15
10290.0, 1.5252498E-15
10300.0, 1.5122675E-15
10310.0, 1.4994082E-15
10320.0, 1.4866717E-15
10330.0, 1.4740545E-15
10340.0, 1.461556E-15
10350.0, 1.4491759E-15
10360.0, 1.4369133E-15
10370.0, 1.4247651E-15
10380.0, 1.4127311E-15
10390.0, 1.4008105E-15
10400.0, 1.3890024E-15
10410.0, 1.3773043E-15
10420.0, 1.3657157E-15
10430.0, 1.3542356E-15
10440.0, 1.3428641E-15
10450.0, 1.3315975E-15
10460.0, 1.3204363E-15
10470.0, 1.309379E-15
10480.0, 1.2984258E-15
10490.0, 1.2875736E-15
10500.0, 1.2768222E-15
10510.0, 1.2661709E-15
10520.0, 1.2556182E-15
10530.0, 1.2451644E-15
10540.0, 1.2348065E-15
10550.0, 1.2245443E-15
10560.0, 1.2143774E-15
10570.0, 1.204305E-15
10580.0, 1.1943247E-15
10590.0, 1.1844365E-15
10600.0, 1.1746392E-15
10610.0, 1.1649333E-15
10620.0, 1.1553152E-15
10630.0, 1.1457859E-15
10640.0, 1.1363439E-15
10650.0, 1.1269893E-15
10660.0, 1.1177198E-15
10670.0, 1.1085349E-15
10680.0, 1.0994339E-15
10690.0, 1.0904171E-15
10700.0, 1.0814814E-15
10710.0, 1.0726274E-15
10720.0, 1.0638542E-15
10730.0, 1.0551613E-15
10740.0, 1.046547E-15
10750.0, 1.0380106E-15
10760.0, 1.0295519E-15
10770.0, 1.0211698E-15
10780.0, 1.0128643E-15
10790.0, 1.0046334E-15
10800.0, 9.964768E-16
10810.0, 9.883939E-16
10820.0, 9.803845E-16
10830.0, 9.724469E-16
10840.0, 9.645807E-16
10850.0, 9.567852E-16
10860.0, 9.490606E-16
10870.0, 9.414047E-16
10880.0, 9.338174E-16
10890.0, 9.262982E-16
10900.0, 9.18847E-16
10910.0, 9.114619E-16
10920.0, 9.041429E-16
10930.0, 8.968891E-16
10940.0, 8.897009E-16
10950.0, 8.8257604E-16
10960.0, 8.755146E-16
10970.0, 8.685161E-16
10980.0, 8.615806E-16
10990.0, 8.5470585E-16
11000.0, 8.478922E-16
11010.0, 8.4113913E-16
11020.0, 8.344457E-16
11030.0, 8.278124E-16
11040.0, 8.21237E-16
11050.0, 8.147196E-16
11060.0, 8.0825986E-16
11070.0, 8.0185766E-16
11080.0, 7.955115E-16
11090.0, 7.89221E-16
11100.0, 7.8298593E-16
11110.0, 7.768062E-16
11120.0, 7.7068023E-16
11130.0, 7.646079E-16
11140.0, 7.5858894E-16
11150.0, 7.5262324E-16
11160.0, 7.4670904E-16
11170.0, 7.408467E-16
11180.0, 7.350355E-16
11190.0, 7.292756E-16
11200.0, 7.235653E-16
11210.0, 7.1790484E-16
11220.0, 7.1229367E-16
11230.0, 7.0673173E-16
11240.0, 7.0121765E-16
11250.0, 6.957514E-16
11260.0, 6.903326E-16
11270.0, 6.849607E-16
11280.0, 6.796359E-16
11290.0, 6.743566E-16
11300.0, 6.691229E-16
11310.0, 6.6393455E-16
11320.0, 6.5879126E-16
11330.0, 6.536919E-16
11340.0, 6.486365E-16
11350.0, 6.4362455E-16
11360.0, 6.386561E-16
11370.0, 6.3372993E-16
11380.0, 6.28846E-16
11390.0, 6.2400404E-16
11400.0, 6.19204E-16
11410.0, 6.144444E-16
11420.0, 6.0972576E-16
11430.0, 6.0504733E-16
11440.0, 6.004093E-16
11450.0, 5.958103E-16
11460.0, 5.912507E-16
11470.0, 5.867298E-16
11480.0, 5.822477E-16
11490.0, 5.7780347E-16
11500.0, 5.733968E-16
11510.0, 5.690277E-16
11520.0, 5.646954E-16
11530.0, 5.6040044E-16
11540.0, 5.5614135E-16
11550.0, 5.5191815E-16
11560.0, 5.477309E-16
11570.0, 5.435792E-16
11580.0, 5.394621E-16
11590.0, 5.3537983E-16
11600.0, 5.3133186E-16
11610.0, 5.273183E-16
11620.0, 5.2333814E-16
11630.0, 5.1939144E-16
11640.0, 5.1547773E-16
11650.0, 5.115973E-16
11660.0, 5.07749E-16
11670.0, 5.0393293E-16
11680.0, 5.0014876E-16
11690.0, 4.963965E-16
11700.0, 4.9267523E-16
11710.0, 4.889851E-16
11720.0, 4.8532563E-16
11730.0, 4.81697E-16
11740.0, 4.780982E-16
11750.0, 4.745293E-16
11760.0, 4.7099E-16
11770.0, 4.6748024E-16
11780.0, 4.639998E-16
11790.0, 4.605479E-16
11800.0, 4.571246E-16
11810.0, 4.537295E-16
11820.0, 4.5036287E-16
11830.0, 4.4702365E-16
11840.0, 4.4371212E-16
11850.0, 4.4042775E-16
11860.0, 4.3717078E-16
11870.0, 4.3394025E-16
11880.0, 4.307364E-16
11890.0, 4.2755875E-16
11900.0, 4.2440755E-16
11910.0, 4.2128195E-16
11920.0, 4.1818189E-16
11930.0, 4.1510718E-16
11940.0, 4.12058E-16
11950.0, 4.090334E-16
11960.0, 4.0603355E-16
11970.0, 4.0305811E-16
11980.0, 4.0010726E-16
11990.0, 3.9718013E-16
12000.0, 3.9427684E-16
12010.0, 3.913972E-16
12020.0, 3.8854097E-16
12030.0, 3.8570815E-16
12040.0, 3.8289807E-16
12050.0, 3.801108E-16
12060.0, 3.7734603E-16
12070.0, 3.7460397E-16
12080.0, 3.718838E-16
12090.0, 3.691856E-16
12100.0, 3.665092E-16
12110.0, 3.6385462E-16
12120.0, 3.612212E-16
12130.0, 3.58609E-16
12140.0, 3.5601777E-16
12150.0, 3.5344768E-16
12160.0, 3.5089796E-16
12170.0, 3.4836872E-16
12180.0, 3.4585975E-16
12190.0, 3.4337114E-16
12200.0, 3.409022E-16
12210.0, 3.3845303E-16
12220.0, 3.3602348E-16
12230.0, 3.3361348E-16
12240.0, 3.3122252E-16
12250.0, 3.2885067E-16
12260.0, 3.264977E-16
12270.0, 3.241634E-16
12280.0, 3.2184796E-16
12290.0, 3.1955062E-16
12300.0, 3.172716E-16
12310.0, 3.1501068E-16
12320.0, 3.1276787E-16
12330.0, 3.1054263E-16
12340.0, 3.08335E-16
12350.0, 3.0614484E-16
12360.0, 3.0397217E-16
12370.0, 3.0181645E-16
12380.0, 2.996778E-16
12390.0, 2.9755598E-16
12400.0, 2.9545107E-16
12410.0, 2.9336256E-16
12420.0, 2.9129042E-16
12430.0, 2.892346E-16
12440.0, 2.8719515E-16
12450.0, 2.8517143E-16
12460.0, 2.8316364E-16
12470.0, 2.8117155E-16
12480.0, 2.7919527E-16
12490.0, 2.7723423E-16
12500.0, 2.7528857E-16
12510.0, 2.7335802E-16
12520.0, 2.7144264E-16
12530.0, 2.695423E-16
12540.0, 2.676566E-16
12550.0, 2.6578555E-16
12560.0, 2.6392914E-16
12570.0, 2.6208724E-16
12580.0, 2.6025956E-16
12590.0, 2.58446E-16
12600.0, 2.566465E-16
12610.0, 2.5486112E-16
12620.0, 2.530894E-16
12630.0, 2.5133138E-16
12640.0, 2.4958697E-16
12650.0, 2.4785616E-16
12660.0, 2.461386E-16
12670.0, 2.444342E-16
12680.0, 2.42743E-16
12690.0, 2.4106494E-16
12700.0, 2.3939965E-16
12710.0, 2.377472E-16
12720.0, 2.3610742E-16
12730.0, 2.3448035E-16
12740.0, 2.328656E-16
12750.0, 2.3126324E-16
12760.0, 2.2967314E-16
12770.0, 2.2809525E-16
12780.0, 2.265295E-16
12790.0, 2.2497563E-16
12800.0, 2.234336E-16
12810.0, 2.2190332E-16
12820.0, 2.2038487E-16
12830.0, 2.1887779E-16
12840.0, 2.1738219E-16
12850.0, 2.1589799E-16
12860.0, 2.1442523E-16
12870.0, 2.1296346E-16
12880.0, 2.1151278E-16
12890.0, 2.1007312E-16
12900.0, 2.086445E-16
12910.0, 2.0722654E-16
12920.0, 2.058193E-16
12930.0, 2.0442269E-16
12940.0, 2.0303679E-16
12950.0, 2.016612E-16
12960.0, 2.0029599E-16
12970.0, 1.9894103E-16
12980.0, 1.9759645E-16
12990.0, 1.9626181E-16
13000.0, 1.949372E-16
13010.0, 1.9362256E-16
13020.0, 1.9231777E-16
13030.0, 1.9102291E-16
13040.0, 1.8973763E-16
13050.0, 1.8846196E-16
13060.0, 1.8719584E-16
13070.0, 1.859393E-16
13080.0, 1.8469203E-16
13090.0, 1.8345406E-16
13100.0, 1.8222532E-16
13110.0, 1.8100587E-16
13120.0, 1.797954E-16
13130.0, 1.7859389E-16
13140.0, 1.7740135E-16
13150.0, 1.7621777E-16
13160.0, 1.7504289E-16
13170.0, 1.738767E-16
13180.0, 1.7271918E-16
13190.0, 1.7157032E-16
13200.0, 1.7042986E-16
13210.0, 1.6929786E-16
13220.0, 1.6817418E-16
13230.0, 1.6705894E-16
13240.0, 1.6595182E-16
13250.0, 1.6485287E-16
13260.0, 1.6376201E-16
13270.0, 1.6267919E-16
13280.0, 1.6160442E-16
13290.0, 1.6053748E-16
13300.0, 1.5947834E-16
13310.0, 1.5842703E-16
13320.0, 1.5738349E-16
13330.0, 1.563475E-16
13340.0, 1.5531911E-16
13350.0, 1.5429823E-16
13360.0, 1.5328493E-16
13370.0, 1.5227895E-16
13380.0, 1.5128032E-16
13390.0, 1.5028895E-16
13400.0, 1.4930492E-16
13410.0, 1.4832798E-16
13420.0, 1.4735812E-16
13430.0, 1.4639532E-16
13440.0, 1.4543963E-16
13450.0, 1.4449081E-16
13460.0, 1.4354884E-16
13470.0, 1.4261372E-16
13480.0, 1.4168546E-16
13490.0, 1.4076385E-16
13500.0, 1.398489E-16
13510.0, 1.3894059E-16
13520.0, 1.3803882E-16
13530.0, 1.3714365E-16
13540.0, 1.3625484E-16
13550.0, 1.3537247E-16
13560.0, 1.3449647E-16
13570.0, 1.3362682E-16
13580.0, 1.3276338E-16
13590.0, 1.3190612E-16
13600.0, 1.3105504E-16
13610.0, 1.3021014E-16
13620.0, 1.2937122E-16
13630.0, 1.2853835E-16
13640.0, 1.277114E-16
13650.0, 1.2689047E-16
13660.0, 1.2607534E-16
13670.0, 1.2526603E-16
13680.0, 1.244625E-16
13690.0, 1.2366479E-16
13700.0, 1.2287268E-16
13710.0, 1.2208622E-16
13720.0, 1.2130535E-16
13730.0, 1.2053015E-16
13740.0, 1.1976035E-16
13750.0, 1.1899605E-16
13760.0, 1.1823716E-16
13770.0, 1.1748367E-16
13780.0, 1.1673555E-16
13790.0, 1.1599273E-16
13800.0, 1.1525514E-16
13810.0, 1.1452275E-16
13820.0, 1.1379562E-16
13830.0, 1.1307358E-16
13840.0, 1.123566E-16
13850.0, 1.1164471E-16
13860.0, 1.109379E-16
13870.0, 1.10236004E-16
13880.0, 1.0953905E-16
13890.0, 1.0884699E-16
13900.0, 1.08159854E-16
13910.0, 1.07477516E-16
13920.0, 1.0679992E-16
13930.0, 1.0612712E-16
13940.0, 1.0545909E-16
13950.0, 1.0479566E-16
13960.0, 1.0413689E-16
13970.0, 1.0348273E-16
13980.0, 1.02833195E-16
13990.0, 1.0218813E-16
14000.0, 1.0154758E-16
14010.0, 1.00911495E-16
14020.0, 1.0027984E-16
14030.0, 9.965264E-17
14040.0, 9.902976E-17
14050.0, 9.841122E-17
14060.0, 9.779695E-17
14070.0, 9.7187025E-17
14080.0, 9.658127E-17
14090.0, 9.5979725E-17
14100.0, 9.538234E-17
14110.0, 9.478916E-17
14120.0, 9.420001E-17
14130.0, 9.3614955E-17
14140.0, 9.3033937E-17
14150.0, 9.2456975E-17
14160.0, 9.1883964E-17
14170.0, 9.131489E-17
14180.0, 9.074974E-17
14190.0, 9.0188535E-17
14200.0, 8.9631134E-17
14210.0, 8.907758E-17
14220.0, 8.852782E-17
14230.0, 8.798189E-17
14240.0, 8.743966E-17
14250.0, 8.690114E-17
14260.0, 8.636632E-17
14270.0, 8.583515E-17
14280.0, 8.530767E-17
14290.0, 8.4783756E-17
14300.0, 8.4263427E-17
14310.0, 8.374664E-17
14320.0, 8.3233434E-17
14330.0, 8.272367E-17
14340.0, 8.22174E-17
14350.0, 8.1714565E-17
14360.0, 8.12152E-17
14370.0, 8.071918E-17
14380.0, 8.022654E-17
14390.0, 7.973723E-17
14400.0, 7.925131E-17
14410.0, 7.876862E-17
14420.0, 7.828922E-17
14430.0, 7.781306E-17
14440.0, 7.7340156E-17
14450.0, 7.687041E-17
14460.0, 7.640385E-17
14470.0, 7.594044E-17
14480.0, 7.5480204E-17
14490.0, 7.5023025E-17
14500.0, 7.456892E-17
14510.0, 7.411787E-17
14520.0, 7.3669877E-17
14530.0, 7.3224926E-17
14540.0, 7.278292E-17
14550.0, 7.234389E-17
14560.0, 7.190781E-17
14570.0, 7.147469E-17
14580.0, 7.104444E-17
14590.0, 7.0617064E-17
14600.0, 7.0192555E-17
14610.0, 6.9770924E-17
14620.0, 6.935207E-17
14630.0, 6.8936015E-17
14640.0, 6.8522735E-17
14650.0, 6.8112255E-17
14660.0, 6.7704475E-17
14670.0, 6.729941E-17
14680.0, 6.6897034E-17
14690.0, 6.649738E-17
14700.0, 6.610036E-17
14710.0, 6.570596E-17
14720.0, 6.5314175E-17
14730.0, 6.4925036E-17
14740.0, 6.453844E-17
14750.0, 6.41544E-17
14760.0, 6.377292E-17
14770.0, 6.3393944E-17
14780.0, 6.301752E-17
14790.0, 6.264356E-17
14800.0, 6.227205E-17
14810.0, 6.1903E-17
14820.0, 6.153641E-17
14830.0, 6.11722E-17
14840.0, 6.081041E-17
14850.0, 6.045098E-17
14860.0, 6.0093963E-17
14870.0, 5.973925E-17
14880.0, 5.938687E-17
14890.0, 5.90368E-17
14900.0, 5.868906E-17
14910.0, 5.8343576E-17
14920.0, 5.800035E-17
14930.0, 5.7659366E-17
14940.0, 5.7320645E-17
14950.0, 5.6984115E-17
14960.0, 5.664978E-17
14970.0, 5.631763E-17
14980.0, 5.598768E-17
14990.0, 5.565983E-17
15000.0, 5.5334148E-17
15010.0, 5.5010568E-17
15020.0, 5.4689093E-17
15030.0, 5.4369748E-17
15040.0, 5.405244E-17
15050.0, 5.3737193E-17
15060.0, 5.3423996E-17
15070.0, 5.3112867E-17
15080.0, 5.2803713E-17
15090.0, 5.2496568E-17
15100.0, 5.219141E-17
15110.0, 5.1888256E-17
15120.0, 5.1587026E-17
15130.0, 5.128775E-17
15140.0, 5.0990404E-17
15150.0, 5.0695008E-17
15160.0, 5.0401485E-17
15170.0, 5.0109857E-17
15180.0, 4.98201E-17
15190.0, 4.9532234E-17
15200.0, 4.9246194E-17
15210.0, 4.8962005E-17
15220.0, 4.8679622E-17
15230.0, 4.8399092E-17
15240.0, 4.8120332E-17
15250.0, 4.7843352E-17
15260.0, 4.7568156E-17
15270.0, 4.7294717E-17
15280.0, 4.702305E-17
15290.0, 4.6753095E-17
15300.0, 4.648487E-17
15310.0, 4.6218353E-17
15320.0, 4.5953566E-17
15330.0, 4.5690433E-17
15340.0, 4.5428988E-17
15350.0, 4.5169207E-17
15360.0, 4.4911093E-17
15370.0, 4.4654608E-17
15380.0, 4.439975E-17
15390.0, 4.4146507E-17
15400.0, 4.3894895E-17
15410.0, 4.364485E-17
15420.0, 4.3396406E-17
15430.0, 4.314953E-17
15440.0, 4.2904234E-17
15450.0, 4.266047E-17
15460.0, 4.241825E-17
15470.0, 4.217756E-17
15480.0, 4.193841E-17
15490.0, 4.1700746E-17
15500.0, 4.146458E-17
15510.0, 4.1229908E-17
15520.0, 4.0996716E-17
15530.0, 4.0765002E-17
15540.0, 4.0534735E-17
15550.0, 4.030591E-17
15560.0, 4.0078525E-17
15570.0, 3.9852592E-17
15580.0, 3.9628046E-17
15590.0, 3.9404912E-17
15600.0, 3.9183182E-17
15610.0, 3.8962854E-17
15620.0, 3.8743893E-17
15630.0, 3.8526288E-17
15640.0, 3.8310053E-17
15650.0, 3.8095188E-17
15660.0, 3.7881646E-17
15670.0, 3.7669428E-17
15680.0, 3.7458543E-17
15690.0, 3.724899E-17
15700.0, 3.704071E-17
15710.0, 3.683374E-17
15720.0, 3.662805E-17
15730.0, 3.642366E-17
15740.0, 3.6220522E-17
15750.0, 3.601864E-17
15760.0, 3.5818016E-17
15770.0, 3.5618635E-17
15780.0, 3.54205E-17
15790.0, 3.522358E-17
15800.0, 3.502788E-17
15810.0, 3.4833386E-17
15820.0, 3.4640117E-17
15830.0, 3.4448016E-17
15840.0, 3.4257103E-17
15850.0, 3.406737E-17
15860.0, 3.3878823E-17
15870.0, 3.369142E-17
15880.0, 3.350517E-17
15890.0, 3.332007E-17
15900.0, 3.313612E-17
15910.0, 3.2953284E-17
15920.0, 3.2771572E-17
15930.0, 3.2590976E-17
15940.0, 3.2411504E-17
15950.0, 3.2233114E-17
15960.0, 3.2055816E-17
15970.0, 3.1879604E-17
15980.0, 3.1704486E-17
15990.0, 3.1530428E-17
16000.0, 3.1357424E-17
16010.0, 3.1185483E-17
16020.0, 3.1014588E-17
16030.0, 3.0844738E-17
16040.0, 3.0675924E-17
16050.0, 3.0508165E-17
16060.0, 3.03414E-17
16070.0, 3.0175648E-17
16080.0, 3.0010903E-17
16090.0, 2.9847158E-17
16100.0, 2.9684412E-17
16110.0, 2.9522652E-17
16120.0, 2.936187E-17
16130.0, 2.9202096E-17
16140.0, 2.9043258E-17
16150.0, 2.888538E-17
16160.0, 2.872846E-17
16170.0, 2.857249E-17
16180.0, 2.8417456E-17
16190.0, 2.8263362E-17
16200.0, 2.81102E-17
16210.0, 2.795799E-17
16220.0, 2.7806666E-17
16230.0, 2.7656254E-17
16240.0, 2.7506751E-17
16250.0, 0.0
16260.0, 0.0
16270.0, 0.0
16280.0, 0.0
16290.0, 0.0
16300.0, 0.0
16310.0, 0.0
16320.0, 0.0
16330.0, 0.0
16340.0, 0.0
16350.0, 0.0
16360.0, 0.0
16370.0, 0.0
16380.0, 0.0
16390.0, 0.0
16400.0, 0.0
16410.0, 0.0
16420.0, 0.0
16430.0, 0.0
16440.0, 0.0
16450.0, 0.0
16460.0, 0.0
16470.0, 0.0
16480.0, 0.0
16490.0, 0.0
16500.0, 0.0
16510.0, 0.0
16520.0, 0.0
16530.0, 0.0
16540.0, 0.0
16550.0, 0.0
16560.0, 0.0
16570.0, 0.0
16580.0, 0.0
16590.0, 0.0
16600.0, 0.0
16610.0, 0.0
16620.0, 0.0
16630.0, 0.0
16640.0, 0.0
16650.0, 0.0
16660.0, 0.0
16670.0, 0.0
16680.0, 0.0
16690.0, 0.0
16700.0, 0.0
16710.0, 0.0
16720.0, 0.0
16730.0, 0.0
16740.0, 0.0
16750.0, 0.0
16760.0, 0.0
16770.0, 0.0
16780.0, 0.0
16790.0, 0.0
16800.0, 0.0
16810.0, 0.0
16820.0, 0.0
16830.0, 0.0
16840.0, 0.0
16850.0, 0.0
16860.0, 0.0
16870.0, 0.0
16880.0, 0.0
16890.0, 0.0
16900.0, 0.0
16910.0, 0.0
16920.0, 0.0
16930.0, 0.0
16940.0, 0.0
16950.0, 0.0
16960.0, 0.0
16970.0, 0.0
16980.0, 0.0
16990.0, 0.0
17000.0, 0.0
17010.0, 0.0
17020.0, 0.0
17030.0, 0.0
17040.0, 0.0
17050.0, 0.0
17060.0, 0.0
17070.0, 0.0
17080.0, 0.0
17090.0, 0.0
17100.0, 0.0
17110.0, 0.0
17120.0, 0.0
17130.0, 0.0
17140.0, 0.0
17150.0, 0.0
17160.0, 0.0
17170.0, 0.0
17180.0, 0.0
17190.0, 0.0
17200.0, 0.0
17210.0, 0.0
17220.0, 0.0
17230.0, 0.0
17240.0, 0.0
17250.0, 0.0
17260.0, 0.0
17270.0, 0.0
17280.0, 0.0
17290.0, 0.0
17300.0, 0.0
17310.0, 0.0
17320.0, 0.0
17330.0, 0.0
17340.0, 0.0
17350.0, 0.0
17360.0, 0.0
17370.0, 0.0
17380.0, 0.0
17390.0, 0.0
17400.0, 0.0
17410.0, 0.0
17420.0, 0.0
17430.0, 0.0
17440.0, 0.0
17450.0, 0.0
17460.0, 0.0
17470.0, 0.0
17480.0, 0.0
17490.0, 0.0
17500.0, 0.0
17510.0, 0.0
17520.0, 0.0
17530.0, 0.0
17540.0, 0.0
17550.0, 0.0
17560.0, 0.0
17570.0, 0.0
17580.0, 0.0
17590.0, 0.0
17600.0, 0.0
17610.0, 0.0
17620.0, 0.0
17630.0, 0.0
17640.0, 0.0
17650.0, 0.0
17660.0, 0.0
17670.0, 0.0
17680.0, 0.0
17690.0, 0.0
17700.0, 0.0
17710.0, 0.0
17720.0, 0.0
17730.0, 0.0
17740.0, 0.0
17750.0, 0.0
17760.0, 0.0
17770.0, 0.0
17780.0, 0.0
17790.0, 0.0
17800.0, 0.0
17810.0, 0.0
17820.0, 0.0
17830.0, 0.0
17840.0, 0.0
17850.0, 0.0
17860.0, 0.0
17870.0, 0.0
17880.0, 0.0
17890.0, 0.0
17900.0, 0.0
17910.0, 0.0
17920.0, 0.0
17930.0, 0.0
17940.0, 0.0
17950.0, 0.0
17960.0, 0.0
17970.0, 0.0
17980.0, 0.0
17990.0, 0.0
18000.0, 0.0
18010.0, 0.0
18020.0, 0.0
18030.0, 0.0
18040.0, 0.0
18050.0, 0.0
18060.0, 0.0
18070.0, 0.0
18080.0, 0.0
18090.0, 0.0
18100.0, 0.0
18110.0, 0.0
18120.0, 0.0
18130.0, 0.0
18140.0, 0.0
18150.0, 0.0
18160.0, 0.0
18170.0, 0.0
18180.0, 0.0
18190.0, 0.0
18200.0, 0.0
18210.0, 0.0
18220.0, 0.0
18230.0, 0.0
18240.0, 0.0
18250.0, 0.0
18260.0, 0.0
18270.0, 0.0
18280.0, 0.0
18290.0, 0.0
18300.0, 0.0
18310.0, 0.0
18320.0, 0.0
18330.0, 0.0
18340.0, 0.0
18350.0, 0.0
18360.0, 0.0
18370.0, 0.0
18380.0, 0.0
18390.0, 0.0
18400.0, 0.0
18410.0, 0.0
18420.0, 0.0
18430.0, 0.0
18440.0, 0.0
18450.0, 0.0
18460.0, 0.0
18470.0, 0.0
18480.0, 0.0
18490.0, 0.0
18500.0, 0.0
18510.0, 0.0
18520.0, 0.0
18530.0, 0.0
18540.0, 0.0
18550.0, 0.0
18560.0, 0.0
18570.0, 0.0
18580.0, 0.0
18590.0, 0.0
18600.0, 0.0
18610.0, 0.0
18620.0, 0.0
18630.0, 0.0
18640.0, 0.0
18650.0, 0.0
18660.0, 0.0
18670.0, 0.0
18680.0, 0.0
18690.0, 0.0
18700.0, 0.0
18710.0, 0.0
18720.0, 0.0
18730.0, 0.0
18740.0, 0.0
18750.0, 0.0
18760.0, 0.0
18770.0, 0.0
18780.0, 0.0
18790.0, 0.0
18800.0, 0.0
18810.0, 0.0
18820.0, 0.0
18830.0, 0.0
18840.0, 0.0
18850.0, 0.0
18860.0, 0.0
18870.0, 0.0
18880.0, 0.0
18890.0, 0.0
18900.0, 0.0
18910.0, 0.0
18920.0, 0.0
18930.0, 0.0
18940.0, 0.0
18950.0, 0.0
18960.0, 0.0
18970.0, 0.0
18980.0, 0.0
18990.0, 0.0
19000.0, 0.0
19010.0, 0.0
19020.0, 0.0
19030.0, 0.0
19040.0, 0.0
19050.0, 0.0
19060.0, 0.0
19070.0, 0.0
19080.0, 0.0
19090.0, 0.0
19100.0, 0.0
19110.0, 0.0
19120.0, 0.0
19130.0, 0.0
19140.0, 0.0
19150.0, 0.0
19160.0, 0.0
19170.0, 0.0
19180.0, 0.0
19190.0, 0.0
19200.0, 0.0
19210.0, 0.0
19220.0, 0.0
19230.0, 0.0
19240.0, 0.0
19250.0, 0.0
19260.0, 0.0
19270.0, 0.0
19280.0, 0.0
19290.0, 0.0
19300.0, 0.0
19310.0, 0.0
19320.0, 0.0
19330.0, 0.0
19340.0, 0.0
19350.0, 0.0
19360.0, 0.0
19370.0, 0.0
19380.0, 0.0
19390.0, 0.0
19400.0, 0.0
19410.0, 0.0
19420.0, 0.0
19430.0, 0.0
19440.0, 0.0
19450.0, 0.0
19460.0, 0.0
19470.0, 0.0
19480.0, 0.0
19490.0, 0.0
19500.0, 0.0
19510.0, 0.0
19520.0, 0.0
19530.0, 0.0
19540.0, 0.0
19550.0, 0.0
19560.0, 0.0
19570.0, 0.0
19580.0, 0.0
19590.0, 0.0
19600.0, 0.0
19610.0, 0.0
19620.0, 0.0
19630.0, 0.0
19640.0, 0.0
19650.0, 0.0
19660.0, 0.0
19670.0, 0.0
19680.0, 0.0
19690.0, 0.0
19700.0, 0.0
19710.0, 0.0
19720.0, 0.0
19730.0, 0.0
19740.0, 0.0
19750.0, 0.0
19760.0, 0.0
19770.0, 0.0
19780.0, 0.0
19790.0, 0.0
19800.0, 0.0
19810.0, 0.0
19820.0, 0.0
19830.0, 0.0
19840.0, 0.0
19850.0, 0.0
19860.0, 0.0
19870.0, 0.0
19880.0, 0.0
19890.0, 0.0
19900.0, 0.0
19910.0, 0.0
19920.0, 0.0
19930.0, 0.0
19940.0, 0.0
19950.0, 0.0
19960.0, 0.0
19970.0, 0.0
19980.0, 0.0
19990.0, 0.0
20000.0, 0.0
20010.0, 0.0
20020.0, 0.0
20030.0, 0.0
20040.0, 0.0
20050.0, 0.0
20060.0, 0.0
20070.0, 0.0
20080.0, 0.0
20090.0, 0.0
20100.0, 0.0
20110.0, 0.0
20120.0, 0.0
20130.0, 0.0
20140.0, 0.0
20150.0, 0.0
20160.0, 0.0
20170.0, 0.0
20180.0, 0.0
20190.0, 0.0
20200.0, 0.0
20210.0, 0.0
20220.0, 0.0
20230.0, 0.0
20240.0, 0.0
20250.0, 0.0
20260.0, 0.0
20270.0, 0.0
20280.0, 0.0
20290.0, 0.0
20300.0, 0.0
20310.0, 0.0
20320.0, 0.0
20330.0, 0.0
20340.0, 0.0
20350.0, 0.0
20360.0, 0.0
20370.0, 0.0
20380.0, 0.0
20390.0, 0.0
20400.0, 0.0
20410.0, 0.0
20420.0, 0.0
20430.0, 0.0
20440.0, 0.0
20450.0, 0.0
20460.0, 0.0
20470.0, 0.0
20480.0, 0.0
20490.0, 0.0
20500.0, 0.0
20510.0, 0.0
20520.0, 0.0
20530.0, 0.0
20540.0, 0.0
20550.0, 0.0
20560.0, 0.0
20570.0, 0.0
20580.0, 0.0
20590.0, 0.0
20600.0, 0.0
20610.0, 0.0
20620.0, 0.0
20630.0, 0.0
20640.0, 0.0
20650.0, 0.0
20660.0, 0.0
20670.0, 0.0
20680.0, 0.0
20690.0, 0.0
20700.0, 0.0
20710.0, 0.0
20720.0, 0.0
20730.0, 0.0
20740.0, 0.0
20750.0, 0.0
20760.0, 0.0
20770.0, 0.0
20780.0, 0.0
20790.0, 0.0
20800.0, 0.0
20810.0, 0.0
20820.0, 0.0
20830.0, 0.0
20840.0, 0.0
20850.0, 0.0
20860.0, 0.0
20870.0, 0.0
20880.0, 0.0
20890.0, 0.0
20900.0, 0.0
20910.0, 0.0
20920.0, 0.0
20930.0, 0.0
20940.0, 0.0
20950.0, 0.0
20960.0, 0.0
20970.0, 0.0
20980.0, 0.0
20990.0, 0.0
21000.0, 0.0
21010.0, 0.0
21020.0, 0.0
21030.0, 0.0
21040.0, 0.0
21050.0, 0.0
21060.0, 0.0
21070.0, 0.0
21080.0, 0.0
21090.0, 0.0
21100.0, 0.0
21110.0, 0.0
21120.0, 0.0
21130.0, 0.0
21140.0, 0.0
21150.0, 0.0
21160.0, 0.0
21170.0, 0.0
21180.0, 0.0
21190.0, 0.0
21200.0, 0.0
21210.0, 0.0
21220.0, 0.0
21230.0, 0.0
21240.0, 0.0
21250.0, 0.0
21260.0, 0.0
21270.0, 0.0
21280.0, 0.0
21290.0, 0.0
21300.0, 0.0
21310.0, 0.0
21320.0, 0.0
21330.0, 0.0
21340.0, 0.0
21350.0, 0.0
21360.0, 0.0
21370.0, 0.0
21380.0, 0.0
21390.0, 0.0
21400.0, 0.0
21410.0, 0.0
21420.0, 0.0
21430.0, 0.0
21440.0, 0.0
21450.0, 0.0
21460.0, 0.0
21470.0, 0.0
21480.0, 0.0
21490.0, 0.0
21500.0, 0.0
21510.0, 0.0
21520.0, 0.0
21530.0, 0.0
21540.0, 0.0
21550.0, 0.0
21560.0, 0.0
21570.0, 0.0
21580.0, 0.0
21590.0, 0.0
21600.0, 0.0
21610.0, 0.0
21620.0, 0.0
21630.0, 0.0
21640.0, 0.0
21650.0, 0.0
21660.0, 0.0
21670.0, 0.0
21680.0, 0.0
21690.0, 0.0
21700.0, 0.0
21710.0, 0.0
21720.0, 0.0
21730.0, 0.0
21740.0, 0.0
21750.0, 0.0
21760.0, 0.0
21770.0, 0.0
21780.0, 0.0
21790.0, 0.0
21800.0, 0.0
21810.0, 0.0
21820.0, 0.0
21830.0, 0.0
21840.0, 0.0
21850.0, 0.0
21860.0, 0.0
21870.0, 0.0
21880.0, 0.0
21890.0, 0.0
21900.0, 0.0
21910.0, 0.0
21920.0, 0.0
21930.0, 0.0
21940.0, 0.0
21950.0, 0.0
21960.0, 0.0
21970.0, 0.0
21980.0, 0.0
21990.0, 0.0
22000.0, 0.0
22010.0, 0.0
22020.0, 0.0
22030.0, 0.0
22040.0, 0.0
22050.0, 0.0
22060.0, 0.0
22070.0, 0.0
22080.0, 0.0
22090.0, 0.0
22100.0, 0.0
22110.0, 0.0
22120.0, 0.0
22130.0, 0.0
22140.0, 0.0
22150.0, 0.0
22160.0, 0.0
22170.0, 0.0
22180.0, 0.0
22190.0, 0.0
22200.0, 0.0
22210.0, 0.0
22220.0, 0.0
22230.0, 0.0
22240.0, 0.0
22250.0, 0.0
22260.0, 0.0
22270.0, 0.0
22280.0, 0.0
22290.0, 0.0
22300.0, 0.0
22310.0, 0.0
22320.0, 0.0
22330.0, 0.0
22340.0, 0.0
22350.0, 0.0
22360.0, 0.0
22370.0, 0.0
22380.0, 0.0
22390.0, 0.0
22400.0, 0.0
22410.0, 0.0
22420.0, 0.0
22430.0, 0.0
22440.0, 0.0
22450.0, 0.0
22460.0, 0.0
22470.0, 0.0
22480.0, 0.0
22490.0, 0.0
22500.0, 0.0
22510.0, 0.0
22520.0, 0.0
22530.0, 0.0
22540.0, 0.0
22550.0, 0.0
22560.0, 0.0
22570.0, 0.0
22580.0, 0.0
22590.0, 0.0
22600.0, 0.0
22610.0, 0.0
22620.0, 0.0
22630.0, 0.0
22640.0, 0.0
22650.0, 0.0
22660.0, 0.0
22670.0, 0.0
22680.0, 0.0
22690.0, 0.0
22700.0, 0.0
22710.0, 0.0
22720.0, 0.0
22730.0, 0.0
22740.0, 0.0
22750.0, 0.0
22760.0, 0.0
22770.0, 0.0
22780.0, 0.0
22790.0, 0.0
22800.0, 0.0
22810.0, 0.0
22820.0, 0.0
22830.0, 0.0
22840.0, 0.0
22850.0, 0.0
22860.0, 0.0
22870.0, 0.0
22880.0, 0.0
22890.0, 0.0
22900.0, 0.0
22910.0, 0.0
22920.0, 0.0
22930.0, 0.0
22940.0, 0.0
22950.0, 0.0
22960.0, 0.0
22970.0, 0.0
22980.0, 0.0
22990.0, 0.0
23000.0, 0.0
23010.0, 0.0
23020.0, 0.0
23030.0, 0.0
23040.0, 0.0
23050.0, 0.0
23060.0, 0.0
23070.0, 0.0
23080.0, 0.0
23090.0, 0.0
23100.0, 0.0
23110.0, 0.0
23120.0, 0.0
23130.0, 0.0
23140.0, 0.0
23150.0, 0.0
23160.0, 0.0
23170.0, 0.0
23180.0, 0.0
23190.0, 0.0
23200.0, 0.0
23210.0, 0.0
23220.0, 0.0
23230.0, 0.0
23240.0, 0.0
23250.0, 0.0
23260.0, 0.0
23270.0, 0.0
23280.0, 0.0
23290.0, 0.0
23300.0, 0.0
23310.0, 0.0
23320.0, 0.0
23330.0, 0.0
23340.0, 0.0
23350.0, 0.0
23360.0, 0.0
23370.0, 0.0
23380.0, 0.0
23390.0, 0.0
23400.0, 0.0
23410.0, 0.0
23420.0, 0.0
23430.0, 0.0
23440.0, 0.0
23450.0, 0.0
23460.0, 0.0
23470.0, 0.0
23480.0, 0.0
23490.0, 0.0
23500.0, 0.0
23510.0, 0.0
23520.0, 0.0
23530.0, 0.0
23540.0, 0.0
23550.0, 0.0
23560.0, 0.0
23570.0, 0.0
23580.0, 0.0
23590.0, 0.0
23600.0, 0.0
23610.0, 0.0
23620.0, 0.0
23630.0, 0.0
23640.0, 0.0
23650.0, 0.0
23660.0, 0.0
23670.0, 0.0
23680.0, 0.0
23690.0, 0.0
23700.0, 0.0
23710.0, 0.0
23720.0, 0.0
23730.0, 0.0
23740.0, 0.0
23750.0, 0.0
23760.0, 0.0
23770.0, 0.0
23780.0, 0.0
23790.0, 0.0
23800.0, 0.0
23810.0, 0.0
23820.0, 0.0
23830.0, 0.0
23840.0, 0.0
23850.0, 0.0
23860.0, 0.0
23870.0, 0.0
23880.0, 0.0
23890.0, 0.0
23900.0, 0.0
23910.0, 0.0
23920.0, 0.0
23930.0, 0.0
23940.0, 0.0
23950.0, 0.0
23960.0, 0.0
23970.0, 0.0
23980.0, 0.0
23990.0, 0.0
24000.0, 0.0
24010.0, 0.0
24020.0, 0.0
24030.0, 0.0
24040.0, 0.0
24050.0, 0.0
24060.0, 0.0
24070.0, 0.0
24080.0, 0.0
24090.0, 0.0
24100.0, 0.0
24110.0, 0.0
24120.0, 0.0
24130.0, 0.0
24140.0, 0.0
24150.0, 0.0
24160.0, 0.0
24170.0, 0.0
24180.0, 0.0
24190.0, 0.0
24200.0, 0.0
24210.0, 0.0
24220.0, 0.0
24230.0, 0.0
24240.0, 0.0
24250.0, 0.0
24260.0, 0.0
24270.0, 0.0
24280.0, 0.0
24290.0, 0.0
24300.0, 0.0
24310.0, 0.0
24320.0, 0.0
24330.0, 0.0
24340.0, 0.0
24350.0, 0.0
24360.0, 0.0
24370.0, 0.0
24380.0, 0.0
24390.0, 0.0
24400.0, 0.0
24410.0, 0.0
24420.0, 0.0
24430.0, 0.0
24440.0, 0.0
24450.0, 0.0
24460.0, 0.0
24470.0, 0.0
24480.0, 0.0
24490.0, 0.0
24500.0, 0.0
24510.0, 0.0
24520.0, 0.0
24530.0, 0.0
24540.0, 0.0
24550.0, 0.0
24560.0, 0.0
24570.0, 0.0
24580.0, 0.0
24590.0, 0.0
24600.0, 0.0
24610.0, 0.0
24620.0, 0.0
24630.0, 0.0
24640.0, 0.0
24650.0, 0.0
24660.0, 0.0
24670.0, 0.0
24680.0, 0.0
24690.0, 0.0
24700.0, 0.0
24710.0, 0.0
24720.0, 0.0
24730.0, 0.0
24740.0, 0.0
24750.0, 0.0
24760.0, 0.0
24770.0, 0.0
24780.0, 0.0
24790.0, 0.0
24800.0, 0.0
24810.0, 0.0
24820.0, 0.0
24830.0, 0.0
24840.0, 0.0
24850.0, 0.0
24860.0, 0.0
24870.0, 0.0
24880.0, 0.0
24890.0, 0.0
24900.0, 0.0
24910.0, 0.0
24920.0, 0.0
24930.0, 0.0
24940.0, 0.0
24950.0, 0.0
24960.0, 0.0
24970.0, 0.0
24980.0, 0.0
24990.0, 0.0
25000.0, 0.0
25010.0, 0.0
25020.0, 0.0
25030.0, 0.0
25040.0, 0.0
25050.0, 0.0
25060.0, 0.0
25070.0, 0.0
25080.0, 0.0
25090.0, 0.0
25100.0, 0.0
25110.0, 0.0
25120.0, 0.0
25130.0, 0.0
25140.0, 0.0
25150.0, 0.0
25160.0, 0.0
25170.0, 0.0
25180.0, 0.0
25190.0, 0.0
25200.0, 0.0
25210.0, 0.0
25220.0, 0.0
25230.0, 0.0
25240.0, 0.0
25250.0, 0.0
25260.0, 0.0
25270.0, 0.0
25280.0, 0.0
25290.0, 0.0
25300.0, 0.0
25310.0, 0.0
25320.0, 0.0
25330.0, 0.0
25340.0, 0.0
25350.0, 0.0
25360.0, 0.0
25370.0, 0.0
25380.0, 0.0
25390.0, 0.0
25400.0, 0.0
25410.0, 0.0
25420.0, 0.0
25430.0, 0.0
25440.0, 0.0
25450.0, 0.0
25460.0, 0.0
25470.0, 0.0
25480.0, 0.0
25490.0, 0.0
25500.0, 0.0
25510.0, 0.0
25520.0, 0.0
25530.0, 0.0
25540.0, 0.0
25550.0, 0.0
25560.0, 0.0
25570.0, 0.0
25580.0, 0.0
25590.0, 0.0
25600.0, 0.0
25610.0, 0.0
25620.0, 0.0
25630.0, 0.0
25640.0, 0.0
25650.0, 0.0
25660.0, 0.0
25670.0, 0.0
25680.0, 0.0
25690.0, 0.0
25700.0, 0.0
25710.0, 0.0
25720.0, 0.0
25730.0, 0.0
25740.0, 0.0
25750.0, 0.0
25760.0, 0.0
25770.0, 0.0
25780.0, 0.0
25790.0, 0.0
25800.0, 0.0
25810.0, 0.0
25820.0, 0.0
25830.0, 0.0
25840.0, 0.0
25850.0, 0.0
25860.0, 0.0
25870.0, 0.0
25880.0, 0.0
25890.0, 0.0
25900.0, 0.0
25910.0, 0.0
25920.0, 0.0
25930.0, 0.0
25940.0, 0.0
25950.0, 0.0
25960.0, 0.0
25970.0, 0.0
25980.0, 0.0
25990.0, 0.0
26000.0, 0.0
26010.0, 0.0
26020.0, 0.0
26030.0, 0.0
26040.0, 0.0
26050.0, 0.0
26060.0, 0.0
26070.0, 0.0
26080.0, 0.0
26090.0, 0.0
26100.0, 0.0
26110.0, 0.0
26120.0, 0.0
26130.0, 0.0
26140.0, 0.0
26150.0, 0.0
26160.0, 0.0
26170.0, 0.0
26180.0, 0.0
26190.0, 0.0
26200.0, 0.0
26210.0, 0.0
26220.0, 0.0
26230.0, 0.0
26240.0, 0.0
26250.0, 0.0
26260.0, 0.0
26270.0, 0.0
26280.0, 0.0
26290.0, 0.0
26300.0, 0.0
26310.0, 0.0
26320.0, 0.0
26330.0, 0.0
26340.0, 0.0
26350.0, 0.0
26360.0, 0.0
26370.0, 0.0
26380.0, 0.0
26390.0, 0.0
26400.0, 0.0
26410.0, 0.0
26420.0, 0.0
26430.0, 0.0
26440.0, 0.0
26450.0, 0.0
26460.0, 0.0
26470.0, 0.0
26480.0, 0.0
26490.0, 0.0
26500.0, 0.0
26510.0, 0.0
26520.0, 0.0
26530.0, 0.0
26540.0, 0.0
26550.0, 0.0
26560.0, 0.0
26570.0, 0.0
26580.0, 0.0
26590.0, 0.0
26600.0, 0.0
26610.0, 0.0
26620.0, 0.0
26630.0, 0.0
26640.0, 0.0
26650.0, 0.0
26660.0, 0.0
26670.0, 0.0
26680.0, 0.0
26690.0, 0.0
26700.0, 0.0
26710.0, 0.0
26720.0, 0.0
26730.0, 0.0
26740.0, 0.0
26750.0, 0.0
26760.0, 0.0
26770.0, 0.0
26780.0, 0.0
26790.0, 0.0
26800.0, 0.0
26810.0, 0.0
26820.0, 0.0
26830.0, 0.0
26840.0, 0.0
26850.0, 0.0
26860.0, 0.0
26870.0, 0.0
26880.0, 0.0
26890.0, 0.0
26900.0, 0.0
26910.0, 0.0
26920.0, 0.0
26930.0, 0.0
26940.0, 0.0
26950.0, 0.0
26960.0, 0.0
26970.0, 0.0
26980.0, 0.0
26990.0, 0.0
27000.0, 0.0
27010.0, 0.0
27020.0, 0.0
27030.0, 0.0
27040.0, 0.0
27050.0, 0.0
27060.0, 0.0
27070.0, 0.0
27080.0, 0.0
27090.0, 0.0
27100.0, 0.0
27110.0, 0.0
27120.0, 0.0
27130.0, 0.0
27140.0, 0.0
27150.0, 0.0
27160.0, 0.0
27170.0, 0.0
27180.0, 0.0
27190.0, 0.0
27200.0, 0.0
27210.0, 0.0
27220.0, 0.0
27230.0, 0.0
27240.0, 0.0
27250.0, 0.0
27260.0, 0.0
27270.0, 0.0
27280.0, 0.0
27290.0, 0.0
27300.0, 0.0
27310.0, 0.0
27320.0, 0.0
27330.0, 0.0
27340.0, 0.0
27350.0, 0.0
27360.0, 0.0
27370.0, 0.0
27380.0, 0.0
27390.0, 0.0
27400.0, 0.0
27410.0, 0.0
27420.0, 0.0
27430.0, 0.0
27440.0, 0.0
27450.0, 0.0
27460.0, 0.0
27470.0, 0.0
27480.0, 0.0
27490.0, 0.0
27500.0, 0.0
27510.0, 0.0
27520.0, 0.0
27530.0, 0.0
27540.0, 0.0
27550.0, 0.0
27560.0, 0.0
27570.0, 0.0
27580.0, 0.0
27590.0, 0.0
27600.0, 0.0
27610.0, 0.0
27620.0, 0.0
27630.0, 0.0
27640.0, 0.0
27650.0, 0.0
27660.0, 0.0
27670.0, 0.0
27680.0, 0.0
27690.0, 0.0
27700.0, 0.0
27710.0, 0.0
27720.0, 0.0
27730.0, 0.0
27740.0, 0.0
27750.0, 0.0
27760.0, 0.0
27770.0, 0.0
27780.0, 0.0
27790.0, 0.0
27800.0, 0.0
27810.0, 0.0
27820.0, 0.0
27830.0, 0.0
27840.0, 0.0
27850.0, 0.0
27860.0, 0.0
27870.0, 0.0
27880.0, 0.0
27890.0, 0.0
27900.0, 0.0
27910.0, 0.0
27920.0, 0.0
27930.0, 0.0
27940.0, 0.0
27950.0, 0.0
27960.0, 0.0
27970.0, 0.0
27980.0, 0.0
27990.0, 0.0
28000.0, 0.0
28010.0, 0.0
28020.0, 0.0
28030.0, 0.0
28040.0, 0.0
28050.0, 0.0
28060.0, 0.0
28070.0, 0.0
28080.0, 0.0
28090.0, 0.0
28100.0, 0.0
28110.0, 0.0
28120.0, 0.0
28130.0, 0.0
28140.0, 0.0
28150.0, 0.0
28160.0, 0.0
28170.0, 0.0
28180.0, 0.0
28190.0, 0.0
28200.0, 0.0
28210.0, 0.0
28220.0, 0.0
28230.0, 0.0
28240.0, 0.0
28250.0, 0.0
28260.0, 0.0
28270.0, 0.0
28280.0, 0.0
28290.0, 0.0
28300.0, 0.0
28310.0, 0.0
28320.0, 0.0
28330.0, 0.0
28340.0, 0.0
28350.0, 0.0
28360.0, 0.0
28370.0, 0.0
28380.0, 0.0
28390.0, 0.0
28400.0, 0.0
28410.0, 0.0
28420.0, 0.0
28430.0, 0.0
28440.0, 0.0
28450.0, 0.0
28460.0, 0.0
28470.0, 0.0
28480.0, 0.0
28490.0, 0.0
28500.0, 0.0
28510.0, 0.0
28520.0, 0.0
28530.0, 0.0
28540.0, 0.0
28550.0, 0.0
28560.0, 0.0
28570.0, 0.0
28580.0, 0.0
28590.0, 0.0
28600.0, 0.0
28610.0, 0.0
28620.0, 0.0
28630.0, 0.0
28640.0, 0.0
28650.0, 0.0
28660.0, 0.0
28670.0, 0.0
28680.0, 0.0
28690.0, 0.0
28700.0, 0.0
28710.0, 0.0
28720.0, 0.0
28730.0, 0.0
28740.0, 0.0
28750.0, 0.0
28760.0, 0.0
28770.0, 0.0
28780.0, 0.0
28790.0, 0.0
28800.0, 0.0
28810.0, 0.0
28820.0, 0.0
28830.0, 0.0
28840.0, 0.0
28850.0, 0.0
28860.0, 0.0
28870.0, 0.0
28880.0, 0.0
28890.0, 0.0
28900.0, 0.0
28910.0, 0.0
28920.0, 0.0
28930.0, 0.0
28940.0, 0.0
28950.0, 0.0
28960.0, 0.0
28970.0, 0.0
28980.0, 0.0
28990.0, 0.0
29000.0, 0.0
29010.0, 0.0
29020.0, 0.0
29030.0, 0.0
29040.0, 0.0
29050.0, 0.0
29060.0, 0.0
29070.0, 0.0
29080.0, 0.0
29090.0, 0.0
29100.0, 0.0
29110.0, 0.0
29120.0, 0.0
29130.0, 0.0
29140.0, 0.0
29150.0, 0.0
29160.0, 0.0
29170.0, 0.0
29180.0, 0.0
29190.0, 0.0
29200.0, 0.0
29210.0, 0.0
29220.0, 0.0
29230.0, 0.0
29240.0, 0.0
29250.0, 0.0
29260.0, 0.0
29270.0, 0.0
29280.0, 0.0
29290.0, 0.0
29300.0, 0.0
29310.0, 0.0
29320.0, 0.0
29330.0, 0.0
29340.0, 0.0
29350.0, 0.0
29360.0, 0.0
29370.0, 0.0
29380.0, 0.0
29390.0, 0.0
29400.0, 0.0
29410.0, 0.0
29420.0, 0.0
29430.0, 0.0
29440.0, 0.0
29450.0, 0.0
29460.0, 0.0
29470.0, 0.0
29480.0, 0.0
29490.0, 0.0
29500.0, 0.0
29510.0, 0.0
29520.0, 0.0
29530.0, 0.0
29540.0, 0.0
29550.0, 0.0
29560.0, 0.0
29570.0, 0.0
29580.0, 0.0
29590.0, 0.0
29600.0, 0.0
29610.0, 0.0
29620.0, 0.0
29630.0, 0.0
29640.0, 0.0
29650.0, 0.0
29660.0, 0.0
29670.0, 0.0
29680.0, 0.0
29690.0, 0.0
29700.0, 0.0
29710.0, 0.0
29720.0, 0.0
29730.0, 0.0
29740.0, 0.0
29750.0, 0.0
29760.0, 0.0
29770.0, 0.0
29780.0, 0.0
29790.0, 0.0
29800.0, 0.0
29810.0, 0.0
29820.0, 0.0
29830.0, 0.0
29840.0, 0.0
29850.0, 0.0
29860.0, 0.0
29870.0, 0.0
29880.0, 0.0
29890.0, 0.0
29900.0, 0.0
29910.0, 0.0
29920.0, 0.0
29930.0, 0.0
29940.0, 0.0
29950.0, 0.0
29960.0, 0.0
29970.0, 0.0
29980.0, 0.0
29990.0, 0.0
30000.0, 0.0
