Energy (in eV), SEEE yield of material osr2k-NASCAP at isotropic incidence
   X,       Y
0.0, 0.0
10.0, 0.1485859
20.0, 0.2947137
30.0, 0.4386229
40.0, 0.5802799
50.0, 0.7196803
60.0, 0.8567664
70.0, 0.99150974
80.0, 1.1238493
90.0, 1.253732
100.0, 1.3811133
110.0, 1.5059507
120.0, 1.6281991
130.0, 1.7478148
140.0, 1.8647677
150.0, 1.9790283
160.0, 2.0905626
170.0, 2.1993551
180.0, 2.305382
190.0, 2.4086323
200.0, 2.5090947
210.0, 2.606763
220.0, 2.7016342
230.0, 2.7937112
240.0, 2.8829975
250.0, 2.9695034
260.0, 3.053241
270.0, 3.1342258
280.0, 3.2124767
290.0, 3.2880158
300.0, 3.360867
310.0, 3.4310591
320.0, 3.4986212
330.0, 3.5635867
340.0, 3.6259887
350.0, 3.6858652
360.0, 3.7432556
370.0, 3.798199
380.0, 3.8507376
390.0, 3.9009163
400.0, 3.9487789
410.0, 3.9943721
420.0, 4.0377426
430.0, 4.0789394
440.0, 4.118011
450.0, 4.1550064
460.0, 4.189976
470.0, 4.222971
480.0, 4.2540407
490.0, 4.2832375
500.0, 4.310611
510.0, 4.336214
520.0, 4.3600955
530.0, 4.3823075
540.0, 4.4028997
550.0, 4.421923
560.0, 4.4394264
570.0, 4.4554596
580.0, 4.47007
590.0, 4.483307
600.0, 4.4952164
610.0, 4.5058455
620.0, 4.5152407
630.0, 4.523446
640.0, 4.5305057
650.0, 4.5364633
660.0, 4.541361
670.0, 4.5452404
680.0, 4.5481424
690.0, 4.550106
700.0, 4.55117
710.0, 4.551372
720.0, 4.5507474
730.0, 4.5493336
740.0, 4.547165
750.0, 4.544274
760.0, 4.5406938
770.0, 4.5364566
780.0, 4.5315924
790.0, 4.52613
800.0, 4.5201006
810.0, 4.5135307
820.0, 4.506446
830.0, 4.4988737
840.0, 4.4908385
850.0, 4.482364
860.0, 4.473476
870.0, 4.4641924
880.0, 4.4545383
890.0, 4.4445333
900.0, 4.434198
910.0, 4.423549
920.0, 4.412608
930.0, 4.4013915
940.0, 4.3899155
950.0, 4.378197
960.0, 4.366252
970.0, 4.354094
980.0, 4.341739
990.0, 4.3292003
1000.0, 4.3164897
1010.0, 4.303621
1020.0, 4.290605
1030.0, 4.277455
1040.0, 4.2641797
1050.0, 4.2507915
1060.0, 4.237299
1070.0, 4.2237115
1080.0, 4.2100387
1090.0, 4.1962895
1100.0, 4.182472
1110.0, 4.1685934
1120.0, 4.1546617
1130.0, 4.140683
1140.0, 4.126665
1150.0, 4.1126137
1160.0, 4.0985355
1170.0, 4.084436
1180.0, 4.070319
1190.0, 4.0561924
1200.0, 4.0420604
1210.0, 4.0279264
1220.0, 4.013796
1230.0, 3.999672
1240.0, 3.98556
1250.0, 3.971463
1260.0, 3.957385
1270.0, 3.943328
1280.0, 3.9292965
1290.0, 3.9152932
1300.0, 3.9013205
1310.0, 3.887381
1320.0, 3.8734777
1330.0, 3.8596132
1340.0, 3.845788
1350.0, 3.832006
1360.0, 3.8182688
1370.0, 3.804578
1380.0, 3.7909346
1390.0, 3.7773418
1400.0, 3.7637992
1410.0, 3.75031
1420.0, 3.7368739
1430.0, 3.7234933
1440.0, 3.7101684
1450.0, 3.6969008
1460.0, 3.683691
1470.0, 3.670541
1480.0, 3.6574514
1490.0, 3.6444218
1500.0, 3.631453
1510.0, 3.6185467
1520.0, 3.6057034
1530.0, 3.5929222
1540.0, 3.580205
1550.0, 3.5675519
1560.0, 3.5549629
1570.0, 3.5424383
1580.0, 3.5299788
1590.0, 3.517585
1600.0, 3.5052562
1610.0, 3.4929929
1620.0, 3.4807954
1630.0, 3.4686637
1640.0, 3.456598
1650.0, 3.4445982
1660.0, 3.4326653
1670.0, 3.4207969
1680.0, 3.4089959
1690.0, 3.3972597
1700.0, 3.3855896
1710.0, 3.3739855
1720.0, 3.3624475
1730.0, 3.3509748
1740.0, 3.3395667
1750.0, 3.3282247
1760.0, 3.3169477
1770.0, 3.3057353
1780.0, 3.2945879
1790.0, 3.283505
1800.0, 3.272486
1810.0, 3.2615306
1820.0, 3.2506397
1830.0, 3.239812
1840.0, 3.2290475
1850.0, 3.2183459
1860.0, 3.2077074
1870.0, 3.1971314
1880.0, 3.186617
1890.0, 3.1761642
1900.0, 3.1657727
1910.0, 3.1554427
1920.0, 3.1451735
1930.0, 3.1349647
1940.0, 3.1248162
1950.0, 3.1147273
1960.0, 3.1046982
1970.0, 3.0947282
1980.0, 3.0848162
1990.0, 3.0749638
2000.0, 3.0651686
2010.0, 3.0554318
2020.0, 3.045752
2030.0, 3.0361297
2040.0, 3.0265634
2050.0, 3.0170538
2060.0, 3.0075998
2070.0, 2.998202
2080.0, 2.9888587
2090.0, 2.9795706
2100.0, 2.970337
2110.0, 2.9611576
2120.0, 2.9520314
2130.0, 2.942959
2140.0, 2.9339397
2150.0, 2.924973
2160.0, 2.9160583
2170.0, 2.9071965
2180.0, 2.8983855
2190.0, 2.8896263
2200.0, 2.880917
2210.0, 2.8722594
2220.0, 2.863651
2230.0, 2.855093
2240.0, 2.8465843
2250.0, 2.838125
2260.0, 2.829714
2270.0, 2.8213513
2280.0, 2.813037
2290.0, 2.8047698
2300.0, 2.7965503
2310.0, 2.7883778
2320.0, 2.7802525
2330.0, 2.7721734
2340.0, 2.7641394
2350.0, 2.7561522
2360.0, 2.7482095
2370.0, 2.7403119
2380.0, 2.7324588
2390.0, 2.7246506
2400.0, 2.716886
2410.0, 2.709165
2420.0, 2.701488
2430.0, 2.6938534
2440.0, 2.686262
2450.0, 2.6787124
2460.0, 2.6712053
2470.0, 2.66374
2480.0, 2.656316
2490.0, 2.6489332
2500.0, 2.6415913
2510.0, 2.6342905
2520.0, 2.627029
2530.0, 2.6198077
2540.0, 2.6126263
2550.0, 2.6054845
2560.0, 2.5983813
2570.0, 2.5913172
2580.0, 2.5842912
2590.0, 2.5773036
2600.0, 2.570354
2610.0, 2.563442
2620.0, 2.5565672
2630.0, 2.5497296
2640.0, 2.542929
2650.0, 2.5361645
2660.0, 2.5294368
2670.0, 2.5227451
2680.0, 2.5160887
2690.0, 2.509468
2700.0, 2.5028822
2710.0, 2.4963322
2720.0, 2.489816
2730.0, 2.483335
2740.0, 2.4768877
2750.0, 2.4704745
2760.0, 2.4640944
2770.0, 2.4577484
2780.0, 2.4514353
2790.0, 2.4451556
2800.0, 2.4389083
2810.0, 2.4326935
2820.0, 2.4265108
2830.0, 2.4203603
2840.0, 2.414241
2850.0, 2.408154
2860.0, 2.402098
2870.0, 2.396073
2880.0, 2.390079
2890.0, 2.3841155
2900.0, 2.378182
2910.0, 2.3722794
2920.0, 2.3664062
2930.0, 2.3605633
2940.0, 2.3547497
2950.0, 2.3489654
2960.0, 2.3432102
2970.0, 2.337484
2980.0, 2.3317862
2990.0, 2.3261173
3000.0, 2.3204763
3010.0, 2.314864
3020.0, 2.309279
3030.0, 2.303722
3040.0, 2.298192
3050.0, 2.29269
3060.0, 2.2872145
3070.0, 2.2817664
3080.0, 2.2763445
3090.0, 2.2709498
3100.0, 2.265581
3110.0, 2.2602386
3120.0, 2.2549217
3130.0, 2.249631
3140.0, 2.2443657
3150.0, 2.2391262
3160.0, 2.2339115
3170.0, 2.228722
3180.0, 2.2235577
3190.0, 2.218418
3200.0, 2.213303
3210.0, 2.2082121
3220.0, 2.2031453
3230.0, 2.1981032
3240.0, 2.1930842
3250.0, 2.1880896
3260.0, 2.183118
3270.0, 2.1781704
3280.0, 2.173246
3290.0, 2.1683445
3300.0, 2.1634655
3310.0, 2.1586094
3320.0, 2.1537762
3330.0, 2.1489656
3340.0, 2.144177
3350.0, 2.1394107
3360.0, 2.1346664
3370.0, 2.129944
3380.0, 2.1252432
3390.0, 2.120564
3400.0, 2.115906
3410.0, 2.1112697
3420.0, 2.1066544
3430.0, 2.10206
3440.0, 2.0974867
3450.0, 2.092934
3460.0, 2.0884016
3470.0, 2.08389
3480.0, 2.0793986
3490.0, 2.074927
3500.0, 2.0704758
3510.0, 2.066045
3520.0, 2.0616333
3530.0, 2.0572414
3540.0, 2.0528688
3550.0, 2.0485163
3560.0, 2.0441823
3570.0, 2.0398679
3580.0, 2.0355725
3590.0, 2.0312958
3600.0, 2.0270379
3610.0, 2.0227988
3620.0, 2.018578
3630.0, 2.0143757
3640.0, 2.0101917
3650.0, 2.006026
3660.0, 2.0018783
3670.0, 1.9977485
3680.0, 1.9936365
3690.0, 1.9895422
3700.0, 1.9854655
3710.0, 1.9814066
3720.0, 1.9773647
3730.0, 1.9733402
3740.0, 1.9693327
3750.0, 1.9653426
3760.0, 1.9613693
3770.0, 1.9574127
3780.0, 1.9534729
3790.0, 1.9495498
3800.0, 1.9456431
3810.0, 1.941753
3820.0, 1.9378792
3830.0, 1.9340212
3840.0, 1.9301797
3850.0, 1.9263543
3860.0, 1.9225446
3870.0, 1.9187508
3880.0, 1.9149725
3890.0, 1.9112102
3900.0, 1.9074631
3910.0, 1.9037318
3920.0, 1.9000157
3930.0, 1.8963145
3940.0, 1.8926288
3950.0, 1.8889582
3960.0, 1.8853024
3970.0, 1.8816617
3980.0, 1.8780357
3990.0, 1.8744242
4000.0, 1.8708273
4010.0, 1.867245
4020.0, 1.8636774
4030.0, 1.8601241
4040.0, 1.8565847
4050.0, 1.85306
4060.0, 1.8495489
4070.0, 1.8460519
4080.0, 1.8425689
4090.0, 1.8390996
4100.0, 1.8356441
4110.0, 1.8322027
4120.0, 1.8287746
4130.0, 1.82536
4140.0, 1.8219588
4150.0, 1.818571
4160.0, 1.8151965
4170.0, 1.811835
4180.0, 1.8084872
4190.0, 1.8051518
4200.0, 1.8018296
4210.0, 1.7985204
4220.0, 1.7952242
4230.0, 1.7919403
4240.0, 1.7886692
4250.0, 1.7854106
4260.0, 1.7821648
4270.0, 1.7789315
4280.0, 1.7757102
4290.0, 1.7725018
4300.0, 1.7693051
4310.0, 1.7661209
4320.0, 1.7629485
4330.0, 1.7597885
4340.0, 1.7566406
4350.0, 1.753504
4360.0, 1.7503796
4370.0, 1.747267
4380.0, 1.7441661
4390.0, 1.741077
4400.0, 1.7379987
4410.0, 1.7349328
4420.0, 1.7318779
4430.0, 1.7288343
4440.0, 1.7258021
4450.0, 1.722781
4460.0, 1.7197714
4470.0, 1.716773
4480.0, 1.7137853
4490.0, 1.7108088
4500.0, 1.7078433
4510.0, 1.7048885
4520.0, 1.7019446
4530.0, 1.6990116
4540.0, 1.6960891
4550.0, 1.6931773
4560.0, 1.6902761
4570.0, 1.6873853
4580.0, 1.6845051
4590.0, 1.6816354
4600.0, 1.6787758
4610.0, 1.6759264
4620.0, 1.6730878
4630.0, 1.6702592
4640.0, 1.6674404
4650.0, 1.6646321
4660.0, 1.6618338
4670.0, 1.6590452
4680.0, 1.6562667
4690.0, 1.6534978
4700.0, 1.650739
4710.0, 1.6479901
4720.0, 1.6452504
4730.0, 1.6425205
4740.0, 1.6398004
4750.0, 1.63709
4760.0, 1.6343886
4770.0, 1.6316968
4780.0, 1.6290146
4790.0, 1.626342
4800.0, 1.6236781
4810.0, 1.621024
4820.0, 1.6183789
4830.0, 1.6157432
4840.0, 1.6131159
4850.0, 1.6104983
4860.0, 1.6078897
4870.0, 1.6052897
4880.0, 1.6026989
4890.0, 1.6001167
4900.0, 1.5975437
4910.0, 1.5949793
4920.0, 1.5924237
4930.0, 1.5898767
4940.0, 1.5873383
4950.0, 1.5848086
4960.0, 1.5822873
4970.0, 1.5797751
4980.0, 1.5772709
4990.0, 1.5747755
5000.0, 1.5722879
5010.0, 1.5698091
5020.0, 1.5673386
5030.0, 1.564876
5040.0, 1.5624218
5050.0, 1.5599756
5060.0, 1.5575378
5070.0, 1.5551082
5080.0, 1.5526866
5090.0, 1.550273
5100.0, 1.5478672
5110.0, 1.5454695
5120.0, 1.5430796
5130.0, 1.5406977
5140.0, 1.5383235
5150.0, 1.5359571
5160.0, 1.5335985
5170.0, 1.5312476
5180.0, 1.5289044
5190.0, 1.5265687
5200.0, 1.5242404
5210.0, 1.5219198
5220.0, 1.519607
5230.0, 1.5173018
5240.0, 1.5150034
5250.0, 1.512713
5260.0, 1.5104296
5270.0, 1.5081537
5280.0, 1.5058849
5290.0, 1.5036237
5300.0, 1.5013695
5310.0, 1.4991227
5320.0, 1.4968826
5330.0, 1.4946502
5340.0, 1.4924246
5350.0, 1.490206
5360.0, 1.4879944
5370.0, 1.4857899
5380.0, 1.4835925
5390.0, 1.4814019
5400.0, 1.479218
5410.0, 1.4770411
5420.0, 1.4748712
5430.0, 1.472708
5440.0, 1.4705511
5450.0, 1.4684016
5460.0, 1.4662586
5470.0, 1.4641223
5480.0, 1.4619924
5490.0, 1.4598694
5500.0, 1.4577526
5510.0, 1.4556423
5520.0, 1.4535389
5530.0, 1.4514418
5540.0, 1.4493512
5550.0, 1.447267
5560.0, 1.4451891
5570.0, 1.4431176
5580.0, 1.4410526
5590.0, 1.4389938
5600.0, 1.436941
5610.0, 1.4348948
5620.0, 1.4328549
5630.0, 1.430821
5640.0, 1.4287932
5650.0, 1.4267715
5660.0, 1.424756
5670.0, 1.4227465
5680.0, 1.4207431
5690.0, 1.4187455
5700.0, 1.4167542
5710.0, 1.4147688
5720.0, 1.4127892
5730.0, 1.4108157
5740.0, 1.408848
5750.0, 1.4068862
5760.0, 1.40493
5770.0, 1.4029799
5780.0, 1.4010353
5790.0, 1.3990967
5800.0, 1.3971637
5810.0, 1.3952364
5820.0, 1.3933147
5830.0, 1.3913989
5840.0, 1.3894883
5850.0, 1.3875837
5860.0, 1.3856846
5870.0, 1.3837911
5880.0, 1.3819029
5890.0, 1.3800205
5900.0, 1.3781433
5910.0, 1.3762717
5920.0, 1.3744054
5930.0, 1.3725445
5940.0, 1.370689
5950.0, 1.3688391
5960.0, 1.3669943
5970.0, 1.3651549
5980.0, 1.3633206
5990.0, 1.3614918
6000.0, 1.3596679
6010.0, 1.3578492
6020.0, 1.3560364
6030.0, 1.3542283
6040.0, 1.3524253
6050.0, 1.3506274
6060.0, 1.3488348
6070.0, 1.3470473
6080.0, 1.3452647
6090.0, 1.343487
6100.0, 1.3417149
6110.0, 1.3399472
6120.0, 1.3381847
6130.0, 1.3364269
6140.0, 1.3346745
6150.0, 1.3329265
6160.0, 1.3311838
6170.0, 1.329446
6180.0, 1.3277127
6190.0, 1.3259842
6200.0, 1.3242612
6210.0, 1.3225423
6220.0, 1.3208284
6230.0, 1.3191192
6240.0, 1.3174148
6250.0, 1.3157151
6260.0, 1.3140202
6270.0, 1.3123296
6280.0, 1.3106438
6290.0, 1.3089626
6300.0, 1.3072864
6310.0, 1.3056145
6320.0, 1.303947
6330.0, 1.3022841
6340.0, 1.300626
6350.0, 1.2989722
6360.0, 1.2973231
6370.0, 1.2956785
6380.0, 1.294038
6390.0, 1.2924023
6400.0, 1.2907706
6410.0, 1.2891439
6420.0, 1.287521
6430.0, 1.285903
6440.0, 1.284289
6450.0, 1.2826793
6460.0, 1.281074
6470.0, 1.2794732
6480.0, 1.2778765
6490.0, 1.2762841
6500.0, 1.2746959
6510.0, 1.2731118
6520.0, 1.271532
6530.0, 1.2699566
6540.0, 1.2683853
6550.0, 1.2668179
6560.0, 1.265255
6570.0, 1.2636961
6580.0, 1.2621413
6590.0, 1.2605906
6600.0, 1.2590437
6610.0, 1.2575012
6620.0, 1.2559627
6630.0, 1.2544279
6640.0, 1.2528976
6650.0, 1.2513711
6660.0, 1.2498485
6670.0, 1.2483299
6680.0, 1.2468153
6690.0, 1.2453047
6700.0, 1.243798
6710.0, 1.2422949
6720.0, 1.2407962
6730.0, 1.2393011
6740.0, 1.2378099
6750.0, 1.2363223
6760.0, 1.2348386
6770.0, 1.233359
6780.0, 1.2318832
6790.0, 1.2304108
6800.0, 1.2289423
6810.0, 1.2274778
6820.0, 1.2260168
6830.0, 1.2245595
6840.0, 1.223106
6850.0, 1.2216563
6860.0, 1.2202103
6870.0, 1.2187678
6880.0, 1.2173289
6890.0, 1.2158939
6900.0, 1.214462
6910.0, 1.2130343
6920.0, 1.21161
6930.0, 1.2101892
6940.0, 1.2087718
6950.0, 1.2073584
6960.0, 1.2059481
6970.0, 1.2045417
6980.0, 1.2031387
6990.0, 1.2017392
7000.0, 1.2003431
7010.0, 1.1989504
7020.0, 1.1975614
7030.0, 1.1961757
7040.0, 1.1947935
7050.0, 1.1934147
7060.0, 1.1920393
7070.0, 1.190667
7080.0, 1.1892986
7090.0, 1.1879332
7100.0, 1.1865715
7110.0, 1.1852127
7120.0, 1.1838577
7130.0, 1.1825057
7140.0, 1.1811572
7150.0, 1.1798117
7160.0, 1.1784699
7170.0, 1.1771312
7180.0, 1.1757958
7190.0, 1.1744633
7200.0, 1.1731344
7210.0, 1.1718087
7220.0, 1.1704859
7230.0, 1.1691667
7240.0, 1.1678504
7250.0, 1.1665374
7260.0, 1.1652275
7270.0, 1.1639209
7280.0, 1.1626174
7290.0, 1.1613171
7300.0, 1.1600198
7310.0, 1.1587254
7320.0, 1.1574343
7330.0, 1.1561464
7340.0, 1.1548617
7350.0, 1.1535797
7360.0, 1.1523008
7370.0, 1.1510249
7380.0, 1.1497523
7390.0, 1.1484824
7400.0, 1.1472157
7410.0, 1.1459521
7420.0, 1.1446913
7430.0, 1.1434335
7440.0, 1.1421787
7450.0, 1.140927
7460.0, 1.139678
7470.0, 1.138432
7480.0, 1.1371889
7490.0, 1.1359488
7500.0, 1.1347115
7510.0, 1.1334771
7520.0, 1.1322457
7530.0, 1.131017
7540.0, 1.1297914
7550.0, 1.1285684
7560.0, 1.1273483
7570.0, 1.126131
7580.0, 1.1249167
7590.0, 1.1237049
7600.0, 1.1224962
7610.0, 1.1212903
7620.0, 1.120087
7630.0, 1.1188865
7640.0, 1.1176888
7650.0, 1.1164939
7660.0, 1.1153017
7670.0, 1.1141121
7680.0, 1.1129254
7690.0, 1.1117412
7700.0, 1.1105599
7710.0, 1.1093812
7720.0, 1.1082053
7730.0, 1.1070321
7740.0, 1.1058615
7750.0, 1.1046934
7760.0, 1.103528
7770.0, 1.1023656
7780.0, 1.1012053
7790.0, 1.100048
7800.0, 1.0988932
7810.0, 1.0977409
7820.0, 1.0965914
7830.0, 1.0954442
7840.0, 1.0942996
7850.0, 1.0931578
7860.0, 1.0920184
7870.0, 1.0908816
7880.0, 1.0897473
7890.0, 1.0886155
7900.0, 1.0874864
7910.0, 1.0863596
7920.0, 1.0852355
7930.0, 1.0841138
7940.0, 1.0829946
7950.0, 1.0818778
7960.0, 1.0807636
7970.0, 1.0796517
7980.0, 1.0785426
7990.0, 1.0774356
8000.0, 1.076331
8010.0, 1.0752289
8020.0, 1.0741293
8030.0, 1.0730323
8040.0, 1.0719374
8050.0, 1.070845
8060.0, 1.0697551
8070.0, 1.0686674
8080.0, 1.0675821
8090.0, 1.0664994
8100.0, 1.0654188
8110.0, 1.0643406
8120.0, 1.063265
8130.0, 1.0621914
8140.0, 1.0611202
8150.0, 1.0600513
8160.0, 1.0589848
8170.0, 1.0579205
8180.0, 1.0568585
8190.0, 1.0557989
8200.0, 1.0547416
8210.0, 1.0536865
8220.0, 1.0526335
8230.0, 1.0515833
8240.0, 1.0505348
8250.0, 1.0494888
8260.0, 1.0484449
8270.0, 1.0474033
8280.0, 1.0463641
8290.0, 1.0453268
8300.0, 1.0442919
8310.0, 1.0432589
8320.0, 1.0422285
8330.0, 1.0412002
8340.0, 1.040174
8350.0, 1.0391499
8360.0, 1.038128
8370.0, 1.0371083
8380.0, 1.0360909
8390.0, 1.0350755
8400.0, 1.0340621
8410.0, 1.0330509
8420.0, 1.0320419
8430.0, 1.0310351
8440.0, 1.0300304
8450.0, 1.0290277
8460.0, 1.0280269
8470.0, 1.0270286
8480.0, 1.0260321
8490.0, 1.0250378
8500.0, 1.0240455
8510.0, 1.0230553
8520.0, 1.0220671
8530.0, 1.0210811
8540.0, 1.020097
8550.0, 1.019115
8560.0, 1.0181348
8570.0, 1.017157
8580.0, 1.0161811
8590.0, 1.015207
8600.0, 1.0142353
8610.0, 1.0132654
8620.0, 1.0122974
8630.0, 1.0113314
8640.0, 1.0103673
8650.0, 1.0094054
8660.0, 1.0084455
8670.0, 1.0074874
8680.0, 1.0065314
8690.0, 1.0055772
8700.0, 1.004625
8710.0, 1.0036746
8720.0, 1.0027262
8730.0, 1.0017799
8740.0, 1.0008353
8750.0, 0.9998929
8760.0, 0.9989521
8770.0, 0.9980133
8780.0, 0.9970766
8790.0, 0.99614155
8800.0, 0.9952082
8810.0, 0.9942771
8820.0, 0.9933479
8830.0, 0.9924202
8840.0, 0.9914947
8850.0, 0.9905708
8860.0, 0.98964906
8870.0, 0.9887288
8880.0, 0.98781043
8890.0, 0.9868942
8900.0, 0.98597956
8910.0, 0.9850669
8920.0, 0.98415583
8930.0, 0.9832468
8940.0, 0.98233956
8950.0, 0.98143387
8960.0, 0.98053014
8970.0, 0.9796282
8980.0, 0.97872806
8990.0, 0.97782975
9000.0, 0.97693306
9010.0, 0.9760383
9020.0, 0.9751451
9030.0, 0.9742539
9040.0, 0.9733642
9050.0, 0.97247624
9060.0, 0.97159046
9070.0, 0.970706
9080.0, 0.9698234
9090.0, 0.96894246
9100.0, 0.9680634
9110.0, 0.967186
9120.0, 0.9663101
9130.0, 0.96543604
9140.0, 0.96456367
9150.0, 0.96369314
9160.0, 0.96282405
9170.0, 0.96195674
9180.0, 0.96109104
9190.0, 0.9602272
9200.0, 0.9593649
9210.0, 0.9585044
9220.0, 0.9576454
9230.0, 0.9567882
9240.0, 0.95593256
9250.0, 0.95507866
9260.0, 0.95422626
9270.0, 0.9533756
9280.0, 0.95252645
9290.0, 0.951679
9300.0, 0.95083326
9310.0, 0.9499889
9320.0, 0.94914633
9330.0, 0.9483053
9340.0, 0.94746614
9350.0, 0.9466282
9360.0, 0.94579196
9370.0, 0.94495744
9380.0, 0.94412434
9390.0, 0.9432929
9400.0, 0.94246316
9410.0, 0.94163465
9420.0, 0.9408081
9430.0, 0.93998283
9440.0, 0.9391593
9450.0, 0.9383371
9460.0, 0.9375165
9470.0, 0.9366976
9480.0, 0.9358803
9490.0, 0.93506426
9500.0, 0.93424994
9510.0, 0.9334371
9520.0, 0.93262565
9530.0, 0.9318158
9540.0, 0.93100756
9550.0, 0.9302009
9560.0, 0.92939544
9570.0, 0.9285917
9580.0, 0.92778957
9590.0, 0.92698866
9600.0, 0.92618924
9610.0, 0.9253915
9620.0, 0.92459506
9630.0, 0.92380023
9640.0, 0.92300683
9650.0, 0.922215
9660.0, 0.92142445
9670.0, 0.9206354
9680.0, 0.9198477
9690.0, 0.9190617
9700.0, 0.91827697
9710.0, 0.9174937
9720.0, 0.916712
9730.0, 0.9159318
9740.0, 0.91515285
9750.0, 0.9143752
9760.0, 0.913599
9770.0, 0.9128242
9780.0, 0.912051
9790.0, 0.9112792
9800.0, 0.91050863
9810.0, 0.90973973
9820.0, 0.90897214
9830.0, 0.90820587
9840.0, 0.90744084
9850.0, 0.90667737
9860.0, 0.9059154
9870.0, 0.90515465
9880.0, 0.9043954
9890.0, 0.90363735
9900.0, 0.90288085
9910.0, 0.9021255
9920.0, 0.90137154
9930.0, 0.9006189
9940.0, 0.89986783
9950.0, 0.899118
9960.0, 0.8983695
9970.0, 0.8976224
9980.0, 0.89687663
9990.0, 0.8961322
10000.0, 0.8953889
10010.0, 0.8946471
10020.0, 0.8939066
10030.0, 0.8931675
10040.0, 0.8924296
10050.0, 0.89169306
10060.0, 0.89095795
10070.0, 0.89022404
10080.0, 0.8894912
10090.0, 0.8887598
10100.0, 0.88802975
10110.0, 0.887301
10120.0, 0.8865735
10130.0, 0.88584733
10140.0, 0.8851225
10150.0, 0.88439894
10160.0, 0.88367635
10170.0, 0.88295543
10180.0, 0.88223547
10190.0, 0.88151705
10200.0, 0.8807997
10210.0, 0.8800837
10220.0, 0.8793688
10230.0, 0.8786554
10240.0, 0.877943
10250.0, 0.87723196
10260.0, 0.87652206
10270.0, 0.8758135
10280.0, 0.87510616
10290.0, 0.8744002
10300.0, 0.8736952
10310.0, 0.87299144
10320.0, 0.872289
10330.0, 0.8715878
10340.0, 0.8708879
10350.0, 0.87018895
10360.0, 0.86949146
10370.0, 0.8687951
10380.0, 0.8680999
10390.0, 0.8674058
10400.0, 0.8667129
10410.0, 0.8660213
10420.0, 0.86533093
10430.0, 0.8646416
10440.0, 0.86395365
10450.0, 0.86326677
10460.0, 0.8625811
10470.0, 0.86189646
10480.0, 0.86121315
10490.0, 0.860531
10500.0, 0.8598499
10510.0, 0.8591701
10520.0, 0.85849124
10530.0, 0.8578138
10540.0, 0.8571373
10550.0, 0.85646206
10560.0, 0.85578793
10570.0, 0.85511506
10580.0, 0.8544432
10590.0, 0.8537725
10600.0, 0.8531028
10610.0, 0.8524345
10620.0, 0.8517672
10630.0, 0.85110086
10640.0, 0.8504358
10650.0, 0.84977204
10660.0, 0.8491092
10670.0, 0.84844744
10680.0, 0.8477867
10690.0, 0.8471273
10700.0, 0.8464689
10710.0, 0.84581155
10720.0, 0.8451553
10730.0, 0.8445003
10740.0, 0.8438462
10750.0, 0.84319335
10760.0, 0.84254146
10770.0, 0.8418908
10780.0, 0.8412411
10790.0, 0.8405925
10800.0, 0.8399449
10810.0, 0.83929855
10820.0, 0.83865327
10830.0, 0.838009
10840.0, 0.83736575
10850.0, 0.83672357
10860.0, 0.8360826
10870.0, 0.8354424
10880.0, 0.83480334
10890.0, 0.8341654
10900.0, 0.83352864
10910.0, 0.8328928
10920.0, 0.8322579
10930.0, 0.8316242
10940.0, 0.8309916
10950.0, 0.8303599
10960.0, 0.8297292
10970.0, 0.8290995
10980.0, 0.828471
10990.0, 0.82784337
11000.0, 0.8272169
11010.0, 0.8265913
11020.0, 0.8259668
11030.0, 0.8253433
11040.0, 0.82472086
11050.0, 0.8240993
11060.0, 0.823479
11070.0, 0.8228595
11080.0, 0.82224107
11090.0, 0.8216236
11100.0, 0.8210072
11110.0, 0.8203918
11120.0, 0.81977725
11130.0, 0.81916386
11140.0, 0.8185513
11150.0, 0.8179398
11160.0, 0.8173294
11170.0, 0.81671983
11180.0, 0.8161113
11190.0, 0.8155038
11200.0, 0.8148972
11210.0, 0.81429154
11220.0, 0.81368685
11230.0, 0.81308323
11240.0, 0.8124805
11250.0, 0.81187874
11260.0, 0.8112779
11270.0, 0.8106781
11280.0, 0.8100792
11290.0, 0.80948126
11300.0, 0.8088843
11310.0, 0.8082882
11320.0, 0.80769324
11330.0, 0.80709904
11340.0, 0.8065058
11350.0, 0.8059134
11360.0, 0.8053221
11370.0, 0.8047318
11380.0, 0.80414236
11390.0, 0.8035538
11400.0, 0.80296624
11410.0, 0.80237955
11420.0, 0.8017938
11430.0, 0.801209
11440.0, 0.8006251
11450.0, 0.80004203
11460.0, 0.79946005
11470.0, 0.7988787
11480.0, 0.7982986
11490.0, 0.7977193
11500.0, 0.7971407
11510.0, 0.7965631
11520.0, 0.7959865
11530.0, 0.7954109
11540.0, 0.79483604
11550.0, 0.794262
11560.0, 0.7936889
11570.0, 0.79311687
11580.0, 0.79254556
11590.0, 0.79197514
11600.0, 0.7914055
11610.0, 0.790837
11620.0, 0.7902692
11630.0, 0.7897025
11640.0, 0.78913635
11650.0, 0.7885711
11660.0, 0.7880071
11670.0, 0.78744346
11680.0, 0.786881
11690.0, 0.78631943
11700.0, 0.7857587
11710.0, 0.7851987
11720.0, 0.78463966
11730.0, 0.78408146
11740.0, 0.7835241
11750.0, 0.7829677
11760.0, 0.78241193
11770.0, 0.7818572
11780.0, 0.78130317
11790.0, 0.78075016
11800.0, 0.78019786
11810.0, 0.77964646
11820.0, 0.77909595
11830.0, 0.77854615
11840.0, 0.7779972
11850.0, 0.7774492
11860.0, 0.77690196
11870.0, 0.7763555
11880.0, 0.77580994
11890.0, 0.7752653
11900.0, 0.77472144
11910.0, 0.7741782
11920.0, 0.77363586
11930.0, 0.77309436
11940.0, 0.77255374
11950.0, 0.7720139
11960.0, 0.7714748
11970.0, 0.7709367
11980.0, 0.77039933
11990.0, 0.76986265
12000.0, 0.76932687
12010.0, 0.7687919
12020.0, 0.7682576
12030.0, 0.7677243
12040.0, 0.7671917
12050.0, 0.76666003
12060.0, 0.7661289
12070.0, 0.7655987
12080.0, 0.76506925
12090.0, 0.76454073
12100.0, 0.76401275
12110.0, 0.7634857
12120.0, 0.7629595
12130.0, 0.76243395
12140.0, 0.7619093
12150.0, 0.7613854
12160.0, 0.7608621
12170.0, 0.7603398
12180.0, 0.75981814
12190.0, 0.75929743
12200.0, 0.7587773
12210.0, 0.7582581
12220.0, 0.7577395
12230.0, 0.75722176
12240.0, 0.75670475
12250.0, 0.75618833
12260.0, 0.7556729
12270.0, 0.75515807
12280.0, 0.7546442
12290.0, 0.754131
12300.0, 0.7536185
12310.0, 0.7531067
12320.0, 0.75259584
12330.0, 0.7520855
12340.0, 0.7515761
12350.0, 0.75106734
12360.0, 0.75055933
12370.0, 0.7500521
12380.0, 0.7495456
12390.0, 0.7490398
12400.0, 0.74853486
12410.0, 0.74803054
12420.0, 0.7475268
12430.0, 0.747024
12440.0, 0.74652195
12450.0, 0.74602056
12460.0, 0.74551976
12470.0, 0.7450199
12480.0, 0.74452066
12490.0, 0.74402225
12500.0, 0.74352443
12510.0, 0.74302745
12520.0, 0.742531
12530.0, 0.74203545
12540.0, 0.7415405
12550.0, 0.74104625
12560.0, 0.74055266
12570.0, 0.74006
12580.0, 0.73956794
12590.0, 0.73907644
12600.0, 0.73858577
12610.0, 0.7380959
12620.0, 0.7376066
12630.0, 0.73711795
12640.0, 0.73663
12650.0, 0.73614293
12660.0, 0.7356565
12670.0, 0.7351708
12680.0, 0.73468566
12690.0, 0.7342012
12700.0, 0.7337174
12710.0, 0.73323447
12720.0, 0.7327521
12730.0, 0.7322704
12740.0, 0.7317894
12750.0, 0.7313092
12760.0, 0.7308295
12770.0, 0.73035055
12780.0, 0.7298723
12790.0, 0.72939473
12800.0, 0.7289179
12810.0, 0.7284415
12820.0, 0.72796607
12830.0, 0.72749114
12840.0, 0.7270168
12850.0, 0.7265433
12860.0, 0.72607034
12870.0, 0.7255981
12880.0, 0.7251263
12890.0, 0.72465557
12900.0, 0.7241854
12910.0, 0.7237158
12920.0, 0.7232468
12930.0, 0.72277844
12940.0, 0.7223107
12950.0, 0.72184384
12960.0, 0.72137743
12970.0, 0.72091186
12980.0, 0.72044677
12990.0, 0.71998245
13000.0, 0.7195186
13010.0, 0.7190555
13020.0, 0.71859306
13030.0, 0.71813124
13040.0, 0.71767
13050.0, 0.7172096
13060.0, 0.7167496
13070.0, 0.7162904
13080.0, 0.7158317
13090.0, 0.71537375
13100.0, 0.71491635
13110.0, 0.71445954
13120.0, 0.71400356
13130.0, 0.71354806
13140.0, 0.71309316
13150.0, 0.7126389
13160.0, 0.7121854
13170.0, 0.7117324
13180.0, 0.7112799
13190.0, 0.7108282
13200.0, 0.71037704
13210.0, 0.70992655
13220.0, 0.70947665
13230.0, 0.7090274
13240.0, 0.7085787
13250.0, 0.7081307
13260.0, 0.7076831
13270.0, 0.7072363
13280.0, 0.70679015
13290.0, 0.70634454
13300.0, 0.7058994
13310.0, 0.7054551
13320.0, 0.7050114
13330.0, 0.70456815
13340.0, 0.7041254
13350.0, 0.7036834
13360.0, 0.7032421
13370.0, 0.7028013
13380.0, 0.70236105
13390.0, 0.70192146
13400.0, 0.7014825
13410.0, 0.70104396
13420.0, 0.70060605
13430.0, 0.7001689
13440.0, 0.69973224
13450.0, 0.6992961
13460.0, 0.6988606
13470.0, 0.69842577
13480.0, 0.69799143
13490.0, 0.69755775
13500.0, 0.69712454
13510.0, 0.6966919
13520.0, 0.69625986
13530.0, 0.69582844
13540.0, 0.6953976
13550.0, 0.6949674
13560.0, 0.6945377
13570.0, 0.69410855
13580.0, 0.69368
13590.0, 0.69325197
13600.0, 0.69282454
13610.0, 0.69239765
13620.0, 0.6919715
13630.0, 0.6915458
13640.0, 0.69112056
13650.0, 0.69069606
13660.0, 0.6902719
13670.0, 0.68984854
13680.0, 0.6894256
13690.0, 0.68900335
13700.0, 0.6885815
13710.0, 0.68816024
13720.0, 0.6877396
13730.0, 0.6873196
13740.0, 0.68689996
13750.0, 0.6864809
13760.0, 0.68606234
13770.0, 0.68564457
13780.0, 0.68522716
13790.0, 0.68481046
13800.0, 0.6843941
13810.0, 0.68397826
13820.0, 0.6835631
13830.0, 0.68314844
13840.0, 0.6827344
13850.0, 0.68232083
13860.0, 0.68190795
13870.0, 0.68149537
13880.0, 0.68108344
13890.0, 0.680672
13900.0, 0.68026114
13910.0, 0.6798509
13920.0, 0.67944103
13930.0, 0.6790318
13940.0, 0.6786231
13950.0, 0.6782149
13960.0, 0.67780715
13970.0, 0.67740005
13980.0, 0.67699337
13990.0, 0.67658734
14000.0, 0.6761818
14010.0, 0.6757768
14020.0, 0.6753723
14030.0, 0.6749683
14040.0, 0.67456484
14050.0, 0.6741619
14060.0, 0.6737594
14070.0, 0.6733574
14080.0, 0.6729561
14090.0, 0.67255515
14100.0, 0.67215484
14110.0, 0.671755
14120.0, 0.6713557
14130.0, 0.67095685
14140.0, 0.6705584
14150.0, 0.67016065
14160.0, 0.6697634
14170.0, 0.66936654
14180.0, 0.66897035
14190.0, 0.6685745
14200.0, 0.6681792
14210.0, 0.66778445
14220.0, 0.66739017
14230.0, 0.6669964
14240.0, 0.66660315
14250.0, 0.6662105
14260.0, 0.66581815
14270.0, 0.66542643
14280.0, 0.6650351
14290.0, 0.66464436
14300.0, 0.66425395
14310.0, 0.6638642
14320.0, 0.663475
14330.0, 0.6630862
14340.0, 0.66269785
14350.0, 0.6623101
14360.0, 0.66192275
14370.0, 0.66153586
14380.0, 0.66114956
14390.0, 0.6607637
14400.0, 0.66037834
14410.0, 0.65999347
14420.0, 0.659609
14430.0, 0.65922505
14440.0, 0.6588416
14450.0, 0.6584586
14460.0, 0.6580761
14470.0, 0.6576941
14480.0, 0.6573127
14490.0, 0.65693164
14500.0, 0.656551
14510.0, 0.65617096
14520.0, 0.6557913
14530.0, 0.6554121
14540.0, 0.6550334
14550.0, 0.6546552
14560.0, 0.6542775
14570.0, 0.6539002
14580.0, 0.6535235
14590.0, 0.65314716
14600.0, 0.6527713
14610.0, 0.65239596
14620.0, 0.65202093
14630.0, 0.6516465
14640.0, 0.65127254
14650.0, 0.650899
14660.0, 0.6505259
14670.0, 0.65015334
14680.0, 0.6497811
14690.0, 0.6494094
14700.0, 0.64903814
14710.0, 0.64866745
14720.0, 0.6482971
14730.0, 0.6479273
14740.0, 0.6475578
14750.0, 0.6471889
14760.0, 0.64682037
14770.0, 0.64645225
14780.0, 0.64608467
14790.0, 0.64571756
14800.0, 0.6453509
14810.0, 0.6449846
14820.0, 0.64461887
14830.0, 0.6442535
14840.0, 0.64388853
14850.0, 0.64352405
14860.0, 0.6431601
14870.0, 0.6427965
14880.0, 0.6424334
14890.0, 0.6420707
14900.0, 0.6417085
14910.0, 0.6413467
14920.0, 0.6409853
14930.0, 0.64062434
14940.0, 0.6402639
14950.0, 0.63990384
14960.0, 0.6395443
14970.0, 0.6391851
14980.0, 0.6388264
14990.0, 0.63846797
15000.0, 0.6381103
15010.0, 0.63775265
15020.0, 0.6373956
15030.0, 0.6370391
15040.0, 0.6366829
15050.0, 0.6363272
15060.0, 0.63597196
15070.0, 0.6356171
15080.0, 0.63526267
15090.0, 0.6349087
15100.0, 0.63455504
15110.0, 0.63420194
15120.0, 0.6338492
15130.0, 0.6334969
15140.0, 0.63314503
15150.0, 0.6327935
15160.0, 0.63244253
15170.0, 0.6320918
15180.0, 0.63174164
15190.0, 0.6313918
15200.0, 0.6310424
15210.0, 0.6306936
15220.0, 0.63034505
15230.0, 0.62999684
15240.0, 0.6296492
15250.0, 0.62930185
15260.0, 0.62895495
15270.0, 0.6286085
15280.0, 0.6282626
15290.0, 0.6279169
15300.0, 0.62757164
15310.0, 0.62722677
15320.0, 0.62688243
15330.0, 0.6265384
15340.0, 0.6261948
15350.0, 0.6258516
15360.0, 0.6255088
15370.0, 0.6251664
15380.0, 0.62482446
15390.0, 0.6244828
15400.0, 0.62414175
15410.0, 0.62380093
15420.0, 0.6234605
15430.0, 0.62312055
15440.0, 0.622781
15450.0, 0.6224419
15460.0, 0.6221031
15470.0, 0.6217647
15480.0, 0.62142676
15490.0, 0.62108916
15500.0, 0.620752
15510.0, 0.6204151
15520.0, 0.62007874
15530.0, 0.61974275
15540.0, 0.6194072
15550.0, 0.61907196
15560.0, 0.6187371
15570.0, 0.6184027
15580.0, 0.6180686
15590.0, 0.61773497
15600.0, 0.61740166
15610.0, 0.6170689
15620.0, 0.6167364
15630.0, 0.6164043
15640.0, 0.61607254
15650.0, 0.6157412
15660.0, 0.6154103
15670.0, 0.6150797
15680.0, 0.61474943
15690.0, 0.6144197
15700.0, 0.61409026
15710.0, 0.6137613
15720.0, 0.6134325
15730.0, 0.6131042
15740.0, 0.61277646
15750.0, 0.6124488
15760.0, 0.61212176
15770.0, 0.61179495
15780.0, 0.6114686
15790.0, 0.6111425
15800.0, 0.6108169
15810.0, 0.6104916
15820.0, 0.6101668
15830.0, 0.60984224
15840.0, 0.6095181
15850.0, 0.60919434
15860.0, 0.6088709
15870.0, 0.6085478
15880.0, 0.6082252
15890.0, 0.60790294
15900.0, 0.607581
15910.0, 0.60725945
15920.0, 0.6069383
15930.0, 0.6066174
15940.0, 0.60629696
15950.0, 0.6059769
15960.0, 0.60565716
15970.0, 0.6053378
15980.0, 0.6050188
15990.0, 0.60470015
16000.0, 0.6043819
16010.0, 0.6040639
16020.0, 0.6037464
16030.0, 0.6034292
16040.0, 0.60311234
16050.0, 0.60279596
16060.0, 0.6024798
16070.0, 0.6021641
16080.0, 0.60184866
16090.0, 0.60153353
16100.0, 0.6012189
16110.0, 0.6009045
16120.0, 0.6005905
16130.0, 0.600277
16140.0, 0.5999636
16150.0, 0.59965074
16160.0, 0.5993382
16170.0, 0.59902596
16180.0, 0.5987141
16190.0, 0.5984025
16200.0, 0.59809136
16210.0, 0.59778064
16220.0, 0.5974702
16230.0, 0.59716004
16240.0, 0.5968503
16250.0, 0.5965408
16260.0, 0.59623176
16270.0, 0.59592295
16280.0, 0.5956146
16290.0, 0.5953065
16300.0, 0.5949989
16310.0, 0.59469146
16320.0, 0.59438443
16330.0, 0.5940778
16340.0, 0.5937714
16350.0, 0.59346545
16360.0, 0.59315985
16370.0, 0.5928545
16380.0, 0.5925495
16390.0, 0.5922449
16400.0, 0.59194064
16410.0, 0.59163666
16420.0, 0.5913331
16430.0, 0.5910297
16440.0, 0.5907268
16450.0, 0.5904241
16460.0, 0.59012187
16470.0, 0.58982
16480.0, 0.58951837
16490.0, 0.58921707
16500.0, 0.5889161
16510.0, 0.58861554
16520.0, 0.5883151
16530.0, 0.58801526
16540.0, 0.58771557
16550.0, 0.58741635
16560.0, 0.5871174
16570.0, 0.58681875
16580.0, 0.5865205
16590.0, 0.58622247
16600.0, 0.58592474
16610.0, 0.5856274
16620.0, 0.58533037
16630.0, 0.5850338
16640.0, 0.58473736
16650.0, 0.5844413
16660.0, 0.58414567
16670.0, 0.58385026
16680.0, 0.5835552
16690.0, 0.5832605
16700.0, 0.58296597
16710.0, 0.582672
16720.0, 0.58237815
16730.0, 0.5820847
16740.0, 0.5817916
16750.0, 0.5814988
16760.0, 0.58120626
16770.0, 0.580914
16780.0, 0.5806222
16790.0, 0.5803306
16800.0, 0.5800393
16810.0, 0.57974845
16820.0, 0.5794578
16830.0, 0.57916754
16840.0, 0.57887757
16850.0, 0.57858783
16860.0, 0.57829857
16870.0, 0.57800955
16880.0, 0.5777208
16890.0, 0.5774324
16900.0, 0.5771443
16910.0, 0.5768565
16920.0, 0.57656896
16930.0, 0.5762818
16940.0, 0.5759949
16950.0, 0.5757084
16960.0, 0.5754221
16970.0, 0.5751361
16980.0, 0.5748505
16990.0, 0.5745652
17000.0, 0.5742801
17010.0, 0.57399535
17020.0, 0.57371104
17030.0, 0.5734269
17040.0, 0.57314306
17050.0, 0.5728596
17060.0, 0.57257646
17070.0, 0.5722935
17080.0, 0.5720109
17090.0, 0.57172865
17100.0, 0.5714466
17110.0, 0.5711649
17120.0, 0.5708834
17130.0, 0.5706024
17140.0, 0.5703215
17150.0, 0.57004106
17160.0, 0.5697608
17170.0, 0.5694809
17180.0, 0.56920135
17190.0, 0.56892204
17200.0, 0.5686429
17210.0, 0.5683643
17220.0, 0.56808585
17230.0, 0.5678078
17240.0, 0.56752986
17250.0, 0.56725234
17260.0, 0.5669751
17270.0, 0.5666982
17280.0, 0.56642133
17290.0, 0.566145
17300.0, 0.565869
17310.0, 0.56559324
17320.0, 0.5653177
17330.0, 0.56504244
17340.0, 0.5647675
17350.0, 0.56449294
17360.0, 0.56421846
17370.0, 0.5639445
17380.0, 0.5636707
17390.0, 0.56339717
17400.0, 0.563124
17410.0, 0.5628511
17420.0, 0.56257844
17430.0, 0.56230605
17440.0, 0.562034
17450.0, 0.5617622
17460.0, 0.5614908
17470.0, 0.5612195
17480.0, 0.5609486
17490.0, 0.56067795
17500.0, 0.56040764
17510.0, 0.5601375
17520.0, 0.5598677
17530.0, 0.55959815
17540.0, 0.559329
17550.0, 0.55906004
17560.0, 0.5587914
17570.0, 0.55852294
17580.0, 0.5582548
17590.0, 0.5579869
17600.0, 0.55771935
17610.0, 0.557452
17620.0, 0.557185
17630.0, 0.5569183
17640.0, 0.5566519
17650.0, 0.55638564
17660.0, 0.5561197
17670.0, 0.5558541
17680.0, 0.5555887
17690.0, 0.5553236
17700.0, 0.5550588
17710.0, 0.55479425
17720.0, 0.5545299
17730.0, 0.554266
17740.0, 0.55400217
17750.0, 0.5537388
17760.0, 0.55347556
17770.0, 0.55321264
17780.0, 0.5529499
17790.0, 0.5526875
17800.0, 0.55242544
17810.0, 0.55216366
17820.0, 0.55190206
17830.0, 0.55164075
17840.0, 0.5513797
17850.0, 0.55111897
17860.0, 0.5508584
17870.0, 0.55059814
17880.0, 0.55033827
17890.0, 0.5500785
17900.0, 0.549819
17910.0, 0.5495599
17920.0, 0.5493009
17930.0, 0.5490422
17940.0, 0.5487838
17950.0, 0.5485257
17960.0, 0.5482679
17970.0, 0.54801023
17980.0, 0.54775286
17990.0, 0.54749584
18000.0, 0.5472389
18010.0, 0.54698235
18020.0, 0.54672605
18030.0, 0.54647
18040.0, 0.5462143
18050.0, 0.54595876
18060.0, 0.5457034
18070.0, 0.5454484
18080.0, 0.5451936
18090.0, 0.5449391
18100.0, 0.5446849
18110.0, 0.5444308
18120.0, 0.5441772
18130.0, 0.54392374
18140.0, 0.5436704
18150.0, 0.54341745
18160.0, 0.54316473
18170.0, 0.5429123
18180.0, 0.54266006
18190.0, 0.5424081
18200.0, 0.5421564
18210.0, 0.541905
18220.0, 0.5416539
18230.0, 0.5414028
18240.0, 0.5411521
18250.0, 0.54090166
18260.0, 0.54065144
18270.0, 0.54040146
18280.0, 0.5401518
18290.0, 0.5399023
18300.0, 0.53965324
18310.0, 0.5394042
18320.0, 0.5391555
18330.0, 0.5389071
18340.0, 0.5386588
18350.0, 0.5384109
18360.0, 0.5381631
18370.0, 0.53791577
18380.0, 0.53766847
18390.0, 0.5374215
18400.0, 0.5371747
18410.0, 0.53692824
18420.0, 0.53668195
18430.0, 0.536436
18440.0, 0.5361903
18450.0, 0.53594464
18460.0, 0.5356994
18470.0, 0.53545445
18480.0, 0.53520966
18490.0, 0.53496516
18500.0, 0.53472084
18510.0, 0.5344767
18520.0, 0.534233
18530.0, 0.53398937
18540.0, 0.533746
18550.0, 0.5335029
18560.0, 0.53326
18570.0, 0.5330174
18580.0, 0.532775
18590.0, 0.5325328
18600.0, 0.53229094
18610.0, 0.53204924
18620.0, 0.53180784
18630.0, 0.53156656
18640.0, 0.5313257
18650.0, 0.5310849
18660.0, 0.53084445
18670.0, 0.5306041
18680.0, 0.53036416
18690.0, 0.5301243
18700.0, 0.52988476
18710.0, 0.52964544
18720.0, 0.52940637
18730.0, 0.5291675
18740.0, 0.5289289
18750.0, 0.5286904
18760.0, 0.5284523
18770.0, 0.5282144
18780.0, 0.52797663
18790.0, 0.52773917
18800.0, 0.527502
18810.0, 0.527265
18820.0, 0.52702814
18830.0, 0.52679163
18840.0, 0.52655536
18850.0, 0.5263192
18860.0, 0.5260834
18870.0, 0.5258476
18880.0, 0.52561235
18890.0, 0.52537715
18900.0, 0.52514225
18910.0, 0.52490747
18920.0, 0.524673
18930.0, 0.5244387
18940.0, 0.5242046
18950.0, 0.5239708
18960.0, 0.52373725
18970.0, 0.52350396
18980.0, 0.5232707
18990.0, 0.52303785
19000.0, 0.5228051
19010.0, 0.52257264
19020.0, 0.52234036
19030.0, 0.5221083
19040.0, 0.52187645
19050.0, 0.52164495
19060.0, 0.52141356
19070.0, 0.5211824
19080.0, 0.5209515
19090.0, 0.5207209
19100.0, 0.5204904
19110.0, 0.52026016
19120.0, 0.52002996
19130.0, 0.5198003
19140.0, 0.51957065
19150.0, 0.5193413
19160.0, 0.5191121
19170.0, 0.51888317
19180.0, 0.5186545
19190.0, 0.518426
19200.0, 0.5181976
19210.0, 0.5179696
19220.0, 0.5177417
19230.0, 0.51751405
19240.0, 0.5172866
19250.0, 0.5170594
19260.0, 0.5168325
19270.0, 0.5166056
19280.0, 0.5163791
19290.0, 0.51615274
19300.0, 0.51592666
19310.0, 0.5157007
19320.0, 0.51547503
19330.0, 0.51524955
19340.0, 0.5150243
19350.0, 0.51479906
19360.0, 0.5145743
19370.0, 0.5143496
19380.0, 0.5141252
19390.0, 0.51390094
19400.0, 0.513677
19410.0, 0.5134532
19420.0, 0.51322967
19430.0, 0.5130062
19440.0, 0.5127831
19450.0, 0.51256007
19460.0, 0.5123374
19470.0, 0.5121149
19480.0, 0.5118925
19490.0, 0.51167035
19500.0, 0.5114485
19510.0, 0.5112268
19520.0, 0.5110052
19530.0, 0.51078385
19540.0, 0.5105629
19550.0, 0.51034194
19560.0, 0.5101212
19570.0, 0.50990087
19580.0, 0.50968057
19590.0, 0.5094605
19600.0, 0.5092406
19610.0, 0.509021
19620.0, 0.5088015
19630.0, 0.50858235
19640.0, 0.50836325
19650.0, 0.50814456
19660.0, 0.5079258
19670.0, 0.5077074
19680.0, 0.50748914
19690.0, 0.5072712
19700.0, 0.5070534
19710.0, 0.50683576
19720.0, 0.5066184
19730.0, 0.5064012
19740.0, 0.5061841
19750.0, 0.5059674
19760.0, 0.5057507
19770.0, 0.50553435
19780.0, 0.5053181
19790.0, 0.5051021
19800.0, 0.5048863
19810.0, 0.5046707
19820.0, 0.50445527
19830.0, 0.50424004
19840.0, 0.504025
19850.0, 0.5038102
19860.0, 0.50359553
19870.0, 0.50338113
19880.0, 0.503167
19890.0, 0.5029529
19900.0, 0.5027391
19910.0, 0.50252545
19920.0, 0.502312
19930.0, 0.50209874
19940.0, 0.5018857
19950.0, 0.50167286
19960.0, 0.50146025
19970.0, 0.50124776
19980.0, 0.5010355
19990.0, 0.5008233
20000.0, 0.5006115
20010.0, 0.5003998
20020.0, 0.50018835
20030.0, 0.49997702
20040.0, 0.49976587
20050.0, 0.49955496
20060.0, 0.49934432
20070.0, 0.49913374
20080.0, 0.49892348
20090.0, 0.49871325
20100.0, 0.49850333
20110.0, 0.49829355
20120.0, 0.498084
20130.0, 0.49787468
20140.0, 0.49766544
20150.0, 0.4974564
20160.0, 0.4972476
20170.0, 0.497039
20180.0, 0.49683046
20190.0, 0.49662226
20200.0, 0.49641412
20210.0, 0.4962063
20220.0, 0.49599862
20230.0, 0.49579114
20240.0, 0.49558383
20250.0, 0.4953767
20260.0, 0.49516976
20270.0, 0.494963
20280.0, 0.49475643
20290.0, 0.4945501
20300.0, 0.4943439
20310.0, 0.49413788
20320.0, 0.49393207
20330.0, 0.49372637
20340.0, 0.49352095
20350.0, 0.49331573
20360.0, 0.49311057
20370.0, 0.49290574
20380.0, 0.49270105
20390.0, 0.4924965
20400.0, 0.49229217
20410.0, 0.492088
20420.0, 0.49188396
20430.0, 0.4916802
20440.0, 0.49147657
20450.0, 0.49127316
20460.0, 0.49106994
20470.0, 0.49086684
20480.0, 0.49066392
20490.0, 0.49046117
20500.0, 0.4902587
20510.0, 0.49005634
20520.0, 0.4898542
20530.0, 0.48965216
20540.0, 0.4894504
20550.0, 0.48924875
20560.0, 0.48904735
20570.0, 0.48884603
20580.0, 0.48864496
20590.0, 0.48844406
20600.0, 0.4882433
20610.0, 0.48804274
20620.0, 0.48784235
20630.0, 0.48764214
20640.0, 0.48744217
20650.0, 0.48724234
20660.0, 0.48704264
20670.0, 0.48684314
20680.0, 0.48664385
20690.0, 0.48644465
20700.0, 0.4862457
20710.0, 0.48604697
20720.0, 0.48584837
20730.0, 0.48564994
20740.0, 0.48545167
20750.0, 0.4852536
20760.0, 0.48505569
20770.0, 0.48485792
20780.0, 0.48466036
20790.0, 0.48446295
20800.0, 0.48426574
20810.0, 0.4840687
20820.0, 0.48387182
20830.0, 0.4836752
20840.0, 0.48347858
20850.0, 0.48328224
20860.0, 0.48308602
20870.0, 0.48289007
20880.0, 0.48269427
20890.0, 0.4824986
20900.0, 0.48230305
20910.0, 0.48210776
20920.0, 0.48191255
20930.0, 0.48171762
20940.0, 0.48152277
20950.0, 0.48132816
20960.0, 0.48113367
20970.0, 0.48093942
20980.0, 0.48074526
20990.0, 0.4805513
21000.0, 0.48035753
21010.0, 0.4801639
21020.0, 0.4799704
21030.0, 0.47977716
21040.0, 0.47958398
21050.0, 0.4793911
21060.0, 0.4791983
21070.0, 0.47900572
21080.0, 0.47881317
21090.0, 0.47862092
21100.0, 0.4784288
21110.0, 0.47823685
21120.0, 0.47804505
21130.0, 0.47785345
21140.0, 0.47766203
21150.0, 0.47747073
21160.0, 0.4772796
21170.0, 0.47708866
21180.0, 0.4768979
21190.0, 0.4767072
21200.0, 0.47651675
21210.0, 0.4763265
21220.0, 0.4761364
21230.0, 0.47594643
21240.0, 0.47575662
21250.0, 0.47556698
21260.0, 0.47537744
21270.0, 0.47518808
21280.0, 0.47499904
21290.0, 0.47481
21300.0, 0.4746212
21310.0, 0.4744325
21320.0, 0.474244
21330.0, 0.47405565
21340.0, 0.4738675
21350.0, 0.47367945
21360.0, 0.4734916
21370.0, 0.47330388
21380.0, 0.47311637
21390.0, 0.472929
21400.0, 0.47274187
21410.0, 0.47255477
21420.0, 0.47236785
21430.0, 0.4721811
21440.0, 0.47199446
21450.0, 0.4718081
21460.0, 0.47162184
21470.0, 0.47143573
21480.0, 0.47124982
21490.0, 0.47106403
21500.0, 0.47087833
21510.0, 0.4706929
21520.0, 0.47050762
21530.0, 0.47032255
21540.0, 0.47013745
21550.0, 0.46995264
21560.0, 0.469768
21570.0, 0.4695835
21580.0, 0.46939906
21590.0, 0.46921483
21600.0, 0.46903077
21610.0, 0.46884692
21620.0, 0.46866313
21630.0, 0.4684796
21640.0, 0.46829617
21650.0, 0.4681129
21660.0, 0.4679298
21670.0, 0.4677468
21680.0, 0.46756396
21690.0, 0.4673813
21700.0, 0.4671988
21710.0, 0.46701652
21720.0, 0.46683425
21730.0, 0.46665218
21740.0, 0.46647033
21750.0, 0.46628863
21760.0, 0.466107
21770.0, 0.4659255
21780.0, 0.46574432
21790.0, 0.46556318
21800.0, 0.46538222
21810.0, 0.46520132
21820.0, 0.46502072
21830.0, 0.4648402
21840.0, 0.46465984
21850.0, 0.4644796
21860.0, 0.46429962
21870.0, 0.46411958
21880.0, 0.4639399
21890.0, 0.46376026
21900.0, 0.4635808
21910.0, 0.4634014
21920.0, 0.4632223
21930.0, 0.46304327
21940.0, 0.46286443
21950.0, 0.46268567
21960.0, 0.46250716
21970.0, 0.46232876
21980.0, 0.4621505
21990.0, 0.4619724
22000.0, 0.4617944
22010.0, 0.46161655
22020.0, 0.46143886
22030.0, 0.46126136
22040.0, 0.46108395
22050.0, 0.46090677
22060.0, 0.46072963
22070.0, 0.4605527
22080.0, 0.4603759
22090.0, 0.46019927
22100.0, 0.46002272
22110.0, 0.4598464
22120.0, 0.45967013
22130.0, 0.45949414
22140.0, 0.4593182
22150.0, 0.45914245
22160.0, 0.4589668
22170.0, 0.45879132
22180.0, 0.458616
22190.0, 0.4584408
22200.0, 0.45826572
22210.0, 0.45809087
22220.0, 0.45791605
22230.0, 0.45774147
22240.0, 0.45756695
22250.0, 0.45739263
22260.0, 0.45721844
22270.0, 0.45704448
22280.0, 0.45687056
22290.0, 0.45669678
22300.0, 0.45652318
22310.0, 0.45634976
22320.0, 0.45617637
22330.0, 0.45600322
22340.0, 0.45583016
22350.0, 0.45565724
22360.0, 0.45548454
22370.0, 0.45531192
22380.0, 0.45513937
22390.0, 0.45496702
22400.0, 0.45479485
22410.0, 0.45462283
22420.0, 0.45445094
22430.0, 0.45427912
22440.0, 0.45410746
22450.0, 0.45393592
22460.0, 0.45376468
22470.0, 0.45359346
22480.0, 0.4534224
22490.0, 0.45325142
22500.0, 0.45308068
22510.0, 0.45290998
22520.0, 0.4527395
22530.0, 0.452569
22540.0, 0.4523988
22550.0, 0.4522287
22560.0, 0.4520588
22570.0, 0.45188892
22580.0, 0.45171922
22590.0, 0.45154968
22600.0, 0.4513803
22610.0, 0.451211
22620.0, 0.45104185
22630.0, 0.45087296
22640.0, 0.45070404
22650.0, 0.4505353
22660.0, 0.45036662
22670.0, 0.45019823
22680.0, 0.45002988
22690.0, 0.44986174
22700.0, 0.44969362
22710.0, 0.44952577
22720.0, 0.44935796
22730.0, 0.44919038
22740.0, 0.44902283
22750.0, 0.44885552
22760.0, 0.44868824
22770.0, 0.44852114
22780.0, 0.44835413
22790.0, 0.44818735
22800.0, 0.4480206
22810.0, 0.44785407
22820.0, 0.44768766
22830.0, 0.44752136
22840.0, 0.44735515
22850.0, 0.44718912
22860.0, 0.4470232
22870.0, 0.4468575
22880.0, 0.4466918
22890.0, 0.44652632
22900.0, 0.44636095
22910.0, 0.44619575
22920.0, 0.4460306
22930.0, 0.44586566
22940.0, 0.44570073
22950.0, 0.4455361
22960.0, 0.44537148
22970.0, 0.44520706
22980.0, 0.44504273
22990.0, 0.4448786
23000.0, 0.44471455
23010.0, 0.44455057
23020.0, 0.4443868
23030.0, 0.44422314
23040.0, 0.44405952
23050.0, 0.44389626
23060.0, 0.4437329
23070.0, 0.44356975
23080.0, 0.44340673
23090.0, 0.4432439
23100.0, 0.44308114
23110.0, 0.44291848
23120.0, 0.44275606
23130.0, 0.44259372
23140.0, 0.44243145
23150.0, 0.44226933
23160.0, 0.44210732
23170.0, 0.44194546
23180.0, 0.44178376
23190.0, 0.4416221
23200.0, 0.44146067
23210.0, 0.44129938
23220.0, 0.4411381
23230.0, 0.44097704
23240.0, 0.44081607
23250.0, 0.4406552
23260.0, 0.44049457
23270.0, 0.44033393
23280.0, 0.44017345
23290.0, 0.4400132
23300.0, 0.43985298
23310.0, 0.43969294
23320.0, 0.43953297
23330.0, 0.43937314
23340.0, 0.43921334
23350.0, 0.4390538
23360.0, 0.43889436
23370.0, 0.43873504
23380.0, 0.4385759
23390.0, 0.43841684
23400.0, 0.43825787
23410.0, 0.438099
23420.0, 0.43794036
23430.0, 0.43778172
23440.0, 0.4376233
23450.0, 0.43746495
23460.0, 0.43730682
23470.0, 0.43714872
23480.0, 0.4369907
23490.0, 0.43683288
23500.0, 0.43667516
23510.0, 0.4365176
23520.0, 0.43636006
23530.0, 0.43620276
23540.0, 0.43604553
23550.0, 0.4358885
23560.0, 0.43573144
23570.0, 0.43557465
23580.0, 0.43541795
23590.0, 0.43526125
23600.0, 0.43510476
23610.0, 0.4349484
23620.0, 0.43479225
23630.0, 0.4346361
23640.0, 0.43448007
23650.0, 0.43432412
23660.0, 0.43416843
23670.0, 0.43401277
23680.0, 0.43385723
23690.0, 0.4337018
23700.0, 0.43354654
23710.0, 0.43339142
23720.0, 0.43323636
23730.0, 0.43308145
23740.0, 0.4329267
23750.0, 0.43277198
23760.0, 0.43261737
23770.0, 0.43246296
23780.0, 0.43230864
23790.0, 0.43215448
23800.0, 0.4320004
23810.0, 0.43184638
23820.0, 0.43169254
23830.0, 0.43153873
23840.0, 0.43138516
23850.0, 0.4312317
23860.0, 0.43107834
23870.0, 0.43092507
23880.0, 0.430772
23890.0, 0.4306189
23900.0, 0.430466
23910.0, 0.43031317
23920.0, 0.43016055
23930.0, 0.43000796
23940.0, 0.42985553
23950.0, 0.4297032
23960.0, 0.42955106
23970.0, 0.42939895
23980.0, 0.42924693
23990.0, 0.4290951
24000.0, 0.42894334
24010.0, 0.42879173
24020.0, 0.42864025
24030.0, 0.42848888
24040.0, 0.4283376
24050.0, 0.42818645
24060.0, 0.4280354
24070.0, 0.4278845
24080.0, 0.4277337
24090.0, 0.42758298
24100.0, 0.42743233
24110.0, 0.42728192
24120.0, 0.42713153
24130.0, 0.4269813
24140.0, 0.42683116
24150.0, 0.42668113
24160.0, 0.42653129
24170.0, 0.4263815
24180.0, 0.4262318
24190.0, 0.42608225
24200.0, 0.42593277
24210.0, 0.42578346
24220.0, 0.4256343
24230.0, 0.4254851
24240.0, 0.42533618
24250.0, 0.42518726
24260.0, 0.42503855
24270.0, 0.42488986
24280.0, 0.4247413
24290.0, 0.42459276
24300.0, 0.4244445
24310.0, 0.4242963
24320.0, 0.42414817
24330.0, 0.4240002
24340.0, 0.42385238
24350.0, 0.4237046
24360.0, 0.42355692
24370.0, 0.42340934
24380.0, 0.42326203
24390.0, 0.42311466
24400.0, 0.4229675
24410.0, 0.42282036
24420.0, 0.42267337
24430.0, 0.42252654
24440.0, 0.42237973
24450.0, 0.42223305
24460.0, 0.42208654
24470.0, 0.42194012
24480.0, 0.42179376
24490.0, 0.42164752
24500.0, 0.42150146
24510.0, 0.42135543
24520.0, 0.42120954
24530.0, 0.42106375
24540.0, 0.4209181
24550.0, 0.42077258
24560.0, 0.42062715
24570.0, 0.42048177
24580.0, 0.42033648
24590.0, 0.4201914
24600.0, 0.42004636
24610.0, 0.4199015
24620.0, 0.41975662
24630.0, 0.41961196
24640.0, 0.4194674
24650.0, 0.41932297
24660.0, 0.41917855
24670.0, 0.41903427
24680.0, 0.41889006
24690.0, 0.4187461
24700.0, 0.41860214
24710.0, 0.4184583
24720.0, 0.41831455
24730.0, 0.41817102
24740.0, 0.41802743
24750.0, 0.41788405
24760.0, 0.41774067
24770.0, 0.4175975
24780.0, 0.41745442
24790.0, 0.41731143
24800.0, 0.41716853
24810.0, 0.4170258
24820.0, 0.41688314
24830.0, 0.4167406
24840.0, 0.41659808
24850.0, 0.41645575
24860.0, 0.41631347
24870.0, 0.41617134
24880.0, 0.4160293
24890.0, 0.4158874
24900.0, 0.41574556
24910.0, 0.41560385
24920.0, 0.4154622
24930.0, 0.4153206
24940.0, 0.41517928
24950.0, 0.415038
24960.0, 0.41489676
24970.0, 0.41475567
24980.0, 0.41461465
24990.0, 0.41447374
25000.0, 0.41433305
25010.0, 0.41419232
25020.0, 0.41405177
25030.0, 0.41391122
25040.0, 0.41377085
25050.0, 0.41363063
25060.0, 0.41349044
25070.0, 0.41335034
25080.0, 0.41321042
25090.0, 0.4130705
25100.0, 0.41293076
25110.0, 0.41279107
25120.0, 0.41265154
25130.0, 0.41251212
25140.0, 0.4123727
25150.0, 0.4122335
25160.0, 0.41209432
25170.0, 0.41195533
25180.0, 0.41181636
25190.0, 0.4116775
25200.0, 0.41153875
25210.0, 0.4114001
25220.0, 0.4112616
25230.0, 0.41112316
25240.0, 0.41098478
25250.0, 0.41084653
25260.0, 0.4107084
25270.0, 0.41057032
25280.0, 0.41043237
25290.0, 0.4102946
25300.0, 0.41015685
25310.0, 0.41001922
25320.0, 0.40988168
25330.0, 0.40974426
25340.0, 0.40960687
25350.0, 0.40946966
25360.0, 0.4093325
25370.0, 0.40919545
25380.0, 0.40905857
25390.0, 0.4089217
25400.0, 0.40878496
25410.0, 0.40864828
25420.0, 0.40851167
25430.0, 0.40837523
25440.0, 0.40823892
25450.0, 0.40810266
25460.0, 0.40796652
25470.0, 0.40783048
25480.0, 0.4076945
25490.0, 0.40755865
25500.0, 0.40742287
25510.0, 0.4072872
25520.0, 0.40715167
25530.0, 0.4070161
25540.0, 0.4068808
25550.0, 0.4067455
25560.0, 0.40661034
25570.0, 0.40647528
25580.0, 0.40634027
25590.0, 0.4062054
25600.0, 0.4060706
25610.0, 0.40593588
25620.0, 0.40580133
25630.0, 0.40566683
25640.0, 0.40553242
25650.0, 0.4053981
25660.0, 0.4052639
25670.0, 0.4051298
25680.0, 0.40499577
25690.0, 0.4048618
25700.0, 0.40472803
25710.0, 0.4045943
25720.0, 0.40446064
25730.0, 0.40432706
25740.0, 0.40419367
25750.0, 0.4040602
25760.0, 0.40392697
25770.0, 0.4037938
25780.0, 0.40366074
25790.0, 0.4035278
25800.0, 0.4033949
25810.0, 0.40326214
25820.0, 0.40312946
25830.0, 0.40299687
25840.0, 0.40286437
25850.0, 0.40273193
25860.0, 0.4025996
25870.0, 0.4024674
25880.0, 0.40233526
25890.0, 0.40220326
25900.0, 0.4020713
25910.0, 0.4019395
25920.0, 0.4018077
25930.0, 0.40167606
25940.0, 0.40154448
25950.0, 0.40141305
25960.0, 0.40128168
25970.0, 0.40115038
25980.0, 0.40101916
25990.0, 0.4008881
26000.0, 0.4007571
26010.0, 0.40062618
26020.0, 0.40049532
26030.0, 0.4003646
26040.0, 0.40023392
26050.0, 0.4001034
26060.0, 0.39997292
26070.0, 0.3998426
26080.0, 0.39971232
26090.0, 0.39958212
26100.0, 0.39945203
26110.0, 0.39932206
26120.0, 0.39919218
26130.0, 0.3990623
26140.0, 0.39893264
26150.0, 0.398803
26160.0, 0.39867347
26170.0, 0.39854398
26180.0, 0.3984147
26190.0, 0.39828533
26200.0, 0.39815614
26210.0, 0.39802712
26220.0, 0.3978981
26230.0, 0.3977692
26240.0, 0.3976404
26250.0, 0.39751166
26260.0, 0.39738306
26270.0, 0.39725444
26280.0, 0.39712602
26290.0, 0.39699763
26300.0, 0.3968694
26310.0, 0.39674118
26320.0, 0.39661312
26330.0, 0.39648512
26340.0, 0.39635724
26350.0, 0.39622936
26360.0, 0.39610162
26370.0, 0.39597392
26380.0, 0.3958464
26390.0, 0.39571893
26400.0, 0.39559153
26410.0, 0.39546418
26420.0, 0.39533696
26430.0, 0.3952099
26440.0, 0.39508283
26450.0, 0.39495587
26460.0, 0.3948291
26470.0, 0.39470235
26480.0, 0.39457563
26490.0, 0.39444906
26500.0, 0.3943225
26510.0, 0.39419612
26520.0, 0.39406976
26530.0, 0.39394352
26540.0, 0.39381737
26550.0, 0.3936913
26560.0, 0.39356533
26570.0, 0.39343947
26580.0, 0.39331365
26590.0, 0.39318794
26600.0, 0.39306226
26610.0, 0.39293677
26620.0, 0.39281127
26630.0, 0.39268598
26640.0, 0.39256066
26650.0, 0.3924355
26660.0, 0.39231032
26670.0, 0.3921853
26680.0, 0.3920603
26690.0, 0.39193547
26700.0, 0.39181072
26710.0, 0.39168605
26720.0, 0.39156145
26730.0, 0.39143693
26740.0, 0.39131254
26750.0, 0.39118814
26760.0, 0.3910639
26770.0, 0.39093974
26780.0, 0.3908157
26790.0, 0.39069167
26800.0, 0.39056778
26810.0, 0.39044395
26820.0, 0.39032018
26830.0, 0.39019647
26840.0, 0.39007294
26850.0, 0.38994944
26860.0, 0.38982606
26870.0, 0.3897027
26880.0, 0.3895795
26890.0, 0.38945636
26900.0, 0.38933328
26910.0, 0.38921022
26920.0, 0.38908744
26930.0, 0.38896456
26940.0, 0.38884187
26950.0, 0.38871914
26960.0, 0.38859665
26970.0, 0.3884741
26980.0, 0.38835177
26990.0, 0.38822943
27000.0, 0.38810715
27010.0, 0.387985
27020.0, 0.38786295
27030.0, 0.387741
27040.0, 0.38761908
27050.0, 0.3874973
27060.0, 0.3873755
27070.0, 0.38725388
27080.0, 0.38713232
27090.0, 0.38701084
27100.0, 0.3868894
27110.0, 0.3867681
27120.0, 0.38664684
27130.0, 0.38652575
27140.0, 0.38640463
27150.0, 0.38628364
27160.0, 0.38616264
27170.0, 0.38604185
27180.0, 0.38592106
27190.0, 0.3858004
27200.0, 0.38567984
27210.0, 0.38555932
27220.0, 0.38543892
27230.0, 0.38531858
27240.0, 0.38519832
27250.0, 0.38507816
27260.0, 0.38495803
27270.0, 0.38483804
27280.0, 0.38471806
27290.0, 0.38459826
27300.0, 0.38447848
27310.0, 0.3843587
27320.0, 0.38423908
27330.0, 0.3841196
27340.0, 0.38400015
27350.0, 0.38388073
27360.0, 0.38376147
27370.0, 0.38364223
27380.0, 0.38352317
27390.0, 0.3834041
27400.0, 0.3832851
27410.0, 0.3831662
27420.0, 0.3830474
27430.0, 0.38292867
27440.0, 0.38281003
27450.0, 0.38269138
27460.0, 0.38257298
27470.0, 0.38245448
27480.0, 0.3823362
27490.0, 0.38221788
27500.0, 0.38209975
27510.0, 0.38198164
27520.0, 0.3818636
27530.0, 0.3817457
27540.0, 0.38162783
27550.0, 0.38151
27560.0, 0.38139227
27570.0, 0.38127467
27580.0, 0.3811571
27590.0, 0.38103962
27600.0, 0.38092232
27610.0, 0.380805
27620.0, 0.38068768
27630.0, 0.38057056
27640.0, 0.38045344
27650.0, 0.38033646
27660.0, 0.3802195
27670.0, 0.38010272
27680.0, 0.37998587
27690.0, 0.37986922
27700.0, 0.37975258
27710.0, 0.37963605
27720.0, 0.37951958
27730.0, 0.37940323
27740.0, 0.3792869
27750.0, 0.3791707
27760.0, 0.37905452
27770.0, 0.37893847
27780.0, 0.37882245
27790.0, 0.3787065
27800.0, 0.37859064
27810.0, 0.37847492
27820.0, 0.3783592
27830.0, 0.37824357
27840.0, 0.378128
27850.0, 0.37801257
27860.0, 0.37789714
27870.0, 0.37778187
27880.0, 0.37766662
27890.0, 0.37755153
27900.0, 0.37743637
27910.0, 0.3773214
27920.0, 0.37720647
27930.0, 0.3770916
27940.0, 0.3769768
27950.0, 0.37686208
27960.0, 0.37674746
27970.0, 0.3766329
27980.0, 0.3765185
27990.0, 0.37640405
28000.0, 0.37628967
28010.0, 0.37617543
28020.0, 0.37606126
28030.0, 0.37594712
28040.0, 0.3758331
28050.0, 0.37571916
28060.0, 0.37560534
28070.0, 0.37549144
28080.0, 0.37537777
28090.0, 0.3752641
28100.0, 0.37515047
28110.0, 0.37503698
28120.0, 0.3749235
28130.0, 0.37481022
28140.0, 0.37469694
28150.0, 0.37458366
28160.0, 0.37447053
28170.0, 0.37435752
28180.0, 0.37424448
28190.0, 0.37413153
28200.0, 0.37401876
28210.0, 0.37390596
28220.0, 0.3737933
28230.0, 0.37368065
28240.0, 0.37356806
28250.0, 0.37345564
28260.0, 0.37334323
28270.0, 0.37323087
28280.0, 0.3731186
28290.0, 0.37300646
28300.0, 0.37289432
28310.0, 0.3727823
28320.0, 0.37267032
28330.0, 0.37255841
28340.0, 0.3724466
28350.0, 0.3723349
28360.0, 0.3722232
28370.0, 0.3721116
28380.0, 0.37200004
28390.0, 0.37188864
28400.0, 0.37177724
28410.0, 0.3716659
28420.0, 0.37155464
28430.0, 0.3714435
28440.0, 0.37133235
28450.0, 0.3712213
28460.0, 0.37111038
28470.0, 0.37099952
28480.0, 0.3708887
28490.0, 0.370778
28500.0, 0.3706673
28510.0, 0.37055668
28520.0, 0.37044618
28530.0, 0.3703357
28540.0, 0.3702253
28550.0, 0.370115
28560.0, 0.37000474
28570.0, 0.3698946
28580.0, 0.36978447
28590.0, 0.3696744
28600.0, 0.36956447
28610.0, 0.36945462
28620.0, 0.36934483
28630.0, 0.36923504
28640.0, 0.36912537
28650.0, 0.36901572
28660.0, 0.36890623
28670.0, 0.36879674
28680.0, 0.36868733
28690.0, 0.368578
28700.0, 0.3684688
28710.0, 0.36835963
28720.0, 0.36825046
28730.0, 0.36814144
28740.0, 0.36803246
28750.0, 0.36792353
28760.0, 0.3678147
28770.0, 0.3677059
28780.0, 0.36759722
28790.0, 0.36748856
28800.0, 0.36738005
28810.0, 0.36727157
28820.0, 0.36716318
28830.0, 0.3670548
28840.0, 0.36694652
28850.0, 0.36683828
28860.0, 0.36673015
28870.0, 0.36662206
28880.0, 0.36651403
28890.0, 0.36640617
28900.0, 0.36629826
28910.0, 0.36619043
28920.0, 0.3660827
28930.0, 0.36597508
28940.0, 0.36586744
28950.0, 0.36575997
28960.0, 0.36565247
28970.0, 0.36554512
28980.0, 0.36543778
28990.0, 0.36533052
29000.0, 0.3652233
29010.0, 0.36511624
29020.0, 0.36500916
29030.0, 0.36490217
29040.0, 0.36479527
29050.0, 0.36468843
29060.0, 0.3645816
29070.0, 0.36447492
29080.0, 0.36436823
29090.0, 0.36426172
29100.0, 0.3641552
29110.0, 0.36404875
29120.0, 0.36394235
29130.0, 0.36383608
29140.0, 0.3637298
29150.0, 0.36362368
29160.0, 0.36351752
29170.0, 0.36341146
29180.0, 0.3633055
29190.0, 0.3631996
29200.0, 0.36309376
29210.0, 0.36298802
29220.0, 0.36288226
29230.0, 0.3627766
29240.0, 0.36267108
29250.0, 0.36256558
29260.0, 0.36246017
29270.0, 0.36235476
29280.0, 0.36224946
29290.0, 0.3621442
29300.0, 0.36203903
29310.0, 0.36193395
29320.0, 0.3618289
29330.0, 0.36172393
29340.0, 0.36161897
29350.0, 0.36151415
29360.0, 0.3614094
29370.0, 0.3613046
29380.0, 0.36120006
29390.0, 0.3610954
29400.0, 0.36099088
29410.0, 0.36088642
29420.0, 0.3607821
29430.0, 0.36067775
29440.0, 0.36057347
29450.0, 0.36046928
29460.0, 0.36036515
29470.0, 0.36026108
29480.0, 0.36015707
29490.0, 0.36005315
29500.0, 0.35994932
29510.0, 0.35984546
29520.0, 0.35974172
29530.0, 0.35963807
29540.0, 0.35953447
29550.0, 0.35943094
29560.0, 0.35932744
29570.0, 0.359224
29580.0, 0.35912067
29590.0, 0.35901737
29600.0, 0.35891417
29610.0, 0.358811
29620.0, 0.3587079
29630.0, 0.35860488
29640.0, 0.35850188
29650.0, 0.358399
29660.0, 0.3582962
29670.0, 0.35819337
29680.0, 0.35809067
29690.0, 0.357988
29700.0, 0.3578854
29710.0, 0.3577829
29720.0, 0.3576804
29730.0, 0.35757804
29740.0, 0.35747573
29750.0, 0.35737348
29760.0, 0.35727125
29770.0, 0.3571691
29780.0, 0.35706702
29790.0, 0.35696498
29800.0, 0.35686308
29810.0, 0.3567612
29820.0, 0.35665932
29830.0, 0.3565576
29840.0, 0.35645586
29850.0, 0.3563542
29860.0, 0.35625264
29870.0, 0.35615113
29880.0, 0.3560497
29890.0, 0.35594827
29900.0, 0.35584697
29910.0, 0.3557457
29920.0, 0.3556445
29930.0, 0.35554338
29940.0, 0.35544235
29950.0, 0.35534126
29960.0, 0.35524035
29970.0, 0.35513943
29980.0, 0.3550386
29990.0, 0.35493782
30000.0, 0.35483715
