Energy (in eV), SEEE yield of material sc2k-NASCAP at incidence 0.0 degree
   X,       Y
0.0, 0.0
10.0, 0.121195704
20.0, 0.24113373
30.0, 0.360143
40.0, 0.47828448
50.0, 0.59556705
60.0, 0.711977
70.0, 0.82749057
80.0, 0.94207853
90.0, 1.0557106
100.0, 1.1683533
110.0, 1.2799726
120.0, 1.3905367
130.0, 1.5000131
140.0, 1.6083685
150.0, 1.7155731
160.0, 1.8215972
170.0, 1.92641
180.0, 2.0299857
190.0, 2.1322973
200.0, 2.233319
210.0, 2.3330276
220.0, 2.4313993
230.0, 2.5284123
240.0, 2.6240478
250.0, 2.7182856
260.0, 2.8111079
270.0, 2.9024992
280.0, 2.9924424
290.0, 3.0809252
300.0, 3.167934
310.0, 3.2534566
320.0, 3.337484
330.0, 3.4200048
340.0, 3.501013
350.0, 3.5804992
360.0, 3.6584592
370.0, 3.7348883
380.0, 3.809781
390.0, 3.883136
400.0, 3.954951
410.0, 4.0252247
420.0, 4.0939574
430.0, 4.161152
440.0, 4.226808
450.0, 4.2909303
460.0, 4.353522
470.0, 4.4145875
480.0, 4.4741325
490.0, 4.532164
500.0, 4.588688
510.0, 4.643714
520.0, 4.6972485
530.0, 4.7493014
540.0, 4.7998834
550.0, 4.849004
560.0, 4.896675
570.0, 4.9429083
580.0, 4.9877167
590.0, 5.031112
600.0, 5.073108
610.0, 5.11372
620.0, 5.1529603
630.0, 5.1908445
640.0, 5.227388
650.0, 5.2626066
660.0, 5.296517
670.0, 5.329135
680.0, 5.3604765
690.0, 5.3905597
700.0, 5.419401
710.0, 5.4470196
720.0, 5.4734316
730.0, 5.4986567
740.0, 5.522712
750.0, 5.545617
760.0, 5.5673895
770.0, 5.588048
780.0, 5.607613
790.0, 5.626102
800.0, 5.6435347
810.0, 5.65993
820.0, 5.675308
830.0, 5.6896877
840.0, 5.703088
850.0, 5.715528
860.0, 5.7270284
870.0, 5.737608
880.0, 5.747285
890.0, 5.7560797
900.0, 5.764011
910.0, 5.7710986
920.0, 5.7773604
930.0, 5.7828164
940.0, 5.7874846
950.0, 5.7913847
960.0, 5.7945337
970.0, 5.7969522
980.0, 5.798658
990.0, 5.799667
1000.0, 5.8
1010.0, 5.7996726
1020.0, 5.7987046
1030.0, 5.797112
1040.0, 5.7949133
1050.0, 5.792123
1060.0, 5.788761
1070.0, 5.7848415
1080.0, 5.7803826
1090.0, 5.7754006
1100.0, 5.7699103
1110.0, 5.7639275
1120.0, 5.757469
1130.0, 5.75055
1140.0, 5.7431836
1150.0, 5.735386
1160.0, 5.7271714
1170.0, 5.7185545
1180.0, 5.7095494
1190.0, 5.7001696
1200.0, 5.6904287
1210.0, 5.6803393
1220.0, 5.6699166
1230.0, 5.659172
1240.0, 5.648117
1250.0, 5.6367645
1260.0, 5.6251283
1270.0, 5.613219
1280.0, 5.6010456
1290.0, 5.588624
1300.0, 5.575962
1310.0, 5.5630713
1320.0, 5.549962
1330.0, 5.536646
1340.0, 5.5231314
1350.0, 5.509429
1360.0, 5.4955487
1370.0, 5.4814982
1380.0, 5.4672885
1390.0, 5.4529266
1400.0, 5.4384227
1410.0, 5.423785
1420.0, 5.4090204
1430.0, 5.394138
1440.0, 5.3791447
1450.0, 5.3640494
1460.0, 5.348858
1470.0, 5.333577
1480.0, 5.3182154
1490.0, 5.3027782
1500.0, 5.287273
1510.0, 5.271705
1520.0, 5.256081
1530.0, 5.240406
1540.0, 5.2246866
1550.0, 5.208928
1560.0, 5.1931353
1570.0, 5.1773148
1580.0, 5.16147
1590.0, 5.145606
1600.0, 5.129728
1610.0, 5.11384
1620.0, 5.097946
1630.0, 5.0820513
1640.0, 5.0661583
1650.0, 5.050273
1660.0, 5.034397
1670.0, 5.018535
1680.0, 5.00269
1690.0, 4.9868655
1700.0, 4.9710646
1710.0, 4.95529
1720.0, 4.9395456
1730.0, 4.923834
1740.0, 4.9081554
1750.0, 4.8925157
1760.0, 4.876916
1770.0, 4.861358
1780.0, 4.8458447
1790.0, 4.8303785
1800.0, 4.81496
1810.0, 4.799593
1820.0, 4.7842774
1830.0, 4.7690163
1840.0, 4.753811
1850.0, 4.738663
1860.0, 4.723573
1870.0, 4.708544
1880.0, 4.693576
1890.0, 4.6786704
1900.0, 4.6638293
1910.0, 4.6490526
1920.0, 4.6343417
1930.0, 4.6196976
1940.0, 4.605121
1950.0, 4.5906134
1960.0, 4.576175
1970.0, 4.561806
1980.0, 4.5475087
1990.0, 4.5332813
2000.0, 4.519127
2010.0, 4.505044
2020.0, 4.4910336
2030.0, 4.477097
2040.0, 4.463234
2050.0, 4.449444
2060.0, 4.4357285
2070.0, 4.422087
2080.0, 4.4085197
2090.0, 4.3950276
2100.0, 4.38161
2110.0, 4.368267
2120.0, 4.3549986
2130.0, 4.3418055
2140.0, 4.3286867
2150.0, 4.315644
2160.0, 4.302675
2170.0, 4.2897806
2180.0, 4.276961
2190.0, 4.264217
2200.0, 4.251546
2210.0, 4.2389493
2220.0, 4.2264266
2230.0, 4.213978
2240.0, 4.2016025
2250.0, 4.1893005
2260.0, 4.177071
2270.0, 4.164915
2280.0, 4.152831
2290.0, 4.140819
2300.0, 4.128879
2310.0, 4.1170106
2320.0, 4.105213
2330.0, 4.0934863
2340.0, 4.08183
2350.0, 4.070244
2360.0, 4.0587273
2370.0, 4.0472794
2380.0, 4.0359006
2390.0, 4.024591
2400.0, 4.0133486
2410.0, 4.002174
2420.0, 3.9910672
2430.0, 3.9800267
2440.0, 3.969053
2450.0, 3.9581451
2460.0, 3.9473023
2470.0, 3.936525
2480.0, 3.925812
2490.0, 3.9151633
2500.0, 3.9045784
2510.0, 3.8940568
2520.0, 3.8835983
2530.0, 3.873202
2540.0, 3.862867
2550.0, 3.8525941
2560.0, 3.8423824
2570.0, 3.8322308
2580.0, 3.8221395
2590.0, 3.8121076
2600.0, 3.8021352
2610.0, 3.7922218
2620.0, 3.7823658
2630.0, 3.7725682
2640.0, 3.7628286
2650.0, 3.7531452
2660.0, 3.7435186
2670.0, 3.7339482
2680.0, 3.7244332
2690.0, 3.7149734
2700.0, 3.7055683
2710.0, 3.6962178
2720.0, 3.6869211
2730.0, 3.6776776
2740.0, 3.6684878
2750.0, 3.6593502
2760.0, 3.6502645
2770.0, 3.641231
2780.0, 3.6322482
2790.0, 3.6233165
2800.0, 3.6144361
2810.0, 3.6056046
2820.0, 3.596824
2830.0, 3.5880916
2840.0, 3.5794091
2850.0, 3.5707743
2860.0, 3.5621877
2870.0, 3.5536494
2880.0, 3.545158
2890.0, 3.5367126
2900.0, 3.5283153
2910.0, 3.5199635
2920.0, 3.5116575
2930.0, 3.503397
2940.0, 3.4951818
2950.0, 3.4870107
2960.0, 3.478885
2970.0, 3.470802
2980.0, 3.462763
2990.0, 3.4547672
3000.0, 3.446815
