Energy (in eV), SEEE yield of material gr2k-NASCAP at incidence 0.0 degree
   X,       Y
0.0, 0.0
10.0, 0.0
20.0, 0.0
30.0, 0.0
40.0, 0.0
50.0, 0.0
60.0, 0.0
70.0, 0.0
80.0, 0.0
90.0, 0.42683157
100.0, 0.33486074
110.0, 0.39904672
120.0, 0.43265525
130.0, 0.47085607
140.0, 0.50772005
150.0, 0.5443092
160.0, 0.5805565
170.0, 0.6165319
180.0, 0.6528564
190.0, 0.6889799
200.0, 0.72501934
210.0, 0.7608706
220.0, 0.79638565
230.0, 0.8313726
240.0, 0.86547774
250.0, 0.89819413
260.0, 0.9287588
270.0, 0.95606226
280.0, 0.9785491
290.0, 0.99410564
300.0, 1.0
310.0, 0.9929222
320.0, 0.9692416
330.0, 0.9256028
340.0, 0.8599478
350.0, 0.77286017
360.0, 0.668767
370.0, 0.5561245
380.0, 0.4457422
390.0, 0.3474189
400.0, 0.2666983
410.0, 0.20402987
420.0, 0.15661967
430.0, 0.1209094
440.0, 0.09389334
450.0, 0.07332916
460.0, 0.057580844
470.0, 0.045450415
480.0, 0.036054604
490.0, 0.02873805
500.0, 0.02301146
510.0, 0.018507272
520.0, 0.014947813
530.0, 0.012122158
540.0, 0.009869217
550.0, 0.008065375
560.0, 0.006615245
570.0, 0.0054449127
580.0, 0.0044968296
590.0, 0.0037259958
600.0, 0.003097065
610.0, 0.0025821766
620.0, 0.0021592632
630.0, 0.0018107907
640.0, 0.0015227711
650.0, 0.0012840073
660.0, 0.0010855023
670.0, 9.200073E-4
680.0, 7.8165694E-4
690.0, 6.6569337E-4
700.0, 5.6824536E-4
710.0, 4.8615254E-4
720.0, 4.168277E-4
730.0, 3.5814813E-4
740.0, 3.0836512E-4
750.0, 2.6603596E-4
760.0, 2.299666E-4
770.0, 1.9916653E-4
780.0, 1.7281197E-4
790.0, 1.5021597E-4
800.0, 1.3080498E-4
810.0, 1.1409826E-4
820.0, 9.969237E-5
830.0, 8.724797E-5
840.0, 7.647901E-5
850.0, 6.71438E-5
860.0, 5.9037942E-5
870.0, 5.1987914E-5
880.0, 4.5846362E-5
890.0, 4.0487805E-5
900.0, 3.5805253E-5
910.0, 3.1707266E-5
920.0, 2.8115646E-5
930.0, 2.4963289E-5
940.0, 2.2192586E-5
950.0, 1.9753981E-5
960.0, 1.7604787E-5
970.0, 1.5708149E-5
980.0, 1.4032251E-5
990.0, 1.2549518E-5
1000.0, 1.1236065E-5
1010.0, 1.0071152E-5
1020.0, 9.036754E-6
1030.0, 8.117175E-6
1040.0, 7.298737E-6
1050.0, 6.569497E-6
1060.0, 5.9190224E-6
1070.0, 5.3381705E-6
1080.0, 4.8189536E-6
1090.0, 4.3543428E-6
1100.0, 3.938171E-6
1110.0, 3.5650153E-6
1120.0, 3.2301E-6
1130.0, 2.929216E-6
1140.0, 2.6586488E-6
1150.0, 2.4151166E-6
1160.0, 2.1957176E-6
1170.0, 1.9978825E-6
1180.0, 1.8193339E-6
1190.0, 1.6580494E-6
1200.0, 1.5122388E-6
1210.0, 1.380305E-6
1220.0, 1.2608284E-6
1230.0, 1.1525451E-6
1240.0, 1.0543278E-6
1250.0, 9.651707E-7
1260.0, 8.8417517E-7
1270.0, 8.10538E-7
1280.0, 7.4354057E-7
1290.0, 6.825391E-7
1300.0, 6.269567E-7
1310.0, 5.762755E-7
1320.0, 5.3003043E-7
1330.0, 4.878048E-7
1340.0, 4.492223E-7
1350.0, 4.1394506E-7
1360.0, 3.8166843E-7
1370.0, 3.521178E-7
1380.0, 3.250456E-7
1390.0, 3.002282E-7
1400.0, 2.7746356E-7
1410.0, 2.5656897E-7
1420.0, 2.3737917E-7
1430.0, 2.1974449E-7
1440.0, 2.0352915E-7
1450.0, 1.8861061E-7
1460.0, 1.7487702E-7
1470.0, 1.6222712E-7
1480.0, 1.5056891E-7
1490.0, 1.398187E-7
1500.0, 1.2990037E-7
1510.0, 1.2074463E-7
1520.0, 1.12288376E-7
1530.0, 1.0447409E-7
1540.0, 9.7249284E-8
1550.0, 9.0566104E-8
1560.0, 8.4380844E-8
1570.0, 7.865347E-8
1580.0, 7.334764E-8
1590.0, 6.842988E-8
1600.0, 6.386962E-8
1610.0, 5.963889E-8
1620.0, 5.571204E-8
1630.0, 5.2065566E-8
1640.0, 4.8677915E-8
1650.0, 4.5529294E-8
1660.0, 4.260155E-8
1670.0, 3.9877985E-8
1680.0, 3.7343266E-8
1690.0, 3.4983263E-8
1700.0, 3.278506E-8
1710.0, 3.073668E-8
1720.0, 2.882712E-8
1730.0, 2.7046248E-8
1740.0, 2.5384724E-8
1750.0, 2.3833932E-8
1760.0, 2.2385919E-8
1770.0, 2.1033346E-8
1780.0, 1.9769436E-8
1790.0, 1.8587928E-8
1800.0, 1.7483034E-8
1810.0, 1.64494E-8
1820.0, 1.5482064E-8
1830.0, 1.4576463E-8
1840.0, 1.3728343E-8
1850.0, 1.293377E-8
1860.0, 1.2189106E-8
1870.0, 1.1490967E-8
1880.0, 1.08362235E-8
1890.0, 1.02219655E-8
1900.0, 9.645499E-9
1910.0, 9.1043155E-9
1920.0, 8.596087E-9
1930.0, 8.118653E-9
1940.0, 7.669994E-9
1950.0, 7.248254E-9
1960.0, 6.851685E-9
1970.0, 6.4786674E-9
1980.0, 6.1276944E-9
1990.0, 5.7973613E-9
2000.0, 5.48636E-9
2010.0, 5.19347E-9
2020.0, 4.917555E-9
2030.0, 4.657554E-9
2040.0, 4.4124775E-9
2050.0, 4.181402E-9
2060.0, 3.9634642E-9
2070.0, 3.7578602E-9
2080.0, 3.5638363E-9
2090.0, 3.3806897E-9
2100.0, 3.2077623E-9
2110.0, 3.0444405E-9
2120.0, 2.8901477E-9
2130.0, 2.7443428E-9
2140.0, 2.6065285E-9
2150.0, 2.47623E-9
2160.0, 2.3530047E-9
2170.0, 2.2364386E-9
2180.0, 2.126144E-9
2190.0, 2.0217565E-9
2200.0, 1.9229351E-9
2210.0, 1.8293599E-9
2220.0, 1.7407301E-9
2230.0, 1.6567641E-9
2240.0, 1.5771973E-9
2250.0, 1.5017806E-9
2260.0, 1.4302812E-9
2270.0, 1.3624791E-9
2280.0, 1.2981684E-9
2290.0, 1.2371548E-9
2300.0, 1.1792561E-9
2310.0, 1.124301E-9
2320.0, 1.0721277E-9
2330.0, 1.0225847E-9
2340.0, 9.755285E-10
2350.0, 9.3082486E-10
2360.0, 8.883466E-10
2370.0, 8.479743E-10
2380.0, 8.0959445E-10
2390.0, 7.7310247E-10
2400.0, 7.3839784E-10
2410.0, 7.053857E-10
2420.0, 6.7397704E-10
2430.0, 6.4408784E-10
2440.0, 6.156389E-10
2450.0, 5.885552E-10
2460.0, 5.6276617E-10
2470.0, 5.38205E-10
2480.0, 5.148085E-10
2490.0, 4.925172E-10
2500.0, 4.7127474E-10
2510.0, 4.510278E-10
2520.0, 4.3172615E-10
2530.0, 4.1332207E-10
2540.0, 3.957705E-10
2550.0, 3.7902895E-10
2560.0, 3.6305692E-10
2570.0, 3.4781636E-10
2580.0, 3.3327105E-10
2590.0, 3.1938685E-10
2600.0, 3.061312E-10
2610.0, 2.9347347E-10
2620.0, 2.8138453E-10
2630.0, 2.6983657E-10
2640.0, 2.5880392E-10
2650.0, 2.4826155E-10
2660.0, 2.3818594E-10
2670.0, 2.2855474E-10
2680.0, 2.1934683E-10
2690.0, 2.1054215E-10
2700.0, 2.0212161E-10
2710.0, 1.9406712E-10
2720.0, 1.8636154E-10
2730.0, 1.7898848E-10
2740.0, 1.7193252E-10
2750.0, 1.6517893E-10
2760.0, 1.5871367E-10
2770.0, 1.5252352E-10
2780.0, 1.465958E-10
2790.0, 1.4091853E-10
2800.0, 1.3548025E-10
2810.0, 1.3027011E-10
2820.0, 1.2527782E-10
2830.0, 1.2049349E-10
2840.0, 1.159078E-10
2850.0, 1.1151184E-10
2860.0, 1.07297116E-10
2870.0, 1.03255585E-10
2880.0, 9.937947E-11
2890.0, 9.566164E-11
2900.0, 9.2095026E-11
2910.0, 8.867296E-11
2920.0, 8.538917E-11
2930.0, 8.223757E-11
2940.0, 7.921246E-11
2950.0, 7.6308335E-11
2960.0, 7.3519975E-11
2970.0, 7.0842394E-11
2980.0, 6.827085E-11
2990.0, 6.5800795E-11
3000.0, 6.3427916E-11
