Energy (in eV), SEEP yield of material gr2k-NASCAP at incidence 90.0 degree
   X,       Y
0.0, 0.0
200.0, 0.5581013
400.0, 1.5763001
600.0, 1.9278196
800.0, 3.3343382
1000.0, 3.7226157
1200.0, 4.0721455
1400.0, 4.392198
1600.0, 6.251767
1800.0, 6.621648
2000.0, 6.969999
2200.0, 7.299914
2400.0, 9.517255
2600.0, 9.891978
2800.0, 10.251015
3000.0, 10.595968
3200.0, 10.9281845
3400.0, 11.248804
3600.0, 13.8705635
3800.0, 14.230831
4000.0, 14.580243
4200.0, 14.919584
4400.0, 15.249529
4600.0, 15.570693
4800.0, 18.530888
5000.0, 18.886917
5200.0, 19.23442
5400.0, 19.573864
5600.0, 19.905666
5800.0, 20.230219
6000.0, 20.547873
6200.0, 23.838808
6400.0, 24.187162
6600.0, 24.528673
6800.0, 24.863625
7000.0, 25.192293
7200.0, 25.514935
7400.0, 25.831785
7600.0, 26.143063
7800.0, 29.7551
8000.0, 30.093435
8200.0, 30.42617
8400.0, 30.753479
8600.0, 31.07556
8800.0, 31.392574
9000.0, 31.704693
9200.0, 32.012062
9400.0, 32.314827
9600.0, 36.236816
9800.0, 36.563457
10000.0, 36.88543
10200.0, 37.202847
10400.0, 37.515858
10600.0, 37.824566
10800.0, 38.1291
11000.0, 38.42956
11200.0, 38.72606
11400.0, 42.920547
11600.0, 43.23829
11800.0, 43.551987
12000.0, 43.86173
12200.0, 44.16762
12400.0, 44.469738
12600.0, 44.768185
12800.0, 45.063023
13000.0, 45.35435
13200.0, 49.79154
13400.0, 50.101917
13600.0, 50.408707
13800.0, 50.711975
14000.0, 51.0118
14200.0, 51.308247
14400.0, 51.60137
14600.0, 51.891266
14800.0, 52.17798
15000.0, 52.46157
15200.0, 57.137268
15400.0, 57.437927
15600.0, 57.73539
15800.0, 58.029724
16000.0, 58.320976
16200.0, 58.609207
16400.0, 58.894478
16600.0, 59.17683
16800.0, 59.456314
17000.0, 59.732983
17200.0, 64.6228
17400.0, 64.91483
17600.0, 65.203995
17800.0, 65.49032
18000.0, 65.77385
18200.0, 66.054634
18400.0, 66.33272
18600.0, 66.60815
18800.0, 66.88096
19000.0, 67.1512
19200.0, 67.4189
19400.0, 72.51868
19600.0, 72.800186
19800.0, 73.079094
20000.0, 73.35544
20200.0, 73.629265
20400.0, 73.90061
20600.0, 74.1695
20800.0, 74.435974
21000.0, 74.70008
21200.0, 74.96183
21400.0, 75.22127
21600.0, 80.510315
21800.0, 80.78221
22000.0, 81.05174
22200.0, 81.318924
22400.0, 81.58381
22600.0, 81.84642
22800.0, 82.10679
23000.0, 82.36494
23200.0, 82.62089
23400.0, 82.87469
23600.0, 83.12635
23800.0, 88.586914
24000.0, 88.84985
24200.0, 89.11062
24400.0, 89.36924
24600.0, 89.62572
24800.0, 89.88011
25000.0, 90.13241
25200.0, 90.38267
25400.0, 90.63091
25600.0, 90.87714
25800.0, 91.121376
26000.0, 96.738
26200.0, 96.9925
26400.0, 97.24498
26600.0, 97.49545
26800.0, 97.74396
27000.0, 97.99049
27200.0, 98.235115
27400.0, 98.47781
27600.0, 98.71862
27800.0, 98.957565
28000.0, 99.19466
28200.0, 104.953804
28400.0, 105.20023
28600.0, 105.44478
28800.0, 105.68745
29000.0, 105.92828
29200.0, 106.16728
29400.0, 106.40448
29600.0, 106.63988
29800.0, 106.87352
30000.0, 107.10539
30200.0, 107.33555
30400.0, 107.56397
30600.0, 113.4639
30800.0, 113.7008
31000.0, 113.93595
31200.0, 114.169365
31400.0, 114.401054
31600.0, 114.63105
31800.0, 114.859375
32000.0, 115.08601
32200.0, 115.31103
32400.0, 115.53439
32600.0, 115.75614
32800.0, 121.775116
33000.0, 122.00461
33200.0, 122.232445
33400.0, 122.45864
33600.0, 122.68324
33800.0, 122.906235
34000.0, 123.12763
34200.0, 123.347466
34400.0, 123.565735
34600.0, 123.78247
34800.0, 123.997665
35000.0, 124.21136
35200.0, 130.34846
35400.0, 130.5692
35600.0, 130.78839
35800.0, 131.00604
36000.0, 131.2222
36200.0, 131.43683
36400.0, 131.65
36600.0, 131.86166
36800.0, 132.07188
37000.0, 132.28064
37200.0, 132.48796
37400.0, 132.69388
37600.0, 138.93922
37800.0, 139.15155
38000.0, 139.36241
38200.0, 139.57184
38400.0, 139.77986
38600.0, 139.98647
38800.0, 140.19167
39000.0, 140.3955
39200.0, 140.59793
39400.0, 140.799
39600.0, 140.9987
39800.0, 147.33609
40000.0, 147.5417
40200.0, 147.74594
40400.0, 147.9488
40600.0, 148.15033
40800.0, 148.3505
41000.0, 148.54933
41200.0, 148.74683
41400.0, 148.94304
41600.0, 149.13794
41800.0, 149.33156
42000.0, 149.52388
42200.0, 155.95306
42400.0, 156.15077
42600.0, 156.3472
42800.0, 156.54233
43000.0, 156.73616
43200.0, 156.92873
43400.0, 157.12006
43600.0, 157.3101
43800.0, 157.49893
44000.0, 157.68651
44200.0, 157.8729
44400.0, 158.05804
44600.0, 164.57169
44800.0, 164.76178
45000.0, 164.9506
45200.0, 165.13824
45400.0, 165.32465
45600.0, 165.50986
45800.0, 165.69386
46000.0, 165.87671
46200.0, 166.05835
46400.0, 166.23883
46600.0, 166.41815
46800.0, 166.59634
47000.0, 173.18774
47200.0, 173.37042
47400.0, 173.55193
47600.0, 173.73228
47800.0, 173.91145
48000.0, 174.08951
48200.0, 174.26642
48400.0, 174.44221
48600.0, 174.61691
48800.0, 174.79048
49000.0, 174.96292
49200.0, 181.62076
49400.0, 181.79736
49600.0, 181.97285
49800.0, 182.14723
50000.0, 182.3205
50200.0, 182.49268
50400.0, 182.66377
50600.0, 182.83379
50800.0, 183.00273
51000.0, 183.17062
51200.0, 183.33745
51400.0, 183.50323
51600.0, 190.22755
51800.0, 190.39708
52000.0, 190.56558
52200.0, 190.73303
52400.0, 190.89941
52600.0, 191.06477
52800.0, 191.2291
53000.0, 191.39241
53200.0, 191.55466
53400.0, 191.71591
53600.0, 191.8762
53800.0, 192.03546
54000.0, 198.82108
54200.0, 198.98381
54400.0, 199.14551
54600.0, 199.3062
54800.0, 199.46588
55000.0, 199.6246
55200.0, 199.7823
55400.0, 199.93904
55600.0, 200.09483
55800.0, 200.24963
56000.0, 200.40347
56200.0, 200.55638
56400.0, 207.3986
56600.0, 207.55464
56800.0, 207.70972
57000.0, 207.86383
57200.0, 208.01701
57400.0, 208.16924
57600.0, 208.32051
57800.0, 208.4709
58000.0, 208.62032
58200.0, 208.76881
58400.0, 208.91637
58600.0, 215.80704
58800.0, 215.9575
59000.0, 216.10707
59200.0, 216.25569
59400.0, 216.4034
59600.0, 216.55022
59800.0, 216.6961
60000.0, 216.84113
60200.0, 216.98524
60400.0, 217.12848
60600.0, 217.27083
60800.0, 217.41228
61000.0, 224.35144
61200.0, 224.49553
61400.0, 224.63876
61600.0, 224.7811
61800.0, 224.92259
62000.0, 225.06319
62200.0, 225.20293
62400.0, 225.34181
62600.0, 225.47984
62800.0, 225.61703
63000.0, 225.75336
63200.0, 225.88887
63400.0, 232.87274
63600.0, 233.01065
63800.0, 233.14769
64000.0, 233.28389
64200.0, 233.41928
64400.0, 233.55382
64600.0, 233.68755
64800.0, 233.82047
65000.0, 233.95255
65200.0, 234.08382
65400.0, 234.21428
65600.0, 241.23643
65800.0, 241.36908
66000.0, 241.50098
66200.0, 241.632
66400.0, 241.76225
66600.0, 241.89165
66800.0, 242.02032
67000.0, 242.14813
67200.0, 242.27522
67400.0, 242.40149
67600.0, 242.52701
67800.0, 242.65175
68000.0, 249.71214
68200.0, 249.83887
68400.0, 249.9648
68600.0, 250.09
68800.0, 250.21437
69000.0, 250.338
69200.0, 250.46089
69400.0, 250.583
69600.0, 250.70436
69800.0, 250.82497
70000.0, 250.94485
70200.0, 258.038
70400.0, 258.15967
70600.0, 258.28058
70800.0, 258.4008
71000.0, 258.5202
71200.0, 258.63892
71400.0, 258.75687
71600.0, 258.8741
71800.0, 258.99063
72000.0, 259.1064
72200.0, 259.2215
72400.0, 259.33588
72600.0, 266.46167
72800.0, 266.57764
73000.0, 266.6929
73200.0, 266.80746
73400.0, 266.92133
73600.0, 267.03445
73800.0, 267.14688
74000.0, 267.25864
74200.0, 267.36963
74400.0, 267.48
74600.0, 267.58963
74800.0, 274.74335
75000.0, 274.8545
75200.0, 274.96497
75400.0, 275.07468
75600.0, 275.18375
75800.0, 275.29218
76000.0, 275.39987
76200.0, 275.5069
76400.0, 275.61325
76600.0, 275.71896
76800.0, 275.82397
77000.0, 275.92834
77200.0, 283.10977
77400.0, 283.21548
77600.0, 283.32053
77800.0, 283.42487
78000.0, 283.52856
78200.0, 283.63162
78400.0, 283.734
78600.0, 283.8358
78800.0, 283.93686
79000.0, 284.03735
79200.0, 284.13718
79400.0, 291.34232
79600.0, 291.44333
79800.0, 291.5437
80000.0, 291.64346
80200.0, 291.74258
80400.0, 291.84103
80600.0, 291.93887
80800.0, 292.0361
81000.0, 292.1327
81200.0, 292.22867
81400.0, 292.32404
81600.0, 299.5509
81800.0, 299.64734
82000.0, 299.74313
82200.0, 299.83835
82400.0, 299.9329
82600.0, 300.02692
82800.0, 300.12027
83000.0, 300.213
83200.0, 300.30518
83400.0, 300.39673
83600.0, 300.4877
83800.0, 300.57803
84000.0, 307.82657
84200.0, 307.9179
84400.0, 308.0086
84600.0, 308.09875
84800.0, 308.1883
85000.0, 308.27725
85200.0, 308.36557
85400.0, 308.45334
85600.0, 308.5406
85800.0, 308.6272
86000.0, 308.7133
86200.0, 315.9801
86400.0, 316.067
86600.0, 316.15332
86800.0, 316.23907
87000.0, 316.32422
87200.0, 316.40884
87400.0, 316.49292
87600.0, 316.57642
87800.0, 316.65927
88000.0, 316.7417
88200.0, 316.8235
88400.0, 324.10715
88600.0, 324.1897
88800.0, 324.2717
89000.0, 324.35312
89200.0, 324.434
89400.0, 324.5143
89600.0, 324.59418
89800.0, 324.67343
90000.0, 324.75208
90200.0, 324.8303
90400.0, 324.90793
90600.0, 332.2069
90800.0, 332.28522
91000.0, 332.36295
91200.0, 332.44016
91400.0, 332.51685
91600.0, 332.593
91800.0, 332.6686
92000.0, 332.74368
92200.0, 332.81824
92400.0, 332.89227
92600.0, 332.96582
92800.0, 333.03882
93000.0, 340.3529
93200.0, 340.42645
93400.0, 340.4995
93600.0, 340.57208
93800.0, 340.64404
94000.0, 340.71558
94200.0, 340.7866
94400.0, 340.85703
94600.0, 340.92706
94800.0, 340.99655
95000.0, 341.06552
95200.0, 348.39224
95400.0, 348.46167
95600.0, 348.53067
95800.0, 348.59906
96000.0, 348.66702
96200.0, 348.73453
96400.0, 348.80148
96600.0, 348.868
96800.0, 348.93396
97000.0, 348.9995
97200.0, 349.06454
97400.0, 356.40262
97600.0, 356.46802
97800.0, 356.533
98000.0, 356.59744
98200.0, 356.66144
98400.0, 356.72488
98600.0, 356.7879
98800.0, 356.8505
99000.0, 356.91254
99200.0, 356.9742
99400.0, 357.0353
99600.0, 364.38373
99800.0, 364.44513
100000.0, 364.5061
