Energy (in eV), SEEP yield of material gr2k-NASCAP at isotropic incidence
   X,       Y
0.0, 0.0
200.0, 0.29716927
400.0, 0.46363288
600.0, 0.59233767
800.0, 0.7007096
1000.0, 0.7958961
1200.0, 0.88164115
1400.0, 0.96019113
1600.0, 1.0330182
1800.0, 1.1011485
2000.0, 1.1653316
2200.0, 1.2261336
2400.0, 1.2839963
2600.0, 1.3392712
2800.0, 1.3922437
3000.0, 1.4431493
3200.0, 1.4921857
3400.0, 1.5395195
3600.0, 1.5852945
3800.0, 1.6296345
4000.0, 1.6726464
4200.0, 1.7144259
4400.0, 1.755056
4600.0, 1.794611
4800.0, 1.8331581
5000.0, 1.8707564
5200.0, 1.9074596
5400.0, 1.943317
5600.0, 1.9783735
5800.0, 2.0126684
6000.0, 2.0462396
6200.0, 2.0791216
6400.0, 2.111345
6600.0, 2.1429398
6800.0, 2.173932
7000.0, 2.2043474
7200.0, 2.2342088
7400.0, 2.2635384
7600.0, 2.2923558
7800.0, 2.3206806
8000.0, 2.3485303
8200.0, 2.3759217
8400.0, 2.4028711
8600.0, 2.4293923
8800.0, 2.4555001
9000.0, 2.4812078
9200.0, 2.506527
9400.0, 2.5314708
9600.0, 2.5560496
9800.0, 2.580274
10000.0, 2.6041558
10200.0, 2.6277025
10400.0, 2.6509244
10600.0, 2.6738303
10800.0, 2.6964285
11000.0, 2.718727
11200.0, 2.7407336
11400.0, 2.7624557
11600.0, 2.7839
11800.0, 2.8050735
12000.0, 2.8259828
12200.0, 2.8466344
12400.0, 2.8670332
12600.0, 2.8871858
12800.0, 2.9070973
13000.0, 2.926774
13200.0, 2.9462197
13400.0, 2.9654396
13600.0, 2.9844398
13800.0, 3.003224
14000.0, 3.0217953
14200.0, 3.0401604
14400.0, 3.0583208
14600.0, 3.0762837
14800.0, 3.0940506
15000.0, 3.111626
15200.0, 3.129013
15400.0, 3.1462164
15600.0, 3.1632376
15800.0, 3.1800826
16000.0, 3.1967523
16200.0, 3.2132506
16400.0, 3.2295809
16600.0, 3.2457454
16800.0, 3.2617478
17000.0, 3.27759
17200.0, 3.2932756
17400.0, 3.3088064
17600.0, 3.3241858
17800.0, 3.3394156
18000.0, 3.3544981
18200.0, 3.3694363
18400.0, 3.3842316
18600.0, 3.3988874
18800.0, 3.4134052
19000.0, 3.4277868
19200.0, 3.4420357
19400.0, 3.4561515
19600.0, 3.470138
19800.0, 3.483997
20000.0, 3.4977298
20200.0, 3.5113387
20400.0, 3.5248253
20600.0, 3.538191
20800.0, 3.5514371
21000.0, 3.5645676
21200.0, 3.5775816
21400.0, 3.590482
21600.0, 3.6032696
21800.0, 3.615947
22000.0, 3.6285145
22200.0, 3.6409743
22400.0, 3.6533272
22600.0, 3.6655753
22800.0, 3.6777198
23000.0, 3.6897624
23200.0, 3.7017028
23400.0, 3.713544
23600.0, 3.7252865
23800.0, 3.7369323
24000.0, 3.7484818
24200.0, 3.7599359
24400.0, 3.771297
24600.0, 3.7825649
24800.0, 3.793743
25000.0, 3.8048286
25200.0, 3.8158262
25400.0, 3.8267362
25600.0, 3.837558
25800.0, 3.8482935
26000.0, 3.858945
26200.0, 3.8695116
26400.0, 3.879995
26600.0, 3.8903968
26800.0, 3.9007175
27000.0, 3.9109569
27200.0, 3.9211178
27400.0, 3.9311996
27600.0, 3.941204
27800.0, 3.951131
28000.0, 3.9609828
28200.0, 3.970759
28400.0, 3.980461
28600.0, 3.9900894
28800.0, 3.9996452
29000.0, 4.009129
29200.0, 4.018542
29400.0, 4.027884
29600.0, 4.0371566
29800.0, 4.04636
30000.0, 4.055495
30200.0, 4.064563
30400.0, 4.073563
30600.0, 4.0824976
30800.0, 4.091367
31000.0, 4.1001706
31200.0, 4.1089106
31400.0, 4.1175876
31600.0, 4.1262007
31800.0, 4.134752
32000.0, 4.1432414
32200.0, 4.1516695
32400.0, 4.1600375
32600.0, 4.1683455
32800.0, 4.1765943
33000.0, 4.184784
33200.0, 4.192916
33400.0, 4.2009892
33600.0, 4.209007
33800.0, 4.2169666
34000.0, 4.224871
34200.0, 4.2327204
34400.0, 4.2405143
34600.0, 4.2482533
34800.0, 4.255939
35000.0, 4.2635713
35200.0, 4.2711496
35400.0, 4.2786765
35600.0, 4.2861514
35800.0, 4.2935734
36000.0, 4.3009458
36200.0, 4.308266
36400.0, 4.3155375
36600.0, 4.3227587
36800.0, 4.3299303
37000.0, 4.3370533
37200.0, 4.3441277
37400.0, 4.351155
37600.0, 4.3581343
37800.0, 4.3650656
38000.0, 4.37195
38200.0, 4.378789
38400.0, 4.385582
38600.0, 4.392329
38800.0, 4.399031
39000.0, 4.405688
39200.0, 4.4123006
39400.0, 4.4188695
39600.0, 4.4253945
39800.0, 4.431876
40000.0, 4.438315
40200.0, 4.4447103
40400.0, 4.4510646
40600.0, 4.4573765
40800.0, 4.4636464
41000.0, 4.469876
41200.0, 4.4760637
41400.0, 4.482211
41600.0, 4.488319
41800.0, 4.494386
42000.0, 4.500414
42200.0, 4.506402
42400.0, 4.5123515
42600.0, 4.518263
42800.0, 4.524135
43000.0, 4.5299697
43200.0, 4.5357666
43400.0, 4.541526
43600.0, 4.5472484
43800.0, 4.5529346
44000.0, 4.558583
44200.0, 4.564195
44400.0, 4.569772
44600.0, 4.575313
44800.0, 4.5808187
45000.0, 4.586288
45200.0, 4.5917234
45400.0, 4.597124
45600.0, 4.60249
45800.0, 4.6078224
46000.0, 4.613121
46200.0, 4.618385
46400.0, 4.6236157
46600.0, 4.6288137
46800.0, 4.633979
47000.0, 4.6391115
47200.0, 4.644212
47400.0, 4.64928
47600.0, 4.6543164
47800.0, 4.65932
48000.0, 4.664294
48200.0, 4.6692343
48400.0, 4.6741457
48600.0, 4.6790266
48800.0, 4.683876
49000.0, 4.6886945
49200.0, 4.6934834
49400.0, 4.6982427
49600.0, 4.702973
49800.0, 4.7076726
50000.0, 4.712343
50200.0, 4.7169847
50400.0, 4.721598
50600.0, 4.7261815
50800.0, 4.730737
51000.0, 4.7352657
51200.0, 4.7397647
51400.0, 4.7442365
51600.0, 4.748681
51800.0, 4.753097
52000.0, 4.7574863
52200.0, 4.761849
52400.0, 4.766184
52600.0, 4.770492
52800.0, 4.774775
53000.0, 4.779031
53200.0, 4.78326
53400.0, 4.7874646
53600.0, 4.7916427
53800.0, 4.795795
54000.0, 4.7999215
54200.0, 4.8040237
54400.0, 4.8080997
54600.0, 4.812151
54800.0, 4.8161783
55000.0, 4.8201804
55200.0, 4.824158
55400.0, 4.828111
55600.0, 4.8320403
55800.0, 4.835946
56000.0, 4.8398275
56200.0, 4.843685
56400.0, 4.84752
56600.0, 4.8513308
56800.0, 4.8551188
57000.0, 4.858883
57200.0, 4.862626
57400.0, 4.866345
57600.0, 4.870041
57800.0, 4.8737164
58000.0, 4.877369
58200.0, 4.880998
58400.0, 4.8846054
58600.0, 4.8881917
58800.0, 4.8917556
59000.0, 4.8952985
59200.0, 4.8988194
59400.0, 4.9023194
59600.0, 4.905799
59800.0, 4.9092565
60000.0, 4.9126935
60200.0, 4.916109
60400.0, 4.919505
60600.0, 4.922879
60800.0, 4.926234
61000.0, 4.9295683
61200.0, 4.9328823
61400.0, 4.9361763
61600.0, 4.9394507
61800.0, 4.9427047
62000.0, 4.94594
62200.0, 4.949156
62400.0, 4.952352
62600.0, 4.9555287
62800.0, 4.958686
63000.0, 4.961825
63200.0, 4.9649444
63400.0, 4.9680457
63600.0, 4.9711275
63800.0, 4.9741907
64000.0, 4.9772353
64200.0, 4.9802623
64400.0, 4.983271
64600.0, 4.986262
64800.0, 4.9892335
65000.0, 4.9921885
65200.0, 4.9951253
65400.0, 4.9980445
65600.0, 5.000946
65800.0, 5.0038295
66000.0, 5.006696
66200.0, 5.0095453
66400.0, 5.012378
66600.0, 5.015193
66800.0, 5.0179915
67000.0, 5.020772
67200.0, 5.023537
67400.0, 5.026285
67600.0, 5.0290174
67800.0, 5.0317316
68000.0, 5.0344296
68200.0, 5.0371118
68400.0, 5.039778
68600.0, 5.042428
68800.0, 5.045062
69000.0, 5.0476794
69200.0, 5.050282
69400.0, 5.052869
69600.0, 5.05544
69800.0, 5.057996
70000.0, 5.0605354
70200.0, 5.0630603
70400.0, 5.06557
70600.0, 5.0680633
70800.0, 5.070543
71000.0, 5.0730066
71200.0, 5.0754566
71400.0, 5.0778904
71600.0, 5.08031
71800.0, 5.0827146
72000.0, 5.0851054
72200.0, 5.0874815
72400.0, 5.089843
72600.0, 5.09219
72800.0, 5.094523
73000.0, 5.096842
73200.0, 5.0991473
73400.0, 5.101437
73600.0, 5.1037135
73800.0, 5.1059766
74000.0, 5.108226
74200.0, 5.1104608
74400.0, 5.112683
74600.0, 5.114891
74800.0, 5.1170855
75000.0, 5.1192675
75200.0, 5.1214356
75400.0, 5.12359
75600.0, 5.1257315
75800.0, 5.12786
76000.0, 5.129976
76200.0, 5.132078
76400.0, 5.1341677
76600.0, 5.1362453
76800.0, 5.1383085
77000.0, 5.1403613
77200.0, 5.1423993
77400.0, 5.1444263
77600.0, 5.14644
77800.0, 5.1484404
78000.0, 5.1504292
78200.0, 5.152407
78400.0, 5.154371
78600.0, 5.156324
78800.0, 5.1582646
79000.0, 5.160193
79200.0, 5.1621094
79400.0, 5.1640143
79600.0, 5.1659074
79800.0, 5.167787
80000.0, 5.169657
80200.0, 5.171516
80400.0, 5.173362
80600.0, 5.175196
80800.0, 5.17702
81000.0, 5.1788316
81200.0, 5.180633
81400.0, 5.1824217
81600.0, 5.1842003
81800.0, 5.185967
82000.0, 5.1877227
82200.0, 5.189468
82400.0, 5.1912017
82600.0, 5.192925
82800.0, 5.194638
83000.0, 5.196339
83200.0, 5.19803
83400.0, 5.199711
83600.0, 5.20138
83800.0, 5.203039
84000.0, 5.204687
84200.0, 5.206325
84400.0, 5.2079525
84600.0, 5.20957
84800.0, 5.211177
85000.0, 5.2127743
85200.0, 5.21436
85400.0, 5.2159367
85600.0, 5.2175035
85800.0, 5.2190604
86000.0, 5.220606
86200.0, 5.2221417
86400.0, 5.223669
86600.0, 5.225186
86800.0, 5.226693
87000.0, 5.2281904
87200.0, 5.2296777
87400.0, 5.231156
87600.0, 5.2326245
87800.0, 5.234084
88000.0, 5.235534
88200.0, 5.236973
88400.0, 5.238404
88600.0, 5.2398252
88800.0, 5.241237
89000.0, 5.2426405
89200.0, 5.2440343
89400.0, 5.2454185
89600.0, 5.2467947
89800.0, 5.2481613
90000.0, 5.2495184
90200.0, 5.2508664
90400.0, 5.2522063
90600.0, 5.2535367
90800.0, 5.254859
91000.0, 5.256172
91200.0, 5.257477
91400.0, 5.2587724
91600.0, 5.26006
91800.0, 5.261338
92000.0, 5.262608
92200.0, 5.263869
92400.0, 5.265122
92600.0, 5.266367
92800.0, 5.267602
93000.0, 5.268831
93200.0, 5.2700496
93400.0, 5.2712617
93600.0, 5.2724643
93800.0, 5.2736583
94000.0, 5.2748456
94200.0, 5.2760243
94400.0, 5.277194
94600.0, 5.278357
94800.0, 5.279512
95000.0, 5.2806587
95200.0, 5.2817965
95400.0, 5.282928
95600.0, 5.284051
95800.0, 5.285166
96000.0, 5.2862735
96200.0, 5.2873735
96400.0, 5.288465
96600.0, 5.28955
96800.0, 5.2906265
97000.0, 5.291696
97200.0, 5.2927585
97400.0, 5.2938128
97600.0, 5.2948585
97800.0, 5.2958984
98000.0, 5.296931
98200.0, 5.297956
98400.0, 5.298972
98600.0, 5.299982
98800.0, 5.300986
99000.0, 5.301981
99200.0, 5.30297
99400.0, 5.303951
99600.0, 5.304926
99800.0, 5.305893
100000.0, 5.3068533
