Energy (in eV), SEEP yield of material te2k-NASCAP at isotropic incidence
   X,       Y
0.0, 0.0
200.0, 0.39056048
400.0, 0.5593213
600.0, 0.6882687
800.0, 0.796518
1000.0, 0.89148587
1200.0, 0.9769814
1400.0, 1.055271
1600.0, 1.1278338
1800.0, 1.1956993
2000.0, 1.2596171
2200.0, 1.3201547
2400.0, 1.377754
2600.0, 1.4327662
2800.0, 1.485477
3000.0, 1.5361218
3200.0, 1.5848984
3400.0, 1.6319746
3600.0, 1.677492
3800.0, 1.7215759
4000.0, 1.7643323
4200.0, 1.8058578
4400.0, 1.8462347
4600.0, 1.8855381
4800.0, 1.923834
5000.0, 1.961182
5200.0, 1.9976366
5400.0, 2.0332463
5600.0, 2.0680554
5800.0, 2.1021044
6000.0, 2.135431
6200.0, 2.1680691
6400.0, 2.2000492
6600.0, 2.231402
6800.0, 2.2621539
7000.0, 2.2923295
7200.0, 2.3219519
7400.0, 2.3510432
7600.0, 2.3796241
7800.0, 2.4077127
8000.0, 2.435327
8200.0, 2.4624846
8400.0, 2.4892008
8600.0, 2.51549
8800.0, 2.541366
9000.0, 2.5668435
9200.0, 2.591934
9400.0, 2.6166484
9600.0, 2.6409996
9800.0, 2.6649983
10000.0, 2.6886535
10200.0, 2.711975
10400.0, 2.7349734
10600.0, 2.7576559
10800.0, 2.780032
11000.0, 2.802109
11200.0, 2.8238955
11400.0, 2.8453977
11600.0, 2.8666236
11800.0, 2.8875794
12000.0, 2.9082713
12200.0, 2.9287074
12400.0, 2.9488902
12600.0, 2.9688284
12800.0, 2.9885266
13000.0, 3.0079904
13200.0, 3.0272245
13400.0, 3.0462332
13600.0, 3.0650232
13800.0, 3.0835974
14000.0, 3.1019607
14200.0, 3.1201172
14400.0, 3.1380715
14600.0, 3.1558275
14800.0, 3.1733892
15000.0, 3.19076
15200.0, 3.2079437
15400.0, 3.2249434
15600.0, 3.2417626
15800.0, 3.2584057
16000.0, 3.2748747
16200.0, 3.2911732
16400.0, 3.3073046
16600.0, 3.323271
16800.0, 3.3390756
17000.0, 3.3547208
17200.0, 3.3702102
17400.0, 3.3855455
17600.0, 3.4007306
17800.0, 3.4157665
18000.0, 3.4306555
18200.0, 3.4454014
18400.0, 3.4600058
18600.0, 3.47447
18800.0, 3.488797
19000.0, 3.5029895
19200.0, 3.5170498
19400.0, 3.5309775
19600.0, 3.5447767
19800.0, 3.5584488
20000.0, 3.5719955
20200.0, 3.585419
20400.0, 3.5987206
20600.0, 3.6119025
20800.0, 3.6249661
21000.0, 3.6379135
21200.0, 3.6507456
21400.0, 3.663465
21600.0, 3.6760724
21800.0, 3.688569
22000.0, 3.7009578
22200.0, 3.7132387
22400.0, 3.7254133
22600.0, 3.7374852
22800.0, 3.7494524
23000.0, 3.7613192
23200.0, 3.7730844
23400.0, 3.7847507
23600.0, 3.7963195
23800.0, 3.807792
24000.0, 3.819168
24200.0, 3.830451
24400.0, 3.8416407
24600.0, 3.8527377
24800.0, 3.863745
25000.0, 3.8746614
25200.0, 3.8854897
25400.0, 3.8962317
25600.0, 3.9068854
25800.0, 3.9174545
26000.0, 3.9279382
26200.0, 3.9383392
26400.0, 3.948658
26600.0, 3.9588947
26800.0, 3.969051
27000.0, 3.9791272
27200.0, 3.9891253
27400.0, 3.9990444
27600.0, 4.0088873
27800.0, 4.018653
28000.0, 4.028343
28200.0, 4.037959
28400.0, 4.0475025
28600.0, 4.0569715
28800.0, 4.0663695
29000.0, 4.075695
29200.0, 4.084951
29400.0, 4.094136
29600.0, 4.1032524
29800.0, 4.1123
30000.0, 4.12128
30200.0, 4.1301937
30400.0, 4.1390405
30600.0, 4.147822
30800.0, 4.156537
31000.0, 4.165189
31200.0, 4.173777
31400.0, 4.1823025
31600.0, 4.1907644
31800.0, 4.1991653
32000.0, 4.2075057
32200.0, 4.2157845
32400.0, 4.224004
32600.0, 4.2321634
32800.0, 4.2402644
33000.0, 4.2483077
33200.0, 4.256293
33400.0, 4.2642207
33600.0, 4.272092
33800.0, 4.2799077
34000.0, 4.287667
34200.0, 4.2953715
34400.0, 4.303022
34600.0, 4.310618
34800.0, 4.3181605
35000.0, 4.3256507
35200.0, 4.333088
35400.0, 4.340473
35600.0, 4.347807
35800.0, 4.355089
36000.0, 4.3623214
36200.0, 4.3695035
36400.0, 4.376636
36600.0, 4.383719
36800.0, 4.390753
37000.0, 4.397739
37200.0, 4.4046764
37400.0, 4.411566
37600.0, 4.418409
37800.0, 4.4252057
38000.0, 4.431955
38200.0, 4.4386597
38400.0, 4.445318
38600.0, 4.4519315
38800.0, 4.4585
39000.0, 4.465025
39200.0, 4.471505
39400.0, 4.4779415
39600.0, 4.4843354
39800.0, 4.490685
40000.0, 4.4969935
40200.0, 4.5032587
40400.0, 4.509483
40600.0, 4.5156655
40800.0, 4.5218067
41000.0, 4.527908
41200.0, 4.5339675
41400.0, 4.5399876
41600.0, 4.5459676
41800.0, 4.551909
42000.0, 4.5578103
42200.0, 4.5636725
42400.0, 4.5694966
42600.0, 4.5752826
42800.0, 4.5810304
43000.0, 4.586741
43200.0, 4.592414
43400.0, 4.598049
43600.0, 4.6036487
43800.0, 4.6092114
44000.0, 4.6147375
44200.0, 4.620229
44400.0, 4.6256833
44600.0, 4.631103
44800.0, 4.6364884
45000.0, 4.641838
45200.0, 4.6471534
45400.0, 4.6524343
45600.0, 4.6576815
45800.0, 4.6628942
46000.0, 4.6680746
46200.0, 4.673221
46400.0, 4.678334
46600.0, 4.683415
46800.0, 4.688463
47000.0, 4.6934795
47200.0, 4.698464
47400.0, 4.703416
47600.0, 4.708337
47800.0, 4.713226
48000.0, 4.7180843
48200.0, 4.7229123
48400.0, 4.7277093
48600.0, 4.7324753
48800.0, 4.737212
49000.0, 4.7419176
49200.0, 4.7465944
49400.0, 4.751241
49600.0, 4.7558594
49800.0, 4.7604475
50000.0, 4.765007
50200.0, 4.7695384
50400.0, 4.774041
50600.0, 4.778516
50800.0, 4.782962
51000.0, 4.7873797
51200.0, 4.79177
51400.0, 4.796134
51600.0, 4.80047
51800.0, 4.8047776
52000.0, 4.80906
52200.0, 4.8133144
52400.0, 4.8175435
52600.0, 4.821746
52800.0, 4.825921
53000.0, 4.8300714
53200.0, 4.8341947
53400.0, 4.8382936
53600.0, 4.8423667
53800.0, 4.8464146
54000.0, 4.850437
54200.0, 4.8544345
54400.0, 4.858408
54600.0, 4.8623557
54800.0, 4.8662796
55000.0, 4.8701787
55200.0, 4.874054
55400.0, 4.8779054
55600.0, 4.881733
55800.0, 4.885537
56000.0, 4.8893175
56200.0, 4.8930745
56400.0, 4.896808
56600.0, 4.9005184
56800.0, 4.9042068
57000.0, 4.907872
57200.0, 4.911514
57400.0, 4.915135
57600.0, 4.918733
57800.0, 4.9223094
58000.0, 4.925863
58200.0, 4.929395
58400.0, 4.9329047
58600.0, 4.9363933
58800.0, 4.9398613
59000.0, 4.9433074
59200.0, 4.9467325
59400.0, 4.950136
59600.0, 4.953519
59800.0, 4.956881
60000.0, 4.9602227
60200.0, 4.9635444
60400.0, 4.966845
60600.0, 4.970125
60800.0, 4.973386
61000.0, 4.9766264
61200.0, 4.9798474
61400.0, 4.983048
61600.0, 4.9862294
61800.0, 4.989392
62000.0, 4.992533
62200.0, 4.995657
62400.0, 4.9987607
62600.0, 5.0018454
62800.0, 5.004913
63000.0, 5.007959
63200.0, 5.010988
63400.0, 5.0139985
63600.0, 5.01699
63800.0, 5.0199647
64000.0, 5.02292
64200.0, 5.025857
64400.0, 5.0287766
64600.0, 5.031678
64800.0, 5.034562
65000.0, 5.0374284
65200.0, 5.0402765
65400.0, 5.043108
65600.0, 5.0459213
65800.0, 5.048718
66000.0, 5.0514975
66200.0, 5.0542607
66400.0, 5.0570054
66600.0, 5.059735
66800.0, 5.0624475
67000.0, 5.0651426
67200.0, 5.0678215
67400.0, 5.070483
67600.0, 5.07313
67800.0, 5.0757604
68000.0, 5.0783734
68200.0, 5.080972
68400.0, 5.0835533
68600.0, 5.086119
68800.0, 5.0886693
69000.0, 5.091204
69200.0, 5.0937233
69400.0, 5.0962276
69600.0, 5.098715
69800.0, 5.101188
70000.0, 5.1036463
70200.0, 5.1060886
70400.0, 5.108516
70600.0, 5.110929
70800.0, 5.1133275
71000.0, 5.11571
71200.0, 5.118078
71400.0, 5.1204324
71600.0, 5.1227717
71800.0, 5.1250963
72000.0, 5.1274066
72200.0, 5.129703
72400.0, 5.1319847
72600.0, 5.134253
72800.0, 5.1365066
73000.0, 5.1387467
73200.0, 5.1409736
73400.0, 5.1431856
73600.0, 5.145384
73800.0, 5.147569
74000.0, 5.14974
74200.0, 5.1518984
74400.0, 5.1540422
74600.0, 5.1561728
74800.0, 5.158291
75000.0, 5.160396
75200.0, 5.1624875
75400.0, 5.1645665
75600.0, 5.1666317
75800.0, 5.1686845
76000.0, 5.1707244
76200.0, 5.172753
76400.0, 5.1747665
76600.0, 5.176769
76800.0, 5.178758
77000.0, 5.180735
77200.0, 5.182699
77400.0, 5.184652
77600.0, 5.1865916
77800.0, 5.188519
78000.0, 5.190435
78200.0, 5.1923385
78400.0, 5.1942296
78600.0, 5.196109
78800.0, 5.1979775
79000.0, 5.1998334
79200.0, 5.2016773
79400.0, 5.2035103
79600.0, 5.2053313
79800.0, 5.2071404
80000.0, 5.208938
80200.0, 5.210725
80400.0, 5.2124996
80600.0, 5.2142634
80800.0, 5.2160163
81000.0, 5.217757
81200.0, 5.2194877
81400.0, 5.221207
81600.0, 5.2229156
81800.0, 5.2246127
82000.0, 5.226299
82200.0, 5.227975
82400.0, 5.2296395
82600.0, 5.2312937
82800.0, 5.2329373
83000.0, 5.2345705
83200.0, 5.236192
83400.0, 5.2378044
83600.0, 5.239406
83800.0, 5.2409964
84000.0, 5.242578
84200.0, 5.2441483
84400.0, 5.245708
84600.0, 5.247258
84800.0, 5.248799
85000.0, 5.250328
85200.0, 5.251848
85400.0, 5.2533584
85600.0, 5.2548575
85800.0, 5.2563486
86000.0, 5.2578287
86200.0, 5.259299
86400.0, 5.260761
86600.0, 5.262212
86800.0, 5.2636533
87000.0, 5.2650857
87200.0, 5.2665086
87400.0, 5.2679224
87600.0, 5.2693257
87800.0, 5.2707205
88000.0, 5.2721057
88200.0, 5.2734814
88400.0, 5.2748485
88600.0, 5.276207
88800.0, 5.2775545
89000.0, 5.278894
89200.0, 5.2802243
89400.0, 5.281546
89600.0, 5.2828593
89800.0, 5.2841625
90000.0, 5.2854576
90200.0, 5.286744
90400.0, 5.288021
90600.0, 5.28929
90800.0, 5.2905493
91000.0, 5.291801
91200.0, 5.293044
91400.0, 5.294278
91600.0, 5.295504
91800.0, 5.2967215
92000.0, 5.2979302
92200.0, 5.29913
92400.0, 5.3003225
92600.0, 5.301507
92800.0, 5.3026824
93000.0, 5.30385
93200.0, 5.3050094
93400.0, 5.306161
93600.0, 5.307304
93800.0, 5.308439
94000.0, 5.3095665
94200.0, 5.310686
94400.0, 5.311797
94600.0, 5.3129015
94800.0, 5.313997
95000.0, 5.3150854
95200.0, 5.3161645
95400.0, 5.3172374
95600.0, 5.3183017
95800.0, 5.319359
96000.0, 5.320408
96200.0, 5.3214507
96400.0, 5.322486
96600.0, 5.323512
96800.0, 5.3245316
97000.0, 5.3255444
97200.0, 5.326548
97400.0, 5.327546
97600.0, 5.328536
97800.0, 5.329519
98000.0, 5.330495
98200.0, 5.3314624
98400.0, 5.332423
98600.0, 5.3333774
98800.0, 5.3343244
99000.0, 5.335264
99200.0, 5.3361983
99400.0, 5.3371234
99600.0, 5.3380427
99800.0, 5.3389544
100000.0, 5.339859
